'JAN24-JANDA24-Weekday-30',25200,61400,4,'',0,3400,4,'',0,7000,4,'',0,3500,4,'',0,7100,4,'',0,3500,4,'',0
'JAN24-REDDA24-Weekday-15',25200,61400,4,'',0,3400,4,'',0,7000,4,'',0,3600,4,'',0,7000,4,'',0,3500,4,'',0
'JAN24-SNOW24-Weekday-25',25200,61400,4,'',0,10400,4,'',0,10600,4,'',0,3500,4,'',0
'JAN24-JANDA24-Weekday-30',25600,62100,4,'',0,3000,4,'',0,7300,4,'',0,2200,4,'',0,7000,4,'',0,2400,4,'',0,7000,4,'',0
'JAN24-REDDA24-Weekday-15',25600,62100,4,'',0,3000,4,'',0,7300,4,'',0,2200,4,'',0,7000,4,'',0,2300,4,'',0,7100,4,'',0
'JAN24-SNOW24-Weekday-25',25600,62100,4,'',0,10300,4,'',0,9200,4,'',0,9400,4,'',0
'JAN24-JANDA24-Weekday-30',25700,60600,4,'',0,2300,4,'',0,1500,4,'',0,6100,4,'',0,1900,4,'',0,1000,4,'',0,1800,4,'',0,6000,4,'',0,1000,4,'',0,1900,4,'',0,1600,4,'',0
'JAN24-REDDA24-Weekday-15',25700,60600,4,'',0,2300,4,'',0,1500,4,'',0,6100,4,'',0,1900,4,'',0,1000,4,'',0,1800,4,'',0,6000,4,'',0,1000,4,'',0,1900,4,'',0,1600,4,'',0
'JAN24-SNOW24-Weekday-25',25700,60600,4,'',0,3800,4,'',0,6900,4,'',0,3400,4,'',0,6600,4,'',0,2800,4,'',0,1600,4,'',0
'JAN24-JANDA24-Weekday-30',26100,62300,4,'',0,8800,4,'',0,2800,4,'',0,9300,4,'',0
'JAN24-REDDA24-Weekday-15',26100,62300,4,'',0,8800,4,'',0,2800,4,'',0,9300,4,'',0
'JAN24-SNOW24-Weekday-25',26100,62300,4,'',0,8800,4,'',0,2800,4,'',0,9300,4,'',0
'JAN24-JANDA24-Weekday-30',26200,61600,4,'',0,3000,4,'',0,6900,4,'',0,2900,4,'',0,6700,4,'',0,2800,4,'',0
'JAN24-REDDA24-Weekday-15',26200,61600,4,'',0,3000,4,'',0,6900,4,'',0,2900,4,'',0,6700,4,'',0,2800,4,'',0
'JAN24-SNOW24-Weekday-25',26200,61600,4,'',0,9900,4,'',0,9600,4,'',0,2800,4,'',0
'JAN24-JANDA24-Weekday-30',26300,64700,4,'',0,11000,4,'',0,9700,4,'',0
'JAN24-REDDA24-Weekday-15',26300,64700,4,'',0,11000,4,'',0,9700,4,'',0
'JAN24-SNOW24-Weekday-25',26300,64700,4,'',0,11000,4,'',0,9700,4,'',0
'JAN24-JANDA24-Weekday-30',26400,60900,4,'',0,10400,4,'',0,4500,4,'',0,14200,4,'',0
'JAN24-REDDA24-Weekday-15',26400,60900,4,'',0,10400,4,'',0,4500,4,'',0,14200,4,'',0
'JAN24-SNOW24-Weekday-25',26400,60900,4,'',0,10400,4,'',0,4500,4,'',0,14200,4,'',0
'JAN24-JANDA24-Weekday-30',26500,63500,4,'',0,9000,4,'',0,10600,4,'',0
'JAN24-REDDA24-Weekday-15',26500,63500,4,'',0,9000,4,'',0,10600,4,'',0
'JAN24-SNOW24-Weekday-25',26500,63500,4,'',0,9000,4,'',0,10600,4,'',0
'JAN24-JANDA24-Weekday-30',26700,63200,4,'',0,7000,4,'',0,2900,4,'',0,2500,4,'',0,6400,4,'',0,2100,4,'',0,7000,4,'',0
'JAN24-REDDA24-Weekday-15',26700,63200,4,'',0,7000,4,'',0,2900,4,'',0,2500,4,'',0,6400,4,'',0,2100,4,'',0,7000,4,'',0
'JAN24-SNOW24-Weekday-25',26700,63200,4,'',0,9900,4,'',0,8900,4,'',0,9100,4,'',0
'JAN24-JANDA24-Weekday-30',26800,64200,4,'',0,7300,4,'',0,3500,4,'',0,7400,4,'',0,2900,4,'',0,7000,4,'',0
'JAN24-REDDA24-Weekday-15',26800,64200,4,'',0,7300,4,'',0,3500,4,'',0,7400,4,'',0,2900,4,'',0,7000,4,'',0
'JAN24-SNOW24-Weekday-25',26800,64200,4,'',0,10800,4,'',0,10300,4,'',0,7000,4,'',0
'JAN24-JANDA24-Weekday-30',27000,63500,4,'',0,10000,4,'',0,7400,4,'',0,9700,4,'',0
'JAN24-REDDA24-Weekday-15',27000,63500,4,'',0,10000,4,'',0,7400,4,'',0,9700,4,'',0
'JAN24-SNOW24-Weekday-25',27000,63500,4,'',0,10000,4,'',0,7400,4,'',0,9700,4,'',0
'JAN24-JANDA24-Weekday-30',27100,63500,4,'',0,7100,4,'',0,2700,4,'',0,2600,4,'',0,6600,4,'',0,2900,4,'',0
'JAN24-REDDA24-Weekday-15',27100,63500,4,'',0,7100,4,'',0,2700,4,'',0,2600,4,'',0,6600,4,'',0,2900,4,'',0
'JAN24-SNOW24-Weekday-25',27100,63500,4,'',0,9800,4,'',0,9200,4,'',0,2900,4,'',0
'JAN24-JANDA24-Weekday-30',27200,63400,4,'',0,7200,4,'',0,3300,4,'',0,6600,4,'',0,3000,4,'',0,6900,4,'',0
'JAN24-REDDA24-Weekday-15',27200,63400,4,'',0,7200,4,'',0,3300,4,'',0,6600,4,'',0,3000,4,'',0,6900,4,'',0
'JAN24-SNOW24-Weekday-25',27200,63400,4,'',0,10500,4,'',0,9600,4,'',0,6900,4,'',0
'JAN24-JANDA24-Weekday-30',27300,63600,4,'',0,7300,4,'',0,2800,4,'',0,6700,4,'',0,3000,4,'',0,6800,4,'',0
'JAN24-REDDA24-Weekday-15',27300,63600,4,'',0,7300,4,'',0,2800,4,'',0,6700,4,'',0,3000,4,'',0,6800,4,'',0
'JAN24-SNOW24-Weekday-25',27300,63600,4,'',0,10100,4,'',0,9700,4,'',0,6800,4,'',0
'JAN24-JANDA24-Weekday-30',27700,63600,4,'',0,7000,4,'',0,2400,4,'',0,2900,4,'',0,6900,4,'',0,2800,4,'',0,6500,4,'',0
'JAN24-REDDA24-Weekday-15',27700,63600,4,'',0,7000,4,'',0,2400,4,'',0,2900,4,'',0,6900,4,'',0,2900,4,'',0,6300,4,'',0
'JAN24-SNOW24-Weekday-25',27700,63600,4,'',0,9400,4,'',0,9800,4,'',0,9200,4,'',0
'JAN24-JANDA24-Weekday-30',27800,63000,4,'',0,7000,4,'',0,3200,4,'',0,2600,4,'',0,6800,4,'',0,2800,4,'',0,6700,4,'',0
'JAN24-REDDA24-Weekday-15',27800,63000,4,'',0,7000,4,'',0,3200,4,'',0,2600,4,'',0,6800,4,'',0,2800,4,'',0,6700,4,'',0
'JAN24-SNOW24-Weekday-25',27800,63000,4,'',0,10200,4,'',0,9400,4,'',0,9500,4,'',0
'JAN24-JANDA24-Weekday-30',28300,62600,4,'',0,10500,4,'',0,7600,4,'',0
'JAN24-REDDA24-Weekday-15',28300,62600,4,'',0,10500,4,'',0,7600,4,'',0
'JAN24-SNOW24-Weekday-25',28300,62600,4,'',0,10500,4,'',0,7600,4,'',0
