'SEPT23-SEP0823-Weekday-41',7501,53500,4,'',0,7500,4,'',0,3300,4,'',0,6900,4,'',0,2900,4,'',0,7900,4,'',0,2900,4,'',0,6900,4,'',0,2900,4,'',0,5400,4,'',0,1500,4,'',0,1500,4,'',0,1500,4,'',0,5500,4,'',0,1500,4,'',0,1500,4,'',0,1500,4,'',0,5500,4,'',0,1500,4,'',0,1500,4,'',0,1400,4,'',0,5600,4,'',0,1500,4,'',0,1500,4,'',0,1500,4,'',0,5600,4,'',0,1500,4,'',0,1500,4,'',0,1500,4,'',0,5500,4,'',0,1800,4,'',0,1700,4,'',0,1100,4,'',0,5400,4,'',0,1400,4,'',0,1700,4,'',0,1600,4,'',0,5300,4,'',0,600,4,'',0,500,4,'',0,1300,4,'',0,1800,4,'',0,1300,4,'',0,6200,4,'',0,1500,4,'',0,1600,4,'',0,5500,4,'',0,1500,4,'',0,1900,4,'',0,7100,4,'',0,2800,4,'',0,7000,4,'',0,3000,4,'',0,7000,4,'',0,3000,4,'',0,7500,4,'',0,3100,4,'',0
'SEPT23-SEPDA23-Weekday-40',7501,53500,4,'',0,7500,4,'',0,10200,4,'',0,2900,4,'',0,7900,4,'',0,2900,4,'',0,6900,4,'',0,2900,4,'',0,5400,4,'',0,1500,4,'',0,1500,4,'',0,1500,4,'',0,5500,4,'',0,1500,4,'',0,1500,4,'',0,1500,4,'',0,5500,4,'',0,1500,4,'',0,1500,4,'',0,1400,4,'',0,5600,4,'',0,1500,4,'',0,1500,4,'',0,1500,4,'',0,5600,4,'',0,1500,4,'',0,1500,4,'',0,1500,4,'',0,5500,4,'',0,1800,4,'',0,1700,4,'',0,1100,4,'',0,5400,4,'',0,1400,4,'',0,1700,4,'',0,1600,4,'',0,5300,4,'',0,600,4,'',0,500,4,'',0,1300,4,'',0,1800,4,'',0,1300,4,'',0,6200,4,'',0,1500,4,'',0,1600,4,'',0,5500,4,'',0,1500,4,'',0,1900,4,'',0,7100,4,'',0,2800,4,'',0,7000,4,'',0,3000,4,'',0,7000,4,'',0,3000,4,'',0,7500,4,'',0,3100,4,'',0
'SEPT23-SEPDA23-Weekday-67',7501,53500,4,'',0,7500,4,'',0,10200,4,'',0,2900,4,'',0,7900,4,'',0,2900,4,'',0,6900,4,'',0,2900,4,'',0,5400,4,'',0,1500,4,'',0,1500,4,'',0,1500,4,'',0,5500,4,'',0,1500,4,'',0,1500,4,'',0,1500,4,'',0,5500,4,'',0,1500,4,'',0,1500,4,'',0,1400,4,'',0,5600,4,'',0,1500,4,'',0,1500,4,'',0,1500,4,'',0,5600,4,'',0,1500,4,'',0,1500,4,'',0,1500,4,'',0,5500,4,'',0,1800,4,'',0,1700,4,'',0,1100,4,'',0,5400,4,'',0,1400,4,'',0,1700,4,'',0,1600,4,'',0,5300,4,'',0,600,4,'',0,500,4,'',0,1300,4,'',0,1800,4,'',0,1300,4,'',0,6200,4,'',0,1500,4,'',0,1600,4,'',0,5500,4,'',0,1500,4,'',0,1900,4,'',0,7100,4,'',0,2800,4,'',0,7000,4,'',0,3000,4,'',0,7000,4,'',0,3000,4,'',0,7500,4,'',0,3100,4,'',0
'SEPT23-SEPSA23-Saturday-40',7501,65300,4,'',0,9200,4,'',0,8500,4,'',0,7000,4,'',0,3000,4,'',0,7000,4,'',0,3000,4,'',0,7100,4,'',0,3000,4,'',0,7000,4,'',0,3000,4,'',0,1500,4,'',0,5500,4,'',0,1500,4,'',0,1500,4,'',0,7000,4,'',0,3000,4,'',0,7000,4,'',0,3000,4,'',0,1500,4,'',0,5500,4,'',0,1500,4,'',0,1500,4,'',0,7000,4,'',0,3000,4,'',0,7000,4,'',0,3000,4,'',0,6900,4,'',0,3000,4,'',0,7000,4,'',0,3000,4,'',0,7000,4,'',0,3000,4,'',0,7000,4,'',0,3000,4,'',0
'SEPT23-SEPSU23-Sunday-39',7501,72700,4,'',0,10000,4,'',0,10000,4,'',0,3000,4,'',0,7000,4,'',0,3100,4,'',0,7000,4,'',0,3000,4,'',0,7000,4,'',0,3000,4,'',0,7000,4,'',0,3000,4,'',0,7000,4,'',0,3000,4,'',0,7000,4,'',0,3000,4,'',0,7000,4,'',0,3000,4,'',0,7000,4,'',0,3000,4,'',0,7000,4,'',0,2900,4,'',0,7000,4,'',0
'SEPT23-SEP0823-Weekday-41',67101,155500,,'',0,4500,,'',0
'SEPT23-SEPDA23-Weekday-40',67101,155500,,'',0,4500,,'',0
'SEPT23-SEPDA23-Weekday-67',67101,155500,,'',0,4500,,'',0
'SEPT23-SEP0823-Weekday-41',67501,162700,4,'',0
'SEPT23-SEPDA23-Weekday-40',67501,162700,4,'',0
'SEPT23-SEPDA23-Weekday-67',67501,162700,4,'',0
'SEPT23-SEP0823-Weekday-41',68301,162500,,'',0,300,,'',0,300,,'',0
'SEPT23-SEPDA23-Weekday-40',68301,162500,,'',0,300,,'',0,300,,'',0
'SEPT23-SEPDA23-Weekday-67',68301,162500,,'',0,300,,'',0,300,,'',0
