'JAN23-JANDA23-Weekday-31',3400,54500,,'',0,6800,,'',0,3300,,'',0,1200,,'',0,6800,,'',0,100,,'',0,3000,,'',0,7000,,'',0,3000,,'',0,6200,,'',0,3200,,'',0,7000,,'',0,2900,,'',0,7000,,'',0,3100,,'',0,7000,,'',0,3000,,'',0,6900,,'',0,3000,,'',0,7000,,'',0,3000,,'',0,7200,,'',0,2800,,'',0,7400,,'',0,2800,,'',0,6700,,'',0,3300,,'',0,7000,,'',0,2600,,'',0,7000,,'',0,3200,,'',0,7000,,'',0,3000,,'',0,7000,,'',0,2900,,'',0
'JAN23-JANDA23-Weekday-31',3401,61300,4,'',0,4500,4,'',0,6900,4,'',0,3000,4,'',0,7000,4,'',0,3000,4,'',0,6200,4,'',0,3200,4,'',0,7000,4,'',0,2900,4,'',0,7000,4,'',0,3100,4,'',0,7000,4,'',0,3000,4,'',0,6900,4,'',0,3000,4,'',0,7000,4,'',0,2000,,'',0,1000,4,'',0,6700,4,'',0,500,4,'',0,2800,4,'',0,7400,4,'',0,2800,4,'',0,6700,4,'',0,3300,4,'',0,7000,4,'',0,2600,4,'',0,7000,4,'',0,3200,4,'',0,7000,4,'',0,3000,4,'',0,7000,4,'',0,2900,4,'',0,7500,,'',0
'JAN23-JANSA23-Saturday-10',3400,64900,,'',0,7000,,'',0,3000,,'',0,7000,,'',0,3000,,'',0,7000,,'',0,3000,,'',0,7000,,'',0,3000,,'',0,7000,,'',0,3000,,'',0,7000,,'',0,3000,,'',0,7000,,'',0,3000,,'',0,7000,,'',0,3000,,'',0,7000,,'',0,3000,,'',0,7000,,'',0,3000,,'',0,7000,,'',0,3000,,'',0,7000,,'',0,3000,,'',0,7000,,'',0,3500,,'',0
'JAN23-JANSA23-Saturday-10',3401,64900,4,'',0,7000,4,'',0,3000,4,'',0,7000,4,'',0,3000,4,'',0,7000,4,'',0,3000,4,'',0,7000,4,'',0,3000,4,'',0,7000,4,'',0,3000,4,'',0,7000,4,'',0,3000,4,'',0,7000,4,'',0,3000,4,'',0,7000,4,'',0,3000,4,'',0,7000,4,'',0,3000,4,'',0,7000,4,'',0,3000,4,'',0,7000,4,'',0,3000,4,'',0,7000,4,'',0,2900,4,'',0,7000,4,'',0,3500,4,'',0
'JAN23-JANSU23-Sunday-10',3400,73600,,'',0,10000,,'',0,10000,,'',0,7000,,'',0,3000,,'',0,7000,,'',0,3000,,'',0,7000,,'',0,3000,,'',0,7000,,'',0,3000,,'',0,7000,,'',0,3000,,'',0,7000,,'',0,3000,,'',0,7000,,'',0,3000,,'',0,7000,,'',0,3000,,'',0,7000,,'',0,4000,,'',0
'JAN23-JANSU23-Sunday-10',3401,73600,4,'',0,10000,4,'',0,10000,4,'',0,7000,4,'',0,3000,4,'',0,7000,4,'',0,3000,4,'',0,7000,4,'',0,3000,4,'',0,7000,4,'',0,3000,4,'',0,7000,4,'',0,3000,4,'',0,7000,4,'',0,3000,4,'',0,7000,4,'',0,3000,4,'',0,7000,4,'',0,3000,4,'',0,7000,4,'',0,3900,4,'',0
'JAN23-NYEVE22-Saturday-01',3400,64900,,'',0,7000,,'',0,3000,,'',0,7000,,'',0,3000,,'',0,7000,,'',0,3000,,'',0,7000,,'',0,3000,,'',0,7000,,'',0,3000,,'',0,7000,,'',0,3000,,'',0,7000,,'',0,3000,,'',0,7000,,'',0,3000,,'',0,7000,,'',0,3000,,'',0,7000,,'',0,3000,,'',0,7000,,'',0,3000,,'',0,7000,,'',0,3000,,'',0,7000,,'',0,3500,,'',0
'JAN23-NYEVE22-Saturday-01',3401,64900,4,'',0,7000,4,'',0,3000,4,'',0,7000,4,'',0,3000,4,'',0,7000,4,'',0,3000,4,'',0,7000,4,'',0,3000,4,'',0,7000,4,'',0,3000,4,'',0,7000,4,'',0,3000,4,'',0,7000,4,'',0,3000,4,'',0,7000,4,'',0,3000,4,'',0,7000,4,'',0,3000,4,'',0,7000,4,'',0,3000,4,'',0,7000,4,'',0,3000,4,'',0,7000,4,'',0,2900,4,'',0,7000,4,'',0,3500,4,'',0
'JAN23-REDDA23-Weekday-22',3400,54500,,'',0,6800,,'',0,3300,,'',0,1200,,'',0,6900,,'',0,3000,,'',0,7000,,'',0,3000,,'',0,6200,,'',0,3200,,'',0,7000,,'',0,2900,,'',0,7000,,'',0,3100,,'',0,7000,,'',0,3000,,'',0,6900,,'',0,3000,,'',0,7000,,'',0,3000,,'',0,7200,,'',0,2800,,'',0,7400,,'',0,2800,,'',0,6700,,'',0,3300,,'',0,7000,,'',0,2600,,'',0,7000,,'',0,3200,,'',0,7000,,'',0,3000,,'',0,7000,,'',0,2900,,'',0
'JAN23-REDDA23-Weekday-22',3401,61300,4,'',0,4500,4,'',0,6900,4,'',0,3000,4,'',0,7000,4,'',0,3000,4,'',0,6200,4,'',0,3200,4,'',0,7000,4,'',0,2900,4,'',0,7000,4,'',0,3100,4,'',0,7000,4,'',0,3000,4,'',0,6900,4,'',0,3000,4,'',0,7000,4,'',0,3000,4,'',0,7200,4,'',0,2800,4,'',0,7400,4,'',0,2800,4,'',0,6700,4,'',0,3300,4,'',0,7000,4,'',0,2600,4,'',0,7000,4,'',0,3200,4,'',0,7000,4,'',0,3000,4,'',0,7000,4,'',0,2900,4,'',0,7500,,'',0
'JAN23-Snow Day-Saturday-03',3400,64900,,'',0,7000,,'',0,3000,,'',0,7000,,'',0,3000,,'',0,7000,,'',0,3000,,'',0,7000,,'',0,3000,,'',0,7000,,'',0,3000,,'',0,7000,,'',0,3000,,'',0,7000,,'',0,3000,,'',0,7000,,'',0,3000,,'',0,7000,,'',0,3000,,'',0,7000,,'',0,3000,,'',0,7000,,'',0,3000,,'',0,7000,,'',0,3000,,'',0,7000,,'',0,3500,,'',0
'JAN23-Snow Day-Saturday-03',3401,64900,4,'',0,7000,4,'',0,3000,4,'',0,7000,4,'',0,3000,4,'',0,7000,4,'',0,3000,4,'',0,7000,4,'',0,3000,4,'',0,7000,4,'',0,3000,4,'',0,7000,4,'',0,3000,4,'',0,7000,4,'',0,3000,4,'',0,7000,4,'',0,3000,4,'',0,7000,4,'',0,3000,4,'',0,7000,4,'',0,3000,4,'',0,7000,4,'',0,3000,4,'',0,7000,4,'',0,2900,4,'',0,7000,4,'',0,3500,4,'',0
'JAN23-JANDA23-Weekday-31',22800,60700,,'',0,3500,,'',0,7400,,'',0
'JAN23-REDDA23-Weekday-22',22800,61200,,'',0,3500,,'',0,7400,,'',0
'JAN23-Snow Day-Saturday-03',22800,61200,,'',0,10800,,'',0
'JAN23-JANDA23-Weekday-31',61200,72000,,'',0,10600,,'',0,300,,'',0
'JAN23-JANDA23-Weekday-31',61201,144700,,'',0,11200,,'',0
'JAN23-JANDA23-Weekday-31',62200,75900,,'',0,6600,,'',0
'JAN23-JANDA23-Weekday-31',62201,153100,,'',0,7000,,'',0
'JAN23-JANDA23-Weekday-31',63400,73200,,'',0
'JAN23-JANDA23-Weekday-31',63401,143200,,'',0
'JAN23-JANDA23-Weekday-31',64100,80800,,'',0
'JAN23-JANDA23-Weekday-31',64101,152300,,'',0
