'14-1',9201,62410,,'',0,3000,,'',0,7090,,'',0,2200,,'',0,7900,,'',0,2940,,'',0,10110,0,'Walkley',0,10000,0,'Walkley',0,10000,0,'Walkley',0,10100,0,'Walkley',0,10000,0,'Walkley',0,10000,0,'Walkley',0,6100,0,'Walkley',0,23960,0,'Walkley',0,10000,0,'Walkley',0,9590,0,'Walkley',0,10000,0,'Walkley',0,10000,0,'Walkley',0,9900,0,'Walkley',0
'2-1',9201,62410,,'',0,3000,,'',0,7090,,'',0,2200,,'',0,7900,,'',0,2940,,'',0,10110,0,'Walkley',0,10000,0,'Walkley',0,10000,0,'Walkley',0,10100,0,'Walkley',0,10000,0,'Walkley',0,10000,0,'Walkley',0,6100,0,'Walkley',0,23960,0,'Walkley',0,10000,0,'Walkley',0,9590,0,'Walkley',0,10000,0,'Walkley',0,10000,0,'Walkley',0,9900,0,'Walkley',0
'3-1',9201,62410,,'',0,3000,,'',0,7090,,'',0,2200,,'',0,7900,,'',0,2940,,'',0,10110,0,'Walkley',0,10000,0,'Walkley',0,10000,0,'Walkley',0,10100,0,'Walkley',0,10000,0,'Walkley',0,10000,0,'Walkley',0,6100,0,'Walkley',0,23960,0,'Walkley',0,10000,0,'Walkley',0,9590,0,'Walkley',0,10000,0,'Walkley',0,10000,0,'Walkley',0,9900,0,'Walkley',0
'6-1',9201,62410,,'',0,3000,,'',0,7090,,'',0,2200,,'',0,7900,,'',0,2940,,'',0,10110,0,'Walkley',0,10000,0,'Walkley',0,10000,0,'Walkley',0,10100,0,'Walkley',0,10000,0,'Walkley',0,10000,0,'Walkley',0,6100,0,'Walkley',0,23960,0,'Walkley',0,10000,0,'Walkley',0,9590,0,'Walkley',0,10000,0,'Walkley',0,10000,0,'Walkley',0,9900,0,'Walkley',0
'7-1',9201,62410,,'',0,3000,,'',0,7090,,'',0,2200,,'',0,7900,,'',0,2940,,'',0,10110,0,'Walkley',0,10000,0,'Walkley',0,10000,0,'Walkley',0,10100,0,'Walkley',0,10000,0,'Walkley',0,10000,0,'Walkley',0,6100,0,'Walkley',0,23960,0,'Walkley',0,10000,0,'Walkley',0,9590,0,'Walkley',0,10000,0,'Walkley',0,10000,0,'Walkley',0,9900,0,'Walkley',0
'8-1',9201,62410,,'',0,3000,,'',0,7090,,'',0,2200,,'',0,7900,,'',0,2940,,'',0,10110,0,'Walkley',0,10000,0,'Walkley',0,10000,0,'Walkley',0,10100,0,'Walkley',0,10000,0,'Walkley',0,10000,0,'Walkley',0,6100,0,'Walkley',0,23960,0,'Walkley',0,10000,0,'Walkley',0,9590,0,'Walkley',0,10000,0,'Walkley',0,10000,0,'Walkley',0,9900,0,'Walkley',0
'9-1',9201,62410,,'',0,3000,,'',0,7090,,'',0,2200,,'',0,7900,,'',0,2940,,'',0,10110,0,'Walkley',0,10000,0,'Walkley',0,10000,0,'Walkley',0,10100,0,'Walkley',0,10000,0,'Walkley',0,10000,0,'Walkley',0,6100,0,'Walkley',0,23960,0,'Walkley',0,10000,0,'Walkley',0,9590,0,'Walkley',0,10000,0,'Walkley',0,10000,0,'Walkley',0,9900,0,'Walkley',0
'14-1',64000,83620,,'',0
'2-1',64000,83620,,'',0
'3-1',64000,83620,,'',0
'6-1',64000,83620,,'',0
'7-1',64000,83620,,'',0
'8-1',64000,83620,,'',0
'9-1',64000,83620,,'',0
