8000,'APR26DA-Weekday-40-1',610,,307069,41,,,0,15,,307070,41,0,19 20,0,15,,307071,41,,,0,18,,307072,41,0,19 20,0,58,,307073,41,,,0,15,,307074,41,0,19 20,0,16,,307130,41,,,0,55,,307075,41,0,19 20,0,17,,307076,41,,,0,17,,307077,41,0,19 20,0,14,,307078,41,,,0,54,,307079,41,0,19 20,0,16,,307080,41,,,0,17,,307081,41,0,19 20,0,16,,307082,41,,,0,56,,307083,41,0,19 20,0,15,,307084,41,,,0,14,,307085,41,0,19 20,0,14,,307086,41,,,0,54,,307087,41,0,19 20,0,14,,307088,41,,,0,15,,307089,41,0,19 20,0,15,,307090,41,,,0,55,,307091,41,0,19 20,0,15,,307092,41,,,0,15,,307093,41,0,19 20,0,16,,307132,41,,,0,56,,307094,41,0,19 20,0,15,,307095,41,,,0,14,,307096,41,0,19 20,0,14,,307097,41,,,0,55,,307098,41,0,19 20,0,15,,307099,41,,,0,15,,307100,41,0,19 20,0,7,,307128,11,,,0,8,,307101,41,,,0,53,,307102,41,0,19 20,0,17,,307103,41,,,0,16,,307133,41,0,19 20,0,16,,307104,41,,,0,62,,307105,41,0,19 20,0,17,,307106,41,,,0,16,,307131,41,0,19 20,0,54,,307107,41,,,0,13,,307108,41,0,19 20,0,18,,307109,41,,,0,7,,307129,41,0,19 20,0,15,,307110,41,,,0,52,,307111,41,0,19 20,0,16,,307112,41,,,0,13,,307113,41,0,19 20,0,16,,307114,41,,,0,69,,307115,41,,,0,30,,307117,41,,,0,70,,307118,41,,,0,30,,307119,41,,,0,70,,307120,41,,,0,30,,307121,41,,,0,70,,307122,41,,,0,30,,307123,41,,,0,70,,307124,41,,,0,24,,307125,41,,,0,69,,307126,41,,,0,30,,307116,41,,,0
8000,'APR26SAT-Saturday-21-1',624,,307134,41,,,0,101,,307135,41,,,0,77,,307136,41,,,0,31,,307137,41,,,0,70,,307138,41,,,0,30,,307139,41,,,0,71,,307140,41,,,0,30,,307141,41,,,0,71,,307142,41,,,0,31,,307143,41,,,0,70,,307144,41,,,0,32,,307145,41,,,0,70,,307146,41,,,0,31,,307147,41,,,0,70,,307148,41,,,0,30,,307149,41,,,0,70,,307150,41,,,0,30,,307151,41,,,0,69,,307152,41,,,0,30,,307153,41,,,0,69,,307154,41,,,0,30,,307155,41,,,0,69,,307156,41,,,0,30,,307157,41,,,0,68,,307158,41,,,0,28,,307159,41,,,0,71,,307160,41,,,0,28,,307161,41,,,0,25,,307162,41,,,0,70,,307163,41,,,0,30,,307164,41,,,0,70,,307165,41,,,0,29,,307166,41,,,0,70,,307167,41,,,0,30,,307168,41,,,0,70,,307169,41,,,0
8000,'APR26SUN-Sunday-16-1',733,,307170,41,,,0,103,,307171,41,,,0,100,,307172,41,,,0,102,,307173,41,,,0,70,,307174,41,,,0,31,,307175,41,,,0,70,,307176,41,,,0,32,,307177,41,,,0,70,,307178,41,,,0,31,,307179,41,,,0,70,,307180,41,,,0,30,,307181,41,,,0,70,,307182,41,,,0,30,,307183,41,,,0,69,,307184,41,,,0,30,,307185,41,,,0,69,,307186,41,,,0,99,,307187,41,,,0,98,,307188,41,,,0,99,,307189,41,,,0,98,,307190,41,,,0,100,,307191,41,,,0,104,,307192,41,,,0
11701,'APR26DA-Weekday-40-1',1555,,310783,19,,,0,68,,310784,19,,,0,30,,310787,19,,,0,70,,310785,19,,,0,29,,310786,19,,,0
18701,'APR26DA-Weekday-40-1',1454,,311828,14,,,0,104,,311829,14,,,0,68,,311830,14,,,0,32,,311831,14,,,0,68,,311832,14,,,0,81,,311833,14,,,0
61701,'APR26DA-Weekday-40-1',1533,,312236,14,,,0
67000,'APR26DA-Weekday-40-1',736,,312381,23,,,0
68001,'APR26DA-Weekday-40-1',1434,,312439,12,,,0,7,,312440,12,,,0
68700,'APR26DA-Weekday-40-1',727,,312466,23,,,0
68701,'APR26DA-Weekday-40-1',1443,,312467,12,,,0
