3101,'APR26DA-Weekday-40-1',633,,300670,50,,,1,80,,300651,50,,,1,29,,300652,50,,,1,70,,300653,50,,,1,33,,300654,50,,,1,67,,300655,50,,,1,25,,300671,50,,,1,70,,300656,50,,,1,30,,300657,50,,,1,70,,300673,50,,,1,30,,300683,50,,,1,70,,300658,50,,,1,31,,300672,50,,,1,70,,300669,50,,,1,30,,300659,50,,,1,70,,300681,50,,,1,30,,300668,50,,,1,74,,300660,50,,,1,33,,300682,50,,,1,70,,300663,50,,,1,31,,300685,50,,,1,69,,300678,50,,,1,29,,300666,50,,,1,70,,300665,50,,,1,27,,300679,50,,,1,66,,300676,50,,,1,27,,300674,50,,,1,70,,300680,50,,,1,28,,300664,50,,,1,70,,300684,50,,,1,29,,300677,50,,,1,70,,300667,50,,,1,23,,300675,50,,,1
3101,'APR26SAT-Saturday-21-1',707,,300686,50,,,1,30,,300687,50,,,1,70,,300688,50,,,1,30,,300689,50,,,1,72,,300690,50,,,1,30,,300691,50,,,1,70,,300692,50,,,1,30,,300693,50,,,1,72,,300694,50,,,1,30,,300695,50,,,1,70,,300696,50,,,1,39,,300697,50,,,1,62,,300698,50,,,1,30,,300699,50,,,1,70,,300700,50,,,1,30,,300701,50,,,1,70,,300702,50,,,1,30,,300703,50,,,1,78,,300704,50,,,1,22,,300705,50,,,1,70,,300706,50,,,1,30,,300707,50,,,1,70,,300708,50,,,1,27,,300709,50,,,1,70,,300710,50,,,1,30,,300711,50,,,1,70,,300712,50,,,1,28,,300713,50,,,1,70,,300714,50,,,1,30,,300718,50,,,1,70,,300715,50,,,1,30,,300719,50,,,1,70,,300717,50,,,1,100,,300716,50,,,1
3101,'APR26SUN-Sunday-16-1',842,,300720,50,,,1,102,,300721,50,,,1,100,,300722,50,,,1,72,,300723,50,,,1,30,,300724,50,,,1,70,,300725,50,,,1,31,,300726,50,,,1,70,,300727,50,,,1,30,,300728,50,,,1,70,,300729,50,,,1,30,,300730,50,,,1,70,,300731,50,,,1,30,,300732,50,,,1,70,,300733,50,,,1,30,,300734,50,,,1,70,,300735,50,,,1,30,,300736,50,,,1,70,,300737,50,,,1,27,,300738,50,,,1,70,,300739,50,,,1,30,,300740,50,,,1,98,,300741,50,,,1,100,,300742,50,,,1,100,,300743,50,,,1,100,,300744,50,,,1
3200,'APR26DA-Weekday-40-1',603,,300745,32,,,1,30,,300746,32,,,1,68,,300747,32,,,1,30,,300749,32,,,1,70,,300748,32,,,1,30,,300752,32,,,1,24,,300750,32,,,1,582,,300751,32,,,1
3901,'APR26DA-Weekday-40-1',2338,,301914,15,0,73,1,70,,301926,15,0,73,1,30,,301912,15,0,73,1,72,,301925,15,0,73,1,30,,301959,15,0,73,1,75,,301949,43,0,73,1,33,,301908,43,0,73,1,70,,301915,43,0,73,1,30,,301924,43,0,73,1
3901,'APR26SAT-Saturday-21-1',2423,,302037,15,0,27 28,1,30,,302038,15,0,27 28,1,70,,302039,15,0,27 28,1,30,,302040,15,0,27 28,1,70,,302041,15,0,27 28,1,84,,301969,43,0,27 28,1,31,,301970,43,0,27 28,1
3901,'APR26SUN-Sunday-16-1',2425,,302052,43,0,27 28,1,30,,302053,43,0,27 28,1,70,,302054,43,0,27 28,1,30,,302055,43,0,27 28,1,70,,302056,43,0,27 28,1,30,,302057,43,0,27 28,1,70,,302058,43,0,27 28,1
13800,'APR26DA-Weekday-40-1',623,,310793,21,,,1,30,,310802,21,,,1,72,,310797,21,,,1,30,,310803,21,,,1,70,,310807,21,,,1,28,,310804,21,,,1,70,,310798,21,,,1,95,,310799,21,,,1,100,,310794,21,,,1,100,,310795,21,,,1,100,,310810,21,,,1,100,,310811,21,,,1,107,,310801,24,,,1,30,,310800,24,,,1,70,,310788,24,,,1,30,,310789,24,,,1,70,,310790,24,,,1,30,,310791,24,,,1,70,,310792,21,,,1,99,,310808,21,,,1,96,,310809,21,,,1,95,,310805,21,,,1,100,,310806,21,,,1,100,,310796,21,,,1
13800,'APR26SAT-Saturday-21-1',734,,310812,21,,,1,100,,310813,21,,,1,100,,310814,21,,,1,102,,310815,21,,,1,100,,310816,21,,,1,101,,310817,21,,,1,100,,310818,21,,,1,100,,310819,21,,,1,100,,310820,21,,,1,100,,310821,21,,,1,100,,310822,21,,,1,100,,310823,21,,,1,100,,310824,21,,,1,100,,310825,21,,,1,98,,310826,21,,,1,100,,310827,21,,,1
13800,'APR26SUN-Sunday-16-1',916,,310828,21,,,1,120,,310829,21,,,1,100,,310830,21,,,1,101,,310831,21,,,1,100,,310832,21,,,1,100,,310833,21,,,1,100,,310834,21,,,1,100,,310835,21,,,1,100,,310836,21,,,1,103,,310837,21,,,1,97,,310838,21,,,1,100,,310839,21,,,1
63401,'APR26DA-Weekday-40-1',1458,,312273,42,,,1
67801,'APR26DA-Weekday-40-1',1523,,312426,27,,,1
