6201,'APR26DA-Weekday-40-1',603,,305256,18,,,1,28,,305219,18,,,1,26,,305220,17,,,1,70,,305221,17,,,1,30,,305222,17,,,1,73,,305223,17,,,1,29,,305224,17,,,1,71,,305225,17,,,1,28,,305226,17,,,1,70,,305227,17,,,1,30,,305228,17,,,1,70,,305229,17,,,1,25,,305248,17,,,1,70,,305235,17,,,1,30,,305239,17,,,1,71,,305250,17,,,1,30,,305233,17,,,1,70,,305240,17,,,1,30,,305249,17,,,1,69,,305231,17,,,1,31,,305241,17,,,1,71,,305253,17,,,1,30,,305254,17,,,1,68,,305242,17,,,1,29,,305237,17,,,1,70,,305238,17,,,1,30,,305243,17,,,1,70,,305232,17,,,1,33,,305230,17,,,1,70,,305244,17,,,1,30,,305252,17,,,1,70,,305234,17,,,1,30,,305245,17,,,1,69,,305236,17,,,1,28,,305251,17,,,1,70,,305246,17,,,1,78,,305255,18,,,1,35,,305247,18,,,1
6201,'APR26SAT-Saturday-21-1',737,,305257,17,,,1,70,,305258,17,,,1,30,,305259,17,,,1,70,,305260,17,,,1,30,,305261,17,,,1,70,,305262,17,,,1,30,,305263,17,,,1,70,,305264,17,,,1,30,,305265,17,,,1,70,,305266,17,,,1,30,,305267,17,,,1,70,,305268,17,,,1,30,,305269,17,,,1,70,,305270,17,,,1,30,,305271,17,,,1,70,,305272,17,,,1,30,,305273,17,,,1,70,,305274,17,,,1,30,,305275,17,,,1,70,,305276,17,,,1,30,,305277,17,,,1,70,,305278,17,,,1,30,,305279,17,,,1,70,,305280,17,,,1,30,,305281,17,,,1,70,,305282,17,,,1,28,,305283,17,,,1,70,,305284,17,,,1,30,,305285,17,,,1,70,,305286,17,,,1,30,,305287,17,,,1,70,,305288,17,,,1
6201,'APR26SUN-Sunday-16-1',820,,305289,17,,,1,31,,305290,17,,,1,70,,305291,17,,,1,30,,305292,17,,,1,70,,305293,17,,,1,31,,305294,17,,,1,70,,305295,17,,,1,30,,305296,17,,,1,70,,305297,17,,,1,30,,305298,17,,,1,70,,305299,17,,,1,30,,305300,17,,,1,70,,305301,17,,,1,30,,305302,17,,,1,70,,305303,17,,,1,30,,305304,17,,,1,70,,305305,17,,,1,30,,305306,17,,,1,70,,305307,17,,,1,30,,305308,17,,,1,70,,305309,17,,,1,30,,305310,17,,,1,70,,305311,17,,,1,30,,305312,17,,,1,70,,305313,17,,,1,28,,305314,17,,,1,70,,305315,17,,,1,30,,305316,17,,,1,70,,305317,17,,,1,30,,305318,17,,,1
16100,'APR26DA-Weekday-40-1',533,,310930,7,,,1,71,,310931,7,,,1,15,,310932,7,,,1,30,,310933,7,,,1,70,,310934,7,,,1,28,,310935,7,,,1,72,,310936,7,,,1,30,,310937,7,,,1,70,,310960,7,,,1,30,,310938,7,,,1,70,,310939,7,,,1,30,,310940,7,,,1,70,,310941,7,,,1,30,,310942,7,,,1,70,,310943,7,,,1,30,,310944,7,,,1,70,,310945,7,,,1,30,,310946,7,,,1,70,,310965,7,,,1,30,,310947,7,,,1,55,,310962,9,,,1,10,,310963,9,,,1,38,,310948,7,,,1,68,,310949,7,,,1,30,,310964,7,,,1,70,,310950,7,,,1,30,,310951,7,,,1,69,,310961,7,,,1,30,,310959,7,,,1,70,,310952,7,,,1,30,,310953,7,,,1,69,,310954,7,,,1,30,,310955,7,,,1,70,,310956,7,,,1,30,,310957,7,,,1,100,,310958,7,,,1
16100,'APR26SAT-Saturday-21-1',704,,310966,7,,,1,100,,310967,7,,,1,100,,310968,7,,,1,100,,310969,7,,,1,100,,310970,7,,,1,100,,310971,7,,,1,100,,310972,7,,,1,100,,310973,7,,,1,100,,310974,7,,,1,100,,310975,7,,,1,100,,310976,7,,,1,100,,310977,7,,,1,100,,310978,7,,,1,100,,310979,7,,,1,100,,310980,7,,,1,100,,310981,7,,,1
16100,'APR26SUN-Sunday-16-1',709,,310982,7,,,1,100,,310983,7,,,1,100,,310984,7,,,1,100,,310985,7,,,1,100,,310986,7,,,1,100,,310987,7,,,1,100,,310988,7,,,1,100,,310989,7,,,1,100,,310990,7,,,1,100,,310991,7,,,1,100,,310992,7,,,1,100,,310993,7,,,1,100,,310994,7,,,1,100,,310995,7,,,1,100,,310996,7,,,1,100,,310997,7,,,1,100,,310998,7,,,1
16200,'APR26DA-Weekday-40-1',1537,,311091,9,,,1
16801,'APR26DA-Weekday-40-1',601,,311534,57,0,9 10,1,47,,311535,57,0,9 10,1,73,,311536,57,0,9 10,1,30,,311537,57,0,9 10,1,69,,311538,57,0,9 10,1,29,,311539,57,0,9 10,1,70,,311540,57,0,9 10,1,30,,311541,57,0,9 10,1,69,,311542,57,0,9 10,1,29,,311543,57,0,9 10,1,71,,311544,57,0,9 10,1,30,,311545,57,0,9 10,1,70,,311546,57,0,9 10,1,30,,311547,57,0,9 10,1,70,,311548,57,0,9 10,1,30,,311549,57,0,9 10,1,70,,311550,57,0,9 10,1,33,,311551,57,0,9 10,1,70,,311552,57,0,9 10,1,37,,311553,57,0,9 10,1,75,,311554,57,0,9 10,1,72,,311555,57,0,9 10,1,27,,311556,57,0,9 10,1,68,,311557,57,0,9 10,1,28,,311558,57,0,9 10,1,26,,311559,57,0,9 10,1,65,,311560,57,0,9 10,1,28,,311561,57,0,9 10,1,69,,311562,57,0,9 10,1,28,,311563,57,0,9 10,1,67,,311564,57,0,9 10,1,28,,311565,57,0,9 10,1,68,,311566,57,0,9 10,1,32,,311567,57,0,9 10,1,100,,311568,57,0,9 10,1,116,,311569,57,0,9 10,1
16801,'APR26SAT-Saturday-21-1',650,,311571,57,0,9 10,1,150,,311572,57,0,9 10,1,100,,311573,57,0,9 10,1,30,,311574,57,0,9 10,1,70,,311575,57,0,9 10,1,30,,311576,57,0,9 10,1,74,,311577,57,0,9 10,1,30,,311578,57,0,9 10,1,70,,311579,57,0,9 10,1,30,,311580,57,0,9 10,1,73,,311581,57,0,9 10,1,30,,311582,57,0,9 10,1,70,,311583,57,0,9 10,1,30,,311584,57,0,9 10,1,70,,311585,57,0,9 10,1,30,,311586,57,0,9 10,1,70,,311587,57,0,9 10,1,30,,311588,57,0,9 10,1,70,,311589,57,0,9 10,1,30,,311590,57,0,9 10,1,70,,311591,57,0,9 10,1,30,,311592,57,0,9 10,1,69,,311593,57,0,9 10,1,30,,311594,57,0,9 10,1,70,,311595,57,0,9 10,1,30,,311596,57,0,9 10,1,68,,311597,57,0,9 10,1,30,,311598,57,0,9 10,1,70,,311599,57,0,9 10,1,30,,311600,57,0,9 10,1,67,,311601,57,0,9 10,1,100,,311602,57,0,9 10,1
16801,'APR26SUN-Sunday-16-1',655,,311603,57,0,9 10,1,100,,311604,57,0,9 10,1,100,,311605,57,0,9 10,1,72,,311606,57,0,9 10,1,30,,311607,57,0,9 10,1,70,,311608,57,0,9 10,1,74,,311609,57,0,9 10,1,30,,311610,57,0,9 10,1,70,,311611,57,0,9 10,1,30,,311612,57,0,9 10,1,73,,311613,57,0,9 10,1,30,,311614,57,0,9 10,1,70,,311615,57,0,9 10,1,30,,311616,57,0,9 10,1,70,,311617,57,0,9 10,1,30,,311618,57,0,9 10,1,70,,311619,57,0,9 10,1,30,,311620,57,0,9 10,1,70,,311621,57,0,9 10,1,30,,311622,57,0,9 10,1,70,,311623,57,0,9 10,1,30,,311624,57,0,9 10,1,69,,311625,57,0,9 10,1,30,,311626,57,0,9 10,1,70,,311627,57,0,9 10,1,98,,311628,57,0,9 10,1,58,,311629,57,0,9 10,1,97,,311630,57,0,9 10,1,100,,311631,57,0,9 10,1
68801,'APR26DA-Weekday-40-1',1515,,312472,60,0,9 10,1
