11100,'APR26DA-Weekday-40-1',1430,,310238,5,0,86 87,0,10,,310237,5,0,86 87,0
11200,'APR26DA-Weekday-40-1',504,,310454,17,,,0,102,,310455,17,,,0,30,,310456,17,,,0,71,,310457,17,,,0,30,,310458,17,,,0,70,,310459,17,,,0,34,,310460,17,,,0,69,,310461,17,,,0,28,,310462,17,,,0,70,,310463,17,,,0,30,,310464,17,,,0,70,,310465,17,,,0,30,,310466,17,,,0,70,,310467,17,,,0,30,,310468,17,,,0,70,,310469,17,,,0,30,,310470,17,,,0,70,,310471,17,,,0,29,,310472,17,,,0,72,,310473,17,,,0,32,,310474,17,,,0,69,,310475,17,,,0,29,,310476,17,,,0,70,,310477,17,,,0,30,,310478,17,,,0,70,,310479,17,,,0,30,,310480,17,,,0,70,,310481,17,,,0,29,,310482,17,,,0,70,,310483,17,,,0,30,,310484,17,,,0,70,,310485,17,,,0,29,,310486,17,,,0,70,,310487,17,,,0,99,,310488,17,,,0
11200,'APR26SAT-Saturday-21-1',615,,310489,17,,,0,100,,310490,17,,,0,100,,310491,17,,,0,30,,310492,17,,,0,71,,310493,17,,,0,30,,310494,17,,,0,70,,310495,17,,,0,30,,310496,17,,,0,71,,310497,17,,,0,30,,310498,17,,,0,70,,310499,17,,,0,30,,310500,17,,,0,70,,310501,17,,,0,30,,310502,17,,,0,70,,310503,17,,,0,30,,310504,17,,,0,70,,310505,17,,,0,30,,310506,17,,,0,70,,310507,17,,,0,30,,310508,17,,,0,69,,310509,17,,,0,30,,310510,17,,,0,70,,310511,17,,,0,30,,310512,17,,,0,70,,310513,17,,,0,30,,310514,17,,,0,70,,310515,17,,,0,30,,310516,17,,,0,70,,310517,17,,,0,30,,310518,17,,,0,69,,310519,17,,,0,100,,310520,17,,,0,100,,310521,17,,,0
11200,'APR26SUN-Sunday-16-1',704,,310522,17,,,0,100,,310523,17,,,0,100,,310524,17,,,0,31,,310525,17,,,0,70,,310526,17,,,0,30,,310527,17,,,0,70,,310528,17,,,0,31,,310529,17,,,0,70,,310530,17,,,0,30,,310531,17,,,0,70,,310532,17,,,0,30,,310533,17,,,0,70,,310534,17,,,0,30,,310535,17,,,0,70,,310536,17,,,0,30,,310537,17,,,0,70,,310538,17,,,0,30,,310539,17,,,0,70,,310540,17,,,0,29,,310541,17,,,0,70,,310542,17,,,0,30,,310543,17,,,0,70,,310544,17,,,0,30,,310545,17,,,0,70,,310546,17,,,0,30,,310547,17,,,0,70,,310548,17,,,0,30,,310549,17,,,0,99,,310550,17,,,0,70,,310551,17,,,0
18901,'APR26DA-Weekday-40-1',514,,311898,17,,,0,43,,311899,17,,,0,72,,311934,17,,,0,30,,311900,17,,,0,70,,311935,17,,,0,76,,311901,17,,,0,30,,311936,17,,,0,69,,311902,17,,,0,25,,311903,17,,,0,30,,311904,17,,,0,70,,311905,17,,,0,72,,311906,17,,,0,30,,311907,17,,,0,69,,311908,17,,,0,30,,311909,17,,,0,70,,311910,17,,,0,30,,311911,17,,,0,70,,311912,17,,,0,33,,311913,17,,,0,72,,311914,17,,,0,32,,311915,17,,,0,70,,311916,17,,,0,30,,311917,17,,,0,70,,311918,17,,,0,30,,311919,17,,,0,70,,311920,17,,,0,28,,311921,17,,,0,65,,311922,17,,,0,30,,311923,17,,,0,70,,311924,17,,,0,30,,311925,17,,,0,70,,311926,17,,,0,30,,311927,17,,,0,70,,311928,17,,,0,29,,311929,17,,,0,30,,311930,17,,,0,70,,311931,17,,,0,25,,311933,17,,,0,95,,311932,17,,,0
18901,'APR26SAT-Saturday-21-1',640,,311949,17,,,0,100,,311937,17,,,0,100,,311938,17,,,0,100,,311939,17,,,0,100,,311940,17,,,0,100,,311941,17,,,0,100,,311942,17,,,0,100,,311943,17,,,0,100,,311944,17,,,0,100,,311945,17,,,0,100,,311946,17,,,0,100,,311947,17,,,0,100,,311948,17,,,0
18901,'APR26SUN-Sunday-16-1',640,,311963,17,,,0,100,,311950,17,,,0,100,,311951,17,,,0,100,,311952,17,,,0,100,,311953,17,,,0,100,,311954,17,,,0,100,,311955,17,,,0,100,,311956,17,,,0,100,,311957,17,,,0,100,,311958,17,,,0,100,,311959,17,,,0,100,,311960,17,,,0,100,,311961,17,,,0,100,,311962,17,,,0
61000,'APR26DA-Weekday-40-1',752,,312220,17,,,0
61700,'APR26DA-Weekday-40-1',841,,312235,45,,,0
69100,'APR26DA-Weekday-40-1',840,,312481,45,,,0
