501,'APR26DA-Weekday-40-1',1440,,296617,3,,,0
1001,'APR26DA-Weekday-40-1',638,,298117,46,,,0,79,,298069,46,,,0,32,,298070,46,,,0,68,,298071,46,,,0,36,,298072,46,,,0,71,,298073,46,,,0,27,,298074,46,,,0,68,,298075,46,,,0,30,,298076,46,,,0,70,,298077,46,,,0,30,,298078,46,,,0,70,,298079,46,,,0,30,,298080,46,,,0,70,,298081,46,,,0,31,,298082,46,,,0,71,,298083,46,,,0,32,,298084,46,,,0,73,,298085,46,,,0,30,,298086,46,,,0,70,,298119,46,,,0,31,,298087,46,,,0,71,,298088,46,,,0,73,,298120,46,,,0,27,,298089,46,,,0,79,,298090,46,,,0,97,,298091,46,,,0,30,,298092,46,,,0,70,,298093,46,,,0,98,,298094,46,,,0,30,,298121,46,,,0,26,,298095,46,,,0,67,,298122,46,,,0,27,,298096,46,,,0
1001,'APR26SAT-Saturday-21-1',920,,298132,46,,,0,30,,298133,46,,,0,70,,298134,46,,,0,35,,298135,46,,,0,70,,298136,46,,,0,30,,298137,46,,,0,70,,298138,46,,,0,31,,298139,46,,,0,70,,298140,46,,,0,30,,298141,46,,,0,70,,298142,46,,,0,30,,298143,46,,,0,70,,298144,46,,,0,30,,298145,46,,,0,70,,298146,46,,,0,30,,298147,46,,,0,70,,298148,46,,,0,30,,298149,46,,,0,70,,298150,46,,,0,29,,298151,46,,,0,70,,298152,46,,,0,30,,298153,46,,,0,70,,298154,46,,,0,26,,298155,46,,,0,70,,298156,46,,,0,30,,298157,46,,,0,70,,298158,46,,,0,29,,298159,46,,,0,70,,298160,46,,,0
1001,'APR26SUN-Sunday-16-1',852,,298170,46,,,0,70,,298171,46,,,0,30,,298172,46,,,0,70,,298173,46,,,0,35,,298174,46,,,0,70,,298175,46,,,0,30,,298176,46,,,0,70,,298177,46,,,0,31,,298178,46,,,0,70,,298179,46,,,0,30,,298180,46,,,0,70,,298181,46,,,0,30,,298182,46,,,0,70,,298183,46,,,0,30,,298184,46,,,0,70,,298185,46,,,0,30,,298186,46,,,0,70,,298187,46,,,0,30,,298188,46,,,0,70,,298189,46,,,0,29,,298190,46,,,0
5601,'APR26DA-Weekday-40-1',623,,304335,14,,,0,32,,304290,14,,,0,69,,304292,14,,,0,14,,304293,14,,,0,19,,304294,14,,,0,49,,304311,14,0,74 75,0,8,,304327,14,,,0,15,,304295,14,,,0,15,,304296,14,,,0,12,,304334,14,,,0,70,,304336,14,,,0,30,,304299,14,,,0,73,,304330,14,,,0,428,,304298,14,,,0,70,,304339,14,,,0,14,,304331,14,,,0,74,,304301,14,,,0,28,,304303,14,,,0,70,,304305,14,,,0,28,,304306,14,,,0,70,,304308,14,,,0,15,,304297,14,,,0,14,,304309,14,,,0
5601,'APR26SAT-Saturday-21-1',557,,304340,14,,,0,100,,304342,14,,,0,144,,304344,14,,,0,99,,304346,14,,,0,100,,304348,14,,,0,100,,304350,14,,,0,100,,304352,14,,,0,100,,304354,14,,,0,101,,304356,14,,,0,100,,304358,14,,,0,100,,304360,14,,,0,100,,304362,14,,,0,100,,304364,14,,,0,100,,304366,14,,,0,100,,304368,14,,,0,100,,304370,14,,,0,99,,304372,14,,,0
5601,'APR26SUN-Sunday-16-1',713,,304376,14,,,0,101,,304378,14,,,0,100,,304380,14,,,0,100,,304382,14,,,0,100,,304384,14,,,0,100,,304386,14,,,0,100,,304388,14,,,0,100,,304390,14,,,0,100,,304392,14,,,0,100,,304394,14,,,0,100,,304396,14,,,0,99,,304398,14,,,0,100,,304400,14,,,0,100,,304402,14,,,0,100,,304404,14,,,0,45,,304405,14,,,0
8501,'APR26DA-Weekday-40-1',446,,307868,6,,,0,70,,307869,6,,,0,30,,307870,6,,,0,70,,307871,6,,,0,15,,307872,6,,,0,15,,307873,6,,,0,55,,307874,6,,,0,15,,307875,6,,,0,15,,307876,6,,,0,16,,307877,6,,,0,55,,307878,6,,,0,15,,307879,6,,,0,16,,307880,6,,,0,14,,307934,6,,,0,56,,307881,6,,,0,13,,307882,6,,,0,15,,307883,6,,,0,15,,307884,6,,,0,55,,307885,6,,,0,15,,307886,6,,,0,15,,307887,6,,,0,15,,307888,6,,,0,55,,307889,6,,,0,15,,307890,6,,,0,15,,307891,6,,,0,15,,307892,6,,,0,55,,307893,6,,,0,15,,307894,6,,,0,15,,307895,6,,,0,15,,307896,6,,,0,55,,307897,6,,,0,15,,307898,6,,,0,15,,307899,6,,,0,15,,307900,6,,,0,55,,307901,6,,,0,13,,307902,6,,,0,15,,307903,6,,,0,16,,307904,6,,,0,1,,307929,3,,,0,55,,307905,6,,,0,15,,307906,6,,,0,15,,307907,6,,,0,16,,307933,6,,,0,55,,307935,6,,,0,15,,307908,6,,,0,16,,307909,6,,,0,70,,307910,6,,,0,16,,307911,6,,,0,13,,307912,6,,,0,15,,307913,6,,,0,55,,307914,6,,,0,29,,307915,6,,,0,71,,307916,6,,,0,32,,307917,6,,,0,69,,307918,6,,,0,29,,307919,6,,,0,69,,307920,6,,,0,29,,307921,6,,,0,70,,307922,6,,,0,29,,307923,6,,,0,30,,307924,6,,,0,70,,307925,6,,,0,30,,307926,6,,,0,70,,307927,6,,,0,72,,307928,6,,,0
8501,'APR26SAT-Saturday-21-1',508,,307936,6,,,0,32,,307937,6,,,0,70,,307938,6,,,0,30,,307939,6,,,0,70,,307940,6,,,0,30,,307941,6,,,0,70,,307942,6,,,0,30,,307943,6,,,0,70,,307944,6,,,0,30,,307945,6,,,0,15,,307946,6,,,0,55,,307947,6,,,0,15,,307948,6,,,0,15,,307949,6,,,0,15,,307950,6,,,0,55,,307951,6,,,0,15,,307952,6,,,0,15,,307953,6,,,0,15,,307954,6,,,0,55,,307955,6,,,0,15,,307956,6,,,0,15,,307957,6,,,0,15,,307958,6,,,0,55,,307959,6,,,0,15,,307960,6,,,0,15,,307961,6,,,0,15,,307962,6,,,0,55,,307963,6,,,0,15,,307964,6,,,0,15,,307965,6,,,0,15,,307966,6,,,0,55,,307967,6,,,0,15,,307968,6,,,0,15,,307969,6,,,0,15,,307970,6,,,0,54,,307971,6,,,0,15,,307972,6,,,0,15,,307973,6,,,0,15,,307974,6,,,0,54,,307975,6,,,0,16,,307976,6,,,0,15,,307977,6,,,0,15,,307978,6,,,0,55,,307979,6,,,0,24,,307980,6,,,0,71,,307981,6,,,0,30,,307982,6,,,0,70,,307983,6,,,0,30,,307984,6,,,0,70,,307985,6,,,0,30,,307986,6,,,0,70,,307987,6,,,0,30,,307988,6,,,0,70,,307989,6,,,0,30,,307990,6,,,0,70,,307991,6,,,0,30,,307992,6,,,0,70,,307993,6,,,0,30,,307994,6,,,0
8501,'APR26SUN-Sunday-16-1',647,,307995,6,,,0,70,,307996,6,,,0,30,,307997,6,,,0,70,,307998,6,,,0,30,,307999,6,,,0,72,,308000,6,,,0,30,,308001,6,,,0,70,,308002,6,,,0,30,,308003,6,,,0,70,,308004,6,,,0,23,,308005,6,,,0,60,,308006,6,,,0,20,,308037,6,,,0,20,,308007,6,,,0,60,,308008,6,,,0,15,,308038,6,,,0,15,,308009,6,,,0,15,,308010,6,,,0,55,,308011,6,,,0,15,,308036,6,,,0,15,,308012,6,,,0,15,,308013,6,,,0,55,,308014,6,,,0,15,,308040,6,,,0,15,,308015,6,,,0,15,,308016,6,,,0,55,,308017,6,,,0,15,,308039,6,,,0,16,,308018,6,,,0,17,,308019,6,,,0,58,,308020,6,,,0,23,,308021,6,,,0,71,,308022,6,,,0,30,,308023,6,,,0,70,,308024,6,,,0,30,,308025,6,,,0,70,,308026,6,,,0,30,,308027,6,,,0,70,,308028,6,,,0,30,,308029,6,,,0,70,,308030,6,,,0,30,,308031,6,,,0,70,,308032,6,,,0,30,,308033,6,,,0,70,,308034,6,,,0,30,,308035,6,,,0
10501,'APR26DA-Weekday-40-1',350,,309940,23,0,66 67,0,68,,309941,23,0,66 67,0,30,,309975,23,0,66 67,0,2089,,309978,23,0,66 67,0,72,,309972,23,0,66 67,0,33,,309982,23,0,66 67,0,70,,309973,23,0,66 67,0
10501,'APR26SAT-Saturday-21-1',401,,310031,23,0,66 67,0,25,,310032,23,0,66 67,0,30,,310033,23,0,66 67,0,70,,310034,23,0,66 67,0,30,,310035,23,0,66 67,0,2067,,310028,23,0,66 67,0,30,,310029,23,0,66 67,0,70,,310030,23,0,66 67,0
10501,'APR26SUN-Sunday-16-1',348,,310067,23,0,66 67,0,70,,310068,23,0,66 67,0,30,,310069,23,0,66 67,0,70,,310070,23,0,66 67,0,30,,310071,23,0,66 67,0,70,,310072,23,0,66 67,0,30,,310073,23,0,66 67,0,70,,310074,23,0,66 67,0,30,,310075,23,0,66 67,0,1575,,310076,23,0,66 67,0,30,,310077,23,0,66 67,0,70,,310078,23,0,66 67,0,30,,310079,23,0,66 67,0,70,,310080,23,0,66 67,0,30,,310081,23,0,66 67,0,70,,310082,23,0,66 67,0,30,,310083,23,0,66 67,0,70,,310084,23,0,66 67,0
60601,'APR26DA-Weekday-40-1',755,,312214,30,,,0
