6301,'APR26DA-Weekday-40-1',537,,305430,33,,,1,70,,305431,33,,,1,15,,305432,33,,,1,15,,305433,33,,,1,17,,305479,33,,,1,50,,305434,33,,,1,13,,305435,33,,,1,14,,305436,33,,,1,19,,305437,33,,,1,53,,305438,33,,,1,17,,305439,33,,,1,21,,305440,33,,,1,15,,305441,33,,,1,66,,305442,33,,,1,30,,305443,33,,,1,70,,305444,33,,,1,30,,305445,33,,,1,65,,305446,33,,,1,30,,305447,33,,,1,70,,305448,33,,,1,30,,305449,33,,,1,70,,305450,33,,,1,30,,305451,33,,,1,70,,305452,33,,,1,33,,305453,33,,,1,73,,305454,38,,,1,30,,305455,38,,,1,70,,305456,38,,,1,16,,305472,38,,,1,16,,305457,38,,,1,55,,305473,38,,,1,16,,305458,38,,,1,13,,305474,38,,,1,14,,305480,38,,,1,55,,305478,38,,,1,15,,305459,38,,,1,15,,305475,38,,,1,14,,305460,38,,,1,55,,305476,38,,,1,13,,305461,38,,,1,15,,305477,38,,,1,70,,305462,38,,,1,30,,305463,38,,,1,70,,305464,38,,,1,30,,305465,38,,,1,69,,305466,38,,,1,30,,305467,38,,,1,70,,305468,38,,,1,30,,305469,38,,,1,70,,305470,38,,,1,16,,305471,18,,,1
6301,'APR26SAT-Saturday-21-1',733,,305481,33,,,1,77,,305482,33,,,1,30,,305483,33,,,1,70,,305484,33,,,1,30,,305485,33,,,1,70,,305486,33,,,1,32,,305487,33,,,1,71,,305488,33,,,1,30,,305489,33,,,1,70,,305490,33,,,1,30,,305491,33,,,1,70,,305492,33,,,1,30,,305493,33,,,1,70,,305494,33,,,1,30,,305495,33,,,1,70,,305496,33,,,1,30,,305497,33,,,1,70,,305498,33,,,1,30,,305499,33,,,1,70,,305500,33,,,1,30,,305501,33,,,1,70,,305502,33,,,1,30,,305503,33,,,1,70,,305504,33,,,1,29,,305505,33,,,1,70,,305506,33,,,1,29,,305507,33,,,1,70,,305508,33,,,1,30,,305509,33,,,1,70,,305510,33,,,1,30,,305511,33,,,1,70,,305512,33,,,1,30,,305513,33,,,1,70,,305514,33,,,1
6301,'APR26SUN-Sunday-16-1',732,,305515,33,,,1,100,,305516,33,,,1,100,,305517,33,,,1,103,,305518,33,,,1,70,,305519,33,,,1,30,,305520,33,,,1,70,,305521,33,,,1,30,,305522,33,,,1,70,,305523,33,,,1,30,,305524,33,,,1,70,,305525,33,,,1,30,,305526,33,,,1,70,,305527,33,,,1,30,,305528,33,,,1,70,,305529,33,,,1,30,,305530,33,,,1,70,,305531,33,,,1,30,,305532,33,,,1,70,,305533,33,,,1,30,,305534,33,,,1,70,,305535,33,,,1,29,,305536,33,,,1,70,,305537,33,,,1,29,,305538,33,,,1,70,,305539,33,,,1,30,,305540,33,,,1,70,,305541,33,,,1,30,,305542,33,,,1,100,,305543,33,,,1
11001,'APR26DA-Weekday-40-1',545,,310128,40,0,35,1,73,,310158,40,0,35,1,31,,310129,40,0,35,1,70,,310130,40,0,35,1,30,,310131,40,0,35,1,72,,310132,40,0,35,1,31,,310133,40,0,35,1,70,,310134,40,0,35,1,27,,310135,40,0,35,1,66,,310136,40,0,35,1,30,,310159,40,0,35,1,74,,310137,40,0,35,1,30,,310138,40,0,35,1,70,,310139,40,0,35,1,28,,310140,40,0,35,1,70,,310141,40,0,35,1,30,,310157,40,0,35,1,100,,310142,40,0,35,1,70,,310143,40,0,35,1,40,,310144,40,0,35,1,71,,310160,40,0,35,1,30,,310145,40,0,35,1,66,,310146,40,0,35,1,30,,310147,40,0,35,1,70,,310148,40,0,35,1,27,,310149,40,0,35,1,67,,310150,40,0,35,1,23,,310151,40,0,35,1,70,,310152,40,0,35,1,30,,310153,40,0,35,1
11001,'APR26SAT-Saturday-21-1',620,,310161,41,0,35,1,30,,310162,41,0,35,1,1070,,310163,41,0,35,1,30,,310164,41,0,35,1
11001,'APR26SUN-Sunday-16-1',620,,310167,41,0,35,1,30,,310168,41,0,35,1,1070,,310169,41,0,35,1,30,,310170,41,0,35,1
16100,'APR26DA-Weekday-40-1',546,,310930,29,,,1,74,,310931,29,,,1,15,,310932,29,,,1,70,,310933,29,,,1,30,,310934,29,,,1,68,,310935,29,,,1,32,,310936,29,,,1,70,,310937,29,,,1,28,,310960,29,,,1,70,,310938,29,,,1,30,,310939,29,,,1,70,,310940,29,,,1,30,,310941,29,,,1,70,,310942,29,,,1,30,,310943,29,,,1,70,,310944,29,,,1,30,,310945,29,,,1,70,,310946,29,,,1,30,,310965,29,,,1,70,,310947,29,,,1,105,,310948,29,,,1,28,,310949,29,,,1,70,,310964,29,,,1,30,,310950,29,,,1,70,,310951,29,,,1,27,,310961,29,,,1,70,,310959,29,,,1,30,,310952,29,,,1,70,,310953,29,,,1,28,,310954,29,,,1,70,,310955,29,,,1,30,,310956,29,,,1,70,,310957,29,,,1,100,,310958,29,,,1
16100,'APR26SAT-Saturday-21-1',720,,310966,29,,,1,100,,310967,29,,,1,100,,310968,29,,,1,100,,310969,29,,,1,100,,310970,29,,,1,101,,310971,29,,,1,100,,310972,29,,,1,100,,310973,29,,,1,100,,310974,29,,,1,100,,310975,29,,,1,100,,310976,29,,,1,99,,310977,29,,,1,100,,310978,29,,,1,100,,310979,29,,,1,100,,310980,29,,,1,100,,310981,29,,,1
16100,'APR26SUN-Sunday-16-1',725,,310982,29,,,1,100,,310983,29,,,1,100,,310984,29,,,1,100,,310985,29,,,1,100,,310986,29,,,1,101,,310987,29,,,1,100,,310988,29,,,1,100,,310989,29,,,1,100,,310990,29,,,1,100,,310991,29,,,1,100,,310992,29,,,1,99,,310993,29,,,1,100,,310994,29,,,1,100,,310995,29,,,1,100,,310996,29,,,1,100,,310997,29,,,1,100,,310998,29,,,1
66000,'APR26DA-Weekday-40-1',811,,312326,29,,,1
66100,'APR26DA-Weekday-40-1',823,,312328,30,,,1
66300,'APR26DA-Weekday-40-1',815,,312332,34,,,1,2,,312334,34,,,1,3,,312336,34,,,1
66400,'APR26DA-Weekday-40-1',808,,312344,19,,,1,4,,312343,19,,,1,5,,312342,19,,,1
68800,'APR26DA-Weekday-40-1',709,,312468,14,,,1
