3000,'APR26DA-Weekday-40-1',522,,300361,21,0,29,1,83,,300362,21,0,29,1,16,,300363,21,0,29,1,16,,300364,21,0,29,1,16,,300365,21,0,29,1,55,,300366,21,0,29,1,16,,300367,21,0,29,1,13,,300368,21,0,29,1,17,,300369,21,0,29,1,54,,300370,21,0,29,1,15,,300371,21,0,29,1,16,,300372,21,0,29,1,70,,300373,21,0,29,1,27,,300374,21,0,29,1,69,,300375,21,0,29,1,28,,300376,21,0,29,1,70,,300377,21,0,29,1,30,,300378,21,0,29,1,70,,300379,21,0,29,1,30,,300380,21,0,29,1,70,,300381,21,0,29,1,31,,300382,21,0,29,1,72,,300383,21,0,29,1,31,,300384,21,0,29,1,72,,300385,21,0,29,1,31,,300386,21,0,29,1,13,,300403,22,0,26,1,56,,300387,21,0,29,1,30,,300388,21,0,29,1,70,,300389,21,0,29,1,30,,300390,21,0,29,1,70,,300391,21,0,29,1,30,,300392,21,0,29,1,69,,300393,21,0,29,1,31,,300394,21,0,29,1,71,,300395,21,0,29,1,30,,300396,21,0,29,1,71,,300397,21,0,29,1,30,,300398,21,0,29,1,96,,300399,21,0,29,1
3000,'APR26SAT-Saturday-21-1',733,,300404,21,0,29,1,100,,300405,21,0,29,1,70,,300406,21,0,29,1,30,,300407,21,0,29,1,70,,300408,21,0,29,1,31,,300409,21,0,29,1,70,,300410,21,0,29,1,30,,300411,21,0,29,1,70,,300412,21,0,29,1,30,,300413,21,0,29,1,70,,300414,21,0,29,1,30,,300415,21,0,29,1,70,,300416,21,0,29,1,30,,300417,21,0,29,1,70,,300418,21,0,29,1,30,,300419,21,0,29,1,70,,300420,21,0,29,1,31,,300421,21,0,29,1,70,,300422,21,0,29,1,30,,300423,21,0,29,1,70,,300424,21,0,29,1,28,,300425,21,0,29,1,69,,300426,21,0,29,1,30,,300427,21,0,29,1,70,,300428,21,0,29,1,30,,300429,21,0,29,1,70,,300430,21,0,29,1,30,,300431,21,0,29,1,100,,300432,21,0,29,1
3000,'APR26SUN-Sunday-16-1',732,,300433,21,0,29,1,100,,300434,21,0,29,1,100,,300435,21,0,29,1,101,,300436,21,0,29,1,70,,300437,21,0,29,1,30,,300438,21,0,29,1,70,,300439,21,0,29,1,30,,300440,21,0,29,1,70,,300441,21,0,29,1,30,,300442,21,0,29,1,70,,300443,21,0,29,1,30,,300444,21,0,29,1,70,,300445,21,0,29,1,30,,300446,21,0,29,1,70,,300447,21,0,29,1,31,,300448,21,0,29,1,70,,300449,21,0,29,1,30,,300450,21,0,29,1,70,,300451,21,0,29,1,28,,300452,21,0,29,1,70,,300453,21,0,29,1,30,,300454,21,0,29,1,70,,300455,21,0,29,1,30,,300456,21,0,29,1,70,,300457,21,0,29,1,30,,300458,21,0,29,1,70,,300459,21,0,29,1,56,,300460,21,0,29,1
3200,'APR26DA-Weekday-40-1',556,,300745,18,,,1,70,,300746,18,,,1,27,,300747,18,,,1,70,,300749,18,,,1,30,,300748,18,,,1,70,,300752,18,,,1,24,,300750,18,,,1,583,,300751,18,,,1
3600,'APR26DA-Weekday-40-1',502,,301291,4,,,1,100,,301286,4,,,1,30,,301287,4,,,1,70,,301310,4,,,1,30,,301289,4,,,1,71,,301299,4,,,1,29,,301315,4,,,1,27,,301311,4,,,1,70,,301304,4,,,1,30,,301316,4,,,1,70,,301302,4,,,1,30,,301309,4,,,1,70,,301317,4,,,1,30,,301303,4,,,1,70,,301307,4,,,1,30,,301318,4,,,1,70,,301301,4,,,1,30,,301308,4,,,1,72,,301298,4,,,1,70,,301320,4,,,1,30,,301306,4,,,1,72,,301300,4,,,1,30,,301293,4,,,1,70,,301305,4,,,1,28,,301319,4,,,1,70,,301292,4,,,1,30,,301288,4,,,1,70,,301290,4,,,1,28,,301314,4,,,1,30,,301297,4,,,1,70,,301312,4,,,1,30,,301295,4,,,1,70,,301313,4,,,1,29,,301294,4,,,1,97,,301296,4,,,1
3600,'APR26SAT-Saturday-21-1',730,,301321,4,,,1,101,,301322,4,,,1,70,,301323,4,,,1,30,,301324,4,,,1,70,,301325,4,,,1,30,,301326,4,,,1,70,,301327,4,,,1,30,,301328,4,,,1,70,,301329,4,,,1,30,,301330,4,,,1,70,,301331,4,,,1,30,,301332,4,,,1,70,,301333,4,,,1,30,,301334,4,,,1,70,,301335,4,,,1,30,,301336,4,,,1,70,,301337,4,,,1,30,,301338,4,,,1,70,,301339,4,,,1,30,,301340,4,,,1,70,,301341,4,,,1,30,,301342,4,,,1,70,,301343,4,,,1,30,,301344,4,,,1,70,,301345,4,,,1,30,,301346,4,,,1,70,,301347,4,,,1,30,,301348,4,,,1,99,,301349,4,,,1,100,,301350,4,,,1
3600,'APR26SUN-Sunday-16-1',735,,301351,4,,,1,101,,301352,4,,,1,100,,301353,4,,,1,70,,301354,4,,,1,30,,301355,4,,,1,70,,301356,4,,,1,30,,301357,4,,,1,70,,301358,4,,,1,30,,301359,4,,,1,70,,301360,4,,,1,30,,301361,4,,,1,70,,301362,4,,,1,30,,301363,4,,,1,70,,301364,4,,,1,30,,301365,4,,,1,70,,301366,4,,,1,30,,301367,4,,,1,70,,301368,4,,,1,30,,301369,4,,,1,70,,301370,4,,,1,30,,301371,4,,,1,70,,301372,4,,,1,100,,301373,4,,,1,100,,301374,4,,,1,99,,301375,4,,,1,100,,301376,4,,,1
61800,'APR26DA-Weekday-40-1',742,,312238,21,,,1,12,,312237,21,,,1
63000,'APR26DA-Weekday-40-1',827,,312264,21,,,1
63700,'APR26DA-Weekday-40-1',750,,312274,11,,,1
