'1-1',3401,73040,0,'Renaud',0,10000,0,'Renaud',0,9400,0,'Renaud',0,3000,0,'Renaud',0,7000,0,'Renaud',0,3000,0,'Renaud',0,7000,0,'Renaud',0,3000,0,'Renaud',0,7000,0,'Renaud',0,3000,0,'Renaud',0,7000,0,'Renaud',0,3000,0,'Renaud',0,7000,0,'Renaud',0,3000,0,'Renaud',0,7000,0,'Renaud',0,3000,0,'Renaud',0,7000,0,'Renaud',0,3000,0,'Renaud',0,7000,0,'Renaud',0,3000,0,'Renaud',0,8300,0,'Renaud',0
'10-1',3401,73040,0,'Renaud',0,10000,0,'Renaud',0,9400,0,'Renaud',0,3000,0,'Renaud',0,7000,0,'Renaud',0,3000,0,'Renaud',0,7000,0,'Renaud',0,3000,0,'Renaud',0,7000,0,'Renaud',0,3000,0,'Renaud',0,7000,0,'Renaud',0,3000,0,'Renaud',0,7000,0,'Renaud',0,3000,0,'Renaud',0,7000,0,'Renaud',0,3000,0,'Renaud',0,7000,0,'Renaud',0,3000,0,'Renaud',0,7000,0,'Renaud',0,3000,0,'Renaud',0,8300,0,'Renaud',0
'11-1',3401,73040,0,'Renaud',0,10000,0,'Renaud',0,9400,0,'Renaud',0,3000,0,'Renaud',0,7000,0,'Renaud',0,3000,0,'Renaud',0,7000,0,'Renaud',0,3000,0,'Renaud',0,7000,0,'Renaud',0,3000,0,'Renaud',0,7000,0,'Renaud',0,3000,0,'Renaud',0,7000,0,'Renaud',0,3000,0,'Renaud',0,7000,0,'Renaud',0,3000,0,'Renaud',0,7000,0,'Renaud',0,3000,0,'Renaud',0,7000,0,'Renaud',0,3000,0,'Renaud',0,8300,0,'Renaud',0
'12-1',3401,73040,0,'Renaud',0,10000,0,'Renaud',0,9400,0,'Renaud',0,3000,0,'Renaud',0,7000,0,'Renaud',0,3000,0,'Renaud',0,7000,0,'Renaud',0,3000,0,'Renaud',0,7000,0,'Renaud',0,3000,0,'Renaud',0,7000,0,'Renaud',0,3000,0,'Renaud',0,7000,0,'Renaud',0,3000,0,'Renaud',0,7000,0,'Renaud',0,3000,0,'Renaud',0,7000,0,'Renaud',0,3000,0,'Renaud',0,7000,0,'Renaud',0,3000,0,'Renaud',0,8300,0,'Renaud',0
'13-1',3401,64040,0,'Renaud',0,10000,0,'Renaud',0,10000,0,'Renaud',0,7000,0,'Renaud',0,3100,0,'Renaud',0,7000,0,'Renaud',0,3000,0,'Renaud',0,7000,0,'Renaud',0,3000,0,'Renaud',0,7000,0,'Renaud',0,3000,0,'Renaud',0,7000,0,'Renaud',0,3000,0,'Renaud',0,7000,0,'Renaud',0,3000,0,'Renaud',0,7000,0,'Renaud',0,3000,0,'Renaud',0,7000,0,'Renaud',0,3000,0,'Renaud',0,7000,0,'Renaud',0,3000,0,'Renaud',0,7000,0,'Renaud',0,2900,0,'Renaud',0,7000,0,'Renaud',0,3500,0,'Renaud',0
'14-1',3401,55840,0,'Renaud',0,7000,0,'Renaud',0,3000,0,'Renaud',0,7000,0,'Renaud',0,3000,0,'Renaud',0,7000,0,'Renaud',0,2900,0,'Renaud',0,7000,0,'Renaud',0,3000,0,'Renaud',0,7000,0,'Renaud',0,3000,0,'Renaud',0,7100,0,'Renaud',0,3000,0,'Renaud',0,7100,0,'Renaud',0,3000,0,'Renaud',0,7000,0,'Renaud',0,3000,0,'Renaud',0,7000,0,'Renaud',0,890,,'',0,2110,0,'Renaud',0,5500,,'',0,1500,0,'Renaud',0,3000,0,'Renaud',0,7000,0,'Renaud',0,3000,0,'Renaud',0,7000,0,'Renaud',0,3000,0,'Renaud',0,7000,0,'Renaud',0,3000,0,'Renaud',0,7000,0,'Renaud',0,2900,0,'Renaud',0,7000,0,'Renaud',0,3100,0,'Renaud',0,7000,0,'Renaud',0,7690,,'',0
'2-1',3401,55840,0,'Renaud',0,7000,0,'Renaud',0,3000,0,'Renaud',0,7000,0,'Renaud',0,3000,0,'Renaud',0,7000,0,'Renaud',0,2900,0,'Renaud',0,7000,0,'Renaud',0,3000,0,'Renaud',0,7000,0,'Renaud',0,3000,0,'Renaud',0,7100,0,'Renaud',0,3000,0,'Renaud',0,7100,0,'Renaud',0,3000,0,'Renaud',0,7000,0,'Renaud',0,3000,0,'Renaud',0,7000,0,'Renaud',0,890,,'',0,2110,0,'Renaud',0,5500,,'',0,1500,0,'Renaud',0,3000,0,'Renaud',0,7000,0,'Renaud',0,3000,0,'Renaud',0,7000,0,'Renaud',0,3000,0,'Renaud',0,7000,0,'Renaud',0,3000,0,'Renaud',0,7000,0,'Renaud',0,2900,0,'Renaud',0,7000,0,'Renaud',0,3100,0,'Renaud',0,7000,0,'Renaud',0,7690,,'',0
'3-1',3401,55840,0,'Renaud',0,7000,0,'Renaud',0,3000,0,'Renaud',0,7000,0,'Renaud',0,3000,0,'Renaud',0,7000,0,'Renaud',0,2900,0,'Renaud',0,7000,0,'Renaud',0,3000,0,'Renaud',0,7000,0,'Renaud',0,3000,0,'Renaud',0,7100,0,'Renaud',0,3000,0,'Renaud',0,7100,0,'Renaud',0,3000,0,'Renaud',0,7000,0,'Renaud',0,3000,0,'Renaud',0,7000,0,'Renaud',0,890,,'',0,2110,0,'Renaud',0,5500,,'',0,1500,0,'Renaud',0,3000,0,'Renaud',0,7000,0,'Renaud',0,3000,0,'Renaud',0,7000,0,'Renaud',0,3000,0,'Renaud',0,7000,0,'Renaud',0,3000,0,'Renaud',0,7000,0,'Renaud',0,2900,0,'Renaud',0,7000,0,'Renaud',0,3100,0,'Renaud',0,7000,0,'Renaud',0,7690,,'',0
'4-1',3401,64040,0,'Renaud',0,10000,0,'Renaud',0,10000,0,'Renaud',0,7000,0,'Renaud',0,3100,0,'Renaud',0,7000,0,'Renaud',0,3000,0,'Renaud',0,7000,0,'Renaud',0,3000,0,'Renaud',0,7000,0,'Renaud',0,3000,0,'Renaud',0,7000,0,'Renaud',0,3000,0,'Renaud',0,7000,0,'Renaud',0,3000,0,'Renaud',0,7000,0,'Renaud',0,3000,0,'Renaud',0,7000,0,'Renaud',0,3000,0,'Renaud',0,7000,0,'Renaud',0,3000,0,'Renaud',0,7000,0,'Renaud',0,2900,0,'Renaud',0,7000,0,'Renaud',0,3500,0,'Renaud',0
'5-1',3401,73040,0,'Renaud',0,10000,0,'Renaud',0,9400,0,'Renaud',0,3000,0,'Renaud',0,7000,0,'Renaud',0,3000,0,'Renaud',0,7000,0,'Renaud',0,3000,0,'Renaud',0,7000,0,'Renaud',0,3000,0,'Renaud',0,7000,0,'Renaud',0,3000,0,'Renaud',0,7000,0,'Renaud',0,3000,0,'Renaud',0,7000,0,'Renaud',0,3000,0,'Renaud',0,7000,0,'Renaud',0,3000,0,'Renaud',0,7000,0,'Renaud',0,3000,0,'Renaud',0,8300,0,'Renaud',0
'6-1',3401,55840,0,'Renaud',0,7000,0,'Renaud',0,3000,0,'Renaud',0,7000,0,'Renaud',0,3000,0,'Renaud',0,7000,0,'Renaud',0,2900,0,'Renaud',0,7000,0,'Renaud',0,3000,0,'Renaud',0,7000,0,'Renaud',0,3000,0,'Renaud',0,7100,0,'Renaud',0,3000,0,'Renaud',0,7100,0,'Renaud',0,3000,0,'Renaud',0,7000,0,'Renaud',0,3000,0,'Renaud',0,7000,0,'Renaud',0,890,,'',0,2110,0,'Renaud',0,5500,,'',0,1500,0,'Renaud',0,3000,0,'Renaud',0,7000,0,'Renaud',0,3000,0,'Renaud',0,7000,0,'Renaud',0,3000,0,'Renaud',0,7000,0,'Renaud',0,3000,0,'Renaud',0,7000,0,'Renaud',0,2900,0,'Renaud',0,7000,0,'Renaud',0,3100,0,'Renaud',0,7000,0,'Renaud',0,7690,,'',0
'7-1',3401,55840,0,'Renaud',0,7000,0,'Renaud',0,3000,0,'Renaud',0,7000,0,'Renaud',0,3000,0,'Renaud',0,7000,0,'Renaud',0,2900,0,'Renaud',0,7000,0,'Renaud',0,3000,0,'Renaud',0,7000,0,'Renaud',0,3000,0,'Renaud',0,7100,0,'Renaud',0,3000,0,'Renaud',0,7100,0,'Renaud',0,3000,0,'Renaud',0,7000,0,'Renaud',0,3000,0,'Renaud',0,7000,0,'Renaud',0,890,,'',0,2110,0,'Renaud',0,5500,,'',0,1500,0,'Renaud',0,3000,0,'Renaud',0,7000,0,'Renaud',0,3000,0,'Renaud',0,7000,0,'Renaud',0,3000,0,'Renaud',0,7000,0,'Renaud',0,3000,0,'Renaud',0,7000,0,'Renaud',0,2900,0,'Renaud',0,7000,0,'Renaud',0,3100,0,'Renaud',0,7000,0,'Renaud',0,7690,,'',0
'8-1',3401,55840,0,'Renaud',0,7000,0,'Renaud',0,3000,0,'Renaud',0,7000,0,'Renaud',0,3000,0,'Renaud',0,7000,0,'Renaud',0,2900,0,'Renaud',0,7000,0,'Renaud',0,3000,0,'Renaud',0,7000,0,'Renaud',0,3000,0,'Renaud',0,7100,0,'Renaud',0,3000,0,'Renaud',0,7100,0,'Renaud',0,3000,0,'Renaud',0,7000,0,'Renaud',0,3000,0,'Renaud',0,7000,0,'Renaud',0,890,,'',0,2110,0,'Renaud',0,5500,,'',0,1500,0,'Renaud',0,3000,0,'Renaud',0,7000,0,'Renaud',0,3000,0,'Renaud',0,7000,0,'Renaud',0,3000,0,'Renaud',0,7000,0,'Renaud',0,3000,0,'Renaud',0,7000,0,'Renaud',0,2900,0,'Renaud',0,7000,0,'Renaud',0,3100,0,'Renaud',0,7000,0,'Renaud',0,7690,,'',0
'9-1',3401,55840,0,'Renaud',0,7000,0,'Renaud',0,3000,0,'Renaud',0,7000,0,'Renaud',0,3000,0,'Renaud',0,7000,0,'Renaud',0,2900,0,'Renaud',0,7000,0,'Renaud',0,3000,0,'Renaud',0,7000,0,'Renaud',0,3000,0,'Renaud',0,7100,0,'Renaud',0,3000,0,'Renaud',0,7100,0,'Renaud',0,3000,0,'Renaud',0,7000,0,'Renaud',0,3000,0,'Renaud',0,7000,0,'Renaud',0,890,,'',0,2110,0,'Renaud',0,5500,,'',0,1500,0,'Renaud',0,3000,0,'Renaud',0,7000,0,'Renaud',0,3000,0,'Renaud',0,7000,0,'Renaud',0,3000,0,'Renaud',0,7000,0,'Renaud',0,3000,0,'Renaud',0,7000,0,'Renaud',0,2900,0,'Renaud',0,7000,0,'Renaud',0,3100,0,'Renaud',0,7000,0,'Renaud',0,7690,,'',0
'14-1',61201,144530,,'',0,10920,,'',0
'2-1',61201,144530,,'',0,10920,,'',0
'3-1',61201,144530,,'',0,10920,,'',0
'6-1',61201,144530,,'',0,10920,,'',0
'7-1',61201,144530,,'',0,10920,,'',0
'8-1',61201,144530,,'',0,10920,,'',0
'9-1',61201,144530,,'',0,10920,,'',0
'14-1',62201,153100,,'',0,8830,,'',0
'2-1',62201,153100,,'',0,8830,,'',0
'3-1',62201,153100,,'',0,8830,,'',0
'6-1',62201,153100,,'',0,8830,,'',0
'7-1',62201,153100,,'',0,8830,,'',0
'8-1',62201,153100,,'',0,8830,,'',0
'9-1',62201,153100,,'',0,8830,,'',0
'14-1',63400,72440,,'',0
'2-1',63400,72440,,'',0
'3-1',63400,72440,,'',0
'6-1',63400,72440,,'',0
'7-1',63400,72440,,'',0
'8-1',63400,72440,,'',0
'9-1',63400,72440,,'',0
'14-1',64101,152130,,'',0
'2-1',64101,152130,,'',0
'3-1',64101,152130,,'',0
'6-1',64101,152130,,'',0
'7-1',64101,152130,,'',0
'8-1',64101,152130,,'',0
'9-1',64101,152130,,'',0
