1201,'APR26DA-Weekday-40-1',638,,298677,59,0,15 16,1,63,,298720,59,0,15 16,1,17,,298678,59,0,15 16,1,16,,298679,59,0,15 16,1,17,,298680,59,0,15 16,1,57,,298681,59,0,15 16,1,19,,298724,59,0,15 16,1,16,,298682,59,0,15 16,1,16,,298683,59,0,15 16,1,55,,298733,59,0,15 16,1,16,,298684,59,0,15 16,1,14,,298685,59,0,15 16,1,12,,298686,59,0,15 16,1,52,,298687,59,0,15 16,1,14,,298725,59,0,15 16,1,15,,298688,59,0,15 16,1,15,,298689,59,0,15 16,1,54,,298730,59,0,15 16,1,14,,298690,59,0,15 16,1,14,,298691,59,0,15 16,1,14,,298722,59,0,15 16,1,56,,298692,59,0,15 16,1,15,,298693,59,0,15 16,1,18,,298726,59,0,15 16,1,16,,298694,59,0,15 16,1,56,,298695,59,0,15 16,1,16,,298749,59,0,15 16,1,16,,298696,59,0,15 16,1,16,,298697,59,0,15 16,1,55,,298698,59,0,15 16,1,17,,298699,59,0,15 16,1,15,,298700,59,0,15 16,1,56,,298701,59,0,15 16,1,17,,298748,59,0,15 16,1,16,,298702,59,0,15 16,1,16,,298703,59,0,15 16,1,59,,298704,59,0,15 16,1,35,,298705,59,0,15 16,1,58,,298706,59,0,15 16,1,11,,298707,59,0,15 16,1,13,,298708,59,0,15 16,1,14,,298736,59,0,15 16,1,14,,298709,59,0,15 16,1,61,,298710,59,0,15 16,1,14,,298711,59,0,15 16,1,29,,298712,59,0,15 16,1,64,,298714,59,0,15 16,1,27,,298737,59,0,15 16,1,96,,298729,59,0,15 16,1,69,,298735,59,0,15 16,1,29,,298716,59,0,15 16,1,69,,298717,59,0,15 16,1,26,,298732,59,0,15 16,1,70,,298741,59,0,15 16,1
1201,'APR26SAT-Saturday-21-1',756,,298755,59,0,15 16,1,70,,298756,59,0,15 16,1,31,,298758,59,0,15 16,1,69,,298760,59,0,15 16,1,30,,298762,59,0,15 16,1,70,,298764,59,0,15 16,1,32,,298766,59,0,15 16,1,70,,298768,59,0,15 16,1,30,,298770,59,0,15 16,1,70,,298772,59,0,15 16,1,72,,298774,59,0,15 16,1,30,,298776,59,0,15 16,1,70,,298778,59,0,15 16,1,30,,298780,59,0,15 16,1,70,,298782,59,0,15 16,1,30,,298784,59,0,15 16,1,70,,298786,59,0,15 16,1,30,,298788,59,0,15 16,1,26,,298790,59,0,15 16,1,73,,298792,59,0,15 16,1,30,,298794,59,0,15 16,1,70,,298796,59,0,15 16,1,30,,298798,59,0,15 16,1,70,,298800,59,0,15 16,1,30,,298802,59,0,15 16,1,70,,298804,59,0,15 16,1,26,,298806,59,0,15 16,1,73,,298808,59,0,15 16,1,100,,298810,59,0,15 16,1,98,,298812,59,0,15 16,1
1201,'APR26SUN-Sunday-16-1',837,,298821,59,0,15 16,1,73,,298822,59,0,15 16,1,23,,298823,59,0,15 16,1,70,,298825,59,0,15 16,1,30,,298827,59,0,15 16,1,72,,298829,59,0,15 16,1,30,,298831,59,0,15 16,1,70,,298833,59,0,15 16,1,30,,298835,59,0,15 16,1,72,,298837,59,0,15 16,1,30,,298839,59,0,15 16,1,70,,298841,59,0,15 16,1,30,,298843,59,0,15 16,1,70,,298845,59,0,15 16,1,30,,298847,59,0,15 16,1,70,,298849,59,0,15 16,1,30,,298851,59,0,15 16,1,69,,298853,59,0,15 16,1,30,,298855,59,0,15 16,1,70,,298857,59,0,15 16,1,45,,298859,59,0,15 16,1
1301,'APR26DA-Weekday-40-1',626,,298904,14,,,1,13,,298905,14,,,1,12,,298906,14,,,1,57,,298907,14,,,1,16,,298908,14,,,1,15,,298924,14,,,1,13,,298909,14,,,1,57,,298910,14,,,1,15,,298925,14,,,1,18,,298927,14,,,1,14,,298911,14,,,1,54,,298926,14,,,1,14,,298912,14,,,1,14,,298913,14,,,1,569,,298914,14,,,1,12,,298915,14,,,1,17,,298916,14,,,1,15,,298917,14,,,1,55,,298918,14,,,1,15,,298919,14,,,1,15,,298920,14,,,1,15,,298921,14,,,1,55,,298922,14,,,1,15,,298923,14,,,1,15,,298901,14,,,1,16,,298902,14,,,1,71,,298903,14,,,1
5701,'APR26DA-Weekday-40-1',2604,,304544,12,0,76,1,30,,304545,12,0,76,1,70,,304546,12,0,76,1
5701,'APR26SAT-Saturday-21-1',604,,304552,12,0,76,1
5701,'APR26SUN-Sunday-16-1',558,,304576,12,0,76,1,70,,304577,12,0,76,1,30,,304578,12,0,76,1,70,,304579,12,0,76,1,30,,304580,12,0,76,1,1573,,304581,12,0,76,1,70,,304582,12,0,76,1,30,,304583,12,0,76,1
6101,'APR26DA-Weekday-40-1',419,,304977,12,0,9 10,1,31,,304978,12,0,9 10,1,2099,,305028,12,0,9 10,1,70,,305029,12,0,9 10,1,30,,305030,12,0,9 10,1
6101,'APR26SAT-Saturday-21-1',516,,305031,12,0,9 10,1,30,,305032,12,0,114,1,70,,305033,12,0,114,1,2039,,305034,12,0,9 10,1
6101,'APR26SUN-Sunday-16-1',529,,305075,12,0,114,1,30,,305076,12,0,9 10,1,70,,305077,12,0,114,1,30,,305078,12,0,9 10,1,70,,305079,12,0,114,1,30,,305080,12,0,9 10,1,1600,,305081,12,0,9 10,1,70,,305082,12,0,9 10,1,30,,305083,12,0,9 10,1,70,,305084,12,0,9 10,1,26,,305085,12,0,9 10,1,70,,305086,12,0,9 10,1
7501,'APR26DA-Weekday-40-1',317,,306900,12,0,64 65,1,28,,306904,12,0,64 65,1,72,,306815,12,0,64 65,1,25,,306816,12,0,108,1,2106,,306892,12,0,64 65,1,68,,306893,12,0,64 65,1,30,,306894,12,0,64 65,1
7501,'APR26SAT-Saturday-21-1',322,,306908,12,0,64 65,1,30,,306909,12,0,64 65,1,70,,306910,12,0,64 65,1,30,,306911,12,0,64 65,1,70,,306912,12,0,64 65,1,30,,306913,12,0,108,1,2102,,306914,12,0,64 65,1
7501,'APR26SUN-Sunday-16-1',325,,306991,12,0,64 65,1,30,,306992,12,0,64 65,1,70,,306993,12,0,64 65,1,30,,306994,12,0,64 65,1,70,,306995,12,0,64 65,1,30,,306996,12,0,64 65,1,65,,306997,12,0,108,1,35,,306998,12,0,64 65,1,70,,306999,12,0,108,1,30,,307000,12,0,64 65,1,55,,307001,12,0,64 65,1,1546,,307002,12,0,64 65,1,70,,307003,12,0,64 65,1,30,,307004,12,0,64 65,1,70,,307005,12,0,64 65,1,30,,307006,12,0,64 65,1,70,,307007,12,0,64 65,1,30,,307008,12,0,64 65,1
