6701,'APR26DA-Weekday-40-1',643,,305639,7,,,1,70,,305640,7,,,1,30,,305641,7,,,1,70,,305642,7,,,1,30,,305643,7,,,1,70,,305644,7,,,1,30,,305645,7,,,1,70,,305646,7,,,1,30,,305647,7,,,1,70,,305648,7,,,1,30,,305649,7,,,1,71,,305650,7,,,1,30,,305651,7,,,1,70,,305652,7,,,1,30,,305653,7,,,1,71,,305654,7,,,1,14,,305668,5,,,1,16,,305655,7,,,1,70,,305656,7,,,1,32,,305657,7,,,1,70,,305658,7,,,1,34,,305659,17,,,1,67,,305660,17,,,1,31,,305661,17,,,1,71,,305662,17,,,1,29,,305663,17,,,1,68,,305664,17,,,1,34,,305665,7,,,1,66,,305666,7,,,1,100,,305667,7,,,1
6701,'APR26SAT-Saturday-21-1',653,,305669,7,,,1,100,,305670,7,,,1,70,,305671,7,,,1,30,,305672,7,,,1,70,,305673,7,,,1,30,,305674,7,,,1,70,,305675,7,,,1,30,,305676,7,,,1,71,,305677,7,,,1,30,,305678,7,,,1,70,,305679,7,,,1,30,,305680,7,,,1,70,,305681,7,,,1,30,,305682,7,,,1,70,,305683,7,,,1,30,,305684,7,,,1,70,,305685,7,,,1,30,,305686,7,,,1,70,,305687,7,,,1,30,,305688,7,,,1,100,,305689,7,,,1,100,,305690,7,,,1,100,,305691,7,,,1,99,,305692,7,,,1
6701,'APR26SUN-Sunday-16-1',720,,305693,7,,,1,100,,305694,7,,,1,100,,305695,7,,,1,30,,305696,7,,,1,70,,305697,7,,,1,30,,305698,7,,,1,71,,305699,7,,,1,30,,305700,7,,,1,70,,305701,7,,,1,30,,305702,7,,,1,70,,305703,7,,,1,30,,305704,7,,,1,70,,305705,7,,,1,30,,305706,7,,,1,70,,305707,7,,,1,30,,305708,7,,,1,70,,305709,7,,,1,30,,305710,7,,,1,100,,305711,7,,,1,100,,305712,7,,,1
6800,'APR26DA-Weekday-40-1',433,,305713,7,,,1,21,,305714,7,,,1,70,,305723,7,,,1,26,,305724,7,,,1,66,,305725,7,,,1,19,,305726,7,,,1,69,,305727,7,,,1,21,,305728,7,,,1,23,,305729,7,,,1,68,,305730,7,,,1,14,,305731,7,,,1,15,,305732,7,,,1,55,,305733,7,,,1,15,,305734,7,,,1,15,,305735,7,,,1,15,,305736,7,,,1,55,,305737,7,,,1,15,,305738,7,,,1,15,,305739,7,,,1,15,,305740,7,,,1,55,,305741,7,,,1,15,,305742,7,,,1,15,,305743,7,,,1,16,,305744,7,,,1,56,,305745,7,,,1,15,,305746,7,,,1,15,,305747,7,,,1,14,,305748,7,,,1,54,,305749,7,,,1,15,,305750,7,,,1,15,,305751,7,,,1,15,,305752,7,,,1,57,,305753,7,,,1,20,,305754,7,,,1,20,,305755,7,,,1,60,,305756,7,,,1,23,,305757,7,,,1,18,,305779,7,,,1,81,,305758,7,,,1,78,,305759,7,,,1,21,,305760,7,,,1,20,,305780,7,,,1,61,,305761,7,,,1,16,,305762,7,,,1,16,,305763,7,,,1,15,,305764,7,,,1,54,,305765,7,,,1,16,,305766,7,,,1,15,,305767,7,,,1,15,,305781,7,,,1,55,,305768,7,,,1,15,,305769,7,,,1,20,,305770,7,,,1,60,,305771,7,,,1,20,,305772,7,,,1,20,,305782,7,,,1,60,,305773,7,,,1,24,,305774,7,,,1,29,,305775,7,,,1,70,,305776,7,,,1,35,,305777,7,,,1,71,,305778,7,,,1
6800,'APR26SAT-Saturday-21-1',532,,305783,7,,,1,70,,305784,7,,,1,30,,305785,7,,,1,70,,305786,7,,,1,30,,305787,7,,,1,70,,305788,7,,,1,30,,305789,7,,,1,70,,305790,7,,,1,30,,305791,7,,,1,20,,305792,7,,,1,55,,305793,7,,,1,15,,305794,7,,,1,15,,305795,7,,,1,15,,305796,7,,,1,55,,305797,7,,,1,15,,305798,7,,,1,15,,305799,7,,,1,15,,305800,7,,,1,55,,305801,7,,,1,16,,305802,7,,,1,15,,305803,7,,,1,15,,305804,7,,,1,55,,305805,7,,,1,15,,305806,7,,,1,15,,305807,7,,,1,15,,305808,7,,,1,55,,305809,7,,,1,15,,305810,7,,,1,15,,305811,7,,,1,15,,305812,7,,,1,55,,305813,7,,,1,15,,305814,7,,,1,15,,305815,7,,,1,15,,305816,7,,,1,55,,305817,7,,,1,15,,305818,7,,,1,15,,305819,7,,,1,15,,305820,7,,,1,55,,305821,7,,,1,15,,305822,7,,,1,19,,305823,7,,,1,70,,305824,7,,,1,30,,305825,7,,,1,70,,305826,7,,,1,30,,305827,7,,,1,69,,305828,7,,,1,30,,305829,7,,,1,70,,305830,7,,,1,30,,305831,7,,,1,70,,305832,7,,,1,30,,305833,7,,,1,70,,305834,7,,,1,30,,305835,7,,,1,70,,305836,7,,,1
6800,'APR26SUN-Sunday-16-1',534,,305839,7,,,1,100,,305840,7,,,1,70,,305841,7,,,1,30,,305842,7,,,1,70,,305843,7,,,1,30,,305844,7,,,1,70,,305845,7,,,1,30,,305846,7,,,1,70,,305847,7,,,1,30,,305848,7,,,1,20,,305849,7,,,1,60,,305850,7,,,1,20,,305851,7,,,1,20,,305852,7,,,1,61,,305853,7,,,1,20,,305854,7,,,1,20,,305855,7,,,1,60,,305856,7,,,1,20,,305857,7,,,1,20,,305858,7,,,1,60,,305859,7,,,1,20,,305860,7,,,1,20,,305861,7,,,1,60,,305862,7,,,1,20,,305863,7,,,1,20,,305864,7,,,1,60,,305865,7,,,1,20,,305866,7,,,1,20,,305867,7,,,1,63,,305868,7,,,1,30,,305869,7,,,1,70,,305870,7,,,1,30,,305871,7,,,1,70,,305872,7,,,1,30,,305873,7,,,1,69,,305874,7,,,1,30,,305875,7,,,1,70,,305876,7,,,1,30,,305877,7,,,1,70,,305878,7,,,1,30,,305879,7,,,1,70,,305880,7,,,1
16200,'APR26DA-Weekday-40-1',634,,311069,7,,,1,70,,311070,7,,,1,30,,311071,7,,,1,70,,311072,7,,,1,30,,311073,7,,,1,70,,311074,7,,,1,100,,311075,7,,,1,100,,311076,7,,,1,100,,311077,7,,,1,100,,311078,7,,,1,100,,311079,7,,,1,101,,311080,7,,,1,30,,311081,7,,,1,12,,311091,20,,,1,60,,311082,7,,,1,28,,311083,7,,,1,70,,311084,7,,,1,30,,311085,7,,,1,70,,311086,7,,,1,100,,311087,7,,,1,99,,311088,7,,,1,100,,311089,7,,,1,100,,311090,7,,,1
16200,'APR26SAT-Saturday-21-1',734,,311092,7,,,1,100,,311093,7,,,1,100,,311094,7,,,1,100,,311095,7,,,1,100,,311096,7,,,1,100,,311097,7,,,1,100,,311098,7,,,1,100,,311099,7,,,1,100,,311100,7,,,1,100,,311101,7,,,1,100,,311102,7,,,1,100,,311103,7,,,1,100,,311104,7,,,1,100,,311105,7,,,1,100,,311106,7,,,1,83,,311108,7,,,1,39,,311107,7,,,1
16200,'APR26SUN-Sunday-16-1',804,,311109,7,,,1,100,,311110,7,,,1,100,,311111,7,,,1,100,,311112,7,,,1,100,,311113,7,,,1,100,,311114,7,,,1,100,,311115,7,,,1,100,,311116,7,,,1,100,,311117,7,,,1,100,,311118,7,,,1,100,,311119,7,,,1,100,,311120,7,,,1,100,,311121,7,,,1,100,,311122,7,,,1,100,,311123,7,,,1,100,,311124,7,,,1
16500,'APR26DA-Weekday-40-1',603,,311337,8,,,1,30,,311338,8,,,1,70,,311339,8,,,1,30,,311340,8,,,1,68,,311341,8,,,1,34,,311342,8,,,1,68,,311343,8,,,1,30,,311344,8,,,1,101,,311345,8,,,1,100,,311346,8,,,1,100,,311347,8,,,1,100,,311348,8,,,1,100,,311349,8,,,1,70,,311350,8,,,1,28,,311359,8,,,1,72,,311351,8,,,1,30,,311352,8,,,1,70,,311353,8,,,1,100,,311354,8,,,1,100,,311356,8,,,1,100,,311358,8,,,1,100,,311357,8,,,1,99,,311355,8,,,1
16500,'APR26SAT-Saturday-21-1',714,,311360,8,,,1,100,,311361,8,,,1,100,,311362,8,,,1,100,,311363,8,,,1,100,,311364,8,,,1,100,,311365,8,,,1,100,,311366,8,,,1,100,,311367,8,,,1,100,,311368,8,,,1,100,,311369,8,,,1,100,,311370,8,,,1,100,,311371,8,,,1,100,,311372,8,,,1,100,,311373,8,,,1,100,,311374,8,,,1,100,,311375,8,,,1
16500,'APR26SUN-Sunday-16-1',901,,311376,8,,,1,100,,311377,8,,,1,100,,311378,8,,,1,100,,311379,8,,,1,100,,311380,8,,,1,100,,311381,8,,,1,100,,311382,8,,,1,100,,311383,8,,,1,100,,311384,8,,,1,100,,311385,8,,,1,100,,311386,8,,,1
64600,'APR26DA-Weekday-40-1',734,,312292,7,,,1
66701,'APR26DA-Weekday-40-1',1424,,312361,5,,,1,3,,312363,5,,,1
66801,'APR26DA-Weekday-40-1',1423,,312371,5,,,1,1,,312370,5,,,1,3,,312373,5,,,1
