5700,'APR26DA-Weekday-40-1',520,,304448,18,0,15 16,0,31,,304449,18,0,15 16,0,67,,304450,19,0,15 16,0,18,,304451,19,0,15 16,0,68,,304407,53,0,15 16,0,31,,304408,53,0,15 16,0,73,,304453,53,0,15 16,0,31,,304409,53,0,15 16,0,71,,304410,53,0,15 16,0,33,,304411,53,0,15 16,0,69,,304412,53,0,15 16,0,27,,304413,53,0,15 16,0,67,,304414,53,0,15 16,0,30,,304415,53,0,15 16,0,71,,304416,53,0,15 16,0,30,,304417,53,0,15 16,0,72,,304418,53,0,15 16,0,30,,304419,53,0,15 16,0,73,,304420,53,0,15 16,0,30,,304421,53,0,15 16,0,70,,304422,53,0,15 16,0,32,,304423,53,0,15 16,0,56,,304424,53,0,15 16,0,17,,304425,53,0,15 16,0,16,,304426,53,0,15 16,0,15,,304427,53,0,15 16,0,52,,304428,53,0,15 16,0,16,,304455,53,0,15 16,0,16,,304429,53,0,15 16,0,27,,304430,53,0,15 16,0,58,,304452,53,0,15 16,0,12,,304431,53,0,15 16,0,15,,304454,53,0,15 16,0,68,,304432,53,0,15 16,0,27,,304433,53,0,15 16,0,69,,304434,53,0,15 16,0,25,,304435,53,0,15 16,0,70,,304436,53,0,15 16,0,30,,304437,53,0,15 16,0,69,,304438,53,0,15 16,0,27,,304439,53,0,15 16,0,27,,304440,53,0,15 16,0,66,,304441,53,0,15 16,0,37,,304442,52,0,15 16,0,74,,304443,52,0,15 16,0,26,,304444,18,,,0,70,,304445,18,,,0,30,,304446,18,,,0,75,,304447,18,,,0
5700,'APR26SAT-Saturday-21-1',522,,304456,18,,,0,37,,304457,18,0,15 16,0,66,,304458,19,0,15 16,0,30,,304459,19,0,15 16,0,70,,304460,19,0,15 16,0,30,,304461,19,0,15 16,0,70,,304462,19,0,15 16,0,26,,304465,48,0,15 16,0,99,,304466,53,0,15 16,0,102,,304467,53,0,15 16,0,100,,304468,53,0,15 16,0,102,,304469,53,0,15 16,0,100,,304470,53,0,15 16,0,100,,304471,53,0,15 16,0,100,,304472,53,0,15 16,0,98,,304473,53,0,15 16,0,100,,304474,53,0,15 16,0,100,,304475,53,0,15 16,0,98,,304476,53,0,15 16,0,99,,304477,53,0,15 16,0,100,,304478,53,0,15 16,0,98,,304479,53,0,15 16,0,73,,304463,19,0,15 16,0,31,,304464,18,0,15 16,0
5700,'APR26SUN-Sunday-16-1',623,,304480,19,,,0,30,,304481,19,,,0,70,,304482,19,,,0,30,,304483,19,0,15 16,0,70,,304484,19,0,15 16,0,30,,304485,19,0,15 16,0,70,,304486,19,0,15 16,0,30,,304493,53,0,15 16,0,101,,304494,53,0,15 16,0,101,,304495,53,0,15 16,0,102,,304496,53,0,15 16,0,100,,304497,53,0,15 16,0,100,,304498,53,0,15 16,0,100,,304499,53,0,15 16,0,98,,304500,53,0,15 16,0,100,,304501,53,0,15 16,0,100,,304502,53,0,15 16,0,102,,304487,19,0,15 16,0,69,,304488,19,0,15 16,0,30,,304489,19,0,15 16,0,70,,304503,19,0,15 16,0,30,,304490,19,0,15 16,0,69,,304491,19,0,15 16,0,30,,304504,19,0,15 16,0,70,,304492,19,,,0
5701,'APR26DA-Weekday-40-1',555,,304505,2,,,0,54,,304506,2,,,0,13,,304549,2,,,0,17,,304507,2,,,0,15,,304508,2,,,0,55,,304509,2,,,0,14,,304510,2,,,0,28,,304511,2,,,0,57,,304512,2,,,0,14,,304513,2,,,0,30,,304514,2,,,0,72,,304515,2,,,0,30,,304516,2,,,0,70,,304517,2,,,0,30,,304518,2,,,0,70,,304519,2,,,0,30,,304520,2,,,0,68,,304521,2,,,0,30,,304522,2,,,0,70,,304523,2,,,0,29,,304524,2,,,0,70,,304525,2,,,0,29,,304526,2,,,0,69,,304551,2,,,0,103,,304548,2,,,0,28,,304550,2,,,0,70,,304527,2,,,0,32,,304528,2,,,0,73,,304529,2,,,0,30,,304530,2,,,0,70,,304531,2,,,0,30,,304532,2,,,0,70,,304533,2,,,0,30,,304534,2,,,0,70,,304535,2,,,0,30,,304536,2,,,0,69,,304537,2,,,0,34,,304538,2,,,0,78,,304539,2,,,0,70,,304540,2,0,76,0,30,,304541,2,0,76,0,70,,304542,2,0,76,0,35,,304543,2,0,76,0,69,,304544,16,0,76,0,30,,304545,16,0,76,0,70,,304546,16,0,76,0
5701,'APR26SAT-Saturday-21-1',610,,304552,16,0,76,0,28,,304553,2,0,76,0,70,,304554,2,0,76,0,30,,304555,2,0,59 60,0,70,,304556,2,,,0,100,,304557,2,,,0,100,,304558,2,,,0,101,,304559,2,,,0,100,,304560,2,,,0,100,,304561,2,,,0,100,,304562,2,,,0,100,,304563,2,,,0,100,,304564,2,,,0,100,,304565,2,,,0,100,,304566,2,,,0,99,,304567,2,,,0,100,,304568,2,,,0,100,,304569,2,,,0,30,,304570,2,0,76,0,70,,304571,2,,,0,30,,304572,2,0,76,0,70,,304573,2,0,76,0,31,,304574,2,0,76,0,70,,304575,2,0,76,0
5701,'APR26SUN-Sunday-16-1',604,,304576,16,0,76,0,30,,304577,16,0,76,0,70,,304578,16,0,76,0,30,,304579,16,0,76,0,70,,304580,16,0,76,0,30,,304584,2,0,76,0,71,,304585,2,,,0,100,,304586,2,,,0,101,,304587,2,,,0,100,,304588,2,,,0,100,,304589,2,,,0,100,,304590,2,,,0,100,,304603,2,,,0,100,,304591,2,,,0,100,,304592,2,,,0,99,,304593,2,0,76,0,99,,304600,2,0,76,0,30,,304594,2,0,76,0,70,,304599,2,0,76,0,30,,304595,2,0,76,0,70,,304596,2,0,76,0,30,,304597,2,0,76,0,70,,304598,2,0,76,0,30,,304601,2,0,76,0,70,,304602,2,0,76,0,34,,304581,16,0,76,0,70,,304582,16,0,76,0,30,,304583,16,0,76,0
5800,'APR26DA-Weekday-40-1',836,,304610,2,0,77 78,0,70,,304611,2,0,77 78,0,30,,304612,2,0,77 78,0,70,,304613,2,0,77 78,0,30,,304614,2,0,77 78,0,70,,304615,2,0,77 78,0,30,,304616,2,0,77 78,0,70,,304617,2,0,77 78,0,30,,304618,2,0,77 78,0,70,,304619,2,0,77 78,0,30,,304620,2,0,77 78,0,70,,304621,2,0,77 78,0,29,,304622,2,0,77 78,0,68,,304623,2,,,0,31,,304637,2,,,0,69,,304624,2,,,0,99,,304625,2,0,77 78,0,34,,304626,2,0,77 78,0
5800,'APR26SAT-Saturday-21-1',853,,304639,2,0,77 78,0,100,,304641,2,0,77 78,0,100,,304643,2,0,77 78,0,100,,304645,2,0,77 78,0,100,,304647,2,0,77 78,0,100,,304649,2,0,77 78,0,100,,304651,2,0,77 78,0,100,,304653,2,0,77 78,0,100,,304655,2,0,77 78,0,100,,304657,2,0,77 78,0,100,,304659,2,0,77 78,0,100,,304661,2,0,77 78,0,100,,304663,2,0,77 78,0
5800,'APR26SUN-Sunday-16-1',936,,304668,2,0,77 78,0,98,,304670,2,0,77 78,0,100,,304672,2,0,77 78,0,100,,304674,2,0,77 78,0,100,,304676,2,0,77 78,0,100,,304678,2,0,77 78,0,100,,304680,2,0,77 78,0,100,,304682,2,0,77 78,0,101,,304684,2,0,77 78,0,101,,304686,2,0,77 78,0
5801,'APR26DA-Weekday-40-1',658,,304688,39,,,0,94,,304689,44,,,0,72,,304690,44,,,0,33,,304691,44,,,0,70,,304692,44,,,0,17,,304693,39,,,0,68,,304694,39,,,0,32,,304695,39,,,0,70,,304696,39,,,0,30,,304697,39,,,0,70,,304698,39,,,0,32,,304699,39,,,0,70,,304700,39,,,0,30,,304701,39,,,0,70,,304702,39,,,0,30,,304703,39,,,0,71,,304719,39,,,0
5801,'APR26SAT-Saturday-21-1',910,,304721,39,,,0,100,,304723,39,,,0,101,,304725,39,,,0,100,,304727,39,,,0,100,,304729,39,,,0,101,,304731,39,,,0,100,,304733,39,,,0,100,,304735,39,,,0,100,,304737,39,,,0,100,,304739,39,,,0,99,,304741,39,,,0,100,,304743,39,,,0,99,,304745,39,,,0,100,,304747,39,,,0
5801,'APR26SUN-Sunday-16-1',1026,,304749,39,,,0,101,,304751,39,,,0,100,,304753,39,,,0,100,,304755,39,,,0,101,,304757,39,,,0,100,,304759,39,,,0,100,,304761,39,,,0,100,,304763,39,,,0,100,,304765,39,,,0,99,,304767,39,,,0
6000,'APR26DA-Weekday-40-1',1522,,304786,2,,,0,104,,304795,2,,,0,26,,304796,2,,,0,100,,304797,2,,,0,73,,304798,2,,,0
6001,'APR26DA-Weekday-40-1',618,,304826,38,,,0,110,,304827,38,,,0,30,,304828,38,,,0,68,,304829,38,,,0,74,,304830,38,,,0
6100,'APR26DA-Weekday-40-1',440,,304833,19,,,0,72,,304834,23,0,15 16,0,30,,304835,23,0,15 16,0,66,,304836,23,0,15 16,0,41,,304837,58,0,15 16,0,70,,304838,58,0,15 16,0,29,,304839,58,0,15 16,0,60,,304875,19,0,15 16,0,9,,304840,58,0,15 16,0,17,,304876,19,0,15 16,0,21,,304841,58,0,15 16,0,52,,304877,19,0,15 16,0,15,,304842,58,0,15 16,0,23,,304843,58,0,15 16,0,13,,304878,19,0,15 16,0,56,,304844,58,0,15 16,0,15,,304879,19,0,15 16,0,15,,304845,58,0,15 16,0,15,,304880,19,0,15 16,0,55,,304846,58,0,15 16,0,15,,304881,19,0,15 16,0,15,,304847,58,0,15 16,0,15,,304882,19,0,15 16,0,55,,304848,58,0,15 16,0,15,,304883,19,0,15 16,0,15,,304849,58,0,15 16,0,15,,304884,19,0,15 16,0,55,,304850,58,0,15 16,0,15,,304885,19,0,15 16,0,15,,304851,58,0,15 16,0,15,,304886,19,0,15 16,0,55,,304852,58,0,15 16,0,30,,304853,58,0,15 16,0,56,,304887,19,0,15 16,0,14,,304854,58,0,15 16,0,32,,304855,58,0,15 16,0,73,,304856,58,0,15 16,0,37,,304857,58,0,15 16,0,69,,304858,58,0,15 16,0,26,,304859,58,0,15 16,0,67,,304860,58,0,15 16,0,29,,304861,58,0,15 16,0,67,,304862,58,0,15 16,0,29,,304863,58,0,15 16,0,69,,304864,58,0,15 16,0,27,,304865,58,0,15 16,0,70,,304866,58,0,15 16,0,30,,304867,58,0,15 16,0,70,,304868,58,0,15 16,0,30,,304869,58,0,15 16,0,68,,304870,58,0,15 16,0,37,,304871,58,0,15 16,0,70,,304872,58,0,15 16,0,30,,304873,58,0,15 16,0,70,,304874,58,,,0,36,,304890,19,,,0,68,,304889,19,,,0,31,,304888,19,,,0,71,,304891,19,,,0
6100,'APR26SAT-Saturday-21-1',551,,304928,19,0,15 16,0,82,,304929,19,0,15 16,0,70,,304892,58,0,15 16,0,30,,304893,58,0,15 16,0,70,,304894,58,0,15 16,0,30,,304895,58,0,15 16,0,70,,304896,58,0,15 16,0,30,,304897,58,0,15 16,0,72,,304898,58,0,15 16,0,30,,304899,58,0,15 16,0,73,,304900,58,0,15 16,0,30,,304901,58,0,15 16,0,70,,304902,58,0,15 16,0,30,,304903,58,0,15 16,0,71,,304904,58,0,15 16,0,30,,304905,58,0,15 16,0,70,,304906,58,0,15 16,0,30,,304907,58,0,15 16,0,70,,304908,58,0,15 16,0,30,,304909,58,0,15 16,0,70,,304910,58,0,15 16,0,30,,304911,58,0,15 16,0,69,,304912,58,0,15 16,0,30,,304913,58,0,15 16,0,70,,304914,58,0,15 16,0,30,,304915,58,0,15 16,0,67,,304916,58,0,15 16,0,30,,304917,58,0,15 16,0,70,,304918,19,0,15 16,0,30,,304919,58,0,15 16,0,69,,304920,19,0,15 16,0,30,,304921,58,0,15 16,0,70,,304922,19,0,15 16,0,30,,304923,58,0,15 16,0,70,,304924,19,0,15 16,0,30,,304925,58,0,15 16,0,73,,304926,19,0,15 16,0,30,,304927,58,0,15 16,0,70,,304930,19,0,15 16,0,30,,304931,19,0,15 16,0,70,,304932,19,,,0,30,,304933,19,,,0,70,,304934,19,,,0
6100,'APR26SUN-Sunday-16-1',613,,304970,19,,,0,32,,304971,19,,,0,70,,304935,58,,,0,36,,304936,19,0,15 16,0,72,,304937,58,0,15 16,0,30,,304938,19,0,15 16,0,70,,304939,58,0,15 16,0,30,,304940,58,0,15 16,0,72,,304941,58,0,15 16,0,30,,304942,58,0,15 16,0,73,,304943,58,0,15 16,0,30,,304944,58,0,15 16,0,70,,304945,58,0,15 16,0,30,,304946,58,0,15 16,0,71,,304947,58,0,15 16,0,30,,304948,58,0,15 16,0,70,,304949,58,0,15 16,0,30,,304950,58,0,15 16,0,70,,304951,58,0,15 16,0,30,,304952,58,0,15 16,0,70,,304953,58,0,15 16,0,30,,304954,58,0,15 16,0,69,,304955,58,0,15 16,0,30,,304956,58,0,15 16,0,70,,304957,58,0,15 16,0,28,,304958,19,0,15 16,0,69,,304959,58,0,15 16,0,30,,304960,19,0,15 16,0,70,,304961,58,0,15 16,0,30,,304962,19,0,15 16,0,67,,304963,58,0,15 16,0,30,,304964,19,0,15 16,0,68,,304965,58,0,15 16,0,29,,304966,19,0,15 16,0,72,,304967,58,,,0,32,,304968,19,,,0,70,,304969,58,,,0,30,,304972,19,,,0,70,,304973,19,,,0,30,,304974,19,,,0,70,,304975,19,,,0,30,,304976,19,,,0
6101,'APR26DA-Weekday-40-1',424,,304977,16,0,9 10,0,31,,304978,16,0,9 10,0,72,,304979,2,,,0,30,,304980,2,,,0,68,,304981,2,,,0,30,,304982,2,,,0,68,,304983,2,,,0,32,,304984,2,,,0,70,,304985,2,,,0,30,,304986,2,,,0,70,,304987,2,,,0,30,,304988,2,,,0,70,,304989,2,,,0,30,,304990,2,,,0,70,,304991,2,,,0,30,,304992,2,,,0,70,,304993,2,,,0,30,,304994,2,,,0,70,,304995,2,,,0,15,,305021,2,0,9 10,0,15,,304996,2,,,0,55,,305022,2,0,9 10,0,12,,304997,2,,,0,30,,304998,2,,,0,56,,305023,2,0,9 10,0,19,,304999,2,,,0,11,,305024,2,0,9 10,0,15,,305000,2,,,0,60,,305025,2,0,9 10,0,13,,305001,2,,,0,15,,305026,2,0,9 10,0,16,,305002,2,,,0,55,,305027,2,0,9 10,0,15,,305003,2,,,0,15,,305004,2,,,0,70,,305005,2,,,0,15,,305006,2,,,0,28,,305007,2,,,0,70,,305008,2,,,0,30,,305009,2,,,0,70,,305010,2,,,0,30,,305011,2,,,0,70,,305012,2,,,0,30,,305013,2,,,0,70,,305014,2,,,0,30,,305015,2,,,0,70,,305016,2,,,0,32,,305017,2,0,9 10,0,70,,305018,2,0,9 10,0,30,,305019,2,0,9 10,0,70,,305020,2,0,9 10,0,27,,305028,16,0,9 10,0,70,,305029,16,0,9 10,0,30,,305030,16,0,9 10,0
6101,'APR26SAT-Saturday-21-1',524,,305031,16,0,9 10,0,30,,305032,16,,,0,68,,305033,16,,,0,30,,305035,2,,,0,70,,305036,2,,,0,29,,305037,2,,,0,70,,305038,2,,,0,30,,305039,2,,,0,70,,305040,2,,,0,29,,305041,2,,,0,70,,305042,2,,,0,30,,305043,2,,,0,70,,305044,2,,,0,30,,305045,2,,,0,70,,305046,2,,,0,30,,305047,2,,,0,72,,305048,2,,,0,30,,305049,2,,,0,68,,305050,2,,,0,30,,305051,2,,,0,72,,305052,2,,,0,28,,305053,2,,,0,70,,305054,2,,,0,30,,305055,2,,,0,70,,305056,2,,,0,30,,305057,2,0,9 10,0,70,,305058,2,,,0,30,,305059,2,0,9 10,0,70,,305060,2,,,0,30,,305061,2,,,0,70,,305062,2,,,0,30,,305063,2,,,0,70,,305064,2,,,0,30,,305065,2,,,0,70,,305066,2,,,0,30,,305067,2,,,0,70,,305068,2,,,0,32,,305069,2,0,9 10,0,70,,305070,2,0,9 10,0,30,,305071,2,0,9 10,0,70,,305072,2,0,9 10,0,81,,305073,2,0,9 10,0,30,,305074,2,0,9 10,0,70,,305034,16,0,9 10,0
6101,'APR26SUN-Sunday-16-1',537,,305075,16,,,0,68,,305076,16,0,9 10,0,30,,305077,16,,,0,70,,305078,16,0,9 10,0,30,,305079,16,,,0,70,,305080,16,0,9 10,0,30,,305087,2,,,0,73,,305088,2,,,0,28,,305089,2,,,0,69,,305090,2,,,0,30,,305091,2,,,0,70,,305092,2,,,0,30,,305093,2,,,0,72,,305094,2,,,0,28,,305095,2,,,0,70,,305096,2,,,0,30,,305097,2,,,0,70,,305098,2,,,0,30,,305099,2,,,0,70,,305100,2,,,0,30,,305101,2,,,0,70,,305102,2,,,0,30,,305103,2,,,0,70,,305104,2,,,0,30,,305105,2,,,0,70,,305106,2,,,0,30,,305107,2,,,0,70,,305108,2,,,0,30,,305109,2,0,9 10,0,70,,305110,2,,,0,30,,305111,2,0,9 10,0,70,,305112,2,,,0,30,,305113,2,,,0,70,,305114,2,0,9 10,0,30,,305115,2,,,0,70,,305116,2,0,9 10,0,32,,305117,2,0,9 10,0,70,,305081,16,0,9 10,0,30,,305082,16,0,9 10,0,70,,305083,16,0,9 10,0,30,,305084,16,0,9 10,0,66,,305085,16,0,9 10,0,30,,305086,16,0,9 10,0
6200,'APR26DA-Weekday-40-1',742,,305118,47,,,0,77,,305119,47,,,0,30,,305120,47,,,0,68,,305121,47,,,0,26,,305122,47,,,0,70,,305123,47,,,0,26,,305124,47,,,0,70,,305125,47,,,0,33,,305126,47,,,0,70,,305127,47,,,0,30,,305128,47,,,0,64,,305129,46,,,0,35,,305130,46,,,0,70,,305131,46,,,0,30,,305132,46,,,0,71,,305133,46,,,0,29,,305134,46,,,0,76,,305135,46,,,0,29,,305136,46,,,0,75,,305137,46,,,0,33,,305138,46,,,0,70,,305139,46,,,0,25,,305140,46,,,0,70,,305141,46,,,0,21,,305142,46,,,0,68,,305143,46,,,0,30,,305144,46,,,0,72,,305145,47,,,0,30,,305146,47,,,0,70,,305147,47,,,0,23,,305148,47,,,0,70,,305149,47,,,0,34,,305150,47,,,0,66,,305151,47,,,0,31,,305152,47,,,0,67,,305153,47,,,0
6200,'APR26SAT-Saturday-21-1',713,,305154,50,,,0,36,,305155,50,,,0,70,,305156,50,,,0,30,,305157,50,,,0,71,,305158,50,,,0,30,,305159,50,,,0,71,,305160,50,,,0,30,,305161,50,,,0,71,,305162,50,,,0,30,,305163,50,,,0,70,,305164,50,,,0,30,,305165,50,,,0,72,,305166,50,,,0,30,,305167,50,,,0,70,,305168,50,,,0,30,,305169,50,,,0,70,,305170,50,,,0,30,,305171,50,,,0,70,,305172,50,,,0,30,,305173,50,,,0,69,,305174,50,,,0,30,,305175,50,,,0,70,,305176,50,,,0,30,,305177,50,,,0,67,,305178,50,,,0,30,,305179,50,,,0,70,,305180,50,,,0,30,,305181,50,,,0,70,,305182,50,,,0,30,,305183,50,,,0,67,,305184,50,,,0,30,,305185,50,,,0,70,,305186,50,,,0
6200,'APR26SUN-Sunday-16-1',808,,305187,50,,,0,30,,305188,50,,,0,73,,305189,50,,,0,30,,305190,50,,,0,70,,305191,50,,,0,30,,305192,50,,,0,70,,305193,50,,,0,30,,305194,50,,,0,70,,305195,50,,,0,30,,305196,50,,,0,71,,305197,50,,,0,30,,305198,50,,,0,70,,305199,50,,,0,30,,305200,50,,,0,70,,305201,50,,,0,30,,305202,50,,,0,70,,305203,50,,,0,30,,305204,50,,,0,70,,305205,50,,,0,30,,305206,50,,,0,70,,305207,50,,,0,30,,305208,50,,,0,68,,305209,50,,,0,30,,305210,50,,,0,70,,305211,50,,,0,30,,305212,50,,,0,70,,305213,50,,,0,30,,305214,50,,,0,67,,305215,50,,,0,30,,305216,50,,,0,70,,305217,50,,,0,33,,305218,50,,,0
6201,'APR26DA-Weekday-40-1',528,,305256,3,,,0,28,,305219,3,,,0,72,,305220,3,,,0,30,,305221,3,,,0,70,,305222,3,,,0,72,,305223,3,,,0,29,,305224,3,,,0,71,,305225,3,,,0,28,,305226,3,,,0,30,,305227,3,,,0,70,,305228,3,,,0,30,,305229,3,,,0,65,,305248,3,,,0,30,,305235,3,,,0,70,,305239,3,,,0,30,,305250,3,,,0,70,,305233,3,,,0,30,,305240,3,,,0,70,,305249,3,,,0,28,,305231,3,,,0,70,,305241,3,,,0,32,,305253,3,,,0,70,,305254,3,,,0,28,,305242,3,,,0,70,,305237,3,,,0,30,,305238,3,,,0,70,,305243,3,,,0,30,,305232,3,,,0,76,,305230,3,,,0,30,,305244,3,,,0,70,,305252,3,,,0,30,,305234,3,,,0,70,,305245,3,,,0,30,,305236,3,,,0,68,,305251,3,,,0,32,,305246,3,,,0,72,,305255,3,,,0,75,,305247,3,,,0
6201,'APR26SAT-Saturday-21-1',707,,305257,3,,,0,30,,305258,3,,,0,69,,305259,3,,,0,30,,305260,3,,,0,70,,305261,3,,,0,30,,305262,3,,,0,69,,305263,3,,,0,30,,305264,3,,,0,70,,305265,3,,,0,30,,305266,3,,,0,70,,305267,3,,,0,30,,305268,3,,,0,72,,305269,3,,,0,30,,305270,3,,,0,70,,305271,3,,,0,28,,305272,3,,,0,70,,305273,3,,,0,30,,305274,3,,,0,72,,305275,3,,,0,28,,305276,3,,,0,72,,305277,3,,,0,28,,305278,3,,,0,70,,305279,3,,,0,30,,305280,3,,,0,70,,305281,3,,,0,30,,305282,3,,,0,70,,305283,3,,,0,30,,305284,3,,,0,70,,305285,3,,,0,30,,305286,3,,,0,70,,305287,3,,,0,30,,305288,3,,,0
6201,'APR26SUN-Sunday-16-1',750,,305289,3,,,0,70,,305290,3,,,0,30,,305291,3,,,0,70,,305292,3,,,0,32,,305293,3,,,0,68,,305294,3,,,0,30,,305295,3,,,0,70,,305296,3,,,0,32,,305297,3,,,0,68,,305298,3,,,0,32,,305299,3,,,0,68,,305300,3,,,0,32,,305301,3,,,0,68,,305302,3,,,0,32,,305303,3,,,0,70,,305304,3,,,0,28,,305305,3,,,0,70,,305306,3,,,0,30,,305307,3,,,0,70,,305308,3,,,0,30,,305309,3,,,0,70,,305310,3,,,0,30,,305311,3,,,0,72,,305312,3,,,0,28,,305313,3,,,0,70,,305314,3,,,0,30,,305315,3,,,0,70,,305316,3,,,0,30,,305317,3,,,0,70,,305318,3,,,0
6300,'APR26DA-Weekday-40-1',501,,305320,2,,,0,34,,305319,2,,,0,68,,305321,2,,,0,15,,305322,2,,,0,15,,305323,2,,,0,15,,305324,2,,,0,54,,305325,2,,,0,16,,305326,2,,,0,15,,305327,2,,,0,15,,305328,2,,,0,70,,305329,2,,,0,30,,305330,2,,,0,70,,305331,2,,,0,30,,305332,2,,,0,70,,305333,2,,,0,30,,305334,2,,,0,70,,305335,2,,,0,31,,305336,2,,,0,69,,305337,2,,,0,30,,305338,2,,,0,71,,305339,2,,,0,29,,305340,2,,,0,70,,305341,2,,,0,30,,305342,2,,,0,55,,305343,2,,,0,15,,305344,2,,,0,17,,305345,2,,,0,15,,305346,2,,,0,55,,305366,2,,,0,14,,305347,2,,,0,14,,305365,2,,,0,15,,305348,2,,,0,55,,305349,2,,,0,15,,305350,2,,,0,15,,305351,2,,,0,15,,305352,2,,,0,55,,305353,2,,,0,30,,305354,2,,,0,70,,305355,2,,,0,30,,305356,2,,,0,70,,305357,2,,,0,30,,305358,2,,,0,70,,305359,2,,,0,30,,305360,2,,,0,70,,305361,2,,,0,30,,305362,2,,,0,70,,305363,2,,,0,32,,305364,2,,,0
6300,'APR26SAT-Saturday-21-1',633,,305367,2,,,0,70,,305368,2,,,0,30,,305369,2,,,0,70,,305370,2,,,0,30,,305371,2,,,0,70,,305372,2,,,0,30,,305373,2,,,0,70,,305374,2,,,0,30,,305375,2,,,0,70,,305376,2,,,0,30,,305377,2,,,0,70,,305378,2,,,0,30,,305379,2,,,0,70,,305380,2,,,0,32,,305381,2,,,0,68,,305382,2,,,0,32,,305383,2,,,0,70,,305384,2,,,0,28,,305385,2,,,0,70,,305386,2,,,0,30,,305387,2,,,0,70,,305388,2,,,0,30,,305389,2,,,0,70,,305390,2,,,0,30,,305391,2,,,0,70,,305392,2,,,0,32,,305393,2,,,0,68,,305394,2,,,0,30,,305395,2,,,0,70,,305396,2,,,0,30,,305397,2,,,0,70,,305398,2,,,0,30,,305399,2,,,0,70,,305400,2,,,0
6300,'APR26SUN-Sunday-16-1',720,,305401,2,,,0,103,,305402,2,,,0,100,,305403,2,,,0,100,,305404,2,,,0,30,,305405,2,,,0,70,,305406,2,,,0,30,,305407,2,,,0,70,,305408,2,,,0,30,,305409,2,,,0,70,,305410,2,,,0,30,,305411,2,,,0,72,,305412,2,,,0,28,,305413,2,,,0,70,,305414,2,,,0,30,,305415,2,,,0,70,,305416,2,,,0,32,,305417,2,,,0,68,,305418,2,,,0,30,,305419,2,,,0,70,,305420,2,,,0,30,,305421,2,,,0,70,,305422,2,,,0,30,,305423,2,,,0,70,,305424,2,,,0,30,,305425,2,,,0,70,,305426,2,,,0,30,,305427,2,,,0,70,,305428,2,,,0,100,,305429,2,,,0
6301,'APR26DA-Weekday-40-1',609,,305430,44,,,0,26,,305431,44,,,0,15,,305432,44,,,0,57,,305433,44,,,0,21,,305479,44,,,0,10,,305434,44,,,0,14,,305435,44,,,0,54,,305436,44,,,0,19,,305437,44,,,0,13,,305438,44,,,0,17,,305439,44,,,0,59,,305440,44,,,0,14,,305441,44,,,0,25,,305442,44,,,0,70,,305443,44,,,0,30,,305444,44,,,0,69,,305445,44,,,0,25,,305446,44,,,0,71,,305447,44,,,0,30,,305448,44,,,0,69,,305449,44,,,0,30,,305450,44,,,0,70,,305451,44,,,0,30,,305452,44,,,0,76,,305453,44,,,0,33,,305454,49,,,0,70,,305455,49,,,0,29,,305456,49,,,0,56,,305472,49,,,0,17,,305457,49,,,0,15,,305473,49,,,0,16,,305458,49,,,0,52,,305474,49,,,0,14,,305480,49,,,0,15,,305478,49,,,0,15,,305459,49,,,0,55,,305475,49,,,0,14,,305460,49,,,0,15,,305476,49,,,0,10,,305461,49,,,0,55,,305477,49,,,0,30,,305462,49,,,0,70,,305463,49,,,0,30,,305464,49,,,0,70,,305465,49,,,0,28,,305466,49,,,0,70,,305467,49,,,0,33,,305468,49,,,0,70,,305469,49,,,0,30,,305470,49,,,0,16,,305471,29,,,0
6301,'APR26SAT-Saturday-21-1',802,,305481,44,,,0,37,,305482,44,,,0,71,,305483,44,,,0,30,,305484,44,,,0,70,,305485,44,,,0,30,,305486,44,,,0,72,,305487,44,,,0,31,,305488,44,,,0,70,,305489,44,,,0,30,,305490,44,,,0,70,,305491,44,,,0,30,,305492,44,,,0,70,,305493,44,,,0,30,,305494,44,,,0,70,,305495,44,,,0,30,,305496,44,,,0,70,,305497,44,,,0,30,,305498,44,,,0,70,,305499,44,,,0,30,,305500,44,,,0,70,,305501,44,,,0,30,,305502,44,,,0,70,,305503,44,,,0,30,,305504,44,,,0,68,,305505,44,,,0,30,,305506,44,,,0,69,,305507,44,,,0,30,,305508,44,,,0,70,,305509,44,,,0,30,,305510,44,,,0,70,,305511,44,,,0,33,,305512,44,,,0,70,,305513,44,,,0,30,,305514,44,,,0
6301,'APR26SUN-Sunday-16-1',801,,305515,44,,,0,101,,305516,44,,,0,100,,305517,44,,,0,103,,305518,44,,,0,30,,305519,44,,,0,70,,305520,44,,,0,30,,305521,44,,,0,70,,305522,44,,,0,30,,305523,44,,,0,70,,305524,44,,,0,30,,305525,44,,,0,70,,305526,44,,,0,30,,305527,44,,,0,70,,305528,44,,,0,30,,305529,44,,,0,70,,305530,44,,,0,30,,305531,44,,,0,70,,305532,44,,,0,30,,305533,44,,,0,70,,305534,44,,,0,30,,305535,44,,,0,68,,305536,44,,,0,30,,305537,44,,,0,69,,305538,44,,,0,30,,305539,44,,,0,70,,305540,44,,,0,30,,305541,44,,,0,70,,305542,44,,,0,103,,305543,44,,,0
6600,'APR26DA-Weekday-40-1',1445,,305544,26,,,0,73,,305545,26,,,0,30,,305546,26,,,0,69,,305547,26,,,0,33,,305548,26,,,0,68,,305549,26,,,0,29,,305550,26,,,0,73,,305553,26,,,0,21,,305551,26,,,0,66,,305552,26,,,0
6601,'APR26DA-Weekday-40-1',535,,305562,2,,,0,69,,305554,2,,,0,30,,305555,2,,,0,68,,305556,2,,,0,30,,305557,2,,,0,17,,305558,2,,,0,71,,305559,2,,,0,29,,305560,2,,,0,61,,305561,2,,,0
6700,'APR26DA-Weekday-40-1',638,,305563,31,,,0,81,,305564,31,,,0,35,,305565,31,,,0,67,,305566,31,,,0,30,,305567,31,,,0,70,,305568,31,,,0
6701,'APR26DA-Weekday-40-1',1613,,305659,2,,,0,26,,305660,2,,,0,69,,305661,2,,,0,31,,305662,2,,,0,69,,305663,2,,,0,35,,305664,2,,,0
7300,'APR26DA-Weekday-40-1',538,,306271,2,,,0,72,,306272,2,,,0,32,,306273,2,,,0,68,,306274,2,,,0,29,,306275,2,,,0,71,,306276,2,,,0,31,,306277,2,,,0,70,,306278,2,,,0
7301,'APR26DA-Weekday-40-1',1519,,306321,46,,,0,36,,306322,46,,,0,73,,306336,46,,,0,31,,306334,46,,,0,71,,306323,46,,,0,28,,306324,46,,,0,68,,306325,46,,,0,28,,306326,46,,,0,61,,306327,41,,,0
7400,'APR26DA-Weekday-40-1',610,,306337,2,,,0,36,,306338,2,,,0,70,,306339,2,,,0,32,,306386,2,,,0,57,,306340,2,,,0,14,,306341,2,,,0,15,,306388,2,,,0,14,,306342,2,,,0,55,,306343,2,,,0,15,,306344,2,,,0,15,,306345,2,,,0,15,,306346,2,,,0,55,,306347,2,,,0,15,,306348,2,,,0,15,,306394,2,,,0,14,,306349,2,,,0,55,,306350,2,,,0,15,,306351,2,,,0,15,,306352,2,,,0,15,,306353,2,,,0,55,,306354,2,,,0,15,,306355,2,,,0,15,,306384,2,,,0,15,,306356,2,,,0,55,,306357,2,,,0,15,,306358,2,,,0,15,,306359,2,,,0,15,,306360,2,,,0,55,,306393,2,,,0,14,,306361,2,,,0,16,,306385,2,,,0,15,,306362,2,,,0,55,,306363,2,,,0,15,,306364,2,,,0,15,,306365,2,,,0,19,,306366,2,,,0,54,,306367,2,,,0,14,,306368,2,,,0,15,,306369,2,,,0,16,,306370,2,,,0,54,,306371,2,,,0,14,,306372,2,,,0,15,,306391,2,,,0,15,,306373,2,,,0,55,,306382,2,0,43,0,15,,306392,2,,,0,15,,306374,2,0,43,0,15,,306375,2,,,0,55,,306383,2,0,43,0,30,,306376,2,,,0,68,,306390,2,0,43,0,30,,306389,2,,,0,70,,306377,2,0,43,0,30,,306378,2,,,0,70,,306379,2,0,43,0,29,,306380,2,,,0
7400,'APR26SAT-Saturday-21-1',900,,306395,2,,,0,30,,306396,2,,,0,70,,306397,2,,,0,30,,306398,2,,,0,70,,306399,2,,,0,30,,306400,2,,,0,70,,306401,2,,,0,30,,306402,2,,,0,70,,306403,2,,,0,30,,306404,2,,,0,70,,306405,2,,,0,30,,306406,2,,,0,70,,306407,2,,,0,30,,306408,2,,,0,70,,306409,2,,,0,30,,306410,2,,,0,70,,306411,2,,,0,30,,306412,2,,,0,70,,306413,2,,,0,30,,306414,2,,,0,70,,306415,2,,,0,30,,306416,2,,,0,70,,306417,2,,,0,30,,306418,2,,,0,70,,306419,2,,,0,30,,306420,2,,,0
7400,'APR26SUN-Sunday-16-1',1007,,306428,2,,,0,30,,306429,2,,,0,70,,306430,2,,,0,30,,306431,2,,,0,70,,306432,2,,,0,30,,306433,2,,,0,70,,306434,2,,,0,30,,306435,2,,,0,70,,306436,2,,,0,30,,306437,2,,,0,70,,306438,2,,,0,30,,306439,2,,,0,70,,306440,2,,,0,30,,306441,2,,,0,70,,306442,2,,,0,30,,306443,2,,,0,70,,306444,2,,,0
7401,'APR26DA-Weekday-40-1',632,,306452,33,,,0,24,,306453,33,,,0,59,,306454,33,,,0,17,,306502,33,,,0,15,,306455,33,,,0,55,,306456,33,,,0,14,,306457,33,,,0,14,,306458,33,,,0,16,,306459,33,,,0,54,,306460,33,,,0,15,,306504,33,,,0,17,,306501,33,,,0,17,,306461,33,,,0,51,,306462,33,,,0,15,,306503,33,,,0,15,,306463,33,,,0,15,,306464,33,,,0,55,,306465,33,,,0,15,,306466,33,,,0,15,,306467,33,,,0,15,,306468,33,,,0,55,,306469,33,,,0,15,,306508,33,,,0,15,,306470,33,,,0,15,,306471,33,,,0,55,,306472,33,,,0,15,,306473,33,,,0,15,,306474,33,,,0,15,,306475,33,,,0,55,,306476,33,,,0,15,,306500,33,,,0,16,,306477,33,,,0,15,,306478,33,,,0,55,,306479,33,,,0,15,,306480,33,,,0,15,,306481,33,,,0,71,,306482,33,,,0,31,,306483,33,,,0,17,,306484,33,,,0,57,,306485,33,,,0,15,,306486,33,,,0,15,,306487,33,,,0,15,,306488,33,,,0,55,,306489,33,,,0,13,,306490,33,,,0,14,,306491,33,,,0,15,,306492,33,,,0,68,,306493,33,,,0,26,,306506,33,,,0,70,,306507,33,,,0,30,,306494,33,,,0,68,,306495,33,,,0,30,,306496,33,,,0,70,,306505,33,,,0
7401,'APR26SAT-Saturday-21-1',848,,306512,33,,,0,71,,306513,33,,,0,30,,306514,33,,,0,71,,306515,33,,,0,31,,306516,33,,,0,70,,306517,33,,,0,30,,306518,33,,,0,70,,306519,33,,,0,31,,306520,33,,,0,70,,306521,33,,,0,30,,306522,33,,,0,70,,306523,33,,,0,30,,306524,33,,,0,70,,306525,33,,,0,30,,306526,33,,,0,70,,306527,33,,,0,29,,306528,33,,,0,70,,306529,33,,,0,28,,306530,33,,,0,70,,306531,33,,,0,30,,306532,33,,,0,70,,306533,33,,,0,30,,306534,33,,,0,70,,306535,33,,,0,29,,306536,33,,,0,70,,306537,33,,,0
7401,'APR26SUN-Sunday-16-1',1027,,306545,33,,,0,31,,306546,33,,,0,70,,306547,33,,,0,30,,306548,33,,,0,70,,306549,33,,,0,31,,306550,33,,,0,70,,306551,33,,,0,30,,306552,33,,,0,70,,306553,33,,,0,30,,306554,33,,,0,70,,306555,33,,,0,30,,306556,33,,,0,70,,306557,33,,,0,29,,306558,33,,,0,70,,306568,33,,,0
7500,'APR26DA-Weekday-40-1',403,,306569,18,,,0,26,,306570,18,,,0,30,,306643,18,0,15 16,0,73,,306650,18,0,15 16,0,70,,306571,18,0,15 16,0,12,,306572,18,0,15 16,0,21,,306573,39,0,15 16,0,14,,306580,18,0,15 16,0,58,,306574,39,0,15 16,0,9,,306581,18,0,15 16,0,10,,306582,18,0,15 16,0,10,,306575,39,0,15 16,0,10,,306583,18,0,15 16,0,3,,306576,39,0,15 16,0,51,,306584,18,0,15 16,0,11,,306577,39,0,15 16,0,11,,306585,18,0,15 16,0,13,,306578,39,0,15 16,0,12,,306586,18,0,15 16,0,10,,306579,39,0,15 16,0,58,,306587,39,0,15 16,0,20,,306588,39,0,15 16,0,17,,306589,39,0,15 16,0,52,,306590,39,0,15 16,0,12,,306591,39,0,15 16,0,14,,306592,39,0,15 16,0,15,,306593,39,0,15 16,0,55,,306594,39,0,15 16,0,15,,306595,39,0,15 16,0,15,,306596,39,0,15 16,0,15,,306597,39,0,15 16,0,55,,306598,39,0,15 16,0,15,,306599,39,0,15 16,0,15,,306600,39,0,15 16,0,15,,306601,39,0,15 16,0,55,,306602,39,0,15 16,0,15,,306603,39,0,15 16,0,15,,306604,39,0,15 16,0,15,,306651,18,0,15 16,0,55,,306605,39,0,15 16,0,15,,306606,18,0,15 16,0,15,,306607,39,0,15 16,0,15,,306608,18,0,15 16,0,55,,306609,39,0,15 16,0,15,,306610,18,0,15 16,0,15,,306611,39,0,15 16,0,15,,306642,18,0,15 16,0,61,,306612,39,0,15 16,0,17,,306625,18,0,15 16,0,20,,306613,39,0,15 16,0,12,,306626,18,0,15 16,0,54,,306654,39,0,15 16,0,13,,306627,18,0,15 16,0,14,,306614,39,0,15 16,0,13,,306628,18,0,15 16,0,58,,306615,39,0,15 16,0,12,,306629,18,0,15 16,0,13,,306616,39,0,15 16,0,15,,306630,18,0,15 16,0,55,,306617,39,0,15 16,0,13,,306631,18,0,15 16,0,17,,306618,39,0,15 16,0,15,,306632,18,0,15 16,0,59,,306619,39,0,15 16,0,14,,306633,18,0,15 16,0,16,,306620,39,0,15 16,0,18,,306648,18,0,15 16,0,53,,306621,39,0,15 16,0,15,,306646,18,0,15 16,0,16,,306644,39,0,15 16,0,14,,306652,18,0,15 16,0,54,,306622,39,0,15 16,0,16,,306634,18,0,15 16,0,13,,306623,39,0,15 16,0,15,,306645,18,0,15 16,0,55,,306647,39,0,15 16,0,14,,306635,18,0,15 16,0,20,,306624,39,0,15 16,0,61,,306636,18,0,15 16,0,30,,306653,18,0,15 16,0,70,,306637,18,,,0,29,,306638,18,,,0,29,,306639,18,,,0,69,,306649,18,,,0,30,,306640,18,,,0,80,,306641,18,,,0
7500,'APR26SAT-Saturday-21-1',404,,306690,18,,,0,30,,306691,18,,,0,70,,306692,18,,,0,30,,306693,18,,,0,72,,306694,18,0,15 16,0,23,,306695,18,0,15 16,0,20,,306696,18,0,15 16,0,60,,306697,18,0,15 16,0,18,,306698,18,0,15 16,0,18,,306699,18,0,15 16,0,57,,306655,39,0,15 16,0,13,,306700,18,0,15 16,0,15,,306701,18,0,15 16,0,15,,306702,18,0,15 16,0,57,,306656,39,0,15 16,0,14,,306703,18,0,15 16,0,16,,306657,39,0,15 16,0,14,,306704,18,0,15 16,0,58,,306658,39,0,15 16,0,12,,306705,18,0,15 16,0,16,,306659,39,0,15 16,0,14,,306706,18,0,15 16,0,57,,306660,39,0,15 16,0,13,,306707,18,0,15 16,0,17,,306661,39,0,15 16,0,13,,306708,18,0,15 16,0,57,,306662,39,0,15 16,0,13,,306709,18,0,15 16,0,17,,306663,39,0,15 16,0,13,,306710,18,0,15 16,0,57,,306664,39,0,15 16,0,15,,306665,39,0,15 16,0,15,,306666,39,0,15 16,0,15,,306667,39,0,15 16,0,55,,306668,39,0,15 16,0,13,,306711,18,0,15 16,0,17,,306669,39,0,15 16,0,13,,306712,18,0,15 16,0,57,,306670,39,0,15 16,0,13,,306713,18,0,15 16,0,17,,306671,39,0,15 16,0,13,,306714,18,0,15 16,0,57,,306672,39,0,15 16,0,13,,306715,18,0,15 16,0,17,,306673,39,0,15 16,0,15,,306674,39,0,15 16,0,55,,306675,39,0,15 16,0,15,,306676,39,0,15 16,0,15,,306677,39,0,15 16,0,13,,306716,18,0,15 16,0,57,,306678,39,0,15 16,0,10,,306717,18,0,15 16,0,16,,306679,39,0,15 16,0,13,,306718,18,0,15 16,0,17,,306680,39,0,15 16,0,53,,306719,18,0,15 16,0,17,,306681,39,0,15 16,0,13,,306720,18,0,15 16,0,17,,306682,39,0,15 16,0,53,,306721,18,0,15 16,0,17,,306683,39,0,15 16,0,13,,306722,18,0,15 16,0,17,,306684,39,0,15 16,0,52,,306723,18,0,15 16,0,18,,306685,39,0,15 16,0,12,,306724,18,0,15 16,0,17,,306686,39,0,15 16,0,53,,306725,18,0,15 16,0,17,,306687,39,0,15 16,0,13,,306726,18,0,15 16,0,17,,306688,39,0,15 16,0,53,,306727,18,0,15 16,0,17,,306689,39,0,15 16,0,18,,306728,18,0,15 16,0,55,,306729,18,0,15 16,0,15,,306730,18,0,15 16,0,15,,306731,18,0,15 16,0,15,,306732,18,0,15 16,0,66,,306733,18,0,15 16,0,30,,306734,18,0,15 16,0,70,,306735,18,,,0,30,,306736,18,,,0,70,,306737,18,,,0,30,,306738,18,,,0
7500,'APR26SUN-Sunday-16-1',410,,306761,18,,,0,31,,306762,18,,,0,70,,306763,18,,,0,30,,306764,18,,,0,65,,306765,18,,,0,30,,306766,18,,,0,70,,306767,18,,,0,20,,306768,18,,,0,26,,306739,39,0,15 16,0,70,,306769,18,0,15 16,0,30,,306740,39,0,15 16,0,55,,306770,18,0,15 16,0,15,,306771,18,0,15 16,0,15,,306772,18,0,15 16,0,15,,306741,39,0,15 16,0,55,,306773,18,0,15 16,0,15,,306742,39,0,15 16,0,16,,306774,18,0,15 16,0,15,,306743,39,0,15 16,0,55,,306775,18,0,15 16,0,15,,306744,39,0,15 16,0,15,,306776,18,0,15 16,0,15,,306745,39,0,15 16,0,55,,306777,18,0,15 16,0,15,,306746,39,0,15 16,0,15,,306778,18,0,15 16,0,15,,306747,39,0,15 16,0,55,,306779,18,0,15 16,0,15,,306748,39,0,15 16,0,15,,306780,18,0,15 16,0,15,,306749,39,0,15 16,0,55,,306781,18,0,15 16,0,15,,306750,39,0,15 16,0,15,,306782,18,0,15 16,0,15,,306751,39,0,15 16,0,55,,306783,18,0,15 16,0,15,,306752,39,0,15 16,0,15,,306784,18,0,15 16,0,15,,306753,39,0,15 16,0,55,,306785,18,0,15 16,0,15,,306754,39,0,15 16,0,15,,306786,18,0,15 16,0,15,,306755,39,0,15 16,0,55,,306787,18,0,15 16,0,13,,306756,39,0,15 16,0,17,,306788,18,0,15 16,0,15,,306757,39,0,15 16,0,55,,306789,18,0,15 16,0,15,,306758,39,0,15 16,0,15,,306790,18,0,15 16,0,15,,306759,39,0,15 16,0,55,,306791,18,0,15 16,0,15,,306792,18,0,15 16,0,15,,306793,18,0,15 16,0,15,,306760,39,0,15 16,0,55,,306794,18,0,15 16,0,15,,306795,18,0,15 16,0,15,,306796,18,0,15 16,0,15,,306797,18,0,15 16,0,55,,306798,18,0,15 16,0,15,,306799,18,0,15 16,0,15,,306800,18,0,15 16,0,15,,306801,18,0,15 16,0,55,,306802,18,0,15 16,0,15,,306803,18,0,15 16,0,14,,306804,18,0,15 16,0,15,,306805,18,0,15 16,0,55,,306806,18,,,0,35,,306807,18,,,0,70,,306808,18,,,0,30,,306809,18,,,0,70,,306810,18,,,0,30,,306811,18,,,0,70,,306812,18,,,0,30,,306813,18,,,0,70,,306814,18,,,0
7501,'APR26DA-Weekday-40-1',324,,306900,17,0,64 65,0,28,,306904,17,0,64 65,0,72,,306815,17,0,64 65,0,25,,306816,17,,,0,79,,306817,3,,,0,29,,306818,3,,,0,56,,306819,3,0,64 65,0,17,,306820,3,,,0,16,,306821,3,0,64 65,0,54,,306822,3,,,0,12,,306823,3,0,64 65,0,19,,306824,3,,,0,16,,306825,3,0,64 65,0,11,,306826,3,,,0,65,,306827,3,0,64 65,0,9,,306828,3,,,0,16,,306829,3,0,64 65,0,54,,306830,3,,,0,17,,306831,3,,,0,15,,306832,3,,,0,15,,306833,3,,,0,55,,306834,3,,,0,15,,306835,3,,,0,15,,306836,3,,,0,15,,306837,3,,,0,55,,306838,3,,,0,15,,306839,3,,,0,15,,306840,3,,,0,15,,306841,3,,,0,55,,306905,3,,,0,15,,306842,3,0,64 65,0,15,,306843,3,,,0,15,,306844,3,0,64 65,0,55,,306845,3,,,0,15,,306846,3,0,64 65,0,15,,306847,3,,,0,15,,306848,3,0,64 65,0,55,,306849,3,,,0,15,,306850,3,,,0,15,,306851,3,,,0,14,,306852,3,,,0,53,,306853,3,,,0,10,,306854,3,0,64 65,0,12,,306855,3,,,0,8,,306856,3,0,64 65,0,9,,306857,3,,,0,5,,306858,3,0,64 65,0,11,,306859,3,,,0,47,,306860,3,0,64 65,0,6,,306896,3,,,0,8,,306861,3,0,64 65,0,9,,306862,3,,,0,6,,306863,3,,,0,8,,306895,3,0,64 65,0,6,,306864,3,,,0,8,,306865,3,0,64 65,0,47,,306866,3,,,0,8,,306867,3,0,64 65,0,6,,306868,3,,,0,9,,306869,3,0,64 65,0,7,,306870,3,,,0,8,,306871,3,0,64 65,0,5,,306872,3,,,0,10,,306873,3,0,64 65,0,5,,306874,3,,,0,50,,306875,3,,,0,5,,306876,3,0,64 65,0,10,,306877,3,,,0,5,,306901,3,0,64 65,0,10,,306878,3,,,0,15,,306879,3,,,0,56,,306880,3,0,64 65,0,14,,306881,3,,,0,14,,306898,3,0,64 65,0,16,,306882,3,,,0,55,,306883,3,0,64 65,0,16,,306884,3,,,0,14,,306907,3,0,64 65,0,16,,306885,3,,,0,54,,306902,3,0,64 65,0,16,,306886,3,,,0,14,,306899,3,0,64 65,0,16,,306887,3,,,0,73,,306906,3,,,0,31,,306888,3,,,0,65,,306897,3,0,64 65,0,30,,306889,3,0,64 65,0,72,,306890,3,0,64 65,0,75,,306903,3,0,64 65,0,27,,306891,3,0,64 65,0,30,,306892,17,0,64 65,0,68,,306893,17,0,64 65,0,30,,306894,17,0,64 65,0
7501,'APR26SAT-Saturday-21-1',329,,306908,17,0,64 65,0,30,,306909,17,0,64 65,0,70,,306910,17,0,64 65,0,30,,306911,17,0,64 65,0,70,,306912,17,0,64 65,0,30,,306913,17,,,0,60,,306915,3,0,64 65,0,15,,306916,3,0,64 65,0,15,,306917,3,,,0,55,,306918,3,0,64 65,0,15,,306919,3,0,64 65,0,15,,306920,3,,,0,15,,306921,3,0,64 65,0,55,,306922,3,,,0,15,,306923,3,0,64 65,0,15,,306924,3,,,0,15,,306925,3,0,64 65,0,55,,306926,3,,,0,15,,306927,3,0,64 65,0,15,,306928,3,,,0,15,,306929,3,0,64 65,0,55,,306930,3,,,0,15,,306931,3,0,64 65,0,15,,306932,3,,,0,15,,306933,3,0,64 65,0,55,,306934,3,,,0,15,,306935,3,0,64 65,0,15,,306936,3,,,0,15,,306937,3,,,0,55,,306938,3,,,0,15,,306939,3,,,0,15,,306940,3,,,0,15,,306941,3,0,64 65,0,55,,306942,3,,,0,15,,306943,3,0,64 65,0,15,,306944,3,,,0,15,,306945,3,0,64 65,0,55,,306946,3,,,0,15,,306947,3,0,64 65,0,15,,306948,3,,,0,15,,306949,3,,,0,55,,306950,3,,,0,15,,306951,3,,,0,15,,306952,3,,,0,15,,306953,3,0,64 65,0,55,,306954,3,,,0,15,,306955,3,0,64 65,0,15,,306956,3,,,0,15,,306957,3,0,64 65,0,55,,306958,3,,,0,15,,306959,3,0,64 65,0,15,,306960,3,,,0,15,,306961,3,0,64 65,0,55,,306962,3,,,0,15,,306963,3,0,64 65,0,15,,306964,3,,,0,15,,306965,3,0,64 65,0,55,,306966,3,,,0,15,,306967,3,0,64 65,0,15,,306968,3,,,0,15,,306969,3,0,64 65,0,55,,306970,3,,,0,15,,306971,3,0,64 65,0,15,,306972,3,,,0,15,,306973,3,0,64 65,0,55,,306974,3,,,0,15,,306975,3,0,64 65,0,15,,306976,3,,,0,15,,306977,3,0,64 65,0,55,,306978,3,0,64 65,0,15,,306979,3,0,64 65,0,15,,306980,3,0,64 65,0,15,,306981,3,0,64 65,0,55,,306982,3,0,64 65,0,15,,306983,3,0,64 65,0,15,,306984,3,0,64 65,0,23,,306985,3,0,64 65,0,70,,306986,3,0,64 65,0,30,,306987,3,0,64 65,0,70,,306988,3,0,64 65,0,30,,306989,3,0,64 65,0,70,,306990,3,0,64 65,0,74,,306914,17,0,64 65,0
7501,'APR26SUN-Sunday-16-1',332,,306991,17,0,64 65,0,70,,306992,17,0,64 65,0,30,,306993,17,0,64 65,0,70,,306994,17,0,64 65,0,30,,306995,17,0,64 65,0,70,,306996,17,0,64 65,0,25,,306997,17,,,0,75,,306998,17,0,64 65,0,30,,306999,17,,,0,70,,307000,17,0,64 65,0,15,,307001,17,0,64 65,0,15,,307009,3,,,0,15,,307010,3,0,64 65,0,55,,307011,3,,,0,15,,307012,3,0,64 65,0,15,,307013,3,,,0,15,,307014,3,0,64 65,0,55,,307015,3,,,0,15,,307016,3,0,64 65,0,15,,307017,3,,,0,15,,307018,3,0,64 65,0,55,,307019,3,,,0,15,,307020,3,0,64 65,0,15,,307021,3,,,0,15,,307022,3,0,64 65,0,55,,307023,3,,,0,15,,307024,3,0,64 65,0,15,,307025,3,,,0,15,,307026,3,0,64 65,0,55,,307027,3,,,0,15,,307028,3,0,64 65,0,15,,307029,3,,,0,15,,307030,3,0,64 65,0,55,,307031,3,,,0,15,,307032,3,0,64 65,0,15,,307033,3,,,0,15,,307034,3,0,64 65,0,55,,307035,3,,,0,15,,307036,3,0,64 65,0,15,,307037,3,,,0,15,,307038,3,0,64 65,0,55,,307039,3,,,0,15,,307040,3,0,64 65,0,15,,307041,3,,,0,15,,307042,3,0,64 65,0,55,,307043,3,,,0,15,,307044,3,0,64 65,0,15,,307045,3,,,0,15,,307046,3,0,64 65,0,55,,307047,3,,,0,15,,307048,3,0,64 65,0,15,,307049,3,,,0,15,,307050,3,0,64 65,0,55,,307051,3,0,64 65,0,15,,307052,3,0,64 65,0,16,,307053,3,0,64 65,0,15,,307054,3,0,64 65,0,55,,307055,3,0,64 65,0,15,,307056,3,0,64 65,0,15,,307057,3,0,64 65,0,15,,307058,3,0,64 65,0,55,,307059,3,0,64 65,0,15,,307060,3,0,64 65,0,15,,307061,3,0,64 65,0,15,,307062,3,0,64 65,0,60,,307063,3,0,64 65,0,25,,307064,3,0,64 65,0,70,,307065,3,0,64 65,0,30,,307066,3,0,64 65,0,70,,307002,17,0,64 65,0,30,,307003,17,0,64 65,0,70,,307004,17,0,64 65,0,30,,307005,17,0,64 65,0,70,,307006,17,0,64 65,0,30,,307007,17,0,64 65,0,70,,307008,17,0,64 65,0
8100,'APR26DA-Weekday-40-1',615,,307349,69,,,0,37,,307316,69,,,0,73,,307317,69,,,0,30,,307318,69,,,0,71,,307319,69,,,0,77,,307320,69,,,0,25,,307321,69,,,0,27,,307322,69,,,0,69,,307323,69,,,0,31,,307324,69,,,0,69,,307325,69,,,0,30,,307326,69,,,0,70,,307327,69,,,0,30,,307328,69,,,0,70,,307329,69,,,0,30,,307330,69,,,0,72,,307331,69,,,0,33,,307332,69,,,0,71,,307333,69,,,0,73,,307334,69,,,0,37,,307335,69,,,0,97,,307336,69,,,0,68,,307337,69,,,0,27,,307338,69,,,0,24,,307339,69,,,0,92,,307340,69,,,0,69,,307341,69,,,0,30,,307342,69,,,0,68,,307343,69,,,0,30,,307344,69,,,0,69,,307345,69,,,0,29,,307346,69,,,0,100,,307347,69,,,0,89,,307348,69,,,0
8100,'APR26SAT-Saturday-21-1',809,,307350,68,,,0,30,,307370,68,,,0,70,,307351,68,,,0,30,,307369,68,,,0,70,,307352,68,,,0,30,,307377,68,,,0,72,,307353,68,,,0,30,,307378,68,,,0,70,,307354,68,,,0,30,,307376,68,,,0,71,,307355,68,,,0,30,,307367,68,,,0,70,,307356,68,,,0,30,,307368,68,,,0,70,,307357,68,,,0,30,,307375,68,,,0,70,,307358,68,,,0,30,,307374,68,,,0,70,,307359,68,,,0,30,,307373,68,,,0,70,,307360,68,,,0,30,,307372,68,,,0,69,,307361,68,,,0,30,,307371,68,,,0,70,,307362,68,,,0,100,,307363,68,,,0,98,,307364,68,,,0,100,,307365,68,,,0,100,,307366,68,,,0
8100,'APR26SUN-Sunday-16-1',806,,307379,68,,,0,30,,307395,68,,,0,70,,307380,68,,,0,30,,307396,68,,,0,70,,307381,68,,,0,30,,307397,68,,,0,72,,307382,68,,,0,30,,307398,68,,,0,70,,307383,68,,,0,30,,307399,68,,,0,71,,307384,68,,,0,30,,307400,68,,,0,70,,307385,68,,,0,30,,307401,68,,,0,70,,307386,68,,,0,30,,307402,68,,,0,70,,307387,68,,,0,30,,307403,68,,,0,70,,307388,68,,,0,30,,307404,68,,,0,70,,307389,68,,,0,30,,307405,68,,,0,69,,307390,68,,,0,100,,307391,68,,,0,100,,307392,68,,,0,98,,307393,68,,,0,100,,307394,68,,,0
8101,'APR26DA-Weekday-40-1',618,,307406,15,,,0,24,,307407,15,,,0,72,,307408,15,,,0,29,,307409,15,,,0,71,,307410,15,,,0,32,,307411,15,,,0,69,,307412,15,,,0,29,,307413,15,,,0,70,,307414,15,,,0,29,,307415,15,,,0,69,,307416,15,,,0,30,,307417,15,,,0,70,,307418,15,,,0,30,,307419,15,,,0,70,,307420,15,,,0,30,,307421,15,,,0,70,,307422,15,,,0,29,,307423,15,,,0,99,,307424,15,,,0,70,,307425,15,,,0,30,,307426,15,,,0,70,,307427,15,,,0,99,,307428,15,,,0,30,,307429,15,,,0,70,,307430,15,,,0,30,,307431,15,,,0,69,,307432,15,,,0,30,,307433,15,,,0,71,,307434,15,,,0,30,,307435,15,,,0,69,,307436,15,,,0,30,,307437,15,,,0,109,,307438,15,,,0
8101,'APR26SAT-Saturday-21-1',635,,307439,15,,,0,100,,307440,15,,,0,70,,307460,15,,,0,30,,307441,15,,,0,70,,307458,15,,,0,30,,307442,15,,,0,70,,307468,15,,,0,30,,307443,15,,,0,70,,307469,15,,,0,30,,307444,15,,,0,70,,307464,15,,,0,31,,307445,15,,,0,70,,307463,15,,,0,30,,307446,15,,,0,70,,307465,15,,,0,30,,307447,15,,,0,70,,307461,15,,,0,30,,307448,15,,,0,70,,307459,15,,,0,30,,307449,15,,,0,70,,307462,15,,,0,30,,307450,15,,,0,70,,307467,15,,,0,29,,307451,15,,,0,70,,307466,15,,,0,30,,307452,15,,,0,100,,307453,15,,,0,100,,307454,15,,,0,100,,307455,15,,,0,100,,307456,15,,,0,100,,307457,15,,,0
8101,'APR26SUN-Sunday-16-1',833,,307470,15,,,0,70,,307488,15,,,0,30,,307471,15,,,0,70,,307489,15,,,0,30,,307472,15,,,0,70,,307490,15,,,0,30,,307473,15,,,0,70,,307491,15,,,0,31,,307474,15,,,0,70,,307492,15,,,0,30,,307475,15,,,0,70,,307493,15,,,0,30,,307476,15,,,0,70,,307494,15,,,0,30,,307477,15,,,0,70,,307495,15,,,0,30,,307478,15,,,0,70,,307487,15,,,0,30,,307479,15,,,0,70,,307486,15,,,0,29,,307480,15,,,0,100,,307481,15,,,0,100,,307482,15,,,0,100,,307483,15,,,0,100,,307484,15,,,0,100,,307485,15,,,0
8200,'APR26DA-Weekday-40-1',1457,,307513,2,,,0,70,,307514,2,,,0,31,,307515,2,,,0,69,,307516,2,,,0,31,,307517,2,,,0,69,,307518,2,,,0,30,,307519,2,,,0
8201,'APR26DA-Weekday-40-1',540,,307590,59,,,0,84,,307591,60,,,0,85,,307592,60,,,0,35,,307593,60,,,0,75,,307594,60,,,0,28,,307595,60,,,0,65,,307596,60,,,0,26,,307597,60,,,0
8700,'APR26DA-Weekday-40-1',610,,308262,10,,,0,30,,308263,10,,,0,19,,308264,10,,,0,57,,308265,10,,,0,12,,308266,10,,,0,15,,308267,10,,,0,60,,308312,20,,,0,12,,308269,10,,,0,19,,308270,20,,,0,18,,308271,20,,,0,56,,308272,20,,,0,28,,308273,20,,,0,15,,308274,20,,,0,55,,308275,20,,,0,15,,308276,20,,,0,15,,308277,20,,,0,15,,308278,20,,,0,55,,308279,20,,,0,15,,308280,20,,,0,15,,308281,20,,,0,15,,308282,20,,,0,55,,308283,20,,,0,15,,308284,20,,,0,15,,308285,20,,,0,15,,308286,20,,,0,55,,308287,20,,,0,16,,308288,20,,,0,15,,308289,20,,,0,15,,308290,20,,,0,55,,308291,20,,,0,15,,308292,20,,,0,15,,308293,20,,,0,15,,308294,20,,,0,55,,308295,20,,,0,15,,308296,20,,,0,32,,308297,20,,,0,56,,308298,20,,,0,15,,308299,20,,,0,15,,308300,20,,,0,15,,308301,20,,,0,56,,308302,20,,,0,29,,308303,20,,,0,70,,308304,20,,,0,27,,308305,20,,,0,70,,308306,20,,,0,29,,308307,20,,,0,68,,308308,20,,,0,33,,308309,20,,,0,68,,308310,20,,,0,30,,308311,20,,,0,70,,308268,20,,,0
8700,'APR26SAT-Saturday-21-1',759,,308313,10,,,0,70,,308314,20,,,0,30,,308315,20,,,0,70,,308316,20,,,0,30,,308317,20,,,0,70,,308318,20,,,0,30,,308319,20,,,0,70,,308320,20,,,0,30,,308321,20,,,0,70,,308322,20,,,0,30,,308323,20,,,0,70,,308324,20,,,0,71,,308325,20,,,0,30,,308326,20,,,0,70,,308327,20,,,0,30,,308328,20,,,0,70,,308329,20,,,0,30,,308330,20,,,0,70,,308331,20,,,0,29,,308332,20,,,0,30,,308333,20,,,0,70,,308334,20,,,0,30,,308335,20,,,0
8700,'APR26SUN-Sunday-16-1',1052,,308336,20,,,0,70,,308337,20,,,0,30,,308338,20,,,0,70,,308339,20,,,0,30,,308340,20,,,0,70,,308341,20,,,0,30,,308342,20,,,0,70,,308343,20,,,0,30,,308344,20,,,0,70,,308345,20,,,0,30,,308346,20,,,0,70,,308347,20,,,0,30,,308348,20,,,0,69,,308349,20,,,0,30,,308350,20,,,0,70,,308351,20,,,0,30,,308352,20,,,0
8701,'APR26DA-Weekday-40-1',631,,308353,2,0,79,0,21,,308354,2,0,79,0,63,,308355,2,0,79,0,13,,308356,2,,,0,15,,308357,2,,,0,57,,308358,2,,,0,15,,308359,2,,,0,30,,308360,2,,,0,55,,308361,2,,,0,15,,308362,2,,,0,15,,308363,2,,,0,15,,308364,2,,,0,55,,308365,2,,,0,15,,308366,2,,,0,15,,308367,2,,,0,15,,308368,2,,,0,55,,308369,2,,,0,15,,308370,2,,,0,15,,308371,2,,,0,15,,308372,2,,,0,55,,308373,2,,,0,15,,308374,2,,,0,15,,308375,2,,,0,15,,308376,2,,,0,55,,308377,2,,,0,15,,308378,2,,,0,15,,308379,2,,,0,15,,308380,2,,,0,55,,308381,2,,,0,14,,308382,2,,,0,15,,308383,2,,,0,13,,308384,2,,,0,15,,308385,2,,,0,55,,308386,2,,,0,16,,308387,2,,,0,15,,308388,2,,,0,14,,308389,2,,,0,57,,308390,2,,,0,13,,308391,2,,,0,14,,308392,2,,,0,15,,308393,2,,,0,55,,308394,2,,,0,15,,308395,2,,,0,17,,308396,2,,,0,16,,308397,2,,,0,55,,308398,2,,,0,29,,308399,2,,,0,71,,308400,2,,,0,33,,308401,2,,,0,68,,308402,2,,,0,33,,308403,2,,,0,70,,308404,2,,,0,30,,308405,2,,,0
8701,'APR26SAT-Saturday-21-1',823,,308406,2,,,0,30,,308407,2,,,0,70,,308408,2,,,0,30,,308409,2,,,0,70,,308410,2,,,0,30,,308411,2,,,0,70,,308412,2,,,0,30,,308413,2,,,0,70,,308414,2,,,0,30,,308415,2,,,0,70,,308416,2,,,0,30,,308417,2,,,0,70,,308418,2,,,0,30,,308419,2,,,0,70,,308420,2,,,0,30,,308421,2,,,0,70,,308422,2,,,0,30,,308423,2,,,0,70,,308424,2,,,0,30,,308425,2,,,0,70,,308426,2,,,0,30,,308427,2,,,0,70,,308428,2,,,0
8701,'APR26SUN-Sunday-16-1',1111,,308429,2,,,0,30,,308430,2,,,0,70,,308431,2,,,0,30,,308432,2,,,0,70,,308433,2,,,0,30,,308434,2,,,0,70,,308435,2,,,0,30,,308436,2,,,0,70,,308437,2,,,0,30,,308438,2,,,0,70,,308439,2,,,0,30,,308440,2,,,0,70,,308441,2,,,0,30,,308442,2,,,0,70,,308443,2,,,0,30,,308444,2,,,0,70,,308445,2,,,0
25600,'APR26DA-Weekday-40-1',605,,312075,47,4,,0,31,,312076,47,4,,0,69,,312077,47,4,,0,29,,312078,47,4,,0,70,,312079,47,4,,0,32,,312080,47,4,,0,71,,312081,47,4,,0
25601,'APR26DA-Weekday-40-1',1501,,312088,2,,,0,35,,312082,2,,,0,68,,312083,2,,,0,30,,312084,2,,,0,70,,312085,2,,,0,30,,312086,2,,,0,70,,312089,2,,,0,36,,312087,2,,,0
26100,'APR26DA-Weekday-40-1',623,,312090,28,4,,0,89,,312091,28,4,,0,44,,312092,28,4,,0,93,,312093,28,4,,0
26101,'APR26DA-Weekday-40-1',1526,,312095,2,,,0,91,,312096,2,,,0,94,,312097,2,,,0,108,,312094,2,,,0
26200,'APR26DA-Weekday-40-1',616,,312098,28,4,,0,99,,312099,28,4,,0,27,,312100,28,4,,0,97,,312101,28,4,,0
26201,'APR26DA-Weekday-40-1',1510,,312102,2,,,0,102,,312103,2,,,0,28,,312104,2,,,0,94,,312105,2,,,0,102,,312106,2,,,0
26300,'APR26DA-Weekday-40-1',647,,312107,41,4,,0,108,,312109,41,4,,0,99,,312108,41,4,,0
26301,'APR26DA-Weekday-40-1',1540,,312110,2,,,0,87,,312111,2,,,0,100,,312113,2,,,0,93,,312112,2,,,0
26500,'APR26DA-Weekday-40-1',629,,312114,47,4,,0,74,,312115,47,4,,0,28,,312116,47,4,,0,73,,312117,47,4,,0,27,,312118,47,4,,0,73,,312119,47,4,,0,27,,312120,47,4,,0
26501,'APR26DA-Weekday-40-1',1535,,312127,2,,,0,71,,312121,2,,,0,29,,312122,2,,,0,70,,312123,2,,,0,30,,312124,2,,,0,70,,312125,2,,,0,30,,312126,2,,,0
26600,'APR26DA-Weekday-40-1',623,,312128,38,4,,0,84,,312129,38,4,,0,44,,312130,38,4,,0,102,,312131,38,4,,0
26601,'APR26DA-Weekday-40-1',1527,,312132,2,,,0,89,,312133,2,,,0,95,,312134,2,,,0,109,,312135,2,,,0
27500,'APR26DA-Weekday-40-1',629,,312136,34,4,,0,28,,312137,34,4,,0,71,,312138,34,4,,0,25,,312139,34,4,,0,74,,312140,34,4,,0,86,,312141,34,4,,0
27700,'APR26DA-Weekday-40-1',638,,312154,28,4,,0,72,,312149,28,4,,0,30,,312150,28,4,,0,71,,312151,28,4,,0,32,,312152,28,4,,0,83,,312153,28,4,,0
27900,'APR26DA-Weekday-40-1',704,,312162,44,4,,0,103,,312163,44,4,,0,102,,312165,44,4,,0
