'14-1',9201,62040,,'',0,3000,,'',0,7000,,'',0,2200,,'',0,7900,,'',0,3060,,'',0,10100,0,'Walkley',0,10000,0,'Walkley',0,10000,0,'Walkley',0,10100,0,'Walkley',0,10000,0,'Walkley',0,10000,0,'Walkley',0,6100,0,'Walkley',0,23940,0,'Walkley',0,10000,0,'Walkley',0,9660,0,'Walkley',0,10000,0,'Walkley',0,10000,0,'Walkley',0,9900,0,'Walkley',0
'2-1',9201,62040,,'',0,3000,,'',0,7000,,'',0,2200,,'',0,7900,,'',0,3060,,'',0,10100,0,'Walkley',0,10000,0,'Walkley',0,10000,0,'Walkley',0,10100,0,'Walkley',0,10000,0,'Walkley',0,10000,0,'Walkley',0,6100,0,'Walkley',0,23940,0,'Walkley',0,10000,0,'Walkley',0,9660,0,'Walkley',0,10000,0,'Walkley',0,10000,0,'Walkley',0,9900,0,'Walkley',0
'3-1',9201,62040,,'',0,3000,,'',0,7000,,'',0,2200,,'',0,7900,,'',0,3060,,'',0,10100,0,'Walkley',0,10000,0,'Walkley',0,10000,0,'Walkley',0,10100,0,'Walkley',0,10000,0,'Walkley',0,10000,0,'Walkley',0,6100,0,'Walkley',0,23940,0,'Walkley',0,10000,0,'Walkley',0,9660,0,'Walkley',0,10000,0,'Walkley',0,10000,0,'Walkley',0,9900,0,'Walkley',0
'6-1',9201,62040,,'',0,3000,,'',0,7000,,'',0,2200,,'',0,7900,,'',0,3060,,'',0,10100,0,'Walkley',0,10000,0,'Walkley',0,10000,0,'Walkley',0,10100,0,'Walkley',0,10000,0,'Walkley',0,10000,0,'Walkley',0,6100,0,'Walkley',0,23940,0,'Walkley',0,10000,0,'Walkley',0,9660,0,'Walkley',0,10000,0,'Walkley',0,10000,0,'Walkley',0,9900,0,'Walkley',0
'7-1',9201,62040,,'',0,3000,,'',0,7000,,'',0,2200,,'',0,7900,,'',0,3060,,'',0,10100,0,'Walkley',0,10000,0,'Walkley',0,10000,0,'Walkley',0,10100,0,'Walkley',0,10000,0,'Walkley',0,10000,0,'Walkley',0,6100,0,'Walkley',0,23940,0,'Walkley',0,10000,0,'Walkley',0,9660,0,'Walkley',0,10000,0,'Walkley',0,10000,0,'Walkley',0,9900,0,'Walkley',0
'8-1',9201,62040,,'',0,3000,,'',0,7000,,'',0,2200,,'',0,7900,,'',0,3060,,'',0,10100,0,'Walkley',0,10000,0,'Walkley',0,10000,0,'Walkley',0,10100,0,'Walkley',0,10000,0,'Walkley',0,10000,0,'Walkley',0,6100,0,'Walkley',0,23940,0,'Walkley',0,10000,0,'Walkley',0,9660,0,'Walkley',0,10000,0,'Walkley',0,10000,0,'Walkley',0,9900,0,'Walkley',0
'9-1',9201,62040,,'',0,3000,,'',0,7000,,'',0,2200,,'',0,7900,,'',0,3060,,'',0,10100,0,'Walkley',0,10000,0,'Walkley',0,10000,0,'Walkley',0,10100,0,'Walkley',0,10000,0,'Walkley',0,10000,0,'Walkley',0,6100,0,'Walkley',0,23940,0,'Walkley',0,10000,0,'Walkley',0,9660,0,'Walkley',0,10000,0,'Walkley',0,10000,0,'Walkley',0,9900,0,'Walkley',0
'14-1',64000,83250,,'',0
'2-1',64000,83250,,'',0
'3-1',64000,83250,,'',0
'6-1',64000,83250,,'',0
'7-1',64000,83250,,'',0
'8-1',64000,83250,,'',0
'9-1',64000,83250,,'',0
