'14-1',2600,152940,,'',0
'14-1',2601,60340,0,'Blair',0,10200,0,'Blair',0,3070,0,'Blair',0,7100,0,'Blair',0,890,,'',0,2110,0,'Blair',0,7000,0,'Blair',0,60830,0,'Blair',0,3000,0,'Blair',0,7000,0,'Blair',0,3000,0,'Blair',0,7000,0,'Blair',0,2900,0,'Blair',0,7000,0,'Blair',0
'2-1',2600,152940,,'',0
'2-1',2601,60340,0,'Blair',0,10200,0,'Blair',0,3070,0,'Blair',0,7100,0,'Blair',0,890,,'',0,2110,0,'Blair',0,7000,0,'Blair',0,60830,0,'Blair',0,3000,0,'Blair',0,7000,0,'Blair',0,3000,0,'Blair',0,7000,0,'Blair',0,2900,0,'Blair',0,7000,0,'Blair',0
'3-1',2600,152940,,'',0
'3-1',2601,60340,0,'Blair',0,10200,0,'Blair',0,3070,0,'Blair',0,7100,0,'Blair',0,890,,'',0,2110,0,'Blair',0,7000,0,'Blair',0,60830,0,'Blair',0,3000,0,'Blair',0,7000,0,'Blair',0,3000,0,'Blair',0,7000,0,'Blair',0,2900,0,'Blair',0,7000,0,'Blair',0
'6-1',2600,152940,,'',0
'6-1',2601,60340,0,'Blair',0,10200,0,'Blair',0,3070,0,'Blair',0,7100,0,'Blair',0,890,,'',0,2110,0,'Blair',0,7000,0,'Blair',0,60830,0,'Blair',0,3000,0,'Blair',0,7000,0,'Blair',0,3000,0,'Blair',0,7000,0,'Blair',0,2900,0,'Blair',0,7000,0,'Blair',0
'7-1',2600,152940,,'',0
'7-1',2601,60340,0,'Blair',0,10200,0,'Blair',0,3070,0,'Blair',0,7100,0,'Blair',0,890,,'',0,2110,0,'Blair',0,7000,0,'Blair',0,60830,0,'Blair',0,3000,0,'Blair',0,7000,0,'Blair',0,3000,0,'Blair',0,7000,0,'Blair',0,2900,0,'Blair',0,7000,0,'Blair',0
'8-1',2600,152940,,'',0
'8-1',2601,60340,0,'Blair',0,10200,0,'Blair',0,3070,0,'Blair',0,7100,0,'Blair',0,890,,'',0,2110,0,'Blair',0,7000,0,'Blair',0,60830,0,'Blair',0,3000,0,'Blair',0,7000,0,'Blair',0,3000,0,'Blair',0,7000,0,'Blair',0,2900,0,'Blair',0,7000,0,'Blair',0
'9-1',2600,152940,,'',0
'9-1',2601,60340,0,'Blair',0,10200,0,'Blair',0,3070,0,'Blair',0,7100,0,'Blair',0,890,,'',0,2110,0,'Blair',0,7000,0,'Blair',0,60830,0,'Blair',0,3000,0,'Blair',0,7000,0,'Blair',0,3000,0,'Blair',0,7000,0,'Blair',0,2900,0,'Blair',0,7000,0,'Blair',0
