'14-1',2600,152920,,'',0
'14-1',2601,60330,0,'Blair',0,10200,0,'Blair',0,3020,0,'Blair',0,7100,0,'Blair',0,900,,'',0,2100,0,'Blair',0,7000,0,'Blair',0,60880,0,'Blair',0,3000,0,'Blair',0,7000,0,'Blair',0,3000,0,'Blair',0,7000,0,'Blair',0,2900,0,'Blair',0,7000,0,'Blair',0
'2-1',2600,152920,,'',0
'2-1',2601,60330,0,'Blair',0,10200,0,'Blair',0,3020,0,'Blair',0,7100,0,'Blair',0,900,,'',0,2100,0,'Blair',0,7000,0,'Blair',0,60880,0,'Blair',0,3000,0,'Blair',0,7000,0,'Blair',0,3000,0,'Blair',0,7000,0,'Blair',0,2900,0,'Blair',0,7000,0,'Blair',0
'3-1',2600,152920,,'',0
'3-1',2601,60330,0,'Blair',0,10200,0,'Blair',0,3020,0,'Blair',0,7100,0,'Blair',0,900,,'',0,2100,0,'Blair',0,7000,0,'Blair',0,60880,0,'Blair',0,3000,0,'Blair',0,7000,0,'Blair',0,3000,0,'Blair',0,7000,0,'Blair',0,2900,0,'Blair',0,7000,0,'Blair',0
'6-1',2600,152920,,'',0
'6-1',2601,60330,0,'Blair',0,10200,0,'Blair',0,3020,0,'Blair',0,7100,0,'Blair',0,900,,'',0,2100,0,'Blair',0,7000,0,'Blair',0,60880,0,'Blair',0,3000,0,'Blair',0,7000,0,'Blair',0,3000,0,'Blair',0,7000,0,'Blair',0,2900,0,'Blair',0,7000,0,'Blair',0
'7-1',2600,152920,,'',0
'7-1',2601,60330,0,'Blair',0,10200,0,'Blair',0,3020,0,'Blair',0,7100,0,'Blair',0,900,,'',0,2100,0,'Blair',0,7000,0,'Blair',0,60880,0,'Blair',0,3000,0,'Blair',0,7000,0,'Blair',0,3000,0,'Blair',0,7000,0,'Blair',0,2900,0,'Blair',0,7000,0,'Blair',0
'8-1',2600,152920,,'',0
'8-1',2601,60330,0,'Blair',0,10200,0,'Blair',0,3020,0,'Blair',0,7100,0,'Blair',0,900,,'',0,2100,0,'Blair',0,7000,0,'Blair',0,60880,0,'Blair',0,3000,0,'Blair',0,7000,0,'Blair',0,3000,0,'Blair',0,7000,0,'Blair',0,2900,0,'Blair',0,7000,0,'Blair',0
'9-1',2600,152920,,'',0
'9-1',2601,60330,0,'Blair',0,10200,0,'Blair',0,3020,0,'Blair',0,7100,0,'Blair',0,900,,'',0,2100,0,'Blair',0,7000,0,'Blair',0,60880,0,'Blair',0,3000,0,'Blair',0,7000,0,'Blair',0,3000,0,'Blair',0,7000,0,'Blair',0,2900,0,'Blair',0,7000,0,'Blair',0
