5100,'APR26DA-Weekday-40-1',558,,303756,29,,,0,101,,303757,29,,,0,70,,303788,29,,,0,76,,303758,29,,,0,31,,303759,29,,,0,68,,303789,29,,,0,30,,303760,29,,,0,70,,303761,29,,,0,32,,303762,21,,,0,70,,303763,21,,,0,30,,303764,21,,,0,70,,303765,21,,,0,30,,303766,21,,,0,70,,303767,21,,,0,30,,303768,21,,,0,70,,303769,21,,,0,30,,303770,21,,,0,71,,303771,21,,,0,32,,303772,21,,,0,75,,303773,21,,,0,28,,303774,21,,,0,70,,303775,21,,,0,30,,303787,21,,,0,70,,303776,21,,,0,28,,303777,21,,,0,70,,303778,21,,,0,23,,303779,21,,,0,69,,303780,21,,,0,28,,303781,21,,,0,29,,303782,21,,,0,70,,303783,21,,,0,100,,303784,21,,,0
5100,'APR26SAT-Saturday-21-1',651,,303790,21,,,0,100,,303791,21,,,0,71,,303792,21,,,0,30,,303793,21,,,0,70,,303794,21,,,0,30,,303795,21,,,0,71,,303796,21,,,0,30,,303797,21,,,0,70,,303798,21,,,0,30,,303799,21,,,0,70,,303800,21,,,0,30,,303801,21,,,0,70,,303802,21,,,0,30,,303803,21,,,0,71,,303804,21,,,0,30,,303805,21,,,0,70,,303806,21,,,0,30,,303807,21,,,0,69,,303808,21,,,0,30,,303809,21,,,0,70,,303810,21,,,0,30,,303811,21,,,0,69,,303812,21,,,0,30,,303813,21,,,0,70,,303818,6,,,0,30,,303814,21,,,0,69,,303819,6,,,0,30,,303815,21,,,0,100,,303816,21,,,0,70,,303820,6,,,0,32,,303817,21,,,0
5100,'APR26SUN-Sunday-16-1',817,,303821,21,,,0,100,,303822,21,,,0,30,,303823,21,,,0,71,,303824,21,,,0,30,,303825,21,,,0,70,,303826,21,,,0,30,,303827,21,,,0,70,,303828,21,,,0,30,,303829,21,,,0,70,,303830,21,,,0,30,,303831,21,,,0,71,,303832,21,,,0,30,,303833,21,,,0,70,,303834,21,,,0,30,,303835,21,,,0,69,,303836,21,,,0,30,,303837,21,,,0,70,,303838,21,,,0,30,,303839,21,,,0,69,,303840,21,,,0,30,,303841,21,,,0,70,,303842,21,,,0,30,,303843,21,,,0,69,,303844,21,,,0,31,,303848,1,,,0,69,,303845,21,,,0,100,,303846,21,,,0,100,,303847,21,,,0
5101,'APR26DA-Weekday-40-1',708,,303849,34,,,0,30,,303850,34,,,0,73,,303880,34,,,0,32,,303851,34,,,0,11,,303877,34,,,0,59,,303852,34,,,0,26,,303853,34,,,0,70,,303854,34,,,0,30,,303855,34,,,0,70,,303856,34,,,0,31,,303857,34,,,0,70,,303858,34,,,0,30,,303859,34,,,0,70,,303860,34,,,0,30,,303861,34,,,0,70,,303862,34,,,0,30,,303863,34,,,0,68,,303864,34,,,0,33,,303865,34,,,0,70,,303866,34,,,0,32,,303879,34,,,0,69,,303867,34,,,0,30,,303868,34,,,0,70,,303869,34,,,0,28,,303870,34,,,0,68,,303871,34,,,0,29,,303872,34,,,0,70,,303873,34,,,0,29,,303874,34,,,0,100,,303875,34,,,0,68,,303876,34,,,0,100,,303878,34,,,0
5101,'APR26SAT-Saturday-21-1',737,,303881,34,,,0,101,,303882,34,,,0,70,,303883,34,,,0,30,,303884,34,,,0,71,,303885,34,,,0,30,,303886,34,,,0,70,,303887,34,,,0,30,,303888,34,,,0,70,,303889,34,,,0,30,,303890,34,,,0,70,,303891,34,,,0,30,,303892,34,,,0,70,,303893,34,,,0,30,,303894,34,,,0,70,,303895,34,,,0,30,,303896,34,,,0,70,,303897,34,,,0,30,,303898,34,,,0,70,,303899,34,,,0,30,,303900,34,,,0,71,,303901,34,,,0,30,,303902,34,0,56 57,0,70,,303903,34,,,0,30,,303904,34,0,56 57,0,69,,303905,34,,,0,30,,303906,34,0,56 57,0,70,,303907,34,,,0,30,,303908,34,0,56 57,0,70,,303909,34,,,0,99,,303910,34,,,0,100,,303911,34,,,0
5101,'APR26SUN-Sunday-16-1',902,,303912,34,,,0,30,,303913,34,,,0,71,,303914,34,,,0,30,,303915,34,,,0,70,,303916,34,,,0,30,,303917,34,,,0,70,,303918,34,,,0,30,,303919,34,,,0,70,,303920,34,,,0,30,,303921,34,,,0,70,,303922,34,,,0,30,,303923,34,,,0,70,,303924,34,,,0,30,,303925,34,,,0,70,,303926,34,,,0,30,,303927,34,,,0,70,,303928,34,,,0,30,,303929,34,,,0,70,,303930,34,,,0,30,,303931,34,,,0,70,,303932,34,,,0,30,,303933,34,,,0,69,,303934,34,,,0,30,,303935,34,0,79,0,70,,303936,34,,,0,100,,303937,34,,,0,99,,303938,34,0,79,0,100,,303939,34,,,0
15300,'APR26DA-Weekday-40-1',818,,310893,19,4,,0,212,,310894,19,4,,0,95,,310895,19,4,,0,102,,310896,19,4,,0,97,,310897,19,4,,0,104,,310898,19,4,,0,197,,310899,19,4,,0,204,,310900,19,4,,0,88,,310901,19,4,,0
15300,'APR26SAT-Saturday-21-1',1022,,310902,19,4,,0,200,,310903,19,4,,0,200,,310904,19,4,,0,200,,310905,19,4,,0
15300,'APR26SUN-Sunday-16-1',1022,,310906,19,4,,0,200,,310907,19,4,,0,200,,310908,19,4,,0,200,,310909,19,4,,0
15301,'APR26DA-Weekday-40-1',847,,310910,1,,,0,281,,310911,1,,,0,102,,310912,1,,,0,97,,310913,1,,,0,103,,310914,1,,,0,96,,310915,1,,,0,202,,310916,1,,,0,198,,310917,1,,,0
15301,'APR26SAT-Saturday-21-1',1029,,310918,1,,,0,200,,310919,1,,,0,200,,310920,1,,,0,200,,310921,1,,,0
15301,'APR26SUN-Sunday-16-1',1029,,310922,1,,,0,200,,310923,1,,,0,200,,310924,1,,,0,200,,310925,1,,,0
30100,'301Shop-Weekday-01-1',1000,,312196,85,,,0
30101,'301Shop-Weekday-01-1',1430,,312197,1,,,0
30300,'303Shop-Weekday-01-1',1000,,312200,60,,,0
30301,'303Shop-Weekday-01-1',1430,,312201,1,,,0
30500,'305Shop-Weekday-01-1',1049,,312204,60,,,0
30501,'305Shop-Weekday-01-1',1430,,312205,1,,,0
