3400,'APR26DA-Weekday-40-1',533,,300967,7,,,1,75,,300955,4,,,1,30,,300957,4,,,1,70,,300968,4,,,1,29,,300956,4,,,1,11,,300950,7,0,23 24,1,61,,300958,4,,,1,30,,300973,4,,,1,70,,300971,4,,,1,30,,300954,4,,,1,69,,300974,4,,,1,30,,300944,4,,,1,70,,300970,4,,,1,30,,300953,4,,,1,70,,300945,4,,,1,31,,300946,4,,,1,70,,300969,4,,,1,30,,300947,4,,,1,70,,300965,4,,,1,101,,300959,4,,,1,30,,300966,4,,,1,100,,300963,4,,,1,70,,300961,4,,,1,99,,300964,4,,,1,30,,300962,4,,,1,70,,300952,4,,,1,30,,300960,4,,,1,70,,300972,4,,,1,30,,300948,4,,,1,70,,300951,4,,,1,30,,300975,4,,,1
3400,'APR26SAT-Saturday-21-1',652,,300976,4,,,1,100,,300977,4,,,1,70,,300978,4,,,1,30,,300979,4,,,1,70,,300980,4,,,1,30,,300981,4,,,1,70,,300982,4,,,1,30,,300983,4,,,1,70,,300984,4,,,1,30,,300985,4,,,1,70,,300986,4,,,1,30,,300987,4,,,1,70,,300988,4,,,1,30,,300989,4,,,1,70,,300990,4,,,1,30,,300991,4,,,1,70,,300992,4,,,1,30,,300993,4,,,1,70,,300994,4,,,1,30,,300995,4,,,1,70,,300996,4,,,1,30,,300997,4,,,1,70,,300998,4,,,1,30,,300999,4,,,1,70,,301000,4,,,1,35,,301001,4,,,1
3400,'APR26SUN-Sunday-16-1',742,,301002,4,,,1,100,,301003,4,,,1,96,,301004,4,,,1,70,,301005,4,,,1,30,,301006,4,,,1,70,,301007,4,,,1,30,,301008,4,,,1,70,,301009,4,,,1,30,,301010,4,,,1,70,,301011,4,,,1,30,,301012,4,,,1,70,,301013,4,,,1,30,,301014,4,,,1,70,,301015,4,,,1,42,,301016,4,,,1,58,,301017,4,,,1,30,,301018,4,,,1,70,,301019,4,,,1,30,,301020,4,,,1,70,,301021,4,,,1,43,,301022,4,,,1
3401,'APR26DA-Weekday-40-1',1449,,301030,29,,,1,75,,301056,36,,,1,690,,301032,41,,,1
61200,'APR26DA-Weekday-40-1',718,,312226,7,0,52 53,1,103,,312224,7,,,1,3,,312225,7,,,1
61201,'APR26DA-Weekday-40-1',1451,,312229,35,,,1,150,,312228,38,,,1
62200,'APR26DA-Weekday-40-1',754,,312246,7,0,83 84 85,1,70,,312245,7,,,1
62201,'APR26DA-Weekday-40-1',1541,,312247,40,,,1,72,,312248,45,,,1
63400,'APR26DA-Weekday-40-1',732,,312272,35,,,1
63401,'APR26DA-Weekday-40-1',1436,,312273,10,,,1
64100,'APR26DA-Weekday-40-1',749,,312283,8,,,1
64101,'APR26DA-Weekday-40-1',1529,,312284,28,,,1
