2501,'APR26DA-Weekday-40-1',558,,300239,22,,,1,70,,300193,39,,,1,72,,300194,39,,,1,29,,300250,39,,,1,71,,300231,39,,,1,29,,300195,39,,,1,72,,300196,39,,,1,30,,300251,39,,,1,14,,300211,22,,,1,14,,300197,39,,,1,55,,300212,22,,,1,15,,300242,39,,,1,16,,300213,22,,,1,13,,300198,39,,,1,55,,300235,22,,,1,15,,300252,39,,,1,15,,300214,22,,,1,15,,300199,39,,,1,55,,300215,22,,,1,15,,300249,39,,,1,15,,300216,22,,,1,15,,300241,39,,,1,55,,300234,22,,,1,15,,300200,39,,,1,15,,300217,22,,,1,15,,300201,39,,,1,55,,300230,22,,,1,15,,300202,39,,,1,18,,300246,22,,,1,55,,300248,39,,,1,15,,300218,22,,,1,15,,300203,39,,,1,16,,300219,22,,,1,55,,300204,39,,,1,14,,300220,39,,,1,15,,300205,39,,,1,15,,300247,39,,,1,54,,300206,39,,,1,17,,300221,39,,,1,13,,300207,39,,,1,15,,300222,39,,,1,14,,300208,39,,,1,55,,300240,39,,,1,17,,300209,39,,,1,15,,300236,39,,,1,55,,300210,39,,,1,15,,300223,39,,,1,30,,300224,39,,,1,60,,300238,39,,,1,30,,300237,39,,,1,66,,300225,39,,,1,30,,300232,39,,,1,70,,300243,39,,,1,29,,300226,39,,,1,71,,300233,39,,,1,30,,300228,39,,,1,70,,300245,39,,,1,35,,300229,22,,,1,70,,300244,22,,,1
2501,'APR26SAT-Saturday-21-1',735,,300280,22,,,1,72,,300253,34,,,1,30,,300281,22,,,1,70,,300254,34,,,1,31,,300255,34,,,1,70,,300256,34,,,1,31,,300257,34,,,1,70,,300258,34,,,1,30,,300259,34,,,1,70,,300260,34,,,1,30,,300261,34,,,1,70,,300262,34,,,1,30,,300263,34,,,1,70,,300264,34,,,1,30,,300265,34,,,1,70,,300266,34,,,1,30,,300267,34,,,1,70,,300268,34,,,1,30,,300269,34,,,1,70,,300270,34,,,1,30,,300271,34,,,1,70,,300272,34,,,1,29,,300273,34,,,1,70,,300274,34,,,1,30,,300275,34,,,1,69,,300282,22,,,1,30,,300276,34,,,1,70,,300283,22,,,1,29,,300277,34,,,1,70,,300284,22,,,1,30,,300278,34,,,1,70,,300285,22,,,1,30,,300279,34,,,1,70,,300286,22,,,1,30,,300287,22,,,1,70,,300288,22,,,1,30,,300289,22,,,1
2501,'APR26SUN-Sunday-16-1',756,,300314,22,,,1,70,,300315,22,,,1,30,,300316,22,,,1,71,,300290,34,,,1,30,,300291,34,,,1,71,,300292,34,,,1,30,,300293,34,,,1,70,,300294,34,,,1,30,,300295,34,,,1,70,,300296,34,,,1,30,,300297,34,,,1,70,,300298,34,,,1,30,,300299,34,,,1,70,,300300,34,,,1,30,,300301,34,,,1,70,,300302,34,,,1,30,,300303,34,,,1,70,,300304,34,,,1,30,,300305,34,,,1,70,,300306,34,,,1,30,,300307,34,,,1,69,,300308,34,,,1,30,,300309,34,,,1,70,,300310,34,,,1,30,,300317,22,,,1,70,,300311,34,,,1,30,,300318,22,,,1,69,,300312,34,,,1,30,,300319,22,,,1,70,,300313,34,,,1,30,,300320,22,,,1,70,,300321,22,,,1,30,,300322,22,,,1,70,,300323,22,,,1
3100,'APR26DA-Weekday-40-1',704,,300560,43,,,1,30,,300561,43,,,1,70,,300562,43,,,1,30,,300563,43,,,1,69,,300578,43,,,1,30,,300564,43,,,1,70,,300565,43,,,1,30,,300579,43,,,1,70,,300591,43,,,1,30,,300566,43,,,1,70,,300580,43,,,1,30,,300576,43,,,1,70,,300567,43,,,1,30,,300590,43,,,1,70,,300577,43,,,1,30,,300568,43,,,1,70,,300589,43,,,1,15,,300570,36,,,1,7,,300569,36,,,1,8,,300571,43,,,1,72,,300593,43,,,1,29,,300586,43,,,1,69,,300572,43,,,1,30,,300574,43,,,1,70,,300587,43,,,1,30,,300584,43,,,1,68,,300581,43,,,1,30,,300588,43,,,1,70,,300573,43,,,1,30,,300592,43,,,1,28,,300585,43,,,1,70,,300575,43,,,1,28,,300583,43,,,1,100,,300582,43,,,1
3100,'APR26SAT-Saturday-21-1',732,,300594,43,,,1,70,,300595,43,,,1,31,,300596,43,,,1,70,,300597,43,,,1,30,,300598,43,,,1,70,,300599,43,,,1,30,,300600,43,,,1,70,,300601,43,,,1,30,,300602,43,,,1,70,,300603,43,,,1,31,,300604,43,,,1,70,,300605,43,,,1,30,,300606,43,,,1,70,,300607,43,,,1,30,,300608,43,,,1,70,,300609,43,,,1,30,,300610,43,,,1,70,,300611,43,,,1,30,,300612,43,,,1,70,,300613,43,,,1,30,,300614,43,,,1,70,,300615,43,,,1,30,,300616,43,,,1,70,,300617,43,,,1,30,,300618,43,,,1,70,,300619,43,,,1,29,,300620,43,,,1,70,,300621,43,,,1,30,,300622,43,,,1,70,,300625,43,,,1,29,,300623,43,,,1,70,,300626,43,,,1,30,,300624,43,,,1
3100,'APR26SUN-Sunday-16-1',805,,300627,43,,,1,101,,300628,43,,,1,100,,300629,43,,,1,30,,300630,43,,,1,70,,300631,43,,,1,30,,300632,43,,,1,70,,300633,43,,,1,31,,300634,43,,,1,70,,300635,43,,,1,30,,300636,43,,,1,70,,300637,43,,,1,30,,300638,43,,,1,70,,300639,43,,,1,30,,300640,43,,,1,70,,300641,43,,,1,30,,300642,43,,,1,70,,300643,43,,,1,30,,300644,43,,,1,70,,300645,43,,,1,100,,300646,43,,,1,100,,300647,43,,,1,99,,300648,43,,,1,100,,300649,43,,,1,99,,300650,43,,,1
3600,'APR26DA-Weekday-40-1',500,,301291,2,,,1,100,,301286,2,,,1,30,,301287,2,,,1,70,,301310,2,,,1,30,,301289,2,,,1,71,,301299,2,,,1,29,,301315,2,,,1,27,,301311,2,,,1,70,,301304,2,,,1,30,,301316,2,,,1,70,,301302,2,,,1,30,,301309,2,,,1,70,,301317,2,,,1,30,,301303,2,,,1,70,,301307,2,,,1,30,,301318,2,,,1,70,,301301,2,,,1,30,,301308,2,,,1,72,,301298,2,,,1,30,,301320,2,,,1,70,,301306,2,,,1,72,,301300,2,,,1,30,,301293,2,,,1,70,,301305,2,,,1,28,,301319,2,,,1,30,,301292,2,,,1,70,,301288,2,,,1,30,,301290,2,,,1,68,,301314,2,,,1,30,,301297,2,,,1,70,,301312,2,,,1,30,,301295,2,,,1,70,,301313,2,,,1,30,,301294,2,,,1,97,,301296,2,,,1
3600,'APR26SAT-Saturday-21-1',728,,301321,2,,,1,100,,301322,2,,,1,30,,301323,2,,,1,70,,301324,2,,,1,30,,301325,2,,,1,70,,301326,2,,,1,30,,301327,2,,,1,70,,301328,2,,,1,30,,301329,2,,,1,70,,301330,2,,,1,30,,301331,2,,,1,70,,301332,2,,,1,30,,301333,2,,,1,70,,301334,2,,,1,30,,301335,2,,,1,70,,301336,2,,,1,30,,301337,2,,,1,70,,301338,2,,,1,30,,301339,2,,,1,70,,301340,2,,,1,30,,301341,2,,,1,70,,301342,2,,,1,30,,301343,2,,,1,70,,301344,2,,,1,30,,301345,2,,,1,70,,301346,2,,,1,30,,301347,2,,,1,70,,301348,2,,,1,100,,301349,2,,,1,100,,301350,2,,,1
3600,'APR26SUN-Sunday-16-1',733,,301351,2,,,1,100,,301352,2,,,1,100,,301353,2,,,1,70,,301354,2,,,1,30,,301355,2,,,1,70,,301356,2,,,1,30,,301357,2,,,1,70,,301358,2,,,1,30,,301359,2,,,1,70,,301360,2,,,1,30,,301361,2,,,1,70,,301362,2,,,1,30,,301363,2,,,1,70,,301364,2,,,1,30,,301365,2,,,1,70,,301366,2,,,1,30,,301367,2,,,1,70,,301368,2,,,1,30,,301369,2,,,1,70,,301370,2,,,1,30,,301371,2,,,1,70,,301372,2,,,1,100,,301373,2,,,1,100,,301374,2,,,1,100,,301375,2,,,1,100,,301376,2,,,1
61100,'APR26DA-Weekday-40-1',836,,312222,20,,,1
61200,'APR26DA-Weekday-40-1',731,,312226,25,0,52 53,1,105,,312224,25,,,1,3,,312225,25,,,1
63101,'APR26DA-Weekday-40-1',1610,,312267,42,,,1
