3101,'APR26DA-Weekday-40-1',631,,300670,46,,,0,80,,300651,46,,,0,29,,300652,46,,,0,70,,300653,46,,,0,33,,300654,46,,,0,67,,300655,46,,,0,25,,300671,46,,,0,70,,300656,46,,,0,30,,300657,46,,,0,70,,300673,46,,,0,30,,300683,46,,,0,70,,300658,46,,,0,31,,300672,46,,,0,70,,300669,46,,,0,30,,300659,46,,,0,70,,300681,46,,,0,30,,300668,46,,,0,74,,300660,46,,,0,32,,300682,46,,,0,70,,300663,46,,,0,31,,300685,46,,,0,69,,300678,46,,,0,29,,300666,46,,,0,70,,300665,46,,,0,28,,300679,46,,,0,66,,300676,46,,,0,27,,300674,46,,,0,70,,300680,46,,,0,29,,300664,46,,,0,70,,300684,46,,,0,29,,300677,46,,,0,70,,300667,46,,,0,23,,300675,46,,,0
3101,'APR26SAT-Saturday-21-1',704,,300686,46,,,0,30,,300687,46,,,0,70,,300688,46,,,0,30,,300689,46,,,0,72,,300690,46,,,0,30,,300691,46,,,0,70,,300692,46,,,0,30,,300693,46,,,0,71,,300694,46,,,0,30,,300695,46,,,0,70,,300696,46,,,0,39,,300697,46,,,0,62,,300698,46,,,0,30,,300699,46,,,0,70,,300700,46,,,0,30,,300701,46,,,0,70,,300702,46,,,0,30,,300703,46,,,0,78,,300704,46,,,0,22,,300705,46,,,0,70,,300706,46,,,0,30,,300707,46,,,0,70,,300708,46,,,0,28,,300709,46,,,0,70,,300710,46,,,0,30,,300711,46,,,0,70,,300712,46,,,0,28,,300713,46,,,0,70,,300714,46,,,0,30,,300718,46,,,0,70,,300715,46,,,0,30,,300719,46,,,0,70,,300717,46,,,0,100,,300716,46,,,0
3101,'APR26SUN-Sunday-16-1',839,,300720,46,,,0,102,,300721,46,,,0,100,,300722,46,,,0,71,,300723,46,,,0,30,,300724,46,,,0,70,,300725,46,,,0,31,,300726,46,,,0,70,,300727,46,,,0,30,,300728,46,,,0,70,,300729,46,,,0,30,,300730,46,,,0,70,,300731,46,,,0,30,,300732,46,,,0,70,,300733,46,,,0,30,,300734,46,,,0,70,,300735,46,,,0,30,,300736,46,,,0,70,,300737,46,,,0,28,,300738,46,,,0,70,,300739,46,,,0,30,,300740,46,,,0,98,,300741,46,,,0,100,,300742,46,,,0,100,,300743,46,,,0,100,,300744,46,,,0
3901,'APR26DA-Weekday-40-1',2336,,301914,11,0,73,0,70,,301926,11,0,73,0,30,,301912,11,0,73,0,72,,301925,11,0,73,0,30,,301959,11,0,73,0,75,,301949,39,0,73,0,33,,301908,39,0,73,0,70,,301915,39,0,73,0,30,,301924,39,0,73,0
3901,'APR26SAT-Saturday-21-1',2421,,302037,11,0,27 28,0,30,,302038,11,0,27 28,0,70,,302039,11,0,27 28,0,30,,302040,11,0,27 28,0,70,,302041,11,0,27 28,0,84,,301969,39,0,27 28,0,31,,301970,39,0,27 28,0
3901,'APR26SUN-Sunday-16-1',2423,,302052,39,0,27 28,0,30,,302053,39,0,27 28,0,70,,302054,39,0,27 28,0,30,,302055,39,0,27 28,0,70,,302056,39,0,27 28,0,30,,302057,39,0,27 28,0,70,,302058,39,0,27 28,0
13800,'APR26DA-Weekday-40-1',619,,310793,17,,,0,30,,310802,17,,,0,72,,310797,17,,,0,30,,310803,17,,,0,70,,310807,17,,,0,28,,310804,17,,,0,70,,310798,17,,,0,95,,310799,17,,,0,100,,310794,17,,,0,100,,310795,17,,,0,100,,310810,17,,,0,100,,310811,17,,,0,107,,310801,20,,,0,30,,310800,20,,,0,70,,310788,20,,,0,30,,310789,20,,,0,70,,310790,20,,,0,30,,310791,20,,,0,70,,310792,17,,,0,99,,310808,17,,,0,96,,310809,17,,,0,95,,310805,17,,,0,100,,310806,17,,,0,100,,310796,17,,,0
13800,'APR26SAT-Saturday-21-1',731,,310812,17,,,0,100,,310813,17,,,0,100,,310814,17,,,0,102,,310815,17,,,0,100,,310816,17,,,0,100,,310817,17,,,0,100,,310818,17,,,0,100,,310819,17,,,0,100,,310820,17,,,0,100,,310821,17,,,0,100,,310822,17,,,0,100,,310823,17,,,0,100,,310824,17,,,0,100,,310825,17,,,0,99,,310826,17,,,0,100,,310827,17,,,0
13800,'APR26SUN-Sunday-16-1',913,,310828,17,,,0,120,,310829,17,,,0,100,,310830,17,,,0,100,,310831,17,,,0,100,,310832,17,,,0,100,,310833,17,,,0,100,,310834,17,,,0,100,,310835,17,,,0,100,,310836,17,,,0,103,,310837,17,,,0,97,,310838,17,,,0,100,,310839,17,,,0
63200,'APR26DA-Weekday-40-1',826,,312268,3,,,0
63401,'APR26DA-Weekday-40-1',1454,,312273,38,,,0
63701,'APR26DA-Weekday-40-1',1512,,312275,21,,,0
67801,'APR26DA-Weekday-40-1',1520,,312426,23,,,0
