'1-1',3900,92520,0,'Blair',0,3000,0,'Blair',0,7000,0,'Blair',0,3000,0,'Blair',0,7000,0,'Blair',0,3000,0,'Blair',0,7000,0,'Blair',0,3000,0,'Blair',0,7000,0,'Blair',0,3000,0,'Blair',0,7000,0,'Blair',0,3000,0,'Blair',0,7000,0,'Blair',0,3000,0,'Blair',0,7000,0,'Blair',0,3000,0,'Blair',0,7000,0,'Blair',0,3000,0,'Blair',0,7000,0,'Blair',0,3000,0,'Blair',0,7000,0,'Blair',0,3000,0,'Blair',0,7000,0,'Blair',0,3000,0,'Blair',0,7000,0,'Blair',0
'10-1',3900,92520,0,'Blair',0,3000,0,'Blair',0,7000,0,'Blair',0,3000,0,'Blair',0,7000,0,'Blair',0,3000,0,'Blair',0,7000,0,'Blair',0,3000,0,'Blair',0,7000,0,'Blair',0,3000,0,'Blair',0,7000,0,'Blair',0,3000,0,'Blair',0,7000,0,'Blair',0,3000,0,'Blair',0,7000,0,'Blair',0,3000,0,'Blair',0,7000,0,'Blair',0,3000,0,'Blair',0,7000,0,'Blair',0,3000,0,'Blair',0,7000,0,'Blair',0,3000,0,'Blair',0,7000,0,'Blair',0,3000,0,'Blair',0,7000,0,'Blair',0
'11-1',3900,92520,0,'Blair',0,3000,0,'Blair',0,7000,0,'Blair',0,3000,0,'Blair',0,7000,0,'Blair',0,3000,0,'Blair',0,7000,0,'Blair',0,3000,0,'Blair',0,7000,0,'Blair',0,3000,0,'Blair',0,7000,0,'Blair',0,3000,0,'Blair',0,7000,0,'Blair',0,3000,0,'Blair',0,7000,0,'Blair',0,3000,0,'Blair',0,7000,0,'Blair',0,3000,0,'Blair',0,7000,0,'Blair',0,3000,0,'Blair',0,7000,0,'Blair',0,3000,0,'Blair',0,7000,0,'Blair',0,3000,0,'Blair',0,7000,0,'Blair',0
'12-1',3900,92520,0,'Blair',0,3000,0,'Blair',0,7000,0,'Blair',0,3000,0,'Blair',0,7000,0,'Blair',0,3000,0,'Blair',0,7000,0,'Blair',0,3000,0,'Blair',0,7000,0,'Blair',0,3000,0,'Blair',0,7000,0,'Blair',0,3000,0,'Blair',0,7000,0,'Blair',0,3000,0,'Blair',0,7000,0,'Blair',0,3000,0,'Blair',0,7000,0,'Blair',0,3000,0,'Blair',0,7000,0,'Blair',0,3000,0,'Blair',0,7000,0,'Blair',0,3000,0,'Blair',0,7000,0,'Blair',0,3000,0,'Blair',0,7000,0,'Blair',0
'13-1',3900,82720,0,'Blair',0,3000,0,'Blair',0,7000,0,'Blair',0,3000,0,'Blair',0,7000,0,'Blair',0,3000,0,'Blair',0,7000,0,'Blair',0,3000,0,'Blair',0,7000,0,'Blair',0,3000,0,'Blair',0,7000,0,'Blair',0,3000,0,'Blair',0,7000,0,'Blair',0,3000,0,'Blair',0,7000,0,'Blair',0,3000,0,'Blair',0,7000,0,'Blair',0,3000,0,'Blair',0,7000,0,'Blair',0,3000,0,'Blair',0,7000,0,'Blair',0,3000,0,'Blair',0,7000,0,'Blair',0,3000,0,'Blair',0,7000,0,'Blair',0,3000,0,'Blair',0,7000,0,'Blair',0,3000,0,'Blair',0
'14-1',3900,53900,0,'Blair',0,1500,0,'Blair',0,5500,0,'Blair',0,1540,0,'Blair',0,1500,0,'Blair',0,1500,0,'Blair',0,5380,0,'Blair',0,1700,0,'Blair',0,1300,0,'Blair',0,1700,0,'Blair',0,5420,0,'Blair',0,1500,0,'Blair',0,1600,0,'Blair',0,1400,0,'Blair',0,5500,0,'Blair',0,2800,0,'Blair',0,6700,0,'Blair',0,3100,0,'Blair',0,7000,0,'Blair',0,2900,0,'Blair',0,7200,0,'Blair',0,3100,0,'Blair',0,7200,0,'Blair',0,3200,0,'Blair',0,7180,0,'Blair',0,3100,0,'Blair',0,7000,0,'Blair',0,3000,0,'Blair',0,6920,0,'Blair',0,2960,0,'Blair',0,7000,0,'Blair',0,3100,0,'Blair',0,6900,0,'Blair',0,3000,0,'Blair',0,7100,0,'Blair',0,3000,0,'Blair',0,7000,0,'Blair',0,3000,0,'Blair',0,7000,0,'Blair',0,3100,0,'Blair',0,7000,0,'Blair',0,2900,0,'Blair',0
'2-1',3900,53900,0,'Blair',0,1500,0,'Blair',0,5500,0,'Blair',0,1540,0,'Blair',0,1500,0,'Blair',0,1500,0,'Blair',0,5380,0,'Blair',0,1700,0,'Blair',0,1300,0,'Blair',0,1700,0,'Blair',0,5420,0,'Blair',0,1500,0,'Blair',0,1600,0,'Blair',0,1400,0,'Blair',0,5500,0,'Blair',0,2800,0,'Blair',0,6700,0,'Blair',0,3100,0,'Blair',0,7000,0,'Blair',0,2900,0,'Blair',0,7200,0,'Blair',0,3100,0,'Blair',0,7200,0,'Blair',0,3200,0,'Blair',0,7180,0,'Blair',0,3100,0,'Blair',0,7000,0,'Blair',0,3000,0,'Blair',0,6920,0,'Blair',0,2960,0,'Blair',0,7000,0,'Blair',0,3100,0,'Blair',0,6900,0,'Blair',0,3000,0,'Blair',0,7100,0,'Blair',0,3000,0,'Blair',0,7000,0,'Blair',0,3000,0,'Blair',0,7000,0,'Blair',0,3100,0,'Blair',0,7000,0,'Blair',0,2900,0,'Blair',0
'3-1',3900,53900,0,'Blair',0,1500,0,'Blair',0,5500,0,'Blair',0,1540,0,'Blair',0,1500,0,'Blair',0,1500,0,'Blair',0,5380,0,'Blair',0,1700,0,'Blair',0,1300,0,'Blair',0,1700,0,'Blair',0,5420,0,'Blair',0,1500,0,'Blair',0,1600,0,'Blair',0,1400,0,'Blair',0,5500,0,'Blair',0,2800,0,'Blair',0,6700,0,'Blair',0,3100,0,'Blair',0,7000,0,'Blair',0,2900,0,'Blair',0,7200,0,'Blair',0,3100,0,'Blair',0,7200,0,'Blair',0,3200,0,'Blair',0,7180,0,'Blair',0,3100,0,'Blair',0,7000,0,'Blair',0,3000,0,'Blair',0,6920,0,'Blair',0,2960,0,'Blair',0,7000,0,'Blair',0,3100,0,'Blair',0,6900,0,'Blair',0,3000,0,'Blair',0,7100,0,'Blair',0,3000,0,'Blair',0,7000,0,'Blair',0,3000,0,'Blair',0,7000,0,'Blair',0,3100,0,'Blair',0,7000,0,'Blair',0,2900,0,'Blair',0
'4-1',3900,82720,0,'Blair',0,3000,0,'Blair',0,7000,0,'Blair',0,3000,0,'Blair',0,7000,0,'Blair',0,3000,0,'Blair',0,7000,0,'Blair',0,3000,0,'Blair',0,7000,0,'Blair',0,3000,0,'Blair',0,7000,0,'Blair',0,3000,0,'Blair',0,7000,0,'Blair',0,3000,0,'Blair',0,7000,0,'Blair',0,3000,0,'Blair',0,7000,0,'Blair',0,3000,0,'Blair',0,7000,0,'Blair',0,3000,0,'Blair',0,7000,0,'Blair',0,3000,0,'Blair',0,7000,0,'Blair',0,3000,0,'Blair',0,7000,0,'Blair',0,3000,0,'Blair',0,7000,0,'Blair',0,3000,0,'Blair',0
'5-1',3900,92520,0,'Blair',0,3000,0,'Blair',0,7000,0,'Blair',0,3000,0,'Blair',0,7000,0,'Blair',0,3000,0,'Blair',0,7000,0,'Blair',0,3000,0,'Blair',0,7000,0,'Blair',0,3000,0,'Blair',0,7000,0,'Blair',0,3000,0,'Blair',0,7000,0,'Blair',0,3000,0,'Blair',0,7000,0,'Blair',0,3000,0,'Blair',0,7000,0,'Blair',0,3000,0,'Blair',0,7000,0,'Blair',0,3000,0,'Blair',0,7000,0,'Blair',0,3000,0,'Blair',0,7000,0,'Blair',0,3000,0,'Blair',0,7000,0,'Blair',0
'6-1',3900,53900,0,'Blair',0,1500,0,'Blair',0,5500,0,'Blair',0,1540,0,'Blair',0,1500,0,'Blair',0,1500,0,'Blair',0,5380,0,'Blair',0,1700,0,'Blair',0,1300,0,'Blair',0,1700,0,'Blair',0,5420,0,'Blair',0,1500,0,'Blair',0,1600,0,'Blair',0,1400,0,'Blair',0,5500,0,'Blair',0,2800,0,'Blair',0,6700,0,'Blair',0,3100,0,'Blair',0,7000,0,'Blair',0,2900,0,'Blair',0,7200,0,'Blair',0,3100,0,'Blair',0,7200,0,'Blair',0,3200,0,'Blair',0,7180,0,'Blair',0,3100,0,'Blair',0,7000,0,'Blair',0,3000,0,'Blair',0,6920,0,'Blair',0,2960,0,'Blair',0,7000,0,'Blair',0,3100,0,'Blair',0,6900,0,'Blair',0,3000,0,'Blair',0,7100,0,'Blair',0,3000,0,'Blair',0,7000,0,'Blair',0,3000,0,'Blair',0,7000,0,'Blair',0,3100,0,'Blair',0,7000,0,'Blair',0,2900,0,'Blair',0
'7-1',3900,53900,0,'Blair',0,1500,0,'Blair',0,5500,0,'Blair',0,1540,0,'Blair',0,1500,0,'Blair',0,1500,0,'Blair',0,5380,0,'Blair',0,1700,0,'Blair',0,1300,0,'Blair',0,1700,0,'Blair',0,5420,0,'Blair',0,1500,0,'Blair',0,1600,0,'Blair',0,1400,0,'Blair',0,5500,0,'Blair',0,2800,0,'Blair',0,6700,0,'Blair',0,3100,0,'Blair',0,7000,0,'Blair',0,2900,0,'Blair',0,7200,0,'Blair',0,3100,0,'Blair',0,7200,0,'Blair',0,3200,0,'Blair',0,7180,0,'Blair',0,3100,0,'Blair',0,7000,0,'Blair',0,3000,0,'Blair',0,6920,0,'Blair',0,2960,0,'Blair',0,7000,0,'Blair',0,3100,0,'Blair',0,6900,0,'Blair',0,3000,0,'Blair',0,7100,0,'Blair',0,3000,0,'Blair',0,7000,0,'Blair',0,3000,0,'Blair',0,7000,0,'Blair',0,3100,0,'Blair',0,7000,0,'Blair',0,2900,0,'Blair',0
'8-1',3900,53900,0,'Blair',0,1500,0,'Blair',0,5500,0,'Blair',0,1540,0,'Blair',0,1500,0,'Blair',0,1500,0,'Blair',0,5380,0,'Blair',0,1700,0,'Blair',0,1300,0,'Blair',0,1700,0,'Blair',0,5420,0,'Blair',0,1500,0,'Blair',0,1600,0,'Blair',0,1400,0,'Blair',0,5500,0,'Blair',0,2800,0,'Blair',0,6700,0,'Blair',0,3100,0,'Blair',0,7000,0,'Blair',0,2900,0,'Blair',0,7200,0,'Blair',0,3100,0,'Blair',0,7200,0,'Blair',0,3200,0,'Blair',0,7180,0,'Blair',0,3100,0,'Blair',0,7000,0,'Blair',0,3000,0,'Blair',0,6920,0,'Blair',0,2960,0,'Blair',0,7000,0,'Blair',0,3100,0,'Blair',0,6900,0,'Blair',0,3000,0,'Blair',0,7100,0,'Blair',0,3000,0,'Blair',0,7000,0,'Blair',0,3000,0,'Blair',0,7000,0,'Blair',0,3100,0,'Blair',0,7000,0,'Blair',0,2900,0,'Blair',0
'9-1',3900,53900,0,'Blair',0,1500,0,'Blair',0,5500,0,'Blair',0,1540,0,'Blair',0,1500,0,'Blair',0,1500,0,'Blair',0,5380,0,'Blair',0,1700,0,'Blair',0,1300,0,'Blair',0,1700,0,'Blair',0,5420,0,'Blair',0,1500,0,'Blair',0,1600,0,'Blair',0,1400,0,'Blair',0,5500,0,'Blair',0,2800,0,'Blair',0,6700,0,'Blair',0,3100,0,'Blair',0,7000,0,'Blair',0,2900,0,'Blair',0,7200,0,'Blair',0,3100,0,'Blair',0,7200,0,'Blair',0,3200,0,'Blair',0,7180,0,'Blair',0,3100,0,'Blair',0,7000,0,'Blair',0,3000,0,'Blair',0,6920,0,'Blair',0,2960,0,'Blair',0,7000,0,'Blair',0,3100,0,'Blair',0,6900,0,'Blair',0,3000,0,'Blair',0,7100,0,'Blair',0,3000,0,'Blair',0,7000,0,'Blair',0,3000,0,'Blair',0,7000,0,'Blair',0,3100,0,'Blair',0,7000,0,'Blair',0,2900,0,'Blair',0
'14-1',63901,154230,,'',0
'2-1',63901,154230,,'',0
'3-1',63901,154230,,'',0
'6-1',63901,154230,,'',0
'7-1',63901,154230,,'',0
'8-1',63901,154230,,'',0
'9-1',63901,154230,,'',0
