6000,'APR26DA-Weekday-40-1',607,,304769,5,,,0,30,,304770,5,,,0,70,,304771,5,,,0,30,,304772,5,,,0,70,,304773,5,,,0,30,,304774,5,,,0,70,,304775,5,,,0,30,,304776,5,,,0,70,,304777,5,,,0,30,,304778,5,,,0,71,,304779,5,,,0,30,,304780,5,,,0,70,,304781,5,,,0,30,,304782,5,,,0,70,,304783,5,,,0,30,,304784,5,,,0,70,,304799,5,,,0,100,,304800,5,,,0,32,,304785,5,,,0,397,,304787,5,,,0,70,,304788,5,,,0,30,,304789,5,,,0,70,,304790,5,,,0,30,,304791,5,,,0,70,,304792,5,,,0,100,,304793,5,,,0,100,,304794,5,,,0
6101,'APR26DA-Weekday-40-1',613,,304979,27,,,0,30,,304980,27,,,0,63,,304981,26,,,0,26,,304982,22,,,0,68,,304983,22,,,0,32,,304984,22,,,0,70,,304985,22,,,0,30,,304986,22,,,0,70,,304987,22,,,0,30,,304988,22,,,0,70,,304989,22,,,0,29,,304990,22,,,0,70,,304991,22,,,0,30,,304992,22,,,0,70,,304993,22,,,0,30,,304994,22,,,0,73,,304995,22,,,0,30,,304996,22,,,0,68,,304997,22,,,0,30,,304998,22,,,0,74,,304999,22,,,0,26,,305000,22,,,0,73,,305001,22,,,0,31,,305002,22,,,0,70,,305003,22,,,0,14,,305004,22,,,0,30,,305005,22,,,0,55,,305006,22,,,0,27,,305007,22,,,0,70,,305008,22,,,0,28,,305009,22,,,0,70,,305010,22,,,0,30,,305011,22,,,0,70,,305012,22,,,0,28,,305013,22,,,0,29,,305014,22,,,0,70,,305015,22,,,0,30,,305016,22,,,0
6101,'APR26SAT-Saturday-21-1',636,,305032,37,,,0,65,,305033,36,,,0,30,,305035,22,,,0,70,,305036,22,,,0,29,,305037,22,,,0,71,,305038,22,,,0,30,,305039,22,,,0,70,,305040,22,,,0,29,,305041,22,,,0,70,,305042,22,,,0,30,,305043,22,,,0,70,,305044,22,,,0,30,,305045,22,,,0,70,,305046,22,,,0,30,,305047,22,,,0,70,,305048,22,,,0,30,,305049,22,,,0,70,,305050,22,,,0,30,,305051,22,,,0,70,,305052,22,,,0,30,,305053,22,,,0,70,,305054,22,,,0,30,,305055,22,,,0,70,,305056,22,,,0,100,,305058,22,,,0,100,,305060,22,,,0,30,,305061,22,,,0,29,,305062,22,,,0,70,,305063,22,,,0,30,,305064,22,,,0,70,,305065,22,,,0,30,,305066,22,,,0,70,,305067,22,,,0,30,,305068,22,,,0
6101,'APR26SUN-Sunday-16-1',619,,305075,37,,,0,95,,305077,36,,,0,100,,305079,36,,,0,101,,305087,22,,,0,31,,305088,22,,,0,70,,305089,22,,,0,29,,305090,22,,,0,70,,305091,22,,,0,30,,305092,22,,,0,70,,305093,22,,,0,34,,305094,22,,,0,66,,305095,22,,,0,30,,305096,22,,,0,70,,305097,22,,,0,30,,305098,22,,,0,70,,305099,22,,,0,30,,305100,22,,,0,70,,305101,22,,,0,30,,305102,22,,,0,70,,305103,22,,,0,30,,305104,22,,,0,70,,305105,22,,,0,30,,305106,22,,,0,70,,305107,22,,,0,30,,305108,22,,,0,99,,305110,22,,,0,100,,305112,22,,,0,70,,305113,22,,,0,100,,305115,22,,,0
16100,'APR26DA-Weekday-40-1',1511,,310962,18,,,0,10,,310963,18,,,0
16301,'APR26DA-Weekday-40-1',603,,311260,5,,,0,30,,311261,5,,,0,70,,311262,5,,,0,29,,311263,5,,,0,70,,311264,5,,,0,32,,311265,5,,,0,68,,311266,5,,,0,30,,311267,5,,,0,70,,311268,5,,,0,30,,311269,5,,,0,70,,311270,5,,,0,30,,311271,5,,,0,70,,311272,5,,,0,30,,311273,5,,,0,70,,311274,5,,,0,30,,311275,5,,,0,70,,311276,5,,,0,31,,311277,5,,,0,70,,311278,5,,,0,30,,311279,5,,,0,70,,311289,5,,,0,30,,311280,5,,,0,70,,311281,5,,,0,30,,311290,5,,,0,69,,311282,5,,,0,30,,311283,5,,,0,70,,311284,5,,,0,30,,311285,5,,,0,70,,311286,5,,,0,100,,311287,5,,,0,100,,311288,5,,,0
16301,'APR26SAT-Saturday-21-1',733,,311291,5,,,0,70,,311292,5,,,0,30,,311293,5,,,0,70,,311294,5,,,0,30,,311295,5,,,0,70,,311296,5,,,0,30,,311297,5,,,0,70,,311298,5,,,0,30,,311299,5,,,0,70,,311300,5,,,0,30,,311301,5,,,0,70,,311302,5,,,0,30,,311303,5,,,0,70,,311304,5,,,0,30,,311305,5,,,0,70,,311306,5,,,0,30,,311307,5,,,0,70,,311308,5,,,0,30,,311309,5,,,0,70,,311310,5,,,0,100,,311311,5,,,0,100,,311312,5,,,0,100,,311313,5,,,0,100,,311314,5,,,0,100,,311315,5,,,0
16301,'APR26SUN-Sunday-16-1',733,,311316,5,,,0,100,,311317,5,,,0,70,,311318,5,,,0,30,,311319,5,,,0,70,,311320,5,,,0,30,,311321,5,,,0,70,,311322,5,,,0,30,,311323,5,,,0,70,,311324,5,,,0,30,,311325,5,,,0,70,,311326,5,,,0,30,,311327,5,,,0,70,,311328,5,,,0,30,,311329,5,,,0,70,,311330,5,,,0,30,,311331,5,,,0,70,,311332,5,,,0,30,,311333,5,,,0,70,,311334,5,,,0,100,,311335,5,,,0,100,,311336,5,,,0
30101,'301Shop-Weekday-01-1',1458,,312197,27,,,0
30301,'303Shop-Weekday-01-1',1458,,312201,27,,,0
66200,'APR26DA-Weekday-40-1',1428,,312330,5,,,0
