7000,'APR26DA-Weekday-40-1',606,,306088,49,,,1,36,,306045,49,,,1,15,,306046,49,,,1,54,,306047,49,,,1,15,,306048,49,,,1,15,,306049,49,,,1,15,,306050,49,,,1,54,,306089,49,,,1,15,,306051,49,,,1,15,,306052,49,,,1,15,,306053,49,,,1,55,,306054,49,,,1,31,,306055,49,,,1,69,,306056,49,,,1,30,,306057,49,,,1,70,,306058,49,,,1,30,,306059,49,,,1,70,,306060,49,,,1,30,,306061,49,,,1,70,,306062,49,,,1,30,,306063,49,,,1,70,,306064,49,,,1,29,,306065,49,,,1,70,,306066,49,,,1,29,,306067,49,,,1,87,,306068,49,,,1,15,,306069,49,,,1,15,,306090,49,,,1,55,,306070,49,,,1,15,,306071,49,,,1,15,,306072,49,,,1,15,,306073,49,,,1,55,,306074,49,,,1,30,,306075,49,,,1,17,,306076,49,,,1,53,,306091,49,,,1,14,,306077,49,,,1,17,,306085,49,,,1,70,,306078,49,,,1,30,,306079,49,,,1,71,,306080,49,,,1,30,,306081,49,,,1,70,,306082,49,,,1,100,,306083,49,,,1
7000,'APR26SAT-Saturday-21-1',445,,306125,17,,,1,70,,306124,17,,,1,97,,306092,49,,,1,30,,306110,49,,,1,70,,306093,49,,,1,30,,306111,49,,,1,100,,306112,49,,,1,102,,306113,49,,,1,70,,306094,49,,,1,30,,306114,49,,,1,70,,306095,49,,,1,30,,306115,49,,,1,71,,306096,49,,,1,30,,306116,49,,,1,70,,306097,49,,,1,30,,306117,49,,,1,70,,306098,49,,,1,30,,306118,49,,,1,70,,306099,49,,,1,30,,306119,49,,,1,70,,306100,49,,,1,30,,306120,49,,,1,70,,306101,49,,,1,30,,306121,49,,,1,70,,306102,49,,,1,30,,306122,49,,,1,70,,306103,49,,,1,29,,306123,49,,,1,70,,306104,49,,,1,30,,306108,49,,,1,70,,306105,49,,,1,29,,306109,49,,,1,100,,306106,49,,,1,100,,306107,49,,,1
7000,'APR26SUN-Sunday-16-1',440,,306157,17,,,1,70,,306156,17,,,1,94,,306153,17,,,1,30,,306154,17,,,1,70,,306155,17,,,1,55,,306126,49,,,1,100,,306127,49,,,1,142,,306128,49,,,1,30,,306129,49,,,1,70,,306130,49,,,1,30,,306131,49,,,1,70,,306132,49,,,1,31,,306133,49,,,1,70,,306134,49,,,1,30,,306135,49,,,1,70,,306136,49,,,1,30,,306137,49,,,1,70,,306138,49,,,1,30,,306139,49,,,1,70,,306140,49,,,1,30,,306141,49,,,1,70,,306142,49,,,1,30,,306143,49,,,1,70,,306144,49,,,1,30,,306145,49,,,1,70,,306146,49,,,1,30,,306147,49,,,1,69,,306148,49,,,1,30,,306149,49,,,1,100,,306150,49,,,1,99,,306151,49,,,1,105,,306152,49,,,1
11000,'APR26DA-Weekday-40-1',618,,310085,24,,,1,20,,310086,24,,,1,73,,310087,24,,,1,30,,310088,24,,,1,71,,310112,24,,,1,30,,310089,24,,,1,70,,310090,24,,,1,24,,310091,24,,,1,70,,310092,24,,,1,30,,310093,24,,,1,70,,310094,24,,,1,30,,310095,24,,,1,70,,310096,24,,,1,30,,310113,24,,,1,70,,310097,24,,,1,30,,310098,24,,,1,69,,310099,24,,,1,30,,310100,24,,,1,72,,310101,24,,,1,103,,310114,24,,,1,31,,310102,24,,,1,70,,310103,24,,,1,30,,310104,24,,,1,70,,310105,24,,,1,30,,310115,24,,,1,65,,310106,24,,,1,30,,310107,24,,,1,70,,310108,24,,,1,30,,310109,24,,,1
11000,'APR26SAT-Saturday-21-1',642,,310116,24,,,1,70,,310117,24,,,1,1031,,310118,24,,,1,70,,310119,24,,,1
11000,'APR26SUN-Sunday-16-1',643,,310122,24,,,1,70,,310123,24,,,1,1031,,310124,24,,,1,70,,310125,24,,,1
17300,'APR26DA-Weekday-40-1',533,,311632,30,,,1,80,,311633,30,,,1,34,,311634,30,,,1,70,,311635,30,,,1,30,,311636,30,,,1,68,,311637,30,,,1,32,,311666,30,,,1,70,,311656,30,,,1,30,,311638,25,,,1,70,,311657,30,,,1,30,,311639,25,,,1,70,,311658,30,,,1,30,,311640,25,,,1,70,,311659,30,,,1,30,,311641,25,,,1,70,,311660,30,,,1,30,,311642,25,,,1,70,,311661,30,,,1,31,,311643,25,,,1,72,,311644,30,,,1,30,,311645,30,,,1,71,,311646,30,,,1,29,,311647,30,,,1,70,,311648,30,,,1,30,,311649,30,,,1,70,,311650,30,,,1,27,,311662,30,,,1,70,,311651,30,,,1,30,,311663,25,,,1,70,,311652,30,,,1,30,,311664,25,,,1,70,,311653,30,,,1,27,,311665,25,,,1,70,,311654,30,,,1,100,,311655,30,,,1
17300,'APR26SAT-Saturday-21-1',644,,311697,30,,,1,65,,311698,30,,,1,100,,311683,25,,,1,33,,311667,30,,,1,70,,311684,25,,,1,30,,311668,30,,,1,70,,311685,25,,,1,31,,311669,30,,,1,70,,311686,25,,,1,30,,311670,30,,,1,70,,311687,25,,,1,30,,311671,30,,,1,70,,311688,25,,,1,30,,311672,30,,,1,70,,311689,25,,,1,30,,311673,30,,,1,70,,311690,25,,,1,30,,311674,30,,,1,70,,311691,25,,,1,30,,311675,30,,,1,70,,311692,25,,,1,30,,311676,30,,,1,70,,311693,25,,,1,30,,311677,30,,,1,70,,311694,25,,,1,30,,311678,30,,,1,70,,311695,25,,,1,30,,311679,30,,,1,70,,311696,25,,,1,29,,311680,30,,,1,100,,311681,30,,,1,100,,311682,30,,,1
17300,'APR26SUN-Sunday-16-1',648,,311715,30,,,1,70,,311716,30,,,1,130,,311699,30,,,1,100,,311700,30,,,1,101,,311701,30,,,1,70,,311717,25,,,1,30,,311702,30,,,1,70,,311718,25,,,1,30,,311703,30,,,1,70,,311719,25,,,1,30,,311704,30,,,1,70,,311720,25,,,1,30,,311705,30,,,1,70,,311721,25,,,1,30,,311706,30,,,1,70,,311722,25,,,1,30,,311707,30,,,1,70,,311723,25,,,1,30,,311708,30,,,1,70,,311724,25,,,1,30,,311709,30,,,1,70,,311725,25,,,1,30,,311710,30,,,1,70,,311726,25,,,1,30,,311711,30,,,1,99,,311712,30,,,1,100,,311713,30,,,1,100,,311714,30,,,1
67500,'APR26DA-Weekday-40-1',823,,312415,49,,,1
67901,'APR26DA-Weekday-40-1',1436,,312431,26,,,1,7,,312432,26,,,1
69601,'APR26DA-Weekday-40-1',1510,,312489,22,,,1
