3101,'APR26DA-Weekday-40-1',626,,300670,36,0,27 28,1,79,,300651,36,0,27 28,1,29,,300652,36,0,27 28,1,70,,300653,36,0,27 28,1,3,,300661,28,0,23 24,1,2,,300662,28,0,23 24,1,28,,300654,36,0,27 28,1,67,,300655,36,0,27 28,1,26,,300671,36,0,27 28,1,70,,300656,36,0,27 28,1,30,,300657,36,0,27 28,1,70,,300673,36,0,27 28,1,30,,300683,36,0,27 28,1,70,,300658,36,0,27 28,1,31,,300672,36,0,27 28,1,70,,300669,36,0,27 28,1,30,,300659,36,0,27 28,1,70,,300681,36,0,27 28,1,30,,300668,36,0,27 28,1,73,,300660,36,0,27 28,1,32,,300682,36,0,27 28,1,70,,300663,36,0,27 28,1,31,,300685,36,0,27 28,1,69,,300678,36,0,27 28,1,29,,300666,36,0,27 28,1,70,,300665,36,0,27 28,1,28,,300679,36,0,27 28,1,67,,300676,36,0,27 28,1,27,,300674,36,0,27 28,1,30,,300680,36,0,27 28,1,69,,300664,36,0,27 28,1,30,,300684,36,0,27 28,1,69,,300677,36,0,27 28,1,30,,300667,36,0,27 28,1,64,,300675,36,0,27 28,1
3101,'APR26SAT-Saturday-21-1',657,,300686,36,0,27 28,1,70,,300687,36,0,27 28,1,30,,300688,36,0,27 28,1,70,,300689,36,0,27 28,1,32,,300690,36,0,27 28,1,70,,300691,36,0,27 28,1,30,,300692,36,0,27 28,1,70,,300693,36,0,27 28,1,71,,300694,36,0,27 28,1,30,,300695,36,0,27 28,1,70,,300696,36,0,27 28,1,39,,300697,36,0,27 28,1,62,,300698,36,0,27 28,1,30,,300699,36,0,27 28,1,70,,300700,36,0,27 28,1,30,,300701,36,0,27 28,1,70,,300702,36,0,27 28,1,30,,300703,36,0,27 28,1,78,,300704,36,0,27 28,1,22,,300705,36,0,27 28,1,70,,300706,36,0,27 28,1,30,,300707,36,0,27 28,1,70,,300708,36,0,27 28,1,28,,300709,36,0,27 28,1,30,,300710,36,0,27 28,1,70,,300711,36,0,27 28,1,30,,300712,36,0,27 28,1,68,,300713,36,0,27 28,1,30,,300714,36,0,27 28,1,70,,300718,36,0,27 28,1,30,,300715,36,0,27 28,1,70,,300719,36,0,27 28,1,30,,300717,36,0,27 28,1,100,,300716,36,0,27 28,1
3101,'APR26SUN-Sunday-16-1',832,,300720,36,0,27 28,1,102,,300721,36,0,27 28,1,100,,300722,36,0,27 28,1,71,,300723,36,0,27 28,1,30,,300724,36,0,27 28,1,70,,300725,36,0,27 28,1,31,,300726,36,0,27 28,1,70,,300727,36,0,27 28,1,30,,300728,36,0,27 28,1,70,,300729,36,0,27 28,1,30,,300730,36,0,27 28,1,70,,300731,36,0,27 28,1,30,,300732,36,0,27 28,1,70,,300733,36,0,27 28,1,30,,300734,36,0,27 28,1,70,,300735,36,0,27 28,1,30,,300736,36,0,27 28,1,70,,300737,36,0,27 28,1,28,,300738,36,0,27 28,1,70,,300739,36,0,27 28,1,30,,300740,36,0,27 28,1,98,,300741,36,0,27 28,1,100,,300742,36,0,27 28,1,100,,300743,36,0,27 28,1,100,,300744,36,0,27 28,1
3801,'APR26DA-Weekday-40-1',612,,301557,5,0,73,1,45,,301580,5,0,73,1,70,,301569,5,0,73,1,30,,301558,5,0,73,1,72,,301559,5,0,73,1,28,,301585,5,0,73,1,70,,301572,5,0,73,1,30,,301568,5,0,73,1,70,,301579,5,0,73,1,30,,301584,5,0,73,1,70,,301586,5,0,73,1,30,,301578,5,0,73,1,70,,301583,5,0,73,1,30,,301560,5,0,73,1,70,,301587,5,0,73,1,31,,301561,5,0,73,1,98,,301562,5,0,73,1,72,,301575,5,0,73,1,72,,301582,5,0,73,1,29,,301563,5,0,73,1,30,,301574,5,0,73,1,70,,301564,5,0,73,1,30,,301565,5,0,73,1,84,,301573,5,0,73,1,70,,301589,5,0,73,1,30,,301567,5,0,73,1,70,,301570,5,0,73,1,30,,301576,5,0,73,1,70,,301577,5,0,73,1,30,,301571,5,0,73,1,70,,301588,5,0,73,1,99,,301581,5,0,73,1
3801,'APR26SAT-Saturday-21-1',634,,301590,5,0,73,1,100,,301623,5,0,73,1,70,,301591,5,0,73,1,30,,301592,5,0,73,1,70,,301593,5,0,73,1,30,,301594,5,0,73,1,70,,301595,5,0,73,1,30,,301596,5,0,73,1,70,,301597,5,0,73,1,30,,301598,5,0,73,1,70,,301599,5,0,73,1,30,,301600,5,0,73,1,70,,301601,5,0,73,1,30,,301602,5,0,73,1,70,,301603,5,0,73,1,30,,301604,5,0,73,1,70,,301605,5,0,73,1,30,,301606,5,0,73,1,70,,301607,5,0,73,1,30,,301608,5,0,73,1,70,,301609,5,0,73,1,30,,301610,5,0,73,1,70,,301611,5,0,73,1,30,,301612,5,0,73,1,70,,301613,5,0,73,1,30,,301614,5,0,73,1,70,,301615,5,0,73,1,30,,301616,5,0,73,1,70,,301617,5,0,73,1,30,,301618,5,0,73,1,70,,301619,5,0,73,1,100,,301620,5,0,27 28,1,30,,301621,5,0,27 28,1,70,,301622,5,0,27 28,1
3801,'APR26SUN-Sunday-16-1',849,,301624,5,0,73,1,70,,301625,5,0,73,1,30,,301626,5,0,73,1,70,,301627,5,0,73,1,30,,301628,5,0,73,1,70,,301629,5,0,73,1,30,,301630,5,0,73,1,70,,301631,5,0,73,1,30,,301632,5,0,73,1,70,,301633,5,0,73,1,30,,301634,5,0,73,1,70,,301635,5,0,73,1,30,,301636,5,0,73,1,70,,301637,5,0,73,1,30,,301638,5,0,73,1,70,,301639,5,0,73,1,30,,301640,5,0,73,1,70,,301641,5,0,73,1,30,,301642,5,0,73,1,70,,301643,5,0,73,1,30,,301644,5,0,73,1,70,,301645,5,0,73,1,30,,301646,5,0,73,1,70,,301647,5,0,73,1,100,,301648,5,0,73,1
13801,'APR26DA-Weekday-40-1',552,,310845,16,,,1,71,,310854,18,,,1,30,,310849,18,,,1,70,,310855,18,,,1,31,,310859,18,,,1,70,,310856,18,,,1,29,,310852,18,,,1,98,,310851,16,,,1,100,,310847,16,,,1,100,,310846,16,,,1,100,,310863,16,,,1,100,,310862,16,,,1,103,,310853,16,,,1,70,,310850,16,,,1,30,,310840,16,,,1,70,,310841,16,,,1,30,,310842,16,,,1,70,,310843,16,,,1,30,,310844,16,,,1,98,,310860,16,,,1,100,,310861,16,,,1,99,,310857,16,,,1,100,,310858,16,,,1,98,,310848,16,,,1
13801,'APR26SAT-Saturday-21-1',807,,310864,16,,,1,100,,310865,16,,,1,101,,310866,16,,,1,100,,310867,16,,,1,100,,310868,16,,,1,100,,310869,16,,,1,100,,310870,16,,,1,100,,310871,16,,,1,100,,310872,16,,,1,100,,310873,16,,,1,100,,310874,16,,,1,100,,310875,16,,,1,100,,310876,16,,,1,99,,310877,16,,,1,100,,310878,16,,,1,100,,310879,16,,,1
13801,'APR26SUN-Sunday-16-1',848,,310880,16,,,1,160,,310881,16,,,1,100,,310882,16,,,1,100,,310883,16,,,1,100,,310884,16,,,1,100,,310885,16,,,1,100,,310886,16,,,1,100,,310887,16,,,1,100,,310888,16,,,1,97,,310889,16,,,1,103,,310890,16,,,1,100,,310891,16,,,1,99,,310892,16,,,1
23701,'APR26DA-Weekday-40-1',1546,,312071,4,,,1,95,,312072,4,,,1,95,,312074,4,,,1,100,,312073,4,,,1
62700,'APR26DA-Weekday-40-1',811,,312251,33,,,1
63700,'APR26DA-Weekday-40-1',806,,312274,35,,,1
67800,'APR26DA-Weekday-40-1',748,,312425,2,,,1
