7001,'APR26DA-Weekday-40-1',521,,306202,66,,,0,27,,306158,66,,,0,100,,306159,66,,,0,55,,306160,66,,,0,13,,306161,66,,,0,21,,306162,66,,,0,17,,306163,66,,,0,55,,306164,66,,,0,15,,306165,66,,,0,15,,306166,66,,,0,15,,306167,66,,,0,55,,306168,66,,,0,15,,306203,66,,,0,15,,306169,66,,,0,15,,306170,66,,,0,64,,306171,66,,,0,30,,306172,66,,,0,70,,306173,66,,,0,30,,306174,66,,,0,70,,306175,66,,,0,30,,306176,66,,,0,70,,306177,66,,,0,30,,306178,66,,,0,70,,306179,66,,,0,108,,306180,66,,,0,30,,306181,66,,,0,70,,306182,66,,,0,15,,306183,66,,,0,16,,306184,66,,,0,55,,306185,66,,,0,29,,306186,66,,,0,15,,306187,66,,,0,55,,306204,66,,,0,15,,306188,66,,,0,12,,306189,66,,,0,15,,306190,66,,,0,55,,306191,66,,,0,15,,306192,66,,,0,30,,306193,66,,,0,70,,306194,66,,,0,30,,306195,66,,,0,64,,306196,66,,,0,30,,306197,66,,,0,70,,306198,66,,,0,30,,306199,66,,,0,94,,306200,66,,,0
7001,'APR26SAT-Saturday-21-1',524,,306236,66,,,0,30,,306237,66,,,0,176,,306205,66,,,0,25,,306225,66,,,0,70,,306206,66,,,0,100,,306207,66,,,0,101,,306208,66,,,0,100,,306209,66,,,0,30,,306229,66,,,0,71,,306210,66,,,0,30,,306230,66,,,0,70,,306211,66,,,0,30,,306231,66,,,0,70,,306212,66,,,0,30,,306232,66,,,0,70,,306213,66,,,0,30,,306233,66,,,0,70,,306214,66,,,0,30,,306234,66,,,0,70,,306215,66,,,0,30,,306235,66,,,0,70,,306216,66,,,0,30,,306224,66,,,0,69,,306217,66,,,0,30,,306226,66,,,0,70,,306218,66,,,0,30,,306227,66,,,0,70,,306219,66,,,0,29,,306228,66,,,0,70,,306220,66,,,0,97,,306221,66,,,0,103,,306222,66,,,0,100,,306223,66,,,0
7001,'APR26SUN-Sunday-16-1',517,,306267,66,,,0,30,,306268,66,,,0,195,,306240,66,,,0,70,,306241,66,,,0,100,,306242,66,,,0,100,,306243,66,,,0,101,,306244,66,,,0,30,,306245,66,,,0,70,,306246,66,,,0,31,,306247,66,,,0,70,,306248,66,,,0,30,,306249,66,,,0,70,,306250,66,,,0,30,,306251,66,,,0,70,,306252,66,,,0,30,,306253,66,,,0,70,,306254,66,,,0,30,,306255,66,,,0,70,,306256,66,,,0,30,,306257,66,,,0,70,,306258,66,,,0,30,,306259,66,,,0,70,,306260,66,,,0,29,,306261,66,,,0,70,,306262,66,,,0,30,,306263,66,,,0,100,,306264,66,,,0,99,,306265,66,,,0,100,,306269,66,,,0,105,,306266,66,,,0
7300,'APR26DA-Weekday-40-1',537,,306270,24,,,0,93,,306271,43,,,0,72,,306272,43,,,0,34,,306273,43,,,0,66,,306274,43,,,0,29,,306275,43,,,0,71,,306276,43,,,0,30,,306277,43,,,0,69,,306278,43,,,0,22,,306279,24,,,0,30,,306280,24,,,0,70,,306281,24,,,0,30,,306282,24,,,0,70,,306283,24,,,0,30,,306284,24,,,0,70,,306285,24,,,0,30,,306286,24,,,0,70,,306287,24,,,0,34,,306288,24,,,0,74,,306302,29,,,0,70,,306289,29,,,0,32,,306290,29,,,0,68,,306291,29,,,0,30,,306292,29,,,0,70,,306293,29,,,0,30,,306294,29,,,0,24,,306295,24,,,0,70,,306296,24,,,0,30,,306297,24,,,0,70,,306298,24,,,0,30,,306299,24,,,0,70,,306300,24,,,0,29,,306301,24,,,0
7400,'APR26DA-Weekday-40-1',604,,306381,18,,,0,43,,306337,32,,,0,76,,306338,32,,,0,34,,306339,32,,,0,72,,306386,32,,,0,17,,306340,32,,,0,54,,306341,32,,,0,15,,306388,32,,,0,14,,306342,32,,,0,15,,306343,32,,,0,12,,306344,32,,,0,55,,306345,32,,,0,16,,306346,32,,,0,15,,306347,32,,,0,15,,306348,32,,,0,55,,306394,32,,,0,15,,306349,32,,,0,15,,306350,32,,,0,17,,306351,32,,,0,55,,306352,32,,,0,15,,306353,32,,,0,15,,306354,32,,,0,15,,306355,32,,,0,55,,306384,32,,,0,15,,306356,32,,,0,15,,306357,32,,,0,15,,306358,32,,,0,55,,306359,32,,,0,15,,306360,32,,,0,15,,306393,32,,,0,14,,306361,32,,,0,56,,306385,32,,,0,15,,306362,32,,,0,17,,306363,32,,,0,55,,306364,32,,,0,15,,306365,32,,,0,19,,306366,32,,,0,14,,306367,32,,,0,54,,306368,32,,,0,15,,306369,32,,,0,16,,306370,32,,,0,14,,306371,32,,,0,57,,306372,32,,,0,15,,306391,32,,,0,15,,306373,32,,,0,24,,306392,32,,,0,70,,306375,32,,,0,85,,306376,32,,,0,99,,306389,32,,,0,100,,306378,32,,,0,97,,306380,32,,,0,126,,306387,18,,,0
7400,'APR26SAT-Saturday-21-1',716,,306421,18,,,0,31,,306422,18,,,0,70,,306423,18,,,0,30,,306424,18,,,0,70,,306425,18,,,0,24,,306395,32,,,0,70,,306396,32,,,0,30,,306397,32,,,0,71,,306398,32,,,0,30,,306399,32,,,0,70,,306400,32,,,0,30,,306401,32,,,0,71,,306402,32,,,0,30,,306403,32,,,0,70,,306404,32,,,0,30,,306405,32,,,0,70,,306406,32,,,0,30,,306407,32,,,0,70,,306408,32,,,0,30,,306409,32,,,0,70,,306410,32,,,0,30,,306411,32,,,0,70,,306412,32,,,0,30,,306413,32,,,0,70,,306414,32,,,0,30,,306415,32,,,0,70,,306416,32,,,0,30,,306417,32,,,0,69,,306418,32,,,0,30,,306419,32,,,0,70,,306420,32,,,0,104,,306426,18,,,0,102,,306427,18,,,0
7400,'APR26SUN-Sunday-16-1',752,,306445,18,,,0,100,,306446,18,,,0,100,,306447,18,,,0,97,,306428,32,,,0,70,,306429,32,,,0,30,,306430,32,,,0,70,,306431,32,,,0,31,,306432,32,,,0,70,,306433,32,,,0,30,,306434,32,,,0,70,,306435,32,,,0,30,,306436,32,,,0,70,,306437,32,,,0,30,,306438,32,,,0,70,,306439,32,,,0,30,,306440,32,,,0,70,,306441,32,,,0,30,,306442,32,,,0,70,,306443,32,,,0,30,,306444,32,,,0,103,,306448,18,,,0,99,,306449,18,,,0,100,,306450,18,,,0,100,,306451,18,,,0
11001,'APR26DA-Weekday-40-1',502,,310155,24,,,0,30,,310156,24,,,0,97,,310128,95,0,35,0,80,,310158,95,0,35,0,31,,310129,95,0,35,0,70,,310130,95,0,35,0,30,,310131,95,0,35,0,77,,310132,95,0,35,0,27,,310133,95,0,35,0,70,,310134,95,0,35,0,25,,310135,95,0,35,0,71,,310136,95,0,35,0,30,,310159,95,0,35,0,74,,310137,95,0,35,0,30,,310138,95,0,35,0,70,,310139,95,0,35,0,28,,310140,95,0,35,0,70,,310141,95,0,35,0,28,,310157,95,0,35,0,100,,310142,95,0,35,0,70,,310143,95,0,35,0,48,,310144,95,0,35,0,71,,310160,95,0,35,0,30,,310145,95,0,35,0,66,,310146,95,0,35,0,30,,310147,95,0,35,0,66,,310148,95,0,35,0,23,,310149,95,0,35,0,63,,310150,95,0,35,0,19,,310151,95,0,35,0,30,,310152,95,0,35,0,70,,310153,95,0,35,0
11001,'APR26SAT-Saturday-21-1',507,,310165,24,,,0,30,,310166,24,,,0,170,,310161,96,0,35,0,30,,310162,96,0,35,0,1072,,310163,96,0,35,0,30,,310164,96,0,35,0
11001,'APR26SUN-Sunday-16-1',507,,310171,24,0,41,0,30,,310172,24,0,41,0,170,,310167,96,0,35,0,30,,310168,96,0,35,0,1072,,310169,96,0,35,0,30,,310170,96,0,35,0
19800,'APR26DA-Weekday-40-1',616,,312013,30,,,0,93,,312010,30,,,0,105,,312012,30,,,0,899,,312009,30,,,0,100,,312011,30,,,0
28300,'APR26DA-Weekday-40-1',553,,312170,43,,,0,97,,312171,43,,,0,76,,312172,29,,,0
29900,'APR26DA-Weekday-40-1',637,,312186,33,0,35,0,93,,312188,7,0,23 46 47,0,2,,312189,7,0,23 46 47,0,1,,312187,33,0,35,0,1,,312190,7,0,23 46 47,0
69901,'APR26DA-Weekday-40-1',1615,,312508,15,,,0
