2400,'APR26DA-Weekday-40-1',615,,299873,84,,,1,105,,299840,84,,,1,36,,299886,84,,,1,72,,299859,84,,,1,72,,299878,84,,,1,31,,299853,84,,,1,70,,299841,84,,,1,30,,299881,84,,,1,69,,299842,84,,,1,30,,299865,84,,,1,70,,299854,84,,,1,30,,299843,84,,,1,28,,299879,84,,,1,70,,299844,84,,,1,30,,299866,84,,,1,72,,299845,84,,,1,70,,299870,84,,,1,31,,299860,84,,,1,417,,299863,84,,,1,95,,299883,84,,,1,100,,299876,84,,,1,98,,299867,84,,,1,100,,299862,84,,,1
3201,'APR26DA-Weekday-40-1',1535,,300757,37,,,1,76,,300759,37,,,1,30,,300758,37,,,1,72,,300753,37,,,1,30,,300755,37,,,1,95,,300756,37,,,1,72,,300754,37,,,1
3400,'APR26DA-Weekday-40-1',536,,300967,11,,,1,75,,300955,8,,,1,30,,300957,8,,,1,70,,300968,8,,,1,29,,300956,8,,,1,11,,300950,11,0,23 24,1,61,,300958,8,,,1,30,,300973,8,,,1,70,,300971,8,,,1,30,,300954,8,,,1,69,,300974,8,,,1,30,,300944,8,,,1,70,,300970,8,,,1,30,,300953,8,,,1,70,,300945,8,,,1,31,,300946,8,,,1,70,,300969,8,,,1,30,,300947,8,,,1,70,,300965,8,,,1,101,,300959,8,,,1,30,,300966,8,,,1,100,,300963,8,,,1,70,,300961,8,,,1,99,,300964,8,,,1,30,,300962,8,,,1,70,,300952,8,,,1,30,,300960,8,,,1,70,,300972,8,,,1,30,,300948,8,,,1,70,,300951,8,,,1,30,,300975,8,,,1
3400,'APR26SAT-Saturday-21-1',655,,300976,8,,,1,100,,300977,8,,,1,70,,300978,8,,,1,30,,300979,8,,,1,70,,300980,8,,,1,30,,300981,8,,,1,70,,300982,8,,,1,30,,300983,8,,,1,70,,300984,8,,,1,30,,300985,8,,,1,70,,300986,8,,,1,30,,300987,8,,,1,70,,300988,8,,,1,30,,300989,8,,,1,70,,300990,8,,,1,30,,300991,8,,,1,70,,300992,8,,,1,30,,300993,8,,,1,70,,300994,8,,,1,30,,300995,8,,,1,70,,300996,8,,,1,30,,300997,8,,,1,70,,300998,8,,,1,30,,300999,8,,,1,70,,301000,8,,,1,75,,301001,8,,,1
3400,'APR26SUN-Sunday-16-1',745,,301002,8,,,1,100,,301003,8,,,1,96,,301004,8,,,1,70,,301005,8,,,1,30,,301006,8,,,1,70,,301007,8,,,1,30,,301008,8,,,1,70,,301009,8,,,1,30,,301010,8,,,1,70,,301011,8,,,1,30,,301012,8,,,1,70,,301013,8,,,1,30,,301014,8,,,1,70,,301015,8,,,1,42,,301016,8,,,1,58,,301017,8,,,1,30,,301018,8,,,1,70,,301019,8,,,1,30,,301020,8,,,1,70,,301021,8,,,1,43,,301022,8,,,1
22600,'APR26DA-Weekday-40-1',1601,,312038,36,,,1,25,,312034,36,,,1,21,,312036,36,,,1,67,,312035,36,,,1,27,,312039,36,,,1,69,,312040,36,,,1,30,,312037,36,,,1
22800,'APR26DA-Weekday-40-1',609,,312050,54,,,1,32,,312049,54,,,1,78,,312048,54,,,1
22801,'APR26DA-Weekday-40-1',1619,,312051,7,,,1,40,,312053,7,,,1,98,,312052,7,,,1
61200,'APR26DA-Weekday-40-1',720,,312226,11,0,52 53,1,104,,312224,11,,,1,3,,312225,11,,,1
62200,'APR26DA-Weekday-40-1',758,,312246,11,0,83 84 85,1,68,,312245,11,,,1
63401,'APR26DA-Weekday-40-1',1439,,312273,13,,,1
63701,'APR26DA-Weekday-40-1',1539,,312275,43,,,1
64100,'APR26DA-Weekday-40-1',752,,312283,12,,,1
