1201,'APR26DA-Weekday-40-1',633,,298677,55,,,1,23,,298720,55,,,1,57,,298678,55,,,1,16,,298679,55,,,1,16,,298680,55,,,1,57,,298681,55,,,1,18,,298724,55,,,1,16,,298682,55,,,1,16,,298683,55,,,1,55,,298733,55,,,1,16,,298684,55,,,1,14,,298685,55,,,1,12,,298686,55,,,1,52,,298687,55,,,1,14,,298725,55,,,1,15,,298688,55,,,1,15,,298689,55,,,1,14,,298730,55,,,1,54,,298690,55,,,1,14,,298691,55,,,1,14,,298722,55,,,1,16,,298692,55,,,1,55,,298693,55,,,1,17,,298726,55,,,1,16,,298694,55,,,1,56,,298695,55,,,1,16,,298749,55,,,1,16,,298696,55,,,1,16,,298697,55,,,1,55,,298698,55,,,1,17,,298699,55,,,1,15,,298700,55,,,1,16,,298701,55,,,1,57,,298748,55,,,1,16,,298702,55,,,1,16,,298703,55,,,1,59,,298704,55,,,1,35,,298705,55,,,1,18,,298706,55,,,1,51,,298707,55,,,1,14,,298708,55,,,1,14,,298736,55,,,1,15,,298709,55,,,1,61,,298710,55,,,1,14,,298711,55,,,1,29,,298712,55,,,1,64,,298714,55,,,1,27,,298737,55,,,1,97,,298729,55,,,1,69,,298735,55,,,1,29,,298716,55,,,1,69,,298717,55,,,1,26,,298732,55,,,1,70,,298741,55,,,1
1201,'APR26SAT-Saturday-21-1',752,,298755,55,,,1,70,,298756,55,,,1,31,,298758,55,,,1,69,,298760,55,,,1,30,,298762,55,,,1,70,,298764,55,,,1,32,,298766,55,,,1,70,,298768,55,,,1,30,,298770,55,,,1,70,,298772,55,,,1,32,,298774,55,,,1,70,,298776,55,,,1,30,,298778,55,,,1,70,,298780,55,,,1,30,,298782,55,,,1,70,,298784,55,,,1,30,,298786,55,,,1,70,,298788,55,,,1,26,,298790,55,,,1,73,,298792,55,,,1,30,,298794,55,,,1,70,,298796,55,,,1,30,,298798,55,,,1,70,,298800,55,,,1,30,,298802,55,,,1,70,,298804,55,,,1,26,,298806,55,,,1,73,,298808,55,,,1,100,,298810,55,,,1,98,,298812,55,,,1
1201,'APR26SUN-Sunday-16-1',833,,298821,55,,,1,73,,298822,55,,,1,23,,298823,55,,,1,30,,298825,55,,,1,70,,298827,55,,,1,72,,298829,55,,,1,30,,298831,55,,,1,70,,298833,55,,,1,30,,298835,55,,,1,72,,298837,55,,,1,30,,298839,55,,,1,70,,298841,55,,,1,30,,298843,55,,,1,70,,298845,55,,,1,30,,298847,55,,,1,70,,298849,55,,,1,30,,298851,55,,,1,69,,298853,55,,,1,30,,298855,55,,,1,70,,298857,55,,,1,45,,298859,55,,,1
5701,'APR26DA-Weekday-40-1',2601,,304544,8,0,76,1,30,,304545,8,0,76,1,70,,304546,8,0,76,1
5701,'APR26SAT-Saturday-21-1',601,,304552,8,0,76,1
5701,'APR26SUN-Sunday-16-1',555,,304576,8,0,76,1,70,,304577,8,0,76,1,30,,304578,8,0,76,1,70,,304579,8,0,76,1,30,,304580,8,0,76,1,1573,,304581,8,0,76,1,30,,304582,8,0,76,1,70,,304583,8,0,76,1
6101,'APR26DA-Weekday-40-1',417,,304977,8,0,9 10,1,31,,304978,8,0,9 10,1,2099,,305028,8,0,9 10,1,70,,305029,8,0,9 10,1,30,,305030,8,0,9 10,1
6101,'APR26SAT-Saturday-21-1',512,,305031,8,0,9 10,1,30,,305032,8,,,1,70,,305033,8,,,1,2039,,305034,8,0,9 10,1
6101,'APR26SUN-Sunday-16-1',525,,305075,8,,,1,30,,305076,8,0,9 10,1,70,,305077,8,,,1,30,,305078,8,0,9 10,1,70,,305079,8,,,1,30,,305080,8,0,9 10,1,1600,,305081,8,0,9 10,1,70,,305082,8,0,9 10,1,30,,305083,8,0,9 10,1,70,,305084,8,0,9 10,1,26,,305085,8,0,9 10,1,70,,305086,8,0,9 10,1
7501,'APR26DA-Weekday-40-1',313,,306900,8,0,64 65,1,28,,306904,8,0,64 65,1,72,,306815,8,0,64 65,1,25,,306816,8,,,1,2107,,306892,8,0,64 65,1,68,,306893,8,0,64 65,1,30,,306894,8,0,64 65,1
7501,'APR26SAT-Saturday-21-1',318,,306908,8,0,64 65,1,30,,306909,8,0,64 65,1,70,,306910,8,0,64 65,1,30,,306911,8,0,64 65,1,70,,306912,8,0,64 65,1,30,,306913,8,,,1,2102,,306914,8,0,64 65,1
7501,'APR26SUN-Sunday-16-1',321,,306991,8,0,64 65,1,30,,306992,8,0,64 65,1,70,,306993,8,0,64 65,1,30,,306994,8,0,64 65,1,70,,306995,8,0,64 65,1,30,,306996,8,0,64 65,1,65,,306997,8,,,1,35,,306998,8,0,64 65,1,70,,306999,8,,,1,30,,307000,8,0,64 65,1,55,,307001,8,0,64 65,1,1546,,307002,8,0,64 65,1,70,,307003,8,0,64 65,1,30,,307004,8,0,64 65,1,70,,307005,8,0,64 65,1,30,,307006,8,0,64 65,1,70,,307007,8,0,64 65,1,30,,307008,8,0,64 65,1
