'14-1',9201,61600,,'',0,3000,,'',0,6900,,'',0,2200,,'',0,7900,,'',0,3100,,'',0,10100,0,'Walkley',0,10000,0,'Walkley',0,10000,0,'Walkley',0,10100,0,'Walkley',0,10000,0,'Walkley',0,10000,0,'Walkley',0,6100,0,'Walkley',0,24000,0,'Walkley',0,10000,0,'Walkley',0,9700,0,'Walkley',0,10000,0,'Walkley',0,10000,0,'Walkley',0,9900,0,'Walkley',0
'2-1',9201,61600,,'',0,3000,,'',0,6900,,'',0,2200,,'',0,7900,,'',0,3100,,'',0,10100,0,'Walkley',0,10000,0,'Walkley',0,10000,0,'Walkley',0,10100,0,'Walkley',0,10000,0,'Walkley',0,10000,0,'Walkley',0,6100,0,'Walkley',0,24000,0,'Walkley',0,10000,0,'Walkley',0,9700,0,'Walkley',0,10000,0,'Walkley',0,10000,0,'Walkley',0,9900,0,'Walkley',0
'3-1',9201,61600,,'',0,3000,,'',0,6900,,'',0,2200,,'',0,7900,,'',0,3100,,'',0,10100,0,'Walkley',0,10000,0,'Walkley',0,10000,0,'Walkley',0,10100,0,'Walkley',0,10000,0,'Walkley',0,10000,0,'Walkley',0,6100,0,'Walkley',0,24000,0,'Walkley',0,10000,0,'Walkley',0,9700,0,'Walkley',0,10000,0,'Walkley',0,10000,0,'Walkley',0,9900,0,'Walkley',0
'6-1',9201,61600,,'',0,3000,,'',0,6900,,'',0,2200,,'',0,7900,,'',0,3100,,'',0,10100,0,'Walkley',0,10000,0,'Walkley',0,10000,0,'Walkley',0,10100,0,'Walkley',0,10000,0,'Walkley',0,10000,0,'Walkley',0,6100,0,'Walkley',0,24000,0,'Walkley',0,10000,0,'Walkley',0,9700,0,'Walkley',0,10000,0,'Walkley',0,10000,0,'Walkley',0,9900,0,'Walkley',0
'7-1',9201,61600,,'',0,3000,,'',0,6900,,'',0,2200,,'',0,7900,,'',0,3100,,'',0,10100,0,'Walkley',0,10000,0,'Walkley',0,10000,0,'Walkley',0,10100,0,'Walkley',0,10000,0,'Walkley',0,10000,0,'Walkley',0,6100,0,'Walkley',0,24000,0,'Walkley',0,10000,0,'Walkley',0,9700,0,'Walkley',0,10000,0,'Walkley',0,10000,0,'Walkley',0,9900,0,'Walkley',0
'8-1',9201,61600,,'',0,3000,,'',0,6900,,'',0,2200,,'',0,7900,,'',0,3100,,'',0,10100,0,'Walkley',0,10000,0,'Walkley',0,10000,0,'Walkley',0,10100,0,'Walkley',0,10000,0,'Walkley',0,10000,0,'Walkley',0,6100,0,'Walkley',0,24000,0,'Walkley',0,10000,0,'Walkley',0,9700,0,'Walkley',0,10000,0,'Walkley',0,10000,0,'Walkley',0,9900,0,'Walkley',0
'9-1',9201,61600,,'',0,3000,,'',0,6900,,'',0,2200,,'',0,7900,,'',0,3100,,'',0,10100,0,'Walkley',0,10000,0,'Walkley',0,10000,0,'Walkley',0,10100,0,'Walkley',0,10000,0,'Walkley',0,10000,0,'Walkley',0,6100,0,'Walkley',0,24000,0,'Walkley',0,10000,0,'Walkley',0,9700,0,'Walkley',0,10000,0,'Walkley',0,10000,0,'Walkley',0,9900,0,'Walkley',0
'14-1',64000,82800,,'',0
'2-1',64000,82800,,'',0
'3-1',64000,82800,,'',0
'6-1',64000,82800,,'',0
'7-1',64000,82800,,'',0
'8-1',64000,82800,,'',0
'9-1',64000,82800,,'',0
