3000,'APR26DA-Weekday-40-1',1537,,300403,2,0,26,0
3001,'APR26DA-Weekday-40-1',847,,300504,33,4,,0,3,,300503,33,4,,0
3300,'APR26DA-Weekday-40-1',1537,,300772,2,0,27 28,0
3301,'APR26DA-Weekday-40-1',851,,300862,46,4,,0
3500,'APR26DA-Weekday-40-1',1537,,301130,2,0,27 28,0
3501,'APR26DA-Weekday-40-1',848,,301198,37,4,,0,3,,301199,37,4,,0
61100,'APR26DA-Weekday-40-1',849,,312222,38,4,,0
61101,'APR26DA-Weekday-40-1',1537,,312223,2,,,0
61200,'APR26DA-Weekday-40-1',849,,312224,43,4,,0,3,,312225,43,4,,0
61201,'APR26DA-Weekday-40-1',1537,,312228,2,,,0
63200,'APR26DA-Weekday-40-1',853,,312268,38,4,,0
63201,'APR26DA-Weekday-40-1',1537,,312269,2,,,0
63900,'APR26DA-Weekday-40-1',847,,312277,55,4,,0
63901,'APR26DA-Weekday-40-1',1537,,312279,2,,,0
