1100,'APR26DA-Weekday-40-1',427,,298201,3,,,1,74,,298254,3,,,1,28,,298202,3,,,1,15,,298203,3,,,1,15,,298204,3,,,1,52,,298205,3,,,1,15,,298258,3,,,1,13,,298206,3,,,1,15,,298207,3,,,1,49,,298262,3,,,1,15,,298208,3,,,1,15,,298261,3,,,1,17,,298209,3,,,1,55,,298210,3,,,1,20,,298211,3,,,1,15,,298212,19,,,1,17,,298213,3,,,1,57,,298257,19,,,1,13,,298263,3,,,1,13,,298214,19,,,1,17,,298215,3,,,1,55,,298259,19,,,1,16,,298216,3,,,1,14,,298217,19,,,1,15,,298218,3,,,1,54,,298219,19,,,1,14,,298220,3,,,1,15,,298221,19,,,1,15,,298222,3,,,1,55,,298223,19,,,1,15,,298224,3,,,1,15,,298225,19,,,1,15,,298226,3,,,1,55,,298260,19,,,1,15,,298227,3,,,1,15,,298228,19,,,1,12,,298229,3,,,1,55,,298230,19,,,1,16,,298231,3,,,1,30,,298232,3,,,1,53,,298233,19,,,1,14,,298256,3,,,1,32,,298234,3,,,1,51,,298235,19,,,1,17,,298236,3,,,1,13,,298237,19,,,1,17,,298238,3,,,1,57,,298239,19,,,1,18,,298240,3,,,1,12,,298253,19,,,1,22,,298255,19,,,1,66,,298241,19,,,1,27,,298242,19,,,1,71,,298243,19,,,1,33,,298244,19,,,1,73,,298245,19,,,1,30,,298246,19,,,1,73,,298247,19,,,1,75,,298248,3,,,1,30,,298249,3,,,1,70,,298250,3,,,1,30,,298251,3,,,1,70,,298252,3,,,1
1100,'APR26SAT-Saturday-21-1',532,,298288,3,,,1,70,,298289,3,,,1,30,,298290,3,,,1,70,,298291,3,,,1,30,,298292,3,,,1,70,,298293,3,,,1,30,,298294,3,,,1,26,,298264,19,,,1,70,,298265,19,,,1,30,,298266,19,,,1,71,,298267,19,,,1,30,,298268,19,,,1,70,,298269,19,,,1,30,,298270,19,,,1,70,,298271,19,,,1,30,,298272,19,,,1,70,,298273,19,,,1,30,,298274,19,,,1,70,,298275,19,,,1,30,,298276,19,,,1,70,,298277,19,,,1,30,,298278,19,,,1,70,,298279,19,,,1,30,,298280,19,,,1,70,,298281,19,,,1,30,,298282,19,,,1,70,,298283,19,,,1,30,,298284,19,,,1,70,,298285,19,,,1,30,,298286,19,,,1,69,,298287,19,,,1,21,,298295,3,,,1,70,,298296,3,,,1,30,,298297,3,,,1,70,,298298,3,,,1,30,,298299,3,,,1,70,,298300,3,,,1,30,,298301,3,,,1,70,,298302,3,,,1,30,,298303,3,,,1
1100,'APR26SUN-Sunday-16-1',629,,298323,3,,,1,30,,298324,3,,,1,70,,298325,3,,,1,30,,298326,3,,,1,70,,298327,3,,,1,30,,298328,3,,,1,67,,298304,19,,,1,30,,298329,3,,,1,71,,298305,19,,,1,30,,298306,19,,,1,70,,298307,19,,,1,30,,298308,19,,,1,70,,298309,19,,,1,30,,298310,19,,,1,70,,298311,19,,,1,30,,298312,19,,,1,70,,298313,19,,,1,30,,298314,19,,,1,70,,298315,19,,,1,30,,298316,19,,,1,70,,298317,19,,,1,30,,298318,19,,,1,70,,298319,19,,,1,30,,298320,19,,,1,70,,298321,19,,,1,30,,298322,19,,,1,66,,298330,3,,,1,30,,298331,3,,,1,70,,298332,3,,,1,30,,298333,3,,,1,70,,298334,3,,,1,30,,298335,3,,,1,70,,298336,3,,,1,30,,298337,3,,,1,70,,298338,3,,,1,30,,298339,3,,,1
1101,'APR26DA-Weekday-40-1',822,,298397,60,,,1,28,,298346,60,,,1,72,,298347,60,,,1,26,,298349,60,,,1,70,,298351,60,,,1,32,,298353,60,,,1,72,,298354,60,,,1,30,,298356,60,,,1,73,,298398,60,,,1,31,,298359,60,,,1,70,,298361,60,,,1,30,,298363,60,,,1,70,,298365,60,,,1,75,,298367,60,,,1,32,,298399,60,,,1,72,,298369,60,,,1,34,,298371,60,,,1,71,,298372,60,,,1,33,,298374,60,,,1,94,,298376,60,,,1,84,,298378,60,,,1,18,,298379,60,,,1,18,,298383,60,,,1,66,,298387,60,,,1,26,,298385,60,,,1
1101,'APR26SAT-Saturday-21-1',836,,298409,60,,,1,74,,298410,60,,,1,30,,298411,60,,,1,72,,298412,60,,,1,30,,298413,60,,,1,73,,298414,60,,,1,33,,298415,60,,,1,71,,298416,60,,,1,30,,298417,60,,,1,70,,298418,60,,,1,30,,298419,60,,,1,70,,298420,60,,,1,30,,298421,60,,,1,70,,298422,60,,,1,30,,298423,60,,,1,70,,298424,60,,,1,30,,298425,60,,,1,68,,298426,60,,,1,30,,298427,60,,,1,70,,298428,60,,,1,30,,298429,60,,,1,68,,298430,60,,,1,30,,298431,60,,,1,69,,298432,60,,,1
1101,'APR26SUN-Sunday-16-1',909,,298447,60,,,1,30,,298448,60,,,1,72,,298449,60,,,1,30,,298450,60,,,1,73,,298451,60,,,1,32,,298452,60,,,1,70,,298453,60,,,1,30,,298454,60,,,1,70,,298455,60,,,1,30,,298456,60,,,1,70,,298457,60,,,1,30,,298458,60,,,1,70,,298459,60,,,1,30,,298460,60,,,1,70,,298461,60,,,1,30,,298462,60,,,1,68,,298463,60,,,1,30,,298464,60,,,1,70,,298465,60,,,1
5101,'APR26DA-Weekday-40-1',719,,303849,44,,,1,30,,303850,44,,,1,73,,303880,44,,,1,31,,303851,44,,,1,51,,303877,44,,,1,19,,303852,44,,,1,27,,303853,44,,,1,70,,303854,44,,,1,30,,303855,44,,,1,70,,303856,44,,,1,31,,303857,44,,,1,70,,303858,44,,,1,30,,303859,44,,,1,70,,303860,44,,,1,30,,303861,44,,,1,70,,303862,44,,,1,30,,303863,44,,,1,73,,303864,44,,,1,32,,303865,44,,,1,70,,303866,44,,,1,30,,303879,44,,,1,69,,303867,44,,,1,29,,303868,44,,,1,70,,303869,44,,,1,27,,303870,44,,,1,67,,303871,44,,,1,29,,303872,44,,,1,70,,303873,44,,,1,28,,303874,44,,,1,100,,303875,44,,,1,68,,303876,44,,,1,99,,303878,44,,,1
5101,'APR26SAT-Saturday-21-1',746,,303881,44,,,1,101,,303882,44,,,1,70,,303883,44,,,1,30,,303884,44,,,1,71,,303885,44,,,1,30,,303886,44,,,1,70,,303887,44,,,1,30,,303888,44,,,1,70,,303889,44,,,1,30,,303890,44,,,1,70,,303891,44,,,1,30,,303892,44,,,1,70,,303893,44,,,1,30,,303894,44,,,1,70,,303895,44,,,1,30,,303896,44,,,1,70,,303897,44,,,1,30,,303898,44,,,1,70,,303899,44,,,1,30,,303900,44,,,1,71,,303901,44,,,1,100,,303903,44,,,1,99,,303905,44,,,1,100,,303907,44,,,1,100,,303909,44,,,1,99,,303910,44,,,1,100,,303911,44,,,1
5101,'APR26SUN-Sunday-16-1',911,,303912,44,,,1,30,,303913,44,,,1,71,,303914,44,,,1,30,,303915,44,,,1,70,,303916,44,,,1,30,,303917,44,,,1,70,,303918,44,,,1,30,,303919,44,,,1,70,,303920,44,,,1,30,,303921,44,,,1,70,,303922,44,,,1,30,,303923,44,,,1,70,,303924,44,,,1,30,,303925,44,,,1,70,,303926,44,,,1,30,,303927,44,,,1,70,,303928,44,,,1,30,,303929,44,,,1,70,,303930,44,,,1,30,,303931,44,,,1,70,,303932,44,,,1,30,,303933,44,,,1,69,,303934,44,,,1,100,,303936,44,,,1,100,,303937,44,,,1,199,,303939,44,,,1
15300,'APR26DA-Weekday-40-1',804,,310893,3,,,1,209,,310894,3,,,1,98,,310895,3,,,1,102,,310896,3,,,1,97,,310897,3,,,1,101,,310898,3,,,1,200,,310899,3,,,1,204,,310900,3,,,1,89,,310901,3,,,1
15300,'APR26SAT-Saturday-21-1',1008,,310902,3,,,1,200,,310903,3,,,1,200,,310904,3,,,1,200,,310905,3,,,1
15300,'APR26SUN-Sunday-16-1',1008,,310906,3,,,1,200,,310907,3,,,1,200,,310908,3,,,1,200,,310909,3,,,1
