6300,'APR26DA-Weekday-40-1',635,,305319,49,,,0,23,,305321,48,,,0,56,,305322,48,,,0,17,,305323,48,,,0,15,,305324,48,,,0,56,,305325,48,,,0,16,,305326,48,,,0,14,,305327,48,,,0,15,,305328,48,,,0,71,,305329,48,,,0,30,,305330,48,,,0,68,,305331,48,,,0,28,,305332,48,,,0,70,,305333,48,,,0,31,,305334,48,,,0,70,,305335,48,,,0,31,,305336,48,,,0,66,,305337,48,,,0,30,,305338,48,,,0,72,,305339,48,,,0,30,,305340,48,,,0,68,,305341,42,,,0,31,,305342,42,,,0,15,,305343,42,,,0,55,,305344,42,,,0,17,,305345,42,,,0,15,,305346,42,,,0,57,,305366,42,,,0,14,,305347,42,,,0,15,,305365,42,,,0,15,,305348,42,,,0,55,,305349,42,,,0,15,,305350,42,,,0,11,,305351,42,,,0,15,,305352,42,,,0,15,,305353,42,,,0,69,,305354,42,,,0,33,,305355,48,,,0,70,,305356,48,,,0,30,,305357,48,,,0,70,,305358,48,,,0,30,,305359,48,,,0,69,,305360,48,,,0,28,,305361,48,,,0,70,,305362,48,,,0,30,,305363,48,,,0,79,,305364,49,,,0
6300,'APR26SAT-Saturday-21-1',727,,305367,48,,,0,30,,305368,48,,,0,70,,305369,48,,,0,31,,305370,48,,,0,70,,305371,48,,,0,30,,305372,48,,,0,70,,305373,48,,,0,73,,305374,48,,,0,30,,305375,48,,,0,70,,305376,48,,,0,30,,305377,48,,,0,70,,305378,48,,,0,30,,305379,48,,,0,70,,305380,48,,,0,30,,305381,48,,,0,70,,305382,48,,,0,30,,305383,48,,,0,70,,305384,48,,,0,30,,305385,48,,,0,70,,305386,48,,,0,30,,305387,48,,,0,70,,305388,48,,,0,30,,305389,48,,,0,70,,305390,48,,,0,30,,305391,48,,,0,70,,305392,48,,,0,30,,305393,48,,,0,28,,305394,48,,,0,70,,305395,48,,,0,30,,305396,48,,,0,70,,305397,48,,,0,28,,305398,48,,,0,70,,305399,48,,,0,30,,305400,48,,,0
6300,'APR26SUN-Sunday-16-1',814,,305401,48,,,0,104,,305402,48,,,0,100,,305403,48,,,0,103,,305404,48,,,0,30,,305405,48,,,0,70,,305406,48,,,0,30,,305407,48,,,0,70,,305408,48,,,0,30,,305409,48,,,0,70,,305410,48,,,0,30,,305411,48,,,0,70,,305412,48,,,0,30,,305413,48,,,0,70,,305414,48,,,0,30,,305415,48,,,0,70,,305416,48,,,0,30,,305417,48,,,0,70,,305418,48,,,0,30,,305419,48,,,0,70,,305420,48,,,0,30,,305421,48,,,0,70,,305422,48,,,0,30,,305423,48,,,0,68,,305424,48,,,0,30,,305425,48,,,0,70,,305426,48,,,0,30,,305427,48,,,0,68,,305428,48,,,0,100,,305429,48,,,0
6301,'APR26DA-Weekday-40-1',529,,305430,20,,,0,30,,305431,20,,,0,55,,305432,20,,,0,14,,305433,20,,,0,15,,305479,20,,,0,10,,305434,20,,,0,53,,305435,20,,,0,13,,305436,20,,,0,19,,305437,20,,,0,13,,305438,20,,,0,57,,305439,20,,,0,21,,305440,20,,,0,14,,305441,20,,,0,70,,305442,20,,,0,30,,305443,20,,,0,70,,305444,20,,,0,30,,305445,20,,,0,65,,305446,20,,,0,30,,305447,20,,,0,70,,305448,20,,,0,30,,305449,20,,,0,70,,305450,20,,,0,30,,305451,20,,,0,70,,305452,20,,,0,30,,305453,20,,,0,70,,305454,20,,,0,30,,305455,20,,,0,70,,305456,20,,,0,15,,305472,20,,,0,15,,305457,20,,,0,15,,305473,20,,,0,55,,305458,20,,,0,15,,305474,20,,,0,15,,305480,20,,,0,15,,305478,20,,,0,55,,305459,20,,,0,15,,305475,20,,,0,15,,305460,20,,,0,15,,305476,20,,,0,55,,305461,20,,,0,15,,305477,20,,,0,30,,305462,20,,,0,70,,305463,20,,,0,30,,305464,20,,,0,70,,305465,20,,,0,30,,305466,20,,,0,70,,305467,20,,,0,30,,305468,20,,,0,70,,305469,20,,,0,30,,305470,20,,,0
6301,'APR26SAT-Saturday-21-1',724,,305481,20,,,0,77,,305482,20,,,0,30,,305483,20,,,0,70,,305484,20,,,0,30,,305485,20,,,0,70,,305486,20,,,0,31,,305487,20,,,0,71,,305488,20,,,0,30,,305489,20,,,0,70,,305490,20,,,0,30,,305491,20,,,0,70,,305492,20,,,0,30,,305493,20,,,0,70,,305494,20,,,0,30,,305495,20,,,0,70,,305496,20,,,0,30,,305497,20,,,0,70,,305498,20,,,0,30,,305499,20,,,0,70,,305500,20,,,0,30,,305501,20,,,0,70,,305502,20,,,0,30,,305503,20,,,0,70,,305504,20,,,0,29,,305505,20,,,0,70,,305506,20,,,0,30,,305507,20,,,0,70,,305508,20,,,0,30,,305509,20,,,0,70,,305510,20,,,0,30,,305511,20,,,0,70,,305512,20,,,0,30,,305513,20,,,0,70,,305514,20,,,0
6301,'APR26SUN-Sunday-16-1',723,,305515,20,,,0,100,,305516,20,,,0,100,,305517,20,,,0,102,,305518,20,,,0,30,,305519,20,,,0,70,,305520,20,,,0,30,,305521,20,,,0,70,,305522,20,,,0,30,,305523,20,,,0,70,,305524,20,,,0,30,,305525,20,,,0,70,,305526,20,,,0,30,,305527,20,,,0,70,,305528,20,,,0,30,,305529,20,,,0,70,,305530,20,,,0,30,,305531,20,,,0,70,,305532,20,,,0,30,,305533,20,,,0,70,,305534,20,,,0,30,,305535,20,,,0,69,,305536,20,,,0,30,,305537,20,,,0,70,,305538,20,,,0,30,,305539,20,,,0,70,,305540,20,,,0,30,,305541,20,,,0,70,,305542,20,,,0,100,,305543,20,,,0
11001,'APR26DA-Weekday-40-1',532,,310128,20,0,35,0,27,,310158,20,0,35,0,71,,310129,20,0,35,0,70,,310130,20,0,35,0,30,,310131,20,0,35,0,72,,310132,20,0,35,0,31,,310133,20,0,35,0,70,,310134,20,0,35,0,29,,310135,20,0,35,0,68,,310136,20,0,35,0,30,,310159,20,0,35,0,74,,310137,20,0,35,0,30,,310138,20,0,35,0,70,,310139,20,0,35,0,28,,310140,20,0,35,0,70,,310141,20,0,35,0,30,,310157,20,0,35,0,100,,310142,20,0,35,0,70,,310143,20,0,35,0,36,,310144,20,0,35,0,71,,310160,20,0,35,0,30,,310145,20,0,35,0,66,,310146,20,0,35,0,30,,310147,20,0,35,0,70,,310148,20,0,35,0,28,,310149,20,0,35,0,69,,310150,20,0,35,0,26,,310151,20,0,35,0,30,,310152,20,0,35,0,70,,310153,20,0,35,0
11001,'APR26SAT-Saturday-21-1',608,,310161,21,0,35,0,30,,310162,21,0,35,0,1070,,310163,21,0,35,0,30,,310164,21,0,35,0
11001,'APR26SUN-Sunday-16-1',608,,310167,21,0,35,0,30,,310168,21,0,35,0,1070,,310169,21,0,35,0,30,,310170,21,0,35,0
66001,'APR26DA-Weekday-40-1',1618,,312327,38,,,0
67401,'APR26DA-Weekday-40-1',1510,,312412,37,,,0,2,,312414,37,,,0
