'14-1',27501,155300,4,'',0,7000,4,'',0,10000,4,'',0,3000,4,'',0,7000,4,'',0,3200,4,'',0
'2-1',27501,155300,4,'',0,7000,4,'',0,10000,4,'',0,3000,4,'',0,7000,4,'',0,3200,4,'',0
'3-1',27501,155300,4,'',0,7000,4,'',0,10000,4,'',0,3000,4,'',0,7000,4,'',0,3200,4,'',0
'6-1',27501,155300,4,'',0,7000,4,'',0,10000,4,'',0,3000,4,'',0,7000,4,'',0,3200,4,'',0
'7-1',27501,155300,4,'',0,7000,4,'',0,10000,4,'',0,3000,4,'',0,7000,4,'',0,3200,4,'',0
'8-1',27501,155300,4,'',0,7000,4,'',0,10000,4,'',0,3000,4,'',0,7000,4,'',0,3200,4,'',0
'9-1',27501,155300,4,'',0,7000,4,'',0,10000,4,'',0,3000,4,'',0,7000,4,'',0,3200,4,'',0
'14-1',67101,161800,4,'',0,500,4,'',0,800,4,'',0
'2-1',67101,161800,4,'',0,500,4,'',0,800,4,'',0
'3-1',67101,161800,4,'',0,500,4,'',0,800,4,'',0
'6-1',67101,161800,4,'',0,500,4,'',0,800,4,'',0
'7-1',67101,161800,4,'',0,500,4,'',0,800,4,'',0
'8-1',67101,161800,4,'',0,500,4,'',0,800,4,'',0
'9-1',67101,161800,4,'',0,500,4,'',0,800,4,'',0
'14-1',68301,164200,4,'',0,300,4,'',0
'2-1',68301,164200,4,'',0,300,4,'',0
'3-1',68301,164200,4,'',0,300,4,'',0
'6-1',68301,164200,4,'',0,300,4,'',0
'7-1',68301,164200,4,'',0,300,4,'',0
'8-1',68301,164200,4,'',0,300,4,'',0
'9-1',68301,164200,4,'',0,300,4,'',0
