3000,'APR26DA-Weekday-40-1',530,,300361,33,,,0,83,,300362,33,,,0,16,,300363,33,,,0,17,,300364,33,,,0,57,,300365,33,,,0,15,,300366,33,,,0,16,,300367,33,,,0,13,,300368,33,,,0,57,,300369,33,,,0,14,,300370,33,,,0,14,,300371,33,,,0,16,,300372,33,,,0,70,,300373,33,,,0,26,,300374,33,,,0,69,,300375,33,,,0,28,,300376,33,,,0,70,,300377,33,,,0,30,,300378,33,,,0,70,,300379,33,,,0,30,,300380,33,,,0,70,,300381,33,,,0,31,,300382,33,,,0,72,,300383,33,,,0,32,,300384,33,,,0,72,,300385,33,,,0,31,,300386,33,,,0,54,,300403,34,4,,0,15,,300387,33,,,0,30,,300388,33,,,0,70,,300389,33,,,0,30,,300390,33,,,0,69,,300391,33,,,0,29,,300392,33,,,0,69,,300393,33,,,0,31,,300394,33,,,0,71,,300395,33,,,0,30,,300396,33,,,0,71,,300397,33,,,0,30,,300398,33,,,0,95,,300399,33,,,0
3000,'APR26SAT-Saturday-21-1',739,,300404,33,,,0,100,,300405,33,,,0,70,,300406,33,,,0,30,,300407,33,,,0,70,,300408,33,,,0,32,,300409,33,,,0,70,,300410,33,,,0,30,,300411,33,,,0,70,,300412,33,,,0,30,,300413,33,,,0,70,,300414,33,,,0,30,,300415,33,,,0,70,,300416,33,,,0,30,,300417,33,,,0,70,,300418,33,,,0,30,,300419,33,,,0,70,,300420,33,,,0,31,,300421,33,,,0,70,,300422,33,,,0,30,,300423,33,,,0,70,,300424,33,,,0,27,,300425,33,,,0,69,,300426,33,,,0,30,,300427,33,,,0,70,,300428,33,,,0,30,,300429,33,,,0,70,,300430,33,,,0,30,,300431,33,,,0,100,,300432,33,,,0
3000,'APR26SUN-Sunday-16-1',738,,300433,33,,,0,100,,300434,33,,,0,100,,300435,33,,,0,102,,300436,33,,,0,70,,300437,33,,,0,30,,300438,33,,,0,70,,300439,33,,,0,30,,300440,33,,,0,70,,300441,33,,,0,30,,300442,33,,,0,70,,300443,33,,,0,30,,300444,33,,,0,70,,300445,33,,,0,30,,300446,33,,,0,70,,300447,33,,,0,31,,300448,33,,,0,70,,300449,33,,,0,30,,300450,33,,,0,70,,300451,33,,,0,27,,300452,33,,,0,70,,300453,33,,,0,30,,300454,33,,,0,70,,300455,33,,,0,30,,300456,33,,,0,70,,300457,33,,,0,30,,300458,33,,,0,70,,300459,33,,,0,96,,300460,33,,,0
3101,'APR26DA-Weekday-40-1',624,,300670,34,,,0,79,,300651,34,,,0,29,,300652,34,,,0,70,,300653,34,,,0,2,,300661,26,0,23 24,0,2,,300662,26,0,23 24,0,29,,300654,34,,,0,67,,300655,34,,,0,26,,300671,34,,,0,30,,300656,34,,,0,70,,300657,34,,,0,30,,300673,34,,,0,70,,300683,34,,,0,30,,300658,34,,,0,71,,300672,34,,,0,30,,300669,34,,,0,70,,300659,34,,,0,30,,300681,34,,,0,70,,300668,34,,,0,73,,300660,34,,,0,32,,300682,34,,,0,70,,300663,34,,,0,31,,300685,34,,,0,69,,300678,34,,,0,29,,300666,34,,,0,70,,300665,34,,,0,28,,300679,34,,,0,27,,300676,34,,,0,67,,300674,34,,,0,30,,300680,34,,,0,69,,300664,34,,,0,30,,300684,34,,,0,69,,300677,34,,,0,30,,300667,34,,,0,65,,300675,34,,,0
3101,'APR26SAT-Saturday-21-1',656,,300686,34,,,0,70,,300687,34,,,0,30,,300688,34,,,0,70,,300689,34,,,0,31,,300690,34,,,0,70,,300691,34,,,0,30,,300692,34,,,0,70,,300693,34,,,0,30,,300694,34,,,0,70,,300695,34,,,0,30,,300696,34,,,0,79,,300697,34,,,0,22,,300698,34,,,0,70,,300699,34,,,0,30,,300700,34,,,0,70,,300701,34,,,0,30,,300702,34,,,0,70,,300703,34,,,0,78,,300704,34,,,0,22,,300705,34,,,0,30,,300706,34,,,0,70,,300707,34,,,0,30,,300708,34,,,0,69,,300709,34,,,0,30,,300710,34,,,0,70,,300711,34,,,0,30,,300712,34,,,0,69,,300713,34,,,0,30,,300714,34,,,0,70,,300718,34,,,0,30,,300715,34,,,0,70,,300719,34,,,0,30,,300717,34,,,0,100,,300716,34,,,0
3101,'APR26SUN-Sunday-16-1',831,,300720,34,,,0,101,,300721,34,,,0,100,,300722,34,,,0,70,,300723,34,,,0,30,,300724,34,,,0,70,,300725,34,,,0,31,,300726,34,,,0,70,,300727,34,,,0,30,,300728,34,,,0,70,,300729,34,,,0,30,,300730,34,,,0,70,,300731,34,,,0,30,,300732,34,,,0,70,,300733,34,,,0,30,,300734,34,,,0,70,,300735,34,,,0,30,,300736,34,,,0,70,,300737,34,,,0,29,,300738,34,,,0,70,,300739,34,,,0,30,,300740,34,,,0,99,,300741,34,,,0,100,,300742,34,,,0,100,,300743,34,,,0,100,,300744,34,,,0
13801,'APR26DA-Weekday-40-1',549,,310845,14,,,0,72,,310854,16,,,0,30,,310849,16,,,0,70,,310855,16,,,0,31,,310859,16,,,0,70,,310856,16,,,0,29,,310852,16,,,0,97,,310851,14,,,0,100,,310847,14,,,0,100,,310846,14,,,0,100,,310863,14,,,0,100,,310862,14,,,0,103,,310853,14,,,0,70,,310850,14,,,0,30,,310840,14,,,0,70,,310841,14,,,0,30,,310842,14,,,0,70,,310843,14,,,0,30,,310844,14,,,0,98,,310860,14,,,0,100,,310861,14,,,0,99,,310857,14,,,0,100,,310858,14,,,0,100,,310848,14,,,0
13801,'APR26SAT-Saturday-21-1',805,,310864,14,,,0,100,,310865,14,,,0,101,,310866,14,,,0,100,,310867,14,,,0,100,,310868,14,,,0,100,,310869,14,,,0,100,,310870,14,,,0,100,,310871,14,,,0,100,,310872,14,,,0,100,,310873,14,,,0,100,,310874,14,,,0,100,,310875,14,,,0,100,,310876,14,,,0,99,,310877,14,,,0,100,,310878,14,,,0,100,,310879,14,,,0
13801,'APR26SUN-Sunday-16-1',846,,310880,14,,,0,160,,310881,14,,,0,100,,310882,14,,,0,100,,310883,14,,,0,100,,310884,14,,,0,100,,310885,14,,,0,100,,310886,14,,,0,100,,310887,14,,,0,100,,310888,14,,,0,97,,310889,14,,,0,103,,310890,14,,,0,100,,310891,14,,,0,99,,310892,14,,,0
63000,'APR26DA-Weekday-40-1',835,,312264,33,,,0
63100,'APR26DA-Weekday-40-1',842,,312266,26,,,0
63700,'APR26DA-Weekday-40-1',804,,312274,33,,,0
