8001,'APR26DA-Weekday-40-1',502,,307194,4,,,1,30,,307195,4,,,1,70,,307196,4,,,1,30,,307198,4,,,1,68,,307200,4,,,1,31,,307202,4,,,1,71,,307204,4,,,1,31,,307206,4,,,1,69,,307208,4,,,1,30,,307210,4,,,1,70,,307212,4,,,1,30,,307214,4,,,1,70,,307216,4,,,1,29,,307218,4,,,1,70,,307220,4,,,1,31,,307222,4,,,1,70,,307224,4,,,1,30,,307257,4,,,1,69,,307227,4,,,1,29,,307229,4,,,1,29,,307231,4,,,1,74,,307233,4,,,1,71,,307235,4,,,1,28,,307237,4,,,1,70,,307239,4,,,1,30,,307240,4,,,1,70,,307242,4,,,1,30,,307244,4,,,1,70,,307246,4,,,1,35,,307247,4,,,1,65,,307248,4,,,1,25,,307249,4,,,1,30,,307250,4,,,1,71,,307251,4,,,1,29,,307252,4,,,1,71,,307253,4,,,1,72,,307254,4,,,1,32,,307255,4,,,1
8001,'APR26SAT-Saturday-21-1',658,,307258,4,,,1,70,,307259,4,,,1,30,,307260,4,,,1,70,,307261,4,,,1,30,,307262,4,,,1,70,,307263,4,,,1,30,,307264,4,,,1,70,,307265,4,,,1,30,,307266,4,,,1,70,,307267,4,,,1,30,,307268,4,,,1,70,,307269,4,,,1,30,,307270,4,,,1,70,,307271,4,,,1,30,,307272,4,,,1,70,,307273,4,,,1,30,,307274,4,,,1,70,,307275,4,,,1,30,,307276,4,,,1,70,,307277,4,,,1,30,,307278,4,,,1,70,,307279,4,,,1,30,,307280,4,,,1,70,,307281,4,,,1,30,,307282,4,,,1,70,,307283,4,,,1,30,,307284,4,,,1,70,,307285,4,,,1,30,,307286,4,,,1,70,,307287,4,,,1,30,,307288,4,,,1,70,,307289,4,,,1,30,,307290,4,,,1,70,,307291,4,,,1,31,,307292,4,,,1
8001,'APR26SUN-Sunday-16-1',718,,307293,4,,,1,100,,307294,4,,,1,100,,307295,4,,,1,100,,307296,4,,,1,30,,307297,4,,,1,70,,307298,4,,,1,30,,307299,4,,,1,70,,307300,4,,,1,30,,307301,4,,,1,70,,307302,4,,,1,30,,307303,4,,,1,70,,307304,4,,,1,30,,307305,4,,,1,70,,307306,4,,,1,30,,307307,4,,,1,70,,307308,4,,,1,30,,307309,4,,,1,100,,307310,4,,,1,100,,307311,4,,,1,100,,307312,4,,,1,100,,307313,4,,,1,100,,307314,4,,,1,100,,307315,4,,,1
9901,'APR26DA-Weekday-40-1',529,,309694,4,0,35,1,25,,309695,4,0,35,1,75,,309696,4,0,35,1,30,,309697,4,0,35,1,70,,309698,4,0,35,1,30,,309699,4,0,35,1,70,,309700,4,0,35,1,30,,309701,4,0,35,1,70,,309702,4,0,35,1,30,,309703,4,0,35,1,70,,309704,4,0,35,1,30,,309705,4,0,35,1,70,,309706,4,0,35,1,30,,309707,4,0,35,1,70,,309708,4,0,35,1,30,,309709,4,0,35,1,70,,309710,4,0,35,1,30,,309711,4,0,35,1,66,,309712,4,0,35,1,32,,309713,4,0,35,1,70,,309714,4,0,35,1,30,,309715,4,0,35,1,1,,309733,11,0,35,1,70,,309716,4,0,35,1,29,,309717,4,0,35,1,73,,309718,4,0,35,1,29,,309719,4,0,35,1,71,,309720,4,0,35,1,29,,309721,4,0,35,1,70,,309722,4,0,35,1,30,,309723,4,0,35,1,70,,309724,4,0,35,1,30,,309725,4,0,35,1,73,,309726,4,0,35,1,68,,309727,4,0,35,1,29,,309728,4,0,35,1,100,,309729,4,0,35,1,100,,309730,4,0,35,1
9901,'APR26SAT-Saturday-21-1',632,,309734,4,0,35,1,105,,309735,4,0,35,1,65,,309736,4,0,35,1,30,,309737,4,0,35,1,70,,309738,4,0,35,1,30,,309739,4,0,35,1,70,,309740,4,0,35,1,30,,309741,4,0,35,1,70,,309742,4,0,35,1,30,,309743,4,0,35,1,70,,309744,4,0,35,1,30,,309745,4,0,35,1,70,,309746,4,0,35,1,30,,309747,4,0,35,1,70,,309748,4,0,35,1,30,,309749,4,0,35,1,70,,309750,4,0,35,1,30,,309751,4,0,35,1,70,,309752,4,0,35,1,30,,309753,4,0,35,1,70,,309754,4,0,35,1,30,,309755,4,0,35,1,70,,309756,4,0,35,1,30,,309757,4,0,35,1,70,,309758,4,0,35,1,30,,309759,4,0,35,1,70,,309760,4,0,35,1,30,,309761,4,0,35,1,70,,309762,4,0,35,1,30,,309763,4,0,35,1,70,,309764,4,0,35,1,98,,309765,4,0,35,1,102,,309766,4,0,35,1
9901,'APR26SUN-Sunday-16-1',629,,309767,4,0,35,1,100,,309768,4,0,35,1,100,,309769,4,0,35,1,101,,309770,4,0,35,1,26,,309771,4,0,35,1,70,,309772,4,0,35,1,30,,309773,4,0,35,1,70,,309774,4,0,35,1,30,,309775,4,0,35,1,70,,309776,4,0,35,1,30,,309777,4,0,35,1,70,,309778,4,0,35,1,30,,309779,4,0,35,1,70,,309780,4,0,35,1,30,,309781,4,0,35,1,70,,309782,4,0,35,1,30,,309783,4,0,35,1,70,,309784,4,0,35,1,30,,309785,4,0,35,1,70,,309786,4,0,35,1,30,,309787,4,0,35,1,70,,309788,4,0,35,1,30,,309789,4,0,35,1,70,,309790,4,0,35,1,83,,309791,4,0,35,1,100,,309792,4,0,35,1,100,,309793,4,0,35,1,39,,309794,4,0,35,1
11001,'APR26DA-Weekday-40-1',455,,310155,15,0,93,1,70,,310156,15,0,93,1,95,,310128,86,0,35,1,39,,310158,86,0,35,1,71,,310129,86,0,35,1,70,,310130,86,0,35,1,30,,310131,86,0,35,1,76,,310132,86,0,35,1,27,,310133,86,0,35,1,70,,310134,86,0,35,1,26,,310135,86,0,35,1,71,,310136,86,0,35,1,30,,310159,86,0,35,1,74,,310137,86,0,35,1,30,,310138,86,0,35,1,70,,310139,86,0,35,1,28,,310140,86,0,35,1,70,,310141,86,0,35,1,28,,310157,86,0,35,1,100,,310142,86,0,35,1,70,,310143,86,0,35,1,47,,310144,86,0,35,1,71,,310160,86,0,35,1,30,,310145,86,0,35,1,66,,310146,86,0,35,1,30,,310147,86,0,35,1,66,,310148,86,0,35,1,24,,310149,86,0,35,1,23,,310150,86,0,35,1,60,,310151,86,0,35,1,30,,310152,86,0,35,1,70,,310153,86,0,35,1
11001,'APR26SAT-Saturday-21-1',455,,310165,15,0,93,1,70,,310166,15,0,93,1,130,,310161,87,0,35,1,70,,310162,87,0,35,1,1032,,310163,87,0,35,1,70,,310164,87,0,35,1
11001,'APR26SUN-Sunday-16-1',455,,310171,15,0,41,1,70,,310172,15,0,41,1,130,,310167,87,0,35,1,70,,310168,87,0,35,1,1032,,310169,87,0,35,1,70,,310170,87,0,35,1
65901,'APR26DA-Weekday-40-1',1521,,312322,7,,,1,7,,312324,7,,,1,6,,312325,7,,,1
68400,'APR26DA-Weekday-40-1',1511,,312460,10,,,1,25,,312461,10,,,1
