11001,'APR26DA-Weekday-40-1',601,,310128,66,0,35,1,36,,310158,66,0,35,1,71,,310129,66,0,35,1,30,,310130,66,0,35,1,70,,310131,66,0,35,1,34,,310132,66,0,35,1,69,,310133,66,0,35,1,30,,310134,66,0,35,1,66,,310135,66,0,35,1,26,,310136,66,0,35,1,70,,310159,66,0,35,1,34,,310137,66,0,35,1,70,,310138,66,0,35,1,30,,310139,66,0,35,1,68,,310140,66,0,35,1,30,,310141,66,0,35,1,71,,310157,66,0,35,1,100,,310142,66,0,35,1,30,,310143,66,0,35,1,65,,310154,18,4,,1,18,,310144,66,0,35,1,31,,310160,66,0,35,1,70,,310145,66,0,35,1,26,,310146,66,0,35,1,70,,310147,66,0,35,1,28,,310148,66,0,35,1,66,,310149,66,0,35,1,26,,310150,66,0,35,1,22,,310151,66,0,35,1,70,,310152,66,0,35,1,30,,310153,66,0,35,1
11001,'APR26SAT-Saturday-21-1',635,,310161,67,0,35,1,70,,310162,67,0,35,1,1031,,310163,67,0,35,1,70,,310164,67,0,35,1
11001,'APR26SUN-Sunday-16-1',635,,310167,67,0,35,1,70,,310168,67,0,35,1,1031,,310169,67,0,35,1,70,,310170,67,0,35,1
16800,'APR26DA-Weekday-40-1',558,,311439,63,4,,1,70,,311440,63,4,,1,28,,311441,63,4,,1,72,,311442,63,4,,1,30,,311443,63,4,,1,70,,311444,63,4,,1,30,,311445,63,4,,1,69,,311446,63,4,,1,31,,311447,63,4,,1,70,,311448,63,4,,1,30,,311449,63,4,,1,70,,311450,63,4,,1,30,,311451,63,4,,1,70,,311452,63,4,,1,30,,311453,63,4,,1,70,,311454,63,4,,1,72,,311455,63,4,,1,30,,311456,63,4,,1,73,,311457,63,4,,1,33,,311458,63,4,,1,73,,311459,63,4,,1,29,,311460,63,4,,1,68,,311461,63,4,,1,30,,311462,63,4,,1,69,,311463,63,4,,1,26,,311464,63,4,,1,69,,311465,63,4,,1,28,,311466,63,4,,1,29,,311467,63,4,,1,69,,311468,63,4,,1,28,,311469,63,4,,1,69,,311470,63,4,,1,30,,311471,63,4,,1,104,,311472,63,4,,1,158,,311473,63,4,,1
16800,'APR26SAT-Saturday-21-1',712,,311474,63,4,,1,100,,311475,63,4,,1,30,,311476,63,4,,1,70,,311477,63,4,,1,30,,311478,63,4,,1,70,,311479,63,4,,1,35,,311480,63,4,,1,70,,311481,63,4,,1,30,,311482,63,4,,1,70,,311483,63,4,,1,31,,311484,63,4,,1,70,,311485,63,4,,1,30,,311486,63,4,,1,70,,311487,63,4,,1,30,,311488,63,4,,1,70,,311489,63,4,,1,30,,311490,63,4,,1,70,,311491,63,4,,1,30,,311492,63,4,,1,70,,311493,63,4,,1,30,,311494,63,4,,1,70,,311495,63,4,,1,29,,311496,63,4,,1,70,,311497,63,4,,1,30,,311498,63,4,,1,70,,311499,63,4,,1,25,,311500,63,4,,1,70,,311501,63,4,,1,30,,311502,63,4,,1,70,,311503,63,4,,1,100,,311504,63,4,,1,120,,311505,63,4,,1
16800,'APR26SUN-Sunday-16-1',710,,311506,63,4,,1,100,,311507,63,4,,1,100,,311508,63,4,,1,30,,311509,63,4,,1,71,,311510,63,4,,1,34,,311511,63,4,,1,70,,311512,63,4,,1,30,,311513,63,4,,1,70,,311514,63,4,,1,31,,311515,63,4,,1,70,,311516,63,4,,1,30,,311517,63,4,,1,70,,311518,63,4,,1,30,,311519,63,4,,1,70,,311520,63,4,,1,30,,311521,63,4,,1,70,,311522,63,4,,1,30,,311523,63,4,,1,70,,311524,63,4,,1,30,,311525,63,4,,1,70,,311526,63,4,,1,29,,311527,63,4,,1,70,,311528,63,4,,1,100,,311529,63,4,,1,95,,311530,63,4,,1,100,,311531,63,4,,1,100,,311532,63,4,,1,113,,311533,63,4,,1
25600,'APR26DA-Weekday-40-1',529,,312075,32,,,1,76,,312076,32,,,1,28,,312077,32,,,1,67,,312078,32,,,1,30,,312079,32,,,1,70,,312080,32,,,1,33,,312081,32,,,1
65600,'APR26DA-Weekday-40-1',1605,,312306,48,4,,1
65700,'APR26DA-Weekday-40-1',1602,,312309,46,4,,1
66701,'APR26DA-Weekday-40-1',1455,,312361,38,4,,1,54,,312363,38,4,,1
