1000,'APR26DA-Weekday-40-1',617,,297957,24,,,0,34,,297930,46,,,0,60,,297977,24,,,0,15,,297931,46,,,0,26,,297958,24,,,0,50,,297932,46,,,0,23,,297959,24,,,0,16,,297933,46,,,0,16,,297960,24,,,0,58,,297934,46,,,0,14,,297961,24,,,0,17,,297935,46,,,0,7,,297962,24,,,0,56,,297936,46,,,0,13,,297963,24,,,0,14,,297937,46,,,0,13,,297964,24,,,0,55,,297938,46,,,0,16,,297965,24,,,0,15,,297939,46,,,0,16,,297966,24,,,0,54,,297940,46,,,0,15,,297967,24,,,0,15,,297941,46,,,0,14,,297968,24,,,0,56,,297942,46,,,0,16,,297969,24,,,0,17,,297943,46,,,0,15,,297970,24,,,0,55,,297944,46,,,0,17,,297971,24,,,0,16,,297945,46,,,0,60,,297972,24,,,0,14,,297980,46,,,0,19,,297973,24,,,0,11,,297946,46,,,0,61,,297989,24,,,0,14,,297947,46,,,0,16,,297974,24,,,0,14,,297983,46,,,0,58,,297988,24,,,0,17,,297948,46,,,0,15,,297976,24,,,0,15,,297981,46,,,0,52,,297975,24,,,0,17,,297949,46,,,0,23,,297950,46,,,0,67,,297982,46,,,0,31,,297951,46,,,0,62,,297952,46,,,0,98,,297953,46,,,0,28,,297954,46,,,0,70,,297955,46,,,0,30,,297985,46,,,0,69,,297956,46,,,0,27,,297984,46,,,0,25,,297987,46,,,0,59,,297986,24,,,0
1000,'APR26SAT-Saturday-21-1',720,,297993,24,,,0,32,,297994,24,,,0,66,,297999,46,,,0,30,,298000,46,,,0,70,,298001,46,,,0,30,,298002,46,,,0,70,,298003,46,,,0,34,,298004,46,,,0,70,,298005,46,,,0,30,,298006,46,,,0,70,,298007,46,,,0,30,,298008,46,,,0,70,,298009,46,,,0,30,,298010,46,,,0,70,,298011,46,,,0,30,,298012,46,,,0,70,,298013,46,,,0,30,,298014,46,,,0,70,,298015,46,,,0,30,,298016,46,,,0,70,,298017,46,,,0,30,,298018,46,,,0,70,,298019,46,,,0,30,,298020,46,,,0,70,,298021,46,,,0,30,,298022,46,,,0,70,,298023,46,,,0,30,,298024,46,,,0,70,,298025,46,,,0,30,,298026,46,,,0,70,,298027,46,,,0,27,,298028,46,,,0,68,,298029,46,,,0,30,,298030,46,,,0,73,,297995,24,,,0,30,,297996,24,,,0,70,,297997,24,,,0,80,,297998,24,,,0
1000,'APR26SUN-Sunday-16-1',759,,298035,24,,,0,64,,298047,46,,,0,30,,298048,46,,,0,70,,298049,46,,,0,30,,298050,46,,,0,70,,298051,46,,,0,34,,298052,46,,,0,70,,298053,46,,,0,30,,298054,46,,,0,70,,298055,46,,,0,30,,298056,46,,,0,70,,298057,46,,,0,30,,298058,46,,,0,70,,298059,46,,,0,30,,298060,46,,,0,70,,298061,46,,,0,30,,298062,46,,,0,70,,298063,46,,,0,30,,298064,46,,,0,70,,298065,46,,,0,30,,298066,46,,,0,70,,298067,46,,,0,30,,298068,46,,,0,80,,298036,24,,,0,70,,298037,24,,,0,30,,298038,24,,,0,70,,298039,24,,,0,30,,298040,24,,,0,70,,298041,24,,,0,27,,298042,24,,,0,69,,298043,24,,,0,30,,298044,24,,,0,70,,298045,24,,,0,30,,298046,24,,,0
1001,'APR26DA-Weekday-40-1',528,,298118,4,0,82,0,31,,298117,4,,,0,76,,298069,4,,,0,15,,298097,4,0,82,0,55,,298070,4,,,0,15,,298098,4,0,82,0,12,,298071,4,,,0,15,,298099,4,0,82,0,55,,298072,4,,,0,16,,298100,4,0,82,0,15,,298073,4,,,0,13,,298101,4,0,82,0,54,,298074,4,,,0,15,,298102,4,0,82,0,16,,298075,4,,,0,15,,298103,4,0,82,0,55,,298076,4,,,0,15,,298104,4,0,82,0,15,,298077,4,,,0,15,,298105,4,0,82,0,54,,298078,4,,,0,15,,298106,4,0,82,0,15,,298079,4,,,0,16,,298107,4,0,82,0,55,,298080,4,,,0,15,,298108,4,0,82,0,15,,298081,4,,,0,15,,298109,4,0,82,0,56,,298082,4,,,0,14,,298110,4,0,82,0,15,,298083,4,,,0,16,,298111,4,0,82,0,56,,298084,4,,,0,15,,298112,4,0,82,0,15,,298085,4,,,0,14,,298124,4,0,82,0,55,,298086,4,,,0,15,,298113,4,0,82,0,15,,298119,4,,,0,15,,298123,4,0,82,0,55,,298087,4,,,0,15,,298125,4,0,82,0,15,,298088,4,,,0,15,,298114,4,0,82,0,55,,298120,4,,,0,15,,298115,4,0,82,0,17,,298089,4,,,0,14,,298116,4,0,82,0,69,,298090,4,,,0,100,,298091,4,,,0,30,,298092,4,,,0,70,,298093,4,,,0,100,,298094,4,,,0,30,,298121,4,,,0,70,,298095,4,,,0,30,,298122,4,,,0,67,,298096,4,,,0
1001,'APR26SAT-Saturday-21-1',706,,298129,4,0,82,0,35,,298130,4,0,82,0,70,,298131,4,0,82,0,30,,298132,4,,,0,70,,298133,4,,,0,30,,298134,4,,,0,70,,298135,4,,,0,30,,298136,4,,,0,70,,298137,4,,,0,30,,298138,4,,,0,70,,298139,4,,,0,30,,298140,4,,,0,70,,298141,4,,,0,30,,298142,4,,,0,70,,298143,4,,,0,30,,298144,4,,,0,70,,298145,4,,,0,30,,298146,4,,,0,70,,298147,4,,,0,30,,298148,4,,,0,70,,298149,4,,,0,30,,298150,4,,,0,70,,298151,4,,,0,30,,298152,4,,,0,70,,298153,4,,,0,30,,298154,4,,,0,70,,298155,4,,,0,30,,298156,4,,,0,70,,298157,4,,,0,30,,298158,4,,,0,70,,298159,4,,,0,30,,298160,4,,,0,65,,298161,4,0,82,0,29,,298162,4,0,82,0,70,,298163,4,0,82,0,30,,298164,4,0,82,0
1001,'APR26SUN-Sunday-16-1',711,,298168,4,0,82,0,30,,298169,4,0,82,0,72,,298170,4,,,0,30,,298171,4,,,0,70,,298172,4,,,0,30,,298173,4,,,0,70,,298174,4,,,0,30,,298175,4,,,0,70,,298176,4,,,0,30,,298177,4,,,0,70,,298178,4,,,0,30,,298179,4,,,0,70,,298180,4,,,0,30,,298181,4,,,0,70,,298182,4,,,0,30,,298183,4,,,0,70,,298184,4,,,0,30,,298185,4,,,0,70,,298186,4,,,0,30,,298187,4,,,0,70,,298188,4,,,0,30,,298189,4,,,0,70,,298190,4,,,0,30,,298191,4,0,82,0,70,,298192,4,0,82,0,28,,298193,4,0,82,0,72,,298194,4,0,82,0,30,,298195,4,0,82,0,70,,298196,4,0,82,0,30,,298197,4,0,82,0,70,,298198,4,0,82,0,30,,298199,4,0,82,0,70,,298200,4,0,82,0
4900,'APR26DA-Weekday-40-1',806,,303682,4,,,0,29,,303683,4,,,0,70,,303684,4,,,0,100,,303687,4,,,0,200,,303695,4,,,0,200,,303694,4,,,0,100,,303692,4,,,0,32,,303697,4,,,0,70,,303685,4,,,0,28,,303696,4,,,0,70,,303693,4,,,0,30,,303688,4,,,0,77,,303689,4,,,0,42,,303690,4,,,0,100,,303691,4,,,0,268,,303686,4,,,0
4900,'APR26SAT-Saturday-21-1',950,,303701,4,,,0,100,,303705,4,,,0,100,,303698,4,,,0,100,,303702,4,,,0,100,,303706,4,,,0,100,,303699,4,,,0,100,,303703,4,,,0,100,,303707,4,,,0,100,,303700,4,,,0,100,,303704,4,,,0
4900,'APR26SUN-Sunday-16-1',929,,303711,4,,,0,100,,303714,4,,,0,100,,303708,4,,,0,100,,303712,4,,,0,100,,303716,4,,,0,100,,303709,4,,,0,100,,303713,4,,,0,100,,303715,4,,,0,100,,303710,4,,,0
4901,'APR26DA-Weekday-40-1',620,,303724,18,,,0,30,,303719,18,,,0,70,,303734,18,,,0,31,,303720,18,,,0,58,,303721,18,,,0,23,,303722,18,,,0,70,,303723,18,,,0,132,,303725,18,,,0,200,,303732,18,,,0,200,,303728,18,,,0,68,,303717,18,,,0,34,,303729,18,,,0,71,,303733,18,,,0,31,,303718,18,,,0,69,,303731,18,,,0,30,,303730,18,,,0,69,,303735,18,,,0,35,,303726,18,,,0,82,,303727,18,,,0
4901,'APR26SAT-Saturday-21-1',915,,303742,18,,,0,100,,303736,18,,,0,100,,303739,18,,,0,100,,303743,18,,,0,100,,303737,18,,,0,100,,303740,18,,,0,100,,303744,18,,,0,100,,303738,18,,,0,100,,303741,18,,,0,100,,303745,18,,,0
4901,'APR26SUN-Sunday-16-1',854,,303749,18,,,0,100,,303755,18,,,0,100,,303746,18,,,0,100,,303750,18,,,0,100,,303753,18,,,0,100,,303747,18,,,0,100,,303751,18,,,0,100,,303754,18,,,0,100,,303748,18,,,0,100,,303752,18,,,0
8800,'APR26DA-Weekday-40-1',455,,308446,45,,,0,70,,308447,45,,,0,30,,308448,45,,,0,69,,308449,45,,,0,16,,308450,45,,,0,15,,308451,45,,,0,63,,308452,45,,,0,16,,308453,46,,,0,15,,308454,46,,,0,55,,308455,46,,,0,13,,308456,46,,,0,17,,308457,46,,,0,14,,308458,46,,,0,55,,308459,46,,,0,15,,308461,46,,,0,15,,308460,46,,,0,15,,308462,46,,,0,55,,308463,28,,,0,15,,308464,46,,,0,15,,308465,28,,,0,15,,308466,46,,,0,56,,308467,28,,,0,14,,308468,46,,,0,16,,308469,28,,,0,14,,308470,46,,,0,56,,308471,28,,,0,14,,308472,46,,,0,16,,308473,28,,,0,14,,308474,46,,,0,56,,308475,28,,,0,14,,308476,46,,,0,16,,308477,28,,,0,14,,308478,46,,,0,57,,308514,28,,,0,15,,308479,46,,,0,15,,308516,28,,,0,15,,308480,46,,,0,58,,308481,28,,,0,17,,308482,46,,,0,12,,308483,28,,,0,18,,308484,46,,,0,56,,308485,46,,,0,14,,308486,46,,,0,17,,308487,46,,,0,13,,308488,46,,,0,55,,308489,46,,,0,15,,308517,46,,,0,15,,308490,46,,,0,12,,308491,46,,,0,55,,308515,46,,,0,12,,308492,46,,,0,15,,308493,46,,,0,15,,308494,46,,,0,55,,308495,46,,,0,15,,308496,46,,,0,8,,308499,28,,,0,17,,308497,46,,,0,15,,308500,28,,,0,55,,308498,46,,,0,14,,308501,28,,,0,13,,308502,46,,,0,15,,308503,28,,,0,55,,308504,46,,,0,15,,308505,46,,,0,17,,308506,46,,,0,60,,308507,46,,,0,20,,308512,46,,,0,20,,308508,46,,,0,60,,308509,46,,,0,20,,308518,46,,,0,30,,308519,46,,,0,70,,308520,46,,,0,30,,308521,46,,,0,70,,308513,46,,,0
8800,'APR26SAT-Saturday-21-1',541,,308522,45,,,0,68,,308523,45,,,0,30,,308524,45,,,0,70,,308525,45,,,0,30,,308526,45,,,0,70,,308527,45,,,0,30,,308528,45,,,0,71,,308529,45,,,0,30,,308530,45,,,0,16,,308572,27,,,0,56,,308531,45,,,0,17,,308532,27,,,0,17,,308533,45,,,0,55,,308573,27,,,0,15,,308534,45,,,0,15,,308535,27,,,0,16,,308536,45,,,0,55,,308580,27,,,0,15,,308537,45,,,0,15,,308538,27,,,0,16,,308539,45,,,0,55,,308574,27,,,0,17,,308540,45,,,0,15,,308541,27,,,0,15,,308542,45,,,0,55,,308582,27,,,0,15,,308543,45,,,0,16,,308544,27,,,0,16,,308545,45,,,0,55,,308575,27,,,0,15,,308546,45,,,0,15,,308547,27,,,0,15,,308548,45,,,0,55,,308577,27,,,0,15,,308549,45,,,0,14,,308550,27,,,0,15,,308551,45,,,0,55,,308578,27,,,0,15,,308552,45,,,0,15,,308553,27,,,0,15,,308554,45,,,0,55,,308583,27,,,0,15,,308555,45,,,0,14,,308556,27,,,0,14,,308557,45,,,0,55,,308579,27,,,0,15,,308558,45,,,0,15,,308559,27,,,0,15,,308560,45,,,0,55,,308576,27,,,0,15,,308561,45,,,0,15,,308581,27,,,0,15,,308562,45,,,0,70,,308563,45,,,0,30,,308564,45,,,0,70,,308565,45,,,0,28,,308566,45,,,0,70,,308567,45,,,0,30,,308568,45,,,0,70,,308569,45,,,0,30,,308570,45,,,0,81,,308571,45,,,0
8800,'APR26SUN-Sunday-16-1',632,,308584,45,,,0,70,,308626,45,,,0,30,,308585,45,,,0,70,,308586,45,,,0,30,,308587,45,,,0,71,,308588,45,,,0,30,,308589,45,,,0,70,,308590,45,,,0,30,,308591,45,,,0,72,,308592,45,,,0,30,,308593,45,,,0,22,,308594,45,,,0,60,,308595,45,,,0,20,,308596,45,,,0,20,,308597,45,,,0,60,,308598,45,,,0,20,,308599,45,,,0,20,,308600,45,,,0,60,,308601,45,,,0,20,,308602,45,,,0,22,,308603,45,,,0,60,,308604,45,,,0,20,,308605,45,,,0,20,,308606,45,,,0,60,,308607,45,,,0,20,,308608,45,,,0,19,,308609,45,,,0,60,,308610,45,,,0,20,,308611,45,,,0,20,,308612,45,,,0,61,,308613,45,,,0,28,,308614,45,,,0,70,,308615,45,,,0,30,,308616,45,,,0,70,,308617,45,,,0,30,,308618,45,,,0,70,,308619,45,,,0,30,,308620,45,,,0,70,,308621,45,,,0,28,,308622,45,,,0,70,,308623,45,,,0,30,,308624,45,,,0,70,,308625,45,,,0
8801,'APR26DA-Weekday-40-1',419,,308627,4,,,0,30,,308628,4,,,0,70,,308629,4,,,0,30,,308630,4,,,0,56,,308632,4,,,0,14,,308631,4,,,0,16,,308633,4,,,0,15,,308634,4,,,0,55,,308635,4,,,0,15,,308692,4,,,0,15,,308636,4,,,0,15,,308637,4,,,0,53,,308638,4,,,0,19,,308639,4,,,0,15,,308640,4,0,14,0,13,,308641,4,,,0,55,,308642,4,0,14,0,15,,308643,4,,,0,15,,308644,4,0,14,0,15,,308645,4,,,0,55,,308646,4,0,14,0,15,,308647,4,,,0,15,,308648,4,0,14,0,15,,308649,4,,,0,55,,308650,4,0,14,0,15,,308651,4,,,0,15,,308652,4,0,14,0,15,,308653,4,,,0,55,,308654,4,0,14,0,15,,308655,4,,,0,15,,308656,4,0,14,0,15,,308657,4,,,0,55,,308698,4,0,14,0,16,,308658,4,,,0,15,,308659,4,0,14,0,15,,308660,4,,,0,55,,308661,4,0,14,0,15,,308662,4,,,0,13,,308663,4,,,0,16,,308664,4,,,0,56,,308665,4,,,0,15,,308666,4,,,0,15,,308699,4,,,0,17,,308667,4,,,0,53,,308668,4,,,0,15,,308669,4,,,0,15,,308700,4,,,0,15,,308670,4,,,0,55,,308671,4,,,0,15,,308672,4,,,0,15,,308673,4,,,0,15,,308674,4,,,0,55,,308675,4,,,0,15,,308676,4,,,0,15,,308697,4,,,0,19,,308677,4,,,0,60,,308678,4,,,0,20,,308679,4,,,0,20,,308680,4,,,0,60,,308681,4,,,0,20,,308682,4,,,0,20,,308683,4,,,0,60,,308684,4,,,0,20,,308685,4,,,0,20,,308686,4,,,0,60,,308687,4,,,0,20,,308688,4,,,0,70,,308695,4,,,0,30,,308689,4,,,0,69,,308690,4,,,0,30,,308696,4,,,0,70,,308691,4,,,0
8801,'APR26SAT-Saturday-21-1',619,,308701,4,,,0,30,,308702,4,,,0,70,,308703,4,,,0,30,,308704,4,,,0,70,,308705,4,,,0,15,,308706,4,0,14,0,15,,308751,4,,,0,55,,308707,4,0,14,0,15,,308708,4,,,0,15,,308709,4,0,14,0,15,,308759,4,,,0,55,,308710,4,0,14,0,16,,308711,4,,,0,15,,308712,4,0,14,0,15,,308761,4,,,0,55,,308713,4,0,14,0,15,,308714,4,,,0,15,,308715,4,0,14,0,15,,308750,4,,,0,55,,308716,4,0,14,0,15,,308717,4,,,0,15,,308718,4,0,14,0,15,,308756,4,,,0,55,,308719,4,0,14,0,15,,308720,4,,,0,15,,308721,4,0,14,0,15,,308757,4,,,0,55,,308722,4,0,14,0,15,,308723,4,,,0,15,,308724,4,0,14,0,15,,308755,4,,,0,55,,308725,4,0,14,0,15,,308726,4,,,0,15,,308727,4,0,14,0,15,,308758,4,,,0,55,,308728,4,0,14,0,15,,308729,4,,,0,15,,308730,4,0,14,0,15,,308760,4,,,0,55,,308731,4,0,14,0,15,,308732,4,,,0,15,,308733,4,0,14,0,15,,308754,4,,,0,55,,308734,4,0,14,0,15,,308735,4,,,0,15,,308736,4,0,14,0,15,,308753,4,,,0,55,,308737,4,0,14,0,15,,308738,4,,,0,15,,308739,4,0,14,0,15,,308752,4,,,0,55,,308740,4,0,14,0,15,,308741,4,,,0,30,,308742,4,,,0,70,,308743,4,,,0,30,,308744,4,,,0,70,,308745,4,,,0,30,,308746,4,,,0,70,,308747,4,,,0,30,,308748,4,,,0,70,,308749,4,,,0
8801,'APR26SUN-Sunday-16-1',613,,308762,4,,,0,30,,308763,4,,,0,70,,308764,4,,,0,30,,308765,4,,,0,70,,308766,4,,,0,30,,308767,4,,,0,70,,308768,4,,,0,30,,308769,4,,,0,70,,308770,4,,,0,30,,308771,4,,,0,62,,308772,4,,,0,20,,308773,4,,,0,20,,308774,4,,,0,60,,308775,4,,,0,20,,308776,4,,,0,20,,308777,4,,,0,60,,308778,4,,,0,20,,308779,4,,,0,20,,308780,4,,,0,60,,308781,4,,,0,20,,308782,4,,,0,20,,308783,4,,,0,60,,308784,4,,,0,20,,308785,4,,,0,20,,308786,4,,,0,60,,308787,4,,,0,20,,308788,4,,,0,20,,308789,4,,,0,60,,308790,4,,,0,26,,308791,4,,,0,70,,308792,4,,,0,30,,308793,4,,,0,70,,308794,4,,,0,30,,308795,4,,,0,70,,308796,4,,,0,30,,308797,4,,,0,70,,308798,4,,,0,30,,308799,4,,,0,70,,308800,4,,,0,30,,308801,4,,,0,70,,308802,4,,,0,58,,308803,4,,,0
9000,'APR26DA-Weekday-40-1',617,,308804,4,0,41,0,29,,308829,4,0,41,0,55,,308805,4,0,41,0,15,,308806,4,0,41,0,15,,308846,4,0,41,0,14,,308807,4,0,41,0,55,,308808,4,0,41,0,15,,308809,4,0,41,0,15,,308851,4,0,41,0,17,,308810,4,0,41,0,53,,308857,4,0,41,0,15,,308830,4,0,41,0,16,,308811,4,0,41,0,15,,308812,4,0,41,0,55,,308843,4,0,41,0,15,,308840,4,0,41,0,15,,308813,4,0,41,0,15,,308852,4,0,41,0,55,,308860,4,0,41,0,15,,308814,4,0,41,0,15,,308815,4,0,41,0,15,,308842,4,0,41,0,55,,308844,4,0,41,0,15,,308816,4,0,41,0,15,,308841,4,0,41,0,15,,308853,4,0,41,0,55,,308817,4,0,41,0,15,,308818,4,0,41,0,30,,308838,4,0,41,0,55,,308819,4,0,41,0,15,,308845,4,0,41,0,15,,308836,4,0,41,0,15,,308820,4,0,41,0,55,,308821,4,0,41,0,16,,308862,4,0,41,0,15,,308834,4,0,41,0,16,,308822,4,0,41,0,54,,308831,4,0,41,0,15,,308837,4,0,41,0,15,,308823,4,0,41,0,15,,308828,4,0,41,0,55,,308824,4,0,41,0,14,,308825,4,0,41,0,14,,308835,4,0,41,0,14,,308863,4,0,41,0,68,,308833,4,0,41,0,14,,308861,4,0,41,0,30,,308826,4,0,41,0,70,,308849,4,0,41,0,30,,308839,4,0,41,0,70,,308832,4,0,41,0,30,,308850,4,0,41,0,70,,308855,4,0,41,0,30,,308854,4,0,41,0,70,,308858,4,0,41,0,30,,308856,4,0,41,0,74,,308847,4,0,41,0,70,,308859,4,0,41,0,30,,308848,4,0,41,0
9000,'APR26SAT-Saturday-21-1',727,,308864,4,0,41,0,30,,308865,4,0,41,0,70,,308866,4,0,41,0,30,,308867,4,0,41,0,70,,308868,4,0,41,0,30,,308869,4,0,41,0,71,,308870,4,0,41,0,30,,308871,4,0,41,0,70,,308872,4,0,41,0,30,,308873,4,0,41,0,70,,308874,4,0,41,0,30,,308875,4,0,41,0,70,,308876,4,0,41,0,30,,308877,4,0,41,0,70,,308878,4,0,41,0,30,,308879,4,0,41,0,70,,308880,4,0,41,0,30,,308881,4,0,41,0,70,,308882,4,0,41,0,30,,308883,4,0,41,0,70,,308884,4,0,41,0,30,,308885,4,0,41,0,70,,308886,4,0,41,0,30,,308887,4,0,41,0,70,,308888,4,0,41,0,30,,308889,4,0,41,0,70,,308890,4,0,41,0,30,,308891,4,0,41,0,70,,308892,4,0,41,0,30,,308893,4,0,41,0,70,,308894,4,0,41,0,30,,308895,4,0,41,0,70,,308896,4,0,41,0,30,,308897,4,0,41,0
9000,'APR26SUN-Sunday-16-1',706,,308898,4,0,41,0,30,,308899,4,0,41,0,70,,308900,4,0,41,0,30,,308901,4,0,41,0,70,,308902,4,0,41,0,30,,308903,4,0,41,0,70,,308904,4,0,41,0,30,,308905,4,0,41,0,70,,308906,4,0,41,0,30,,308907,4,0,41,0,70,,308908,4,0,41,0,30,,308909,4,0,41,0,70,,308910,4,0,41,0,30,,308911,4,0,41,0,70,,308912,4,0,41,0,30,,308913,4,0,41,0,70,,308914,4,0,41,0,30,,308915,4,0,41,0,70,,308916,4,0,41,0,30,,308917,4,0,41,0,70,,308918,4,0,41,0,30,,308919,4,0,41,0,70,,308920,4,0,41,0,30,,308921,4,0,41,0,70,,308922,4,0,41,0,30,,308923,4,0,41,0,70,,308924,4,0,41,0,30,,308925,4,0,41,0,70,,308926,4,0,41,0,30,,308927,4,0,41,0,70,,308928,4,0,41,0,30,,308929,4,0,41,0,70,,308930,4,0,41,0
9001,'APR26DA-Weekday-40-1',440,,308981,47,,,0,100,,308982,47,,,0,19,,308959,47,,,0,59,,308931,47,,,0,17,,308980,47,,,0,15,,308932,47,,,0,55,,308933,47,,,0,15,,308977,47,,,0,24,,308934,47,,,0,15,,308935,47,,,0,55,,308983,47,,,0,16,,308936,47,,,0,15,,308937,47,,,0,57,,308938,47,,,0,13,,308939,47,,,0,12,,308940,47,,,0,15,,308974,47,,,0,15,,308970,47,,,0,55,,308941,47,,,0,15,,308985,47,,,0,15,,308992,47,,,0,15,,308942,47,,,0,55,,308943,47,,,0,15,,308972,47,,,0,15,,308976,47,,,0,16,,308944,47,,,0,55,,308969,47,,,0,15,,308984,47,,,0,15,,308945,47,,,0,15,,308946,47,,,0,55,,308967,47,,,0,15,,308971,47,,,0,15,,308947,47,,,0,15,,308975,47,,,0,55,,308964,47,,,0,15,,308948,47,,,0,15,,308949,47,,,0,70,,308968,47,,,0,9,,308955,11,,,0,9,,308966,47,,,0,15,,308973,47,,,0,55,,308963,47,,,0,15,,308950,47,,,0,15,,308957,47,,,0,15,,308951,47,,,0,55,,308952,47,,,0,15,,308962,47,,,0,15,,308993,47,,,0,12,,308960,47,,,0,15,,308965,47,,,0,57,,308958,47,,,0,30,,308953,47,,,0,71,,308994,47,,,0,32,,308961,47,,,0,70,,308954,47,,,0,27,,308979,47,,,0,70,,308988,47,,,0,30,,308986,47,,,0,70,,308990,47,,,0,29,,308987,47,,,0,70,,308978,47,,,0,30,,308991,47,,,0,63,,308989,47,,,0
9001,'APR26SAT-Saturday-21-1',544,,308995,47,,,0,70,,308996,47,,,0,30,,308997,47,,,0,70,,308998,47,,,0,30,,308999,47,,,0,70,,309000,47,,,0,31,,309001,47,,,0,70,,309002,47,,,0,30,,309003,47,,,0,70,,309004,47,,,0,30,,309005,47,,,0,70,,309006,47,,,0,30,,309007,47,,,0,70,,309008,47,,,0,31,,309009,47,,,0,70,,309010,47,,,0,30,,309011,47,,,0,70,,309012,47,,,0,30,,309013,47,,,0,70,,309014,47,,,0,30,,309015,47,,,0,70,,309016,47,,,0,30,,309017,47,,,0,70,,309018,47,,,0,30,,309019,47,,,0,70,,309020,47,,,0,29,,309021,47,,,0,70,,309022,47,,,0,30,,309023,47,,,0,70,,309024,47,,,0,29,,309025,47,,,0,70,,309026,47,,,0,29,,309027,47,,,0,70,,309028,47,,,0,30,,309029,47,,,0,70,,309030,47,,,0,30,,309031,47,,,0
9001,'APR26SUN-Sunday-16-1',738,,309032,47,,,0,70,,309033,47,,,0,31,,309034,47,,,0,70,,309035,47,,,0,30,,309036,47,,,0,70,,309037,47,,,0,30,,309038,47,,,0,70,,309039,47,,,0,30,,309040,47,,,0,70,,309041,47,,,0,31,,309042,47,,,0,70,,309043,47,,,0,30,,309044,47,,,0,70,,309045,47,,,0,30,,309046,47,,,0,70,,309047,47,,,0,30,,309048,47,,,0,70,,309049,47,,,0,30,,309050,47,,,0,70,,309051,47,,,0,30,,309052,47,,,0,70,,309053,47,,,0,29,,309054,47,,,0,70,,309055,47,,,0,30,,309056,47,,,0,70,,309057,47,,,0,29,,309058,47,,,0,70,,309059,47,,,0,29,,309060,47,,,0,70,,309061,47,,,0,30,,309062,47,,,0,70,,309063,47,,,0,30,,309064,47,,,0
9200,'APR26DA-Weekday-40-1',1505,,309081,4,0,41,0,102,,309065,4,0,41,0,28,,309082,4,0,41,0,70,,309079,4,0,41,0,30,,309066,4,0,41,0
9201,'APR26DA-Weekday-40-1',646,,309085,66,,,0,72,,309086,66,,,0,33,,309102,66,,,0,62,,309087,66,,,0,40,,309100,66,,,0,70,,309101,66,,,0
9800,'APR26DA-Weekday-40-1',556,,309320,4,,,0,50,,309318,4,0,50 100 1 101 102 103,0,20,,309321,4,,,0,29,,309322,4,,,0,50,,309319,4,0,50 100 1 101 102 103,0,17,,309323,4,,,0,13,,309362,4,0,50 100 1 101 102 103,0,18,,309324,4,,,0,52,,309363,4,0,50 100 1 101 102 103,0,19,,309325,4,,,0,13,,309364,4,0,50 100 1 101 102 103,0,15,,309326,4,,,0,50,,309365,4,0,50 100 1 101 102 103,0,16,,309327,4,,,0,15,,309379,4,,,0,15,,309366,4,,,0,55,,309380,4,,,0,15,,309328,4,,,0,15,,309329,4,,,0,15,,309330,4,,,0,55,,309331,4,,,0,15,,309332,4,,,0,15,,309333,4,,,0,15,,309334,4,,,0,55,,309335,4,,,0,15,,309336,4,,,0,15,,309337,4,,,0,15,,309338,4,,,0,55,,309339,4,,,0,15,,309340,4,,,0,15,,309341,4,,,0,15,,309342,4,,,0,55,,309343,4,,,0,15,,309344,4,,,0,14,,309345,4,,,0,16,,309381,4,,,0,53,,309346,4,,,0,17,,309347,4,,,0,7,,309367,4,0,50 100 1 101 102 103,0,8,,309348,4,,,0,15,,309349,4,,,0,9,,309368,4,0,50 100 1 101 102 103,0,46,,309350,4,,,0,15,,309351,4,,,0,8,,309369,4,0,50 100 1 101 102 103,0,7,,309352,4,,,0,15,,309353,4,,,0,8,,309370,4,0,50 100 1 101 102 103,0,47,,309354,4,,,0,15,,309355,4,,,0,8,,309387,4,0,50 100 1 101 102 103,0,7,,309356,4,,,0,15,,309357,4,,,0,8,,309371,4,0,50 100 1 101 102 103,0,47,,309388,4,,,0,15,,309358,4,0,50 100 1 101 102 103,0,8,,309372,4,0,50 100 1 101 102 103,0,7,,309359,4,,,0,15,,309360,4,0,50 100 1 101 102 103,0,8,,309373,4,0,50 100 1 101 102 103,0,47,,309361,4,,,0,30,,309374,4,,,0,25,,309375,4,,,0,70,,309376,4,,,0,30,,309382,4,,,0,70,,309377,4,,,0,30,,309385,4,,,0,70,,309378,4,,,0,30,,309383,4,,,0,70,,309384,4,,,0,73,,309386,4,,,0
9800,'APR26SAT-Saturday-21-1',637,,309389,4,,,0,70,,309390,4,,,0,30,,309391,4,,,0,70,,309392,4,,,0,30,,309393,4,,,0,70,,309394,4,,,0,30,,309395,4,,,0,70,,309396,4,,,0,30,,309397,4,,,0,70,,309398,4,,,0,30,,309399,4,,,0,70,,309400,4,,,0,30,,309401,4,,,0,70,,309402,4,,,0,30,,309403,4,,,0,70,,309404,4,,,0,30,,309405,4,,,0,70,,309406,4,,,0,30,,309407,4,,,0,70,,309408,4,,,0,30,,309409,4,,,0,70,,309410,4,,,0,30,,309411,4,,,0,70,,309412,4,,,0,30,,309413,4,,,0,70,,309414,4,,,0,31,,309415,4,,,0,70,,309416,4,,,0,30,,309417,4,,,0,70,,309418,4,,,0,30,,309419,4,,,0,70,,309420,4,,,0,30,,309421,4,,,0,70,,309422,4,,,0,30,,309423,4,,,0,70,,309424,4,,,0
9800,'APR26SUN-Sunday-16-1',645,,309425,4,,,0,70,,309426,4,,,0,130,,309427,4,,,0,70,,309428,4,,,0,30,,309429,4,,,0,70,,309430,4,,,0,30,,309431,4,,,0,70,,309432,4,,,0,30,,309433,4,,,0,70,,309434,4,,,0,30,,309435,4,,,0,70,,309436,4,,,0,29,,309437,4,,,0,69,,309438,4,,,0,30,,309439,4,,,0,70,,309440,4,,,0,30,,309441,4,,,0,70,,309442,4,,,0,30,,309443,4,,,0,70,,309444,4,,,0,30,,309445,4,,,0,70,,309446,4,,,0,30,,309447,4,,,0,70,,309448,4,,,0,30,,309449,4,,,0,70,,309450,4,,,0,30,,309451,4,,,0,70,,309452,4,,,0,30,,309453,4,,,0,70,,309454,4,,,0,30,,309455,4,,,0,70,,309456,4,,,0
9801,'APR26DA-Weekday-40-1',524,,309458,37,,,0,27,,309457,37,,,0,8,,309459,8,,,0,58,,309520,37,,,0,10,,309509,8,,,0,20,,309460,37,,,0,8,,309510,8,,,0,47,,309461,37,,,0,16,,309462,37,,,0,10,,309511,8,,,0,8,,309463,37,,,0,11,,309464,37,,,0,11,,309512,8,,,0,49,,309465,37,,,0,13,,309466,37,,,0,9,,309514,8,,,0,8,,309467,37,,,0,15,,309523,37,,,0,48,,309515,8,,,0,4,,309468,37,,,0,15,,309469,37,,,0,14,,309470,37,,,0,14,,309471,37,,,0,55,,309472,37,,,0,15,,309473,37,,,0,15,,309474,37,,,0,15,,309475,37,,,0,55,,309476,37,,,0,15,,309477,37,,,0,15,,309478,37,,,0,15,,309479,37,,,0,55,,309480,37,,,0,15,,309481,37,,,0,15,,309482,37,,,0,15,,309483,37,,,0,55,,309484,37,,,0,15,,309485,37,,,0,15,,309486,37,,,0,15,,309487,37,,,0,55,,309488,37,,,0,15,,309489,37,,,0,15,,309490,37,,,0,15,,309491,37,,,0,55,,309492,37,,,0,16,,309493,37,,,0,15,,309494,37,,,0,15,,309495,37,,,0,52,,309513,8,,,0,3,,309496,37,,,0,22,,309516,8,,,0,8,,309497,37,,,0,22,,309517,8,,,0,48,,309498,37,,,0,22,,309518,8,,,0,8,,309499,37,,,0,22,,309524,8,,,0,48,,309500,37,,,0,30,,309501,37,,,0,70,,309502,37,,,0,26,,309503,37,,,0,30,,309504,37,,,0,70,,309505,37,,,0,75,,309506,37,,,0,28,,309507,37,,,0,70,,309508,37,,,0,29,,309519,37,,,0,69,,309522,37,,,0,30,,309521,37,,,0
9801,'APR26SAT-Saturday-21-1',707,,309525,37,,,0,30,,309526,37,,,0,70,,309527,37,,,0,31,,309528,37,,,0,70,,309529,37,,,0,30,,309530,37,,,0,68,,309531,37,,,0,30,,309532,37,,,0,70,,309533,37,,,0,30,,309534,37,,,0,70,,309535,37,,,0,30,,309536,37,,,0,70,,309537,37,,,0,30,,309538,37,,,0,70,,309539,37,,,0,30,,309540,37,,,0,70,,309541,37,,,0,30,,309542,37,,,0,70,,309543,37,,,0,30,,309544,37,,,0,70,,309545,37,,,0,30,,309546,37,,,0,70,,309547,37,,,0,30,,309548,37,,,0,70,,309549,37,,,0,30,,309550,37,,,0,69,,309551,37,,,0,30,,309552,37,,,0,69,,309553,37,,,0,29,,309554,37,,,0,70,,309555,37,,,0,29,,309556,37,,,0,70,,309557,37,,,0,30,,309558,37,,,0,70,,309559,37,,,0,30,,309560,37,,,0,70,,309561,37,,,0
9801,'APR26SUN-Sunday-16-1',712,,309562,37,,,0,30,,309563,37,,,0,70,,309564,37,,,0,32,,309565,37,,,0,69,,309566,37,,,0,30,,309567,37,,,0,70,,309568,37,,,0,30,,309569,37,,,0,70,,309570,37,,,0,30,,309571,37,,,0,70,,309572,37,,,0,30,,309573,37,,,0,70,,309574,37,,,0,30,,309575,37,,,0,70,,309576,37,,,0,30,,309577,37,,,0,70,,309578,37,,,0,30,,309579,37,,,0,70,,309580,37,,,0,30,,309581,37,,,0,70,,309582,37,,,0,30,,309583,37,,,0,70,,309584,37,,,0,30,,309585,37,,,0,70,,309586,37,,,0,30,,309587,37,,,0,70,,309588,37,,,0,28,,309589,37,,,0,70,,309590,37,,,0,30,,309591,37,,,0,70,,309592,37,,,0,29,,309593,37,,,0
10500,'APR26DA-Weekday-40-1',328,,309828,13,,,0,74,,309834,13,,,0,29,,309827,13,,,0,27,,309826,13,,,0,68,,309825,12,,,0,25,,309829,12,,,0,67,,309795,12,,,0,25,,309796,12,,,0,73,,309797,12,,,0,30,,309798,12,,,0,71,,309799,12,,,0,27,,309800,12,,,0,68,,309801,12,,,0,30,,309802,12,,,0,70,,309803,12,,,0,30,,309804,12,,,0,70,,309805,12,,,0,30,,309839,12,,,0,70,,309806,12,,,0,30,,309807,12,,,0,72,,309808,12,,,0,30,,309840,12,,,0,70,,309832,12,,,0,30,,309842,12,,,0,70,,309809,12,,,0,30,,309810,12,,,0,72,,309811,12,,,0,28,,309843,12,,,0,70,,309812,12,,,0,30,,309813,12,,,0,69,,309814,12,,,0,30,,309815,12,,,0,76,,309816,12,,,0,25,,309817,12,,,0,70,,309818,12,,,0,30,,309819,12,,,0,70,,309841,12,,,0,30,,309820,12,,,0,70,,309837,12,,,0,30,,309836,12,,,0,70,,309831,12,,,0,30,,309835,12,,,0,70,,309821,12,,,0,20,,309833,12,,,0,25,,309830,12,,,0,68,,309838,12,,,0,30,,309822,13,,,0,68,,309823,13,,,0,30,,309824,13,,,0
10500,'APR26SAT-Saturday-21-1',317,,309886,13,,,0,30,,309887,13,,,0,70,,309888,13,,,0,30,,309889,13,,,0,70,,309890,13,,,0,30,,309884,13,,,0,70,,309844,12,,,0,35,,309845,12,,,0,70,,309846,12,,,0,30,,309847,12,,,0,70,,309848,12,,,0,30,,309849,12,,,0,70,,309850,12,,,0,30,,309851,12,,,0,71,,309852,12,,,0,30,,309853,12,,,0,71,,309854,12,,,0,30,,309855,12,,,0,70,,309856,12,,,0,30,,309857,12,,,0,70,,309858,12,,,0,30,,309859,12,,,0,70,,309860,12,,,0,30,,309861,12,,,0,70,,309862,12,,,0,30,,309863,12,,,0,70,,309864,12,,,0,30,,309865,12,,,0,70,,309866,12,,,0,30,,309867,12,,,0,70,,309868,12,,,0,30,,309869,12,,,0,71,,309870,12,,,0,30,,309871,12,,,0,70,,309872,12,,,0,30,,309873,12,,,0,71,,309874,12,,,0,30,,309875,12,,,0,70,,309876,12,,,0,30,,309877,12,,,0,70,,309878,12,,,0,30,,309879,12,,,0,72,,309880,12,,,0,72,,309881,12,,,0,30,,309882,12,,,0,70,,309891,12,,,0,30,,309883,12,,,0,72,,309885,13,,,0
10500,'APR26SUN-Sunday-16-1',330,,309923,13,,,0,70,,309924,13,,,0,30,,309925,13,,,0,70,,309926,13,,,0,30,,309927,13,,,0,70,,309928,13,,,0,30,,309929,13,,,0,70,,309930,13,,,0,30,,309931,13,,,0,70,,309932,13,,,0,29,,309892,12,,,0,30,,309893,12,,,0,70,,309894,12,,,0,30,,309895,12,,,0,70,,309896,12,,,0,30,,309897,12,,,0,70,,309898,12,,,0,30,,309899,12,,,0,70,,309900,12,,,0,30,,309901,12,,,0,70,,309902,12,,,0,30,,309903,12,,,0,70,,309904,12,,,0,30,,309905,12,,,0,70,,309906,12,,,0,30,,309907,12,,,0,70,,309908,12,,,0,30,,309909,12,,,0,69,,309910,12,,,0,30,,309911,12,,,0,70,,309912,12,,,0,30,,309913,12,,,0,70,,309914,12,,,0,30,,309915,12,,,0,70,,309916,12,,,0,30,,309917,12,,,0,70,,309918,12,,,0,30,,309919,12,,,0,69,,309920,12,,,0,30,,309921,12,,,0,70,,309922,12,,,0,30,,309933,13,,,0,70,,309934,13,,,0,30,,309935,13,,,0,70,,309936,13,,,0,30,,309937,13,,,0,70,,309938,13,,,0,30,,309939,13,,,0
10501,'APR26DA-Weekday-40-1',339,,309940,15,0,67,0,68,,309941,15,0,67,0,30,,309975,15,0,67,0,70,,309979,15,,,0,34,,309942,23,,,0,68,,309943,23,,,0,28,,309974,15,,,0,72,,309944,15,,,0,35,,309945,15,,,0,68,,309946,15,,,0,32,,309947,15,,,0,68,,309948,15,,,0,30,,309949,15,,,0,83,,309950,15,,,0,30,,309951,15,,,0,70,,309952,15,,,0,30,,309953,15,,,0,70,,309954,15,,,0,30,,309983,15,,,0,70,,309955,15,,,0,30,,309956,15,,,0,70,,309957,15,,,0,30,,309984,15,,,0,70,,309977,15,,,0,17,,309986,15,,,0,71,,309958,15,,,0,30,,309959,15,,,0,70,,309960,15,,,0,30,,309987,15,,,0,75,,309961,15,,,0,30,,309962,15,,,0,70,,309963,15,,,0,26,,309964,15,,,0,70,,309965,15,,,0,30,,309966,15,,,0,75,,309967,15,,,0,28,,309968,15,,,0,70,,309985,15,,,0,29,,309969,15,,,0,70,,309970,15,,,0,35,,309981,15,,,0,66,,309976,15,,,0,29,,309980,15,,,0,57,,309971,15,,,0,23,,309978,15,0,67,0,32,,309972,15,0,67,0,73,,309982,15,0,67,0,70,,309973,15,0,67,0
10501,'APR26SAT-Saturday-21-1',350,,310031,15,0,67,0,65,,310032,15,0,67,0,30,,310033,15,0,67,0,70,,310034,15,0,67,0,30,,310035,15,0,67,0,70,,309988,15,,,0,30,,309989,15,,,0,70,,309990,15,,,0,30,,309991,15,,,0,70,,309992,15,,,0,30,,309993,15,,,0,70,,309994,15,,,0,30,,309995,15,,,0,70,,309996,15,,,0,31,,309997,15,,,0,70,,309998,15,,,0,30,,309999,15,,,0,70,,310000,15,,,0,30,,310001,15,,,0,70,,310002,15,,,0,30,,310003,15,,,0,70,,310004,15,,,0,30,,310005,15,,,0,70,,310006,15,,,0,30,,310007,15,,,0,70,,310008,15,,,0,30,,310009,15,,,0,70,,310010,15,,,0,30,,310011,15,,,0,70,,310012,15,,,0,30,,310013,15,,,0,70,,310014,15,,,0,29,,310015,15,,,0,70,,310016,15,,,0,30,,310017,15,,,0,68,,310018,15,,,0,30,,310019,15,,,0,70,,310020,15,,,0,29,,310021,15,,,0,70,,310022,15,,,0,30,,310023,15,,,0,70,,310024,15,,,0,30,,310025,15,,,0,70,,310026,15,,,0,30,,310027,15,,,0,70,,310028,15,0,67,0,30,,310029,15,0,67,0,70,,310030,15,0,67,0
10501,'APR26SUN-Sunday-16-1',337,,310067,15,0,67,0,70,,310068,15,0,67,0,30,,310069,15,0,67,0,70,,310070,15,0,67,0,30,,310071,15,0,67,0,70,,310072,15,0,67,0,30,,310073,15,0,67,0,70,,310074,15,0,67,0,30,,310075,15,0,67,0,70,,310036,15,,,0,17,,310037,15,,,0,31,,310038,15,,,0,70,,310039,15,,,0,30,,310040,15,,,0,71,,310041,15,,,0,30,,310042,15,,,0,70,,310043,15,,,0,30,,310044,15,,,0,70,,310045,15,,,0,30,,310046,15,,,0,70,,310047,15,,,0,30,,310048,15,,,0,70,,310049,15,,,0,30,,310050,15,,,0,70,,310051,15,,,0,30,,310052,15,,,0,70,,310053,15,,,0,30,,310054,15,,,0,70,,310055,15,,,0,30,,310056,15,,,0,70,,310057,15,,,0,30,,310058,15,,,0,69,,310059,15,,,0,30,,310060,15,,,0,69,,310061,15,,,0,29,,310062,15,,,0,70,,310063,15,,,0,30,,310064,15,,,0,70,,310065,15,,,0,30,,310066,15,,,0,59,,310076,15,0,67,0,30,,310077,15,0,67,0,70,,310078,15,0,67,0,30,,310079,15,0,67,0,70,,310080,15,0,67,0,30,,310081,15,0,67,0,70,,310082,15,0,67,0,30,,310083,15,0,67,0,70,,310084,15,0,67,0
11001,'APR26DA-Weekday-40-1',532,,310155,43,0,41,0,70,,310156,43,0,41,0
11001,'APR26SAT-Saturday-21-1',547,,310165,43,0,41,0,70,,310166,43,0,41,0
61300,'APR26DA-Weekday-40-1',1447,,312230,6,,,0
61700,'APR26DA-Weekday-40-1',800,,312235,4,,,0
61701,'APR26DA-Weekday-40-1',1605,,312236,43,,,0
64700,'APR26DA-Weekday-40-1',811,,312295,4,,,0,29,,312296,4,,,0
64701,'APR26DA-Weekday-40-1',1552,,312299,26,,,0,48,,312300,26,,,0
