11101,'APR26DA-Weekday-40-1',540,,310314,34,,,0,72,,310315,34,,,0,20,,310316,34,,,0,16,,310317,34,,,0,56,,310318,34,,,0,31,,310319,34,,,0,17,,310381,34,,,0,55,,310320,36,,,0,20,,310321,34,,,0,16,,310322,36,,,0,15,,310382,34,,,0,55,,310323,36,,,0,14,,310324,34,,,0,12,,310325,36,,,0,11,,310326,34,,,0,54,,310327,36,,,0,15,,310328,34,,,0,15,,310329,36,,,0,15,,310330,34,,,0,55,,310331,36,,,0,15,,310332,34,,,0,15,,310333,36,,,0,15,,310334,34,,,0,55,,310335,36,,,0,15,,310336,34,,,0,15,,310337,36,,,0,15,,310338,34,,,0,55,,310339,36,,,0,18,,310340,34,,,0,15,,310341,36,,,0,15,,310342,34,,,0,55,,310343,36,,,0,15,,310344,34,,,0,19,,310345,36,,,0,15,,310383,34,,,0,55,,310346,36,,,0,2,,310378,27,,,0,33,,310347,36,,,0,55,,310384,34,,,0,15,,310348,36,,,0,15,,310380,34,,,0,16,,310349,36,,,0,70,,310350,36,,,0,15,,310385,34,,,0,15,,310351,36,,,0,55,,310352,34,,,0,15,,310353,36,,,0,12,,310354,34,,,0,14,,310355,36,,,0,15,,310356,34,,,0,55,,310357,36,,,0,10,,310358,34,,,0,14,,310359,36,,,0,15,,310360,34,,,0,55,,310361,36,,,0,15,,310362,34,,,0,10,,310363,36,,,0,15,,310364,34,,,0,55,,310365,36,,,0,15,,310366,34,,,0,15,,310367,36,,,0,15,,310368,34,,,0,10,,310369,36,,,0,60,,310370,34,,,0,29,,310371,36,,,0,89,,310372,34,,,0,70,,310373,34,,,0,38,,310374,34,,,0,66,,310375,34,,,0
11101,'APR26SAT-Saturday-21-1',555,,310386,34,,,0,70,,310387,34,,,0,30,,310388,34,,,0,70,,310389,34,,,0,30,,310390,34,,,0,70,,310391,34,,,0,30,,310392,34,,,0,73,,310393,34,,,0,30,,310394,34,,,0,70,,310395,34,,,0,30,,310396,34,,,0,71,,310397,34,,,0,30,,310398,34,,,0,70,,310399,34,,,0,30,,310400,34,,,0,70,,310401,34,,,0,30,,310402,34,,,0,70,,310403,34,,,0,30,,310404,34,,,0,71,,310405,34,,,0,70,,310406,34,,,0,30,,310407,34,,,0,70,,310408,34,,,0,30,,310409,34,,,0,70,,310410,34,,,0,28,,310411,34,,,0,30,,310412,34,,,0,72,,310413,34,,,0,70,,310414,34,,,0,30,,310415,34,,,0,70,,310416,34,,,0,30,,310417,34,,,0,70,,310418,34,,,0,30,,310419,34,,,0,70,,310420,34,,,0,30,,310421,34,,,0,90,,310422,34,,,0
11101,'APR26SUN-Sunday-16-1',814,,310423,34,,,0,30,,310424,34,,,0,70,,310425,34,,,0,33,,310426,34,,,0,70,,310427,34,,,0,30,,310428,34,,,0,70,,310429,34,,,0,31,,310430,34,,,0,70,,310431,34,,,0,30,,310432,34,,,0,70,,310433,34,,,0,30,,310434,34,,,0,70,,310435,34,,,0,30,,310436,34,,,0,70,,310437,34,,,0,31,,310438,34,,,0,70,,310439,34,,,0,30,,310440,34,,,0,70,,310441,34,,,0,30,,310442,34,,,0,70,,310443,34,,,0,28,,310444,34,,,0,70,,310445,34,,,0,30,,310446,34,,,0,70,,310447,34,,,0,30,,310448,34,,,0,70,,310449,34,,,0,30,,310450,34,,,0,70,,310451,34,,,0,30,,310452,34,,,0,100,,310453,34,,,0
11201,'APR26DA-Weekday-40-1',559,,310552,38,,,0,70,,310553,38,,,0,72,,310554,38,,,0,30,,310555,38,,,0,76,,310556,38,,,0,32,,310557,38,,,0,67,,310558,38,,,0,28,,310559,38,,,0,70,,310560,38,,,0,30,,310561,38,,,0,70,,310562,38,,,0,30,,310563,38,,,0,70,,310564,38,,,0,32,,310565,38,,,0,69,,310566,38,,,0,29,,310567,38,,,0,70,,310568,38,,,0,33,,310569,38,,,0,71,,310570,38,,,0,28,,310571,38,,,0,72,,310572,38,,,0,32,,310573,38,,,0,70,,310574,38,,,0,30,,310575,38,,,0,70,,310576,38,,,0,27,,310577,38,,,0,70,,310578,38,,,0,27,,310579,38,,,0,70,,310580,38,,,0,24,,310581,38,,,0,30,,310582,38,,,0,70,,310583,38,,,0,27,,310584,38,,,0,68,,310585,38,,,0,30,,310586,38,,,0,100,,310587,38,,,0
11201,'APR26SAT-Saturday-21-1',547,,310588,38,,,0,90,,310589,38,,,0,100,,310590,38,,,0,70,,310591,38,,,0,30,,310592,38,,,0,70,,310593,38,,,0,32,,310594,38,,,0,70,,310595,38,,,0,30,,310596,38,,,0,70,,310597,38,,,0,32,,310598,38,,,0,70,,310599,38,,,0,30,,310600,38,,,0,70,,310601,38,,,0,30,,310602,38,,,0,70,,310603,38,,,0,30,,310604,38,,,0,70,,310605,38,,,0,30,,310606,38,,,0,70,,310607,38,,,0,30,,310608,38,,,0,70,,310609,38,,,0,30,,310610,38,,,0,70,,310611,38,,,0,30,,310612,38,,,0,70,,310613,38,,,0,29,,310614,38,,,0,70,,310615,38,,,0,28,,310616,38,,,0,70,,310617,38,,,0,30,,310618,38,,,0,70,,310619,38,,,0,30,,310620,38,,,0,70,,310621,38,,,0,110,,310622,38,,,0
11201,'APR26SUN-Sunday-16-1',827,,310623,38,,,0,102,,310624,38,,,0,30,,310625,38,,,0,70,,310626,38,,,0,30,,310627,38,,,0,72,,310628,38,,,0,70,,310629,38,,,0,30,,310630,38,,,0,70,,310631,38,,,0,30,,310632,38,,,0,70,,310633,38,,,0,30,,310634,38,,,0,70,,310635,38,,,0,30,,310636,38,,,0,70,,310637,38,,,0,30,,310638,38,,,0,70,,310639,38,,,0,30,,310640,38,,,0,70,,310641,38,,,0,30,,310642,38,,,0,70,,310643,38,,,0,29,,310644,38,,,0,70,,310645,38,,,0,28,,310646,38,,,0,30,,310647,38,,,0,70,,310648,38,,,0,30,,310649,38,,,0,70,,310650,38,,,0,110,,310651,38,,,0
18901,'APR26DA-Weekday-40-1',522,,311898,35,,,0,83,,311899,35,,,0,35,,311934,35,,,0,70,,311900,35,,,0,30,,311935,35,,,0,78,,311901,35,,,0,30,,311936,35,,,0,67,,311902,35,,,0,25,,311903,35,,,0,70,,311904,35,,,0,30,,311905,35,,,0,74,,311906,35,,,0,30,,311907,35,,,0,69,,311908,35,,,0,30,,311909,35,,,0,70,,311910,35,,,0,30,,311911,35,,,0,70,,311912,35,,,0,35,,311913,35,,,0,70,,311914,35,,,0,32,,311915,35,,,0,70,,311916,35,,,0,30,,311917,35,,,0,70,,311918,35,,,0,30,,311919,35,,,0,70,,311920,35,,,0,28,,311921,35,,,0,65,,311922,35,,,0,30,,311923,35,,,0,70,,311924,35,,,0,30,,311925,35,,,0,70,,311926,35,,,0,30,,311927,35,,,0,67,,311928,35,,,0,27,,311929,35,,,0,70,,311930,35,,,0,30,,311931,35,,,0,65,,311933,35,,,0,55,,311932,35,,,0
18901,'APR26SAT-Saturday-21-1',650,,311949,35,,,0,100,,311937,35,,,0,101,,311938,35,,,0,100,,311939,35,,,0,100,,311940,35,,,0,100,,311941,35,,,0,100,,311942,35,,,0,100,,311943,35,,,0,100,,311944,35,,,0,100,,311945,35,,,0,100,,311946,35,,,0,100,,311947,35,,,0,99,,311948,35,,,0
18901,'APR26SUN-Sunday-16-1',650,,311963,35,,,0,100,,311950,35,,,0,101,,311951,35,,,0,100,,311952,35,,,0,100,,311953,35,,,0,100,,311954,35,,,0,100,,311955,35,,,0,100,,311956,35,,,0,100,,311957,35,,,0,100,,311958,35,,,0,100,,311959,35,,,0,100,,311960,35,,,0,99,,311961,35,,,0,100,,311962,35,,,0
61001,'APR26DA-Weekday-40-1',1521,,312221,40,,,0
68601,'APR26DA-Weekday-40-1',1534,,312465,19,,,0
68801,'APR26DA-Weekday-40-1',1436,,312472,13,,,0
69101,'APR26DA-Weekday-40-1',1528,,312483,18,,,0
