'1-1',1001,55330,0,'Lyon',0,7000,0,'Lyon',0,3000,0,'Lyon',0,7000,0,'Lyon',0,3000,0,'Lyon',0,7320,,'',0,3000,,'',0,7000,,'',0,3000,,'',0,7050,,'',0,3000,,'',0,7000,,'',0,3000,,'',0,7020,,'',0,3000,,'',0,7000,,'',0,3000,,'',0,7000,,'',0,3000,,'',0,7000,,'',0,3000,,'',0,7000,,'',0,3000,,'',0,7000,,'',0,3000,,'',0,7000,,'',0,3000,0,'Lyon',0,7000,0,'Lyon',0,3000,0,'Lyon',0,6980,0,'Lyon',0,3000,0,'Lyon',0,7000,0,'Lyon',0,3000,0,'Lyon',0,6950,0,'Lyon',0,3000,0,'Lyon',0,7000,0,'Lyon',0
'10-1',1001,55330,0,'Lyon',0,7000,0,'Lyon',0,3000,0,'Lyon',0,7000,0,'Lyon',0,3000,0,'Lyon',0,7320,,'',0,3000,,'',0,7000,,'',0,3000,,'',0,7050,,'',0,3000,,'',0,7000,,'',0,3000,,'',0,7020,,'',0,3000,,'',0,7000,,'',0,3000,,'',0,7000,,'',0,3000,,'',0,7000,,'',0,3000,,'',0,7000,,'',0,3000,,'',0,7000,,'',0,3000,,'',0,7000,,'',0,3000,0,'Lyon',0,7000,0,'Lyon',0,3000,0,'Lyon',0,6980,0,'Lyon',0,3000,0,'Lyon',0,7000,0,'Lyon',0,3000,0,'Lyon',0,6950,0,'Lyon',0,3000,0,'Lyon',0,7000,0,'Lyon',0
'11-1',1001,55330,0,'Lyon',0,7000,0,'Lyon',0,3000,0,'Lyon',0,7000,0,'Lyon',0,3000,0,'Lyon',0,7320,,'',0,3000,,'',0,7000,,'',0,3000,,'',0,7050,,'',0,3000,,'',0,7000,,'',0,3000,,'',0,7020,,'',0,3000,,'',0,7000,,'',0,3000,,'',0,7000,,'',0,3000,,'',0,7000,,'',0,3000,,'',0,7000,,'',0,3000,,'',0,7000,,'',0,3000,,'',0,7000,,'',0,3000,0,'Lyon',0,7000,0,'Lyon',0,3000,0,'Lyon',0,6980,0,'Lyon',0,3000,0,'Lyon',0,7000,0,'Lyon',0,3000,0,'Lyon',0,6950,0,'Lyon',0,3000,0,'Lyon',0,7000,0,'Lyon',0
'12-1',1001,55330,0,'Lyon',0,7000,0,'Lyon',0,3000,0,'Lyon',0,7000,0,'Lyon',0,3000,0,'Lyon',0,7320,,'',0,3000,,'',0,7000,,'',0,3000,,'',0,7050,,'',0,3000,,'',0,7000,,'',0,3000,,'',0,7020,,'',0,3000,,'',0,7000,,'',0,3000,,'',0,7000,,'',0,3000,,'',0,7000,,'',0,3000,,'',0,7000,,'',0,3000,,'',0,7000,,'',0,3000,,'',0,7000,,'',0,3000,0,'Lyon',0,7000,0,'Lyon',0,3000,0,'Lyon',0,6980,0,'Lyon',0,3000,0,'Lyon',0,7000,0,'Lyon',0,3000,0,'Lyon',0,6950,0,'Lyon',0,3000,0,'Lyon',0,7000,0,'Lyon',0
'13-1',1001,54730,0,'Lyon',0,7000,0,'Lyon',0,3000,0,'Lyon',0,7100,0,'Lyon',0,3500,0,'Lyon',0,7120,0,'Lyon',0,3000,,'',0,7000,,'',0,3000,,'',0,7050,,'',0,3000,,'',0,7000,,'',0,3000,,'',0,7020,,'',0,3000,,'',0,7000,,'',0,3000,,'',0,7000,,'',0,3000,,'',0,7000,,'',0,3000,,'',0,7000,,'',0,3000,,'',0,7000,,'',0,3000,,'',0,7000,,'',0,3000,,'',0,7000,,'',0,3000,,'',0,6980,,'',0,3000,,'',0,7000,,'',0,3000,,'',0,6950,,'',0,3000,,'',0,6500,0,'Lyon',0,2800,0,'Lyon',0,6980,0,'Lyon',0,3000,0,'Lyon',0
'14-1',1001,54050,0,'Lyon',0,7100,,'',0,3670,,'',0,5500,0,'Lyon',0,1400,,'',0,1600,0,'Lyon',0,1300,,'',0,5620,0,'Lyon',0,1600,,'',0,1670,0,'Lyon',0,1400,,'',0,5300,0,'Lyon',0,1400,,'',0,1500,0,'Lyon',0,1520,,'',0,5500,0,'Lyon',0,1500,,'',0,1500,0,'Lyon',0,1500,,'',0,5510,0,'Lyon',0,1400,,'',0,1500,0,'Lyon',0,1500,,'',0,5500,0,'Lyon',0,1500,,'',0,1500,0,'Lyon',0,1500,,'',0,5500,0,'Lyon',0,1600,,'',0,1600,0,'Lyon',0,1500,,'',0,5600,0,'Lyon',0,1600,,'',0,1500,0,'Lyon',0,1580,,'',0,5400,0,'Lyon',0,1500,,'',0,1500,0,'Lyon',0,1500,,'',0,5600,0,'Lyon',0,1400,,'',0,1500,0,'Lyon',0,1500,,'',0,5500,0,'Lyon',0,1500,,'',0,1500,0,'Lyon',0,1700,,'',0,5400,0,'Lyon',0,2720,,'',0,7000,,'',0,3000,,'',0,7000,,'',0,3000,,'',0,7000,,'',0,2900,,'',0,7000,,'',0,2960,,'',0,2800,,'',0,6700,,'',0
'2-1',1001,54050,0,'Lyon',0,7100,,'',0,3670,,'',0,5500,0,'Lyon',0,1400,,'',0,1600,0,'Lyon',0,1300,,'',0,5620,0,'Lyon',0,1600,,'',0,1670,0,'Lyon',0,1400,,'',0,5300,0,'Lyon',0,1400,,'',0,1500,0,'Lyon',0,1520,,'',0,5500,0,'Lyon',0,1500,,'',0,1500,0,'Lyon',0,1500,,'',0,5510,0,'Lyon',0,1400,,'',0,1500,0,'Lyon',0,1500,,'',0,5500,0,'Lyon',0,1500,,'',0,1500,0,'Lyon',0,1500,,'',0,5500,0,'Lyon',0,1600,,'',0,1600,0,'Lyon',0,1500,,'',0,5600,0,'Lyon',0,1600,,'',0,1500,0,'Lyon',0,1580,,'',0,5400,0,'Lyon',0,1500,,'',0,1500,0,'Lyon',0,1500,,'',0,5600,0,'Lyon',0,1400,,'',0,1500,0,'Lyon',0,1500,,'',0,5500,0,'Lyon',0,1500,,'',0,1500,0,'Lyon',0,1700,,'',0,5400,0,'Lyon',0,2720,,'',0,7000,,'',0,3000,,'',0,7000,,'',0,3000,,'',0,7000,,'',0,2900,,'',0,7000,,'',0,2960,,'',0,2800,,'',0,6700,,'',0
'3-1',1001,54050,0,'Lyon',0,7100,,'',0,3670,,'',0,5500,0,'Lyon',0,1400,,'',0,1600,0,'Lyon',0,1300,,'',0,5620,0,'Lyon',0,1600,,'',0,1670,0,'Lyon',0,1400,,'',0,5300,0,'Lyon',0,1400,,'',0,1500,0,'Lyon',0,1520,,'',0,5500,0,'Lyon',0,1500,,'',0,1500,0,'Lyon',0,1500,,'',0,5510,0,'Lyon',0,1400,,'',0,1500,0,'Lyon',0,1500,,'',0,5500,0,'Lyon',0,1500,,'',0,1500,0,'Lyon',0,1500,,'',0,5500,0,'Lyon',0,1600,,'',0,1600,0,'Lyon',0,1500,,'',0,5600,0,'Lyon',0,1600,,'',0,1500,0,'Lyon',0,1580,,'',0,5400,0,'Lyon',0,1500,,'',0,1500,0,'Lyon',0,1500,,'',0,5600,0,'Lyon',0,1400,,'',0,1500,0,'Lyon',0,1500,,'',0,5500,0,'Lyon',0,1500,,'',0,1500,0,'Lyon',0,1700,,'',0,5400,0,'Lyon',0,2720,,'',0,7000,,'',0,3000,,'',0,7000,,'',0,3000,,'',0,7000,,'',0,2900,,'',0,7000,,'',0,2960,,'',0,2800,,'',0,6700,,'',0
'4-1',1001,54730,0,'Lyon',0,7000,0,'Lyon',0,3000,0,'Lyon',0,7100,0,'Lyon',0,3500,0,'Lyon',0,7120,0,'Lyon',0,3000,,'',0,7000,,'',0,3000,,'',0,7050,,'',0,3000,,'',0,7000,,'',0,3000,,'',0,7020,,'',0,3000,,'',0,7000,,'',0,3000,,'',0,7000,,'',0,3000,,'',0,7000,,'',0,3000,,'',0,7000,,'',0,3000,,'',0,7000,,'',0,3000,,'',0,7000,,'',0,3000,,'',0,7000,,'',0,3000,,'',0,6980,,'',0,3000,,'',0,7000,,'',0,3000,,'',0,6950,,'',0,3000,,'',0,6500,0,'Lyon',0,2800,0,'Lyon',0,6980,0,'Lyon',0,3000,0,'Lyon',0
'5-1',1001,55330,0,'Lyon',0,7000,0,'Lyon',0,3000,0,'Lyon',0,7000,0,'Lyon',0,3000,0,'Lyon',0,7320,,'',0,3000,,'',0,7000,,'',0,3000,,'',0,7050,,'',0,3000,,'',0,7000,,'',0,3000,,'',0,7020,,'',0,3000,,'',0,7000,,'',0,3000,,'',0,7000,,'',0,3000,,'',0,7000,,'',0,3000,,'',0,7000,,'',0,3000,,'',0,7000,,'',0,3000,,'',0,7000,,'',0,3000,0,'Lyon',0,7000,0,'Lyon',0,3000,0,'Lyon',0,6980,0,'Lyon',0,3000,0,'Lyon',0,7000,0,'Lyon',0,3000,0,'Lyon',0,6950,0,'Lyon',0,3000,0,'Lyon',0,7000,0,'Lyon',0
'6-1',1001,54050,0,'Lyon',0,7100,,'',0,3670,,'',0,5500,0,'Lyon',0,1400,,'',0,1600,0,'Lyon',0,1300,,'',0,5620,0,'Lyon',0,1600,,'',0,1670,0,'Lyon',0,1400,,'',0,5300,0,'Lyon',0,1400,,'',0,1500,0,'Lyon',0,1520,,'',0,5500,0,'Lyon',0,1500,,'',0,1500,0,'Lyon',0,1500,,'',0,5510,0,'Lyon',0,1400,,'',0,1500,0,'Lyon',0,1500,,'',0,5500,0,'Lyon',0,1500,,'',0,1500,0,'Lyon',0,1500,,'',0,5500,0,'Lyon',0,1600,,'',0,1600,0,'Lyon',0,1500,,'',0,5600,0,'Lyon',0,1600,,'',0,1500,0,'Lyon',0,1580,,'',0,5400,0,'Lyon',0,1500,,'',0,1500,0,'Lyon',0,1500,,'',0,5600,0,'Lyon',0,1400,,'',0,1500,0,'Lyon',0,1500,,'',0,5500,0,'Lyon',0,1500,,'',0,1500,0,'Lyon',0,1700,,'',0,5400,0,'Lyon',0,2720,,'',0,7000,,'',0,3000,,'',0,7000,,'',0,3000,,'',0,7000,,'',0,2900,,'',0,7000,,'',0,2960,,'',0,2800,,'',0,6700,,'',0
'7-1',1001,54050,0,'Lyon',0,7100,,'',0,3670,,'',0,5500,0,'Lyon',0,1400,,'',0,1600,0,'Lyon',0,1300,,'',0,5620,0,'Lyon',0,1600,,'',0,1670,0,'Lyon',0,1400,,'',0,5300,0,'Lyon',0,1400,,'',0,1500,0,'Lyon',0,1520,,'',0,5500,0,'Lyon',0,1500,,'',0,1500,0,'Lyon',0,1500,,'',0,5510,0,'Lyon',0,1400,,'',0,1500,0,'Lyon',0,1500,,'',0,5500,0,'Lyon',0,1500,,'',0,1500,0,'Lyon',0,1500,,'',0,5500,0,'Lyon',0,1600,,'',0,1600,0,'Lyon',0,1500,,'',0,5600,0,'Lyon',0,1600,,'',0,1500,0,'Lyon',0,1580,,'',0,5400,0,'Lyon',0,1500,,'',0,1500,0,'Lyon',0,1500,,'',0,5600,0,'Lyon',0,1400,,'',0,1500,0,'Lyon',0,1500,,'',0,5500,0,'Lyon',0,1500,,'',0,1500,0,'Lyon',0,1700,,'',0,5400,0,'Lyon',0,2720,,'',0,7000,,'',0,3000,,'',0,7000,,'',0,3000,,'',0,7000,,'',0,2900,,'',0,7000,,'',0,2960,,'',0,2800,,'',0,6700,,'',0
'8-1',1001,54050,0,'Lyon',0,7100,,'',0,3670,,'',0,5500,0,'Lyon',0,1400,,'',0,1600,0,'Lyon',0,1300,,'',0,5620,0,'Lyon',0,1600,,'',0,1670,0,'Lyon',0,1400,,'',0,5300,0,'Lyon',0,1400,,'',0,1500,0,'Lyon',0,1520,,'',0,5500,0,'Lyon',0,1500,,'',0,1500,0,'Lyon',0,1500,,'',0,5510,0,'Lyon',0,1400,,'',0,1500,0,'Lyon',0,1500,,'',0,5500,0,'Lyon',0,1500,,'',0,1500,0,'Lyon',0,1500,,'',0,5500,0,'Lyon',0,1600,,'',0,1600,0,'Lyon',0,1500,,'',0,5600,0,'Lyon',0,1600,,'',0,1500,0,'Lyon',0,1580,,'',0,5400,0,'Lyon',0,1500,,'',0,1500,0,'Lyon',0,1500,,'',0,5600,0,'Lyon',0,1400,,'',0,1500,0,'Lyon',0,1500,,'',0,5500,0,'Lyon',0,1500,,'',0,1500,0,'Lyon',0,1700,,'',0,5400,0,'Lyon',0,2720,,'',0,7000,,'',0,3000,,'',0,7000,,'',0,3000,,'',0,7000,,'',0,2900,,'',0,7000,,'',0,2960,,'',0,2800,,'',0,6700,,'',0
'9-1',1001,54050,0,'Lyon',0,7100,,'',0,3670,,'',0,5500,0,'Lyon',0,1400,,'',0,1600,0,'Lyon',0,1300,,'',0,5620,0,'Lyon',0,1600,,'',0,1670,0,'Lyon',0,1400,,'',0,5300,0,'Lyon',0,1400,,'',0,1500,0,'Lyon',0,1520,,'',0,5500,0,'Lyon',0,1500,,'',0,1500,0,'Lyon',0,1500,,'',0,5510,0,'Lyon',0,1400,,'',0,1500,0,'Lyon',0,1500,,'',0,5500,0,'Lyon',0,1500,,'',0,1500,0,'Lyon',0,1500,,'',0,5500,0,'Lyon',0,1600,,'',0,1600,0,'Lyon',0,1500,,'',0,5600,0,'Lyon',0,1600,,'',0,1500,0,'Lyon',0,1580,,'',0,5400,0,'Lyon',0,1500,,'',0,1500,0,'Lyon',0,1500,,'',0,5600,0,'Lyon',0,1400,,'',0,1500,0,'Lyon',0,1500,,'',0,5500,0,'Lyon',0,1500,,'',0,1500,0,'Lyon',0,1700,,'',0,5400,0,'Lyon',0,2720,,'',0,7000,,'',0,3000,,'',0,7000,,'',0,3000,,'',0,7000,,'',0,2900,,'',0,7000,,'',0,2960,,'',0,2800,,'',0,6700,,'',0
