6001,'APR26DA-Weekday-40-1',541,,304826,16,0,15 16,1,103,,304827,16,0,15 16,1,70,,304828,16,0,15 16,1,28,,304829,16,0,15 16,1,72,,304830,16,0,15 16,1,30,,304805,16,0,9 10,1,70,,304806,16,0,9 10,1,30,,304807,16,0,9 10,1,69,,304808,16,0,9 10,1,30,,304809,16,0,9 10,1,69,,304810,16,0,9 10,1,30,,304811,16,0,9 10,1,70,,304812,16,0,9 10,1,30,,304813,16,0,9 10,1,70,,304814,16,0,9 10,1,30,,304815,16,0,9 10,1,70,,304816,16,0,9 10,1,31,,304831,16,0,9 10,1,100,,304832,16,0,9 10,1,70,,304817,16,0,9 10,1,30,,304818,16,0,9 10,1,100,,304819,16,0,9 10,1,70,,304820,16,0,9 10,1,100,,304821,16,0,9 10,1,27,,304822,16,0,9 10,1,70,,304823,16,0,9 10,1,30,,304824,16,0,9 10,1,70,,304825,16,0,9 10,1,30,,304801,16,0,9 10,1,70,,304802,16,0,9 10,1,100,,304803,16,0,9 10,1,100,,304804,16,0,9 10,1
6100,'APR26DA-Weekday-40-1',607,,304837,32,0,15 16,1,29,,304838,32,0,15 16,1,65,,304839,32,0,15 16,1,29,,304840,32,0,15 16,1,74,,304841,32,0,15 16,1,30,,304842,32,0,15 16,1,25,,304843,32,0,15 16,1,70,,304844,32,0,15 16,1,30,,304845,32,0,15 16,1,70,,304846,32,0,15 16,1,30,,304847,32,0,15 16,1,70,,304848,32,0,15 16,1,30,,304849,32,0,15 16,1,70,,304850,32,0,15 16,1,30,,304851,32,0,15 16,1,70,,304852,32,0,15 16,1,30,,304853,32,0,15 16,1,70,,304854,32,0,15 16,1,71,,304855,32,0,15 16,1,30,,304856,32,0,15 16,1,77,,304857,32,0,15 16,1,28,,304858,32,0,15 16,1,66,,304859,32,0,15 16,1,30,,304860,32,0,15 16,1,70,,304861,32,0,15 16,1,28,,304862,32,0,15 16,1,30,,304863,32,0,15 16,1,70,,304864,32,0,15 16,1,28,,304865,32,0,15 16,1,70,,304866,32,0,15 16,1,30,,304867,32,0,15 16,1,70,,304868,32,0,15 16,1,30,,304869,32,0,15 16,1,70,,304870,32,0,15 16,1,30,,304871,32,0,15 16,1,70,,304872,32,0,15 16,1,30,,304873,32,0,15 16,1,70,,304874,32,0,67,1
6100,'APR26SAT-Saturday-21-1',620,,304892,32,0,15 16,1,30,,304893,32,0,15 16,1,70,,304894,32,0,15 16,1,30,,304895,32,0,15 16,1,70,,304896,32,0,15 16,1,30,,304897,32,0,15 16,1,71,,304898,32,0,15 16,1,30,,304899,32,0,15 16,1,71,,304900,32,0,15 16,1,30,,304901,32,0,15 16,1,70,,304902,32,0,15 16,1,30,,304903,32,0,15 16,1,71,,304904,32,0,15 16,1,30,,304905,32,0,15 16,1,70,,304906,32,0,15 16,1,30,,304907,32,0,15 16,1,70,,304908,32,0,15 16,1,30,,304909,32,0,15 16,1,70,,304910,32,0,15 16,1,30,,304911,32,0,15 16,1,69,,304912,32,0,15 16,1,30,,304913,32,0,15 16,1,70,,304914,32,0,15 16,1,30,,304915,32,0,15 16,1,69,,304916,32,0,15 16,1,30,,304917,32,0,15 16,1,100,,304919,32,0,15 16,1,99,,304921,32,0,15 16,1,100,,304923,32,0,15 16,1,100,,304925,32,0,15 16,1,100,,304927,32,0,15 16,1
6100,'APR26SUN-Sunday-16-1',632,,304935,32,0,67,1,108,,304937,32,0,15 16,1,100,,304939,32,0,15 16,1,70,,304940,32,0,15 16,1,31,,304941,32,0,15 16,1,70,,304942,32,0,15 16,1,31,,304943,32,0,15 16,1,70,,304944,32,0,15 16,1,30,,304945,32,0,15 16,1,70,,304946,32,0,15 16,1,31,,304947,32,0,15 16,1,70,,304948,32,0,15 16,1,30,,304949,32,0,15 16,1,70,,304950,32,0,15 16,1,30,,304951,32,0,15 16,1,70,,304952,32,0,15 16,1,30,,304953,32,0,15 16,1,70,,304954,32,0,15 16,1,29,,304955,32,0,15 16,1,70,,304956,32,0,15 16,1,30,,304957,32,0,15 16,1,99,,304959,32,0,15 16,1,100,,304961,32,0,15 16,1,97,,304963,32,0,15 16,1,98,,304965,32,0,15 16,1,101,,304967,32,0,67,1,99,,304969,32,0,67,1
16300,'APR26DA-Weekday-40-1',629,,311180,29,,,1,75,,311210,29,,,1,31,,311181,29,,,1,67,,311182,29,,,1,32,,311183,29,,,1,70,,311184,29,,,1,24,,311185,29,,,1,25,,311186,29,,,1,70,,311187,29,,,1,30,,311188,29,,,1,70,,311189,29,,,1,30,,311190,29,,,1,70,,311191,29,,,1,30,,311192,29,,,1,70,,311193,29,,,1,30,,311194,29,,,1,70,,311195,29,,,1,29,,311196,29,,,1,88,,311197,29,,,1,70,,311198,29,,,1,30,,311199,29,,,1,71,,311211,26,,,1,29,,311200,29,,,1,70,,311201,29,,,1,30,,311202,29,,,1,14,,311203,29,,,1,70,,311204,29,,,1,30,,311205,29,,,1,70,,311206,29,,,1,25,,311207,29,,,1,100,,311208,29,,,1,100,,311209,29,,,1
16300,'APR26SAT-Saturday-21-1',713,,311212,29,,,1,100,,311213,29,,,1,30,,311214,29,,,1,70,,311215,29,,,1,30,,311216,29,,,1,70,,311217,29,,,1,31,,311218,29,,,1,70,,311219,29,,,1,30,,311220,29,,,1,70,,311221,29,,,1,30,,311222,29,,,1,70,,311223,29,,,1,30,,311224,29,,,1,70,,311225,29,,,1,30,,311226,29,,,1,70,,311227,29,,,1,30,,311228,29,,,1,70,,311229,29,,,1,30,,311230,29,,,1,70,,311231,29,,,1,30,,311232,29,,,1,100,,311233,29,,,1,100,,311234,29,,,1,100,,311235,29,,,1,99,,311236,29,,,1,100,,311237,29,,,1
16300,'APR26SUN-Sunday-16-1',743,,311238,29,,,1,70,,311239,29,,,1,100,,311240,29,,,1,30,,311241,29,,,1,70,,311242,29,,,1,31,,311243,29,,,1,70,,311244,29,,,1,30,,311245,29,,,1,70,,311246,29,,,1,30,,311247,29,,,1,70,,311248,29,,,1,30,,311249,29,,,1,70,,311250,29,,,1,30,,311251,29,,,1,70,,311252,29,,,1,30,,311253,29,,,1,70,,311254,29,,,1,30,,311255,29,,,1,70,,311256,29,,,1,30,,311257,29,,,1,100,,311258,29,,,1,100,,311259,29,,,1
30100,'301Shop-Weekday-01-1',930,,312196,55,,,1
30300,'303Shop-Weekday-01-1',930,,312200,30,,,1
66700,'APR26DA-Weekday-40-1',736,,312354,26,,,1,3,,312355,26,,,1,2,,312357,26,,,1
66800,'APR26DA-Weekday-40-1',736,,312365,34,,,1,3,,312366,34,,,1,2,,312368,34,,,1
