6000,'APR26DA-Weekday-40-1',606,,304769,4,,,1,30,,304770,4,,,1,70,,304771,4,,,1,31,,304772,4,,,1,70,,304773,4,,,1,30,,304774,4,,,1,70,,304775,4,,,1,30,,304776,4,,,1,70,,304777,4,,,1,30,,304778,4,,,1,70,,304779,4,,,1,30,,304780,4,,,1,70,,304781,4,,,1,30,,304782,4,,,1,70,,304783,4,,,1,30,,304784,4,,,1,70,,304799,4,,,1,100,,304800,4,,,1,32,,304785,4,,,1,64,,304786,20,,,1,104,,304795,20,,,1,26,,304796,20,,,1,100,,304797,20,,,1,72,,304798,20,,,1,31,,304787,4,,,1,70,,304788,4,,,1,30,,304789,4,,,1,70,,304790,4,,,1,30,,304791,4,,,1,70,,304792,4,,,1,100,,304793,4,,,1,100,,304794,4,,,1
6101,'APR26DA-Weekday-40-1',612,,304979,26,,,1,30,,304980,26,,,1,63,,304981,25,,,1,26,,304982,21,,,1,28,,304983,21,,,1,72,,304984,21,,,1,70,,304985,21,,,1,30,,304986,21,,,1,70,,304987,21,,,1,30,,304988,21,,,1,70,,304989,21,,,1,29,,304990,21,,,1,70,,304991,21,,,1,30,,304992,21,,,1,70,,304993,21,,,1,30,,304994,21,,,1,73,,304995,21,,,1,30,,304996,21,,,1,68,,304997,21,,,1,30,,304998,21,,,1,74,,304999,21,,,1,26,,305000,21,,,1,73,,305001,21,,,1,31,,305002,21,,,1,70,,305003,21,,,1,15,,305004,21,,,1,30,,305005,21,,,1,55,,305006,21,,,1,27,,305007,21,,,1,70,,305008,21,,,1,28,,305009,21,,,1,70,,305010,21,,,1,30,,305011,21,,,1,70,,305012,21,,,1,28,,305013,21,,,1,29,,305014,21,,,1,70,,305015,21,,,1,30,,305016,21,,,1
6101,'APR26SAT-Saturday-21-1',635,,305032,36,,,1,65,,305033,35,,,1,30,,305035,21,,,1,70,,305036,21,,,1,29,,305037,21,,,1,72,,305038,21,,,1,30,,305039,21,,,1,70,,305040,21,,,1,29,,305041,21,,,1,70,,305042,21,,,1,30,,305043,21,,,1,70,,305044,21,,,1,30,,305045,21,,,1,70,,305046,21,,,1,30,,305047,21,,,1,70,,305048,21,,,1,30,,305049,21,,,1,70,,305050,21,,,1,30,,305051,21,,,1,70,,305052,21,,,1,30,,305053,21,,,1,70,,305054,21,,,1,30,,305055,21,,,1,70,,305056,21,,,1,100,,305058,21,,,1,100,,305060,21,,,1,30,,305061,21,,,1,28,,305062,21,,,1,70,,305063,21,,,1,30,,305064,21,,,1,70,,305065,21,,,1,30,,305066,21,,,1,70,,305067,21,,,1,30,,305068,21,,,1
6101,'APR26SUN-Sunday-16-1',618,,305075,36,,,1,95,,305077,35,,,1,100,,305079,35,,,1,102,,305087,21,,,1,31,,305088,21,,,1,70,,305089,21,,,1,29,,305090,21,,,1,70,,305091,21,,,1,30,,305092,21,,,1,70,,305093,21,,,1,34,,305094,21,,,1,66,,305095,21,,,1,30,,305096,21,,,1,70,,305097,21,,,1,30,,305098,21,,,1,70,,305099,21,,,1,30,,305100,21,,,1,70,,305101,21,,,1,30,,305102,21,,,1,70,,305103,21,,,1,30,,305104,21,,,1,70,,305105,21,,,1,30,,305106,21,,,1,70,,305107,21,,,1,30,,305108,21,,,1,98,,305110,21,,,1,100,,305112,21,,,1,70,,305113,21,,,1,100,,305115,21,,,1
16100,'APR26DA-Weekday-40-1',1511,,310962,17,,,1,10,,310963,17,,,1
16301,'APR26DA-Weekday-40-1',603,,311260,4,,,1,30,,311261,4,,,1,70,,311262,4,,,1,29,,311263,4,,,1,70,,311264,4,,,1,32,,311265,4,,,1,68,,311266,4,,,1,30,,311267,4,,,1,70,,311268,4,,,1,30,,311269,4,,,1,70,,311270,4,,,1,30,,311271,4,,,1,70,,311272,4,,,1,30,,311273,4,,,1,70,,311274,4,,,1,30,,311275,4,,,1,70,,311276,4,,,1,31,,311277,4,,,1,70,,311278,4,,,1,30,,311279,4,,,1,70,,311289,4,,,1,30,,311280,4,,,1,70,,311281,4,,,1,30,,311290,4,,,1,69,,311282,4,,,1,30,,311283,4,,,1,70,,311284,4,,,1,30,,311285,4,,,1,70,,311286,4,,,1,100,,311287,4,,,1,100,,311288,4,,,1
16301,'APR26SAT-Saturday-21-1',733,,311291,4,,,1,70,,311292,4,,,1,30,,311293,4,,,1,70,,311294,4,,,1,30,,311295,4,,,1,70,,311296,4,,,1,30,,311297,4,,,1,70,,311298,4,,,1,30,,311299,4,,,1,70,,311300,4,,,1,30,,311301,4,,,1,70,,311302,4,,,1,30,,311303,4,,,1,70,,311304,4,,,1,30,,311305,4,,,1,70,,311306,4,,,1,30,,311307,4,,,1,70,,311308,4,,,1,30,,311309,4,,,1,70,,311310,4,,,1,100,,311311,4,,,1,100,,311312,4,,,1,100,,311313,4,,,1,100,,311314,4,,,1,100,,311315,4,,,1
16301,'APR26SUN-Sunday-16-1',733,,311316,4,,,1,100,,311317,4,,,1,70,,311318,4,,,1,30,,311319,4,,,1,70,,311320,4,,,1,30,,311321,4,,,1,70,,311322,4,,,1,30,,311323,4,,,1,70,,311324,4,,,1,30,,311325,4,,,1,70,,311326,4,,,1,30,,311327,4,,,1,70,,311328,4,,,1,30,,311329,4,,,1,70,,311330,4,,,1,30,,311331,4,,,1,70,,311332,4,,,1,30,,311333,4,,,1,70,,311334,4,,,1,100,,311335,4,,,1,100,,311336,4,,,1
30101,'301Shop-Weekday-01-1',1458,,312197,26,,,1
30301,'303Shop-Weekday-01-1',1458,,312201,26,,,1
66200,'APR26DA-Weekday-40-1',1428,,312330,4,,,1
