3001,'APR26DA-Weekday-40-1',548,,300461,15,,,1,85,,300462,15,,,1,68,,300463,15,,,1,32,,300464,15,,,1,69,,300465,15,,,1,28,,300504,12,0,31 32,1,3,,300503,12,0,31 32,1,1,,300466,15,,,1,67,,300467,15,,,1,30,,300468,15,,,1,69,,300469,15,,,1,30,,300470,15,,,1,70,,300471,15,,,1,29,,300472,15,,,1,30,,300473,15,,,1,70,,300474,15,,,1,30,,300475,15,,,1,72,,300476,15,,,1,70,,300477,15,,,1,30,,300478,15,,,1,28,,300479,15,,,1,65,,300480,15,,,1,17,,300481,15,,,1,15,,300482,15,,,1,55,,300483,15,,,1,15,,300484,15,,,1,30,,300485,15,,,1,55,,300486,15,,,1,15,,300502,15,,,1,15,,300487,15,,,1,15,,300488,15,,,1,55,,300489,15,,,1,14,,300490,15,,,1,14,,300491,15,,,1,14,,300492,15,,,1,57,,300493,15,,,1,27,,300494,15,,,1,70,,300495,15,,,1,31,,300496,15,,,1,69,,300497,15,,,1,32,,300498,15,,,1,67,,300499,15,,,1,106,,300500,15,,,1
3001,'APR26SAT-Saturday-21-1',730,,300505,15,,,1,100,,300506,15,,,1,70,,300507,15,,,1,33,,300508,15,,,1,68,,300509,15,,,1,30,,300510,15,,,1,70,,300511,15,,,1,30,,300512,15,,,1,70,,300513,15,,,1,30,,300514,15,,,1,70,,300515,15,,,1,30,,300516,15,,,1,70,,300517,15,,,1,30,,300518,15,,,1,70,,300519,15,,,1,30,,300520,15,,,1,70,,300521,15,,,1,30,,300522,15,,,1,70,,300523,15,,,1,30,,300524,15,,,1,70,,300525,15,,,1,30,,300526,15,,,1,70,,300527,15,,,1,30,,300528,15,,,1,70,,300529,15,,,1,29,,300530,15,,,1,70,,300531,15,,,1,30,,300532,15,,,1,100,,300533,15,,,1
3001,'APR26SUN-Sunday-16-1',800,,300534,15,,,1,100,,300535,15,,,1,101,,300536,15,,,1,30,,300537,15,,,1,70,,300538,15,,,1,30,,300539,15,,,1,70,,300540,15,,,1,30,,300541,15,,,1,70,,300542,15,,,1,30,,300543,15,,,1,70,,300544,15,,,1,30,,300545,15,,,1,70,,300546,15,,,1,30,,300547,15,,,1,70,,300548,15,,,1,30,,300549,15,,,1,70,,300550,15,,,1,30,,300551,15,,,1,70,,300552,15,,,1,30,,300553,15,,,1,70,,300554,15,,,1,30,,300555,15,,,1,70,,300556,15,,,1,29,,300557,15,,,1,100,,300558,15,,,1,100,,300559,15,,,1
3201,'APR26DA-Weekday-40-1',1522,,300757,18,,,1,33,,300759,18,,,1,70,,300758,18,,,1,32,,300753,18,,,1,70,,300755,18,,,1,96,,300756,18,,,1,34,,300754,18,,,1
3601,'APR26DA-Weekday-40-1',655,,301400,31,,,1,70,,301377,31,,,1,33,,301388,31,,,1,70,,301405,31,,,1,27,,301401,31,,,1,69,,301396,31,,,1,30,,301406,31,,,1,70,,301392,31,,,1,30,,301397,31,,,1,70,,301407,31,,,1,30,,301393,31,,,1,70,,301398,31,,,1,31,,301408,31,,,1,70,,301391,31,,,1,30,,301399,31,,,1,71,,301389,31,,,1,4,,301380,18,0,26,1,26,,301410,31,,,1,70,,301395,31,,,1,32,,301390,31,,,1,70,,301382,31,,,1,30,,301394,31,,,1,68,,301409,31,,,1,30,,301381,31,,,1,70,,301378,31,,,1,30,,301379,31,,,1,69,,301402,31,,,1,30,,301386,31,,,1,70,,301403,31,,,1,30,,301385,31,,,1,70,,301404,31,,,1,30,,301387,31,,,1,97,,301383,31,,,1,100,,301384,31,,,1
3601,'APR26SAT-Saturday-21-1',651,,301411,31,,,1,100,,301412,31,,,1,70,,301413,31,,,1,30,,301414,31,,,1,70,,301415,31,,,1,30,,301416,31,,,1,70,,301417,31,,,1,30,,301418,31,,,1,70,,301419,31,,,1,32,,301420,31,,,1,70,,301421,31,,,1,30,,301422,31,,,1,70,,301423,31,,,1,30,,301424,31,,,1,70,,301425,31,,,1,30,,301426,31,,,1,70,,301427,31,,,1,30,,301428,31,,,1,70,,301429,31,,,1,30,,301430,31,,,1,70,,301431,31,,,1,30,,301432,31,,,1,70,,301433,31,,,1,30,,301434,31,,,1,68,,301435,31,,,1,30,,301436,31,,,1,70,,301437,31,,,1,30,,301438,31,,,1,70,,301439,31,,,1,100,,301440,31,,,1,100,,301441,31,,,1
3601,'APR26SUN-Sunday-16-1',826,,301442,31,,,1,100,,301443,31,,,1,100,,301444,31,,,1,30,,301445,31,,,1,70,,301446,31,,,1,32,,301447,31,,,1,70,,301448,31,,,1,30,,301449,31,,,1,70,,301450,31,,,1,30,,301451,31,,,1,70,,301452,31,,,1,30,,301453,31,,,1,70,,301454,31,,,1,30,,301455,31,,,1,70,,301456,31,,,1,30,,301457,31,,,1,70,,301458,31,,,1,30,,301459,31,,,1,70,,301460,31,,,1,30,,301461,31,,,1,68,,301462,31,,,1,30,,301463,31,,,1,100,,301464,31,,,1
61801,'APR26DA-Weekday-40-1',1524,,312240,27,,,1
63001,'APR26DA-Weekday-40-1',1556,,312265,29,,,1
63701,'APR26DA-Weekday-40-1',1521,,312275,32,,,1
