11101,'APR26DA-Weekday-40-1',539,,310314,33,,,1,72,,310315,33,,,1,21,,310316,33,,,1,16,,310317,33,,,1,56,,310318,33,,,1,31,,310319,33,,,1,17,,310381,33,,,1,55,,310320,35,,,1,20,,310321,33,,,1,16,,310322,35,,,1,15,,310382,33,,,1,55,,310323,35,,,1,13,,310324,33,,,1,12,,310325,35,,,1,11,,310326,33,,,1,54,,310327,35,,,1,15,,310328,33,,,1,15,,310329,35,,,1,15,,310330,33,,,1,55,,310331,35,,,1,15,,310332,33,,,1,15,,310333,35,,,1,15,,310334,33,,,1,55,,310335,35,,,1,15,,310336,33,,,1,15,,310337,35,,,1,15,,310338,33,,,1,55,,310339,35,,,1,18,,310340,33,,,1,16,,310341,35,,,1,15,,310342,33,,,1,55,,310343,35,,,1,15,,310344,33,,,1,18,,310345,35,,,1,15,,310383,33,,,1,55,,310346,35,,,1,3,,310378,26,,,1,32,,310347,35,,,1,55,,310384,33,,,1,15,,310348,35,,,1,15,,310380,33,,,1,16,,310349,35,,,1,70,,310350,35,,,1,15,,310385,33,,,1,15,,310351,35,,,1,55,,310352,33,,,1,15,,310353,35,,,1,13,,310354,33,,,1,14,,310355,35,,,1,15,,310356,33,,,1,55,,310357,35,,,1,10,,310358,33,,,1,13,,310359,35,,,1,15,,310360,33,,,1,55,,310361,35,,,1,15,,310362,33,,,1,10,,310363,35,,,1,15,,310364,33,,,1,55,,310365,35,,,1,15,,310366,33,,,1,15,,310367,35,,,1,15,,310368,33,,,1,10,,310369,35,,,1,60,,310370,33,,,1,29,,310371,35,,,1,89,,310372,33,,,1,70,,310373,33,,,1,38,,310374,33,,,1,66,,310375,33,,,1
11101,'APR26SAT-Saturday-21-1',554,,310386,33,,,1,70,,310387,33,,,1,30,,310388,33,,,1,70,,310389,33,,,1,30,,310390,33,,,1,70,,310391,33,,,1,30,,310392,33,,,1,73,,310393,33,,,1,30,,310394,33,,,1,70,,310395,33,,,1,30,,310396,33,,,1,72,,310397,33,,,1,30,,310398,33,,,1,70,,310399,33,,,1,30,,310400,33,,,1,70,,310401,33,,,1,30,,310402,33,,,1,70,,310403,33,,,1,30,,310404,33,,,1,71,,310405,33,,,1,70,,310406,33,,,1,30,,310407,33,,,1,70,,310408,33,,,1,30,,310409,33,,,1,70,,310410,33,,,1,28,,310411,33,,,1,30,,310412,33,,,1,72,,310413,33,,,1,70,,310414,33,,,1,29,,310415,33,,,1,30,,310416,33,,,1,70,,310417,33,,,1,30,,310418,33,,,1,70,,310419,33,,,1,30,,310420,33,,,1,70,,310421,33,,,1,90,,310422,33,,,1
11101,'APR26SUN-Sunday-16-1',813,,310423,33,,,1,30,,310424,33,,,1,70,,310425,33,,,1,33,,310426,33,,,1,70,,310427,33,,,1,30,,310428,33,,,1,70,,310429,33,,,1,32,,310430,33,,,1,70,,310431,33,,,1,30,,310432,33,,,1,70,,310433,33,,,1,30,,310434,33,,,1,70,,310435,33,,,1,30,,310436,33,,,1,70,,310437,33,,,1,31,,310438,33,,,1,70,,310439,33,,,1,30,,310440,33,,,1,70,,310441,33,,,1,30,,310442,33,,,1,70,,310443,33,,,1,28,,310444,33,,,1,70,,310445,33,,,1,30,,310446,33,,,1,70,,310447,33,,,1,29,,310448,33,,,1,70,,310449,33,,,1,30,,310450,33,,,1,70,,310451,33,,,1,30,,310452,33,,,1,100,,310453,33,,,1
11201,'APR26DA-Weekday-40-1',559,,310552,37,,,1,70,,310553,37,,,1,72,,310554,37,,,1,30,,310555,37,,,1,76,,310556,37,,,1,32,,310557,37,,,1,67,,310558,37,,,1,28,,310559,37,,,1,70,,310560,37,,,1,29,,310561,37,,,1,70,,310562,37,,,1,30,,310563,37,,,1,70,,310564,37,,,1,32,,310565,37,,,1,70,,310566,37,,,1,29,,310567,37,,,1,70,,310568,37,,,1,32,,310569,37,,,1,71,,310570,37,,,1,28,,310571,37,,,1,72,,310572,37,,,1,32,,310573,37,,,1,70,,310574,37,,,1,30,,310575,37,,,1,70,,310576,37,,,1,27,,310577,37,,,1,70,,310578,37,,,1,27,,310579,37,,,1,70,,310580,37,,,1,25,,310581,37,,,1,30,,310582,37,,,1,70,,310583,37,,,1,27,,310584,37,,,1,68,,310585,37,,,1,30,,310586,37,,,1,100,,310587,37,,,1
11201,'APR26SAT-Saturday-21-1',546,,310588,37,,,1,90,,310589,37,,,1,100,,310590,37,,,1,70,,310591,37,,,1,30,,310592,37,,,1,70,,310593,37,,,1,32,,310594,37,,,1,70,,310595,37,,,1,30,,310596,37,,,1,70,,310597,37,,,1,32,,310598,37,,,1,70,,310599,37,,,1,30,,310600,37,,,1,70,,310601,37,,,1,30,,310602,37,,,1,70,,310603,37,,,1,30,,310604,37,,,1,70,,310605,37,,,1,30,,310606,37,,,1,70,,310607,37,,,1,30,,310608,37,,,1,70,,310609,37,,,1,30,,310610,37,,,1,70,,310611,37,,,1,30,,310612,37,,,1,70,,310613,37,,,1,29,,310614,37,,,1,70,,310615,37,,,1,28,,310616,37,,,1,70,,310617,37,,,1,30,,310618,37,,,1,70,,310619,37,,,1,30,,310620,37,,,1,70,,310621,37,,,1,110,,310622,37,,,1
11201,'APR26SUN-Sunday-16-1',826,,310623,37,,,1,102,,310624,37,,,1,30,,310625,37,,,1,70,,310626,37,,,1,30,,310627,37,,,1,72,,310628,37,,,1,70,,310629,37,,,1,30,,310630,37,,,1,70,,310631,37,,,1,30,,310632,37,,,1,70,,310633,37,,,1,30,,310634,37,,,1,70,,310635,37,,,1,30,,310636,37,,,1,70,,310637,37,,,1,30,,310638,37,,,1,70,,310639,37,,,1,30,,310640,37,,,1,70,,310641,37,,,1,30,,310642,37,,,1,70,,310643,37,,,1,29,,310644,37,,,1,30,,310645,37,,,1,68,,310646,37,,,1,30,,310647,37,,,1,70,,310648,37,,,1,30,,310649,37,,,1,70,,310650,37,,,1,110,,310651,37,,,1
18901,'APR26DA-Weekday-40-1',522,,311898,34,,,1,83,,311899,34,,,1,35,,311934,34,,,1,70,,311900,34,,,1,30,,311935,34,,,1,77,,311901,34,,,1,30,,311936,34,,,1,68,,311902,34,,,1,25,,311903,34,,,1,70,,311904,34,,,1,30,,311905,34,,,1,73,,311906,34,,,1,30,,311907,34,,,1,69,,311908,34,,,1,30,,311909,34,,,1,70,,311910,34,,,1,30,,311911,34,,,1,70,,311912,34,,,1,35,,311913,34,,,1,71,,311914,34,,,1,32,,311915,34,,,1,70,,311916,34,,,1,30,,311917,34,,,1,70,,311918,34,,,1,30,,311919,34,,,1,70,,311920,34,,,1,27,,311921,34,,,1,65,,311922,34,,,1,30,,311923,34,,,1,70,,311924,34,,,1,30,,311925,34,,,1,70,,311926,34,,,1,30,,311927,34,,,1,67,,311928,34,,,1,28,,311929,34,,,1,70,,311930,34,,,1,30,,311931,34,,,1,65,,311933,34,,,1,55,,311932,34,,,1
18901,'APR26SAT-Saturday-21-1',650,,311949,34,,,1,100,,311937,34,,,1,101,,311938,34,,,1,100,,311939,34,,,1,100,,311940,34,,,1,100,,311941,34,,,1,100,,311942,34,,,1,100,,311943,34,,,1,100,,311944,34,,,1,100,,311945,34,,,1,100,,311946,34,,,1,100,,311947,34,,,1,98,,311948,34,,,1
18901,'APR26SUN-Sunday-16-1',650,,311963,34,,,1,100,,311950,34,,,1,101,,311951,34,,,1,100,,311952,34,,,1,100,,311953,34,,,1,100,,311954,34,,,1,100,,311955,34,,,1,100,,311956,34,,,1,100,,311957,34,,,1,100,,311958,34,,,1,100,,311959,34,,,1,100,,311960,34,,,1,98,,311961,34,,,1,100,,311962,34,,,1
61001,'APR26DA-Weekday-40-1',1520,,312221,39,,,1
68601,'APR26DA-Weekday-40-1',1533,,312465,18,,,1
68801,'APR26DA-Weekday-40-1',1435,,312472,12,,,1
69101,'APR26DA-Weekday-40-1',1527,,312483,17,,,1
