'1',3900,92620,0,'Blair',0,3000,0,'Blair',0,7000,0,'Blair',0,3000,0,'Blair',0,7000,0,'Blair',0,3000,0,'Blair',0,7000,0,'Blair',0,3000,0,'Blair',0,7000,0,'Blair',0,3000,0,'Blair',0,7000,0,'Blair',0,3000,0,'Blair',0,7000,0,'Blair',0,3000,0,'Blair',0,7000,0,'Blair',0,3000,0,'Blair',0,7000,0,'Blair',0,3000,0,'Blair',0,7000,0,'Blair',0,3000,0,'Blair',0,7000,0,'Blair',0,3000,0,'Blair',0,7000,0,'Blair',0,3000,0,'Blair',0,7000,0,'Blair',0
'10',3900,92620,0,'Blair',0,3000,0,'Blair',0,7000,0,'Blair',0,3000,0,'Blair',0,7000,0,'Blair',0,3000,0,'Blair',0,7000,0,'Blair',0,3000,0,'Blair',0,7000,0,'Blair',0,3000,0,'Blair',0,7000,0,'Blair',0,3000,0,'Blair',0,7000,0,'Blair',0,3000,0,'Blair',0,7000,0,'Blair',0,3000,0,'Blair',0,7000,0,'Blair',0,3000,0,'Blair',0,7000,0,'Blair',0,3000,0,'Blair',0,7000,0,'Blair',0,3000,0,'Blair',0,7000,0,'Blair',0,3000,0,'Blair',0,7000,0,'Blair',0
'11',3900,92620,0,'Blair',0,3000,0,'Blair',0,7000,0,'Blair',0,3000,0,'Blair',0,7000,0,'Blair',0,3000,0,'Blair',0,7000,0,'Blair',0,3000,0,'Blair',0,7000,0,'Blair',0,3000,0,'Blair',0,7000,0,'Blair',0,3000,0,'Blair',0,7000,0,'Blair',0,3000,0,'Blair',0,7000,0,'Blair',0,3000,0,'Blair',0,7000,0,'Blair',0,3000,0,'Blair',0,7000,0,'Blair',0,3000,0,'Blair',0,7000,0,'Blair',0,3000,0,'Blair',0,7000,0,'Blair',0,3000,0,'Blair',0,7000,0,'Blair',0
'12',3900,92620,0,'Blair',0,3000,0,'Blair',0,7000,0,'Blair',0,3000,0,'Blair',0,7000,0,'Blair',0,3000,0,'Blair',0,7000,0,'Blair',0,3000,0,'Blair',0,7000,0,'Blair',0,3000,0,'Blair',0,7000,0,'Blair',0,3000,0,'Blair',0,7000,0,'Blair',0,3000,0,'Blair',0,7000,0,'Blair',0,3000,0,'Blair',0,7000,0,'Blair',0,3000,0,'Blair',0,7000,0,'Blair',0,3000,0,'Blair',0,7000,0,'Blair',0,3000,0,'Blair',0,7000,0,'Blair',0,3000,0,'Blair',0,7000,0,'Blair',0
'13',3900,82820,0,'Blair',0,3000,0,'Blair',0,7000,0,'Blair',0,3000,0,'Blair',0,7000,0,'Blair',0,3000,0,'Blair',0,7000,0,'Blair',0,3000,0,'Blair',0,7000,0,'Blair',0,3000,0,'Blair',0,7000,0,'Blair',0,3000,0,'Blair',0,7000,0,'Blair',0,3000,0,'Blair',0,7000,0,'Blair',0,3000,0,'Blair',0,7000,0,'Blair',0,3000,0,'Blair',0,7000,0,'Blair',0,3000,0,'Blair',0,7000,0,'Blair',0,3000,0,'Blair',0,7000,0,'Blair',0,3000,0,'Blair',0,7000,0,'Blair',0,3000,0,'Blair',0,7000,0,'Blair',0,3000,0,'Blair',0
'14',3900,54010,0,'Blair',0,1500,0,'Blair',0,5500,0,'Blair',0,1590,0,'Blair',0,1500,0,'Blair',0,1500,0,'Blair',0,5400,0,'Blair',0,1700,0,'Blair',0,1300,0,'Blair',0,1700,0,'Blair',0,5400,0,'Blair',0,1500,0,'Blair',0,1600,0,'Blair',0,1400,0,'Blair',0,5500,0,'Blair',0,2800,0,'Blair',0,6700,0,'Blair',0,3100,0,'Blair',0,7000,0,'Blair',0,2900,0,'Blair',0,7200,0,'Blair',0,3100,0,'Blair',0,7200,0,'Blair',0,3200,0,'Blair',0,7200,0,'Blair',0,3100,0,'Blair',0,7000,0,'Blair',0,3000,0,'Blair',0,6900,0,'Blair',0,2910,0,'Blair',0,7000,0,'Blair',0,3100,0,'Blair',0,6900,0,'Blair',0,3000,0,'Blair',0,7100,0,'Blair',0,3000,0,'Blair',0,7000,0,'Blair',0,3000,0,'Blair',0,7000,0,'Blair',0,3100,0,'Blair',0,7000,0,'Blair',0,2900,0,'Blair',0
'2',3900,54010,0,'Blair',0,1500,0,'Blair',0,5500,0,'Blair',0,1590,0,'Blair',0,1500,0,'Blair',0,1500,0,'Blair',0,5400,0,'Blair',0,1700,0,'Blair',0,1300,0,'Blair',0,1700,0,'Blair',0,5400,0,'Blair',0,1500,0,'Blair',0,1600,0,'Blair',0,1400,0,'Blair',0,5500,0,'Blair',0,2800,0,'Blair',0,6700,0,'Blair',0,3100,0,'Blair',0,7000,0,'Blair',0,2900,0,'Blair',0,7200,0,'Blair',0,3100,0,'Blair',0,7200,0,'Blair',0,3200,0,'Blair',0,7200,0,'Blair',0,3100,0,'Blair',0,7000,0,'Blair',0,3000,0,'Blair',0,6900,0,'Blair',0,2910,0,'Blair',0,7000,0,'Blair',0,3100,0,'Blair',0,6900,0,'Blair',0,3000,0,'Blair',0,7100,0,'Blair',0,3000,0,'Blair',0,7000,0,'Blair',0,3000,0,'Blair',0,7000,0,'Blair',0,3100,0,'Blair',0,7000,0,'Blair',0,2900,0,'Blair',0
'3',3900,54010,0,'Blair',0,1500,0,'Blair',0,5500,0,'Blair',0,1590,0,'Blair',0,1500,0,'Blair',0,1500,0,'Blair',0,5400,0,'Blair',0,1700,0,'Blair',0,1300,0,'Blair',0,1700,0,'Blair',0,5400,0,'Blair',0,1500,0,'Blair',0,1600,0,'Blair',0,1400,0,'Blair',0,5500,0,'Blair',0,2800,0,'Blair',0,6700,0,'Blair',0,3100,0,'Blair',0,7000,0,'Blair',0,2900,0,'Blair',0,7200,0,'Blair',0,3100,0,'Blair',0,7200,0,'Blair',0,3200,0,'Blair',0,7200,0,'Blair',0,3100,0,'Blair',0,7000,0,'Blair',0,3000,0,'Blair',0,6900,0,'Blair',0,2910,0,'Blair',0,7000,0,'Blair',0,3100,0,'Blair',0,6900,0,'Blair',0,3000,0,'Blair',0,7100,0,'Blair',0,3000,0,'Blair',0,7000,0,'Blair',0,3000,0,'Blair',0,7000,0,'Blair',0,3100,0,'Blair',0,7000,0,'Blair',0,2900,0,'Blair',0
'4',3900,82820,0,'Blair',0,3000,0,'Blair',0,7000,0,'Blair',0,3000,0,'Blair',0,7000,0,'Blair',0,3000,0,'Blair',0,7000,0,'Blair',0,3000,0,'Blair',0,7000,0,'Blair',0,3000,0,'Blair',0,7000,0,'Blair',0,3000,0,'Blair',0,7000,0,'Blair',0,3000,0,'Blair',0,7000,0,'Blair',0,3000,0,'Blair',0,7000,0,'Blair',0,3000,0,'Blair',0,7000,0,'Blair',0,3000,0,'Blair',0,7000,0,'Blair',0,3000,0,'Blair',0,7000,0,'Blair',0,3000,0,'Blair',0,7000,0,'Blair',0,3000,0,'Blair',0,7000,0,'Blair',0,3000,0,'Blair',0
'5',3900,92620,0,'Blair',0,3000,0,'Blair',0,7000,0,'Blair',0,3000,0,'Blair',0,7000,0,'Blair',0,3000,0,'Blair',0,7000,0,'Blair',0,3000,0,'Blair',0,7000,0,'Blair',0,3000,0,'Blair',0,7000,0,'Blair',0,3000,0,'Blair',0,7000,0,'Blair',0,3000,0,'Blair',0,7000,0,'Blair',0,3000,0,'Blair',0,7000,0,'Blair',0,3000,0,'Blair',0,7000,0,'Blair',0,3000,0,'Blair',0,7000,0,'Blair',0,3000,0,'Blair',0,7000,0,'Blair',0,3000,0,'Blair',0,7000,0,'Blair',0
'6',3900,54010,0,'Blair',0,1500,0,'Blair',0,5500,0,'Blair',0,1590,0,'Blair',0,1500,0,'Blair',0,1500,0,'Blair',0,5400,0,'Blair',0,1700,0,'Blair',0,1300,0,'Blair',0,1700,0,'Blair',0,5400,0,'Blair',0,1500,0,'Blair',0,1600,0,'Blair',0,1400,0,'Blair',0,5500,0,'Blair',0,2800,0,'Blair',0,6700,0,'Blair',0,3100,0,'Blair',0,7000,0,'Blair',0,2900,0,'Blair',0,7200,0,'Blair',0,3100,0,'Blair',0,7200,0,'Blair',0,3200,0,'Blair',0,7200,0,'Blair',0,3100,0,'Blair',0,7000,0,'Blair',0,3000,0,'Blair',0,6900,0,'Blair',0,2910,0,'Blair',0,7000,0,'Blair',0,3100,0,'Blair',0,6900,0,'Blair',0,3000,0,'Blair',0,7100,0,'Blair',0,3000,0,'Blair',0,7000,0,'Blair',0,3000,0,'Blair',0,7000,0,'Blair',0,3100,0,'Blair',0,7000,0,'Blair',0,2900,0,'Blair',0
'7',3900,54010,0,'Blair',0,1500,0,'Blair',0,5500,0,'Blair',0,1590,0,'Blair',0,1500,0,'Blair',0,1500,0,'Blair',0,5400,0,'Blair',0,1700,0,'Blair',0,1300,0,'Blair',0,1700,0,'Blair',0,5400,0,'Blair',0,1500,0,'Blair',0,1600,0,'Blair',0,1400,0,'Blair',0,5500,0,'Blair',0,2800,0,'Blair',0,6700,0,'Blair',0,3100,0,'Blair',0,7000,0,'Blair',0,2900,0,'Blair',0,7200,0,'Blair',0,3100,0,'Blair',0,7200,0,'Blair',0,3200,0,'Blair',0,7200,0,'Blair',0,3100,0,'Blair',0,7000,0,'Blair',0,3000,0,'Blair',0,6900,0,'Blair',0,2910,0,'Blair',0,7000,0,'Blair',0,3100,0,'Blair',0,6900,0,'Blair',0,3000,0,'Blair',0,7100,0,'Blair',0,3000,0,'Blair',0,7000,0,'Blair',0,3000,0,'Blair',0,7000,0,'Blair',0,3100,0,'Blair',0,7000,0,'Blair',0,2900,0,'Blair',0
'8',3900,54010,0,'Blair',0,1500,0,'Blair',0,5500,0,'Blair',0,1590,0,'Blair',0,1500,0,'Blair',0,1500,0,'Blair',0,5400,0,'Blair',0,1700,0,'Blair',0,1300,0,'Blair',0,1700,0,'Blair',0,5400,0,'Blair',0,1500,0,'Blair',0,1600,0,'Blair',0,1400,0,'Blair',0,5500,0,'Blair',0,2800,0,'Blair',0,6700,0,'Blair',0,3100,0,'Blair',0,7000,0,'Blair',0,2900,0,'Blair',0,7200,0,'Blair',0,3100,0,'Blair',0,7200,0,'Blair',0,3200,0,'Blair',0,7200,0,'Blair',0,3100,0,'Blair',0,7000,0,'Blair',0,3000,0,'Blair',0,6900,0,'Blair',0,2910,0,'Blair',0,7000,0,'Blair',0,3100,0,'Blair',0,6900,0,'Blair',0,3000,0,'Blair',0,7100,0,'Blair',0,3000,0,'Blair',0,7000,0,'Blair',0,3000,0,'Blair',0,7000,0,'Blair',0,3100,0,'Blair',0,7000,0,'Blair',0,2900,0,'Blair',0
'9',3900,54010,0,'Blair',0,1500,0,'Blair',0,5500,0,'Blair',0,1590,0,'Blair',0,1500,0,'Blair',0,1500,0,'Blair',0,5400,0,'Blair',0,1700,0,'Blair',0,1300,0,'Blair',0,1700,0,'Blair',0,5400,0,'Blair',0,1500,0,'Blair',0,1600,0,'Blair',0,1400,0,'Blair',0,5500,0,'Blair',0,2800,0,'Blair',0,6700,0,'Blair',0,3100,0,'Blair',0,7000,0,'Blair',0,2900,0,'Blair',0,7200,0,'Blair',0,3100,0,'Blair',0,7200,0,'Blair',0,3200,0,'Blair',0,7200,0,'Blair',0,3100,0,'Blair',0,7000,0,'Blair',0,3000,0,'Blair',0,6900,0,'Blair',0,2910,0,'Blair',0,7000,0,'Blair',0,3100,0,'Blair',0,6900,0,'Blair',0,3000,0,'Blair',0,7100,0,'Blair',0,3000,0,'Blair',0,7000,0,'Blair',0,3000,0,'Blair',0,7000,0,'Blair',0,3100,0,'Blair',0,7000,0,'Blair',0,2900,0,'Blair',0
'14',63901,154340,,'',0
'2',63901,154340,,'',0
'3',63901,154340,,'',0
'6',63901,154340,,'',0
'7',63901,154340,,'',0
'8',63901,154340,,'',0
'9',63901,154340,,'',0
