23401,'1',1549,,374900,12,,,0,68,,374896,12,,,0,32,,374898,12,,,0,69,,374897,12,,,0,30,,374895,12,,,0,69,,188509,12,,,0,31,,374899,12,,,0
23401,'11',1549,,374902,12,,,0,70,,374901,12,,,0,30,,374904,12,,,0,69,,374905,12,,,0,29,,374903,12,,,0,70,,64821,12,,,0,31,,374906,12,,,0
23401,'13',1549,,374908,12,,,0,70,,374907,12,,,0,30,,374910,12,,,0,69,,374911,12,,,0,29,,374909,12,,,0,70,,64455,12,,,0,31,,374912,12,,,0
23401,'14',1549,,374914,12,,,0,70,,374913,12,,,0,30,,374916,12,,,0,69,,374917,12,,,0,29,,374915,12,,,0,70,,64639,12,,,0,31,,374918,12,,,0
23401,'2',1549,,210414,12,,,0,70,,374919,12,,,0,30,,374921,12,,,0,69,,82,12,,,0,29,,206728,12,,,0,70,,374920,12,,,0,31,,374922,12,,,0
23401,'3',1549,,374924,12,,,0,70,,374923,12,,,0,30,,374927,12,,,0,69,,374928,12,,,0,29,,374926,12,,,0,70,,374925,12,,,0,31,,374929,12,,,0
23401,'4',1549,,374931,12,,,0,100,,374932,12,,,0,98,,374930,12,,,0,101,,208531,12,,,0
23401,'5',1549,,374934,12,,,0,70,,374933,12,,,0,30,,374937,12,,,0,69,,374938,12,,,0,29,,374936,12,,,0,70,,374935,12,,,0,31,,374939,12,,,0
23401,'6',1549,,374941,12,,,0,70,,374940,12,,,0,30,,374943,12,,,0,69,,374944,12,,,0,29,,374942,12,,,0,70,,64859,12,,,0,31,,374945,12,,,0
23401,'7',1549,,210263,12,,,0,70,,374946,12,,,0,30,,374948,12,,,0,69,,149085,12,,,0,29,,206605,12,,,0,70,,374947,12,,,0,31,,374949,12,,,0
23401,'9',1549,,374951,12,,,0,70,,374950,12,,,0,30,,374953,12,,,0,69,,374954,12,,,0,29,,374952,12,,,0,70,,64493,12,,,0,31,,374955,12,,,0
