5301,'1',704,,57439,,,1,15,,57432,,,1,15,,57455,,,1,13,,57437,,,1,57,,57448,,,1,17,,57440,,,1,15,,57449,,,1,13,,57464,,,1,55,,57443,,,1,15,,57466,,,1,15,,57473,,,1,69,,57434,,,1,30,,57465,,,1,70,,57435,,,1,30,,57462,,,1,70,,57470,,,1,30,,57454,,,1,70,,57450,,,1,30,,57477,,,1,70,,57460,,,1,30,,57474,,,1,17,,57472,,,1,69,,57469,,,1,35,,57447,,,1,53,,57478,,,1,15,,57442,,,1,15,,57475,,,1,15,,57452,,,1,54,,57456,,,1,15,,57476,,,1,15,,57441,,,1,15,,57446,,,1,55,,57459,,,1,42,,57445,,,1,70,,57463,,,1,30,,57438,,,1,69,,57471,,,1,30,,57433,,,1,70,,57436,,,1,30,,57453,,,1,70,,57444,,,1,100,,57451,,,1,97,,57467,,,1,100,,57468,,,1
5301,'10',704,,57500,,,1,15,,57520,,,1,15,,57490,,,1,13,,57516,,,1,57,,57519,,,1,17,,57487,,,1,15,,57488,,,1,13,,57513,,,1,55,,57526,,,1,15,,57499,,,1,15,,57489,,,1,69,,57494,,,1,30,,57493,,,1,70,,57495,,,1,30,,57523,,,1,70,,57514,,,1,30,,57501,,,1,70,,57482,,,1,30,,57528,,,1,70,,57491,,,1,30,,57504,,,1,17,,57485,,,1,72,,57506,,,1,15,,57508,,,1,15,,57517,,,1,55,,57518,,,1,15,,57524,,,1,15,,57496,,,1,14,,57515,,,1,55,,57498,,,1,15,,57509,,,1,15,,57481,,,1,15,,57497,,,1,55,,57492,,,1,15,,57479,,,1,27,,57512,,,1,70,,57505,,,1,30,,57522,,,1,69,,57507,,,1,30,,57502,,,1,70,,57525,,,1,30,,57486,,,1,70,,57510,,,1,100,,57527,,,1,97,,57521,,,1,100,,57484,,,1
5301,'11',704,,57537,,,1,15,,57530,,,1,15,,57553,,,1,13,,57535,,,1,57,,57546,,,1,17,,57538,,,1,15,,57547,,,1,13,,57562,,,1,55,,57541,,,1,15,,57564,,,1,15,,57571,,,1,69,,57532,,,1,30,,57563,,,1,70,,57533,,,1,30,,57560,,,1,70,,57568,,,1,30,,57552,,,1,70,,57548,,,1,30,,57575,,,1,70,,57558,,,1,30,,57572,,,1,17,,57570,,,1,69,,57567,,,1,35,,57545,,,1,53,,57576,,,1,15,,57540,,,1,15,,57573,,,1,15,,57550,,,1,54,,57554,,,1,15,,57574,,,1,15,,57539,,,1,15,,57544,,,1,55,,57557,,,1,42,,57543,,,1,70,,57561,,,1,30,,57536,,,1,69,,57569,,,1,30,,57531,,,1,70,,57534,,,1,30,,57551,,,1,70,,57542,,,1,100,,57549,,,1,97,,57565,,,1,100,,57566,,,1
5301,'12',704,,57608,,,1,15,,57622,,,1,15,,57607,,,1,11,,57623,,,1,59,,57578,,,1,17,,57598,,,1,15,,57618,,,1,16,,57601,,,1,52,,57588,,,1,15,,57612,,,1,15,,57593,,,1,69,,57614,,,1,30,,57613,,,1,70,,57581,,,1,30,,57577,,,1,70,,57619,,,1,30,,57597,,,1,70,,57591,,,1,30,,57616,,,1,70,,57615,,,1,30,,57605,,,1,17,,57617,,,1,69,,57595,,,1,18,,57626,,,1,13,,57602,,,1,57,,57600,,,1,15,,57621,,,1,15,,57610,,,1,15,,57585,,,1,54,,57580,,,1,16,,57603,,,1,14,,57586,,,1,16,,57606,,,1,54,,57583,,,1,15,,57589,,,1,27,,57592,,,1,70,,57579,,,1,30,,57599,,,1,69,,57584,,,1,30,,57609,,,1,70,,57625,,,1,30,,57587,,,1,70,,57620,,,1,100,,57604,,,1,97,,57590,,,1,100,,57624,,,1
5301,'13',828,,57641,,,1,100,,57638,,,1,30,,57643,,,1,71,,57633,,,1,30,,57642,,,1,70,,57646,,,1,30,,57627,,,1,72,,57651,,,1,70,,57631,,,1,30,,57645,,,1,70,,57636,,,1,30,,57658,,,1,70,,57629,,,1,30,,57650,,,1,70,,57656,,,1,28,,57659,,,1,30,,57637,,,1,70,,57640,,,1,30,,57653,,,1,69,,57632,,,1,30,,57639,,,1,70,,57648,,,1,30,,57634,,,1,70,,57628,,,1,30,,57657,,,1,70,,57654,,,1,30,,57630,,,1,70,,57647,,,1,30,,57652,,,1,70,,57635,,,1,30,,57649,,,1,70,,57644,,,1
5301,'14',828,,57674,,,1,100,,57671,,,1,30,,57676,,,1,71,,57666,,,1,30,,57675,,,1,70,,57679,,,1,30,,57660,,,1,72,,57684,,,1,70,,57664,,,1,30,,57678,,,1,70,,57669,,,1,30,,57691,,,1,70,,57662,,,1,30,,57683,,,1,70,,57689,,,1,28,,57692,,,1,30,,57670,,,1,70,,57673,,,1,30,,57686,,,1,69,,57665,,,1,30,,57672,,,1,70,,57681,,,1,30,,57667,,,1,70,,57661,,,1,30,,57690,,,1,70,,57687,,,1,30,,57663,,,1,70,,57680,,,1,30,,57685,,,1,70,,57668,,,1,30,,57682,,,1,70,,57677,,,1
5301,'15',704,,57714,,,1,15,,57734,,,1,15,,57704,,,1,13,,57730,,,1,57,,57733,,,1,17,,57701,,,1,15,,57702,,,1,13,,57727,,,1,55,,57740,,,1,15,,57713,,,1,15,,57703,,,1,69,,57708,,,1,30,,57707,,,1,70,,57709,,,1,30,,57737,,,1,70,,57728,,,1,30,,57715,,,1,70,,57696,,,1,30,,57742,,,1,70,,57705,,,1,30,,57718,,,1,17,,57699,,,1,72,,57720,,,1,15,,57722,,,1,15,,57731,,,1,55,,57732,,,1,15,,57738,,,1,15,,57710,,,1,14,,57729,,,1,55,,57712,,,1,15,,57723,,,1,15,,57695,,,1,15,,57711,,,1,55,,57706,,,1,15,,57693,,,1,27,,57726,,,1,70,,57719,,,1,30,,57736,,,1,69,,57721,,,1,30,,57716,,,1,70,,57739,,,1,30,,57700,,,1,70,,57724,,,1,100,,57741,,,1,97,,57735,,,1,100,,57698,,,1
5301,'16',704,,57751,,,1,15,,57744,,,1,15,,57767,,,1,13,,57749,,,1,57,,57760,,,1,17,,57752,,,1,15,,57761,,,1,13,,57776,,,1,55,,57755,,,1,15,,57778,,,1,15,,57785,,,1,69,,57746,,,1,30,,57777,,,1,70,,57747,,,1,30,,57774,,,1,70,,57782,,,1,30,,57766,,,1,70,,57762,,,1,30,,57789,,,1,70,,57772,,,1,30,,57786,,,1,17,,57784,,,1,69,,57781,,,1,35,,57759,,,1,53,,57790,,,1,15,,57754,,,1,15,,57787,,,1,15,,57764,,,1,54,,57768,,,1,15,,57788,,,1,15,,57753,,,1,15,,57758,,,1,55,,57771,,,1,42,,57757,,,1,70,,57775,,,1,30,,57750,,,1,69,,57783,,,1,30,,57745,,,1,70,,57748,,,1,30,,57765,,,1,70,,57756,,,1,100,,57763,,,1,97,,57779,,,1,100,,57780,,,1
5301,'17',828,,57805,,,1,100,,57802,,,1,30,,57807,,,1,71,,57797,,,1,30,,57806,,,1,70,,57810,,,1,30,,57791,,,1,72,,57815,,,1,70,,57795,,,1,30,,57809,,,1,70,,57800,,,1,30,,57822,,,1,70,,57793,,,1,30,,57814,,,1,70,,57820,,,1,28,,57823,,,1,30,,57801,,,1,70,,57804,,,1,30,,57817,,,1,69,,57796,,,1,30,,57803,,,1,70,,57812,,,1,30,,57798,,,1,70,,57792,,,1,30,,57821,,,1,70,,57818,,,1,30,,57794,,,1,70,,57811,,,1,30,,57816,,,1,70,,57799,,,1,30,,57813,,,1,70,,57808,,,1
5301,'18',723,,57838,,,1,30,,57843,,,1,70,,57854,,,1,30,,57848,,,1,70,,57829,,,1,30,,57856,,,1,71,,57826,,,1,30,,57841,,,1,70,,57834,,,1,30,,57839,,,1,72,,57835,,,1,30,,57836,,,1,70,,57825,,,1,30,,57857,,,1,70,,57827,,,1,30,,57852,,,1,70,,57824,,,1,30,,57831,,,1,68,,57853,,,1,30,,57844,,,1,70,,57840,,,1,30,,57832,,,1,69,,57850,,,1,30,,57855,,,1,70,,57845,,,1,30,,57830,,,1,70,,57847,,,1,30,,57849,,,1,70,,57837,,,1,30,,57846,,,1,70,,57851,,,1,100,,57858,,,1,100,,57833,,,1,100,,57828,,,1
5301,'19',723,,57873,,,1,30,,57878,,,1,70,,57889,,,1,30,,57883,,,1,70,,57864,,,1,30,,57891,,,1,71,,57861,,,1,30,,57876,,,1,70,,57869,,,1,30,,57874,,,1,72,,57870,,,1,30,,57871,,,1,70,,57860,,,1,30,,57892,,,1,70,,57862,,,1,30,,57887,,,1,70,,57859,,,1,30,,57866,,,1,68,,57888,,,1,30,,57879,,,1,70,,57875,,,1,30,,57867,,,1,69,,57885,,,1,30,,57890,,,1,70,,57880,,,1,30,,57865,,,1,70,,57882,,,1,30,,57884,,,1,70,,57872,,,1,30,,57881,,,1,70,,57886,,,1,100,,57893,,,1,100,,57868,,,1,100,,57863,,,1
5301,'2',828,,57908,,,1,100,,57905,,,1,30,,57910,,,1,71,,57900,,,1,30,,57909,,,1,70,,57913,,,1,30,,57894,,,1,72,,57918,,,1,70,,57898,,,1,30,,57912,,,1,70,,57903,,,1,30,,57925,,,1,70,,57896,,,1,30,,57917,,,1,70,,57923,,,1,28,,57926,,,1,30,,57904,,,1,70,,57907,,,1,30,,57920,,,1,69,,57899,,,1,30,,57906,,,1,70,,57915,,,1,30,,57901,,,1,70,,57895,,,1,30,,57924,,,1,70,,57921,,,1,30,,57897,,,1,70,,57914,,,1,30,,57919,,,1,70,,57902,,,1,30,,57916,,,1,70,,57911,,,1
5301,'20',704,,57935,,,1,15,,57928,,,1,15,,57951,,,1,13,,57933,,,1,57,,57944,,,1,17,,57936,,,1,15,,57945,,,1,13,,57960,,,1,55,,57939,,,1,15,,57962,,,1,15,,57969,,,1,69,,57930,,,1,30,,57961,,,1,70,,57931,,,1,30,,57958,,,1,70,,57966,,,1,30,,57950,,,1,70,,57946,,,1,30,,57973,,,1,70,,57956,,,1,30,,57970,,,1,17,,57968,,,1,69,,57965,,,1,35,,57943,,,1,53,,57974,,,1,15,,57938,,,1,15,,57971,,,1,15,,57948,,,1,54,,57952,,,1,15,,57972,,,1,15,,57937,,,1,15,,57942,,,1,55,,57955,,,1,42,,57941,,,1,70,,57959,,,1,30,,57934,,,1,69,,57967,,,1,30,,57929,,,1,70,,57932,,,1,30,,57949,,,1,70,,57940,,,1,100,,57947,,,1,97,,57963,,,1,100,,57964,,,1
5301,'3',704,,57983,,,1,15,,57976,,,1,15,,57999,,,1,13,,57981,,,1,57,,57992,,,1,17,,57984,,,1,15,,57993,,,1,13,,58008,,,1,55,,57987,,,1,15,,58010,,,1,15,,58017,,,1,69,,57978,,,1,30,,58009,,,1,70,,57979,,,1,30,,58006,,,1,70,,58014,,,1,30,,57998,,,1,70,,57994,,,1,30,,58021,,,1,70,,58004,,,1,30,,58018,,,1,17,,58016,,,1,69,,58013,,,1,35,,57991,,,1,53,,58022,,,1,15,,57986,,,1,15,,58019,,,1,15,,57996,,,1,54,,58000,,,1,15,,58020,,,1,15,,57985,,,1,15,,57990,,,1,55,,58003,,,1,42,,57989,,,1,70,,58007,,,1,30,,57982,,,1,69,,58015,,,1,30,,57977,,,1,70,,57980,,,1,30,,57997,,,1,70,,57988,,,1,100,,57995,,,1,97,,58011,,,1,100,,58012,,,1
5301,'4',704,,58031,,,1,15,,58024,,,1,15,,58047,,,1,13,,58029,,,1,57,,58040,,,1,17,,58032,,,1,15,,58041,,,1,13,,58056,,,1,55,,58035,,,1,15,,58058,,,1,15,,58065,,,1,69,,58026,,,1,30,,58057,,,1,70,,58027,,,1,30,,58054,,,1,70,,58062,,,1,30,,58046,,,1,70,,58042,,,1,30,,58069,,,1,70,,58052,,,1,30,,58066,,,1,17,,58064,,,1,69,,58061,,,1,35,,58039,,,1,53,,58070,,,1,15,,58034,,,1,15,,58067,,,1,15,,58044,,,1,54,,58048,,,1,15,,58068,,,1,15,,58033,,,1,15,,58038,,,1,55,,58051,,,1,42,,58037,,,1,70,,58055,,,1,30,,58030,,,1,69,,58063,,,1,30,,58025,,,1,70,,58028,,,1,30,,58045,,,1,70,,58036,,,1,100,,58043,,,1,97,,58059,,,1,100,,58060,,,1
5301,'5',704,,58079,,,1,15,,58072,,,1,15,,58095,,,1,13,,58077,,,1,57,,58088,,,1,17,,58080,,,1,15,,58089,,,1,13,,58104,,,1,55,,58083,,,1,15,,58106,,,1,15,,58113,,,1,69,,58074,,,1,30,,58105,,,1,70,,58075,,,1,30,,58102,,,1,70,,58110,,,1,30,,58094,,,1,70,,58090,,,1,30,,58117,,,1,70,,58100,,,1,30,,58114,,,1,17,,58112,,,1,69,,58109,,,1,35,,58087,,,1,53,,58118,,,1,15,,58082,,,1,15,,58115,,,1,15,,58092,,,1,54,,58096,,,1,15,,58116,,,1,15,,58081,,,1,15,,58086,,,1,55,,58099,,,1,42,,58085,,,1,70,,58103,,,1,30,,58078,,,1,69,,58111,,,1,30,,58073,,,1,70,,58076,,,1,30,,58093,,,1,70,,58084,,,1,100,,58091,,,1,97,,58107,,,1,100,,58108,,,1
5301,'6',704,,58127,,,1,15,,58120,,,1,15,,58143,,,1,13,,58125,,,1,57,,58136,,,1,17,,58128,,,1,15,,58137,,,1,13,,58152,,,1,55,,58131,,,1,15,,58154,,,1,15,,58161,,,1,69,,58122,,,1,30,,58153,,,1,70,,58123,,,1,30,,58150,,,1,70,,58158,,,1,30,,58142,,,1,70,,58138,,,1,30,,58165,,,1,70,,58148,,,1,30,,58162,,,1,17,,58160,,,1,69,,58157,,,1,35,,58135,,,1,53,,58166,,,1,15,,58130,,,1,15,,58163,,,1,15,,58140,,,1,54,,58144,,,1,15,,58164,,,1,15,,58129,,,1,15,,58134,,,1,55,,58147,,,1,42,,58133,,,1,70,,58151,,,1,30,,58126,,,1,69,,58159,,,1,30,,58121,,,1,70,,58124,,,1,30,,58141,,,1,70,,58132,,,1,100,,58139,,,1,97,,58155,,,1,100,,58156,,,1
5301,'7',704,,58188,,,1,15,,58208,,,1,15,,58178,,,1,13,,58204,,,1,57,,58207,,,1,17,,58175,,,1,15,,58176,,,1,13,,58201,,,1,55,,58214,,,1,15,,58187,,,1,15,,58177,,,1,69,,58182,,,1,30,,58181,,,1,70,,58183,,,1,30,,58211,,,1,70,,58202,,,1,30,,58189,,,1,70,,58170,,,1,30,,58216,,,1,70,,58179,,,1,30,,58192,,,1,17,,58173,,,1,72,,58194,,,1,15,,58196,,,1,15,,58205,,,1,55,,58206,,,1,15,,58212,,,1,15,,58184,,,1,14,,58203,,,1,55,,58186,,,1,15,,58197,,,1,15,,58169,,,1,15,,58185,,,1,55,,58180,,,1,15,,58167,,,1,27,,58200,,,1,70,,58193,,,1,30,,58210,,,1,69,,58195,,,1,30,,58190,,,1,70,,58213,,,1,30,,58174,,,1,70,,58198,,,1,100,,58215,,,1,97,,58209,,,1,100,,58172,,,1
5301,'8',704,,58238,,,1,15,,58258,,,1,15,,58228,,,1,13,,58254,,,1,57,,58257,,,1,17,,58225,,,1,15,,58226,,,1,13,,58251,,,1,55,,58264,,,1,15,,58237,,,1,15,,58227,,,1,69,,58232,,,1,30,,58231,,,1,70,,58233,,,1,30,,58261,,,1,70,,58252,,,1,30,,58239,,,1,70,,58220,,,1,30,,58266,,,1,70,,58229,,,1,30,,58242,,,1,17,,58223,,,1,72,,58244,,,1,15,,58246,,,1,15,,58255,,,1,55,,58256,,,1,15,,58262,,,1,15,,58234,,,1,14,,58253,,,1,55,,58236,,,1,15,,58247,,,1,15,,58219,,,1,15,,58235,,,1,55,,58230,,,1,15,,58217,,,1,27,,58250,,,1,70,,58243,,,1,30,,58260,,,1,69,,58245,,,1,30,,58240,,,1,70,,58263,,,1,30,,58224,,,1,70,,58248,,,1,100,,58265,,,1,97,,58259,,,1,100,,58222,,,1
5301,'9',704,,58288,,,1,15,,58308,,,1,15,,58278,,,1,13,,58304,,,1,57,,58307,,,1,17,,58275,,,1,15,,58276,,,1,13,,58301,,,1,55,,58314,,,1,15,,58287,,,1,15,,58277,,,1,69,,58282,,,1,30,,58281,,,1,70,,58283,,,1,30,,58311,,,1,70,,58302,,,1,30,,58289,,,1,70,,58270,,,1,30,,58316,,,1,70,,58279,,,1,30,,58292,,,1,17,,58273,,,1,72,,58294,,,1,15,,58296,,,1,15,,58305,,,1,55,,58306,,,1,15,,58312,,,1,15,,58284,,,1,14,,58303,,,1,55,,58286,,,1,15,,58297,,,1,15,,58269,,,1,15,,58285,,,1,55,,58280,,,1,15,,58267,,,1,27,,58300,,,1,70,,58293,,,1,30,,58310,,,1,69,,58295,,,1,30,,58290,,,1,70,,58313,,,1,30,,58274,,,1,70,,58298,,,1,100,,58315,,,1,97,,58309,,,1,100,,58272,,,1
8100,'1',601,,83215,,,1,30,,83220,,,1,70,,83187,,,1,28,,83191,,,1,27,,83208,,,1,75,,83194,,,1,72,,83210,,,1,28,,83201,,,1,70,,83205,,,1,30,,83195,,,1,70,,83213,,,1,30,,83202,,,1,70,,83206,,,1,30,,83219,,,1,70,,83199,,,1,30,,83203,,,1,71,,83196,,,1,30,,83211,,,1,70,,83207,,,1,34,,83218,,,1,73,,83193,,,1,97,,83198,,,1,30,,83188,,,1,68,,83192,,,1,30,,83212,,,1,67,,83186,,,1,29,,83214,,,1,70,,83216,,,1,30,,83189,,,1,70,,83197,,,1,30,,83204,,,1,70,,83200,,,1,30,,83190,,,1,100,,83209,,,1,85,,83217,,,1
8100,'10',601,,83235,,,1,30,,83244,,,1,70,,83245,,,1,28,,83231,,,1,72,,83224,,,1,32,,83238,,,1,69,,83239,,,1,29,,83241,,,1,70,,83236,,,1,30,,83243,,,1,70,,83230,,,1,30,,83229,,,1,70,,83253,,,1,30,,83233,,,1,70,,83249,,,1,30,,83247,,,1,71,,83237,,,1,30,,83227,,,1,70,,83228,,,1,34,,83250,,,1,71,,83254,,,1,30,,83222,,,1,69,,83255,,,1,30,,83223,,,1,68,,83225,,,1,30,,83242,,,1,67,,83221,,,1,29,,83251,,,1,70,,83256,,,1,30,,83232,,,1,70,,83240,,,1,30,,83234,,,1,70,,83252,,,1,30,,83246,,,1,100,,83248,,,1,85,,83226,,,1
8100,'11',601,,83286,,,1,30,,83291,,,1,70,,83258,,,1,28,,83262,,,1,27,,83279,,,1,75,,83265,,,1,72,,83281,,,1,28,,83272,,,1,70,,83276,,,1,30,,83266,,,1,70,,83284,,,1,30,,83273,,,1,70,,83277,,,1,30,,83290,,,1,70,,83270,,,1,30,,83274,,,1,71,,83267,,,1,30,,83282,,,1,70,,83278,,,1,34,,83289,,,1,73,,83264,,,1,97,,83269,,,1,30,,83259,,,1,68,,83263,,,1,30,,83283,,,1,67,,83257,,,1,29,,83285,,,1,70,,83287,,,1,30,,83260,,,1,70,,83268,,,1,30,,83275,,,1,70,,83271,,,1,30,,83261,,,1,100,,83280,,,1,85,,83288,,,1
8100,'12',601,,83296,,,1,30,,83300,,,1,70,,83304,,,1,29,,83295,,,1,29,,83307,,,1,74,,83309,,,1,70,,83324,,,1,28,,83292,,,1,70,,83320,,,1,30,,83310,,,1,70,,83317,,,1,30,,83316,,,1,70,,83314,,,1,30,,83318,,,1,70,,83294,,,1,30,,83305,,,1,71,,83325,,,1,30,,83297,,,1,70,,83293,,,1,34,,83308,,,1,71,,83302,,,1,30,,83322,,,1,69,,83306,,,1,30,,83313,,,1,68,,83323,,,1,30,,83301,,,1,67,,83319,,,1,29,,83311,,,1,70,,83298,,,1,30,,83321,,,1,70,,83326,,,1,30,,83312,,,1,70,,83315,,,1,30,,83299,,,1,100,,83303,,,1,85,,83327,,,1
8100,'13',742,,83329,,,1,70,,83349,,,1,30,,83352,,,1,70,,83338,,,1,30,,83353,,,1,70,,83345,,,1,32,,83347,,,1,70,,83344,,,1,30,,83340,,,1,70,,83348,,,1,30,,83330,,,1,70,,83339,,,1,30,,83350,,,1,70,,83346,,,1,30,,83336,,,1,70,,83341,,,1,30,,83331,,,1,70,,83351,,,1,30,,83342,,,1,70,,83328,,,1,30,,83332,,,1,70,,83333,,,1,30,,83354,,,1,100,,83335,,,1,100,,83334,,,1,98,,83337,,,1,100,,83343,,,1
8100,'14',742,,83356,,,1,70,,83376,,,1,30,,83379,,,1,70,,83365,,,1,30,,83380,,,1,70,,83372,,,1,32,,83374,,,1,70,,83371,,,1,30,,83367,,,1,70,,83375,,,1,30,,83357,,,1,70,,83366,,,1,30,,83377,,,1,70,,83373,,,1,30,,83363,,,1,70,,83368,,,1,30,,83358,,,1,70,,83378,,,1,30,,83369,,,1,70,,83355,,,1,30,,83359,,,1,70,,83360,,,1,30,,83381,,,1,100,,83362,,,1,100,,83361,,,1,98,,83364,,,1,100,,83370,,,1
8100,'15',601,,83396,,,1,30,,83405,,,1,70,,83406,,,1,28,,83392,,,1,72,,83385,,,1,32,,83399,,,1,69,,83400,,,1,29,,83402,,,1,70,,83397,,,1,30,,83404,,,1,70,,83391,,,1,30,,83390,,,1,70,,83414,,,1,30,,83394,,,1,70,,83410,,,1,30,,83408,,,1,71,,83398,,,1,30,,83388,,,1,70,,83389,,,1,34,,83411,,,1,71,,83415,,,1,30,,83383,,,1,69,,83416,,,1,30,,83384,,,1,68,,83386,,,1,30,,83403,,,1,67,,83382,,,1,29,,83412,,,1,70,,83417,,,1,30,,83393,,,1,70,,83401,,,1,30,,83395,,,1,70,,83413,,,1,30,,83407,,,1,100,,83409,,,1,85,,83387,,,1
8100,'16',601,,83447,,,1,30,,83452,,,1,70,,83419,,,1,28,,83423,,,1,27,,83440,,,1,75,,83426,,,1,72,,83442,,,1,28,,83433,,,1,70,,83437,,,1,30,,83427,,,1,70,,83445,,,1,30,,83434,,,1,70,,83438,,,1,30,,83451,,,1,70,,83431,,,1,30,,83435,,,1,71,,83428,,,1,30,,83443,,,1,70,,83439,,,1,34,,83450,,,1,73,,83425,,,1,97,,83430,,,1,30,,83420,,,1,68,,83424,,,1,30,,83444,,,1,67,,83418,,,1,29,,83446,,,1,70,,83448,,,1,30,,83421,,,1,70,,83429,,,1,30,,83436,,,1,70,,83432,,,1,30,,83422,,,1,100,,83441,,,1,85,,83449,,,1
8100,'17',742,,83454,,,1,70,,83474,,,1,30,,83477,,,1,70,,83463,,,1,30,,83478,,,1,70,,83470,,,1,32,,83472,,,1,70,,83469,,,1,30,,83465,,,1,70,,83473,,,1,30,,83455,,,1,70,,83464,,,1,30,,83475,,,1,70,,83471,,,1,30,,83461,,,1,70,,83466,,,1,30,,83456,,,1,70,,83476,,,1,30,,83467,,,1,70,,83453,,,1,30,,83457,,,1,70,,83458,,,1,30,,83479,,,1,100,,83460,,,1,100,,83459,,,1,98,,83462,,,1,100,,83468,,,1
8100,'18',745,,83492,,,1,70,,83486,,,1,30,,83497,,,1,70,,83507,,,1,30,,83501,,,1,70,,83508,,,1,32,,83484,,,1,70,,83489,,,1,30,,83503,,,1,70,,83480,,,1,30,,83490,,,1,70,,83500,,,1,30,,83491,,,1,70,,83495,,,1,30,,83493,,,1,70,,83502,,,1,30,,83488,,,1,70,,83496,,,1,30,,83506,,,1,70,,83481,,,1,30,,83504,,,1,70,,83494,,,1,30,,83483,,,1,70,,83485,,,1,30,,83487,,,1,100,,83482,,,1,98,,83499,,,1,100,,83498,,,1,100,,83505,,,1
8100,'19',745,,83521,,,1,70,,83515,,,1,30,,83526,,,1,70,,83536,,,1,30,,83530,,,1,70,,83537,,,1,32,,83513,,,1,70,,83518,,,1,30,,83532,,,1,70,,83509,,,1,30,,83519,,,1,70,,83529,,,1,30,,83520,,,1,70,,83524,,,1,30,,83522,,,1,70,,83531,,,1,30,,83517,,,1,70,,83525,,,1,30,,83535,,,1,70,,83510,,,1,30,,83533,,,1,70,,83523,,,1,30,,83512,,,1,70,,83514,,,1,30,,83516,,,1,100,,83511,,,1,98,,83528,,,1,100,,83527,,,1,100,,83534,,,1
8100,'2',742,,83539,,,1,70,,83559,,,1,30,,83562,,,1,70,,83548,,,1,30,,83563,,,1,70,,83555,,,1,32,,83557,,,1,70,,83554,,,1,30,,83550,,,1,70,,83558,,,1,30,,83540,,,1,70,,83549,,,1,30,,83560,,,1,70,,83556,,,1,30,,83546,,,1,70,,83551,,,1,30,,83541,,,1,70,,83561,,,1,30,,83552,,,1,70,,83538,,,1,30,,83542,,,1,70,,83543,,,1,30,,83564,,,1,100,,83545,,,1,100,,83544,,,1,98,,83547,,,1,100,,83553,,,1
8100,'20',601,,83594,,,1,30,,83599,,,1,70,,83566,,,1,28,,83570,,,1,27,,83587,,,1,75,,83573,,,1,72,,83589,,,1,28,,83580,,,1,70,,83584,,,1,30,,83574,,,1,70,,83592,,,1,30,,83581,,,1,70,,83585,,,1,30,,83598,,,1,70,,83578,,,1,30,,83582,,,1,71,,83575,,,1,30,,83590,,,1,70,,83586,,,1,34,,83597,,,1,73,,83572,,,1,97,,83577,,,1,30,,83567,,,1,68,,83571,,,1,30,,83591,,,1,67,,83565,,,1,29,,83593,,,1,70,,83595,,,1,30,,83568,,,1,70,,83576,,,1,30,,83583,,,1,70,,83579,,,1,30,,83569,,,1,100,,83588,,,1,85,,83596,,,1
8100,'3',601,,83629,,,1,30,,83634,,,1,70,,83601,,,1,28,,83605,,,1,27,,83622,,,1,75,,83608,,,1,72,,83624,,,1,28,,83615,,,1,70,,83619,,,1,30,,83609,,,1,70,,83627,,,1,30,,83616,,,1,70,,83620,,,1,30,,83633,,,1,70,,83613,,,1,30,,83617,,,1,71,,83610,,,1,30,,83625,,,1,70,,83621,,,1,34,,83632,,,1,73,,83607,,,1,97,,83612,,,1,30,,83602,,,1,68,,83606,,,1,30,,83626,,,1,67,,83600,,,1,29,,83628,,,1,70,,83630,,,1,30,,83603,,,1,70,,83611,,,1,30,,83618,,,1,70,,83614,,,1,30,,83604,,,1,100,,83623,,,1,85,,83631,,,1
8100,'4',601,,83664,,,1,30,,83669,,,1,70,,83636,,,1,28,,83640,,,1,27,,83657,,,1,75,,83643,,,1,72,,83659,,,1,28,,83650,,,1,70,,83654,,,1,30,,83644,,,1,70,,83662,,,1,30,,83651,,,1,70,,83655,,,1,30,,83668,,,1,70,,83648,,,1,30,,83652,,,1,71,,83645,,,1,30,,83660,,,1,70,,83656,,,1,34,,83667,,,1,73,,83642,,,1,97,,83647,,,1,30,,83637,,,1,68,,83641,,,1,30,,83661,,,1,67,,83635,,,1,29,,83663,,,1,70,,83665,,,1,30,,83638,,,1,70,,83646,,,1,30,,83653,,,1,70,,83649,,,1,30,,83639,,,1,100,,83658,,,1,85,,83666,,,1
8100,'5',601,,83699,,,1,30,,83704,,,1,70,,83671,,,1,28,,83675,,,1,27,,83692,,,1,75,,83678,,,1,72,,83694,,,1,28,,83685,,,1,70,,83689,,,1,30,,83679,,,1,70,,83697,,,1,30,,83686,,,1,70,,83690,,,1,30,,83703,,,1,70,,83683,,,1,30,,83687,,,1,71,,83680,,,1,30,,83695,,,1,70,,83691,,,1,34,,83702,,,1,73,,83677,,,1,97,,83682,,,1,30,,83672,,,1,68,,83676,,,1,30,,83696,,,1,67,,83670,,,1,29,,83698,,,1,70,,83700,,,1,30,,83673,,,1,70,,83681,,,1,30,,83688,,,1,70,,83684,,,1,30,,83674,,,1,100,,83693,,,1,85,,83701,,,1
8100,'6',601,,83734,,,1,30,,83739,,,1,70,,83706,,,1,28,,83710,,,1,27,,83727,,,1,75,,83713,,,1,72,,83729,,,1,28,,83720,,,1,70,,83724,,,1,30,,83714,,,1,70,,83732,,,1,30,,83721,,,1,70,,83725,,,1,30,,83738,,,1,70,,83718,,,1,30,,83722,,,1,71,,83715,,,1,30,,83730,,,1,70,,83726,,,1,34,,83737,,,1,73,,83712,,,1,97,,83717,,,1,30,,83707,,,1,68,,83711,,,1,30,,83731,,,1,67,,83705,,,1,29,,83733,,,1,70,,83735,,,1,30,,83708,,,1,70,,83716,,,1,30,,83723,,,1,70,,83719,,,1,30,,83709,,,1,100,,83728,,,1,85,,83736,,,1
8100,'7',601,,83754,,,1,30,,83763,,,1,70,,83764,,,1,28,,83750,,,1,72,,83743,,,1,32,,83757,,,1,69,,83758,,,1,29,,83760,,,1,70,,83755,,,1,30,,83762,,,1,70,,83749,,,1,30,,83748,,,1,70,,83772,,,1,30,,83752,,,1,70,,83768,,,1,30,,83766,,,1,71,,83756,,,1,30,,83746,,,1,70,,83747,,,1,34,,83769,,,1,71,,83773,,,1,30,,83741,,,1,69,,83774,,,1,30,,83742,,,1,68,,83744,,,1,30,,83761,,,1,67,,83740,,,1,29,,83770,,,1,70,,83775,,,1,30,,83751,,,1,70,,83759,,,1,30,,83753,,,1,70,,83771,,,1,30,,83765,,,1,100,,83767,,,1,85,,83745,,,1
8100,'8',601,,83790,,,1,30,,83799,,,1,70,,83800,,,1,28,,83786,,,1,72,,83779,,,1,32,,83793,,,1,69,,83794,,,1,29,,83796,,,1,70,,83791,,,1,30,,83798,,,1,70,,83785,,,1,30,,83784,,,1,70,,83808,,,1,30,,83788,,,1,70,,83804,,,1,30,,83802,,,1,71,,83792,,,1,30,,83782,,,1,70,,83783,,,1,34,,83805,,,1,71,,83809,,,1,30,,83777,,,1,69,,83810,,,1,30,,83778,,,1,68,,83780,,,1,30,,83797,,,1,67,,83776,,,1,29,,83806,,,1,70,,83811,,,1,30,,83787,,,1,70,,83795,,,1,30,,83789,,,1,70,,83807,,,1,30,,83801,,,1,100,,83803,,,1,85,,83781,,,1
8100,'9',601,,83826,,,1,30,,83835,,,1,70,,83836,,,1,28,,83822,,,1,72,,83815,,,1,32,,83829,,,1,69,,83830,,,1,29,,83832,,,1,70,,83827,,,1,30,,83834,,,1,70,,83821,,,1,30,,83820,,,1,70,,83844,,,1,30,,83824,,,1,70,,83840,,,1,30,,83838,,,1,71,,83828,,,1,30,,83818,,,1,70,,83819,,,1,34,,83841,,,1,71,,83845,,,1,30,,83813,,,1,69,,83846,,,1,30,,83814,,,1,68,,83816,,,1,30,,83833,,,1,67,,83812,,,1,29,,83842,,,1,70,,83847,,,1,30,,83823,,,1,70,,83831,,,1,30,,83825,,,1,70,,83843,,,1,30,,83837,,,1,100,,83839,,,1,85,,83817,,,1
