3100,'1',711,,228834,10,,,1,30,,171476,10,,,1,70,,228816,10,,,1,30,,228831,10,,,1,70,,228835,10,,,1,30,,228838,10,,,1,70,,131849,10,,,1,30,,228837,10,,,1,70,,228825,10,,,1,30,,228822,10,,,1,70,,228836,10,,,1,30,,228819,10,,,1,70,,228829,10,,,1,30,,228828,10,,,1,70,,132800,10,,,1,30,,130167,10,,,1,70,,228823,10,,,1,30,,140884,10,,,1,70,,185947,10,,,1,30,,228820,10,,,1,70,,228827,10,,,1,30,,228839,10,,,1,70,,228817,10,,,1,30,,140864,10,,,1,70,,228826,10,,,1,30,,228818,10,,,1,70,,139416,10,,,1,30,,15115,10,,,1,70,,228832,10,,,1,30,,228833,10,,,1,70,,228824,10,,,1,30,,228830,10,,,1,70,,228821,10,,,1
3100,'10',711,,228859,10,,,1,30,,228854,10,,,1,70,,13033,10,,,1,30,,228856,10,,,1,70,,228861,10,,,1,30,,228866,10,,,1,70,,228865,10,,,1,30,,228864,10,,,1,70,,180880,10,,,1,30,,228845,10,,,1,70,,228863,10,,,1,30,,228842,10,,,1,70,,228850,10,,,1,30,,195835,10,,,1,70,,228852,10,,,1,30,,228860,10,,,1,70,,228846,10,,,1,30,,228862,10,,,1,70,,228855,10,,,1,30,,95648,10,,,1,70,,228849,10,,,1,30,,228867,10,,,1,70,,228840,10,,,1,30,,228843,10,,,1,70,,228848,10,,,1,30,,134338,10,,,1,70,,228853,10,,,1,30,,228841,10,,,1,70,,228857,10,,,1,30,,228858,10,,,1,70,,228847,10,,,1,30,,228851,10,,,1,70,,228844,10,,,1
3100,'11',744,,37461,10,,,1,100,,228882,10,,,1,100,,228868,10,,,1,70,,228870,10,,,1,30,,228874,10,,,1,70,,162015,10,,,1,30,,38987,10,,,1,70,,142142,10,,,1,30,,187826,10,,,1,70,,228875,10,,,1,30,,228881,10,,,1,70,,228871,10,,,1,30,,228879,10,,,1,70,,228878,10,,,1,30,,228880,10,,,1,70,,228876,10,,,1,30,,228872,10,,,1,70,,228877,10,,,1,30,,136294,10,,,1,100,,131733,10,,,1,100,,161990,10,,,1,100,,136747,10,,,1,100,,228873,10,,,1,100,,228869,10,,,1
3100,'12',640,,228906,10,,,1,70,,228907,10,,,1,30,,228887,10,,,1,70,,228891,10,,,1,30,,228913,10,,,1,70,,228897,10,,,1,30,,228892,10,,,1,70,,228900,10,,,1,30,,7272,10,,,1,70,,228893,10,,,1,30,,228889,10,,,1,70,,228901,10,,,1,30,,228899,10,,,1,70,,228886,10,,,1,30,,228912,10,,,1,70,,228898,10,,,1,30,,142502,10,,,1,70,,228903,10,,,1,32,,228894,10,,,1,69,,228883,10,,,1,30,,228902,10,,,1,70,,196208,10,,,1,30,,228884,10,,,1,70,,228888,10,,,1,29,,228910,10,,,1,70,,228911,10,,,1,30,,228896,10,,,1,70,,228905,10,,,1,30,,228890,10,,,1,70,,228908,10,,,1,29,,228895,10,,,1,100,,228909,10,,,1
3100,'13',711,,228936,10,,,1,30,,228931,10,,,1,70,,228914,10,,,1,30,,228933,10,,,1,70,,228938,10,,,1,30,,97797,10,,,1,70,,228940,10,,,1,30,,150288,10,,,1,70,,228923,10,,,1,30,,202094,10,,,1,70,,141074,10,,,1,30,,228917,10,,,1,70,,228927,10,,,1,30,,228926,10,,,1,70,,228929,10,,,1,30,,228937,10,,,1,70,,228921,10,,,1,30,,228939,10,,,1,70,,228932,10,,,1,30,,228918,10,,,1,70,,228925,10,,,1,30,,153466,10,,,1,70,,128538,10,,,1,30,,228919,10,,,1,70,,228924,10,,,1,30,,228915,10,,,1,70,,228930,10,,,1,30,,228916,10,,,1,70,,228934,10,,,1,30,,228935,10,,,1,70,,228922,10,,,1,30,,228928,10,,,1,70,,228920,10,,,1
3100,'14',640,,152220,10,,,1,70,,197733,10,,,1,30,,228956,10,,,1,70,,228943,10,,,1,30,,129068,10,,,1,70,,228951,10,,,1,30,,228954,10,,,1,70,,228952,10,,,1,30,,228948,10,,,1,70,,194316,10,,,1,30,,191563,10,,,1,70,,228942,10,,,1,30,,228961,10,,,1,70,,228959,10,,,1,30,,228955,10,,,1,70,,228944,10,,,1,30,,228949,10,,,1,70,,228962,10,,,1,30,,142423,10,,,1,71,,228946,10,,,1,30,,228947,10,,,1,70,,228945,10,,,1,30,,228964,10,,,1,70,,228960,10,,,1,29,,147998,10,,,1,70,,228953,10,,,1,30,,228941,10,,,1,70,,228950,10,,,1,30,,228958,10,,,1,70,,228957,10,,,1,29,,202374,10,,,1,100,,228963,10,,,1
3100,'15',640,,228988,10,,,1,70,,228989,10,,,1,30,,228969,10,,,1,70,,228973,10,,,1,30,,228995,10,,,1,70,,228979,10,,,1,30,,228974,10,,,1,70,,228982,10,,,1,30,,7627,10,,,1,70,,228975,10,,,1,30,,228971,10,,,1,70,,228983,10,,,1,30,,228981,10,,,1,70,,228968,10,,,1,30,,228994,10,,,1,70,,228980,10,,,1,30,,142600,10,,,1,70,,228985,10,,,1,32,,228976,10,,,1,69,,228965,10,,,1,30,,228984,10,,,1,70,,196270,10,,,1,30,,228966,10,,,1,70,,228970,10,,,1,29,,228992,10,,,1,70,,228993,10,,,1,30,,228978,10,,,1,70,,228987,10,,,1,30,,228972,10,,,1,70,,228990,10,,,1,29,,228977,10,,,1,100,,228991,10,,,1
3100,'16',744,,229003,10,,,1,100,,167185,10,,,1,100,,228996,10,,,1,70,,228998,10,,,1,30,,188337,10,,,1,70,,229013,10,,,1,30,,228997,10,,,1,70,,229004,10,,,1,30,,229008,10,,,1,70,,229005,10,,,1,30,,229012,10,,,1,70,,229000,10,,,1,30,,229009,10,,,1,70,,44198,10,,,1,30,,229011,10,,,1,70,,229006,10,,,1,30,,229001,10,,,1,70,,180768,10,,,1,30,,229007,10,,,1,100,,229010,10,,,1,100,,229002,10,,,1,100,,228999,10,,,1,100,,144617,10,,,1,100,,154017,10,,,1
3100,'17',640,,152141,10,,,1,70,,34386,10,,,1,30,,229029,10,,,1,70,,229016,10,,,1,30,,128994,10,,,1,70,,229024,10,,,1,30,,229027,10,,,1,70,,229025,10,,,1,30,,229021,10,,,1,70,,194236,10,,,1,30,,191487,10,,,1,70,,229015,10,,,1,30,,229034,10,,,1,70,,229032,10,,,1,30,,229028,10,,,1,70,,229017,10,,,1,30,,229022,10,,,1,70,,229035,10,,,1,30,,142381,10,,,1,71,,229019,10,,,1,30,,229020,10,,,1,70,,229018,10,,,1,30,,229037,10,,,1,70,,229033,10,,,1,29,,95873,10,,,1,70,,229026,10,,,1,30,,229014,10,,,1,70,,229023,10,,,1,30,,229031,10,,,1,70,,229030,10,,,1,29,,40559,10,,,1,100,,229036,10,,,1
3100,'18',640,,152337,10,,,1,70,,197788,10,,,1,30,,229053,10,,,1,70,,229040,10,,,1,30,,78574,10,,,1,70,,229048,10,,,1,30,,229051,10,,,1,70,,229049,10,,,1,30,,229045,10,,,1,70,,194423,10,,,1,30,,191639,10,,,1,70,,229039,10,,,1,30,,229058,10,,,1,70,,229056,10,,,1,30,,229052,10,,,1,70,,229041,10,,,1,30,,229046,10,,,1,70,,229059,10,,,1,30,,142471,10,,,1,71,,229043,10,,,1,30,,229044,10,,,1,70,,229042,10,,,1,30,,229061,10,,,1,70,,229057,10,,,1,29,,148130,10,,,1,70,,229050,10,,,1,30,,229038,10,,,1,70,,229047,10,,,1,30,,229055,10,,,1,70,,229054,10,,,1,29,,202437,10,,,1,100,,229060,10,,,1
3100,'2',640,,229065,10,,,1,70,,229080,10,,,1,30,,229075,10,,,1,70,,229064,10,,,1,30,,229084,10,,,1,70,,76303,10,,,1,30,,229073,10,,,1,70,,229069,10,,,1,30,,229068,10,,,1,70,,229074,10,,,1,30,,229081,10,,,1,70,,229063,10,,,1,30,,181275,10,,,1,70,,229077,10,,,1,30,,198511,10,,,1,70,,124075,10,,,1,30,,159614,10,,,1,70,,229082,10,,,1,30,,229079,10,,,1,71,,125897,10,,,1,30,,229067,10,,,1,70,,229066,10,,,1,30,,229083,10,,,1,70,,229078,10,,,1,29,,229072,10,,,1,70,,229071,10,,,1,30,,229062,10,,,1,70,,36720,10,,,1,30,,229076,10,,,1,70,,195968,10,,,1,29,,229070,10,,,1,100,,176103,10,,,1
3100,'3',640,,156642,10,,,1,70,,229103,10,,,1,30,,193100,10,,,1,70,,229092,10,,,1,30,,160007,10,,,1,70,,229098,10,,,1,30,,229093,10,,,1,70,,229099,10,,,1,30,,229086,10,,,1,70,,229094,10,,,1,30,,229090,10,,,1,70,,229100,10,,,1,30,,150064,10,,,1,70,,229088,10,,,1,30,,130539,10,,,1,70,,153340,10,,,1,30,,229087,10,,,1,70,,21463,10,,,1,32,,229095,10,,,1,69,,229085,10,,,1,30,,229101,10,,,1,70,,229097,10,,,1,30,,172960,10,,,1,70,,229089,10,,,1,29,,229105,10,,,1,70,,141966,10,,,1,30,,44666,10,,,1,70,,229102,10,,,1,30,,229091,10,,,1,70,,57057,10,,,1,29,,229096,10,,,1,100,,229104,10,,,1
3100,'4',640,,229129,10,,,1,70,,229130,10,,,1,30,,229110,10,,,1,70,,229114,10,,,1,30,,229136,10,,,1,70,,229120,10,,,1,30,,229115,10,,,1,70,,229123,10,,,1,30,,7591,10,,,1,70,,229116,10,,,1,30,,229112,10,,,1,70,,229124,10,,,1,30,,229122,10,,,1,70,,229109,10,,,1,30,,229135,10,,,1,70,,229121,10,,,1,30,,142657,10,,,1,70,,229126,10,,,1,32,,229117,10,,,1,69,,229106,10,,,1,30,,229125,10,,,1,70,,196307,10,,,1,30,,229107,10,,,1,70,,229111,10,,,1,29,,229133,10,,,1,70,,229134,10,,,1,30,,229119,10,,,1,70,,229128,10,,,1,30,,229113,10,,,1,70,,229131,10,,,1,29,,229118,10,,,1,100,,229132,10,,,1
3100,'5',640,,229160,10,,,1,70,,229161,10,,,1,30,,229141,10,,,1,70,,229145,10,,,1,30,,229167,10,,,1,70,,229151,10,,,1,30,,229146,10,,,1,70,,229154,10,,,1,30,,7236,10,,,1,70,,229147,10,,,1,30,,229143,10,,,1,70,,229155,10,,,1,30,,229153,10,,,1,70,,229140,10,,,1,30,,229166,10,,,1,70,,229152,10,,,1,30,,142294,10,,,1,70,,229157,10,,,1,32,,229148,10,,,1,69,,229137,10,,,1,30,,229156,10,,,1,70,,196063,10,,,1,30,,229138,10,,,1,70,,229142,10,,,1,29,,229164,10,,,1,70,,229165,10,,,1,30,,229150,10,,,1,70,,229159,10,,,1,30,,229144,10,,,1,70,,229162,10,,,1,29,,229149,10,,,1,100,,229163,10,,,1
3100,'6',744,,229178,10,,,1,100,,229190,10,,,1,100,,229168,10,,,1,70,,229171,10,,,1,30,,229176,10,,,1,70,,229189,10,,,1,30,,229170,10,,,1,70,,229179,10,,,1,30,,229185,10,,,1,70,,229180,10,,,1,30,,229188,10,,,1,70,,229173,10,,,1,30,,229186,10,,,1,70,,229183,10,,,1,30,,142700,10,,,1,70,,229181,10,,,1,30,,229174,10,,,1,70,,229182,10,,,1,30,,229184,10,,,1,100,,229187,10,,,1,100,,229177,10,,,1,100,,229172,10,,,1,100,,229175,10,,,1,100,,229169,10,,,1
3100,'7',640,,229194,10,,,1,70,,229214,10,,,1,30,,229208,10,,,1,70,,229193,10,,,1,30,,229219,10,,,1,70,,229200,10,,,1,30,,229205,10,,,1,70,,229201,10,,,1,30,,146396,10,,,1,70,,229207,10,,,1,30,,229215,10,,,1,70,,229192,10,,,1,30,,229216,10,,,1,70,,229211,10,,,1,30,,229206,10,,,1,70,,229195,10,,,1,30,,229198,10,,,1,70,,229217,10,,,1,30,,229213,10,,,1,71,,229196,10,,,1,30,,229197,10,,,1,70,,156428,10,,,1,30,,143798,10,,,1,70,,229212,10,,,1,29,,229204,10,,,1,70,,229203,10,,,1,30,,229191,10,,,1,70,,229199,10,,,1,30,,229210,10,,,1,70,,229209,10,,,1,29,,229202,10,,,1,100,,229218,10,,,1
3100,'8',640,,229228,10,,,1,70,,229245,10,,,1,30,,229239,10,,,1,70,,229242,10,,,1,30,,229231,10,,,1,70,,229246,10,,,1,30,,229244,10,,,1,70,,229237,10,,,1,30,,229226,10,,,1,70,,229251,10,,,1,30,,229230,10,,,1,70,,229222,10,,,1,30,,229236,10,,,1,70,,229250,10,,,1,30,,229220,10,,,1,70,,229233,10,,,1,30,,229234,10,,,1,70,,229229,10,,,1,31,,229224,10,,,1,72,,229247,10,,,1,28,,229243,10,,,1,70,,229223,10,,,1,30,,229225,10,,,1,70,,229238,10,,,1,29,,229241,10,,,1,70,,229240,10,,,1,30,,229227,10,,,1,70,,229248,10,,,1,30,,229249,10,,,1,70,,229221,10,,,1,29,,229232,10,,,1,100,,229235,10,,,1
3100,'9',640,,229275,10,,,1,70,,229276,10,,,1,30,,229256,10,,,1,70,,229260,10,,,1,30,,229282,10,,,1,70,,229266,10,,,1,30,,229261,10,,,1,70,,229269,10,,,1,30,,7415,10,,,1,70,,229262,10,,,1,30,,229258,10,,,1,70,,229270,10,,,1,30,,229268,10,,,1,70,,229255,10,,,1,30,,229281,10,,,1,70,,229267,10,,,1,30,,142477,10,,,1,70,,229272,10,,,1,32,,229263,10,,,1,69,,229252,10,,,1,30,,229271,10,,,1,70,,196192,10,,,1,30,,229253,10,,,1,70,,229257,10,,,1,29,,229279,10,,,1,70,,229280,10,,,1,30,,229265,10,,,1,70,,229274,10,,,1,30,,229259,10,,,1,70,,229277,10,,,1,29,,229264,10,,,1,100,,229278,10,,,1
3400,'1',707,,230910,33,,,1,100,,138855,33,,,1,30,,230908,33,,,1,70,,230912,33,,,1,30,,160887,33,,,1,70,,230919,33,,,1,30,,152695,33,,,1,70,,230902,33,,,1,30,,230917,33,,,1,70,,230911,33,,,1,30,,134801,33,,,1,70,,230906,33,,,1,30,,172045,33,,,1,70,,230901,33,,,1,30,,230904,33,,,1,70,,230918,33,,,1,30,,230916,33,,,1,70,,230914,33,,,1,30,,230909,33,,,1,70,,230905,33,,,1,30,,230921,33,,,1,70,,230915,33,,,1,30,,230907,33,,,1,70,,230920,33,,,1,30,,230903,33,,,1,75,,230913,33,,,1
3400,'10',707,,230934,33,,,1,100,,230939,33,,,1,30,,230932,33,,,1,70,,230937,33,,,1,30,,230925,33,,,1,70,,230943,33,,,1,30,,230923,33,,,1,70,,230924,33,,,1,30,,230942,33,,,1,70,,230935,33,,,1,30,,230936,33,,,1,70,,230929,33,,,1,30,,230931,33,,,1,70,,230922,33,,,1,30,,230927,33,,,1,70,,143838,33,,,1,30,,230941,33,,,1,70,,158039,33,,,1,30,,230933,33,,,1,70,,230928,33,,,1,30,,230944,33,,,1,70,,230940,33,,,1,30,,230930,33,,,1,70,,194986,33,,,1,30,,230926,33,,,1,75,,230938,33,,,1
3400,'11',757,,230950,33,,,1,100,,230954,33,,,1,96,,230951,33,,,1,70,,230945,33,,,1,30,,230946,33,,,1,70,,230953,33,,,1,30,,230949,33,,,1,70,,230957,33,,,1,30,,230961,33,,,1,70,,133387,33,,,1,30,,230955,33,,,1,70,,230956,33,,,1,30,,230962,33,,,1,70,,230958,33,,,1,82,,170742,33,,,1,18,,230948,33,,,1,30,,230960,33,,,1,70,,230963,33,,,1,30,,230952,33,,,1,70,,230959,33,,,1,83,,230947,33,,,1
3400,'12',550,,230982,36,,,1,75,,230986,33,,,1,32,,230988,33,,,1,71,,141213,33,,,1,30,,230977,33,,,1,48,,230985,36,0,23 24,1,22,,230966,33,,,1,28,,230976,33,,,1,70,,230968,33,,,1,28,,230973,33,,,1,69,,230981,33,,,1,31,,230964,33,,,1,70,,205778,33,,,1,30,,186470,33,,,1,70,,230980,33,,,1,31,,230979,33,,,1,70,,230967,33,,,1,30,,230969,33,,,1,70,,144388,33,,,1,30,,230971,33,,,1,73,,230975,33,,,1,30,,230978,33,,,1,70,,193768,33,,,1,28,,230989,33,,,1,70,,188841,33,,,1,29,,230984,33,,,1,70,,148268,33,,,1,30,,230965,33,,,1,70,,230987,33,,,1,30,,230974,33,,,1,70,,202819,33,,,1,30,,230972,33,,,1,70,,230983,33,,,1,30,,190664,33,,,1
3400,'13',707,,231000,33,,,1,100,,231003,33,,,1,30,,230998,33,,,1,70,,127461,33,,,1,30,,230992,33,,,1,70,,231007,33,,,1,30,,230990,33,,,1,70,,230991,33,,,1,30,,128579,33,,,1,70,,156868,33,,,1,30,,231001,33,,,1,70,,230995,33,,,1,30,,230997,33,,,1,70,,140694,33,,,1,30,,230993,33,,,1,70,,231006,33,,,1,30,,231005,33,,,1,70,,231004,33,,,1,30,,230999,33,,,1,70,,230994,33,,,1,30,,142547,33,,,1,70,,132566,33,,,1,30,,230996,33,,,1,70,,231008,33,,,1,30,,13601,33,,,1,75,,231002,33,,,1
3400,'14',550,,231018,36,,,1,75,,231026,33,,,1,32,,231023,33,,,1,71,,231027,33,,,1,30,,231013,33,,,1,70,,231031,33,,,1,28,,111234,33,,,1,70,,231011,33,,,1,28,,231012,33,,,1,69,,231028,33,,,1,31,,184261,33,,,1,70,,231015,33,,,1,30,,231009,33,,,1,70,,180064,33,,,1,31,,4121,33,,,1,70,,231020,33,,,1,30,,231024,33,,,1,70,,138508,33,,,1,30,,174438,33,,,1,73,,231022,33,,,1,30,,231017,33,,,1,70,,231019,33,,,1,28,,231014,33,,,1,70,,32834,33,,,1,29,,231010,33,,,1,70,,147353,33,,,1,30,,231029,33,,,1,70,,231016,33,,,1,30,,231032,33,,,1,70,,231025,33,,,1,30,,231021,33,,,1,70,,143401,33,,,1,30,,231030,33,,,1
3400,'15',550,,231051,36,,,1,75,,231055,33,,,1,32,,231057,33,,,1,71,,141249,33,,,1,30,,231046,33,,,1,48,,231054,36,0,23 24,1,22,,231035,33,,,1,28,,231045,33,,,1,70,,231037,33,,,1,28,,231042,33,,,1,69,,231050,33,,,1,31,,231033,33,,,1,70,,205780,33,,,1,30,,186641,33,,,1,70,,231049,33,,,1,31,,231048,33,,,1,70,,231036,33,,,1,30,,231038,33,,,1,70,,144491,33,,,1,30,,231040,33,,,1,73,,231044,33,,,1,30,,231047,33,,,1,70,,193961,33,,,1,28,,231058,33,,,1,70,,188858,33,,,1,29,,231053,33,,,1,70,,148524,33,,,1,30,,231034,33,,,1,70,,231056,33,,,1,30,,231043,33,,,1,70,,202876,33,,,1,30,,231041,33,,,1,70,,231052,33,,,1,30,,190780,33,,,1
3400,'16',757,,231065,33,,,1,100,,231069,33,,,1,96,,231066,33,,,1,70,,231060,33,,,1,30,,231061,33,,,1,70,,231068,33,,,1,30,,231064,33,,,1,70,,231072,33,,,1,30,,231076,33,,,1,70,,231059,33,,,1,30,,180761,33,,,1,70,,231071,33,,,1,30,,231077,33,,,1,70,,231073,33,,,1,82,,231070,33,,,1,18,,231063,33,,,1,30,,231075,33,,,1,70,,231078,33,,,1,30,,231067,33,,,1,70,,231074,33,,,1,83,,231062,33,,,1
3400,'17',550,,231088,36,,,1,75,,231096,33,,,1,32,,231093,33,,,1,71,,231097,33,,,1,30,,231083,33,,,1,70,,231101,33,,,1,28,,130414,33,,,1,70,,231081,33,,,1,28,,231082,33,,,1,69,,231098,33,,,1,31,,184149,33,,,1,70,,231085,33,,,1,30,,231079,33,,,1,70,,45338,33,,,1,31,,148926,33,,,1,70,,231090,33,,,1,30,,231094,33,,,1,70,,138451,33,,,1,30,,95839,33,,,1,73,,231092,33,,,1,30,,231087,33,,,1,70,,231089,33,,,1,28,,231084,33,,,1,70,,145518,33,,,1,29,,231080,33,,,1,70,,147311,33,,,1,30,,231099,33,,,1,70,,231086,33,,,1,30,,231102,33,,,1,70,,231095,33,,,1,30,,231091,33,,,1,70,,143354,33,,,1,30,,231100,33,,,1
3400,'18',550,,231112,36,,,1,75,,231120,33,,,1,32,,231117,33,,,1,71,,231121,33,,,1,30,,231107,33,,,1,70,,231125,33,,,1,28,,130606,33,,,1,70,,231105,33,,,1,28,,231106,33,,,1,69,,231122,33,,,1,31,,184418,33,,,1,70,,231109,33,,,1,30,,231103,33,,,1,70,,180180,33,,,1,31,,149172,33,,,1,70,,231114,33,,,1,30,,231118,33,,,1,70,,138575,33,,,1,30,,174580,33,,,1,73,,231116,33,,,1,30,,231111,33,,,1,70,,231113,33,,,1,28,,231108,33,,,1,70,,145611,33,,,1,29,,231104,33,,,1,70,,147407,33,,,1,30,,231123,33,,,1,70,,231110,33,,,1,30,,231126,33,,,1,70,,231119,33,,,1,30,,231115,33,,,1,70,,143451,33,,,1,30,,231124,33,,,1
3400,'2',550,,231142,36,,,1,75,,231150,33,,,1,32,,231147,33,,,1,71,,231151,33,,,1,30,,231134,33,,,1,70,,231156,33,,,1,28,,231157,33,,,1,70,,231132,33,,,1,28,,231133,33,,,1,69,,231153,33,,,1,31,,231152,33,,,1,70,,231137,33,,,1,30,,231127,33,,,1,70,,231139,33,,,1,31,,231128,33,,,1,70,,231144,33,,,1,30,,231148,33,,,1,70,,231130,33,,,1,30,,231129,33,,,1,73,,231146,33,,,1,30,,231141,33,,,1,70,,231143,33,,,1,28,,231135,33,,,1,70,,231136,33,,,1,29,,66586,33,,,1,70,,231138,33,,,1,30,,231154,33,,,1,70,,231140,33,,,1,30,,176104,33,,,1,70,,231149,33,,,1,30,,231145,33,,,1,70,,231131,33,,,1,30,,231155,33,,,1
3400,'3',550,,231174,36,,,1,75,,16459,33,,,1,32,,231184,33,,,1,71,,231183,33,,,1,30,,231171,33,,,1,48,,231180,36,0,23 24,1,22,,231160,33,,,1,28,,231170,33,,,1,70,,193573,33,,,1,28,,171757,33,,,1,69,,231173,33,,,1,31,,231158,33,,,1,70,,231177,33,,,1,30,,231162,33,,,1,70,,171766,33,,,1,31,,21464,33,,,1,70,,142853,33,,,1,30,,231163,33,,,1,70,,231161,33,,,1,30,,231165,33,,,1,73,,231169,33,,,1,30,,231172,33,,,1,70,,231176,33,,,1,28,,231185,33,,,1,70,,231159,33,,,1,29,,231179,33,,,1,70,,231181,33,,,1,30,,143423,33,,,1,70,,231182,33,,,1,30,,231168,33,,,1,70,,231166,33,,,1,30,,231167,33,,,1,70,,231178,33,,,1,30,,231175,33,,,1
3400,'4',550,,231204,36,,,1,75,,231208,33,,,1,32,,231210,33,,,1,71,,141262,33,,,1,30,,231199,33,,,1,48,,231207,36,0,23 24,1,22,,231188,33,,,1,28,,231198,33,,,1,70,,231190,33,,,1,28,,231195,33,,,1,69,,231203,33,,,1,31,,231186,33,,,1,70,,205781,33,,,1,30,,186711,33,,,1,70,,231202,33,,,1,31,,231201,33,,,1,70,,231189,33,,,1,30,,231191,33,,,1,70,,144542,33,,,1,30,,231193,33,,,1,73,,231197,33,,,1,30,,231200,33,,,1,70,,194048,33,,,1,28,,231211,33,,,1,70,,188864,33,,,1,29,,231206,33,,,1,70,,148662,33,,,1,30,,231187,33,,,1,70,,231209,33,,,1,30,,231196,33,,,1,70,,202903,33,,,1,30,,231194,33,,,1,70,,231205,33,,,1,30,,190838,33,,,1
3400,'5',550,,231230,36,,,1,75,,231234,33,,,1,32,,231236,33,,,1,71,,141140,33,,,1,30,,231225,33,,,1,48,,231233,36,0,23 24,1,22,,231214,33,,,1,28,,231224,33,,,1,70,,231216,33,,,1,28,,231221,33,,,1,69,,231229,33,,,1,31,,231212,33,,,1,70,,205776,33,,,1,30,,186083,33,,,1,70,,231228,33,,,1,31,,231227,33,,,1,70,,231215,33,,,1,30,,231217,33,,,1,70,,144176,33,,,1,30,,231219,33,,,1,73,,231223,33,,,1,30,,231226,33,,,1,70,,193356,33,,,1,28,,231237,33,,,1,70,,188802,33,,,1,29,,231232,33,,,1,70,,147699,33,,,1,30,,231213,33,,,1,70,,231235,33,,,1,30,,231222,33,,,1,70,,202683,33,,,1,30,,231220,33,,,1,70,,231231,33,,,1,30,,190428,33,,,1
3400,'6',757,,231242,33,,,1,100,,231246,33,,,1,96,,231243,33,,,1,70,,231239,33,,,1,30,,157166,33,,,1,70,,231245,33,,,1,30,,144570,33,,,1,70,,162694,33,,,1,30,,231253,33,,,1,70,,231238,33,,,1,30,,231248,33,,,1,70,,231249,33,,,1,30,,231254,33,,,1,70,,231250,33,,,1,82,,231247,33,,,1,18,,231241,33,,,1,30,,231252,33,,,1,70,,231255,33,,,1,30,,231244,33,,,1,70,,231251,33,,,1,83,,231240,33,,,1
3400,'7',550,,231271,36,,,1,75,,231278,33,,,1,32,,231275,33,,,1,71,,231279,33,,,1,30,,231263,33,,,1,70,,231283,33,,,1,28,,231284,33,,,1,70,,231261,33,,,1,28,,231262,33,,,1,69,,231281,33,,,1,31,,231280,33,,,1,70,,231266,33,,,1,30,,184063,33,,,1,70,,231268,33,,,1,31,,231256,33,,,1,70,,231273,33,,,1,30,,231276,33,,,1,70,,231258,33,,,1,30,,231257,33,,,1,73,,161649,33,,,1,30,,231270,33,,,1,70,,231272,33,,,1,28,,231264,33,,,1,70,,231265,33,,,1,29,,231260,33,,,1,70,,231267,33,,,1,30,,231282,33,,,1,70,,231269,33,,,1,30,,231285,33,,,1,70,,231277,33,,,1,30,,231274,33,,,1,70,,231259,33,,,1,30,,163765,33,,,1
3400,'8',550,,231311,36,,,1,75,,231307,33,,,1,32,,231291,33,,,1,71,,231289,33,,,1,30,,231303,33,,,1,70,,231290,33,,,1,28,,231308,33,,,1,70,,231318,33,,,1,28,,231301,33,,,1,69,,231294,33,,,1,31,,231315,33,,,1,70,,231299,33,,,1,30,,231309,33,,,1,70,,231297,33,,,1,31,,231306,33,,,1,70,,231314,33,,,1,30,,231288,33,,,1,70,,231304,33,,,1,30,,231313,33,,,1,73,,231286,33,,,1,30,,231312,33,,,1,70,,231300,33,,,1,28,,231292,33,,,1,70,,231316,33,,,1,29,,231302,33,,,1,70,,231287,33,,,1,30,,231296,33,,,1,70,,231317,33,,,1,30,,231293,33,,,1,70,,231310,33,,,1,30,,231295,33,,,1,70,,231298,33,,,1,30,,231305,33,,,1
3400,'9',550,,231337,36,,,1,75,,231341,33,,,1,32,,231343,33,,,1,71,,141200,33,,,1,30,,231332,33,,,1,48,,231340,36,0,23 24,1,22,,231321,33,,,1,28,,231331,33,,,1,70,,231323,33,,,1,28,,231328,33,,,1,69,,231336,33,,,1,31,,231319,33,,,1,70,,205777,33,,,1,30,,186427,33,,,1,70,,231335,33,,,1,31,,231334,33,,,1,70,,231322,33,,,1,30,,231324,33,,,1,70,,144360,33,,,1,30,,231326,33,,,1,73,,231330,33,,,1,30,,231333,33,,,1,70,,193714,33,,,1,28,,231344,33,,,1,70,,188835,33,,,1,29,,231339,33,,,1,70,,148203,33,,,1,30,,231320,33,,,1,70,,231342,33,,,1,30,,231329,33,,,1,70,,202802,33,,,1,30,,231327,33,,,1,70,,231338,33,,,1,30,,190634,33,,,1
