5101,'1',857,,53982,25,,,1,70,,53989,25,,,1,31,,53995,25,,,1,70,,53987,25,,,1,30,,53991,25,,,1,70,,53976,25,,,1,30,,53969,25,,,1,70,,53981,25,,,1,30,,53993,25,,,1,70,,53971,25,,,1,30,,53994,25,,,1,70,,53972,25,,,1,30,,53985,25,,,1,70,,53988,25,,,1,30,,53973,25,,,1,70,,53990,25,,,1,30,,53978,25,,,1,70,,53974,25,,,1,30,,53983,25,,,1,70,,53986,25,,,1,30,,53970,25,,,1,70,,53992,25,,,1,29,,53977,25,,,1,70,,53979,25,0,79,1,30,,53980,25,,,1,100,,53975,25,,,1,99,,53968,25,0,79,1,100,,53984,25,,,1
5101,'10',702,,54011,25,,,1,30,,54009,25,,,1,105,,54004,25,,,1,11,,54022,25,,,1,59,,54024,25,,,1,25,,54018,25,,,1,70,,53998,25,,,1,30,,54005,25,,,1,70,,54016,25,,,1,31,,54013,25,,,1,70,,54025,25,,,1,30,,54010,25,,,1,70,,54020,25,,,1,30,,54000,25,,,1,70,,53996,25,,,1,30,,54014,25,,,1,68,,54019,25,,,1,10,,54003,4,0,56 57,1,22,,54026,25,,,1,70,,54021,25,,,1,32,,53999,25,,,1,70,,54028,25,,,1,30,,54006,25,,,1,70,,54015,25,,,1,29,,54007,25,,,1,68,,54017,25,,,1,29,,53997,25,,,1,70,,54008,25,,,1,29,,54023,25,,,1,70,,54001,25,,,1,30,,54002,25,,,1,29,,54012,25,,,1,100,,54027,25,,,1
5101,'11',702,,54044,25,,,1,30,,54042,25,,,1,105,,54037,25,,,1,11,,54055,25,,,1,59,,54057,25,,,1,25,,54051,25,,,1,70,,54031,25,,,1,30,,54038,25,,,1,70,,54049,25,,,1,31,,54046,25,,,1,70,,54058,25,,,1,30,,54043,25,,,1,70,,54053,25,,,1,30,,54033,25,,,1,70,,54029,25,,,1,30,,54047,25,,,1,68,,54052,25,,,1,10,,54036,4,0,56 57,1,22,,54059,25,,,1,70,,54054,25,,,1,32,,54032,25,,,1,70,,54061,25,,,1,30,,54039,25,,,1,70,,54048,25,,,1,29,,54040,25,,,1,68,,54050,25,,,1,29,,54030,25,,,1,70,,54041,25,,,1,29,,54056,25,,,1,70,,54034,25,,,1,30,,54035,25,,,1,29,,54045,25,,,1,100,,54060,25,,,1
5101,'12',702,,54077,25,,,1,30,,54075,25,,,1,105,,54070,25,,,1,11,,54088,25,,,1,59,,54090,25,,,1,25,,54084,25,,,1,70,,54064,25,,,1,30,,54071,25,,,1,70,,54082,25,,,1,31,,54079,25,,,1,70,,54091,25,,,1,30,,54076,25,,,1,70,,54086,25,,,1,30,,54066,25,,,1,70,,54062,25,,,1,30,,54080,25,,,1,68,,54085,25,,,1,10,,54069,4,0,56 57,1,22,,54092,25,,,1,70,,54087,25,,,1,32,,54065,25,,,1,70,,54094,25,,,1,30,,54072,25,,,1,70,,54081,25,,,1,29,,54073,25,,,1,68,,54083,25,,,1,29,,54063,25,,,1,70,,54074,25,,,1,29,,54089,25,,,1,70,,54067,25,,,1,30,,54068,25,,,1,29,,54078,25,,,1,100,,54093,25,,,1
5101,'13',702,,54124,25,,,1,30,,54119,25,,,1,75,,54109,25,,,1,30,,54126,25,,,1,70,,54101,25,,,1,25,,54113,25,,,1,70,,54123,25,,,1,30,,54111,25,,,1,70,,54108,25,,,1,31,,54100,25,,,1,70,,54112,25,,,1,30,,54114,25,,,1,70,,54102,25,,,1,30,,54125,25,,,1,70,,54099,25,,,1,30,,54115,25,,,1,68,,54095,25,,,1,32,,54110,25,,,1,70,,54122,25,,,1,32,,54103,25,,,1,70,,54097,25,,,1,30,,54104,25,,,1,70,,54098,25,,,1,29,,54106,25,,,1,68,,54121,25,,,1,29,,54116,25,,,1,70,,54096,25,,,1,29,,54105,25,,,1,70,,54120,25,,,1,30,,54107,25,,,1,29,,54118,25,,,1,100,,54117,25,,,1
5101,'14',732,,54143,25,,,1,101,,54135,25,,,1,70,,54155,25,,,1,30,,54142,25,,,1,71,,54147,25,,,1,30,,54140,25,,,1,70,,54128,25,,,1,30,,54146,25,,,1,70,,54136,25,,,1,30,,54150,25,,,1,70,,54153,25,,,1,30,,54156,25,,,1,70,,54141,25,,,1,30,,54157,25,,,1,70,,54134,25,,,1,30,,54129,25,,,1,70,,54154,25,,,1,30,,54130,25,,,1,70,,54152,25,,,1,30,,54138,25,,,1,71,,54144,25,,,1,30,,54137,25,0,56 57,1,70,,54149,25,,,1,30,,54148,25,0,56 57,1,69,,54139,25,,,1,30,,54145,25,0,56 57,1,70,,54151,25,,,1,30,,54133,25,0,56 57,1,70,,54131,25,,,1,99,,54127,25,,,1,100,,54132,25,,,1
5101,'15',702,,54173,25,,,1,30,,54171,25,,,1,105,,54166,25,,,1,11,,54184,25,,,1,59,,54186,25,,,1,25,,54180,25,,,1,70,,54160,25,,,1,30,,54167,25,,,1,70,,54178,25,,,1,31,,54175,25,,,1,70,,54187,25,,,1,30,,54172,25,,,1,70,,54182,25,,,1,30,,54162,25,,,1,70,,54158,25,,,1,30,,54176,25,,,1,68,,54181,25,,,1,10,,54165,4,0,56 57,1,22,,54188,25,,,1,70,,54183,25,,,1,32,,54161,25,,,1,70,,54190,25,,,1,30,,54168,25,,,1,70,,54177,25,,,1,29,,54169,25,,,1,68,,54179,25,,,1,29,,54159,25,,,1,70,,54170,25,,,1,29,,54185,25,,,1,70,,54163,25,,,1,30,,54164,25,,,1,29,,54174,25,,,1,100,,54189,25,,,1
5101,'16',702,,54206,25,,,1,30,,54204,25,,,1,105,,54199,25,,,1,11,,54217,25,,,1,59,,54219,25,,,1,25,,54213,25,,,1,70,,54193,25,,,1,30,,54200,25,,,1,70,,54211,25,,,1,31,,54208,25,,,1,70,,54220,25,,,1,30,,54205,25,,,1,70,,54215,25,,,1,30,,54195,25,,,1,70,,54191,25,,,1,30,,54209,25,,,1,68,,54214,25,,,1,10,,54198,4,0,56 57,1,22,,54221,25,,,1,70,,54216,25,,,1,32,,54194,25,,,1,70,,54223,25,,,1,30,,54201,25,,,1,70,,54210,25,,,1,29,,54202,25,,,1,68,,54212,25,,,1,29,,54192,25,,,1,70,,54203,25,,,1,29,,54218,25,,,1,70,,54196,25,,,1,30,,54197,25,,,1,29,,54207,25,,,1,100,,54222,25,,,1
5101,'17',702,,54253,25,,,1,30,,54248,25,,,1,75,,54238,25,,,1,30,,54255,25,,,1,70,,54230,25,,,1,25,,54242,25,,,1,70,,54252,25,,,1,30,,54240,25,,,1,70,,54237,25,,,1,31,,54229,25,,,1,70,,54241,25,,,1,30,,54243,25,,,1,70,,54231,25,,,1,30,,54254,25,,,1,70,,54228,25,,,1,30,,54244,25,,,1,68,,54224,25,,,1,32,,54239,25,,,1,70,,54251,25,,,1,32,,54232,25,,,1,70,,54226,25,,,1,30,,54233,25,,,1,70,,54227,25,,,1,29,,54235,25,,,1,68,,54250,25,,,1,29,,54245,25,,,1,70,,54225,25,,,1,29,,54234,25,,,1,70,,54249,25,,,1,30,,54236,25,,,1,29,,54247,25,,,1,100,,54246,25,,,1
5101,'18',702,,54268,25,,,1,30,,54275,25,,,1,74,,54270,25,,,1,31,,54276,25,,,1,70,,54277,25,,,1,25,,54271,25,,,1,70,,54274,25,,,1,30,,54284,25,,,1,70,,54265,25,,,1,31,,54262,25,,,1,70,,54256,25,,,1,30,,54282,25,,,1,70,,54258,25,,,1,30,,54281,25,,,1,70,,54278,25,,,1,30,,54257,25,,,1,68,,54286,25,,,1,32,,54261,25,,,1,70,,54264,25,,,1,33,,54263,25,,,1,69,,54287,25,,,1,30,,54259,25,,,1,70,,54267,25,,,1,29,,54269,25,,,1,68,,54280,25,,,1,29,,54266,25,,,1,70,,54283,25,,,1,29,,54272,25,,,1,70,,54279,25,,,1,30,,54285,25,,,1,29,,54273,25,,,1,100,,54260,25,,,1
5101,'19',702,,54317,25,,,1,30,,54312,25,,,1,75,,54302,25,,,1,30,,54319,25,,,1,70,,54294,25,,,1,25,,54306,25,,,1,70,,54316,25,,,1,30,,54304,25,,,1,70,,54301,25,,,1,31,,54293,25,,,1,70,,54305,25,,,1,30,,54307,25,,,1,70,,54295,25,,,1,30,,54318,25,,,1,70,,54292,25,,,1,30,,54308,25,,,1,68,,54288,25,,,1,32,,54303,25,,,1,70,,54315,25,,,1,32,,54296,25,,,1,70,,54290,25,,,1,30,,54297,25,,,1,70,,54291,25,,,1,29,,54299,25,,,1,68,,54314,25,,,1,29,,54309,25,,,1,70,,54289,25,,,1,29,,54298,25,,,1,70,,54313,25,,,1,30,,54300,25,,,1,29,,54311,25,,,1,100,,54310,25,,,1
5101,'2',857,,54334,25,,,1,70,,54341,25,,,1,31,,54347,25,,,1,70,,54339,25,,,1,30,,54343,25,,,1,70,,54328,25,,,1,30,,54321,25,,,1,70,,54333,25,,,1,30,,54345,25,,,1,70,,54323,25,,,1,30,,54346,25,,,1,70,,54324,25,,,1,30,,54337,25,,,1,70,,54340,25,,,1,30,,54325,25,,,1,70,,54342,25,,,1,30,,54330,25,,,1,70,,54326,25,,,1,30,,54335,25,,,1,70,,54338,25,,,1,30,,54322,25,,,1,70,,54344,25,,,1,29,,54329,25,,,1,70,,54331,25,0,79,1,30,,54332,25,,,1,100,,54327,25,,,1,99,,54320,25,0,79,1,100,,54336,25,,,1
5101,'3',702,,54363,25,,,1,30,,54361,25,,,1,105,,54356,25,,,1,11,,54374,25,,,1,59,,54376,25,,,1,25,,54370,25,,,1,70,,54350,25,,,1,30,,54357,25,,,1,70,,54368,25,,,1,31,,54365,25,,,1,70,,54377,25,,,1,30,,54362,25,,,1,70,,54372,25,,,1,30,,54352,25,,,1,70,,54348,25,,,1,30,,54366,25,,,1,68,,54371,25,,,1,10,,54355,4,0,56 57,1,22,,54378,25,,,1,70,,54373,25,,,1,32,,54351,25,,,1,70,,54380,25,,,1,30,,54358,25,,,1,70,,54367,25,,,1,29,,54359,25,,,1,68,,54369,25,,,1,29,,54349,25,,,1,70,,54360,25,,,1,29,,54375,25,,,1,70,,54353,25,,,1,30,,54354,25,,,1,29,,54364,25,,,1,100,,54379,25,,,1
5101,'4',702,,54396,25,,,1,30,,54394,25,,,1,105,,54389,25,,,1,11,,54407,25,,,1,59,,54409,25,,,1,25,,54403,25,,,1,70,,54383,25,,,1,30,,54390,25,,,1,70,,54401,25,,,1,31,,54398,25,,,1,70,,54410,25,,,1,30,,54395,25,,,1,70,,54405,25,,,1,30,,54385,25,,,1,70,,54381,25,,,1,30,,54399,25,,,1,68,,54404,25,,,1,10,,54388,4,0,56 57,1,22,,54411,25,,,1,70,,54406,25,,,1,32,,54384,25,,,1,70,,54413,25,,,1,30,,54391,25,,,1,70,,54400,25,,,1,29,,54392,25,,,1,68,,54402,25,,,1,29,,54382,25,,,1,70,,54393,25,,,1,29,,54408,25,,,1,70,,54386,25,,,1,30,,54387,25,,,1,29,,54397,25,,,1,100,,54412,25,,,1
5101,'5',702,,54443,25,,,1,30,,54438,25,,,1,75,,54428,25,,,1,30,,54445,25,,,1,70,,54420,25,,,1,25,,54432,25,,,1,70,,54442,25,,,1,30,,54430,25,,,1,70,,54427,25,,,1,31,,54419,25,,,1,70,,54431,25,,,1,30,,54433,25,,,1,70,,54421,25,,,1,30,,54444,25,,,1,70,,54418,25,,,1,30,,54434,25,,,1,68,,54414,25,,,1,32,,54429,25,,,1,70,,54441,25,,,1,32,,54422,25,,,1,70,,54416,25,,,1,30,,54423,25,,,1,70,,54417,25,,,1,29,,54425,25,,,1,68,,54440,25,,,1,29,,54435,25,,,1,70,,54415,25,,,1,29,,54424,25,,,1,70,,54439,25,,,1,30,,54426,25,,,1,29,,54437,25,,,1,100,,54436,25,,,1
5101,'6',702,,54461,25,,,1,30,,54459,25,,,1,105,,54454,25,,,1,11,,54472,25,,,1,59,,54474,25,,,1,25,,54468,25,,,1,70,,54448,25,,,1,30,,54455,25,,,1,70,,54466,25,,,1,31,,54463,25,,,1,70,,54475,25,,,1,30,,54460,25,,,1,70,,54470,25,,,1,30,,54450,25,,,1,70,,54446,25,,,1,30,,54464,25,,,1,68,,54469,25,,,1,10,,54453,4,0,56 57,1,22,,54476,25,,,1,70,,54471,25,,,1,32,,54449,25,,,1,70,,54478,25,,,1,30,,54456,25,,,1,70,,54465,25,,,1,29,,54457,25,,,1,68,,54467,25,,,1,29,,54447,25,,,1,70,,54458,25,,,1,29,,54473,25,,,1,70,,54451,25,,,1,30,,54452,25,,,1,29,,54462,25,,,1,100,,54477,25,,,1
5101,'7',702,,54508,25,,,1,30,,54503,25,,,1,75,,54493,25,,,1,30,,54510,25,,,1,70,,54485,25,,,1,25,,54497,25,,,1,70,,54507,25,,,1,30,,54495,25,,,1,70,,54492,25,,,1,31,,54484,25,,,1,70,,54496,25,,,1,30,,54498,25,,,1,70,,54486,25,,,1,30,,54509,25,,,1,70,,54483,25,,,1,30,,54499,25,,,1,68,,54479,25,,,1,32,,54494,25,,,1,70,,54506,25,,,1,32,,54487,25,,,1,70,,54481,25,,,1,30,,54488,25,,,1,70,,54482,25,,,1,29,,54490,25,,,1,68,,54505,25,,,1,29,,54500,25,,,1,70,,54480,25,,,1,29,,54489,25,,,1,70,,54504,25,,,1,30,,54491,25,,,1,29,,54502,25,,,1,100,,54501,25,,,1
5101,'8',732,,54527,25,,,1,101,,54519,25,,,1,70,,54539,25,,,1,30,,54526,25,,,1,71,,54531,25,,,1,30,,54524,25,,,1,70,,54512,25,,,1,30,,54530,25,,,1,70,,54520,25,,,1,30,,54534,25,,,1,70,,54537,25,,,1,30,,54540,25,,,1,70,,54525,25,,,1,30,,54541,25,,,1,70,,54518,25,,,1,30,,54513,25,,,1,70,,54538,25,,,1,30,,54514,25,,,1,70,,54536,25,,,1,30,,54522,25,,,1,71,,54528,25,,,1,30,,54521,25,0,56 57,1,70,,54533,25,,,1,30,,54532,25,0,56 57,1,69,,54523,25,,,1,30,,54529,25,0,56 57,1,70,,54535,25,,,1,30,,54517,25,0,56 57,1,70,,54515,25,,,1,99,,54511,25,,,1,100,,54516,25,,,1
5101,'9',857,,54556,25,,,1,70,,54563,25,,,1,31,,54569,25,,,1,70,,54561,25,,,1,30,,54565,25,,,1,70,,54550,25,,,1,30,,54543,25,,,1,70,,54555,25,,,1,30,,54567,25,,,1,70,,54545,25,,,1,30,,54568,25,,,1,70,,54546,25,,,1,30,,54559,25,,,1,70,,54562,25,,,1,30,,54547,25,,,1,70,,54564,25,,,1,30,,54552,25,,,1,70,,54548,25,,,1,30,,54557,25,,,1,70,,54560,25,,,1,30,,54544,25,,,1,70,,54566,25,,,1,29,,54551,25,,,1,70,,54553,25,0,79,1,30,,54554,25,,,1,100,,54549,25,,,1,99,,54542,25,0,79,1,100,,54558,25,,,1
