16501,'1',529,,371349,5,,,0,96,,371341,5,,,0,30,,371340,5,,,0,70,,371348,5,,,0,28,,371362,5,,,0,74,,371345,5,,,0,28,,371361,5,,,0,69,,371344,5,,,0,30,,371347,5,,,0,100,,371353,5,,,0,100,,371350,5,,,0,100,,371342,5,,,0,100,,371352,5,,,0,101,,371355,5,,,0,70,,371354,5,,,0,30,,371343,5,,,0,70,,371359,5,,,0,31,,371357,5,,,0,69,,371351,5,,,0,30,,371346,5,,,0,70,,371358,5,,,0,100,,371339,5,,,0,100,,371356,5,,,0,100,,211462,5,,,0,100,,371360,5,,,0
16501,'10',638,,371374,5,,,0,100,,279572,5,,,0,100,,371370,5,,,0,100,,371365,5,,,0,100,,371372,5,,,0,100,,371366,5,,,0,100,,371369,5,,,0,100,,371364,5,,,0,100,,277519,5,,,0,100,,371368,5,,,0,100,,371375,5,,,0,100,,371363,5,,,0,100,,371373,5,,,0,100,,371371,5,,,0,100,,250184,5,,,0,100,,371367,5,,,0
16501,'11',529,,371387,5,,,0,96,,371378,5,,,0,30,,371394,5,,,0,70,,371388,5,,,0,32,,263483,5,,,0,70,,231635,5,,,0,28,,120154,5,,,0,69,,371383,5,,,0,30,,371393,5,,,0,100,,371389,5,,,0,100,,371379,5,,,0,100,,371380,5,,,0,100,,371391,5,,,0,101,,371385,5,,,0,69,,371392,5,,,0,33,,371377,5,,,0,68,,263520,5,,,0,30,,371382,5,,,0,70,,371386,5,,,0,30,,179164,5,,,0,70,,371381,5,,,0,100,,371390,5,,,0,100,,371384,5,,,0,100,,371376,5,,,0,100,,224477,5,,,0
16501,'12',826,,371395,5,,,0,100,,371404,5,,,0,100,,371397,5,,,0,100,,371405,5,,,0,100,,371400,5,,,0,100,,371406,5,,,0,100,,371401,5,,,0,100,,371396,5,,,0,100,,371403,5,,,0,100,,371398,5,,,0,100,,371399,5,,,0,100,,371402,5,,,0
16501,'13',529,,371418,5,,,0,96,,371409,5,,,0,30,,371425,5,,,0,70,,371419,5,,,0,32,,263545,5,,,0,70,,231663,5,,,0,28,,120122,5,,,0,69,,371414,5,,,0,30,,371424,5,,,0,100,,371420,5,,,0,100,,371410,5,,,0,100,,371411,5,,,0,100,,371422,5,,,0,101,,371416,5,,,0,69,,371423,5,,,0,33,,371408,5,,,0,68,,263582,5,,,0,30,,371413,5,,,0,70,,371417,5,,,0,30,,178778,5,,,0,70,,371412,5,,,0,100,,371421,5,,,0,100,,371415,5,,,0,100,,371407,5,,,0,100,,224502,5,,,0
16501,'14',529,,371437,5,,,0,96,,371428,5,,,0,30,,371444,5,,,0,70,,371438,5,,,0,32,,263835,5,,,0,70,,231771,5,,,0,28,,120146,5,,,0,69,,371433,5,,,0,30,,371443,5,,,0,100,,371439,5,,,0,100,,371429,5,,,0,100,,371430,5,,,0,100,,371441,5,,,0,101,,371435,5,,,0,69,,371442,5,,,0,33,,371427,5,,,0,68,,263872,5,,,0,30,,371432,5,,,0,70,,371436,5,,,0,30,,178977,5,,,0,70,,371431,5,,,0,100,,371440,5,,,0,100,,371434,5,,,0,100,,371426,5,,,0,100,,224603,5,,,0
16501,'15',826,,371445,5,,,0,100,,371453,5,,,0,100,,260454,5,,,0,100,,371454,5,,,0,100,,371449,5,,,0,100,,371455,5,,,0,100,,371450,5,,,0,100,,371446,5,,,0,100,,371452,5,,,0,100,,371447,5,,,0,100,,371448,5,,,0,100,,371451,5,,,0
16501,'16',638,,371466,5,,,0,100,,371463,5,,,0,100,,194764,5,,,0,100,,371458,5,,,0,100,,371464,5,,,0,100,,371459,5,,,0,100,,186688,5,,,0,100,,371457,5,,,0,100,,371467,5,,,0,100,,371461,5,,,0,100,,371468,5,,,0,100,,255217,5,,,0,100,,371465,5,,,0,100,,371462,5,,,0,100,,371456,5,,,0,100,,371460,5,,,0
16501,'2',529,,371482,5,,,0,96,,371474,5,,,0,30,,371489,5,,,0,70,,139030,5,,,0,32,,371473,5,,,0,70,,371471,5,,,0,28,,371478,5,,,0,69,,371479,5,,,0,30,,371488,5,,,0,100,,371484,5,,,0,100,,371475,5,,,0,100,,371477,5,,,0,100,,371486,5,,,0,101,,371481,5,,,0,69,,371487,5,,,0,33,,371470,5,,,0,68,,371483,5,,,0,30,,293217,5,,,0,70,,238059,5,,,0,30,,371476,5,,,0,70,,215725,5,,,0,100,,371485,5,,,0,100,,371480,5,,,0,100,,371469,5,,,0,100,,371472,5,,,0
16501,'3',529,,266743,5,,,0,96,,371495,5,,,0,30,,132214,5,,,0,70,,371505,5,,,0,32,,371494,5,,,0,70,,371492,5,,,0,28,,371498,5,,,0,69,,237760,5,,,0,30,,230474,5,,,0,100,,371506,5,,,0,100,,371496,5,,,0,100,,276099,5,,,0,100,,371508,5,,,0,101,,371502,5,,,0,69,,371509,5,,,0,33,,371491,5,,,0,68,,371504,5,,,0,30,,371500,5,,,0,70,,371503,5,,,0,30,,371497,5,,,0,70,,371499,5,,,0,100,,371507,5,,,0,100,,371501,5,,,0,100,,371490,5,,,0,100,,371493,5,,,0
16501,'4',529,,371516,5,,,0,96,,371520,5,,,0,97,,371512,5,,,0,104,,137534,5,,,0,98,,371521,5,,,0,100,,371519,5,,,0,100,,371515,5,,,0,100,,371514,5,,,0,100,,371513,5,,,0,100,,270196,5,,,0,100,,278251,5,,,0,101,,371511,5,,,0,100,,371518,5,,,0,100,,258028,5,,,0,100,,246367,5,,,0,100,,371517,5,,,0,100,,284871,5,,,0,100,,371510,5,,,0
16501,'5',529,,266816,5,,,0,96,,371527,5,,,0,30,,222365,5,,,0,70,,371537,5,,,0,32,,371526,5,,,0,70,,371524,5,,,0,28,,371530,5,,,0,69,,237871,5,,,0,30,,150293,5,,,0,100,,371538,5,,,0,100,,371528,5,,,0,100,,276210,5,,,0,100,,371540,5,,,0,101,,371534,5,,,0,69,,371541,5,,,0,33,,371523,5,,,0,68,,371536,5,,,0,30,,371532,5,,,0,70,,371535,5,,,0,30,,371529,5,,,0,70,,371531,5,,,0,100,,371539,5,,,0,100,,371533,5,,,0,100,,371522,5,,,0,100,,371525,5,,,0
16501,'6',529,,371553,5,,,0,96,,371544,5,,,0,30,,371560,5,,,0,70,,371554,5,,,0,32,,263065,5,,,0,70,,231480,5,,,0,28,,120162,5,,,0,69,,371549,5,,,0,30,,371559,5,,,0,100,,371555,5,,,0,100,,371545,5,,,0,100,,371546,5,,,0,100,,371557,5,,,0,101,,371551,5,,,0,69,,371558,5,,,0,33,,371543,5,,,0,68,,263102,5,,,0,30,,371548,5,,,0,70,,371552,5,,,0,30,,179110,5,,,0,70,,371547,5,,,0,100,,371556,5,,,0,100,,371550,5,,,0,100,,371542,5,,,0,100,,224319,5,,,0
16501,'7',529,,371574,5,,,0,96,,371566,5,,,0,30,,371581,5,,,0,70,,139087,5,,,0,32,,371565,5,,,0,70,,371563,5,,,0,28,,371570,5,,,0,69,,371571,5,,,0,30,,371580,5,,,0,100,,371576,5,,,0,100,,371567,5,,,0,100,,371569,5,,,0,100,,371578,5,,,0,101,,371573,5,,,0,69,,371579,5,,,0,33,,371562,5,,,0,68,,371575,5,,,0,30,,293205,5,,,0,70,,237927,5,,,0,30,,371568,5,,,0,70,,215598,5,,,0,100,,371577,5,,,0,100,,371572,5,,,0,100,,371561,5,,,0,100,,371564,5,,,0
16501,'8',826,,371582,5,,,0,100,,371591,5,,,0,100,,371584,5,,,0,100,,371592,5,,,0,100,,371587,5,,,0,100,,371593,5,,,0,100,,371588,5,,,0,100,,371583,5,,,0,100,,371590,5,,,0,100,,371585,5,,,0,100,,371586,5,,,0,100,,371589,5,,,0
16501,'9',529,,371605,5,,,0,96,,371596,5,,,0,30,,371612,5,,,0,70,,371606,5,,,0,32,,262863,5,,,0,70,,231408,5,,,0,28,,120130,5,,,0,69,,371601,5,,,0,30,,371611,5,,,0,100,,371607,5,,,0,100,,371597,5,,,0,100,,371598,5,,,0,100,,371609,5,,,0,101,,371603,5,,,0,69,,371610,5,,,0,33,,371595,5,,,0,68,,262900,5,,,0,30,,371600,5,,,0,70,,371604,5,,,0,30,,179002,5,,,0,70,,371599,5,,,0,100,,371608,5,,,0,100,,371602,5,,,0,100,,371594,5,,,0,100,,224246,5,,,0
66400,'11',757,,377111,5,,,0,44,,377110,5,,,0,11,,377109,5,,,0
66400,'13',757,,377114,5,,,0,44,,377113,5,,,0,11,,377112,5,,,0
66400,'14',757,,377117,5,,,0,44,,377116,5,,,0,11,,377115,5,,,0
66400,'2',757,,240723,5,,,0,44,,126782,5,,,0,11,,377118,5,,,0
66400,'3',757,,377121,5,,,0,44,,377120,5,,,0,11,,377119,5,,,0
66400,'5',757,,377124,5,,,0,44,,377123,5,,,0,11,,377122,5,,,0
66400,'6',757,,377127,5,,,0,44,,377126,5,,,0,11,,377125,5,,,0
66400,'7',757,,240653,5,,,0,44,,109370,5,,,0,11,,377128,5,,,0
66400,'9',757,,377131,5,,,0,44,,377130,5,,,0,11,,377129,5,,,0
