11701,'12',1551,,196391,14,,,1,69,,286170,14,,,1,30,,286171,14,,,1,70,,286172,14,,,1,30,,286169,14,,,1
11701,'14',1550,,162887,14,,,1,70,,286174,14,,,1,30,,286175,14,,,1,70,,286173,14,,,1,30,,286176,14,,,1
11701,'15',1551,,196401,14,,,1,69,,286178,14,,,1,30,,286179,14,,,1,70,,286180,14,,,1,30,,286177,14,,,1
11701,'17',1550,,162829,14,,,1,70,,286182,14,,,1,30,,286183,14,,,1,70,,286181,14,,,1,30,,286184,14,,,1
11701,'18',1550,,162964,14,,,1,70,,286186,14,,,1,30,,286187,14,,,1,70,,286185,14,,,1,30,,286188,14,,,1
11701,'2',1550,,286190,14,,,1,70,,182546,14,,,1,30,,193855,14,,,1,70,,286189,14,,,1,30,,286191,14,,,1
11701,'3',1551,,286193,14,,,1,69,,199768,14,,,1,30,,286194,14,,,1,70,,286195,14,,,1,30,,286192,14,,,1
11701,'4',1551,,196403,14,,,1,69,,286197,14,,,1,30,,286198,14,,,1,70,,286199,14,,,1,30,,286196,14,,,1
11701,'5',1551,,196369,14,,,1,69,,286201,14,,,1,30,,286202,14,,,1,70,,286203,14,,,1,30,,286200,14,,,1
11701,'7',1550,,286206,14,,,1,70,,286205,14,,,1,30,,286207,14,,,1,70,,286204,14,,,1,30,,286208,14,,,1
11701,'8',1551,,286209,14,,,1,99,,286211,14,,,1,100,,286210,14,,,1
11701,'9',1551,,196389,14,,,1,69,,286213,14,,,1,30,,286214,14,,,1,70,,286215,14,,,1,30,,286212,14,,,1
67000,'12',722,,295583,6,,,1
67000,'15',722,,295584,6,,,1
67000,'3',722,,295585,6,,,1
67000,'4',722,,295586,6,,,1
67000,'5',722,,295587,6,,,1
67000,'9',722,,295588,6,,,1
68700,'12',717,,295998,6,,,1
68700,'15',717,,295999,6,,,1
68700,'3',717,,296000,6,,,1
68700,'4',717,,296001,6,,,1
68700,'5',717,,296002,6,,,1
68700,'9',717,,296003,6,,,1
