5100,'1',701,,246455,44,,,1,100,,246454,44,,,1,31,,246469,44,,,1,70,,246468,44,,,1,30,,246456,44,,,1,70,,246462,44,,,1,31,,246458,44,,,1,70,,126620,44,,,1,30,,246470,44,,,1,70,,246465,44,,,1,31,,60698,44,,,1,70,,246473,44,,,1,30,,246461,44,,,1,70,,185965,44,,,1,31,,246452,44,,,1,70,,246467,44,,,1,30,,246463,44,,,1,70,,246471,44,,,1,28,,189560,44,,,1,70,,246453,44,,,1,30,,246466,44,,,1,70,,246451,44,,,1,29,,246464,44,,,1,70,,246472,44,,,1,30,,246460,29,,,1,70,,166551,44,,,1,29,,246459,29,,,1,70,,246449,44,,,1,100,,246474,44,,,1,30,,246450,29,,,1,72,,246457,44,,,1
5100,'10',701,,246480,44,,,1,100,,151435,44,,,1,31,,246495,44,,,1,70,,246494,44,,,1,30,,246481,44,,,1,70,,246487,44,,,1,31,,246483,44,,,1,70,,246490,44,,,1,30,,246496,44,,,1,70,,246489,44,,,1,31,,246491,44,,,1,70,,246501,44,,,1,30,,246486,44,,,1,70,,246500,44,,,1,31,,246477,44,,,1,70,,246493,44,,,1,30,,246488,44,,,1,70,,246497,44,,,1,28,,246498,44,,,1,70,,246478,44,,,1,30,,246492,44,,,1,70,,246476,44,,,1,29,,147932,44,,,1,70,,246499,44,,,1,30,,246485,29,,,1,70,,246479,44,,,1,29,,246484,29,,,1,70,,246475,44,,,1,100,,246502,44,,,1,30,,165627,29,,,1,72,,246482,44,,,1
5100,'11',827,,246507,44,,,1,100,,246503,44,,,1,30,,153935,44,,,1,71,,161980,44,,,1,30,,246517,44,,,1,70,,246516,44,,,1,30,,246513,44,,,1,71,,246509,44,,,1,30,,246504,44,,,1,70,,154515,44,,,1,30,,145328,44,,,1,71,,246505,44,,,1,70,,246519,44,,,1,30,,246514,44,,,1,70,,246510,44,,,1,28,,246506,44,,,1,30,,246508,44,,,1,70,,127058,44,,,1,30,,183193,44,,,1,69,,246511,44,,,1,30,,133968,44,,,1,70,,246515,44,,,1,30,,246518,44,,,1,69,,170728,44,,,1,31,,246512,24,,,1,69,,246520,44,,,1,100,,157757,44,,,1,100,,202581,44,,,1
5100,'12',608,,246529,52,,,1,101,,246536,52,,,1,107,,246522,52,,,1,30,,159128,52,,,1,98,,246533,52,,,1,70,,246521,52,,,1,32,,246544,44,,,1,70,,246545,44,,,1,30,,159124,44,,,1,70,,246527,44,,,1,30,,246535,44,,,1,70,,246523,44,,,1,30,,246531,44,,,1,70,,246537,44,,,1,30,,246530,44,,,1,71,,29191,11,,,1,1,,246542,44,,,1,36,,159131,44,,,1,75,,246541,44,,,1,25,,246538,44,,,1,70,,246532,44,,,1,30,,246540,44,,,1,70,,246543,44,,,1,26,,204471,44,,,1,70,,181863,44,,,1,22,,246528,44,,,1,69,,58941,44,,,1,28,,246525,44,,,1,69,,246534,44,,,1,30,,246524,44,,,1,70,,159135,44,,,1,30,,246539,44,,,1
5100,'13',701,,171324,44,,,1,100,,246550,44,,,1,31,,246559,44,,,1,70,,163081,44,,,1,30,,3042,44,,,1,70,,164650,44,,,1,31,,28069,44,,,1,70,,246556,44,,,1,30,,246560,44,,,1,70,,20753,44,,,1,31,,246557,44,,,1,70,,246564,44,,,1,30,,153912,44,,,1,70,,246563,44,,,1,31,,246549,44,,,1,70,,246558,44,,,1,30,,45182,44,,,1,70,,156876,44,,,1,28,,246561,44,,,1,70,,104067,44,,,1,30,,192882,44,,,1,70,,246548,44,,,1,29,,246555,44,,,1,70,,246562,44,,,1,30,,246554,29,,,1,70,,246551,44,,,1,29,,246553,29,,,1,70,,246546,44,,,1,100,,108651,44,,,1,30,,246547,29,,,1,72,,246552,44,,,1
5100,'14',608,,246574,52,,,1,101,,83720,52,,,1,28,,246586,52,,,1,79,,246587,52,,,1,30,,202379,52,,,1,70,,140484,52,,,1,28,,246567,52,,,1,70,,246590,52,,,1,32,,246585,44,,,1,70,,246583,44,,,1,30,,246572,44,,,1,70,,246575,44,,,1,30,,246573,44,,,1,70,,246565,44,,,1,30,,246581,44,,,1,70,,201431,44,,,1,30,,246589,44,,,1,72,,180905,44,,,1,36,,246577,44,,,1,75,,189122,44,,,1,25,,246570,44,,,1,70,,142418,44,,,1,30,,246588,44,,,1,70,,246579,44,,,1,26,,246569,44,,,1,70,,246576,44,,,1,22,,246582,44,,,1,69,,246578,44,,,1,28,,246566,44,,,1,69,,246580,44,,,1,30,,246584,44,,,1,70,,246571,44,,,1,30,,246568,44,,,1
5100,'15',608,,246599,52,,,1,101,,246606,52,,,1,107,,246592,52,,,1,30,,159226,52,,,1,98,,246603,52,,,1,70,,246591,52,,,1,32,,246614,44,,,1,70,,246615,44,,,1,30,,159222,44,,,1,70,,246597,44,,,1,30,,246605,44,,,1,70,,246593,44,,,1,30,,246601,44,,,1,70,,246607,44,,,1,30,,246600,44,,,1,71,,29594,11,,,1,1,,246612,44,,,1,36,,159229,44,,,1,75,,246611,44,,,1,25,,246608,44,,,1,70,,246602,44,,,1,30,,246610,44,,,1,70,,246613,44,,,1,26,,204482,44,,,1,70,,182011,44,,,1,22,,246598,44,,,1,69,,59377,44,,,1,28,,246595,44,,,1,69,,246604,44,,,1,30,,246594,44,,,1,70,,159233,44,,,1,30,,246609,44,,,1
5100,'16',827,,246619,44,,,1,100,,246616,44,,,1,30,,246639,44,,,1,71,,246620,44,,,1,30,,246635,44,,,1,70,,246633,44,,,1,30,,246627,44,,,1,71,,246622,44,,,1,30,,199414,44,,,1,70,,246628,44,,,1,30,,246629,44,,,1,71,,246617,44,,,1,70,,246637,44,,,1,30,,174209,44,,,1,70,,246623,44,,,1,28,,97392,44,,,1,30,,170167,44,,,1,70,,246630,44,,,1,30,,246634,44,,,1,69,,246624,44,,,1,30,,246618,44,,,1,70,,246632,44,,,1,30,,246636,44,,,1,69,,246621,44,,,1,31,,246625,24,,,1,69,,246638,44,,,1,100,,246626,44,,,1,100,,246631,44,,,1
5100,'17',608,,246649,52,,,1,101,,150666,52,,,1,28,,246661,52,,,1,79,,246662,52,,,1,30,,202338,52,,,1,70,,140411,52,,,1,28,,246642,52,,,1,70,,246665,52,,,1,32,,246660,44,,,1,70,,246658,44,,,1,30,,246647,44,,,1,70,,246650,44,,,1,30,,246648,44,,,1,70,,246640,44,,,1,30,,246656,44,,,1,70,,201379,44,,,1,30,,246664,44,,,1,72,,19388,44,,,1,36,,246652,44,,,1,75,,189042,44,,,1,25,,246645,44,,,1,70,,81648,44,,,1,30,,246663,44,,,1,70,,246654,44,,,1,26,,246644,44,,,1,70,,246651,44,,,1,22,,246657,44,,,1,69,,246653,44,,,1,28,,246641,44,,,1,69,,246655,44,,,1,30,,246659,44,,,1,70,,246646,44,,,1,30,,246643,44,,,1
5100,'18',608,,246675,52,,,1,101,,150844,52,,,1,28,,246687,52,,,1,79,,246688,52,,,1,30,,202445,52,,,1,70,,140575,52,,,1,28,,246668,52,,,1,70,,246691,52,,,1,32,,246686,44,,,1,70,,246684,44,,,1,30,,246673,44,,,1,70,,246676,44,,,1,30,,246674,44,,,1,70,,246666,44,,,1,30,,246682,44,,,1,70,,89233,44,,,1,30,,246690,44,,,1,72,,181020,44,,,1,36,,246678,44,,,1,75,,189235,44,,,1,25,,246671,44,,,1,70,,142466,44,,,1,30,,246689,44,,,1,70,,246680,44,,,1,26,,246670,44,,,1,70,,246677,44,,,1,22,,246683,44,,,1,69,,246679,44,,,1,28,,246667,44,,,1,69,,246681,44,,,1,30,,246685,44,,,1,70,,246672,44,,,1,30,,246669,44,,,1
5100,'2',608,,246702,52,,,1,101,,246695,52,,,1,28,,246715,52,,,1,79,,246716,52,,,1,30,,246708,52,,,1,70,,246698,52,,,1,28,,246693,52,,,1,70,,156057,52,,,1,32,,179547,44,,,1,70,,246711,44,,,1,30,,246701,44,,,1,70,,246703,44,,,1,30,,110924,44,,,1,70,,246692,44,,,1,30,,246710,44,,,1,70,,246712,44,,,1,30,,246718,44,,,1,72,,246694,44,,,1,36,,246705,44,,,1,75,,246719,44,,,1,25,,246699,44,,,1,70,,246713,44,,,1,30,,246717,44,,,1,70,,246707,44,,,1,26,,246697,44,,,1,70,,246704,44,,,1,22,,132622,44,,,1,69,,246706,44,,,1,28,,136252,44,,,1,69,,246709,44,,,1,30,,246714,44,,,1,70,,246700,44,,,1,30,,246696,44,,,1
5100,'3',608,,60664,52,,,1,101,,246738,52,,,1,107,,246721,52,,,1,30,,246727,52,,,1,98,,246734,52,,,1,70,,246720,52,,,1,32,,246744,44,,,1,70,,19703,44,,,1,30,,246723,44,,,1,70,,131339,44,,,1,30,,246737,44,,,1,70,,246722,44,,,1,30,,246730,44,,,1,70,,246739,44,,,1,30,,169555,44,,,1,71,,246733,11,,,1,1,,246742,44,,,1,36,,246729,44,,,1,75,,246741,44,,,1,25,,133291,44,,,1,70,,134431,44,,,1,30,,246740,44,,,1,70,,246743,44,,,1,26,,246731,44,,,1,70,,246725,44,,,1,22,,246728,44,,,1,69,,246735,44,,,1,28,,246724,44,,,1,69,,246736,44,,,1,30,,148036,44,,,1,70,,246732,44,,,1,30,,171198,44,,,1
5100,'4',608,,246753,52,,,1,101,,246760,52,,,1,107,,246746,52,,,1,30,,159278,52,,,1,98,,246757,52,,,1,70,,246745,52,,,1,32,,246768,44,,,1,70,,246769,44,,,1,30,,159274,44,,,1,70,,246751,44,,,1,30,,246759,44,,,1,70,,246747,44,,,1,30,,246755,44,,,1,70,,246761,44,,,1,30,,246754,44,,,1,71,,29549,11,,,1,1,,246766,44,,,1,36,,159281,44,,,1,75,,246765,44,,,1,25,,246762,44,,,1,70,,246756,44,,,1,30,,246764,44,,,1,70,,246767,44,,,1,26,,204486,44,,,1,70,,182079,44,,,1,22,,246752,44,,,1,69,,59330,44,,,1,28,,246749,44,,,1,69,,246758,44,,,1,30,,246748,44,,,1,70,,159285,44,,,1,30,,246763,44,,,1
5100,'5',608,,246778,52,,,1,101,,246785,52,,,1,107,,246771,52,,,1,30,,158894,52,,,1,98,,246782,52,,,1,70,,246770,52,,,1,32,,246793,44,,,1,70,,246794,44,,,1,30,,158890,44,,,1,70,,246776,44,,,1,30,,246784,44,,,1,70,,246772,44,,,1,30,,246780,44,,,1,70,,246786,44,,,1,30,,246779,44,,,1,71,,29146,11,,,1,1,,246791,44,,,1,36,,158897,44,,,1,75,,246790,44,,,1,25,,246787,44,,,1,70,,246781,44,,,1,30,,246789,44,,,1,70,,246792,44,,,1,26,,204447,44,,,1,70,,181539,44,,,1,22,,246777,44,,,1,69,,58894,44,,,1,28,,246774,44,,,1,69,,246783,44,,,1,30,,246773,44,,,1,70,,158901,44,,,1,30,,246788,44,,,1
5100,'6',827,,246798,44,,,1,100,,31618,44,,,1,30,,246817,44,,,1,71,,246799,44,,,1,30,,246815,44,,,1,70,,246813,44,,,1,30,,246806,44,,,1,71,,246802,44,,,1,30,,246795,44,,,1,70,,246808,44,,,1,30,,246809,44,,,1,71,,168262,44,,,1,70,,179198,44,,,1,30,,246807,44,,,1,70,,246803,44,,,1,28,,246796,44,,,1,30,,246800,44,,,1,70,,246810,44,,,1,30,,246814,44,,,1,69,,53727,44,,,1,30,,246797,44,,,1,70,,246812,44,,,1,30,,246816,44,,,1,69,,246801,44,,,1,31,,246804,24,,,1,69,,146770,44,,,1,100,,246805,44,,,1,100,,246811,44,,,1
5100,'7',608,,246830,52,,,1,101,,246822,52,,,1,28,,188381,52,,,1,79,,177966,52,,,1,30,,246835,52,,,1,70,,246825,52,,,1,28,,246820,52,,,1,70,,246846,52,,,1,32,,246843,44,,,1,70,,246839,44,,,1,30,,246828,44,,,1,70,,246831,44,,,1,30,,246829,44,,,1,70,,246818,44,,,1,30,,246837,44,,,1,70,,246840,44,,,1,30,,246845,44,,,1,72,,246821,44,,,1,36,,246833,44,,,1,75,,246847,44,,,1,25,,246826,44,,,1,70,,246841,44,,,1,30,,246844,44,,,1,70,,202309,44,,,1,26,,246824,44,,,1,70,,246832,44,,,1,22,,246838,44,,,1,69,,246834,44,,,1,28,,246819,44,,,1,69,,246836,44,,,1,30,,246842,44,,,1,70,,246827,44,,,1,30,,246823,44,,,1
5100,'8',608,,246850,52,,,1,101,,246848,52,,,1,28,,246870,52,,,1,78,,246864,52,,,1,31,,246865,52,,,1,69,,246858,52,,,1,29,,246854,52,,,1,70,,246857,52,,,1,32,,246849,44,,,1,70,,246875,44,,,1,30,,246879,44,,,1,70,,246861,44,,,1,30,,246862,44,,,1,70,,246871,44,,,1,30,,246867,44,,,1,70,,246868,44,,,1,30,,246877,44,,,1,72,,246878,44,,,1,36,,246869,44,,,1,75,,246874,44,,,1,25,,246859,44,,,1,70,,246880,44,,,1,30,,246860,44,,,1,70,,246852,44,,,1,26,,246876,44,,,1,70,,246855,44,,,1,22,,246873,44,,,1,69,,246853,44,,,1,28,,246856,44,,,1,69,,246866,44,,,1,30,,246872,44,,,1,70,,246863,44,,,1,30,,246851,44,,,1
5100,'9',608,,246889,52,,,1,101,,246896,52,,,1,107,,246882,52,,,1,30,,159102,52,,,1,98,,246893,52,,,1,70,,246881,52,,,1,32,,246904,44,,,1,70,,246905,44,,,1,30,,159098,44,,,1,70,,246887,44,,,1,30,,246895,44,,,1,70,,246883,44,,,1,30,,246891,44,,,1,70,,246897,44,,,1,30,,246890,44,,,1,71,,29352,11,,,1,1,,246902,44,,,1,36,,159105,44,,,1,75,,246901,44,,,1,25,,246898,44,,,1,70,,246892,44,,,1,30,,246900,44,,,1,70,,246903,44,,,1,26,,204467,44,,,1,70,,181824,44,,,1,22,,246888,44,,,1,69,,59108,44,,,1,28,,246885,44,,,1,69,,246894,44,,,1,30,,246884,44,,,1,70,,159109,44,,,1,30,,246899,44,,,1
8100,'1',806,,266710,63,,,1,30,,266707,63,,,1,70,,266717,63,,,1,30,,266702,63,,,1,70,,266696,63,,,1,30,,266703,63,,,1,72,,266705,63,,,1,30,,266709,63,,,1,70,,266698,63,,,1,30,,266720,63,,,1,71,,266711,63,,,1,30,,196945,63,,,1,70,,266712,63,,,1,30,,266715,63,,,1,70,,266713,63,,,1,30,,266697,63,,,1,70,,148577,63,,,1,30,,266716,63,,,1,70,,266701,63,,,1,30,,266719,63,,,1,70,,266699,63,,,1,30,,266714,63,,,1,69,,266704,63,,,1,30,,266706,63,,,1,70,,266708,63,,,1,100,,266721,63,,,1,98,,266718,63,,,1,100,,182064,63,,,1,100,,266700,63,,,1
8100,'10',806,,266736,63,,,1,30,,266733,63,,,1,70,,266743,63,,,1,30,,266728,63,,,1,70,,266722,63,,,1,30,,266729,63,,,1,72,,266731,63,,,1,30,,125538,63,,,1,70,,266724,63,,,1,30,,266747,63,,,1,71,,266737,63,,,1,30,,266749,63,,,1,70,,266738,63,,,1,30,,266741,63,,,1,70,,266739,63,,,1,30,,266723,63,,,1,70,,266735,63,,,1,30,,266742,63,,,1,70,,266727,63,,,1,30,,266746,63,,,1,70,,266725,63,,,1,30,,266740,63,,,1,69,,266730,63,,,1,30,,266732,63,,,1,70,,266734,63,,,1,100,,266748,63,,,1,98,,266745,63,,,1,100,,266744,63,,,1,100,,266726,63,,,1
8100,'11',803,,266755,63,,,1,30,,266766,63,,,1,70,,266751,63,,,1,30,,266758,63,,,1,70,,266752,63,,,1,30,,266763,63,,,1,72,,266764,63,,,1,30,,194666,63,,,1,70,,266759,63,,,1,30,,266765,63,,,1,71,,266756,63,,,1,30,,172660,63,,,1,70,,266767,63,,,1,30,,130804,63,,,1,70,,266769,63,,,1,30,,266760,63,,,1,70,,266757,63,,,1,30,,266750,63,,,1,70,,266761,63,,,1,30,,266754,63,,,1,70,,266772,63,,,1,30,,266770,63,,,1,69,,266753,63,,,1,100,,266768,63,,,1,100,,171416,63,,,1,98,,266771,63,,,1,100,,266762,63,,,1
8100,'12',620,,197444,63,,,1,30,,266775,63,,,1,70,,266777,63,,,1,28,,149344,63,,,1,67,,166904,63,,,1,35,,266799,63,,,1,72,,266789,63,,,1,28,,82999,63,,,1,70,,266786,63,,,1,30,,266795,63,,,1,70,,266792,63,,,1,30,,266783,63,,,1,70,,152473,63,,,1,31,,266774,63,,,1,70,,266781,63,,,1,30,,266784,63,,,1,72,,266796,63,,,1,30,,266790,63,,,1,70,,266787,63,,,1,35,,266773,63,,,1,74,,266801,63,,,1,97,,266780,63,,,1,28,,178132,63,,,1,68,,266798,63,,,1,30,,266791,63,,,1,66,,266776,63,,,1,29,,266793,63,,,1,70,,266794,63,,,1,30,,266778,63,,,1,67,,266779,63,,,1,30,,266785,63,,,1,70,,266782,63,,,1,30,,266797,63,,,1,100,,266788,63,,,1,85,,266800,63,,,1
8100,'13',806,,266811,63,,,1,30,,131585,63,,,1,70,,266816,63,,,1,30,,161332,63,,,1,70,,266802,63,,,1,30,,266806,63,,,1,72,,200647,63,,,1,30,,266810,63,,,1,70,,266803,63,,,1,30,,266820,63,,,1,71,,266812,63,,,1,30,,266821,63,,,1,70,,266813,63,,,1,30,,266814,63,,,1,70,,176930,63,,,1,30,,178593,63,,,1,70,,266809,63,,,1,30,,266815,63,,,1,70,,158803,63,,,1,30,,266819,63,,,1,70,,266804,63,,,1,30,,118057,63,,,1,69,,31726,63,,,1,30,,266807,63,,,1,70,,266808,63,,,1,100,,177667,63,,,1,98,,266818,63,,,1,100,,266817,63,,,1,100,,266805,63,,,1
8100,'14',620,,266832,63,,,1,30,,266840,63,,,1,70,,266841,63,,,1,28,,266830,63,,,1,72,,266847,63,,,1,32,,266835,63,,,1,69,,266836,63,,,1,29,,266838,63,,,1,70,,266833,63,,,1,30,,149075,63,,,1,70,,266829,63,,,1,30,,266828,63,,,1,70,,185301,63,,,1,31,,45621,63,,,1,70,,266845,63,,,1,30,,266842,63,,,1,72,,266834,63,,,1,30,,178025,63,,,1,70,,266827,63,,,1,35,,266844,63,,,1,72,,152217,63,,,1,70,,266825,63,,,1,29,,266823,63,,,1,28,,266826,63,,,1,68,,266848,63,,,1,30,,266839,63,,,1,66,,266850,63,,,1,29,,266846,63,,,1,70,,266824,63,,,1,30,,266831,63,,,1,67,,266837,63,,,1,30,,189861,63,,,1,70,,266822,63,,,1,30,,153319,63,,,1,100,,266843,63,,,1,85,,266849,63,,,1
8100,'15',620,,197546,63,,,1,30,,266853,63,,,1,70,,266855,63,,,1,28,,149600,63,,,1,67,,167021,63,,,1,35,,266877,63,,,1,72,,266867,63,,,1,28,,83047,63,,,1,70,,266864,63,,,1,30,,266873,63,,,1,70,,266870,63,,,1,30,,266861,63,,,1,70,,152672,63,,,1,31,,266852,63,,,1,70,,266859,63,,,1,30,,266862,63,,,1,72,,266874,63,,,1,30,,266868,63,,,1,70,,266865,63,,,1,35,,266851,63,,,1,74,,266879,63,,,1,97,,266858,63,,,1,28,,178235,63,,,1,68,,266876,63,,,1,30,,266869,63,,,1,66,,266854,63,,,1,29,,266871,63,,,1,70,,266872,63,,,1,30,,266856,63,,,1,67,,266857,63,,,1,30,,266863,63,,,1,70,,266860,63,,,1,30,,266875,63,,,1,100,,266866,63,,,1,85,,266878,63,,,1
8100,'16',803,,266884,63,,,1,30,,266897,63,,,1,70,,266880,63,,,1,30,,266887,63,,,1,70,,266881,63,,,1,30,,266893,63,,,1,72,,266895,63,,,1,30,,266892,63,,,1,70,,38115,63,,,1,30,,266896,63,,,1,71,,266885,63,,,1,30,,266888,63,,,1,70,,266898,63,,,1,30,,266894,63,,,1,70,,266900,63,,,1,30,,266889,63,,,1,70,,266886,63,,,1,30,,157381,63,,,1,70,,266890,63,,,1,30,,266883,63,,,1,70,,266903,63,,,1,30,,266901,63,,,1,69,,266882,63,,,1,100,,266899,63,,,1,100,,266902,63,,,1,98,,176556,63,,,1,100,,266891,63,,,1
8100,'17',620,,266914,63,,,1,30,,266922,63,,,1,70,,266923,63,,,1,28,,266912,63,,,1,72,,266929,63,,,1,32,,266917,63,,,1,69,,266918,63,,,1,29,,266920,63,,,1,70,,266915,63,,,1,30,,148951,63,,,1,70,,266911,63,,,1,30,,266910,63,,,1,70,,185202,63,,,1,31,,150670,63,,,1,70,,266927,63,,,1,30,,266924,63,,,1,72,,266916,63,,,1,30,,177975,63,,,1,70,,266909,63,,,1,35,,266926,63,,,1,72,,87952,63,,,1,70,,266907,63,,,1,29,,266905,63,,,1,28,,266908,63,,,1,68,,266930,63,,,1,30,,266921,63,,,1,66,,266932,63,,,1,29,,266928,63,,,1,70,,266906,63,,,1,30,,266913,63,,,1,67,,266919,63,,,1,30,,73134,63,,,1,70,,266904,63,,,1,30,,153274,63,,,1,100,,266925,63,,,1,85,,266931,63,,,1
8100,'18',620,,266943,63,,,1,30,,266951,63,,,1,70,,266952,63,,,1,28,,266941,63,,,1,72,,266958,63,,,1,32,,266946,63,,,1,69,,266947,63,,,1,29,,266949,63,,,1,70,,266944,63,,,1,30,,149202,63,,,1,70,,266940,63,,,1,30,,266939,63,,,1,70,,105144,63,,,1,31,,150848,63,,,1,70,,266956,63,,,1,30,,266953,63,,,1,72,,266945,63,,,1,30,,103530,63,,,1,70,,266938,63,,,1,35,,266955,63,,,1,72,,152334,63,,,1,70,,266936,63,,,1,29,,266934,63,,,1,28,,266937,63,,,1,68,,266959,63,,,1,30,,266950,63,,,1,66,,266961,63,,,1,29,,266957,63,,,1,70,,266935,63,,,1,30,,266942,63,,,1,67,,266948,63,,,1,30,,189962,63,,,1,70,,266933,63,,,1,30,,307,63,,,1,100,,266954,63,,,1,85,,266960,63,,,1
8100,'2',620,,266975,63,,,1,30,,266982,63,,,1,70,,266983,63,,,1,28,,266971,63,,,1,72,,266988,63,,,1,32,,266978,63,,,1,69,,129313,63,,,1,29,,266980,63,,,1,70,,266976,63,,,1,30,,266981,63,,,1,70,,266970,63,,,1,30,,93623,63,,,1,70,,266963,63,,,1,31,,266973,63,,,1,70,,266987,63,,,1,30,,266985,63,,,1,72,,266977,63,,,1,30,,266968,63,,,1,70,,266969,63,,,1,35,,266986,63,,,1,72,,266964,63,,,1,70,,266966,63,,,1,29,,102994,63,,,1,28,,266967,63,,,1,68,,121478,63,,,1,30,,122166,63,,,1,66,,266990,63,,,1,29,,148393,63,,,1,70,,266965,63,,,1,30,,266972,63,,,1,67,,266979,63,,,1,30,,266974,63,,,1,70,,266962,63,,,1,30,,266984,63,,,1,100,,8409,63,,,1,85,,266989,63,,,1
8100,'3',620,,267010,63,,,1,30,,266991,63,,,1,70,,123760,63,,,1,28,,267012,63,,,1,67,,267006,63,,,1,35,,267016,63,,,1,72,,140540,63,,,1,28,,266999,63,,,1,70,,267003,63,,,1,30,,130532,63,,,1,70,,267009,63,,,1,30,,267000,63,,,1,70,,267005,63,,,1,31,,130500,63,,,1,70,,266997,63,,,1,30,,267001,63,,,1,72,,267013,63,,,1,30,,267008,63,,,1,70,,267004,63,,,1,35,,134409,63,,,1,74,,267018,63,,,1,97,,266996,63,,,1,28,,266993,63,,,1,68,,267015,63,,,1,30,,124762,63,,,1,66,,266992,63,,,1,29,,168614,63,,,1,70,,267011,63,,,1,30,,266994,63,,,1,67,,266995,63,,,1,30,,267002,63,,,1,70,,266998,63,,,1,30,,267014,63,,,1,100,,267007,63,,,1,85,,267017,63,,,1
8100,'4',620,,197589,63,,,1,30,,267021,63,,,1,70,,267023,63,,,1,28,,149727,63,,,1,67,,167080,63,,,1,35,,267045,63,,,1,72,,267035,63,,,1,28,,83041,63,,,1,70,,267032,63,,,1,30,,267041,63,,,1,70,,267038,63,,,1,30,,267029,63,,,1,70,,152762,63,,,1,31,,267020,63,,,1,70,,267027,63,,,1,30,,267030,63,,,1,72,,267042,63,,,1,30,,267036,63,,,1,70,,267033,63,,,1,35,,267019,63,,,1,74,,267047,63,,,1,97,,267026,63,,,1,28,,178290,63,,,1,68,,267044,63,,,1,30,,267037,63,,,1,66,,267022,63,,,1,29,,267039,63,,,1,70,,267040,63,,,1,30,,267024,63,,,1,67,,267025,63,,,1,30,,267031,63,,,1,70,,267028,63,,,1,30,,267043,63,,,1,100,,267034,63,,,1,85,,267046,63,,,1
8100,'5',620,,197233,63,,,1,30,,267050,63,,,1,70,,267052,63,,,1,28,,148793,63,,,1,67,,166643,63,,,1,35,,267074,63,,,1,72,,267064,63,,,1,28,,82993,63,,,1,70,,267061,63,,,1,30,,267070,63,,,1,70,,267067,63,,,1,30,,267058,63,,,1,70,,152051,63,,,1,31,,267049,63,,,1,70,,267056,63,,,1,30,,267059,63,,,1,72,,267071,63,,,1,30,,267065,63,,,1,70,,267062,63,,,1,35,,267048,63,,,1,74,,267076,63,,,1,97,,267055,63,,,1,28,,177899,63,,,1,68,,267073,63,,,1,30,,267066,63,,,1,66,,267051,63,,,1,29,,267068,63,,,1,70,,267069,63,,,1,30,,267053,63,,,1,67,,267054,63,,,1,30,,267060,63,,,1,70,,267057,63,,,1,30,,267072,63,,,1,100,,267063,63,,,1,85,,267075,63,,,1
8100,'6',803,,267079,63,,,1,30,,143121,63,,,1,70,,167660,63,,,1,30,,267081,63,,,1,70,,147220,63,,,1,30,,267087,63,,,1,72,,267089,63,,,1,30,,267086,63,,,1,70,,267083,63,,,1,30,,267090,63,,,1,71,,267080,63,,,1,30,,267082,63,,,1,70,,267091,63,,,1,30,,267088,63,,,1,70,,267093,63,,,1,30,,267084,63,,,1,70,,142273,63,,,1,30,,267077,63,,,1,70,,163259,63,,,1,30,,267078,63,,,1,70,,267097,63,,,1,30,,267094,63,,,1,69,,191328,63,,,1,100,,267092,63,,,1,100,,267095,63,,,1,98,,267096,63,,,1,100,,267085,63,,,1
8100,'7',620,,267112,63,,,1,30,,267121,63,,,1,70,,267122,63,,,1,28,,267108,63,,,1,72,,128213,63,,,1,32,,267115,63,,,1,69,,267116,63,,,1,29,,267118,63,,,1,70,,267113,63,,,1,30,,267120,63,,,1,70,,267107,63,,,1,30,,267106,63,,,1,70,,267099,63,,,1,31,,267110,63,,,1,70,,267127,63,,,1,30,,267124,63,,,1,72,,267114,63,,,1,30,,267104,63,,,1,70,,267105,63,,,1,35,,267126,63,,,1,72,,267100,63,,,1,70,,267102,63,,,1,29,,267101,63,,,1,28,,267103,63,,,1,68,,267129,63,,,1,30,,267119,63,,,1,66,,267131,63,,,1,29,,267128,63,,,1,70,,170212,63,,,1,30,,267109,63,,,1,67,,267117,63,,,1,30,,267111,63,,,1,70,,267098,63,,,1,30,,267123,63,,,1,100,,267125,63,,,1,85,,267130,63,,,1
8100,'8',620,,267167,63,,,1,30,,267143,63,,,1,70,,267147,63,,,1,29,,267164,63,,,1,69,,267150,63,,,1,34,,267152,63,,,1,70,,267135,63,,,1,28,,267139,63,,,1,70,,267163,63,,,1,30,,267153,63,,,1,70,,267160,63,,,1,30,,267159,63,,,1,70,,267157,63,,,1,31,,267161,63,,,1,70,,267166,63,,,1,30,,267148,63,,,1,72,,267136,63,,,1,30,,267165,63,,,1,70,,267140,63,,,1,35,,267151,63,,,1,72,,267145,63,,,1,70,,267133,63,,,1,29,,267149,63,,,1,28,,267155,63,,,1,68,,267134,63,,,1,30,,267144,63,,,1,66,,267162,63,,,1,29,,267154,63,,,1,70,,267141,63,,,1,30,,267132,63,,,1,67,,267137,63,,,1,30,,267156,63,,,1,70,,267158,63,,,1,30,,267142,63,,,1,100,,267146,63,,,1,85,,267138,63,,,1
8100,'9',620,,197414,63,,,1,30,,267170,63,,,1,70,,267172,63,,,1,28,,149286,63,,,1,67,,166871,63,,,1,35,,267194,63,,,1,72,,267184,63,,,1,28,,83017,63,,,1,70,,267181,63,,,1,30,,267190,63,,,1,70,,267187,63,,,1,30,,267178,63,,,1,70,,152420,63,,,1,31,,267169,63,,,1,70,,267176,63,,,1,30,,267179,63,,,1,72,,267191,63,,,1,30,,267185,63,,,1,70,,267182,63,,,1,35,,267168,63,,,1,74,,267196,63,,,1,97,,267175,63,,,1,28,,178102,63,,,1,68,,267193,63,,,1,30,,267186,63,,,1,66,,267171,63,,,1,29,,267188,63,,,1,70,,267189,63,,,1,30,,267173,63,,,1,67,,267174,63,,,1,30,,267180,63,,,1,70,,267177,63,,,1,30,,267192,63,,,1,100,,267183,63,,,1,85,,267195,63,,,1
