23700,'12',559,,4968,6,,,1,92,,193746,6,,,1,68,,199829,6,,,1,102,,293504,6,,,1
23700,'14',559,,293506,6,,,1,92,,293507,6,,,1,68,,200520,6,,,1,104,,293505,6,,,1
23700,'15',559,,5602,6,,,1,92,,193939,6,,,1,68,,199902,6,,,1,102,,293508,6,,,1
23700,'17',559,,293510,6,,,1,92,,293511,6,,,1,68,,200468,6,,,1,104,,293509,6,,,1
23700,'18',559,,293513,6,,,1,92,,293514,6,,,1,68,,3807,6,,,1,104,,293512,6,,,1
23700,'2',559,,162539,6,,,1,92,,293516,6,,,1,68,,293517,6,,,1,104,,293515,6,,,1
23700,'3',559,,293519,6,,,1,92,,293518,6,,,1,68,,293520,6,,,1,102,,186362,6,,,1
23700,'4',559,,5542,6,,,1,92,,194026,6,,,1,68,,199933,6,,,1,102,,293521,6,,,1
23700,'5',559,,4908,6,,,1,92,,193334,6,,,1,68,,199678,6,,,1,102,,293522,6,,,1
23700,'7',559,,293523,6,,,1,92,,293524,6,,,1,68,,293525,6,,,1,104,,46750,6,,,1
23700,'8',559,,293526,6,,,1,92,,293528,6,,,1,68,,293527,6,,,1,102,,293529,6,,,1
23700,'9',559,,5225,6,,,1,92,,193692,6,,,1,68,,199811,6,,,1,102,,293530,6,,,1
