16801,'1',639,,763820,,,1,100,,763822,,,1,100,,763834,,,1,72,,763821,,,1,30,,763827,,,1,70,,763833,,,1,33,,763826,,,1,70,,663705,,,1,30,,763832,,,1,70,,763819,,,1,31,,763830,,,1,70,,763817,,,1,30,,763818,,,1,70,,763825,,,1,30,,763811,,,1,70,,763824,,,1,30,,763823,,,1,70,,763810,,,1,30,,763835,,,1,70,,763813,,,1,30,,763829,,,1,70,,763828,,,1,29,,763831,,,1,70,,763814,,,1,30,,763816,,,1,100,,763812,,,1,98,,763815,,,1,98,,663697,,,1,100,,763809,,,1
16801,'10',541,,763852,,,1,78,,763866,,,1,35,,763850,,,1,70,,763847,,,1,30,,763842,,,1,75,,550052,,,1,30,,763856,,,1,70,,763848,,,1,28,,763854,,,1,65,,763841,,,1,30,,763843,,,1,70,,763846,,,1,30,,763860,,,1,70,,593868,,,1,30,,659686,,,1,70,,763839,,,1,30,,763840,,,1,70,,763836,,,1,78,,763853,,,1,30,,763864,,,1,72,,763865,,,1,31,,763859,,,1,68,,763838,,,1,30,,763858,,,1,70,,618333,,,1,26,,763849,,,1,30,,763862,,,1,69,,763844,,,1,30,,589825,,,1,63,,763837,,,1,25,,763845,,,1,70,,763851,,,1,30,,763855,,,1,70,,763861,,,1,100,,763863,,,1,107,,587115,,,1
16801,'11',541,,763883,,,1,78,,763897,,,1,35,,763881,,,1,70,,763878,,,1,30,,763873,,,1,75,,550062,,,1,30,,763887,,,1,70,,763879,,,1,28,,763885,,,1,65,,763872,,,1,30,,763874,,,1,70,,763877,,,1,30,,763891,,,1,70,,594191,,,1,30,,659713,,,1,70,,763870,,,1,30,,763871,,,1,70,,763867,,,1,78,,763884,,,1,30,,763895,,,1,72,,763896,,,1,31,,763890,,,1,68,,763869,,,1,30,,763889,,,1,70,,618588,,,1,26,,763880,,,1,30,,763893,,,1,69,,763875,,,1,30,,590225,,,1,63,,763868,,,1,25,,763876,,,1,70,,763882,,,1,30,,763886,,,1,70,,763892,,,1,100,,763894,,,1,107,,587298,,,1
16801,'12',541,,763914,,,1,78,,763928,,,1,35,,763912,,,1,70,,763909,,,1,30,,763904,,,1,75,,550057,,,1,30,,763918,,,1,70,,763910,,,1,28,,763916,,,1,65,,763903,,,1,30,,763905,,,1,70,,763908,,,1,30,,763922,,,1,70,,594330,,,1,30,,659728,,,1,70,,763901,,,1,30,,763902,,,1,70,,763898,,,1,78,,763915,,,1,30,,763926,,,1,72,,763927,,,1,31,,763921,,,1,68,,763900,,,1,30,,763920,,,1,70,,618700,,,1,26,,763911,,,1,30,,763924,,,1,69,,763906,,,1,30,,590423,,,1,63,,763899,,,1,25,,763907,,,1,70,,763913,,,1,30,,763917,,,1,70,,763923,,,1,100,,763925,,,1,107,,587386,,,1
16801,'13',541,,763957,,,1,78,,763933,,,1,35,,763948,,,1,70,,763950,,,1,30,,763929,,,1,75,,763951,,,1,30,,583984,,,1,70,,763958,,,1,28,,614167,,,1,65,,763940,,,1,30,,763942,,,1,70,,763941,,,1,30,,763945,,,1,70,,763932,,,1,30,,652751,,,1,70,,650508,,,1,30,,763936,,,1,70,,763955,,,1,78,,640340,,,1,30,,763937,,,1,72,,763935,,,1,29,,763947,,,1,70,,763934,,,1,30,,763943,,,1,70,,763938,,,1,26,,763954,,,1,30,,581861,,,1,69,,763953,,,1,30,,763939,,,1,63,,763946,,,1,25,,763956,,,1,70,,763930,,,1,30,,763949,,,1,70,,763952,,,1,100,,763944,,,1,107,,763931,,,1
16801,'14',634,,590578,,,1,110,,633081,,,1,100,,763972,,,1,70,,763975,,,1,30,,763959,,,1,70,,763960,,,1,33,,763964,,,1,70,,763970,,,1,30,,763977,,,1,70,,763963,,,1,31,,763973,,,1,70,,763974,,,1,30,,763971,,,1,70,,763967,,,1,30,,639170,,,1,70,,669099,,,1,30,,763969,,,1,70,,650047,,,1,30,,763968,,,1,70,,554536,,,1,30,,763978,,,1,70,,763965,,,1,29,,656305,,,1,70,,553278,,,1,30,,763976,,,1,70,,763961,,,1,30,,632288,,,1,70,,763979,,,1,30,,589369,,,1,70,,763962,,,1,28,,669416,,,1,100,,763966,,,1
16801,'15',541,,763996,,,1,78,,764010,,,1,35,,763994,,,1,70,,763991,,,1,30,,763986,,,1,75,,550047,,,1,30,,764000,,,1,70,,763992,,,1,28,,763998,,,1,65,,763985,,,1,30,,763987,,,1,70,,763990,,,1,30,,764004,,,1,70,,593972,,,1,30,,659694,,,1,70,,763983,,,1,30,,763984,,,1,70,,763980,,,1,78,,763997,,,1,30,,764008,,,1,72,,764009,,,1,31,,764003,,,1,68,,763982,,,1,30,,764002,,,1,70,,618417,,,1,26,,763993,,,1,30,,764006,,,1,69,,763988,,,1,30,,589957,,,1,63,,763981,,,1,25,,763989,,,1,70,,763995,,,1,30,,763999,,,1,70,,764005,,,1,100,,764007,,,1,107,,587175,,,1
16801,'16',541,,764027,,,1,78,,764041,,,1,35,,764025,,,1,70,,764022,,,1,30,,764017,,,1,75,,550042,,,1,30,,764031,,,1,70,,764023,,,1,28,,764029,,,1,65,,764016,,,1,30,,764018,,,1,70,,764021,,,1,30,,764035,,,1,70,,594753,,,1,30,,659785,,,1,70,,764014,,,1,30,,764015,,,1,70,,764011,,,1,78,,764028,,,1,30,,764039,,,1,72,,764040,,,1,31,,764034,,,1,68,,764013,,,1,30,,764033,,,1,70,,619043,,,1,26,,764024,,,1,30,,764037,,,1,69,,764019,,,1,30,,591069,,,1,63,,764012,,,1,25,,764020,,,1,70,,764026,,,1,30,,764030,,,1,70,,764036,,,1,100,,764038,,,1,107,,587649,,,1
16801,'17',541,,764070,,,1,78,,764049,,,1,35,,592635,,,1,70,,764065,,,1,30,,764042,,,1,75,,673317,,,1,30,,764046,,,1,70,,596929,,,1,28,,764066,,,1,65,,764056,,,1,30,,764057,,,1,70,,609490,,,1,30,,764060,,,1,70,,764047,,,1,30,,764044,,,1,70,,764048,,,1,30,,764052,,,1,70,,764069,,,1,78,,764067,,,1,30,,764053,,,1,72,,764051,,,1,29,,764063,,,1,70,,764050,,,1,30,,764058,,,1,70,,764054,,,1,26,,658757,,,1,30,,764061,,,1,69,,764068,,,1,30,,764055,,,1,63,,764062,,,1,25,,653566,,,1,70,,764043,,,1,30,,764064,,,1,70,,646200,,,1,100,,764059,,,1,107,,764045,,,1
16801,'18',541,,764078,,,1,113,,764072,,,1,100,,625100,,,1,105,,764076,,,1,98,,764071,,,1,95,,764082,,,1,100,,764079,,,1,100,,764083,,,1,100,,764081,,,1,148,,764085,,,1,102,,764084,,,1,99,,607167,,,1,100,,764074,,,1,56,,527737,,,1,99,,764086,,,1,88,,764073,,,1,100,,764075,,,1,100,,764080,,,1,100,,764077,,,1,77,,654806,,,1
16801,'19',541,,764115,,,1,78,,764091,,,1,35,,764106,,,1,70,,764108,,,1,30,,764087,,,1,75,,764109,,,1,30,,584247,,,1,70,,764116,,,1,28,,614519,,,1,65,,764098,,,1,30,,764100,,,1,70,,764099,,,1,30,,764103,,,1,70,,764090,,,1,30,,653037,,,1,70,,650767,,,1,30,,764094,,,1,70,,764113,,,1,78,,640697,,,1,30,,764095,,,1,72,,764093,,,1,29,,764105,,,1,70,,764092,,,1,30,,764101,,,1,70,,764096,,,1,26,,764112,,,1,30,,480974,,,1,69,,764111,,,1,30,,764097,,,1,63,,764104,,,1,25,,764114,,,1,70,,764088,,,1,30,,764107,,,1,70,,764110,,,1,100,,764102,,,1,107,,764089,,,1
16801,'2',639,,764128,,,1,100,,764130,,,1,100,,764142,,,1,72,,764129,,,1,30,,764135,,,1,70,,764141,,,1,33,,764134,,,1,70,,663540,,,1,30,,764140,,,1,70,,764127,,,1,31,,764138,,,1,70,,764125,,,1,30,,764126,,,1,70,,764133,,,1,30,,764119,,,1,70,,764132,,,1,30,,764131,,,1,70,,764118,,,1,30,,764143,,,1,70,,764121,,,1,30,,764137,,,1,70,,764136,,,1,29,,764139,,,1,70,,764122,,,1,30,,764124,,,1,100,,764120,,,1,98,,764123,,,1,98,,663532,,,1,100,,764117,,,1
16801,'3',541,,764160,,,1,78,,764174,,,1,35,,764158,,,1,70,,764155,,,1,30,,764150,,,1,75,,550037,,,1,30,,764164,,,1,70,,764156,,,1,28,,764162,,,1,65,,764149,,,1,30,,764151,,,1,70,,764154,,,1,30,,764168,,,1,70,,594024,,,1,30,,659698,,,1,70,,764147,,,1,30,,764148,,,1,70,,764144,,,1,78,,764161,,,1,30,,764172,,,1,72,,764173,,,1,31,,764167,,,1,68,,764146,,,1,30,,764166,,,1,70,,618459,,,1,26,,764157,,,1,30,,764170,,,1,69,,764152,,,1,30,,590023,,,1,63,,764145,,,1,25,,764153,,,1,70,,764159,,,1,30,,764163,,,1,70,,764169,,,1,100,,764171,,,1,107,,587205,,,1
16801,'4',541,,764191,,,1,78,,764205,,,1,35,,764189,,,1,70,,764186,,,1,30,,764181,,,1,75,,550027,,,1,30,,764195,,,1,70,,764187,,,1,28,,764193,,,1,65,,764180,,,1,30,,764182,,,1,70,,764185,,,1,30,,764199,,,1,70,,593920,,,1,30,,659690,,,1,70,,764178,,,1,30,,764179,,,1,70,,764175,,,1,78,,764192,,,1,30,,764203,,,1,72,,764204,,,1,31,,764198,,,1,68,,764177,,,1,30,,764197,,,1,70,,618375,,,1,26,,764188,,,1,30,,764201,,,1,69,,764183,,,1,30,,589891,,,1,63,,764176,,,1,25,,764184,,,1,70,,764190,,,1,30,,764194,,,1,70,,764200,,,1,100,,764202,,,1,107,,587145,,,1
16801,'5',541,,593745,,,1,78,,764211,,,1,35,,764224,,,1,70,,764226,,,1,30,,387473,,,1,75,,764227,,,1,30,,764208,,,1,70,,764234,,,1,28,,764228,,,1,65,,764216,,,1,30,,764218,,,1,70,,764217,,,1,30,,501961,,,1,70,,764209,,,1,30,,764207,,,1,70,,764210,,,1,30,,360983,,,1,70,,764232,,,1,78,,764229,,,1,30,,764214,,,1,72,,764213,,,1,29,,764223,,,1,70,,764212,,,1,30,,764219,,,1,70,,764215,,,1,26,,764231,,,1,30,,764221,,,1,69,,491381,,,1,30,,548792,,,1,63,,764222,,,1,25,,764233,,,1,70,,764206,,,1,30,,764225,,,1,70,,764230,,,1,100,,764220,,,1,107,,577776,,,1
16801,'6',541,,764251,,,1,78,,764265,,,1,35,,764249,,,1,70,,764246,,,1,30,,764241,,,1,75,,550032,,,1,30,,764255,,,1,70,,764247,,,1,28,,764253,,,1,65,,764240,,,1,30,,764242,,,1,70,,764245,,,1,30,,764259,,,1,70,,594139,,,1,30,,659709,,,1,70,,764238,,,1,30,,764239,,,1,70,,764235,,,1,78,,764252,,,1,30,,764263,,,1,72,,764264,,,1,31,,764258,,,1,68,,764237,,,1,30,,764257,,,1,70,,618546,,,1,26,,764248,,,1,30,,764261,,,1,69,,764243,,,1,30,,590159,,,1,63,,764236,,,1,25,,764244,,,1,70,,764250,,,1,30,,764254,,,1,70,,764260,,,1,100,,764262,,,1,107,,587268,,,1
16801,'7',541,,764295,,,1,78,,764272,,,1,35,,764286,,,1,70,,764287,,,1,30,,764266,,,1,75,,764288,,,1,30,,764269,,,1,70,,764296,,,1,28,,764289,,,1,65,,366612,,,1,30,,764279,,,1,70,,764278,,,1,30,,764282,,,1,70,,764270,,,1,30,,764267,,,1,70,,764271,,,1,30,,764274,,,1,70,,607825,,,1,78,,764290,,,1,30,,764275,,,1,72,,764273,,,1,29,,764285,,,1,70,,461097,,,1,30,,764280,,,1,70,,764276,,,1,26,,764293,,,1,30,,764283,,,1,69,,764292,,,1,30,,764277,,,1,63,,764284,,,1,25,,764294,,,1,70,,649386,,,1,30,,552669,,,1,70,,764291,,,1,100,,764281,,,1,107,,764268,,,1
16801,'8',634,,764320,,,1,110,,764309,,,1,100,,764315,,,1,70,,764318,,,1,30,,764297,,,1,70,,764299,,,1,33,,764306,,,1,70,,764312,,,1,30,,764323,,,1,70,,764305,,,1,31,,764316,,,1,70,,764317,,,1,30,,585657,,,1,70,,764308,,,1,30,,764319,,,1,70,,764302,,,1,30,,764311,,,1,70,,764304,,,1,30,,764310,,,1,70,,764313,,,1,30,,628624,,,1,70,,664857,,,1,29,,764298,,,1,70,,764322,,,1,30,,764321,,,1,70,,764301,,,1,30,,764300,,,1,70,,764325,,,1,30,,764324,,,1,70,,764303,,,1,28,,764314,,,1,100,,764307,,,1
16801,'9',639,,764337,,,1,100,,764338,,,1,100,,764348,,,1,72,,647284,,,1,30,,553482,,,1,70,,764347,,,1,33,,764341,,,1,70,,764350,,,1,30,,764346,,,1,70,,764336,,,1,31,,764344,,,1,70,,764334,,,1,30,,764335,,,1,70,,764340,,,1,30,,764328,,,1,70,,609384,,,1,30,,764339,,,1,70,,764327,,,1,30,,764349,,,1,70,,764329,,,1,30,,764343,,,1,70,,764342,,,1,29,,764345,,,1,70,,764330,,,1,30,,764333,,,1,100,,646052,,,1,98,,764332,,,1,98,,764331,,,1,100,,764326,,,1
25601,'10',1558,,767497,,,1,72,,581877,,,1,29,,767500,,,1,72,,767498,,,1,27,,767499,,,1,70,,632774,,,1,106,,415341,,,1
25601,'11',1558,,767501,,,1,72,,582034,,,1,29,,767504,,,1,72,,767502,,,1,27,,767503,,,1,70,,632951,,,1,106,,525025,,,1
25601,'12',1558,,767505,,,1,72,,582109,,,1,29,,767508,,,1,72,,767506,,,1,27,,767507,,,1,70,,633036,,,1,106,,524919,,,1
25601,'13',1549,,654539,,,1,79,,767511,,,1,29,,767514,,,1,74,,767512,,,1,27,,767510,,,1,70,,457906,,,1,31,,767509,,,1,75,,767513,,,1
25601,'15',1558,,767515,,,1,72,,581929,,,1,29,,767518,,,1,72,,767516,,,1,27,,767517,,,1,70,,632832,,,1,106,,524752,,,1
25601,'16',1558,,767519,,,1,72,,582356,,,1,29,,767522,,,1,72,,767520,,,1,27,,767521,,,1,70,,633298,,,1,106,,524709,,,1
25601,'17',1549,,767523,,,1,79,,598507,,,1,29,,613099,,,1,74,,767524,,,1,27,,612542,,,1,70,,767525,,,1,31,,673498,,,1,75,,767526,,,1
25601,'18',1549,,589173,,,1,152,,767528,,,1,99,,598090,,,1,58,,767529,,,1,76,,767527,,,1
25601,'19',1549,,654992,,,1,79,,767532,,,1,29,,767535,,,1,74,,767533,,,1,27,,767531,,,1,70,,641845,,,1,31,,767530,,,1,75,,767534,,,1
25601,'3',1558,,767536,,,1,72,,581955,,,1,29,,767539,,,1,72,,767537,,,1,27,,767538,,,1,70,,632861,,,1,106,,524666,,,1
25601,'4',1558,,767540,,,1,72,,581903,,,1,29,,767543,,,1,72,,767541,,,1,27,,767542,,,1,70,,632803,,,1,106,,524392,,,1
25601,'5',1549,,767547,,,1,79,,767546,,,1,29,,767551,,,1,74,,767548,,,1,27,,767545,,,1,70,,767549,,,1,31,,767544,,,1,75,,767550,,,1
25601,'6',1558,,767552,,,1,72,,582008,,,1,29,,767555,,,1,72,,767553,,,1,27,,767554,,,1,70,,632922,,,1,106,,524623,,,1
25601,'7',1549,,767559,,,1,79,,767558,,,1,29,,767563,,,1,74,,767560,,,1,27,,767557,,,1,70,,767561,,,1,31,,767556,,,1,75,,767562,,,1
65601,'10',844,,769389,,,1
65601,'11',844,,769390,,,1
65601,'12',844,,769391,,,1
65601,'15',844,,769392,,,1
65601,'16',844,,769393,,,1
65601,'3',844,,769394,,,1
65601,'4',844,,769395,,,1
65601,'6',844,,769396,,,1
65701,'10',844,,769398,,,1
65701,'11',844,,769400,,,1
65701,'12',844,,769402,,,1
65701,'15',844,,769404,,,1
65701,'16',844,,769406,,,1
65701,'3',844,,769408,,,1
65701,'4',844,,769410,,,1
65701,'6',844,,769412,,,1
66800,'10',722,,769704,,,1,3,,769705,,,1,2,,769703,,,1
66800,'11',722,,769709,,,1,3,,769710,,,1,2,,769708,,,1
66800,'12',722,,769714,,,1,3,,769715,,,1,2,,769713,,,1
66800,'15',722,,769719,,,1,3,,769720,,,1,2,,769718,,,1
66800,'16',722,,769724,,,1,3,,769725,,,1,2,,769723,,,1
66800,'3',722,,769729,,,1,3,,769730,,,1,2,,769728,,,1
66800,'4',722,,769734,,,1,3,,769735,,,1,2,,769733,,,1
66800,'6',722,,769739,,,1,3,,769740,,,1,2,,769738,,,1
