67100,'1',835,,9931,26,,,1,2,,205565,34,,,1,2,,205564,34,,,1,1,,205566,26,,,1
67100,'17',835,,10213,26,,,1,2,,205569,34,,,1,2,,205568,34,,,1,1,,205570,26,,,1
67100,'2',835,,9991,26,,,1,2,,205573,34,,,1,2,,205572,34,,,1,1,,205574,26,,,1
67100,'5',835,,205579,26,,,1,2,,205577,34,,,1,2,,205576,34,,,1,1,,205578,26,,,1
67100,'6',835,,10530,26,,,1,2,,205582,34,,,1,2,,205581,34,,,1,1,,205583,26,,,1
67100,'8',835,,10470,26,,,1,2,,205586,34,,,1,2,,205585,34,,,1,1,,205587,26,,,1
67200,'1',841,,83188,15,,,1
67200,'17',841,,83505,15,,,1
67200,'2',841,,83253,15,,,1
67200,'5',841,,205618,15,,,1
67200,'6',841,,83885,15,,,1
67200,'8',841,,83820,15,,,1
67500,'1',812,,205722,34,,,1
67500,'17',812,,205723,34,,,1
67500,'2',812,,205724,34,,,1
67500,'5',812,,205725,34,,,1
67500,'6',812,,205726,34,,,1
67500,'8',812,,205727,34,,,1
67701,'1',1422,,205766,6,,,1
67701,'17',1422,,205768,6,,,1
67701,'2',1422,,205770,6,,,1
67701,'5',1422,,96922,6,,,1
67701,'6',1422,,205773,6,,,1
67701,'8',1422,,205775,6,,,1
69601,'1',1459,,206076,5,,,1
69601,'17',1459,,206079,5,,,1
69601,'2',1459,,206082,5,,,1
69601,'5',1459,,206085,5,,,1
69601,'6',1459,,206088,5,,,1
69601,'8',1459,,206091,5,,,1
