22100,'1',648,,272677,25,,,0,69,,374548,25,,,0
22100,'11',648,,374551,25,,,0,70,,255629,25,,,0
22100,'13',648,,374554,25,,,0,70,,255667,25,,,0
22100,'14',648,,374557,25,,,0,70,,255824,25,,,0
22100,'2',648,,374560,25,,,0,70,,374562,25,,,0
22100,'3',648,,374563,25,,,0,70,,374564,25,,,0
22100,'4',648,,374566,25,,,0,68,,374568,25,,,0
22100,'5',648,,374569,25,,,0,70,,374570,25,,,0
22100,'6',648,,374572,25,,,0,70,,255424,25,,,0
22100,'7',648,,374575,25,,,0,70,,374577,25,,,0
22100,'9',648,,374579,25,,,0,70,,255327,25,,,0
