22101,'10',1655,,766873,,,1,100,,633416,,,1
22101,'11',1655,,766876,,,1,100,,633573,,,1
22101,'12',1655,,766879,,,1,100,,633650,,,1
22101,'13',1655,,766881,,,1,101,,766880,,,1
22101,'15',1655,,766885,,,1,100,,633466,,,1
22101,'16',1655,,766888,,,1,100,,633910,,,1
22101,'17',1655,,766890,,,1,101,,766889,,,1
22101,'18',1655,,766891,,,1,100,,766893,,,1
22101,'19',1655,,766894,,,1,101,,659443,,,1
22101,'3',1655,,766898,,,1,100,,633491,,,1
22101,'4',1655,,766901,,,1,100,,633441,,,1
22101,'5',1655,,766903,,,1,101,,766902,,,1
22101,'6',1655,,766907,,,1,100,,633548,,,1
22101,'7',1655,,657381,,,1,101,,766908,,,1
