61800,'11',803,,430166,,,1,7,,670760,,,1
61800,'12',803,,670761,,,1,7,,670762,,,1
61800,'13',803,,670763,,,1,7,,670764,,,1
61800,'14',803,,670765,,,1,7,,670766,,,1
61800,'15',803,,670767,,,1,7,,670768,,,1
61800,'17',803,,670769,,,1,7,,670770,,,1
61800,'18',803,,670771,,,1,7,,670772,,,1
61800,'19',803,,670773,,,1,7,,670774,,,1
61800,'20',803,,670775,,,1,7,,670776,,,1
61800,'22',803,,670777,,,1,7,,670778,,,1
61800,'8',803,,670779,,,1,7,,670780,,,1
67800,'11',813,,542868,,,1
67800,'12',813,,672401,,,1
67800,'13',813,,672402,,,1
67800,'14',813,,672403,,,1
67800,'15',813,,672404,,,1
67800,'17',813,,672405,,,1
67800,'18',813,,672406,,,1
67800,'19',813,,672407,,,1
67800,'20',813,,672408,,,1
67800,'22',813,,672409,,,1
67800,'8',813,,672410,,,1
