26100,'1',543,,375143,5,,,0,85,,375140,5,,,0,76,,375141,5,,,0,97,,375142,5,,,0
26100,'11',543,,375144,5,,,0,85,,375145,5,,,0,77,,78974,5,,,0,111,,375146,5,,,0
26100,'13',543,,375147,5,,,0,85,,375148,5,,,0,77,,78391,5,,,0,111,,375149,5,,,0
26100,'14',543,,375150,5,,,0,85,,375151,5,,,0,77,,78688,5,,,0,111,,375152,5,,,0
26100,'2',543,,375153,5,,,0,85,,375154,5,,,0,77,,375156,5,,,0,111,,375155,5,,,0
26100,'3',543,,375157,5,,,0,85,,375158,5,,,0,77,,375159,5,,,0,111,,151446,5,,,0
26100,'4',543,,375160,5,,,0,85,,222063,5,,,0,75,,375161,5,,,0,98,,296079,5,,,0
26100,'5',543,,375162,5,,,0,85,,375163,5,,,0,77,,375164,5,,,0,111,,234856,5,,,0
26100,'6',543,,375165,5,,,0,85,,375166,5,,,0,77,,79039,5,,,0,111,,375167,5,,,0
26100,'7',543,,375168,5,,,0,85,,375169,5,,,0,77,,375171,5,,,0,111,,375170,5,,,0
26100,'9',543,,375172,5,,,0,85,,375173,5,,,0,77,,78456,5,,,0,111,,375174,5,,,0
