4301,'1',610,,153785,12,,,1,95,,153793,12,,,1,35,,153796,12,,,1,70,,153790,12,,,1,32,,153792,12,,,1,98,,153794,12,,,1,100,,153788,12,,,1,99,,153789,12,,,1,101,,153787,12,,,1,100,,153786,12,,,1,100,,153795,12,,,1,106,,140,12,,,1,269,,153797,12,,,1,25,,76829,12,,,1,98,,153784,12,,,1,100,,153798,12,,,1,100,,82330,12,,,1,95,,153791,12,,,1,100,,22928,12,,,1
4301,'10',610,,153807,12,,,1,30,,153810,12,,,1,65,,16816,12,,,1,33,,153801,12,,,1,70,,37093,12,,,1,32,,153806,12,,,1,100,,153805,12,,,1,100,,16787,12,,,1,99,,153803,12,,,1,101,,108474,12,,,1,100,,153808,12,,,1,100,,112335,12,,,1,106,,153804,12,,,1,269,,95269,12,,,1,25,,55781,12,,,1,98,,153800,12,,,1,100,,153809,12,,,1,100,,69812,12,,,1,95,,153802,12,,,1,100,,153799,12,,,1
4301,'12',610,,153815,12,,,1,30,,34380,12,,,1,65,,153823,12,,,1,33,,153825,12,,,1,73,,153819,12,,,1,29,,153817,12,,,1,100,,98040,12,,,1,100,,153824,12,,,1,99,,153822,12,,,1,101,,153826,12,,,1,100,,153816,12,,,1,100,,153821,12,,,1,106,,153820,12,,,1,269,,153812,12,,,1,25,,153818,12,,,1,98,,153813,12,,,1,100,,17404,12,,,1,100,,153811,12,,,1,95,,72176,12,,,1,100,,153814,12,,,1
4301,'14',610,,153834,12,,,1,30,,153838,12,,,1,65,,91155,12,,,1,33,,153841,12,,,1,73,,153836,12,,,1,29,,46291,12,,,1,100,,153831,12,,,1,100,,153840,12,,,1,99,,153839,12,,,1,101,,153842,12,,,1,100,,57603,12,,,1,100,,83742,12,,,1,106,,153837,12,,,1,269,,153829,12,,,1,25,,153835,12,,,1,98,,153830,12,,,1,100,,153827,12,,,1,100,,153828,12,,,1,95,,153832,12,,,1,100,,153833,12,,,1
4301,'15',610,,153850,12,,,1,30,,153854,12,,,1,65,,91621,12,,,1,33,,153857,12,,,1,73,,153852,12,,,1,29,,46388,12,,,1,100,,153847,12,,,1,100,,153856,12,,,1,99,,153855,12,,,1,101,,153858,12,,,1,100,,57877,12,,,1,100,,84120,12,,,1,106,,153853,12,,,1,269,,153845,12,,,1,25,,153851,12,,,1,98,,153846,12,,,1,100,,153843,12,,,1,100,,153844,12,,,1,95,,153848,12,,,1,100,,153849,12,,,1
4301,'16',610,,153863,12,,,1,30,,153870,12,,,1,65,,153871,12,,,1,33,,153873,12,,,1,73,,153867,12,,,1,29,,153865,12,,,1,100,,153861,12,,,1,100,,153872,12,,,1,99,,33894,12,,,1,101,,153874,12,,,1,100,,153864,12,,,1,100,,153869,12,,,1,106,,153868,12,,,1,269,,53531,12,,,1,25,,153866,12,,,1,98,,21075,12,,,1,100,,153859,12,,,1,100,,153860,12,,,1,95,,153862,12,,,1,100,,21731,12,,,1
4301,'17',610,,153876,12,,,1,95,,153884,12,,,1,35,,153887,12,,,1,70,,153881,12,,,1,32,,153883,12,,,1,98,,153885,12,,,1,100,,153879,12,,,1,99,,153880,12,,,1,101,,153878,12,,,1,100,,153877,12,,,1,100,,153886,12,,,1,106,,418,12,,,1,269,,153888,12,,,1,25,,77272,12,,,1,98,,153875,12,,,1,100,,153889,12,,,1,100,,82514,12,,,1,95,,153882,12,,,1,100,,23098,12,,,1
4301,'2',610,,153891,12,,,1,95,,153899,12,,,1,35,,153902,12,,,1,70,,153896,12,,,1,32,,153898,12,,,1,98,,153900,12,,,1,100,,153894,12,,,1,99,,153895,12,,,1,101,,153893,12,,,1,100,,153892,12,,,1,100,,153901,12,,,1,106,,200,12,,,1,269,,153903,12,,,1,25,,76918,12,,,1,98,,153890,12,,,1,100,,153904,12,,,1,100,,82368,12,,,1,95,,153897,12,,,1,100,,22963,12,,,1
4301,'3',610,,153912,12,,,1,30,,153916,12,,,1,65,,91451,12,,,1,33,,153919,12,,,1,73,,153914,12,,,1,29,,46349,12,,,1,100,,153909,12,,,1,100,,153918,12,,,1,99,,153917,12,,,1,101,,153920,12,,,1,100,,57780,12,,,1,100,,83988,12,,,1,106,,153915,12,,,1,269,,153907,12,,,1,25,,153913,12,,,1,98,,153908,12,,,1,100,,153905,12,,,1,100,,153906,12,,,1,95,,153910,12,,,1,100,,153911,12,,,1
4301,'5',610,,153922,12,,,1,95,,153930,12,,,1,35,,82254,12,,,1,70,,153927,12,,,1,32,,153929,12,,,1,98,,153933,12,,,1,100,,153925,12,,,1,99,,153926,12,,,1,101,,153924,12,,,1,100,,153923,12,,,1,100,,84287,12,,,1,106,,153931,12,,,1,269,,153935,12,,,1,25,,153934,12,,,1,98,,153921,12,,,1,100,,153936,12,,,1,100,,153937,12,,,1,95,,153928,12,,,1,100,,153932,12,,,1
4301,'6',610,,153939,12,,,1,95,,153947,12,,,1,35,,153950,12,,,1,70,,153944,12,,,1,32,,153946,12,,,1,98,,153948,12,,,1,100,,153942,12,,,1,99,,153943,12,,,1,101,,153941,12,,,1,100,,153940,12,,,1,100,,153949,12,,,1,106,,740,12,,,1,269,,153951,12,,,1,25,,77805,12,,,1,98,,153938,12,,,1,100,,153952,12,,,1,100,,82727,12,,,1,95,,153945,12,,,1,100,,23283,12,,,1
4301,'8',610,,153954,12,,,1,95,,153962,12,,,1,35,,153965,12,,,1,70,,153959,12,,,1,32,,153961,12,,,1,98,,153963,12,,,1,100,,153957,12,,,1,99,,153958,12,,,1,101,,153956,12,,,1,100,,153955,12,,,1,100,,153964,12,,,1,106,,680,12,,,1,269,,153966,12,,,1,25,,77716,12,,,1,98,,153953,12,,,1,100,,153967,12,,,1,100,,82689,12,,,1,95,,153960,12,,,1,100,,23248,12,,,1
