1501,'1',614,,78407,13,,,1,24,,115289,13,,,1,18,,135128,13,,,1,57,,48637,13,,,1,16,,135127,13,,,1,15,,135130,13,,,1,15,,90492,13,,,1,55,,135134,13,,,1,16,,135129,13,,,1,14,,135140,13,,,1,15,,135139,13,,,1,673,,135124,13,,,1,16,,135123,13,,,1,53,,135126,13,,,1,18,,135131,13,,,1,14,,135138,13,,,1,17,,135132,13,,,1,54,,135135,13,,,1,15,,135141,13,,,1,16,,2207,13,,,1,14,,7263,13,,,1,55,,135122,13,,,1,15,,135136,13,,,1,15,,135125,13,,,1,15,,135133,13,,,1
1501,'10',614,,68595,13,,,1,24,,135155,13,,,1,19,,135144,13,,,1,72,,52350,13,,,1,30,,135151,13,,,1,70,,8823,13,,,1,30,,135154,13,,,1,673,,103752,13,,,1,14,,78741,13,,,1,55,,135150,13,,,1,17,,135153,13,,,1,15,,135142,13,,,1,16,,135157,13,,,1,55,,135148,13,,,1,15,,135152,13,,,1,16,,135143,13,,,1,14,,135149,13,,,1,55,,135156,13,,,1,15,,135145,13,,,1,15,,135146,13,,,1,15,,135147,13,,,1
1501,'12',614,,28119,13,,,1,24,,135170,13,,,1,18,,135165,13,,,1,57,,135162,13,,,1,16,,17425,13,,,1,15,,135164,13,,,1,15,,110120,13,,,1,55,,135171,13,,,1,15,,135166,13,,,1,15,,135173,13,,,1,15,,78285,13,,,1,672,,100348,13,,,1,15,,135167,13,,,1,55,,135159,13,,,1,17,,135168,13,,,1,15,,135160,13,,,1,17,,135172,13,,,1,54,,135161,13,,,1,15,,135158,13,,,1,16,,135169,13,,,1,14,,135174,13,,,1,55,,34371,13,,,1,15,,135163,13,,,1,15,,29836,13,,,1,15,,73161,13,,,1
1501,'14',614,,135184,13,,,1,24,,135188,13,,,1,18,,135183,13,,,1,57,,89650,13,,,1,16,,135179,13,,,1,15,,135182,13,,,1,15,,135178,13,,,1,55,,81337,13,,,1,15,,103862,13,,,1,15,,135191,13,,,1,15,,135175,13,,,1,672,,135190,13,,,1,15,,1584,13,,,1,55,,68742,13,,,1,17,,135185,13,,,1,15,,135176,13,,,1,17,,135189,13,,,1,54,,135177,13,,,1,15,,63260,13,,,1,16,,135187,13,,,1,14,,135192,13,,,1,55,,135181,13,,,1,15,,96427,13,,,1,15,,135180,13,,,1,15,,135186,13,,,1
1501,'15',614,,135202,13,,,1,24,,135206,13,,,1,18,,135201,13,,,1,57,,90149,13,,,1,16,,135197,13,,,1,15,,135200,13,,,1,15,,135196,13,,,1,55,,81532,13,,,1,15,,104251,13,,,1,15,,135209,13,,,1,15,,135193,13,,,1,672,,135208,13,,,1,15,,1921,13,,,1,55,,69135,13,,,1,17,,135203,13,,,1,15,,135194,13,,,1,17,,135207,13,,,1,54,,135195,13,,,1,15,,63577,13,,,1,16,,135205,13,,,1,14,,135210,13,,,1,55,,135199,13,,,1,15,,96808,13,,,1,15,,135198,13,,,1,15,,135204,13,,,1
1501,'16',614,,135222,13,,,1,24,,135228,13,,,1,18,,104525,13,,,1,57,,135216,13,,,1,16,,135219,13,,,1,15,,70751,13,,,1,15,,135217,13,,,1,55,,135229,13,,,1,15,,135223,13,,,1,15,,135232,13,,,1,15,,135212,13,,,1,672,,135231,13,,,1,15,,135224,13,,,1,55,,135213,13,,,1,17,,135225,13,,,1,15,,135214,13,,,1,17,,135230,13,,,1,54,,135215,13,,,1,15,,135211,13,,,1,16,,135227,13,,,1,14,,135233,13,,,1,55,,135221,13,,,1,15,,135218,13,,,1,15,,135220,13,,,1,15,,135226,13,,,1
1501,'17',614,,78704,13,,,1,24,,115386,13,,,1,18,,135240,13,,,1,57,,48973,13,,,1,16,,135239,13,,,1,15,,135242,13,,,1,15,,90891,13,,,1,55,,135246,13,,,1,16,,135241,13,,,1,14,,135252,13,,,1,15,,135251,13,,,1,673,,135236,13,,,1,16,,135235,13,,,1,53,,135238,13,,,1,18,,135243,13,,,1,14,,135250,13,,,1,17,,135244,13,,,1,54,,135247,13,,,1,15,,135253,13,,,1,16,,2582,13,,,1,14,,7442,13,,,1,55,,135234,13,,,1,15,,135248,13,,,1,15,,135237,13,,,1,15,,135245,13,,,1
1501,'2',614,,78472,13,,,1,24,,115310,13,,,1,18,,135260,13,,,1,57,,48710,13,,,1,16,,135259,13,,,1,15,,135262,13,,,1,15,,90576,13,,,1,55,,135266,13,,,1,16,,135261,13,,,1,14,,135272,13,,,1,15,,135271,13,,,1,673,,135256,13,,,1,16,,135255,13,,,1,53,,135258,13,,,1,18,,135263,13,,,1,14,,135270,13,,,1,17,,135264,13,,,1,54,,135267,13,,,1,15,,135273,13,,,1,16,,2281,13,,,1,14,,7299,13,,,1,55,,135254,13,,,1,15,,135268,13,,,1,15,,135257,13,,,1,15,,135265,13,,,1
1501,'3',614,,135283,13,,,1,24,,135287,13,,,1,18,,135282,13,,,1,57,,89966,13,,,1,16,,135278,13,,,1,15,,135281,13,,,1,15,,135277,13,,,1,55,,81464,13,,,1,15,,104108,13,,,1,15,,135290,13,,,1,15,,135274,13,,,1,672,,135289,13,,,1,15,,1799,13,,,1,55,,68994,13,,,1,17,,135284,13,,,1,15,,135275,13,,,1,17,,135288,13,,,1,54,,135276,13,,,1,15,,63467,13,,,1,16,,135286,13,,,1,14,,135291,13,,,1,55,,135280,13,,,1,15,,96668,13,,,1,15,,135279,13,,,1,15,,135285,13,,,1
1501,'5',614,,135312,13,,,1,24,,135295,13,,,1,18,,135296,13,,,1,57,,135300,13,,,1,16,,9811,13,,,1,15,,135297,13,,,1,15,,135304,13,,,1,55,,135302,13,,,1,16,,2030,13,,,1,14,,135310,13,,,1,15,,135307,13,,,1,673,,37446,13,,,1,16,,135293,13,,,1,53,,115253,13,,,1,18,,135298,13,,,1,14,,135306,13,,,1,17,,135299,13,,,1,54,,36203,13,,,1,15,,135311,13,,,1,16,,135309,13,,,1,14,,135308,13,,,1,55,,135292,13,,,1,15,,135303,13,,,1,15,,135294,13,,,1,15,,135301,13,,,1
1501,'6',614,,79055,13,,,1,24,,115502,13,,,1,18,,135319,13,,,1,57,,49377,13,,,1,16,,135318,13,,,1,15,,135321,13,,,1,15,,91359,13,,,1,55,,135325,13,,,1,16,,135320,13,,,1,14,,135331,13,,,1,15,,135330,13,,,1,673,,135315,13,,,1,16,,135314,13,,,1,53,,135317,13,,,1,18,,135322,13,,,1,14,,135329,13,,,1,17,,135323,13,,,1,54,,135326,13,,,1,15,,135332,13,,,1,16,,3016,13,,,1,14,,7654,13,,,1,55,,135313,13,,,1,15,,135327,13,,,1,15,,135316,13,,,1,15,,135324,13,,,1
1501,'8',614,,78990,13,,,1,24,,115481,13,,,1,18,,135339,13,,,1,57,,49304,13,,,1,16,,135338,13,,,1,15,,135341,13,,,1,15,,91275,13,,,1,55,,135345,13,,,1,16,,135340,13,,,1,14,,135351,13,,,1,15,,135350,13,,,1,673,,135335,13,,,1,16,,135334,13,,,1,53,,135337,13,,,1,18,,135342,13,,,1,14,,135349,13,,,1,17,,135343,13,,,1,54,,135346,13,,,1,15,,135352,13,,,1,16,,2942,13,,,1,14,,7618,13,,,1,55,,135333,13,,,1,15,,135347,13,,,1,15,,135336,13,,,1,15,,135344,13,,,1
2500,'1',623,,139540,52,,,1,16,,139494,52,,,1,15,,139534,52,,,1,56,,55544,52,,,1,16,,139526,52,,,1,75,,139528,52,,,1,15,,139507,52,,,1,16,,139502,52,,,1,14,,139539,52,,,1,57,,31964,52,,,1,11,,139527,52,,,1,16,,19743,52,,,1,14,,139523,52,,,1,15,,139504,52,,,1,56,,139497,52,,,1,15,,139514,52,,,1,15,,139530,52,,,1,14,,139532,52,,,1,56,,139524,52,,,1,15,,14055,52,,,1,15,,139537,52,,,1,55,,139491,52,,,1,15,,139518,52,,,1,15,,139513,52,,,1,15,,139495,52,,,1,55,,139505,52,,,1,15,,139517,52,,,1,16,,139508,52,,,1,14,,139493,52,,,1,55,,139538,52,,,1,13,,139521,52,,,1,14,,139509,52,,,1,18,,139501,52,,,1,55,,139542,52,,,1,15,,139506,52,,,1,15,,19408,52,,,1,14,,139543,52,,,1,56,,139522,52,,,1,15,,65970,52,,,1,15,,139536,52,,,1,15,,84419,52,,,1,14,,118135,52,,,1,54,,139510,52,,,1,16,,98742,52,,,1,15,,139533,52,,,1,15,,61823,52,,,1,55,,139512,52,,,1,15,,139515,52,,,1,30,,139492,52,,,1,65,,91888,52,,,1,30,,139541,52,,,1,69,,139499,52,,,1,30,,139516,52,,,1,70,,139500,52,,,1,31,,139496,52,,,1,70,,139520,52,,,1,30,,139519,52,,,1,69,,139511,52,,,1
2500,'10',623,,139559,52,,,1,16,,139553,52,,,1,15,,139564,52,,,1,56,,139545,52,,,1,16,,139556,52,,,1,19,,38150,52,,,1,14,,139558,52,,,1,57,,139593,52,,,1,14,,139576,52,,,1,16,,139562,52,,,1,57,,5267,52,,,1,11,,139551,52,,,1,15,,139588,52,,,1,17,,139569,52,,,1,13,,95750,52,,,1,56,,55797,52,,,1,15,,139577,52,,,1,15,,139555,52,,,1,14,,139554,52,,,1,56,,139563,52,,,1,15,,139592,52,,,1,15,,61431,52,,,1,55,,139581,52,,,1,15,,139547,52,,,1,15,,139585,52,,,1,15,,139575,52,,,1,55,,139583,52,,,1,15,,68612,52,,,1,16,,139590,52,,,1,14,,139557,52,,,1,55,,93945,52,,,1,13,,21847,52,,,1,14,,139574,52,,,1,18,,15887,52,,,1,55,,139546,52,,,1,13,,139548,52,,,1,17,,139572,52,,,1,13,,139550,52,,,1,57,,139549,52,,,1,15,,139578,52,,,1,16,,139591,52,,,1,13,,139594,52,,,1,56,,51507,52,,,1,13,,139552,52,,,1,16,,139580,52,,,1,15,,139561,52,,,1,57,,40966,52,,,1,13,,139573,52,,,1,16,,139586,52,,,1,29,,139567,52,,,1,65,,139584,52,,,1,30,,139566,52,,,1,69,,33994,52,,,1,30,,139565,52,,,1,70,,139587,52,,,1,31,,139570,52,,,1,70,,139560,52,,,1,30,,139571,52,,,1,69,,139568,52,,,1
2500,'11',852,,139607,52,0,42,1,70,,139615,52,0,42,1,30,,139601,52,0,42,1,70,,60872,52,0,42,1,31,,1379,52,0,42,1,70,,139606,52,0,42,1,31,,139619,52,0,42,1,70,,139622,52,0,42,1,31,,139599,52,0,42,1,70,,22417,52,0,42,1,30,,139596,52,0,42,1,70,,139616,52,0,42,1,30,,139603,52,0,42,1,70,,139614,52,0,42,1,30,,139618,52,0,42,1,70,,139617,52,0,42,1,29,,139597,52,0,42,1,70,,139609,52,0,42,1,30,,139613,52,0,42,1,70,,139604,52,0,42,1,30,,139602,52,0,42,1,97,,139623,52,0,42,1,100,,139611,52,0,42,1,105,,65314,52,0,42,1
2500,'12',623,,139642,52,,,1,16,,139651,52,,,1,15,,95838,52,,,1,56,,139655,52,,,1,14,,139664,52,,,1,21,,139660,52,,,1,13,,90369,52,,,1,58,,139662,52,,,1,14,,47489,52,,,1,16,,102141,52,,,1,57,,139663,52,,,1,11,,3486,52,,,1,15,,139661,52,,,1,17,,139639,52,,,1,69,,139635,52,,,1,30,,139624,52,,,1,70,,1101,52,,,1,30,,139670,52,,,1,70,,2090,52,,,1,30,,139659,52,,,1,70,,83148,52,,,1,30,,139631,52,,,1,68,,2095,52,,,1,32,,139658,52,,,1,70,,139652,52,,,1,28,,139633,52,,,1,16,,139627,52,,,1,55,,139629,52,,,1,16,,139650,52,,,1,14,,139649,52,,,1,56,,139626,52,,,1,14,,139648,52,,,1,15,,139669,52,,,1,16,,45882,52,,,1,55,,139668,52,,,1,16,,139645,52,,,1,14,,55455,52,,,1,29,,104404,52,,,1,65,,139636,52,,,1,30,,139666,52,,,1,69,,139625,52,,,1,30,,139641,52,,,1,70,,139647,52,,,1,31,,37522,52,,,1,70,,139654,52,,,1,30,,139634,52,,,1,69,,139643,52,,,1
2500,'13',852,,139681,52,0,42,1,70,,139689,52,0,42,1,30,,139675,52,0,42,1,70,,139676,52,0,42,1,31,,139693,52,0,42,1,70,,139680,52,0,42,1,31,,139692,52,0,42,1,70,,139695,52,0,42,1,31,,92978,52,0,42,1,70,,139685,52,0,42,1,30,,139672,52,0,42,1,70,,139690,52,0,42,1,30,,139678,52,0,42,1,70,,139688,52,0,42,1,30,,54784,52,0,42,1,70,,139691,52,0,42,1,29,,139673,52,0,42,1,70,,139683,52,0,42,1,30,,139687,52,0,42,1,70,,42880,52,0,42,1,30,,139677,52,0,42,1,97,,85651,52,0,42,1,100,,139684,52,0,42,1,105,,139671,52,0,42,1
2500,'14',623,,139717,52,,,1,16,,59926,52,,,1,15,,139699,52,,,1,56,,139731,52,,,1,14,,81967,52,,,1,21,,46998,52,,,1,13,,139708,52,,,1,58,,139737,52,,,1,14,,139710,52,,,1,16,,139718,52,,,1,57,,139738,52,,,1,11,,139726,52,,,1,15,,16019,52,,,1,17,,139713,52,,,1,69,,110816,52,,,1,30,,139697,52,,,1,70,,139736,52,,,1,30,,139744,52,,,1,70,,139709,52,,,1,30,,21267,52,,,1,70,,139719,52,,,1,30,,83711,52,,,1,68,,139715,52,,,1,32,,139734,52,,,1,70,,12375,52,,,1,28,,139706,52,,,1,16,,139703,52,,,1,55,,139704,52,,,1,16,,139729,52,,,1,14,,139728,52,,,1,56,,139702,52,,,1,14,,139727,52,,,1,15,,139742,52,,,1,16,,139721,52,,,1,55,,139741,52,,,1,16,,139723,52,,,1,14,,139696,52,,,1,29,,139743,52,,,1,65,,139711,52,,,1,30,,139739,52,,,1,69,,139698,52,,,1,30,,50412,52,,,1,70,,139724,52,,,1,31,,139701,52,,,1,70,,139730,52,,,1,30,,139707,52,,,1,69,,139720,52,,,1
2500,'15',623,,139766,52,,,1,16,,60110,52,,,1,15,,139748,52,,,1,56,,139780,52,,,1,14,,82170,52,,,1,21,,47349,52,,,1,13,,139757,52,,,1,58,,139786,52,,,1,14,,139759,52,,,1,16,,139767,52,,,1,57,,139787,52,,,1,11,,139775,52,,,1,15,,16459,52,,,1,17,,139762,52,,,1,69,,110944,52,,,1,30,,139746,52,,,1,70,,139785,52,,,1,30,,139793,52,,,1,70,,139758,52,,,1,30,,21470,52,,,1,70,,139768,52,,,1,30,,84089,52,,,1,68,,139764,52,,,1,32,,139783,52,,,1,70,,12721,52,,,1,28,,139755,52,,,1,16,,139752,52,,,1,55,,139753,52,,,1,16,,139778,52,,,1,14,,139777,52,,,1,56,,139751,52,,,1,14,,139776,52,,,1,15,,139791,52,,,1,16,,139770,52,,,1,55,,139790,52,,,1,16,,139772,52,,,1,14,,139745,52,,,1,29,,139792,52,,,1,65,,139760,52,,,1,30,,139788,52,,,1,69,,139747,52,,,1,30,,50820,52,,,1,70,,139773,52,,,1,31,,139750,52,,,1,70,,139779,52,,,1,30,,139756,52,,,1,69,,139769,52,,,1
2500,'16',623,,139820,52,,,1,16,,139832,52,,,1,15,,139797,52,,,1,56,,139836,52,,,1,14,,139847,52,,,1,21,,139843,52,,,1,13,,139809,52,,,1,58,,79620,52,,,1,14,,139812,52,,,1,16,,139821,52,,,1,57,,139846,52,,,1,11,,139829,52,,,1,15,,139844,52,,,1,17,,139816,52,,,1,69,,139810,52,,,1,30,,139795,52,,,1,70,,139845,52,,,1,30,,139852,52,,,1,70,,139811,52,,,1,30,,139842,52,,,1,70,,139822,52,,,1,30,,139805,52,,,1,68,,139817,52,,,1,32,,139840,52,,,1,70,,139833,52,,,1,28,,139807,52,,,1,16,,139801,52,,,1,55,,139803,52,,,1,16,,81781,52,,,1,14,,139831,52,,,1,56,,139800,52,,,1,14,,139830,52,,,1,15,,139850,52,,,1,16,,139824,52,,,1,55,,62002,52,,,1,16,,23632,52,,,1,14,,139794,52,,,1,29,,139851,52,,,1,65,,139813,52,,,1,30,,139849,52,,,1,69,,139796,52,,,1,30,,139818,52,,,1,70,,139827,52,,,1,31,,139799,52,,,1,70,,139835,52,,,1,30,,139808,52,,,1,69,,139823,52,,,1
2500,'17',623,,139903,52,,,1,16,,139856,52,,,1,15,,139897,52,,,1,56,,55773,52,,,1,16,,139889,52,,,1,75,,139891,52,,,1,15,,139869,52,,,1,16,,139864,52,,,1,14,,139902,52,,,1,57,,32136,52,,,1,11,,139890,52,,,1,16,,19846,52,,,1,14,,139886,52,,,1,15,,139866,52,,,1,56,,139859,52,,,1,15,,139877,52,,,1,15,,139893,52,,,1,14,,139895,52,,,1,56,,139887,52,,,1,15,,14431,52,,,1,15,,139900,52,,,1,55,,139853,52,,,1,15,,139881,52,,,1,15,,139876,52,,,1,15,,139857,52,,,1,55,,139867,52,,,1,15,,139880,52,,,1,16,,139870,52,,,1,14,,139855,52,,,1,55,,139901,52,,,1,13,,139884,52,,,1,14,,139871,52,,,1,18,,139863,52,,,1,55,,139905,52,,,1,15,,139868,52,,,1,15,,19501,52,,,1,14,,139906,52,,,1,56,,139885,52,,,1,15,,66205,52,,,1,15,,139899,52,,,1,15,,84744,52,,,1,14,,139872,52,,,1,54,,139873,52,,,1,16,,98932,52,,,1,15,,139896,52,,,1,15,,62106,52,,,1,55,,139875,52,,,1,15,,139878,52,,,1,30,,139854,52,,,1,65,,92163,52,,,1,30,,139904,52,,,1,69,,139861,52,,,1,30,,139879,52,,,1,70,,139862,52,,,1,31,,139858,52,,,1,70,,139883,52,,,1,30,,139882,52,,,1,69,,139874,52,,,1
2500,'2',623,,139957,52,,,1,16,,139910,52,,,1,15,,139951,52,,,1,56,,55592,52,,,1,16,,139943,52,,,1,75,,139945,52,,,1,15,,139923,52,,,1,16,,139918,52,,,1,14,,139956,52,,,1,57,,32000,52,,,1,11,,139944,52,,,1,16,,19769,52,,,1,14,,139940,52,,,1,15,,139920,52,,,1,56,,139913,52,,,1,15,,139931,52,,,1,15,,139947,52,,,1,14,,139949,52,,,1,56,,139941,52,,,1,15,,14132,52,,,1,15,,139954,52,,,1,55,,139907,52,,,1,15,,139935,52,,,1,15,,139930,52,,,1,15,,139911,52,,,1,55,,139921,52,,,1,15,,139934,52,,,1,16,,139924,52,,,1,14,,139909,52,,,1,55,,139955,52,,,1,13,,139938,52,,,1,14,,139925,52,,,1,18,,139917,52,,,1,55,,139959,52,,,1,15,,139922,52,,,1,15,,19431,52,,,1,14,,139960,52,,,1,56,,139939,52,,,1,15,,66020,52,,,1,15,,139953,52,,,1,15,,84486,52,,,1,14,,139926,52,,,1,54,,139927,52,,,1,16,,98782,52,,,1,15,,139950,52,,,1,15,,61883,52,,,1,55,,139929,52,,,1,15,,139932,52,,,1,30,,139908,52,,,1,65,,91948,52,,,1,30,,139958,52,,,1,69,,139915,52,,,1,30,,139933,52,,,1,70,,139916,52,,,1,31,,139912,52,,,1,70,,139937,52,,,1,30,,139936,52,,,1,69,,139928,52,,,1
2500,'3',623,,139982,52,,,1,16,,60044,52,,,1,15,,139964,52,,,1,56,,139996,52,,,1,14,,82099,52,,,1,21,,47221,52,,,1,13,,139973,52,,,1,58,,140002,52,,,1,14,,139975,52,,,1,16,,139983,52,,,1,57,,140003,52,,,1,11,,139991,52,,,1,15,,16305,52,,,1,17,,139978,52,,,1,69,,110897,52,,,1,30,,139962,52,,,1,70,,140001,52,,,1,30,,140009,52,,,1,70,,139974,52,,,1,30,,21400,52,,,1,70,,139984,52,,,1,30,,83957,52,,,1,68,,139980,52,,,1,32,,139999,52,,,1,70,,12596,52,,,1,28,,139971,52,,,1,16,,139968,52,,,1,55,,139969,52,,,1,16,,139994,52,,,1,14,,139993,52,,,1,56,,139967,52,,,1,14,,139992,52,,,1,15,,140007,52,,,1,16,,139986,52,,,1,55,,140006,52,,,1,16,,139988,52,,,1,14,,139961,52,,,1,29,,140008,52,,,1,65,,139976,52,,,1,30,,140004,52,,,1,69,,139963,52,,,1,30,,50674,52,,,1,70,,139989,52,,,1,31,,139966,52,,,1,70,,139995,52,,,1,30,,139972,52,,,1,69,,139985,52,,,1
2500,'4',834,,140040,52,0,42,1,70,,8388,52,0,42,1,30,,140025,52,0,42,1,70,,31112,52,0,42,1,30,,140016,52,0,42,1,71,,140034,52,0,42,1,30,,140039,52,0,42,1,71,,91539,52,0,42,1,30,,140024,52,0,42,1,71,,5719,52,0,42,1,30,,140014,52,0,42,1,70,,140038,52,0,42,1,30,,140015,52,0,42,1,70,,140010,52,0,42,1,30,,140032,52,0,42,1,70,,140036,52,0,42,1,30,,140031,52,0,42,1,69,,140021,52,0,42,1,30,,140018,52,0,42,1,70,,140013,52,0,42,1,30,,105933,52,0,42,1,70,,140028,52,0,42,1,98,,61617,52,0,42,1,100,,140023,52,0,42,1,100,,140041,52,0,42,1,98,,140029,52,0,42,1
2500,'5',623,,140095,52,,,1,16,,140046,52,,,1,15,,140088,52,,,1,56,,140090,52,,,1,16,,140078,52,,,1,75,,140081,52,,,1,15,,140059,52,,,1,16,,140054,52,,,1,14,,140094,52,,,1,57,,140072,52,,,1,11,,140080,52,,,1,16,,140070,52,,,1,14,,140075,52,,,1,15,,140056,52,,,1,56,,140050,52,,,1,15,,140065,52,,,1,15,,140082,52,,,1,14,,140084,52,,,1,56,,140076,52,,,1,15,,140086,52,,,1,15,,43702,52,,,1,55,,140043,52,,,1,15,,140069,52,,,1,15,,140064,52,,,1,15,,140047,52,,,1,55,,140057,52,,,1,15,,140068,52,,,1,16,,140060,52,,,1,14,,140045,52,,,1,55,,140093,52,,,1,13,,140073,52,,,1,14,,94999,52,,,1,18,,140053,52,,,1,55,,140097,52,,,1,15,,140058,52,,,1,15,,140042,52,,,1,14,,140098,52,,,1,56,,140074,52,,,1,15,,140051,52,,,1,15,,140092,52,,,1,15,,140091,52,,,1,14,,140061,52,,,1,54,,140062,52,,,1,16,,140049,52,,,1,15,,140085,52,,,1,15,,140079,52,,,1,55,,140063,52,,,1,15,,140066,52,,,1,30,,140044,52,,,1,65,,140087,52,,,1,30,,140096,52,,,1,69,,140052,52,,,1,30,,140067,52,,,1,70,,34333,52,,,1,31,,140048,52,,,1,70,,7851,52,,,1,30,,140071,52,,,1,69,,2036,52,,,1
2500,'6',623,,140149,52,,,1,16,,140102,52,,,1,15,,140143,52,,,1,56,,56052,52,,,1,16,,140135,52,,,1,75,,140137,52,,,1,15,,140115,52,,,1,16,,140110,52,,,1,14,,140148,52,,,1,57,,32332,52,,,1,11,,140136,52,,,1,16,,19969,52,,,1,14,,140132,52,,,1,15,,140112,52,,,1,56,,140105,52,,,1,15,,140123,52,,,1,15,,140139,52,,,1,14,,140141,52,,,1,56,,140133,52,,,1,15,,14865,52,,,1,15,,140146,52,,,1,55,,140099,52,,,1,15,,140127,52,,,1,15,,140122,52,,,1,15,,140103,52,,,1,55,,140113,52,,,1,15,,140126,52,,,1,16,,140116,52,,,1,14,,140101,52,,,1,55,,140147,52,,,1,13,,140130,52,,,1,14,,140117,52,,,1,18,,140109,52,,,1,55,,140151,52,,,1,15,,140114,52,,,1,15,,19610,52,,,1,14,,140152,52,,,1,56,,140131,52,,,1,15,,66487,52,,,1,15,,140145,52,,,1,15,,85119,52,,,1,14,,140118,52,,,1,54,,140119,52,,,1,16,,99134,52,,,1,15,,140142,52,,,1,15,,62448,52,,,1,55,,140121,52,,,1,15,,140124,52,,,1,30,,140100,52,,,1,65,,92499,52,,,1,30,,140150,52,,,1,69,,140107,52,,,1,30,,140125,52,,,1,70,,140108,52,,,1,31,,140104,52,,,1,70,,140129,52,,,1,30,,140128,52,,,1,69,,140120,52,,,1
2500,'7',834,,140188,52,0,42,1,70,,140161,52,0,42,1,30,,140173,52,0,42,1,70,,140169,52,0,42,1,30,,140162,52,0,42,1,71,,140182,52,0,42,1,30,,140187,52,0,42,1,71,,140181,52,0,42,1,30,,79271,52,0,42,1,71,,140168,52,0,42,1,30,,140158,52,0,42,1,70,,140186,52,0,42,1,30,,140160,52,0,42,1,70,,140153,52,0,42,1,30,,88755,52,0,42,1,70,,140184,52,0,42,1,30,,140179,52,0,42,1,69,,140167,52,0,42,1,30,,140165,52,0,42,1,70,,140157,52,0,42,1,30,,140189,52,0,42,1,70,,140176,52,0,42,1,98,,140159,52,0,42,1,100,,140172,52,0,42,1,100,,140190,52,0,42,1,98,,140177,52,0,42,1
2500,'8',623,,140241,52,,,1,16,,140194,52,,,1,15,,140235,52,,,1,56,,56004,52,,,1,16,,140227,52,,,1,75,,140229,52,,,1,15,,140207,52,,,1,16,,140202,52,,,1,14,,140240,52,,,1,57,,32296,52,,,1,11,,140228,52,,,1,16,,19943,52,,,1,14,,140224,52,,,1,15,,140204,52,,,1,56,,140197,52,,,1,15,,140215,52,,,1,15,,140231,52,,,1,14,,140233,52,,,1,56,,140225,52,,,1,15,,14788,52,,,1,15,,140238,52,,,1,55,,140191,52,,,1,15,,140219,52,,,1,15,,140214,52,,,1,15,,140195,52,,,1,55,,140205,52,,,1,15,,140218,52,,,1,16,,140208,52,,,1,14,,140193,52,,,1,55,,140239,52,,,1,13,,140222,52,,,1,14,,140209,52,,,1,18,,140201,52,,,1,55,,140243,52,,,1,15,,140206,52,,,1,15,,19587,52,,,1,14,,140244,52,,,1,56,,140223,52,,,1,15,,66437,52,,,1,15,,140237,52,,,1,15,,85052,52,,,1,14,,140210,52,,,1,54,,140211,52,,,1,16,,99094,52,,,1,15,,140234,52,,,1,15,,62388,52,,,1,55,,140213,52,,,1,15,,140216,52,,,1,30,,140192,52,,,1,65,,92439,52,,,1,30,,140242,52,,,1,69,,140199,52,,,1,30,,140217,52,,,1,70,,140200,52,,,1,31,,140196,52,,,1,70,,140221,52,,,1,30,,140220,52,,,1,69,,140212,52,,,1
2500,'9',852,,140258,52,0,42,1,70,,140267,52,0,42,1,30,,140252,52,0,42,1,70,,140253,52,0,42,1,31,,140273,52,0,42,1,70,,140257,52,0,42,1,31,,140271,52,0,42,1,70,,140275,52,0,42,1,31,,140250,52,0,42,1,70,,140263,52,0,42,1,30,,140247,52,0,42,1,70,,140268,52,0,42,1,30,,140254,52,0,42,1,70,,140266,52,0,42,1,30,,140270,52,0,42,1,70,,140269,52,0,42,1,29,,140248,52,0,42,1,70,,140260,52,0,42,1,30,,140265,52,0,42,1,70,,140255,52,0,42,1,30,,4197,52,0,42,1,97,,140276,52,0,42,1,100,,140262,52,0,42,1,105,,140246,52,0,42,1
