5101,'1',915,,53982,52,,,1,30,,53989,52,,,1,71,,53995,52,,,1,30,,53987,52,,,1,70,,53991,52,,,1,30,,53976,52,,,1,70,,53969,52,,,1,30,,53981,52,,,1,70,,53993,52,,,1,30,,53971,52,,,1,70,,53994,52,,,1,30,,53972,52,,,1,70,,53985,52,,,1,30,,53988,52,,,1,70,,53973,52,,,1,30,,53990,52,,,1,70,,53978,52,,,1,30,,53974,52,,,1,70,,53983,52,,,1,30,,53986,52,,,1,70,,53970,52,,,1,30,,53992,52,,,1,69,,53977,52,,,1,100,,53980,52,,,1,100,,53975,52,,,1,199,,53984,52,,,1
5101,'10',727,,54011,52,,,1,32,,54009,52,,,1,141,,54004,52,,,1,11,,54022,52,,,1,19,,54024,52,,,1,25,,54018,52,,,1,70,,53998,52,,,1,30,,54005,52,,,1,70,,54016,52,,,1,31,,54013,52,,,1,70,,54025,52,,,1,30,,54010,52,,,1,70,,54020,52,,,1,30,,54000,52,,,1,70,,53996,52,,,1,30,,54014,52,,,1,74,,54019,52,,,1,72,,54026,52,,,1,30,,54021,52,,,1,69,,53999,52,,,1,30,,54028,52,,,1,69,,54006,52,,,1,30,,54015,52,,,1,26,,54007,52,,,1,67,,54017,52,,,1,29,,53997,52,,,1,70,,54008,52,,,1,27,,54023,52,,,1,70,,54001,52,,,1,30,,54002,52,,,1,68,,54012,52,,,1,99,,54027,52,,,1
5101,'11',727,,54044,52,,,1,32,,54042,52,,,1,141,,54037,52,,,1,11,,54055,52,,,1,19,,54057,52,,,1,25,,54051,52,,,1,70,,54031,52,,,1,30,,54038,52,,,1,70,,54049,52,,,1,31,,54046,52,,,1,70,,54058,52,,,1,30,,54043,52,,,1,70,,54053,52,,,1,30,,54033,52,,,1,70,,54029,52,,,1,30,,54047,52,,,1,74,,54052,52,,,1,72,,54059,52,,,1,30,,54054,52,,,1,69,,54032,52,,,1,30,,54061,52,,,1,69,,54039,52,,,1,30,,54048,52,,,1,26,,54040,52,,,1,67,,54050,52,,,1,29,,54030,52,,,1,70,,54041,52,,,1,27,,54056,52,,,1,70,,54034,52,,,1,30,,54035,52,,,1,68,,54045,52,,,1,99,,54060,52,,,1
5101,'12',727,,54077,52,,,1,32,,54075,52,,,1,141,,54070,52,,,1,11,,54088,52,,,1,19,,54090,52,,,1,25,,54084,52,,,1,70,,54064,52,,,1,30,,54071,52,,,1,70,,54082,52,,,1,31,,54079,52,,,1,70,,54091,52,,,1,30,,54076,52,,,1,70,,54086,52,,,1,30,,54066,52,,,1,70,,54062,52,,,1,30,,54080,52,,,1,74,,54085,52,,,1,72,,54092,52,,,1,30,,54087,52,,,1,69,,54065,52,,,1,30,,54094,52,,,1,69,,54072,52,,,1,30,,54081,52,,,1,26,,54073,52,,,1,67,,54083,52,,,1,29,,54063,52,,,1,70,,54074,52,,,1,27,,54089,52,,,1,70,,54067,52,,,1,30,,54068,52,,,1,68,,54078,52,,,1,99,,54093,52,,,1
5101,'13',727,,54124,52,,,1,32,,54119,52,,,1,73,,54109,52,,,1,68,,54126,52,,,1,30,,54101,52,,,1,25,,54113,52,,,1,70,,54123,52,,,1,30,,54111,52,,,1,70,,54108,52,,,1,31,,54100,52,,,1,70,,54112,52,,,1,30,,54114,52,,,1,70,,54102,52,,,1,30,,54125,52,,,1,70,,54099,52,,,1,30,,54115,52,,,1,74,,54095,52,,,1,72,,54110,52,,,1,30,,54122,52,,,1,69,,54103,52,,,1,30,,54097,52,,,1,69,,54104,52,,,1,30,,54098,52,,,1,26,,54106,52,,,1,67,,54121,52,,,1,29,,54116,52,,,1,70,,54096,52,,,1,27,,54105,52,,,1,70,,54120,52,,,1,30,,54107,52,,,1,68,,54118,52,,,1,99,,54117,52,,,1
5101,'14',750,,54143,52,,,1,101,,54135,52,,,1,70,,54155,52,,,1,30,,54142,52,,,1,71,,54147,52,,,1,30,,54140,52,,,1,70,,54128,52,,,1,30,,54146,52,,,1,70,,54136,52,,,1,30,,54150,52,,,1,70,,54153,52,,,1,30,,54156,52,,,1,70,,54141,52,,,1,30,,54157,52,,,1,70,,54134,52,,,1,30,,54129,52,,,1,70,,54154,52,,,1,30,,54130,52,,,1,70,,54152,52,,,1,30,,54138,52,,,1,71,,54144,52,,,1,100,,54149,52,,,1,99,,54139,52,,,1,100,,54151,52,,,1,100,,54131,52,,,1,99,,54127,52,,,1,100,,54132,52,,,1
5101,'15',727,,54173,52,,,1,32,,54171,52,,,1,141,,54166,52,,,1,11,,54184,52,,,1,19,,54186,52,,,1,25,,54180,52,,,1,70,,54160,52,,,1,30,,54167,52,,,1,70,,54178,52,,,1,31,,54175,52,,,1,70,,54187,52,,,1,30,,54172,52,,,1,70,,54182,52,,,1,30,,54162,52,,,1,70,,54158,52,,,1,30,,54176,52,,,1,74,,54181,52,,,1,72,,54188,52,,,1,30,,54183,52,,,1,69,,54161,52,,,1,30,,54190,52,,,1,69,,54168,52,,,1,30,,54177,52,,,1,26,,54169,52,,,1,67,,54179,52,,,1,29,,54159,52,,,1,70,,54170,52,,,1,27,,54185,52,,,1,70,,54163,52,,,1,30,,54164,52,,,1,68,,54174,52,,,1,99,,54189,52,,,1
5101,'16',727,,54206,52,,,1,32,,54204,52,,,1,141,,54199,52,,,1,11,,54217,52,,,1,19,,54219,52,,,1,25,,54213,52,,,1,70,,54193,52,,,1,30,,54200,52,,,1,70,,54211,52,,,1,31,,54208,52,,,1,70,,54220,52,,,1,30,,54205,52,,,1,70,,54215,52,,,1,30,,54195,52,,,1,70,,54191,52,,,1,30,,54209,52,,,1,74,,54214,52,,,1,72,,54221,52,,,1,30,,54216,52,,,1,69,,54194,52,,,1,30,,54223,52,,,1,69,,54201,52,,,1,30,,54210,52,,,1,26,,54202,52,,,1,67,,54212,52,,,1,29,,54192,52,,,1,70,,54203,52,,,1,27,,54218,52,,,1,70,,54196,52,,,1,30,,54197,52,,,1,68,,54207,52,,,1,99,,54222,52,,,1
5101,'17',727,,54253,52,,,1,32,,54248,52,,,1,73,,54238,52,,,1,68,,54255,52,,,1,30,,54230,52,,,1,25,,54242,52,,,1,70,,54252,52,,,1,30,,54240,52,,,1,70,,54237,52,,,1,31,,54229,52,,,1,70,,54241,52,,,1,30,,54243,52,,,1,70,,54231,52,,,1,30,,54254,52,,,1,70,,54228,52,,,1,30,,54244,52,,,1,74,,54224,52,,,1,72,,54239,52,,,1,30,,54251,52,,,1,69,,54232,52,,,1,30,,54226,52,,,1,69,,54233,52,,,1,30,,54227,52,,,1,26,,54235,52,,,1,67,,54250,52,,,1,29,,54245,52,,,1,70,,54225,52,,,1,27,,54234,52,,,1,70,,54249,52,,,1,30,,54236,52,,,1,68,,54247,52,,,1,99,,54246,52,,,1
5101,'18',727,,54268,52,,,1,32,,54275,52,,,1,72,,54270,52,,,1,69,,54276,52,,,1,30,,54277,52,,,1,25,,54271,52,,,1,70,,54274,52,,,1,30,,54284,52,,,1,70,,54265,52,,,1,31,,54262,52,,,1,70,,54256,52,,,1,30,,54282,52,,,1,70,,54258,52,,,1,30,,54281,52,,,1,70,,54278,52,,,1,30,,54257,52,,,1,74,,54286,52,,,1,72,,54261,52,,,1,30,,54264,52,,,1,70,,54263,52,,,1,29,,54287,52,,,1,69,,54259,52,,,1,30,,54267,52,,,1,26,,54269,52,,,1,67,,54280,52,,,1,29,,54266,52,,,1,70,,54283,52,,,1,27,,54272,52,,,1,70,,54279,52,,,1,30,,54285,52,,,1,68,,54273,52,,,1,99,,54260,52,,,1
5101,'19',727,,54317,52,,,1,32,,54312,52,,,1,73,,54302,52,,,1,68,,54319,52,,,1,30,,54294,52,,,1,25,,54306,52,,,1,70,,54316,52,,,1,30,,54304,52,,,1,70,,54301,52,,,1,31,,54293,52,,,1,70,,54305,52,,,1,30,,54307,52,,,1,70,,54295,52,,,1,30,,54318,52,,,1,70,,54292,52,,,1,30,,54308,52,,,1,74,,54288,52,,,1,72,,54303,52,,,1,30,,54315,52,,,1,69,,54296,52,,,1,30,,54290,52,,,1,69,,54297,52,,,1,30,,54291,52,,,1,26,,54299,52,,,1,67,,54314,52,,,1,29,,54309,52,,,1,70,,54289,52,,,1,27,,54298,52,,,1,70,,54313,52,,,1,30,,54300,52,,,1,68,,54311,52,,,1,99,,54310,52,,,1
5101,'2',915,,54334,52,,,1,30,,54341,52,,,1,71,,54347,52,,,1,30,,54339,52,,,1,70,,54343,52,,,1,30,,54328,52,,,1,70,,54321,52,,,1,30,,54333,52,,,1,70,,54345,52,,,1,30,,54323,52,,,1,70,,54346,52,,,1,30,,54324,52,,,1,70,,54337,52,,,1,30,,54340,52,,,1,70,,54325,52,,,1,30,,54342,52,,,1,70,,54330,52,,,1,30,,54326,52,,,1,70,,54335,52,,,1,30,,54338,52,,,1,70,,54322,52,,,1,30,,54344,52,,,1,69,,54329,52,,,1,100,,54332,52,,,1,100,,54327,52,,,1,199,,54336,52,,,1
5101,'3',727,,54363,52,,,1,32,,54361,52,,,1,141,,54356,52,,,1,11,,54374,52,,,1,19,,54376,52,,,1,25,,54370,52,,,1,70,,54350,52,,,1,30,,54357,52,,,1,70,,54368,52,,,1,31,,54365,52,,,1,70,,54377,52,,,1,30,,54362,52,,,1,70,,54372,52,,,1,30,,54352,52,,,1,70,,54348,52,,,1,30,,54366,52,,,1,74,,54371,52,,,1,72,,54378,52,,,1,30,,54373,52,,,1,69,,54351,52,,,1,30,,54380,52,,,1,69,,54358,52,,,1,30,,54367,52,,,1,26,,54359,52,,,1,67,,54369,52,,,1,29,,54349,52,,,1,70,,54360,52,,,1,27,,54375,52,,,1,70,,54353,52,,,1,30,,54354,52,,,1,68,,54364,52,,,1,99,,54379,52,,,1
5101,'4',727,,54396,52,,,1,32,,54394,52,,,1,141,,54389,52,,,1,11,,54407,52,,,1,19,,54409,52,,,1,25,,54403,52,,,1,70,,54383,52,,,1,30,,54390,52,,,1,70,,54401,52,,,1,31,,54398,52,,,1,70,,54410,52,,,1,30,,54395,52,,,1,70,,54405,52,,,1,30,,54385,52,,,1,70,,54381,52,,,1,30,,54399,52,,,1,74,,54404,52,,,1,72,,54411,52,,,1,30,,54406,52,,,1,69,,54384,52,,,1,30,,54413,52,,,1,69,,54391,52,,,1,30,,54400,52,,,1,26,,54392,52,,,1,67,,54402,52,,,1,29,,54382,52,,,1,70,,54393,52,,,1,27,,54408,52,,,1,70,,54386,52,,,1,30,,54387,52,,,1,68,,54397,52,,,1,99,,54412,52,,,1
5101,'5',727,,54443,52,,,1,32,,54438,52,,,1,73,,54428,52,,,1,68,,54445,52,,,1,30,,54420,52,,,1,25,,54432,52,,,1,70,,54442,52,,,1,30,,54430,52,,,1,70,,54427,52,,,1,31,,54419,52,,,1,70,,54431,52,,,1,30,,54433,52,,,1,70,,54421,52,,,1,30,,54444,52,,,1,70,,54418,52,,,1,30,,54434,52,,,1,74,,54414,52,,,1,72,,54429,52,,,1,30,,54441,52,,,1,69,,54422,52,,,1,30,,54416,52,,,1,69,,54423,52,,,1,30,,54417,52,,,1,26,,54425,52,,,1,67,,54440,52,,,1,29,,54435,52,,,1,70,,54415,52,,,1,27,,54424,52,,,1,70,,54439,52,,,1,30,,54426,52,,,1,68,,54437,52,,,1,99,,54436,52,,,1
5101,'6',727,,54461,52,,,1,32,,54459,52,,,1,141,,54454,52,,,1,11,,54472,52,,,1,19,,54474,52,,,1,25,,54468,52,,,1,70,,54448,52,,,1,30,,54455,52,,,1,70,,54466,52,,,1,31,,54463,52,,,1,70,,54475,52,,,1,30,,54460,52,,,1,70,,54470,52,,,1,30,,54450,52,,,1,70,,54446,52,,,1,30,,54464,52,,,1,74,,54469,52,,,1,72,,54476,52,,,1,30,,54471,52,,,1,69,,54449,52,,,1,30,,54478,52,,,1,69,,54456,52,,,1,30,,54465,52,,,1,26,,54457,52,,,1,67,,54467,52,,,1,29,,54447,52,,,1,70,,54458,52,,,1,27,,54473,52,,,1,70,,54451,52,,,1,30,,54452,52,,,1,68,,54462,52,,,1,99,,54477,52,,,1
5101,'7',727,,54508,52,,,1,32,,54503,52,,,1,73,,54493,52,,,1,68,,54510,52,,,1,30,,54485,52,,,1,25,,54497,52,,,1,70,,54507,52,,,1,30,,54495,52,,,1,70,,54492,52,,,1,31,,54484,52,,,1,70,,54496,52,,,1,30,,54498,52,,,1,70,,54486,52,,,1,30,,54509,52,,,1,70,,54483,52,,,1,30,,54499,52,,,1,74,,54479,52,,,1,72,,54494,52,,,1,30,,54506,52,,,1,69,,54487,52,,,1,30,,54481,52,,,1,69,,54488,52,,,1,30,,54482,52,,,1,26,,54490,52,,,1,67,,54505,52,,,1,29,,54500,52,,,1,70,,54480,52,,,1,27,,54489,52,,,1,70,,54504,52,,,1,30,,54491,52,,,1,68,,54502,52,,,1,99,,54501,52,,,1
5101,'8',750,,54527,52,,,1,101,,54519,52,,,1,70,,54539,52,,,1,30,,54526,52,,,1,71,,54531,52,,,1,30,,54524,52,,,1,70,,54512,52,,,1,30,,54530,52,,,1,70,,54520,52,,,1,30,,54534,52,,,1,70,,54537,52,,,1,30,,54540,52,,,1,70,,54525,52,,,1,30,,54541,52,,,1,70,,54518,52,,,1,30,,54513,52,,,1,70,,54538,52,,,1,30,,54514,52,,,1,70,,54536,52,,,1,30,,54522,52,,,1,71,,54528,52,,,1,100,,54533,52,,,1,99,,54523,52,,,1,100,,54535,52,,,1,100,,54515,52,,,1,99,,54511,52,,,1,100,,54516,52,,,1
5101,'9',915,,54556,52,,,1,30,,54563,52,,,1,71,,54569,52,,,1,30,,54561,52,,,1,70,,54565,52,,,1,30,,54550,52,,,1,70,,54543,52,,,1,30,,54555,52,,,1,70,,54567,52,,,1,30,,54545,52,,,1,70,,54568,52,,,1,30,,54546,52,,,1,70,,54559,52,,,1,30,,54562,52,,,1,70,,54547,52,,,1,30,,54564,52,,,1,70,,54552,52,,,1,30,,54548,52,,,1,70,,54557,52,,,1,30,,54560,52,,,1,70,,54544,52,,,1,30,,54566,52,,,1,69,,54551,52,,,1,100,,54554,52,,,1,100,,54549,52,,,1,199,,54558,52,,,1
