2400,'1',555,,312858,54,,,0,104,,312856,54,,,0,72,,312854,54,,,0,72,,312839,54,,,0,30,,312834,54,,,0,71,,312833,54,,,0,28,,312843,54,,,0,70,,312836,54,,,0,29,,312861,54,,,0,70,,281269,54,,,0,30,,312859,54,,,0,70,,312831,54,,,0,30,,312829,54,,,0,70,,312865,54,,,0,30,,312867,54,,,0,72,,312860,54,,,0,30,,312827,54,,,0,68,,312847,54,,,0,419,,225003,54,,,0,95,,312835,54,,,0,102,,312863,54,,,0,101,,312841,54,,,0,100,,312852,54,,,0
2400,'10',710,,312883,54,0,69,0,100,,212174,54,0,69,0,32,,312892,54,0,69,0,70,,312869,54,0,69,0,30,,312875,54,0,69,0,70,,152557,54,0,69,0,33,,312874,54,0,69,0,70,,312872,54,0,69,0,30,,312888,54,0,69,0,70,,312868,54,0,69,0,32,,312889,54,0,69,0,70,,312885,54,0,69,0,30,,266329,54,0,69,0,70,,312884,54,0,69,0,30,,283351,54,0,69,0,70,,312887,54,0,69,0,30,,312886,54,0,69,0,70,,312873,54,0,69,0,30,,312890,54,0,69,0,70,,312878,54,0,69,0,30,,273674,54,0,69,0,70,,312871,54,0,69,0,27,,220090,54,0,69,0,70,,312879,54,0,69,0,30,,312877,54,0,69,0,70,,312870,54,0,69,0,27,,312891,54,0,69,0,70,,312881,43,0,69,0,100,,312876,43,0,69,0,100,,312882,43,0,69,0,100,,312880,43,0,69,0
2400,'11',555,,312905,54,,,0,104,,312929,54,,,0,144,,312919,54,,,0,30,,18026,54,,,0,70,,312899,54,,,0,29,,312915,54,,,0,70,,312911,54,,,0,29,,312928,54,,,0,70,,312910,54,,,0,30,,312924,54,,,0,70,,312902,54,,,0,30,,312894,54,,,0,70,,312901,54,,,0,30,,312918,54,,,0,72,,312909,54,,,0,30,,312898,54,,,0,70,,312908,54,,,0,417,,230752,54,,,0,95,,312925,54,,,0,102,,312914,54,,,0,101,,312921,54,,,0,100,,312896,54,,,0
2400,'12',943,,312946,54,0,69,0,101,,312937,54,0,69,0,70,,252737,54,0,69,0,30,,312943,54,0,69,0,70,,312933,54,0,69,0,32,,188616,54,0,69,0,70,,312935,54,0,69,0,30,,312944,54,0,69,0,70,,312949,54,0,69,0,30,,276141,54,0,69,0,70,,242153,54,0,69,0,30,,312947,54,0,69,0,70,,312948,54,0,69,0,30,,312941,54,0,69,0,70,,312940,54,0,69,0,30,,312939,54,0,69,0,70,,312950,54,0,69,0,27,,312938,54,0,69,0
2400,'13',555,,312963,54,,,0,104,,312987,54,,,0,144,,312977,54,,,0,30,,17469,54,,,0,70,,312957,54,,,0,29,,312973,54,,,0,70,,312969,54,,,0,29,,312986,54,,,0,70,,312968,54,,,0,30,,312982,54,,,0,70,,312960,54,,,0,30,,312952,54,,,0,70,,312959,54,,,0,30,,312976,54,,,0,72,,312967,54,,,0,30,,312956,54,,,0,70,,312966,54,,,0,417,,230782,54,,,0,95,,312983,54,,,0,102,,312972,54,,,0,101,,312979,54,,,0,100,,312954,54,,,0
2400,'14',555,,313003,54,,,0,104,,313027,54,,,0,144,,313017,54,,,0,30,,17753,54,,,0,70,,312997,54,,,0,29,,313013,54,,,0,70,,313009,54,,,0,29,,313026,54,,,0,70,,313008,54,,,0,30,,313022,54,,,0,70,,313000,54,,,0,30,,312992,54,,,0,70,,312999,54,,,0,30,,313016,54,,,0,72,,313007,54,,,0,30,,312996,54,,,0,70,,313006,54,,,0,417,,230891,54,,,0,95,,313023,54,,,0,102,,313012,54,,,0,101,,313019,54,,,0,100,,312994,54,,,0
2400,'15',943,,313047,54,0,69,0,101,,136470,54,0,69,0,70,,313040,54,0,69,0,30,,313044,54,0,69,0,70,,313032,54,0,69,0,32,,313034,54,0,69,0,70,,313035,54,0,69,0,30,,313045,54,0,69,0,70,,313049,54,0,69,0,30,,313042,54,0,69,0,70,,313038,54,0,69,0,30,,313048,54,0,69,0,70,,274035,54,0,69,0,30,,216814,54,0,69,0,70,,284984,54,0,69,0,30,,313039,54,0,69,0,70,,268580,54,0,69,0,27,,263689,54,0,69,0
2400,'16',710,,313068,54,0,69,0,100,,313067,54,0,69,0,32,,313077,54,0,69,0,70,,313052,54,0,69,0,30,,169977,54,0,69,0,70,,313057,54,0,69,0,33,,313056,54,0,69,0,70,,207884,54,0,69,0,30,,313073,54,0,69,0,70,,313050,54,0,69,0,32,,313074,54,0,69,0,70,,313070,54,0,69,0,30,,313058,54,0,69,0,70,,313069,54,0,69,0,30,,313051,54,0,69,0,70,,313072,54,0,69,0,30,,313071,54,0,69,0,70,,313055,54,0,69,0,30,,313075,54,0,69,0,70,,313062,54,0,69,0,30,,313059,54,0,69,0,70,,313054,54,0,69,0,27,,313078,54,0,69,0,70,,313063,54,0,69,0,30,,313061,54,0,69,0,70,,313053,54,0,69,0,27,,313076,54,0,69,0,70,,313065,43,0,69,0,100,,313060,43,0,69,0,100,,313066,43,0,69,0,100,,313064,43,0,69,0
2400,'2',555,,313089,54,,,0,104,,313114,54,,,0,144,,257892,54,,,0,30,,313093,54,,,0,70,,313083,54,,,0,29,,313101,54,,,0,70,,313095,54,,,0,29,,313113,54,,,0,70,,313094,54,,,0,30,,313109,54,,,0,70,,313086,54,,,0,30,,313081,54,,,0,70,,313085,54,,,0,30,,249541,54,,,0,72,,239635,54,,,0,30,,219940,54,,,0,70,,313092,54,,,0,417,,313100,54,,,0,95,,313110,54,,,0,102,,313098,54,,,0,101,,313106,54,,,0,100,,236265,54,,,0
2400,'3',555,,313130,54,,,0,104,,264020,54,,,0,144,,313146,54,,,0,30,,313133,54,,,0,70,,313125,54,,,0,29,,313141,54,,,0,70,,313136,54,,,0,29,,313155,54,,,0,70,,313135,54,,,0,30,,313151,54,,,0,70,,313127,54,,,0,30,,313120,54,,,0,70,,313126,54,,,0,30,,313145,54,,,0,72,,313134,54,,,0,30,,313124,54,,,0,70,,313132,54,,,0,417,,313140,54,,,0,95,,313152,54,,,0,102,,313138,54,,,0,101,,313148,54,,,0,100,,313122,54,,,0
2400,'4',555,,313167,54,,,0,104,,313161,54,,,0,144,,313176,54,,,0,101,,313175,54,,,0,98,,313166,54,,,0,99,,313162,54,,,0,100,,313173,54,,,0,100,,313160,54,,,0,102,,313174,54,,,0,100,,313164,54,,,0,397,,313168,54,,,0,55,,287735,54,,,0,102,,313165,54,,,0,99,,313171,54,,,0,97,,293551,54,,,0
2400,'5',555,,313188,54,,,0,104,,264216,54,,,0,144,,313204,54,,,0,30,,313191,54,,,0,70,,313183,54,,,0,29,,313199,54,,,0,70,,313194,54,,,0,29,,313213,54,,,0,70,,313193,54,,,0,30,,313209,54,,,0,70,,313185,54,,,0,30,,313178,54,,,0,70,,313184,54,,,0,30,,313203,54,,,0,72,,313192,54,,,0,30,,313182,54,,,0,70,,313190,54,,,0,417,,313198,54,,,0,95,,313210,54,,,0,102,,313196,54,,,0,101,,313206,54,,,0,100,,313180,54,,,0
2400,'6',555,,313230,54,,,0,104,,313254,54,,,0,144,,313244,54,,,0,30,,18083,54,,,0,70,,313224,54,,,0,29,,313240,54,,,0,70,,313236,54,,,0,29,,313253,54,,,0,70,,313235,54,,,0,30,,313249,54,,,0,70,,313227,54,,,0,30,,313219,54,,,0,70,,313226,54,,,0,30,,313243,54,,,0,72,,313234,54,,,0,30,,313223,54,,,0,70,,313233,54,,,0,417,,230600,54,,,0,95,,313250,54,,,0,102,,313239,54,,,0,101,,313246,54,,,0,100,,313221,54,,,0
2400,'7',555,,313267,54,,,0,104,,313292,54,,,0,144,,257746,54,,,0,30,,313271,54,,,0,70,,313262,54,,,0,29,,313279,54,,,0,70,,313273,54,,,0,29,,313291,54,,,0,70,,313272,54,,,0,30,,313287,54,,,0,70,,313264,54,,,0,30,,313260,54,,,0,70,,125569,54,,,0,30,,249445,54,,,0,72,,239494,54,,,0,30,,219820,54,,,0,70,,313270,54,,,0,417,,313278,54,,,0,95,,313288,54,,,0,102,,313276,54,,,0,101,,313284,54,,,0,100,,236073,54,,,0
2400,'8',943,,313310,54,0,69,0,101,,313301,54,0,69,0,70,,253275,54,0,69,0,30,,313307,54,0,69,0,70,,313297,54,0,69,0,32,,249112,54,0,69,0,70,,313299,54,0,69,0,30,,313308,54,0,69,0,70,,313313,54,0,69,0,30,,276652,54,0,69,0,70,,242719,54,0,69,0,30,,313311,54,0,69,0,70,,313312,54,0,69,0,30,,313305,54,0,69,0,70,,313304,54,0,69,0,30,,313303,54,0,69,0,70,,313314,54,0,69,0,27,,313302,54,0,69,0
2400,'9',555,,313326,54,,,0,104,,313350,54,,,0,144,,313340,54,,,0,30,,17526,54,,,0,70,,313321,54,,,0,29,,313336,54,,,0,70,,313332,54,,,0,29,,313349,54,,,0,70,,313331,54,,,0,30,,313345,54,,,0,70,,313323,54,,,0,30,,313316,54,,,0,70,,294696,54,,,0,30,,313339,54,,,0,72,,313330,54,,,0,30,,313320,54,,,0,70,,313329,54,,,0,417,,230521,54,,,0,95,,313346,54,,,0,102,,313335,54,,,0,101,,313342,54,,,0,100,,313318,54,,,0
22600,'1',1530,,374671,6,,,0,25,,374666,6,,,0,61,,374667,6,,,0,27,,374668,6,,,0,70,,374670,6,,,0,29,,139849,6,,,0,70,,374669,6,,,0
22600,'11',1530,,374676,6,,,0,25,,374675,6,,,0,61,,231654,6,,,0,27,,374673,6,,,0,70,,374672,6,,,0,29,,374674,6,,,0,70,,211617,6,,,0
22600,'13',1530,,374681,6,,,0,25,,374680,6,,,0,61,,231682,6,,,0,27,,374678,6,,,0,70,,374677,6,,,0,29,,374679,6,,,0,70,,211664,6,,,0
22600,'14',1530,,374686,6,,,0,25,,374685,6,,,0,61,,231790,6,,,0,27,,374683,6,,,0,70,,374682,6,,,0,29,,374684,6,,,0,70,,211888,6,,,0
22600,'2',1530,,374690,6,,,0,25,,374689,6,,,0,61,,374688,6,,,0,27,,374687,6,,,0,70,,217404,6,,,0,29,,179980,6,,,0,70,,374691,6,,,0
22600,'3',1530,,374696,6,,,0,25,,374695,6,,,0,61,,374693,6,,,0,27,,274288,6,,,0,70,,374692,6,,,0,29,,374694,6,,,0,70,,374697,6,,,0
22600,'4',1530,,250834,6,,,0,86,,374700,6,,,0,97,,374699,6,,,0,99,,374698,6,,,0
22600,'5',1530,,374705,6,,,0,25,,374704,6,,,0,61,,374702,6,,,0,27,,274440,6,,,0,70,,374701,6,,,0,29,,374703,6,,,0,70,,374706,6,,,0
22600,'6',1530,,374711,6,,,0,25,,374710,6,,,0,61,,231499,6,,,0,27,,374708,6,,,0,70,,374707,6,,,0,29,,374709,6,,,0,70,,211313,6,,,0
22600,'7',1530,,374715,6,,,0,25,,374714,6,,,0,61,,374713,6,,,0,27,,374712,6,,,0,70,,217230,6,,,0,29,,101423,6,,,0,70,,374716,6,,,0
22600,'9',1530,,374721,6,,,0,25,,374720,6,,,0,61,,231427,6,,,0,27,,374718,6,,,0,70,,374717,6,,,0,29,,374719,6,,,0,70,,211154,6,,,0
61800,'11',813,,376342,45,,,0,7,,376343,45,,,0
61800,'13',813,,376344,45,,,0,7,,376345,45,,,0
61800,'14',813,,376346,45,,,0,7,,376347,45,,,0
61800,'2',813,,245671,45,,,0,7,,376348,45,,,0
61800,'3',813,,376349,45,,,0,7,,376350,45,,,0
61800,'5',813,,376351,45,,,0,7,,376352,45,,,0
61800,'6',813,,376353,45,,,0,7,,376354,45,,,0
61800,'7',813,,245574,45,,,0,7,,376355,45,,,0
61800,'9',813,,376356,45,,,0,7,,376357,45,,,0
61900,'11',822,,376369,21,,,0,5,,376370,21,,,0
61900,'13',822,,376371,21,,,0,5,,376372,21,,,0
61900,'14',822,,376373,21,,,0,5,,376374,21,,,0
61900,'2',822,,376375,21,,,0,5,,376376,21,,,0
61900,'3',822,,376377,21,,,0,5,,376378,21,,,0
61900,'5',822,,376379,21,,,0,5,,376380,21,,,0
61900,'6',822,,376381,21,,,0,5,,376382,21,,,0
61900,'7',822,,376383,21,,,0,5,,376384,21,,,0
61900,'9',822,,376385,21,,,0,5,,376386,21,,,0
62701,'11',1517,,376455,15,,,0
62701,'13',1517,,376456,15,,,0
62701,'14',1517,,376457,15,,,0
62701,'2',1517,,376458,15,,,0
62701,'3',1517,,376459,15,,,0
62701,'5',1517,,376460,15,,,0
62701,'6',1517,,376461,15,,,0
62701,'7',1517,,376462,15,,,0
62701,'9',1517,,376463,15,,,0
62800,'11',823,,251857,8,,,0,3,,193294,8,,,0,2,,376464,8,,,0,2,,376465,8,,,0
62800,'13',823,,251881,8,,,0,3,,192987,8,,,0,2,,376466,8,,,0,2,,376467,8,,,0
62800,'14',823,,251985,8,,,0,3,,193157,8,,,0,2,,376468,8,,,0,2,,376469,8,,,0
62800,'2',823,,376473,8,,,0,3,,376470,8,,,0,2,,376471,8,,,0,2,,376472,8,,,0
62800,'3',823,,376477,8,,,0,3,,376474,8,,,0,2,,376475,8,,,0,2,,376476,8,,,0
62800,'5',823,,376481,8,,,0,3,,376478,8,,,0,2,,376479,8,,,0,2,,376480,8,,,0
62800,'6',823,,251707,8,,,0,3,,193265,8,,,0,2,,376482,8,,,0,2,,376483,8,,,0
62800,'7',823,,376487,8,,,0,3,,376484,8,,,0,2,,376485,8,,,0,2,,376486,8,,,0
62800,'9',823,,251633,8,,,0,3,,193181,8,,,0,2,,376488,8,,,0,2,,376489,8,,,0
67800,'11',821,,296001,39,,,0
67800,'13',821,,296002,39,,,0
67800,'14',821,,296003,39,,,0
67800,'2',821,,377723,39,,,0
67800,'3',821,,377724,39,,,0
67800,'5',821,,377725,39,,,0
67800,'6',821,,295999,39,,,0
67800,'7',821,,377726,39,,,0
67800,'9',821,,295998,39,,,0
