5701,'1',939,,58793,34,,,1,100,,58799,34,,,1,102,,58812,34,,,1,100,,58792,34,,,1,100,,58806,34,,,1,100,,58797,34,,,1,100,,58800,34,,,1,100,,58819,34,,,1,100,,58814,34,,,1
5701,'10',633,,58821,35,,,1,10,,58856,34,,,1,15,,58824,34,,,1,55,,58848,34,,,1,15,,58858,34,,,1,15,,58864,34,,,1,14,,58829,34,,,1,71,,58847,34,,,1,18,,58841,34,,,1,13,,58855,34,,,1,70,,58836,34,,,1,72,,58840,34,,,1,30,,58832,34,,,1,70,,58850,34,,,1,30,,58825,34,,,1,70,,58842,34,,,1,30,,58852,34,,,1,69,,58860,34,,,1,30,,58866,34,,,1,99,,58863,34,,,1,30,,58830,34,,,1,71,,58820,34,,,1,29,,58862,34,,,1,71,,58859,34,,,1,71,,58823,34,,,1,30,,58833,34,,,1,70,,58838,34,,,1,31,,58843,34,,,1,73,,58851,34,,,1,26,,58845,34,,,1,70,,58849,34,,,1,30,,58853,34,,,1,70,,58865,34,,,1,30,,58837,34,,,1,27,,58857,34,,,1,70,,58846,34,,,1,27,,58822,34,,,1,74,,58839,34,,,1,82,,58831,35,,,1
5701,'11',633,,58868,35,,,1,10,,58903,34,,,1,15,,58871,34,,,1,55,,58895,34,,,1,15,,58905,34,,,1,15,,58911,34,,,1,14,,58876,34,,,1,71,,58894,34,,,1,18,,58888,34,,,1,13,,58902,34,,,1,70,,58883,34,,,1,72,,58887,34,,,1,30,,58879,34,,,1,70,,58897,34,,,1,30,,58872,34,,,1,70,,58889,34,,,1,30,,58899,34,,,1,69,,58907,34,,,1,30,,58913,34,,,1,99,,58910,34,,,1,30,,58877,34,,,1,71,,58867,34,,,1,29,,58909,34,,,1,71,,58906,34,,,1,71,,58870,34,,,1,30,,58880,34,,,1,70,,58885,34,,,1,31,,58890,34,,,1,73,,58898,34,,,1,26,,58892,34,,,1,70,,58896,34,,,1,30,,58900,34,,,1,70,,58912,34,,,1,30,,58884,34,,,1,27,,58904,34,,,1,70,,58893,34,,,1,27,,58869,34,,,1,74,,58886,34,,,1,82,,58878,35,,,1
5701,'12',633,,58915,35,,,1,10,,58950,34,,,1,15,,58918,34,,,1,55,,58942,34,,,1,15,,58952,34,,,1,15,,58958,34,,,1,14,,58923,34,,,1,71,,58941,34,,,1,18,,58935,34,,,1,13,,58949,34,,,1,70,,58930,34,,,1,72,,58934,34,,,1,30,,58926,34,,,1,70,,58944,34,,,1,30,,58919,34,,,1,70,,58936,34,,,1,30,,58946,34,,,1,69,,58954,34,,,1,30,,58960,34,,,1,99,,58957,34,,,1,30,,58924,34,,,1,71,,58914,34,,,1,29,,58956,34,,,1,71,,58953,34,,,1,71,,58917,34,,,1,30,,58927,34,,,1,70,,58932,34,,,1,31,,58937,34,,,1,73,,58945,34,,,1,26,,58939,34,,,1,70,,58943,34,,,1,30,,58947,34,,,1,70,,58959,34,,,1,30,,58931,34,,,1,27,,58951,34,,,1,70,,58940,34,,,1,27,,58916,34,,,1,74,,58933,34,,,1,82,,58925,35,,,1
5701,'13',633,,59000,35,,,1,10,,58965,34,,,1,15,,58992,34,,,1,55,,58969,34,,,1,15,,58966,34,,,1,15,,58990,34,,,1,14,,59005,34,,,1,58,,59001,34,,,1,13,,59003,34,,,1,18,,58991,34,,,1,13,,58987,34,,,1,70,,59006,34,,,1,72,,58970,34,,,1,30,,58971,34,,,1,70,,58974,34,,,1,30,,58984,34,,,1,70,,59004,34,,,1,30,,58993,34,,,1,69,,58978,34,,,1,30,,58994,34,,,1,70,,59009,34,,,1,29,,58967,34,,,1,30,,59007,34,,,1,71,,58982,34,,,1,29,,58975,34,,,1,71,,58996,34,,,1,71,,58983,34,,,1,30,,58973,34,,,1,70,,58972,34,,,1,31,,58963,34,,,1,73,,59008,34,,,1,26,,58995,34,,,1,70,,59002,34,,,1,30,,58968,34,,,1,70,,58986,34,,,1,30,,58961,34,,,1,27,,58999,34,,,1,70,,58997,34,,,1,27,,58998,34,,,1,74,,58962,34,,,1,82,,58980,35,,,1
5701,'14',811,,59023,34,0,59 60,1,31,,59017,34,,,1,100,,59010,34,,,1,100,,59021,34,,,1,102,,59022,34,,,1,100,,59019,34,,,1,100,,59015,34,,,1,100,,59014,34,,,1,100,,59032,34,,,1,100,,59029,34,,,1,100,,59013,34,,,1,100,,59025,34,,,1,99,,59030,34,,,1,99,,59011,34,,,1,100,,59027,34,,,1,100,,59026,34,,,1
5701,'15',633,,59035,35,,,1,10,,59070,34,,,1,15,,59038,34,,,1,55,,59062,34,,,1,15,,59072,34,,,1,15,,59078,34,,,1,14,,59043,34,,,1,71,,59061,34,,,1,18,,59055,34,,,1,13,,59069,34,,,1,70,,59050,34,,,1,72,,59054,34,,,1,30,,59046,34,,,1,70,,59064,34,,,1,30,,59039,34,,,1,70,,59056,34,,,1,30,,59066,34,,,1,69,,59074,34,,,1,30,,59080,34,,,1,99,,59077,34,,,1,30,,59044,34,,,1,71,,59034,34,,,1,29,,59076,34,,,1,71,,59073,34,,,1,71,,59037,34,,,1,30,,59047,34,,,1,70,,59052,34,,,1,31,,59057,34,,,1,73,,59065,34,,,1,26,,59059,34,,,1,70,,59063,34,,,1,30,,59067,34,,,1,70,,59079,34,,,1,30,,59051,34,,,1,27,,59071,34,,,1,70,,59060,34,,,1,27,,59036,34,,,1,74,,59053,34,,,1,82,,59045,35,,,1
5701,'16',633,,59082,35,,,1,10,,59117,34,,,1,15,,59085,34,,,1,55,,59109,34,,,1,15,,59119,34,,,1,15,,59125,34,,,1,14,,59090,34,,,1,71,,59108,34,,,1,18,,59102,34,,,1,13,,59116,34,,,1,70,,59097,34,,,1,72,,59101,34,,,1,30,,59093,34,,,1,70,,59111,34,,,1,30,,59086,34,,,1,70,,59103,34,,,1,30,,59113,34,,,1,69,,59121,34,,,1,30,,59127,34,,,1,99,,59124,34,,,1,30,,59091,34,,,1,71,,59081,34,,,1,29,,59123,34,,,1,71,,59120,34,,,1,71,,59084,34,,,1,30,,59094,34,,,1,70,,59099,34,,,1,31,,59104,34,,,1,73,,59112,34,,,1,26,,59106,34,,,1,70,,59110,34,,,1,30,,59114,34,,,1,70,,59126,34,,,1,30,,59098,34,,,1,27,,59118,34,,,1,70,,59107,34,,,1,27,,59083,34,,,1,74,,59100,34,,,1,82,,59092,35,,,1
5701,'17',633,,59167,35,,,1,10,,59132,34,,,1,15,,59159,34,,,1,55,,59136,34,,,1,15,,59133,34,,,1,15,,59157,34,,,1,14,,59172,34,,,1,58,,59168,34,,,1,13,,59170,34,,,1,18,,59158,34,,,1,13,,59154,34,,,1,70,,59173,34,,,1,72,,59137,34,,,1,30,,59138,34,,,1,70,,59141,34,,,1,30,,59151,34,,,1,70,,59171,34,,,1,30,,59160,34,,,1,69,,59145,34,,,1,30,,59161,34,,,1,70,,59176,34,,,1,29,,59134,34,,,1,30,,59174,34,,,1,71,,59149,34,,,1,29,,59142,34,,,1,71,,59163,34,,,1,71,,59150,34,,,1,30,,59140,34,,,1,70,,59139,34,,,1,31,,59130,34,,,1,73,,59175,34,,,1,26,,59162,34,,,1,70,,59169,34,,,1,30,,59135,34,,,1,70,,59153,34,,,1,30,,59128,34,,,1,27,,59166,34,,,1,70,,59164,34,,,1,27,,59165,34,,,1,74,,59129,34,,,1,82,,59147,35,,,1
5701,'18',633,,59191,35,,,1,10,,59205,34,,,1,15,,59200,34,,,1,55,,59215,34,,,1,15,,59198,34,,,1,15,,59187,34,,,1,14,,59182,34,,,1,57,,59207,34,,,1,14,,59202,34,,,1,16,,59206,34,,,1,15,,59223,34,,,1,70,,59217,34,,,1,72,,59204,34,,,1,30,,59177,34,,,1,70,,59189,34,,,1,30,,59188,34,,,1,70,,59208,34,,,1,30,,59179,34,,,1,69,,59178,34,,,1,30,,59186,34,,,1,70,,59218,34,,,1,29,,59222,34,,,1,29,,59209,34,,,1,71,,59210,34,,,1,30,,59193,34,,,1,72,,59220,34,,,1,70,,59180,34,,,1,30,,59197,34,,,1,70,,59184,34,,,1,31,,59213,34,,,1,73,,59219,34,,,1,26,,59194,34,,,1,70,,59195,34,,,1,30,,59216,34,,,1,70,,59224,34,,,1,30,,59181,34,,,1,27,,59214,34,,,1,70,,59185,34,,,1,27,,59212,34,,,1,74,,59190,34,,,1,82,,59203,35,,,1
5701,'19',633,,59265,35,,,1,10,,59230,34,,,1,15,,59257,34,,,1,55,,59234,34,,,1,15,,59231,34,,,1,15,,59255,34,,,1,14,,59270,34,,,1,58,,59266,34,,,1,13,,59268,34,,,1,18,,59256,34,,,1,13,,59252,34,,,1,70,,59271,34,,,1,72,,59235,34,,,1,30,,59236,34,,,1,70,,59239,34,,,1,30,,59249,34,,,1,70,,59269,34,,,1,30,,59258,34,,,1,69,,59243,34,,,1,30,,59259,34,,,1,70,,59274,34,,,1,29,,59232,34,,,1,30,,59272,34,,,1,71,,59247,34,,,1,29,,59240,34,,,1,71,,59261,34,,,1,71,,59248,34,,,1,30,,59238,34,,,1,70,,59237,34,,,1,31,,59228,34,,,1,73,,59273,34,,,1,26,,59260,34,,,1,70,,59267,34,,,1,30,,59233,34,,,1,70,,59251,34,,,1,30,,59226,34,,,1,27,,59264,34,,,1,70,,59262,34,,,1,27,,59263,34,,,1,74,,59227,34,,,1,82,,59245,35,,,1
5701,'2',939,,59276,34,,,1,100,,59282,34,,,1,102,,59295,34,,,1,100,,59275,34,,,1,100,,59289,34,,,1,100,,59280,34,,,1,100,,59283,34,,,1,100,,59302,34,,,1,100,,59297,34,,,1
5701,'3',633,,59304,35,,,1,10,,59339,34,,,1,15,,59307,34,,,1,55,,59331,34,,,1,15,,59341,34,,,1,15,,59347,34,,,1,14,,59312,34,,,1,71,,59330,34,,,1,18,,59324,34,,,1,13,,59338,34,,,1,70,,59319,34,,,1,72,,59323,34,,,1,30,,59315,34,,,1,70,,59333,34,,,1,30,,59308,34,,,1,70,,59325,34,,,1,30,,59335,34,,,1,69,,59343,34,,,1,30,,59349,34,,,1,99,,59346,34,,,1,30,,59313,34,,,1,71,,59303,34,,,1,29,,59345,34,,,1,71,,59342,34,,,1,71,,59306,34,,,1,30,,59316,34,,,1,70,,59321,34,,,1,31,,59326,34,,,1,73,,59334,34,,,1,26,,59328,34,,,1,70,,59332,34,,,1,30,,59336,34,,,1,70,,59348,34,,,1,30,,59320,34,,,1,27,,59340,34,,,1,70,,59329,34,,,1,27,,59305,34,,,1,74,,59322,34,,,1,82,,59314,35,,,1
5701,'4',633,,59351,35,,,1,10,,59386,34,,,1,15,,59354,34,,,1,55,,59378,34,,,1,15,,59388,34,,,1,15,,59394,34,,,1,14,,59359,34,,,1,71,,59377,34,,,1,18,,59371,34,,,1,13,,59385,34,,,1,70,,59366,34,,,1,72,,59370,34,,,1,30,,59362,34,,,1,70,,59380,34,,,1,30,,59355,34,,,1,70,,59372,34,,,1,30,,59382,34,,,1,69,,59390,34,,,1,30,,59396,34,,,1,99,,59393,34,,,1,30,,59360,34,,,1,71,,59350,34,,,1,29,,59392,34,,,1,71,,59389,34,,,1,71,,59353,34,,,1,30,,59363,34,,,1,70,,59368,34,,,1,31,,59373,34,,,1,73,,59381,34,,,1,26,,59375,34,,,1,70,,59379,34,,,1,30,,59383,34,,,1,70,,59395,34,,,1,30,,59367,34,,,1,27,,59387,34,,,1,70,,59376,34,,,1,27,,59352,34,,,1,74,,59369,34,,,1,82,,59361,35,,,1
5701,'5',633,,59436,35,,,1,10,,59401,34,,,1,15,,59428,34,,,1,55,,59405,34,,,1,15,,59402,34,,,1,15,,59426,34,,,1,14,,59441,34,,,1,58,,59437,34,,,1,13,,59439,34,,,1,18,,59427,34,,,1,13,,59423,34,,,1,70,,59442,34,,,1,72,,59406,34,,,1,30,,59407,34,,,1,70,,59410,34,,,1,30,,59420,34,,,1,70,,59440,34,,,1,30,,59429,34,,,1,69,,59414,34,,,1,30,,59430,34,,,1,70,,59445,34,,,1,29,,59403,34,,,1,30,,59443,34,,,1,71,,59418,34,,,1,29,,59411,34,,,1,71,,59432,34,,,1,71,,59419,34,,,1,30,,59409,34,,,1,70,,59408,34,,,1,31,,59399,34,,,1,73,,59444,34,,,1,26,,59431,34,,,1,70,,59438,34,,,1,30,,59404,34,,,1,70,,59422,34,,,1,30,,59397,34,,,1,27,,59435,34,,,1,70,,59433,34,,,1,27,,59434,34,,,1,74,,59398,34,,,1,82,,59416,35,,,1
5701,'6',633,,59447,35,,,1,10,,59482,34,,,1,15,,59450,34,,,1,55,,59474,34,,,1,15,,59484,34,,,1,15,,59490,34,,,1,14,,59455,34,,,1,71,,59473,34,,,1,18,,59467,34,,,1,13,,59481,34,,,1,70,,59462,34,,,1,72,,59466,34,,,1,30,,59458,34,,,1,70,,59476,34,,,1,30,,59451,34,,,1,70,,59468,34,,,1,30,,59478,34,,,1,69,,59486,34,,,1,30,,59492,34,,,1,99,,59489,34,,,1,30,,59456,34,,,1,71,,59446,34,,,1,29,,59488,34,,,1,71,,59485,34,,,1,71,,59449,34,,,1,30,,59459,34,,,1,70,,59464,34,,,1,31,,59469,34,,,1,73,,59477,34,,,1,26,,59471,34,,,1,70,,59475,34,,,1,30,,59479,34,,,1,70,,59491,34,,,1,30,,59463,34,,,1,27,,59483,34,,,1,70,,59472,34,,,1,27,,59448,34,,,1,74,,59465,34,,,1,82,,59457,35,,,1
5701,'7',633,,59532,35,,,1,10,,59497,34,,,1,15,,59524,34,,,1,55,,59501,34,,,1,15,,59498,34,,,1,15,,59522,34,,,1,14,,59537,34,,,1,58,,59533,34,,,1,13,,59535,34,,,1,18,,59523,34,,,1,13,,59519,34,,,1,70,,59538,34,,,1,72,,59502,34,,,1,30,,59503,34,,,1,70,,59506,34,,,1,30,,59516,34,,,1,70,,59536,34,,,1,30,,59525,34,,,1,69,,59510,34,,,1,30,,59526,34,,,1,70,,59541,34,,,1,29,,59499,34,,,1,30,,59539,34,,,1,71,,59514,34,,,1,29,,59507,34,,,1,71,,59528,34,,,1,71,,59515,34,,,1,30,,59505,34,,,1,70,,59504,34,,,1,31,,59495,34,,,1,73,,59540,34,,,1,26,,59527,34,,,1,70,,59534,34,,,1,30,,59500,34,,,1,70,,59518,34,,,1,30,,59493,34,,,1,27,,59531,34,,,1,70,,59529,34,,,1,27,,59530,34,,,1,74,,59494,34,,,1,82,,59512,35,,,1
5701,'8',811,,59555,34,0,59 60,1,31,,59549,34,,,1,100,,59542,34,,,1,100,,59553,34,,,1,102,,59554,34,,,1,100,,59551,34,,,1,100,,59547,34,,,1,100,,59546,34,,,1,100,,59564,34,,,1,100,,59561,34,,,1,100,,59545,34,,,1,100,,59557,34,,,1,99,,59562,34,,,1,99,,59543,34,,,1,100,,59559,34,,,1,100,,59558,34,,,1
5701,'9',939,,59567,34,,,1,100,,59573,34,,,1,102,,59586,34,,,1,100,,59566,34,,,1,100,,59580,34,,,1,100,,59571,34,,,1,100,,59574,34,,,1,100,,59593,34,,,1,100,,59588,34,,,1
6801,'10',458,,69402,23,,,1,70,,69342,23,,,1,72,,69343,23,,,1,828,,69401,17,0,59 60,1,128,,69374,23,0,59 60,1,89,,69369,23,0,59 60,1,62,,69399,23,0,59 60,1,24,,69384,23,0,59 60,1,21,,69371,23,0,59 60,1,64,,69377,23,0,59 60,1
6801,'11',458,,69471,23,,,1,70,,69411,23,,,1,72,,69412,23,,,1,828,,69470,17,0,59 60,1,128,,69443,23,0,59 60,1,89,,69438,23,0,59 60,1,62,,69468,23,0,59 60,1,24,,69453,23,0,59 60,1,21,,69440,23,0,59 60,1,64,,69446,23,0,59 60,1
6801,'12',458,,69540,23,,,1,70,,69480,23,,,1,72,,69481,23,,,1,828,,69539,17,0,59 60,1,128,,69512,23,0,59 60,1,89,,69507,23,0,59 60,1,62,,69537,23,0,59 60,1,24,,69522,23,0,59 60,1,21,,69509,23,0,59 60,1,64,,69515,23,0,59 60,1
6801,'13',458,,69562,23,,,1,70,,69584,23,,,1,72,,69600,23,,,1,956,,69568,23,0,59 60,1,63,,69607,23,0,59 60,1,24,,69574,23,0,59 60,1,63,,69557,23,0,59 60,1,25,,69594,23,0,59 60,1,21,,69605,23,0,59 60,1,65,,69569,23,0,59 60,1
6801,'15',458,,69733,23,,,1,70,,69673,23,,,1,72,,69674,23,,,1,828,,69732,17,0,59 60,1,128,,69705,23,0,59 60,1,89,,69700,23,0,59 60,1,62,,69730,23,0,59 60,1,24,,69715,23,0,59 60,1,21,,69702,23,0,59 60,1,64,,69708,23,0,59 60,1
6801,'16',458,,69802,23,,,1,70,,69742,23,,,1,72,,69743,23,,,1,828,,69801,17,0,59 60,1,128,,69774,23,0,59 60,1,89,,69769,23,0,59 60,1,62,,69799,23,0,59 60,1,24,,69784,23,0,59 60,1,21,,69771,23,0,59 60,1,64,,69777,23,0,59 60,1
6801,'17',458,,69824,23,,,1,70,,69846,23,,,1,72,,69862,23,,,1,956,,69830,23,0,59 60,1,63,,69869,23,0,59 60,1,24,,69836,23,0,59 60,1,63,,69819,23,0,59 60,1,25,,69856,23,0,59 60,1,21,,69867,23,0,59 60,1,65,,69831,23,0,59 60,1
6801,'18',458,,69898,23,,,1,70,,69890,23,,,1,72,,69903,23,,,1,956,,69896,23,0,59 60,1,66,,69886,23,0,59 60,1,22,,69913,23,0,59 60,1,65,,69921,23,0,59 60,1,22,,69948,23,0,59 60,1,21,,69924,23,0,59 60,1,64,,69918,23,0,59 60,1
6801,'19',458,,69970,23,,,1,70,,69992,23,,,1,72,,70008,23,,,1,956,,69976,23,0,59 60,1,63,,70015,23,0,59 60,1,24,,69982,23,0,59 60,1,63,,69965,23,0,59 60,1,25,,70002,23,0,59 60,1,21,,70013,23,0,59 60,1,65,,69977,23,0,59 60,1
6801,'3',458,,70132,23,,,1,70,,70072,23,,,1,72,,70073,23,,,1,828,,70131,17,0,59 60,1,128,,70104,23,0,59 60,1,89,,70099,23,0,59 60,1,62,,70129,23,0,59 60,1,24,,70114,23,0,59 60,1,21,,70101,23,0,59 60,1,64,,70107,23,0,59 60,1
6801,'4',458,,70201,23,,,1,70,,70141,23,,,1,72,,70142,23,,,1,828,,70200,17,0,59 60,1,128,,70173,23,0,59 60,1,89,,70168,23,0,59 60,1,62,,70198,23,0,59 60,1,24,,70183,23,0,59 60,1,21,,70170,23,0,59 60,1,64,,70176,23,0,59 60,1
6801,'5',458,,70223,23,,,1,70,,70245,23,,,1,72,,70261,23,,,1,956,,70229,23,0,59 60,1,63,,70268,23,0,59 60,1,24,,70235,23,0,59 60,1,63,,70218,23,0,59 60,1,25,,70255,23,0,59 60,1,21,,70266,23,0,59 60,1,65,,70230,23,0,59 60,1
6801,'6',458,,70343,23,,,1,70,,70283,23,,,1,72,,70284,23,,,1,828,,70342,17,0,59 60,1,128,,70315,23,0,59 60,1,89,,70310,23,0,59 60,1,62,,70340,23,0,59 60,1,24,,70325,23,0,59 60,1,21,,70312,23,0,59 60,1,64,,70318,23,0,59 60,1
6801,'7',458,,70365,23,,,1,70,,70387,23,,,1,72,,70403,23,,,1,956,,70371,23,0,59 60,1,63,,70410,23,0,59 60,1,24,,70377,23,0,59 60,1,63,,70360,23,0,59 60,1,25,,70397,23,0,59 60,1,21,,70408,23,0,59 60,1,65,,70372,23,0,59 60,1
66501,'10',1532,,119328,15,,,1,9,,119327,15,,,1
66501,'11',1532,,119331,15,,,1,9,,119330,15,,,1
66501,'12',1532,,119334,15,,,1,9,,119333,15,,,1
66501,'15',1532,,119337,15,,,1,9,,119336,15,,,1
66501,'16',1532,,119340,15,,,1,9,,119339,15,,,1
66501,'3',1532,,119343,15,,,1,9,,119342,15,,,1
66501,'4',1532,,119346,15,,,1,9,,119345,15,,,1
66501,'6',1532,,119349,15,,,1,9,,119348,15,,,1
67500,'10',845,,119846,64,,,1
67500,'11',845,,119847,64,,,1
67500,'12',845,,119848,64,,,1
67500,'15',845,,119849,64,,,1
67500,'16',845,,119850,64,,,1
67500,'3',845,,119851,64,,,1
67500,'4',845,,119852,64,,,1
67500,'6',845,,119853,64,,,1
