5100,'1',537,,213668,4,,,0,99,,332570,4,,,0,67,,332569,4,,,0,39,,332568,4,,,0,70,,332571,4,,,0,32,,332582,4,,,0,68,,332591,4,,,0,30,,332588,4,,,0,72,,332587,4,,,0,30,,332575,4,,,0,70,,332585,4,,,0,30,,332578,4,,,0,70,,332584,4,,,0,30,,332589,4,,,0,70,,332573,4,,,0,30,,332576,4,,,0,70,,238870,4,,,0,30,,332592,4,,,0,70,,332572,4,,,0,35,,206794,4,,,0,70,,332581,4,,,0,30,,332586,4,,,0,70,,332567,4,,,0,30,,248286,4,,,0,70,,332580,4,,,0,30,,332577,4,,,0,65,,332574,4,,,0,29,,332579,4,,,0,68,,332590,4,,,0,30,,222966,4,,,0,70,,1307,4,,,0,30,,332583,4,,,0,71,,245105,4,,,0
5100,'10',637,,332596,4,,,0,100,,332594,4,,,0,70,,332613,4,,,0,30,,332610,4,,,0,70,,332597,4,,,0,30,,246714,4,,,0,70,,241037,4,,,0,30,,332616,4,,,0,70,,332612,4,,,0,30,,332615,4,,,0,70,,332617,4,,,0,30,,332604,4,,,0,70,,212713,4,,,0,30,,332603,4,,,0,70,,332619,4,,,0,30,,332611,4,,,0,70,,332606,4,,,0,30,,332605,4,,,0,70,,332607,4,,,0,30,,332593,4,,,0,70,,332609,4,,,0,30,,332601,4,,,0,70,,332614,4,,,0,30,,332608,4,,,0,100,,332595,4,,,0,100,,332618,4,,,0,100,,332602,4,,,0,102,,332598,4,,,0
5100,'11',537,,332632,4,,,0,99,,332641,4,,,0,106,,332648,4,,,0,70,,274927,4,,,0,100,,332628,4,,,0,30,,332647,4,,,0,72,,332645,4,,,0,30,,332646,4,,,0,70,,332622,4,,,0,30,,332639,4,,,0,70,,280277,4,,,0,30,,208645,4,,,0,70,,332634,4,,,0,30,,332642,4,,,0,70,,332633,4,,,0,30,,332643,4,,,0,70,,332630,4,,,0,35,,332624,4,,,0,70,,332620,4,,,0,30,,332635,4,,,0,70,,332621,4,,,0,30,,332644,4,,,0,70,,332636,4,,,0,30,,332626,4,,,0,65,,332640,4,,,0,29,,332629,4,,,0,68,,332625,4,,,0,30,,332631,4,,,0,70,,249673,4,,,0,30,,332637,4,,,0,71,,332623,4,,,0
5100,'12',802,,332651,4,,,0,100,,193913,4,,,0,30,,332669,4,,,0,70,,332649,4,,,0,30,,332661,4,,,0,70,,332660,4,,,0,30,,332663,4,,,0,70,,332655,4,,,0,30,,332670,4,,,0,70,,332665,4,,,0,30,,332664,4,,,0,70,,332671,4,,,0,30,,332652,4,,,0,70,,332662,4,,,0,30,,332656,4,,,0,70,,332672,4,,,0,30,,332650,4,,,0,70,,332657,4,,,0,30,,213498,4,,,0,70,,332666,4,,,0,30,,332673,4,,,0,70,,332659,4,,,0,30,,332653,4,,,0,70,,332654,4,,,0,100,,207233,4,,,0,100,,332667,4,,,0,100,,332658,4,,,0
5100,'13',537,,332686,4,,,0,99,,332695,4,,,0,106,,332702,4,,,0,70,,274995,4,,,0,100,,332682,4,,,0,30,,332701,4,,,0,72,,332699,4,,,0,30,,332700,4,,,0,70,,332676,4,,,0,30,,332693,4,,,0,70,,280302,4,,,0,30,,208700,4,,,0,70,,332688,4,,,0,30,,332696,4,,,0,70,,332687,4,,,0,30,,332697,4,,,0,70,,332684,4,,,0,35,,332678,4,,,0,70,,332674,4,,,0,30,,332689,4,,,0,70,,332675,4,,,0,30,,332698,4,,,0,70,,332690,4,,,0,30,,332680,4,,,0,65,,332694,4,,,0,29,,332683,4,,,0,68,,332679,4,,,0,30,,332685,4,,,0,70,,249709,4,,,0,30,,332691,4,,,0,71,,332677,4,,,0
5100,'14',537,,332715,4,,,0,99,,332724,4,,,0,106,,332731,4,,,0,70,,275267,4,,,0,100,,332711,4,,,0,30,,332730,4,,,0,72,,332728,4,,,0,30,,332729,4,,,0,70,,332705,4,,,0,30,,332722,4,,,0,70,,280402,4,,,0,30,,208937,4,,,0,70,,332717,4,,,0,30,,332725,4,,,0,70,,332716,4,,,0,30,,332726,4,,,0,70,,332713,4,,,0,35,,332707,4,,,0,70,,332703,4,,,0,30,,332718,4,,,0,70,,332704,4,,,0,30,,332727,4,,,0,70,,332719,4,,,0,30,,332709,4,,,0,65,,332723,4,,,0,29,,332712,4,,,0,68,,332708,4,,,0,30,,332714,4,,,0,70,,249867,4,,,0,30,,332720,4,,,0,71,,332706,4,,,0
5100,'15',802,,332732,4,,,0,100,,332751,4,,,0,30,,332750,4,,,0,70,,264930,4,,,0,30,,332743,4,,,0,70,,296437,4,,,0,30,,332745,4,,,0,70,,332737,4,,,0,30,,332752,4,,,0,70,,332746,4,,,0,30,,234048,4,,,0,70,,332753,4,,,0,30,,332734,4,,,0,70,,332744,4,,,0,30,,332738,4,,,0,70,,332754,4,,,0,30,,246406,4,,,0,70,,332739,4,,,0,30,,332742,4,,,0,70,,332747,4,,,0,30,,332755,4,,,0,70,,332741,4,,,0,30,,332735,4,,,0,70,,332736,4,,,0,100,,332733,4,,,0,100,,332748,4,,,0,100,,332740,4,,,0
5100,'16',637,,332759,4,,,0,100,,332757,4,,,0,70,,216191,4,,,0,30,,332774,4,,,0,70,,274212,4,,,0,30,,332778,4,,,0,70,,332762,4,,,0,30,,332781,4,,,0,70,,332776,4,,,0,30,,332780,4,,,0,70,,332782,4,,,0,30,,332768,4,,,0,70,,332777,4,,,0,30,,332767,4,,,0,70,,150464,4,,,0,30,,332775,4,,,0,70,,332770,4,,,0,30,,332769,4,,,0,70,,332771,4,,,0,30,,332756,4,,,0,70,,332773,4,,,0,30,,332765,4,,,0,70,,332779,4,,,0,30,,332772,4,,,0,100,,332758,4,,,0,100,,332783,4,,,0,100,,332766,4,,,0,102,,332761,4,,,0
5100,'2',537,,332794,4,,,0,99,,332800,4,,,0,106,,332807,4,,,0,70,,332790,4,,,0,100,,332791,4,,,0,30,,332806,4,,,0,72,,332804,4,,,0,30,,332805,4,,,0,70,,332784,4,,,0,30,,332798,4,,,0,70,,332793,4,,,0,30,,332808,4,,,0,70,,332796,4,,,0,30,,332801,4,,,0,70,,332795,4,,,0,30,,332802,4,,,0,70,,167803,4,,,0,35,,332785,4,,,0,70,,242393,4,,,0,30,,119879,4,,,0,70,,261510,4,,,0,30,,332803,4,,,0,70,,232940,4,,,0,30,,332788,4,,,0,65,,332799,4,,,0,29,,293968,4,,,0,68,,332786,4,,,0,30,,332792,4,,,0,70,,332787,4,,,0,30,,332797,4,,,0,71,,264439,4,,,0
5100,'3',537,,332823,4,,,0,99,,34492,4,,,0,106,,332835,4,,,0,70,,332817,4,,,0,100,,332818,4,,,0,30,,332834,4,,,0,72,,332832,4,,,0,30,,332833,4,,,0,70,,239336,4,,,0,30,,262776,4,,,0,70,,332822,4,,,0,30,,332836,4,,,0,70,,332824,4,,,0,30,,332829,4,,,0,70,,222765,4,,,0,30,,332830,4,,,0,70,,332820,4,,,0,35,,332812,4,,,0,70,,332809,4,,,0,30,,332825,4,,,0,70,,332810,4,,,0,30,,332831,4,,,0,70,,332826,4,,,0,30,,332815,4,,,0,65,,332828,4,,,0,29,,332819,4,,,0,68,,332813,4,,,0,30,,332821,4,,,0,70,,332814,4,,,0,30,,207982,4,,,0,71,,332811,4,,,0
5100,'4',537,,332858,4,,,0,99,,332856,4,,,0,67,,212201,4,,,0,38,,332853,4,,,0,71,,332854,4,,,0,31,,332844,4,,,0,69,,332861,4,,,0,30,,332839,4,,,0,72,,332857,4,,,0,30,,278817,4,,,0,70,,196497,4,,,0,30,,288357,4,,,0,70,,332851,4,,,0,30,,225093,4,,,0,70,,284266,4,,,0,30,,332847,4,,,0,70,,332840,4,,,0,30,,332843,4,,,0,70,,332848,4,,,0,35,,332841,4,,,0,70,,332845,4,,,0,30,,332855,4,,,0,70,,332846,4,,,0,30,,292071,4,,,0,70,,295814,4,,,0,30,,332837,4,,,0,65,,332842,4,,,0,29,,332860,4,,,0,68,,332838,4,,,0,30,,332850,4,,,0,70,,332849,4,,,0,30,,332852,4,,,0,71,,332859,4,,,0
5100,'5',537,,332876,4,,,0,99,,251201,4,,,0,106,,332888,4,,,0,70,,332870,4,,,0,100,,332871,4,,,0,30,,332887,4,,,0,72,,332885,4,,,0,30,,332886,4,,,0,70,,239455,4,,,0,30,,72546,4,,,0,70,,332875,4,,,0,30,,332889,4,,,0,70,,332877,4,,,0,30,,332882,4,,,0,70,,222841,4,,,0,30,,332883,4,,,0,70,,332873,4,,,0,35,,332865,4,,,0,70,,332862,4,,,0,30,,332878,4,,,0,70,,332863,4,,,0,30,,332884,4,,,0,70,,332879,4,,,0,30,,332868,4,,,0,65,,332881,4,,,0,29,,332872,4,,,0,68,,332866,4,,,0,30,,332874,4,,,0,70,,332867,4,,,0,30,,208152,4,,,0,71,,332864,4,,,0
5100,'6',537,,332902,4,,,0,99,,332911,4,,,0,106,,332918,4,,,0,70,,274553,4,,,0,100,,332898,4,,,0,30,,332917,4,,,0,72,,332915,4,,,0,30,,332916,4,,,0,70,,332892,4,,,0,30,,332909,4,,,0,70,,280109,4,,,0,30,,208284,4,,,0,70,,332904,4,,,0,30,,332912,4,,,0,70,,332903,4,,,0,30,,332913,4,,,0,70,,332900,4,,,0,35,,332894,4,,,0,70,,332890,4,,,0,30,,332905,4,,,0,70,,332891,4,,,0,30,,332914,4,,,0,70,,332906,4,,,0,30,,332896,4,,,0,65,,332910,4,,,0,29,,332899,4,,,0,68,,332895,4,,,0,30,,332901,4,,,0,70,,249463,4,,,0,30,,332907,4,,,0,71,,332893,4,,,0
5100,'7',537,,332929,4,,,0,99,,332935,4,,,0,106,,332942,4,,,0,70,,332925,4,,,0,100,,332926,4,,,0,30,,332941,4,,,0,72,,332939,4,,,0,30,,332940,4,,,0,70,,332919,4,,,0,30,,332933,4,,,0,70,,332928,4,,,0,30,,332943,4,,,0,70,,332931,4,,,0,30,,332936,4,,,0,70,,332930,4,,,0,30,,332937,4,,,0,70,,167871,4,,,0,35,,332920,4,,,0,70,,242258,4,,,0,30,,134387,4,,,0,70,,261398,4,,,0,30,,332938,4,,,0,70,,232855,4,,,0,30,,332923,4,,,0,65,,332934,4,,,0,29,,293958,4,,,0,68,,332921,4,,,0,30,,332927,4,,,0,70,,332922,4,,,0,30,,332932,4,,,0,71,,264236,4,,,0
5100,'8',802,,332946,4,,,0,100,,213823,4,,,0,30,,332964,4,,,0,70,,332944,4,,,0,30,,332956,4,,,0,70,,332955,4,,,0,30,,332958,4,,,0,70,,332950,4,,,0,30,,332965,4,,,0,70,,332960,4,,,0,30,,332959,4,,,0,70,,332966,4,,,0,30,,332947,4,,,0,70,,332957,4,,,0,30,,332951,4,,,0,70,,332967,4,,,0,30,,332945,4,,,0,70,,332952,4,,,0,30,,213815,4,,,0,70,,332961,4,,,0,30,,332968,4,,,0,70,,332954,4,,,0,30,,332948,4,,,0,70,,332949,4,,,0,100,,207722,4,,,0,100,,332962,4,,,0,100,,332953,4,,,0
5100,'9',537,,332981,4,,,0,99,,332990,4,,,0,106,,332997,4,,,0,70,,274372,4,,,0,100,,332977,4,,,0,30,,332996,4,,,0,72,,332994,4,,,0,30,,332995,4,,,0,70,,332971,4,,,0,30,,332988,4,,,0,70,,280031,4,,,0,30,,208107,4,,,0,70,,332983,4,,,0,30,,332991,4,,,0,70,,332982,4,,,0,30,,332992,4,,,0,70,,332979,4,,,0,35,,332973,4,,,0,70,,332969,4,,,0,30,,332984,4,,,0,70,,332970,4,,,0,30,,332993,4,,,0,70,,332985,4,,,0,30,,332975,4,,,0,65,,332989,4,,,0,29,,332978,4,,,0,68,,332974,4,,,0,30,,332980,4,,,0,70,,249365,4,,,0,30,,332986,4,,,0,71,,332972,4,,,0
