1800,'1',841,,689865,,,1,100,,689877,,,1,71,,689852,,,1,31,,689864,,,1,70,,689854,,,1,30,,689875,,,1,70,,689874,,,1,31,,689863,,,1,70,,689860,,,1,30,,689878,,,1,70,,592534,,,1,30,,689859,,,1,70,,689868,,,1,30,,689853,,,1,70,,689871,,,1,30,,689862,,,1,70,,689879,,,1,30,,689869,,,1,70,,689872,,,1,30,,689870,,,1,70,,689876,,,1,29,,689866,,,1,70,,689855,,,1,28,,689856,,,1,70,,689861,,,1,30,,689867,,,1,70,,689858,,,1,105,,689873,,,1,93,,689857,,,1
1800,'10',518,,689890,,,1,100,,689885,,,1,28,,689881,,,1,70,,689884,,,1,29,,689882,,,1,75,,689893,,,1,33,,689900,,,1,70,,689908,,,1,27,,689883,,,1,68,,689891,,,1,30,,689889,,,1,70,,689898,,,1,30,,689880,,,1,70,,634672,,,1,32,,689904,,,1,70,,659688,,,1,30,,451495,,,1,70,,275776,,,1,30,,689905,,,1,73,,369166,,,1,32,,689903,,,1,72,,689901,,,1,103,,689892,,,1,72,,689902,,,1,30,,689886,,,1,25,,689895,,,1,66,,615205,,,1,29,,474033,,,1,64,,689887,,,1,29,,689896,,,1,68,,689894,,,1,30,,689906,,,1,67,,689907,,,1,31,,630759,,,1,100,,689888,,,1,76,,689899,,,1
1800,'11',518,,689919,,,1,100,,689914,,,1,28,,689910,,,1,70,,689913,,,1,29,,689911,,,1,75,,689922,,,1,33,,689929,,,1,70,,689937,,,1,27,,689912,,,1,68,,689920,,,1,30,,689918,,,1,70,,689927,,,1,30,,689909,,,1,70,,634849,,,1,32,,689933,,,1,70,,659715,,,1,30,,451684,,,1,70,,517240,,,1,30,,689934,,,1,73,,487359,,,1,32,,689932,,,1,72,,689930,,,1,103,,689921,,,1,72,,689931,,,1,30,,689915,,,1,25,,689924,,,1,66,,615441,,,1,29,,474210,,,1,64,,689916,,,1,29,,689925,,,1,68,,689923,,,1,30,,689935,,,1,67,,689936,,,1,31,,631044,,,1,100,,689917,,,1,76,,689928,,,1
1800,'12',518,,689948,,,1,100,,689943,,,1,28,,689939,,,1,70,,689942,,,1,29,,689940,,,1,75,,689951,,,1,33,,689958,,,1,70,,689966,,,1,27,,689941,,,1,68,,689949,,,1,30,,689947,,,1,70,,689956,,,1,30,,689938,,,1,70,,634930,,,1,32,,689962,,,1,70,,659730,,,1,30,,451549,,,1,70,,517114,,,1,30,,689963,,,1,73,,487239,,,1,32,,689961,,,1,72,,689959,,,1,103,,689950,,,1,72,,689960,,,1,30,,689944,,,1,25,,689953,,,1,66,,615563,,,1,29,,474082,,,1,64,,689945,,,1,29,,689954,,,1,68,,689952,,,1,30,,689964,,,1,67,,689965,,,1,31,,631170,,,1,100,,689946,,,1,76,,689957,,,1
1800,'13',518,,689971,,,1,100,,689981,,,1,28,,689976,,,1,70,,244878,,,1,27,,477422,,,1,77,,689974,,,1,33,,689973,,,1,70,,689978,,,1,27,,689970,,,1,68,,689968,,,1,30,,646223,,,1,70,,689982,,,1,30,,689990,,,1,70,,632730,,,1,32,,689983,,,1,70,,648263,,,1,30,,689967,,,1,70,,593824,,,1,30,,689975,,,1,73,,689987,,,1,32,,689985,,,1,72,,689989,,,1,32,,629118,,,1,71,,623824,,,1,72,,621795,,,1,30,,689986,,,1,25,,584664,,,1,66,,689979,,,1,29,,629138,,,1,64,,689988,,,1,29,,689969,,,1,68,,689984,,,1,30,,544541,,,1,67,,689991,,,1,31,,689972,,,1,100,,689977,,,1,76,,689980,,,1
1800,'14',732,,690000,,,1,68,,689995,,,1,30,,689994,,,1,71,,690008,,,1,30,,621185,,,1,70,,664123,,,1,30,,690017,,,1,73,,642097,,,1,30,,690006,,,1,70,,661735,,,1,30,,586197,,,1,71,,690004,,,1,30,,690011,,,1,70,,689992,,,1,30,,689997,,,1,70,,690012,,,1,30,,690002,,,1,70,,690013,,,1,30,,690005,,,1,70,,575829,,,1,30,,689999,,,1,70,,690016,,,1,30,,690007,,,1,70,,690001,,,1,30,,690014,,,1,68,,690003,,,1,30,,689993,,,1,67,,690015,,,1,30,,689998,,,1,70,,255099,,,1,30,,690010,,,1,70,,689996,,,1,108,,690009,,,1
1800,'15',518,,690028,,,1,100,,690023,,,1,28,,690019,,,1,70,,690022,,,1,29,,690020,,,1,75,,690031,,,1,33,,690038,,,1,70,,690046,,,1,27,,690021,,,1,68,,690029,,,1,30,,690027,,,1,70,,690036,,,1,30,,690018,,,1,70,,634730,,,1,32,,690042,,,1,70,,659696,,,1,30,,451333,,,1,70,,516898,,,1,30,,690043,,,1,73,,487033,,,1,32,,690041,,,1,72,,690039,,,1,103,,690030,,,1,72,,690040,,,1,30,,690024,,,1,25,,690033,,,1,66,,615279,,,1,29,,473872,,,1,64,,690025,,,1,29,,690034,,,1,68,,690032,,,1,30,,690044,,,1,67,,690045,,,1,31,,630851,,,1,100,,690026,,,1,76,,690037,,,1
1800,'16',518,,690057,,,1,100,,690052,,,1,28,,690048,,,1,70,,690051,,,1,29,,690049,,,1,75,,690060,,,1,33,,690067,,,1,70,,690075,,,1,27,,690050,,,1,68,,690058,,,1,30,,690056,,,1,70,,690065,,,1,30,,690047,,,1,70,,635202,,,1,32,,690071,,,1,70,,659787,,,1,30,,451287,,,1,70,,516848,,,1,30,,690072,,,1,73,,486984,,,1,32,,690070,,,1,72,,690068,,,1,103,,690059,,,1,72,,690069,,,1,30,,690053,,,1,25,,690062,,,1,66,,615962,,,1,29,,473826,,,1,64,,690054,,,1,29,,690063,,,1,68,,690061,,,1,30,,690073,,,1,67,,690074,,,1,31,,631584,,,1,100,,690055,,,1,76,,690066,,,1
1800,'17',518,,690083,,,1,100,,690093,,,1,28,,632652,,,1,70,,690085,,,1,27,,690090,,,1,77,,690087,,,1,33,,639444,,,1,70,,690092,,,1,27,,690081,,,1,68,,690079,,,1,30,,690091,,,1,70,,690094,,,1,30,,690101,,,1,70,,690082,,,1,32,,690095,,,1,70,,690080,,,1,30,,690076,,,1,70,,690104,,,1,30,,690088,,,1,73,,690099,,,1,32,,547200,,,1,72,,690100,,,1,32,,690078,,,1,71,,690102,,,1,72,,690096,,,1,30,,690098,,,1,25,,690097,,,1,66,,555051,,,1,29,,690084,,,1,64,,619101,,,1,29,,459115,,,1,68,,631632,,,1,30,,690077,,,1,67,,690103,,,1,31,,690086,,,1,100,,690089,,,1,76,,627360,,,1
1800,'18',518,,614382,,,1,100,,690126,,,1,28,,690119,,,1,70,,436516,,,1,28,,690110,,,1,76,,690120,,,1,33,,690116,,,1,70,,690128,,,1,27,,690133,,,1,68,,690106,,,1,30,,690115,,,1,70,,690118,,,1,30,,690117,,,1,70,,690132,,,1,32,,690125,,,1,70,,690111,,,1,30,,690127,,,1,70,,690131,,,1,30,,690113,,,1,73,,662566,,,1,34,,690130,,,1,70,,661208,,,1,32,,623953,,,1,71,,690123,,,1,72,,690109,,,1,30,,690122,,,1,25,,690107,,,1,66,,690129,,,1,29,,690121,,,1,64,,690112,,,1,29,,690114,,,1,68,,648597,,,1,30,,690108,,,1,67,,609778,,,1,31,,588547,,,1,100,,690105,,,1,76,,690124,,,1
1800,'19',518,,690138,,,1,100,,690148,,,1,28,,690143,,,1,70,,606533,,,1,27,,576158,,,1,77,,690141,,,1,33,,690140,,,1,70,,690145,,,1,27,,690137,,,1,68,,690135,,,1,30,,646323,,,1,70,,690149,,,1,30,,690157,,,1,70,,632965,,,1,32,,690150,,,1,70,,648733,,,1,30,,690134,,,1,70,,594254,,,1,30,,690142,,,1,73,,690154,,,1,32,,690152,,,1,72,,690156,,,1,32,,629675,,,1,71,,624088,,,1,72,,622248,,,1,30,,690153,,,1,25,,584882,,,1,66,,690146,,,1,29,,629694,,,1,64,,690155,,,1,29,,690136,,,1,68,,690151,,,1,30,,665253,,,1,67,,690158,,,1,31,,690139,,,1,100,,690144,,,1,76,,690147,,,1
1800,'2',841,,690172,,,1,100,,690184,,,1,71,,690159,,,1,31,,690171,,,1,70,,690161,,,1,30,,690182,,,1,70,,690181,,,1,31,,690170,,,1,70,,690167,,,1,30,,690185,,,1,70,,591909,,,1,30,,690166,,,1,70,,690175,,,1,30,,690160,,,1,70,,690178,,,1,30,,690169,,,1,70,,690186,,,1,30,,690176,,,1,70,,690179,,,1,30,,690177,,,1,70,,690183,,,1,29,,690173,,,1,70,,690162,,,1,28,,690163,,,1,70,,690168,,,1,30,,690174,,,1,70,,690165,,,1,105,,690180,,,1,93,,690164,,,1
1800,'3',518,,690197,,,1,100,,690192,,,1,28,,690188,,,1,70,,690191,,,1,29,,690189,,,1,75,,690200,,,1,33,,690207,,,1,70,,690215,,,1,27,,690190,,,1,68,,690198,,,1,30,,690196,,,1,70,,690205,,,1,30,,690187,,,1,70,,634759,,,1,32,,690211,,,1,70,,659700,,,1,30,,451241,,,1,70,,516798,,,1,30,,690212,,,1,73,,486935,,,1,32,,690210,,,1,72,,690208,,,1,103,,690199,,,1,72,,690209,,,1,30,,690193,,,1,25,,690202,,,1,66,,615316,,,1,29,,473780,,,1,64,,690194,,,1,29,,690203,,,1,68,,690201,,,1,30,,690213,,,1,67,,690214,,,1,31,,630897,,,1,100,,690195,,,1,76,,690206,,,1
1800,'4',518,,690226,,,1,100,,690221,,,1,28,,690217,,,1,70,,690220,,,1,29,,690218,,,1,75,,690229,,,1,33,,690236,,,1,70,,690244,,,1,27,,690219,,,1,68,,690227,,,1,30,,690225,,,1,70,,690234,,,1,30,,690216,,,1,70,,634701,,,1,32,,690240,,,1,70,,659692,,,1,30,,450913,,,1,70,,516461,,,1,30,,690241,,,1,73,,486631,,,1,32,,690239,,,1,72,,690237,,,1,103,,690228,,,1,72,,690238,,,1,30,,690222,,,1,25,,690231,,,1,66,,615242,,,1,29,,473437,,,1,64,,690223,,,1,29,,690232,,,1,68,,690230,,,1,30,,690242,,,1,67,,690243,,,1,31,,630805,,,1,100,,690224,,,1,76,,690235,,,1
1800,'5',518,,690252,,,1,100,,690266,,,1,28,,690259,,,1,70,,690254,,,1,27,,690261,,,1,77,,690257,,,1,33,,690256,,,1,70,,690263,,,1,27,,690250,,,1,68,,583939,,,1,30,,690262,,,1,70,,553655,,,1,30,,690274,,,1,70,,690251,,,1,32,,507773,,,1,70,,690249,,,1,30,,690245,,,1,70,,690276,,,1,30,,690258,,,1,73,,577797,,,1,32,,690270,,,1,72,,690273,,,1,32,,690247,,,1,71,,690275,,,1,72,,690267,,,1,30,,690271,,,1,25,,690269,,,1,66,,690264,,,1,29,,690253,,,1,64,,690272,,,1,29,,690248,,,1,68,,690268,,,1,30,,690246,,,1,67,,609540,,,1,31,,690255,,,1,100,,690260,,,1,76,,690265,,,1
1800,'6',518,,690287,,,1,100,,690282,,,1,28,,690278,,,1,70,,690281,,,1,29,,690279,,,1,75,,690290,,,1,33,,690297,,,1,70,,690305,,,1,27,,690280,,,1,68,,690288,,,1,30,,690286,,,1,70,,690295,,,1,30,,690277,,,1,70,,634820,,,1,32,,690301,,,1,70,,659711,,,1,30,,451195,,,1,70,,516748,,,1,30,,690302,,,1,73,,486886,,,1,32,,690300,,,1,72,,690298,,,1,103,,690289,,,1,72,,690299,,,1,30,,690283,,,1,25,,690292,,,1,66,,615404,,,1,29,,473734,,,1,64,,690284,,,1,29,,690293,,,1,68,,690291,,,1,30,,690303,,,1,67,,690304,,,1,31,,630998,,,1,100,,690285,,,1,76,,690296,,,1
1800,'7',518,,584638,,,1,100,,690327,,,1,28,,690320,,,1,70,,690315,,,1,27,,690322,,,1,77,,690318,,,1,33,,690317,,,1,70,,690324,,,1,27,,690312,,,1,68,,690309,,,1,30,,690323,,,1,70,,690328,,,1,30,,690336,,,1,70,,690313,,,1,32,,690329,,,1,70,,690311,,,1,30,,690306,,,1,70,,690339,,,1,30,,690319,,,1,73,,690334,,,1,32,,690333,,,1,72,,615146,,,1,32,,690308,,,1,71,,690337,,,1,72,,690330,,,1,30,,561064,,,1,25,,690332,,,1,66,,690325,,,1,29,,690314,,,1,64,,690335,,,1,29,,690310,,,1,68,,690331,,,1,30,,690307,,,1,67,,690338,,,1,31,,690316,,,1,100,,690321,,,1,76,,690326,,,1
1800,'8',732,,573353,,,1,68,,690343,,,1,30,,690342,,,1,71,,690356,,,1,30,,690345,,,1,70,,690348,,,1,30,,417295,,,1,73,,690349,,,1,30,,690354,,,1,70,,690363,,,1,30,,690352,,,1,71,,643817,,,1,30,,690360,,,1,70,,690340,,,1,30,,482542,,,1,70,,630254,,,1,30,,690351,,,1,70,,690361,,,1,30,,690353,,,1,70,,690365,,,1,30,,690347,,,1,70,,690364,,,1,30,,690355,,,1,70,,690350,,,1,30,,690362,,,1,68,,604861,,,1,30,,690341,,,1,67,,622629,,,1,30,,690346,,,1,70,,690359,,,1,30,,690358,,,1,70,,690344,,,1,108,,690357,,,1
1800,'9',841,,578703,,,1,100,,690384,,,1,71,,588885,,,1,31,,597929,,,1,70,,690366,,,1,30,,690382,,,1,70,,690381,,,1,31,,690373,,,1,70,,690371,,,1,30,,690385,,,1,70,,690387,,,1,30,,690370,,,1,70,,690376,,,1,30,,358086,,,1,70,,608521,,,1,30,,690372,,,1,70,,690386,,,1,30,,690377,,,1,70,,690379,,,1,30,,690378,,,1,70,,690383,,,1,29,,690374,,,1,70,,690367,,,1,28,,556242,,,1,70,,592429,,,1,30,,690375,,,1,70,,690369,,,1,105,,690380,,,1,93,,690368,,,1
3901,'1',808,,592501,0,27 28,1,1549,,704873,0,27 28,1,70,,604121,0,27 28,1,30,,704844,0,27 28,1,70,,704886,0,27 28,1,30,,704883,0,27 28,1,70,,704863,0,27 28,1,30,,704866,0,27 28,1
3901,'10',2546,,704960,0,76,1,73,,665078,0,76,1,30,,473200,0,76,1,70,,704951,0,76,1
3901,'11',2546,,705026,0,76,1,73,,665231,0,76,1,30,,473376,0,76,1,70,,705017,0,76,1
3901,'12',2546,,705092,0,76,1,73,,665315,0,76,1,30,,473251,0,76,1,70,,705083,0,76,1
3901,'13',2546,,705121,0,76,1,73,,624551,0,76,1,30,,705148,0,76,1,70,,582456,0,76,1
3901,'14',2639,,642062,0,27 28,1,71,,705174,0,27 28,1
3901,'15',2546,,705273,0,76,1,73,,665128,0,76,1,30,,473037,0,76,1,70,,705264,0,76,1
3901,'16',2546,,705339,0,76,1,73,,665556,0,76,1,30,,472990,0,76,1,70,,705330,0,76,1
3901,'17',2546,,705371,0,76,1,73,,705401,0,76,1,30,,527391,0,76,1,70,,705352,0,76,1
3901,'18',2546,,705449,0,76,1,73,,705435,0,76,1,30,,705440,0,76,1,70,,705411,0,76,1
3901,'19',2546,,705503,0,76,1,73,,624746,0,76,1,30,,705530,0,76,1,70,,534241,0,76,1
3901,'2',808,,591875,0,27 28,1,1549,,705577,0,27 28,1,70,,603793,0,27 28,1,30,,705548,0,27 28,1,70,,705590,0,27 28,1,30,,705587,0,27 28,1,70,,705567,0,27 28,1,30,,705570,0,27 28,1
3901,'3',2546,,705664,0,76,1,73,,665153,0,76,1,30,,472943,0,76,1,70,,705655,0,76,1
3901,'4',2546,,705730,0,76,1,73,,665103,0,76,1,30,,472599,0,76,1,70,,705721,0,76,1
3901,'5',2546,,705761,0,76,1,73,,705796,0,76,1,30,,705798,0,76,1,70,,705745,0,76,1
3901,'6',2546,,705868,0,76,1,73,,665206,0,76,1,30,,472896,0,76,1,70,,705859,0,76,1
3901,'7',2546,,576964,0,76,1,73,,705935,0,76,1,30,,705937,0,76,1,70,,705882,0,76,1
3901,'8',2639,,705947,0,27 28,1,71,,705968,0,27 28,1
3901,'9',808,,706041,0,27 28,1,1549,,706051,0,27 28,1,70,,706025,0,27 28,1,30,,706024,0,27 28,1,70,,706061,0,27 28,1,30,,706059,0,27 28,1,70,,706042,0,27 28,1,30,,706045,0,27 28,1
10501,'1',816,,754372,,,1,17,,754357,,,1,71,,754358,,,1,30,,754376,,,1,70,,754381,,,1,31,,754382,,,1,70,,754392,,,1,30,,754361,,,1,70,,754395,,,1,30,,754386,,,1,70,,754383,,,1,30,,754387,,,1,70,,754370,,,1,30,,754384,,,1,70,,754398,,,1,30,,568423,,,1,70,,754399,,,1,30,,754373,,,1,70,,754369,,,1,30,,754360,,,1,70,,754390,,,1,30,,754367,,,1,70,,754371,,,1,29,,754397,,,1,70,,754378,,,1,29,,754364,,,1,69,,754394,,,1,30,,754391,,,1,70,,754389,,,1,30,,754375,,,1,70,,754377,,,1
10501,'10',515,,754437,,,1,37,,754428,,,1,68,,754420,,,1,28,,569008,,,1,72,,754416,,,1,35,,754435,,,1,68,,754403,,,1,32,,754423,,,1,68,,754422,,,1,30,,754413,,,1,83,,754426,,,1,70,,513378,,,1,30,,614182,,,1,70,,754410,,,1,30,,754404,,,1,70,,754418,,,1,30,,754431,,,1,70,,754425,,,1,30,,563778,,,1,70,,754434,,,1,30,,754408,,,1,88,,754402,,,1,30,,754427,,,1,70,,672892,,,1,105,,505075,,,1,30,,514613,,,1,70,,754412,,,1,26,,754406,,,1,70,,754432,,,1,30,,754438,,,1,75,,754414,,,1,28,,754411,,,1,70,,754421,,,1,29,,754417,,,1,70,,754407,,,1,75,,754405,,,1,26,,754409,,,1,28,,754415,,,1,57,,754419,,,1
10501,'11',515,,754474,,,1,37,,754465,,,1,68,,754457,,,1,28,,569160,,,1,72,,754453,,,1,35,,754472,,,1,68,,754440,,,1,32,,754460,,,1,68,,754459,,,1,30,,754450,,,1,83,,754463,,,1,70,,325636,,,1,30,,614443,,,1,70,,754447,,,1,30,,754441,,,1,70,,754455,,,1,30,,754468,,,1,70,,754462,,,1,30,,564067,,,1,70,,754471,,,1,30,,754445,,,1,88,,754439,,,1,30,,754464,,,1,70,,672902,,,1,105,,382410,,,1,30,,514887,,,1,70,,754449,,,1,26,,754443,,,1,70,,754469,,,1,30,,754475,,,1,75,,754451,,,1,28,,754448,,,1,70,,754458,,,1,29,,754454,,,1,70,,754444,,,1,75,,754442,,,1,26,,754446,,,1,28,,754452,,,1,57,,754456,,,1
10501,'12',515,,754511,,,1,37,,754502,,,1,68,,754494,,,1,28,,569209,,,1,72,,754490,,,1,35,,754509,,,1,68,,754477,,,1,32,,754497,,,1,68,,754496,,,1,30,,754487,,,1,83,,754500,,,1,70,,325661,,,1,30,,614573,,,1,70,,754484,,,1,30,,754478,,,1,70,,754492,,,1,30,,754505,,,1,70,,754499,,,1,30,,564196,,,1,70,,754508,,,1,30,,754482,,,1,88,,754476,,,1,30,,754501,,,1,70,,672905,,,1,105,,382496,,,1,30,,514680,,,1,70,,754486,,,1,26,,754480,,,1,70,,754506,,,1,30,,754512,,,1,75,,754488,,,1,28,,754485,,,1,70,,754495,,,1,29,,754491,,,1,70,,754481,,,1,75,,754479,,,1,26,,754483,,,1,28,,754489,,,1,57,,754493,,,1
10501,'13',515,,754533,,,1,36,,754541,,,1,63,,754520,,,1,34,,559712,,,1,72,,754539,,,1,35,,754534,,,1,68,,585860,,,1,32,,754528,,,1,68,,585862,,,1,30,,754523,,,1,83,,754529,,,1,70,,754544,,,1,30,,754545,,,1,70,,754527,,,1,30,,754521,,,1,70,,616098,,,1,30,,754515,,,1,70,,754542,,,1,30,,671126,,,1,70,,507590,,,1,30,,754543,,,1,17,,754526,,,1,71,,754536,,,1,30,,505676,,,1,70,,754535,,,1,30,,754537,,,1,75,,754516,,,1,30,,652763,,,1,70,,623795,,,1,26,,754518,,,1,70,,754514,,,1,30,,754532,,,1,75,,754530,,,1,28,,623826,,,1,70,,754513,,,1,29,,754522,,,1,70,,754538,,,1,75,,754540,,,1,26,,754548,,,1,28,,754531,,,1,57,,754517,,,1
10501,'14',624,,507934,,,1,30,,754574,,,1,70,,754553,,,1,30,,754575,,,1,70,,628383,,,1,30,,754564,,,1,70,,534602,,,1,30,,754566,,,1,70,,754549,,,1,31,,754571,,,1,70,,754560,,,1,30,,754562,,,1,70,,671361,,,1,30,,652296,,,1,70,,754581,,,1,30,,754582,,,1,70,,628333,,,1,30,,452767,,,1,70,,754565,,,1,30,,754569,,,1,70,,754572,,,1,30,,754561,,,1,70,,754577,,,1,30,,754557,,,1,70,,557228,,,1,30,,608300,,,1,70,,754551,,,1,29,,754559,,,1,70,,754580,,,1,30,,754583,,,1,68,,754578,,,1,30,,754567,,,1,70,,754554,,,1,29,,558444,,,1,70,,754556,,,1,30,,754555,,,1,70,,754550,,,1,30,,754579,,,1,70,,622427,,,1,30,,754570,,,1
10501,'15',515,,754620,,,1,37,,754611,,,1,68,,754603,,,1,28,,569058,,,1,72,,754599,,,1,35,,754618,,,1,68,,754586,,,1,32,,754606,,,1,68,,754605,,,1,30,,754596,,,1,83,,754609,,,1,70,,395461,,,1,30,,614266,,,1,70,,754593,,,1,30,,754587,,,1,70,,754601,,,1,30,,754614,,,1,70,,754608,,,1,30,,563870,,,1,70,,754617,,,1,30,,754591,,,1,88,,754585,,,1,30,,754610,,,1,70,,672896,,,1,105,,382848,,,1,30,,514338,,,1,70,,754595,,,1,26,,754589,,,1,70,,754615,,,1,30,,754621,,,1,75,,754597,,,1,28,,754594,,,1,70,,754604,,,1,29,,754600,,,1,70,,754590,,,1,75,,754588,,,1,26,,754592,,,1,28,,754598,,,1,57,,754602,,,1
10501,'16',515,,754657,,,1,37,,754648,,,1,68,,754640,,,1,28,,569330,,,1,72,,754636,,,1,35,,754655,,,1,68,,754623,,,1,32,,754643,,,1,68,,754642,,,1,30,,754633,,,1,83,,754646,,,1,70,,325611,,,1,30,,615002,,,1,70,,754630,,,1,30,,754624,,,1,70,,754638,,,1,30,,754651,,,1,70,,754645,,,1,30,,564605,,,1,70,,754654,,,1,30,,754628,,,1,88,,754622,,,1,30,,754647,,,1,70,,672908,,,1,105,,382789,,,1,30,,514270,,,1,70,,754632,,,1,26,,754626,,,1,70,,754652,,,1,30,,754658,,,1,75,,754634,,,1,28,,754631,,,1,70,,754641,,,1,29,,754637,,,1,70,,754627,,,1,75,,754625,,,1,26,,754629,,,1,28,,754635,,,1,57,,754639,,,1
10501,'17',515,,754682,,,1,36,,754689,,,1,63,,754667,,,1,34,,754679,,,1,72,,754687,,,1,35,,754683,,,1,68,,754693,,,1,32,,754677,,,1,68,,754694,,,1,30,,754670,,,1,83,,754678,,,1,70,,754691,,,1,30,,754692,,,1,70,,754676,,,1,30,,754668,,,1,70,,754675,,,1,30,,754662,,,1,70,,754690,,,1,30,,754671,,,1,70,,754674,,,1,30,,453613,,,1,17,,634564,,,1,71,,558950,,,1,30,,754665,,,1,70,,754684,,,1,30,,754685,,,1,75,,754663,,,1,30,,754666,,,1,70,,754660,,,1,26,,504565,,,1,70,,754661,,,1,30,,754681,,,1,75,,605041,,,1,28,,754697,,,1,70,,754659,,,1,29,,486435,,,1,70,,754686,,,1,75,,754688,,,1,26,,754696,,,1,28,,754680,,,1,57,,630578,,,1
10501,'18',515,,754707,,,1,37,,619505,,,1,66,,754729,,,1,30,,754702,,,1,72,,754727,,,1,35,,754709,,,1,68,,623180,,,1,32,,754726,,,1,68,,754717,,,1,30,,754723,,,1,83,,754713,,,1,70,,754700,,,1,30,,754734,,,1,70,,754733,,,1,30,,754736,,,1,70,,566176,,,1,30,,754731,,,1,70,,754701,,,1,30,,754698,,,1,70,,754728,,,1,30,,754722,,,1,17,,754735,,,1,71,,754704,,,1,30,,564005,,,1,70,,754720,,,1,30,,754699,,,1,75,,754725,,,1,30,,754715,,,1,70,,567606,,,1,26,,754714,,,1,70,,754719,,,1,30,,754705,,,1,75,,601025,,,1,28,,626701,,,1,70,,754710,,,1,29,,754732,,,1,70,,754712,,,1,75,,607168,,,1,26,,754724,,,1,28,,754737,,,1,57,,754730,,,1
10501,'19',515,,754758,,,1,36,,754766,,,1,63,,754745,,,1,34,,544033,,,1,72,,754764,,,1,35,,754759,,,1,68,,586093,,,1,32,,754753,,,1,68,,586094,,,1,30,,754748,,,1,83,,754754,,,1,70,,754769,,,1,30,,754770,,,1,70,,754752,,,1,30,,754746,,,1,70,,616344,,,1,30,,754740,,,1,70,,754767,,,1,30,,671140,,,1,70,,656992,,,1,30,,754768,,,1,17,,754751,,,1,71,,754761,,,1,30,,613810,,,1,70,,754760,,,1,30,,754762,,,1,75,,754741,,,1,30,,653048,,,1,70,,375125,,,1,26,,754743,,,1,70,,754739,,,1,30,,754757,,,1,75,,754755,,,1,28,,624090,,,1,70,,754738,,,1,29,,754747,,,1,70,,754763,,,1,75,,754765,,,1,26,,754773,,,1,28,,754756,,,1,57,,754742,,,1
10501,'2',816,,754789,,,1,17,,754774,,,1,71,,754775,,,1,30,,754793,,,1,70,,754798,,,1,31,,754799,,,1,70,,754809,,,1,30,,754778,,,1,70,,754812,,,1,30,,754803,,,1,70,,754800,,,1,30,,754804,,,1,70,,754787,,,1,30,,754801,,,1,70,,754815,,,1,30,,567853,,,1,70,,754816,,,1,30,,754790,,,1,70,,754786,,,1,30,,754777,,,1,70,,754807,,,1,30,,754784,,,1,70,,754788,,,1,29,,754814,,,1,70,,754795,,,1,29,,754781,,,1,69,,754811,,,1,30,,754808,,,1,70,,754806,,,1,30,,754792,,,1,70,,754794,,,1
10501,'3',515,,754854,,,1,37,,754845,,,1,68,,754837,,,1,28,,569083,,,1,72,,754833,,,1,35,,754852,,,1,68,,754820,,,1,32,,754840,,,1,68,,754839,,,1,30,,754830,,,1,83,,754843,,,1,70,,325734,,,1,30,,614308,,,1,70,,754827,,,1,30,,754821,,,1,70,,754835,,,1,30,,754848,,,1,70,,754842,,,1,30,,563916,,,1,70,,754851,,,1,30,,754825,,,1,88,,754819,,,1,30,,754844,,,1,70,,672898,,,1,105,,382958,,,1,30,,514202,,,1,70,,754829,,,1,26,,754823,,,1,70,,754849,,,1,30,,754855,,,1,75,,754831,,,1,28,,754828,,,1,70,,754838,,,1,29,,754834,,,1,70,,754824,,,1,75,,754822,,,1,26,,754826,,,1,28,,754832,,,1,57,,754836,,,1
10501,'4',515,,754891,,,1,37,,754882,,,1,68,,754874,,,1,28,,569033,,,1,72,,754870,,,1,35,,754889,,,1,68,,754857,,,1,32,,754877,,,1,68,,754876,,,1,30,,754867,,,1,83,,754880,,,1,70,,325799,,,1,30,,614224,,,1,70,,754864,,,1,30,,754858,,,1,70,,754872,,,1,30,,754885,,,1,70,,754879,,,1,30,,563824,,,1,70,,754888,,,1,30,,754862,,,1,88,,754856,,,1,30,,754881,,,1,70,,672894,,,1,105,,382246,,,1,30,,513647,,,1,70,,754866,,,1,26,,754860,,,1,70,,754886,,,1,30,,754892,,,1,75,,754868,,,1,28,,754865,,,1,70,,754875,,,1,29,,754871,,,1,70,,754861,,,1,75,,754859,,,1,26,,754863,,,1,28,,754869,,,1,57,,754873,,,1
10501,'5',515,,754920,,,1,36,,472548,,,1,63,,754903,,,1,34,,754916,,,1,72,,754924,,,1,35,,648215,,,1,68,,754926,,,1,32,,647397,,,1,68,,754928,,,1,30,,754907,,,1,83,,754915,,,1,70,,637831,,,1,30,,557733,,,1,70,,754914,,,1,30,,754904,,,1,70,,754913,,,1,30,,754895,,,1,70,,430348,,,1,30,,754908,,,1,70,,754911,,,1,30,,754925,,,1,17,,754912,,,1,71,,754922,,,1,30,,754898,,,1,70,,754921,,,1,30,,754923,,,1,75,,754896,,,1,30,,754901,,,1,70,,754894,,,1,26,,754900,,,1,70,,462567,,,1,30,,754919,,,1,75,,754917,,,1,28,,754931,,,1,70,,754893,,,1,29,,754905,,,1,70,,587049,,,1,75,,594832,,,1,26,,754930,,,1,28,,754918,,,1,57,,754899,,,1
10501,'6',515,,754967,,,1,37,,754958,,,1,68,,754950,,,1,28,,569135,,,1,72,,754946,,,1,35,,754965,,,1,68,,754933,,,1,32,,754953,,,1,68,,754952,,,1,30,,754943,,,1,83,,754956,,,1,70,,395292,,,1,30,,614401,,,1,70,,754940,,,1,30,,754934,,,1,70,,754948,,,1,30,,754961,,,1,70,,754955,,,1,30,,564021,,,1,70,,754964,,,1,30,,754938,,,1,88,,754932,,,1,30,,754957,,,1,70,,672900,,,1,105,,293851,,,1,30,,514134,,,1,70,,754942,,,1,26,,754936,,,1,70,,754962,,,1,30,,754968,,,1,75,,754944,,,1,28,,754941,,,1,70,,754951,,,1,29,,754947,,,1,70,,754937,,,1,75,,754935,,,1,26,,754939,,,1,28,,754945,,,1,57,,754949,,,1
10501,'7',515,,608682,,,1,36,,754999,,,1,63,,754979,,,1,34,,754990,,,1,72,,606929,,,1,35,,754993,,,1,68,,755004,,,1,32,,754989,,,1,68,,755006,,,1,30,,754982,,,1,83,,611183,,,1,70,,755002,,,1,30,,755003,,,1,70,,490753,,,1,30,,612011,,,1,70,,754988,,,1,30,,659997,,,1,70,,755000,,,1,30,,754983,,,1,70,,754986,,,1,30,,755001,,,1,17,,754987,,,1,71,,754995,,,1,30,,754974,,,1,70,,754994,,,1,30,,754996,,,1,75,,754972,,,1,30,,754977,,,1,70,,754970,,,1,26,,754976,,,1,70,,754971,,,1,30,,514083,,,1,75,,754991,,,1,28,,755008,,,1,70,,754969,,,1,29,,754980,,,1,70,,754997,,,1,75,,754998,,,1,26,,492766,,,1,28,,754992,,,1,57,,754975,,,1
10501,'8',624,,755013,,,1,30,,755032,,,1,70,,755016,,,1,30,,755033,,,1,70,,755038,,,1,30,,755026,,,1,70,,755025,,,1,30,,651646,,,1,70,,626148,,,1,31,,755030,,,1,70,,755022,,,1,30,,637525,,,1,70,,755009,,,1,30,,755015,,,1,70,,755039,,,1,30,,755040,,,1,70,,755011,,,1,30,,755029,,,1,70,,653344,,,1,30,,755027,,,1,70,,623547,,,1,30,,653341,,,1,70,,599314,,,1,30,,652436,,,1,70,,755042,,,1,30,,755023,,,1,70,,755012,,,1,29,,590769,,,1,70,,755037,,,1,30,,628623,,,1,68,,623554,,,1,30,,522509,,,1,70,,755017,,,1,29,,755014,,,1,70,,755019,,,1,30,,755018,,,1,70,,755010,,,1,30,,755036,,,1,70,,755020,,,1,30,,755028,,,1
10501,'9',816,,755055,,,1,17,,755043,,,1,71,,624392,,,1,30,,755058,,,1,70,,755063,,,1,31,,755064,,,1,70,,755075,,,1,30,,755046,,,1,70,,755076,,,1,30,,755069,,,1,70,,755065,,,1,30,,755070,,,1,70,,755053,,,1,30,,755066,,,1,70,,755079,,,1,30,,755068,,,1,70,,755080,,,1,30,,755056,,,1,70,,755052,,,1,30,,755045,,,1,70,,755073,,,1,30,,755050,,,1,70,,609369,,,1,29,,755078,,,1,70,,755060,,,1,29,,755049,,,1,69,,312448,,,1,30,,755074,,,1,70,,755072,,,1,30,,604929,,,1,70,,755059,,,1
