63300,'11',816,,210651,13,,,0
63300,'13',816,,210699,13,,,0
63300,'14',816,,210922,13,,,0
63300,'2',816,,376579,13,,,0
63300,'3',816,,376580,13,,,0
63300,'5',816,,376581,13,,,0
63300,'6',816,,210342,13,,,0
63300,'7',816,,376582,13,,,0
63300,'9',816,,210194,13,,,0
63301,'11',1513,,376583,15,,,0
63301,'13',1513,,376584,15,,,0
63301,'14',1513,,376585,15,,,0
63301,'2',1513,,376586,15,,,0
63301,'3',1513,,376587,15,,,0
63301,'5',1513,,376588,15,,,0
63301,'6',1513,,376589,15,,,0
63301,'7',1513,,376590,15,,,0
63301,'9',1513,,376591,15,,,0
