61801,'11',1515,,670782,,,1
61801,'12',1515,,524877,,,1
61801,'13',1515,,524394,,,1
61801,'14',1515,,524754,,,1
61801,'15',1515,,524668,,,1
61801,'17',1515,,524625,,,1
61801,'18',1515,,525027,,,1
61801,'19',1515,,670790,,,1
61801,'20',1515,,524921,,,1
61801,'22',1515,,670792,,,1
61801,'8',1515,,524711,,,1
67801,'11',1515,,672411,,,1
67801,'12',1515,,672412,,,1
67801,'13',1515,,672413,,,1
67801,'14',1515,,672414,,,1
67801,'15',1515,,672415,,,1
67801,'17',1515,,672416,,,1
67801,'18',1515,,672417,,,1
67801,'19',1515,,672418,,,1
67801,'20',1515,,672419,,,1
67801,'22',1515,,496033,,,1
67801,'8',1515,,672420,,,1
