26501,'12',1606,,294016,17,,,1,32,,179013,17,,,1,69,,294015,17,,,1,30,,294018,17,,,1,70,,294014,17,,,1,30,,294013,17,,,1,68,,294017,17,,,1
26501,'14',1605,,294022,17,,,1,32,,294024,17,,,1,70,,194282,17,,,1,30,,294020,17,,,1,70,,294019,17,,,1,30,,294021,17,,,1,68,,294023,17,,,1
26501,'15',1606,,294028,17,,,1,32,,179121,17,,,1,69,,294027,17,,,1,30,,294030,17,,,1,70,,294026,17,,,1,30,,294025,17,,,1,68,,294029,17,,,1
26501,'17',1605,,294034,17,,,1,32,,294036,17,,,1,70,,194201,17,,,1,30,,294032,17,,,1,70,,294031,17,,,1,30,,294033,17,,,1,68,,294035,17,,,1
26501,'18',1605,,294040,17,,,1,32,,294042,17,,,1,70,,85655,17,,,1,30,,294038,17,,,1,70,,294037,17,,,1,30,,294039,17,,,1,68,,294041,17,,,1
26501,'2',1605,,294047,17,,,1,32,,294048,17,,,1,70,,294044,17,,,1,30,,294045,17,,,1,70,,294043,17,,,1,30,,294046,17,,,1,68,,190720,17,,,1
26501,'3',1606,,185407,17,,,1,32,,294052,17,,,1,69,,99260,17,,,1,30,,294053,17,,,1,70,,294050,17,,,1,30,,294049,17,,,1,68,,294051,17,,,1
26501,'4',1606,,294057,17,,,1,32,,179175,17,,,1,69,,294056,17,,,1,30,,294059,17,,,1,70,,294055,17,,,1,30,,294054,17,,,1,68,,294058,17,,,1
26501,'5',1606,,294063,17,,,1,32,,178789,17,,,1,69,,294062,17,,,1,30,,294065,17,,,1,70,,294061,17,,,1,30,,294060,17,,,1,68,,294064,17,,,1
26501,'7',1605,,294070,17,,,1,32,,294072,17,,,1,70,,294067,17,,,1,30,,294068,17,,,1,70,,294066,17,,,1,30,,294069,17,,,1,68,,294071,17,,,1
26501,'8',1605,,294076,17,,,1,103,,294075,17,,,1,101,,294073,17,,,1,96,,294074,17,,,1
26501,'9',1606,,294080,17,,,1,32,,178988,17,,,1,69,,294079,17,,,1,30,,294082,17,,,1,70,,294078,17,,,1,30,,294077,17,,,1,68,,294081,17,,,1
