500000101,'1',1500,,206304,1,,,1,20,,206306,1,,,1,10,,206305,1,,,1,20,,206308,1,,,1,60,,206307,1,,,1,10,,206310,1,,,1,20,,119996,1,,,1,60,,108269,1,,,1,10,,98760,1,,,1,20,,206309,1,,,1,20,,94416,1,,,1,50,,117238,1,,,1
500000101,'10',1500,,206314,1,,,1,30,,206311,1,,,1,70,,206316,1,,,1,30,,206312,1,,,1,70,,49037,1,,,1,30,,206315,1,,,1,70,,206313,1,,,1
500000101,'12',1500,,206333,1,,,1,10,,206332,1,,,1,10,,206322,1,,,1,10,,81654,1,,,1,10,,206317,1,,,1,10,,206326,1,,,1,50,,82260,1,,,1,10,,206329,1,,,1,10,,206325,1,,,1,10,,206331,1,,,1,10,,206321,1,,,1,10,,206319,1,,,1,50,,206327,1,,,1,10,,206318,1,,,1,10,,206330,1,,,1,10,,206320,1,,,1,10,,206324,1,,,1,10,,206328,1,,,1,50,,206323,1,,,1
500000101,'14',1500,,111758,1,,,1,10,,206348,1,,,1,10,,206338,1,,,1,10,,206347,1,,,1,10,,206335,1,,,1,10,,206341,1,,,1,50,,206334,1,,,1,10,,206344,1,,,1,10,,21255,1,,,1,10,,206346,1,,,1,10,,73616,1,,,1,10,,206337,1,,,1,50,,206342,1,,,1,10,,206336,1,,,1,10,,206345,1,,,1,10,,104673,1,,,1,10,,206340,1,,,1,10,,206343,1,,,1,50,,206339,1,,,1
500000101,'15',1500,,111961,1,,,1,10,,206363,1,,,1,10,,206353,1,,,1,10,,206362,1,,,1,10,,206350,1,,,1,10,,206356,1,,,1,50,,206349,1,,,1,10,,206359,1,,,1,10,,21458,1,,,1,10,,206361,1,,,1,10,,73924,1,,,1,10,,206352,1,,,1,50,,206357,1,,,1,10,,206351,1,,,1,10,,206360,1,,,1,10,,104878,1,,,1,10,,206355,1,,,1,10,,206358,1,,,1,50,,206354,1,,,1
500000101,'16',1500,,206375,1,,,1,10,,206374,1,,,1,10,,93048,1,,,1,10,,206373,1,,,1,10,,63896,1,,,1,10,,206369,1,,,1,50,,206364,1,,,1,10,,206372,1,,,1,10,,206368,1,,,1,10,,96134,1,,,1,10,,206367,1,,,1,10,,206365,1,,,1,50,,206370,1,,,1,10,,103526,1,,,1,10,,97247,1,,,1,10,,206366,1,,,1,10,,100514,1,,,1,10,,206371,1,,,1,50,,89207,1,,,1
500000101,'17',1500,,206376,1,,,1,20,,206378,1,,,1,10,,206377,1,,,1,20,,206380,1,,,1,60,,206379,1,,,1,10,,206382,1,,,1,20,,120011,1,,,1,60,,108426,1,,,1,10,,98950,1,,,1,20,,206381,1,,,1,20,,94584,1,,,1,50,,117254,1,,,1
500000101,'2',1500,,206383,1,,,1,20,,206385,1,,,1,10,,206384,1,,,1,20,,206387,1,,,1,60,,206386,1,,,1,10,,206389,1,,,1,20,,120001,1,,,1,60,,108304,1,,,1,10,,98800,1,,,1,20,,206388,1,,,1,20,,94449,1,,,1,50,,117242,1,,,1
500000101,'3',1500,,111891,1,,,1,10,,206404,1,,,1,10,,206394,1,,,1,10,,206403,1,,,1,10,,206391,1,,,1,10,,206397,1,,,1,50,,206390,1,,,1,10,,206400,1,,,1,10,,21388,1,,,1,10,,206402,1,,,1,10,,73810,1,,,1,10,,206393,1,,,1,50,,206398,1,,,1,10,,206392,1,,,1,10,,206401,1,,,1,10,,104808,1,,,1,10,,206396,1,,,1,10,,206399,1,,,1,50,,206395,1,,,1
500000101,'5',1500,,94988,1,,,1,20,,206407,1,,,1,10,,206406,1,,,1,20,,206411,1,,,1,60,,206410,1,,,1,10,,206415,1,,,1,20,,206409,1,,,1,60,,206408,1,,,1,10,,206412,1,,,1,20,,206413,1,,,1,20,,206405,1,,,1,50,,206414,1,,,1
500000101,'6',1500,,206416,1,,,1,20,,206418,1,,,1,10,,206417,1,,,1,20,,206420,1,,,1,60,,206419,1,,,1,10,,206422,1,,,1,20,,120021,1,,,1,60,,108602,1,,,1,10,,99152,1,,,1,20,,206421,1,,,1,20,,94790,1,,,1,50,,117274,1,,,1
500000101,'8',1500,,206423,1,,,1,20,,206425,1,,,1,10,,206424,1,,,1,20,,206427,1,,,1,60,,206426,1,,,1,10,,206429,1,,,1,20,,120016,1,,,1,60,,108567,1,,,1,10,,99112,1,,,1,20,,206428,1,,,1,20,,94757,1,,,1,50,,117270,1,,,1
