26200,'12',546,,293790,21,,,1,98,,293789,21,,,1,67,,293792,21,,,1,90,,293791,21,,,1
26200,'14',546,,185373,21,,,1,98,,293793,21,,,1,65,,25421,21,,,1,92,,293794,21,,,1
26200,'15',546,,293796,21,,,1,98,,293795,21,,,1,67,,293798,21,,,1,90,,293797,21,,,1
26200,'17',546,,51227,21,,,1,98,,293799,21,,,1,65,,182838,21,,,1,92,,293800,21,,,1
26200,'18',546,,185511,21,,,1,98,,293801,21,,,1,65,,182968,21,,,1,92,,293802,21,,,1
26200,'2',546,,293806,21,,,1,98,,293804,21,,,1,65,,293803,21,,,1,92,,293805,21,,,1
26200,'3',546,,29704,21,,,1,98,,293807,21,,,1,67,,293809,21,,,1,90,,293808,21,,,1
26200,'4',546,,293811,21,,,1,98,,293810,21,,,1,67,,293813,21,,,1,90,,293812,21,,,1
26200,'5',546,,293815,21,,,1,98,,293814,21,,,1,67,,293817,21,,,1,90,,293816,21,,,1
26200,'7',546,,293820,21,,,1,98,,163341,21,,,1,65,,293818,21,,,1,92,,293819,21,,,1
26200,'8',546,,293823,21,,,1,98,,293822,21,,,1,66,,293821,21,,,1,91,,293824,21,,,1
26200,'9',546,,293826,21,,,1,98,,293825,21,,,1,67,,293828,21,,,1,90,,293827,21,,,1
30301,'15',1512,,294686,47,,,1
30301,'18',1512,,294687,47,,,1
30301,'8',1512,,294688,47,,,1
