7300,'1',614,,15602,23,,,0,37,,345322,27,,,0,72,,345311,27,,,0,28,,345310,27,,,0,69,,230655,27,,,0,30,,345307,27,,,0,72,,345327,27,,,0,29,,345324,27,,,0,564,,345316,9,,,0,30,,256857,9,,,0,70,,345323,9,,,0,30,,345308,9,,,0,70,,345312,9,,,0,30,,345326,9,,,0,70,,345304,9,,,0
7300,'11',614,,145849,23,,,0,37,,242615,27,,,0,73,,345333,27,,,0,27,,345353,27,,,0,69,,345345,27,,,0,30,,345346,27,,,0,72,,345343,27,,,0,29,,251404,27,,,0,594,,345351,9,,,0,70,,253174,9,,,0,30,,345336,9,,,0,70,,345334,9,,,0,30,,345329,9,,,0,70,,345348,9,,,0
7300,'13',614,,145458,23,,,0,37,,242669,27,,,0,73,,345358,27,,,0,27,,345378,27,,,0,69,,345370,27,,,0,30,,345371,27,,,0,72,,345368,27,,,0,29,,251431,27,,,0,594,,345376,9,,,0,70,,253225,9,,,0,30,,345361,9,,,0,70,,345359,9,,,0,30,,345354,9,,,0,70,,345373,9,,,0
7300,'14',614,,145646,23,,,0,37,,242850,27,,,0,73,,345383,27,,,0,27,,345403,27,,,0,69,,345395,27,,,0,30,,345396,27,,,0,72,,345393,27,,,0,29,,251540,27,,,0,594,,345401,9,,,0,70,,253426,9,,,0,30,,345386,9,,,0,70,,345384,9,,,0,30,,345379,9,,,0,70,,345398,9,,,0
7300,'2',614,,345415,23,,,0,37,,345410,27,,,0,73,,83128,27,,,0,27,,345430,27,,,0,69,,290509,27,,,0,30,,345422,27,,,0,72,,345420,27,,,0,29,,345429,27,,,0,594,,345428,9,,,0,70,,345414,9,,,0,30,,345408,9,,,0,70,,285970,9,,,0,30,,345404,9,,,0,70,,345424,9,,,0
7300,'3',614,,345444,23,,,0,37,,345440,27,,,0,73,,345435,27,,,0,27,,250518,27,,,0,69,,345451,27,,,0,30,,345452,27,,,0,72,,345449,27,,,0,29,,345458,27,,,0,594,,345457,9,,,0,70,,345443,9,,,0,30,,345438,9,,,0,70,,345436,9,,,0,30,,345431,9,,,0,70,,345454,9,,,0
7300,'4',614,,345466,23,,,0,37,,345467,27,,,0,72,,272773,27,,,0,28,,345476,27,,,0,69,,345472,27,,,0,31,,345462,27,,,0,71,,345464,27,,,0,29,,294928,27,,,0,564,,345471,9,,,0,30,,345470,9,,,0,68,,345474,9,,,0,32,,345481,9,,,0,70,,250232,9,,,0,30,,345480,9,,,0,70,,345460,9,,,0
7300,'5',614,,345496,23,,,0,37,,345492,27,,,0,73,,345487,27,,,0,27,,250603,27,,,0,69,,345503,27,,,0,30,,345504,27,,,0,72,,345501,27,,,0,29,,345510,27,,,0,594,,345509,9,,,0,70,,345495,9,,,0,30,,345490,9,,,0,70,,345488,9,,,0,30,,345483,9,,,0,70,,345506,9,,,0
7300,'6',614,,145789,23,,,0,37,,242319,27,,,0,73,,345516,27,,,0,27,,345536,27,,,0,69,,345528,27,,,0,30,,345529,27,,,0,72,,345526,27,,,0,29,,251254,27,,,0,594,,345534,9,,,0,70,,252905,9,,,0,30,,345519,9,,,0,70,,345517,9,,,0,30,,345512,9,,,0,70,,345531,9,,,0
7300,'7',614,,345548,23,,,0,37,,345543,27,,,0,73,,189853,27,,,0,27,,345563,27,,,0,69,,290426,27,,,0,30,,345555,27,,,0,72,,345553,27,,,0,29,,345562,27,,,0,594,,345561,9,,,0,70,,345547,9,,,0,30,,345541,9,,,0,70,,285926,9,,,0,30,,345537,9,,,0,70,,345557,9,,,0
7300,'9',614,,145678,23,,,0,37,,242184,27,,,0,73,,345568,27,,,0,27,,345588,27,,,0,69,,345580,27,,,0,30,,345581,27,,,0,72,,345578,27,,,0,29,,251177,27,,,0,594,,345586,9,,,0,70,,252776,9,,,0,30,,345571,9,,,0,70,,345569,9,,,0,30,,345564,9,,,0,70,,345583,9,,,0
7301,'1',626,,345595,24,0,43,0,25,,125686,24,0,43,0,70,,345604,24,0,43,0,29,,345612,24,0,43,0,66,,345592,24,0,43,0,30,,345608,24,0,43,0,596,,345594,24,,,0,75,,345615,24,,,0,31,,258833,24,,,0,71,,345606,24,,,0,29,,345613,24,,,0,69,,345599,24,,,0,29,,345614,24,,,0,69,,345602,24,,,0
7301,'11',626,,345644,24,0,43,0,25,,345631,24,0,43,0,70,,345642,24,0,43,0,30,,345622,24,0,43,0,65,,345624,24,0,43,0,30,,345629,24,0,43,0,596,,345619,24,,,0,75,,345616,24,,,0,102,,345621,24,,,0,29,,249675,24,,,0,69,,345623,24,,,0,29,,345620,24,,,0,69,,345630,24,,,0
7301,'13',626,,345673,24,0,43,0,25,,345660,24,0,43,0,70,,345671,24,0,43,0,30,,345651,24,0,43,0,65,,345653,24,0,43,0,30,,345658,24,0,43,0,596,,345648,24,,,0,75,,345645,24,,,0,102,,345650,24,,,0,29,,249711,24,,,0,69,,345652,24,,,0,29,,345649,24,,,0,69,,345659,24,,,0
7301,'14',626,,345702,24,0,43,0,25,,345689,24,0,43,0,70,,345700,24,0,43,0,30,,345680,24,0,43,0,65,,345682,24,0,43,0,30,,345687,24,0,43,0,596,,345677,24,,,0,75,,345674,24,,,0,102,,345679,24,,,0,29,,249869,24,,,0,69,,345681,24,,,0,29,,345678,24,,,0,69,,345688,24,,,0
7301,'2',626,,345728,24,0,43,0,25,,345717,24,0,43,0,70,,345726,24,0,43,0,30,,225551,24,0,43,0,65,,345711,24,0,43,0,30,,180840,24,0,43,0,596,,241622,24,,,0,75,,345703,24,,,0,102,,345707,24,,,0,29,,345708,24,,,0,69,,345709,24,,,0,29,,345705,24,,,0,69,,345716,24,,,0
7301,'3',626,,345755,24,0,43,0,25,,249319,24,0,43,0,70,,345754,24,0,43,0,30,,345735,24,0,43,0,65,,345738,24,0,43,0,30,,345743,24,0,43,0,596,,345731,24,,,0,75,,345729,24,,,0,102,,345733,24,,,0,29,,345734,24,,,0,69,,345736,24,,,0,29,,266730,24,,,0,69,,345744,24,,,0
7301,'4',626,,164996,24,0,43,0,25,,345768,24,0,43,0,70,,345778,24,0,43,0,29,,345776,24,0,43,0,66,,345758,24,0,43,0,30,,345773,24,0,43,0,596,,295947,24,,,0,73,,345759,24,,,0,33,,286717,24,,,0,71,,345763,24,,,0,27,,198119,24,,,0,71,,345774,24,,,0,29,,345765,24,,,0,69,,345769,24,,,0
7301,'5',626,,345806,24,0,43,0,25,,249409,24,0,43,0,70,,345805,24,0,43,0,30,,345786,24,0,43,0,65,,345789,24,0,43,0,30,,345794,24,0,43,0,596,,345782,24,,,0,75,,345780,24,,,0,102,,345784,24,,,0,29,,345785,24,,,0,69,,345787,24,,,0,29,,31726,24,,,0,69,,345795,24,,,0
7301,'6',626,,345835,24,0,43,0,25,,345822,24,0,43,0,70,,345833,24,0,43,0,30,,345813,24,0,43,0,65,,345815,24,0,43,0,30,,345820,24,0,43,0,596,,345810,24,,,0,75,,345807,24,,,0,102,,345812,24,,,0,29,,249465,24,,,0,69,,345814,24,,,0,29,,345811,24,,,0,69,,345821,24,,,0
7301,'7',626,,345861,24,0,43,0,25,,345850,24,0,43,0,70,,345859,24,0,43,0,30,,225455,24,0,43,0,65,,345844,24,0,43,0,30,,180925,24,0,43,0,596,,241498,24,,,0,75,,345836,24,,,0,102,,345840,24,,,0,29,,345841,24,,,0,69,,345842,24,,,0,29,,345838,24,,,0,69,,345849,24,,,0
7301,'9',626,,345890,24,0,43,0,25,,345877,24,0,43,0,70,,345888,24,0,43,0,30,,345868,24,0,43,0,65,,345870,24,0,43,0,30,,345875,24,0,43,0,596,,345865,24,,,0,75,,345862,24,,,0,102,,345867,24,,,0,29,,249367,24,,,0,69,,345869,24,,,0,29,,345866,24,,,0,69,,345876,24,,,0
8000,'1',615,,349442,47,,,0,15,,257910,47,0,19 20,0,15,,191054,47,,,0,59,,349470,47,0,19 20,0,18,,349440,47,,,0,15,,247657,47,0,19 20,0,19,,349434,47,,,0,52,,349453,47,0,19 20,0,17,,349428,47,,,0,15,,349441,47,0,19 20,0,15,,349445,47,,,0,55,,288646,47,0,19 20,0,16,,223453,47,,,0,16,,349431,47,0,19 20,0,16,,270122,47,,,0,56,,349438,47,0,19 20,0,15,,349444,47,,,0,14,,349446,47,0,19 20,0,14,,148117,47,,,0,54,,349452,47,0,19 20,0,14,,349469,47,,,0,15,,349472,47,0,19 20,0,15,,349457,47,,,0,55,,349430,47,0,19 20,0,15,,287653,47,,,0,15,,11116,47,0,19 20,0,16,,154291,47,,,0,56,,349429,47,0,19 20,0,15,,349437,47,,,0,14,,349450,47,0,19 20,0,14,,349461,47,,,0,55,,221704,47,0,19 20,0,15,,349459,47,,,0,15,,349473,47,0,19 20,0,15,,349448,47,,,0,55,,349436,47,0,19 20,0,15,,349451,47,,,0,16,,203739,47,0,19 20,0,16,,349467,47,,,0,64,,288649,47,0,19 20,0,15,,349463,47,,,0,12,,349464,47,0,19 20,0,58,,349435,47,,,0,15,,349471,47,0,19 20,0,18,,349460,47,,,0,6,,349455,47,0,19 20,0,55,,349458,47,,,0,14,,349433,47,0,19 20,0,14,,219166,47,,,0,13,,349468,47,0,19 20,0,16,,349466,47,,,0,54,,220790,47,0,19 20,0,15,,293889,47,,,0,30,,349427,47,,,0,70,,228536,47,,,0,30,,349447,47,,,0,70,,349465,47,,,0,30,,349432,47,,,0,70,,349449,47,,,0,30,,229528,47,,,0,70,,241667,47,,,0,23,,349462,47,,,0,69,,349439,47,,,0,30,,349454,47,,,0
8000,'10',628,,349495,47,,,0,101,,250185,47,,,0,77,,349479,47,,,0,31,,349485,47,,,0,70,,349498,47,,,0,30,,349492,47,,,0,71,,115540,47,,,0,30,,349490,47,,,0,71,,349480,47,,,0,31,,349483,47,,,0,70,,349477,47,,,0,32,,349476,47,,,0,70,,349478,47,,,0,31,,213222,47,,,0,70,,349496,47,,,0,30,,349493,47,,,0,70,,209518,47,,,0,30,,291039,47,,,0,69,,349489,47,,,0,30,,349481,47,,,0,69,,349487,47,,,0,30,,153477,47,,,0,69,,349484,47,,,0,30,,349486,47,,,0,68,,349488,47,,,0,28,,210523,47,,,0,71,,349475,47,,,0,28,,349499,47,,,0,65,,349497,47,,,0,30,,215836,47,,,0,70,,349494,47,,,0,30,,349491,47,,,0,29,,349482,47,,,0,70,,349474,47,,,0,30,,239778,47,,,0,70,,349500,47,,,0
8000,'11',615,,349540,47,,,0,15,,349519,47,0,19 20,0,15,,349535,47,,,0,59,,349533,47,0,19 20,0,18,,349543,47,,,0,15,,349504,47,0,19 20,0,71,,349509,47,0,19 20,0,17,,349520,47,,,0,16,,349525,47,0,19 20,0,14,,349530,47,,,0,55,,349512,47,0,19 20,0,16,,349515,47,,,0,16,,293417,47,0,19 20,0,16,,349531,47,,,0,56,,349521,47,0,19 20,0,15,,349526,47,,,0,14,,349511,47,0,19 20,0,14,,206932,47,,,0,54,,349549,47,0,19 20,0,14,,349534,47,,,0,15,,266445,47,0,19 20,0,15,,349537,47,,,0,55,,349513,47,0,19 20,0,15,,349507,47,,,0,15,,260352,47,0,19 20,0,16,,212756,47,,,0,56,,349545,47,0,19 20,0,15,,256925,47,,,0,14,,349524,47,0,19 20,0,14,,349541,47,,,0,55,,217677,47,0,19 20,0,15,,289398,47,,,0,15,,349510,47,0,19 20,0,7,,349527,17,,,0,6,,349514,47,,,0,55,,349532,47,0,19 20,0,15,,349536,47,,,0,34,,349550,47,,,0,64,,349552,47,0,19 20,0,17,,349523,47,,,0,68,,278065,47,,,0,15,,349544,47,0,19 20,0,18,,247209,47,,,0,6,,239862,47,0,19 20,0,55,,349538,47,,,0,12,,349505,47,0,19 20,0,16,,349506,47,,,0,13,,349539,47,0,19 20,0,16,,349551,47,,,0,54,,349517,47,0,19 20,0,15,,349516,47,,,0,30,,349522,47,,,0,70,,349502,47,,,0,30,,349528,47,,,0,70,,349529,47,,,0,30,,349542,47,,,0,70,,349501,47,,,0,30,,349546,47,,,0,70,,349548,47,,,0,23,,349518,47,,,0,69,,349547,47,,,0,30,,349508,47,,,0
8000,'12',737,,349557,47,,,0,103,,349561,47,,,0,100,,349556,47,,,0,102,,349566,47,,,0,70,,253565,47,,,0,31,,349559,47,,,0,70,,349565,47,,,0,32,,349560,47,,,0,70,,349554,47,,,0,31,,210132,47,,,0,70,,269772,47,,,0,30,,349562,47,,,0,70,,268897,47,,,0,30,,349564,47,,,0,69,,349553,47,,,0,30,,349563,47,,,0,69,,349555,47,,,0,99,,48518,47,,,0,98,,349567,47,,,0,99,,349568,47,,,0,98,,349558,47,,,0,100,,349570,47,,,0,104,,349569,47,,,0
8000,'13',615,,349610,47,,,0,15,,349589,47,0,19 20,0,15,,349605,47,,,0,59,,349603,47,0,19 20,0,18,,349613,47,,,0,15,,349574,47,0,19 20,0,71,,349579,47,0,19 20,0,17,,349590,47,,,0,16,,349595,47,0,19 20,0,14,,349600,47,,,0,55,,349582,47,0,19 20,0,16,,349585,47,,,0,16,,293422,47,0,19 20,0,16,,349601,47,,,0,56,,349591,47,0,19 20,0,15,,349596,47,,,0,14,,349581,47,0,19 20,0,14,,206979,47,,,0,54,,349619,47,0,19 20,0,14,,349604,47,,,0,15,,266491,47,0,19 20,0,15,,349607,47,,,0,55,,349583,47,0,19 20,0,15,,349577,47,,,0,15,,260391,47,0,19 20,0,16,,212788,47,,,0,56,,349615,47,0,19 20,0,15,,256950,47,,,0,14,,349594,47,0,19 20,0,14,,349611,47,,,0,55,,217742,47,0,19 20,0,15,,289415,47,,,0,15,,349580,47,0,19 20,0,7,,349597,17,,,0,6,,349584,47,,,0,55,,349602,47,0,19 20,0,15,,349606,47,,,0,34,,349620,47,,,0,64,,349622,47,0,19 20,0,17,,349593,47,,,0,68,,278091,47,,,0,15,,349614,47,0,19 20,0,18,,247233,47,,,0,6,,239919,47,0,19 20,0,55,,349608,47,,,0,12,,349575,47,0,19 20,0,16,,349576,47,,,0,13,,349609,47,0,19 20,0,16,,349621,47,,,0,54,,349587,47,0,19 20,0,15,,349586,47,,,0,30,,349592,47,,,0,70,,349572,47,,,0,30,,349598,47,,,0,70,,349599,47,,,0,30,,349612,47,,,0,70,,349571,47,,,0,30,,349616,47,,,0,70,,349618,47,,,0,23,,349588,47,,,0,69,,349617,47,,,0,30,,349578,47,,,0
8000,'14',615,,349662,47,,,0,15,,349641,47,0,19 20,0,15,,349657,47,,,0,59,,349655,47,0,19 20,0,18,,349665,47,,,0,15,,349626,47,0,19 20,0,71,,349631,47,0,19 20,0,17,,349642,47,,,0,16,,349647,47,0,19 20,0,14,,349652,47,,,0,55,,349634,47,0,19 20,0,16,,349637,47,,,0,16,,293435,47,0,19 20,0,16,,349653,47,,,0,56,,349643,47,0,19 20,0,15,,349648,47,,,0,14,,349633,47,0,19 20,0,14,,207154,47,,,0,54,,349671,47,0,19 20,0,14,,349656,47,,,0,15,,266680,47,0,19 20,0,15,,349659,47,,,0,55,,349635,47,0,19 20,0,15,,349629,47,,,0,15,,260544,47,0,19 20,0,16,,212914,47,,,0,56,,349667,47,0,19 20,0,15,,257051,47,,,0,14,,349646,47,0,19 20,0,14,,349663,47,,,0,55,,217987,47,0,19 20,0,15,,289479,47,,,0,15,,349632,47,0,19 20,0,7,,349649,17,,,0,6,,349636,47,,,0,55,,349654,47,0,19 20,0,15,,349658,47,,,0,34,,349672,47,,,0,64,,349674,47,0,19 20,0,17,,349645,47,,,0,68,,278213,47,,,0,15,,349666,47,0,19 20,0,18,,247345,47,,,0,6,,240108,47,0,19 20,0,55,,349660,47,,,0,12,,349627,47,0,19 20,0,16,,349628,47,,,0,13,,349661,47,0,19 20,0,16,,349673,47,,,0,54,,349639,47,0,19 20,0,15,,349638,47,,,0,30,,349644,47,,,0,70,,349624,47,,,0,30,,349650,47,,,0,70,,349651,47,,,0,30,,349664,47,,,0,70,,349623,47,,,0,30,,349668,47,,,0,70,,349670,47,,,0,23,,349640,47,,,0,69,,349669,47,,,0,30,,349630,47,,,0
8000,'15',737,,349676,47,,,0,103,,349680,47,,,0,100,,249144,47,,,0,102,,349686,47,,,0,70,,349691,47,,,0,31,,349677,47,,,0,70,,349685,47,,,0,32,,349678,47,,,0,70,,214569,47,,,0,31,,349679,47,,,0,70,,349684,47,,,0,30,,349682,47,,,0,70,,349681,47,,,0,30,,179937,47,,,0,69,,349675,47,,,0,30,,349683,47,,,0,69,,238369,47,,,0,99,,349687,47,,,0,98,,349688,47,,,0,99,,349689,47,,,0,98,,146396,47,,,0,100,,349690,47,,,0,104,,213851,47,,,0
8000,'16',628,,349721,47,,,0,101,,349694,47,,,0,77,,349700,47,,,0,31,,349708,47,,,0,70,,349725,47,,,0,30,,349716,47,,,0,71,,349695,47,,,0,30,,349713,47,,,0,71,,349702,47,,,0,31,,349706,47,,,0,70,,349698,47,,,0,32,,349697,47,,,0,70,,349699,47,,,0,31,,349723,47,,,0,70,,349722,47,,,0,30,,349719,47,,,0,70,,349693,47,,,0,30,,349701,47,,,0,69,,349712,47,,,0,30,,349703,47,,,0,69,,349710,47,,,0,30,,349715,47,,,0,69,,349707,47,,,0,30,,349709,47,,,0,68,,349711,47,,,0,28,,349704,47,,,0,71,,349696,47,,,0,28,,349726,47,,,0,65,,349724,47,,,0,30,,349717,47,,,0,70,,349720,47,,,0,30,,349714,47,,,0,29,,349705,47,,,0,70,,349692,47,,,0,30,,349718,47,,,0,70,,349727,47,,,0
8000,'2',615,,349769,47,,,0,15,,349748,47,0,19 20,0,15,,349763,47,,,0,59,,261010,47,0,19 20,0,18,,349771,47,,,0,15,,200905,47,0,19 20,0,71,,170261,47,0,19 20,0,17,,349750,47,,,0,16,,349756,47,0,19 20,0,14,,349759,47,,,0,55,,349739,47,0,19 20,0,16,,349742,47,,,0,16,,349734,47,0,19 20,0,16,,349760,47,,,0,56,,349752,47,0,19 20,0,15,,349757,47,,,0,14,,349738,47,0,19 20,0,14,,349761,47,,,0,54,,220749,47,0,19 20,0,14,,349762,47,,,0,15,,349767,47,0,19 20,0,15,,349765,47,,,0,55,,349740,47,0,19 20,0,15,,349735,47,,,0,15,,349729,47,0,19 20,0,16,,349755,47,,,0,56,,349774,47,0,19 20,0,15,,349731,47,,,0,14,,349754,47,0,19 20,0,14,,256091,47,,,0,55,,349772,47,0,19 20,0,15,,349730,47,,,0,15,,349737,47,0,19 20,0,7,,214987,17,,,0,6,,349741,47,,,0,55,,286884,47,0,19 20,0,15,,349764,47,,,0,34,,349779,47,,,0,64,,349781,47,0,19 20,0,17,,219154,47,,,0,68,,349751,47,,,0,15,,349773,47,0,19 20,0,18,,349744,47,,,0,6,,349749,47,0,19 20,0,55,,349766,47,,,0,12,,349732,47,0,19 20,0,16,,349733,47,,,0,13,,349768,47,0,19 20,0,16,,349780,47,,,0,54,,349746,47,0,19 20,0,15,,349745,47,,,0,30,,349753,47,,,0,70,,253752,47,,,0,30,,251291,47,,,0,70,,349758,47,,,0,30,,349770,47,,,0,70,,349728,47,,,0,30,,349775,47,,,0,70,,349777,47,,,0,23,,349747,47,,,0,69,,349776,47,,,0,30,,349736,47,,,0
8000,'3',615,,349826,47,,,0,15,,258486,47,0,19 20,0,15,,349820,47,,,0,59,,349818,47,0,19 20,0,18,,349829,47,,,0,15,,349786,47,0,19 20,0,71,,349793,47,0,19 20,0,17,,349804,47,,,0,16,,349810,47,0,19 20,0,14,,349815,47,,,0,55,,349795,47,0,19 20,0,16,,42876,47,,,0,16,,349790,47,0,19 20,0,16,,197303,47,,,0,56,,349806,47,0,19 20,0,15,,349811,47,,,0,14,,349794,47,0,19 20,0,14,,349817,47,,,0,54,,349836,47,0,19 20,0,14,,349819,47,,,0,15,,349824,47,0,19 20,0,15,,349822,47,,,0,55,,349796,47,0,19 20,0,15,,349791,47,,,0,15,,349783,47,0,19 20,0,16,,349809,47,,,0,56,,349832,47,0,19 20,0,15,,349788,47,,,0,14,,349808,47,0,19 20,0,14,,349827,47,,,0,55,,349830,47,0,19 20,0,15,,349787,47,,,0,15,,273125,47,0,19 20,0,7,,349812,17,,,0,6,,349797,47,,,0,55,,349816,47,0,19 20,0,15,,349821,47,,,0,34,,196138,47,,,0,64,,349838,47,0,19 20,0,17,,349807,47,,,0,68,,349805,47,,,0,15,,349831,47,0,19 20,0,18,,349799,47,,,0,6,,349803,47,0,19 20,0,55,,349823,47,,,0,12,,277756,47,0,19 20,0,16,,349789,47,,,0,13,,349825,47,0,19 20,0,16,,349837,47,,,0,54,,349801,47,0,19 20,0,15,,349800,47,,,0,30,,252694,47,,,0,70,,349784,47,,,0,30,,349813,47,,,0,70,,349814,47,,,0,30,,349828,47,,,0,70,,349782,47,,,0,30,,349833,47,,,0,70,,349834,47,,,0,23,,349802,47,,,0,69,,215452,47,,,0,30,,349792,47,,,0
8000,'4',615,,349842,47,,,0,15,,349867,47,0,19 20,0,15,,349870,47,,,0,59,,349859,47,0,19 20,0,16,,349845,47,,,0,17,,349872,47,0,19 20,0,16,,349862,47,,,0,55,,349889,47,0,19 20,0,15,,349840,47,,,0,18,,349852,47,0,19 20,0,14,,349885,47,,,0,55,,349850,47,0,19 20,0,17,,270947,47,,,0,15,,260753,47,0,19 20,0,16,,349883,47,,,0,56,,207609,47,0,19 20,0,15,,349843,47,,,0,14,,349857,47,0,19 20,0,14,,349847,47,,,0,54,,349865,47,0,19 20,0,14,,349869,47,,,0,15,,228088,47,0,19 20,0,15,,349878,47,,,0,55,,277119,47,0,19 20,0,15,,349876,47,,,0,15,,349864,47,0,19 20,0,16,,349855,47,,,0,56,,349856,47,0,19 20,0,15,,349875,47,,,0,14,,349848,47,0,19 20,0,14,,349860,47,,,0,55,,349884,47,0,19 20,0,15,,215122,47,,,0,15,,294626,47,0,19 20,0,15,,349861,47,,,0,53,,349873,47,0,19 20,0,17,,349866,47,,,0,14,,228588,47,0,19 20,0,18,,349881,47,,,0,66,,166337,47,0,19 20,0,12,,349846,47,,,0,19,,349882,47,0,19 20,0,52,,349886,47,,,0,15,,349844,47,0,19 20,0,18,,349849,47,,,0,8,,349871,47,0,19 20,0,53,,349851,47,,,0,14,,270217,47,0,19 20,0,14,,349874,47,,,0,13,,349879,47,0,19 20,0,16,,349858,47,,,0,54,,349877,47,0,19 20,0,15,,349853,47,,,0,30,,349891,47,,,0,70,,349841,47,,,0,30,,349887,47,,,0,70,,218631,47,,,0,30,,349888,47,,,0,70,,349863,47,,,0,30,,349839,47,,,0,70,,256216,47,,,0,23,,349854,47,,,0,69,,349890,47,,,0,30,,240789,47,,,0
8000,'5',615,,349936,47,,,0,15,,258609,47,0,19 20,0,15,,349930,47,,,0,59,,349928,47,0,19 20,0,18,,349939,47,,,0,15,,349896,47,0,19 20,0,71,,349903,47,0,19 20,0,17,,349914,47,,,0,16,,349920,47,0,19 20,0,14,,349925,47,,,0,55,,349905,47,0,19 20,0,16,,257160,47,,,0,16,,349900,47,0,19 20,0,16,,207307,47,,,0,56,,349916,47,0,19 20,0,15,,349921,47,,,0,14,,349904,47,0,19 20,0,14,,349927,47,,,0,54,,349946,47,0,19 20,0,14,,349929,47,,,0,15,,349934,47,0,19 20,0,15,,349932,47,,,0,55,,349906,47,0,19 20,0,15,,349901,47,,,0,15,,349893,47,0,19 20,0,16,,349919,47,,,0,56,,349942,47,0,19 20,0,15,,349898,47,,,0,14,,349918,47,0,19 20,0,14,,349937,47,,,0,55,,349940,47,0,19 20,0,15,,349897,47,,,0,15,,273289,47,0,19 20,0,7,,349922,17,,,0,6,,349907,47,,,0,55,,349926,47,0,19 20,0,15,,349931,47,,,0,34,,211209,47,,,0,64,,349948,47,0,19 20,0,17,,349917,47,,,0,68,,349915,47,,,0,15,,349941,47,0,19 20,0,18,,349909,47,,,0,6,,349913,47,0,19 20,0,55,,349933,47,,,0,12,,176912,47,0,19 20,0,16,,349899,47,,,0,13,,349935,47,0,19 20,0,16,,349947,47,,,0,54,,349911,47,0,19 20,0,15,,349910,47,,,0,30,,252815,47,,,0,70,,349894,47,,,0,30,,349923,47,,,0,70,,349924,47,,,0,30,,349938,47,,,0,70,,349892,47,,,0,30,,349943,47,,,0,70,,349944,47,,,0,23,,349912,47,,,0,69,,188137,47,,,0,30,,349902,47,,,0
8000,'6',615,,349988,47,,,0,15,,349967,47,0,19 20,0,15,,349983,47,,,0,59,,349981,47,0,19 20,0,18,,349991,47,,,0,15,,349952,47,0,19 20,0,71,,349957,47,0,19 20,0,17,,349968,47,,,0,16,,349973,47,0,19 20,0,14,,349978,47,,,0,55,,349960,47,0,19 20,0,16,,349963,47,,,0,16,,293394,47,0,19 20,0,16,,349979,47,,,0,56,,349969,47,0,19 20,0,15,,349974,47,,,0,14,,349959,47,0,19 20,0,14,,206660,47,,,0,54,,349997,47,0,19 20,0,14,,349982,47,,,0,15,,266184,47,0,19 20,0,15,,349985,47,,,0,55,,349961,47,0,19 20,0,15,,349955,47,,,0,15,,260132,47,0,19 20,0,16,,212581,47,,,0,56,,349993,47,0,19 20,0,15,,256787,47,,,0,14,,349972,47,0,19 20,0,14,,349989,47,,,0,55,,217312,47,0,19 20,0,15,,289294,47,,,0,15,,349958,47,0,19 20,0,7,,349975,17,,,0,6,,349962,47,,,0,55,,349980,47,0,19 20,0,15,,349984,47,,,0,34,,349998,47,,,0,64,,350000,47,0,19 20,0,17,,349971,47,,,0,68,,277895,47,,,0,15,,349992,47,0,19 20,0,18,,247063,47,,,0,6,,239553,47,0,19 20,0,55,,349986,47,,,0,12,,349953,47,0,19 20,0,16,,349954,47,,,0,13,,349987,47,0,19 20,0,16,,349999,47,,,0,54,,349965,47,0,19 20,0,15,,349964,47,,,0,30,,349970,47,,,0,70,,349950,47,,,0,30,,349976,47,,,0,70,,349977,47,,,0,30,,349990,47,,,0,70,,349949,47,,,0,30,,349994,47,,,0,70,,349996,47,,,0,23,,349966,47,,,0,69,,349995,47,,,0,30,,349956,47,,,0
8000,'7',615,,350042,47,,,0,15,,350021,47,0,19 20,0,15,,350036,47,,,0,59,,260956,47,0,19 20,0,18,,350044,47,,,0,15,,200956,47,0,19 20,0,71,,170348,47,0,19 20,0,17,,350023,47,,,0,16,,350029,47,0,19 20,0,14,,350032,47,,,0,55,,350012,47,0,19 20,0,16,,350015,47,,,0,16,,350007,47,0,19 20,0,16,,350033,47,,,0,56,,350025,47,0,19 20,0,15,,350030,47,,,0,14,,350011,47,0,19 20,0,14,,350034,47,,,0,54,,220631,47,0,19 20,0,14,,350035,47,,,0,15,,350040,47,0,19 20,0,15,,350038,47,,,0,55,,350013,47,0,19 20,0,15,,350008,47,,,0,15,,350002,47,0,19 20,0,16,,350028,47,,,0,56,,350047,47,0,19 20,0,15,,350004,47,,,0,14,,350027,47,0,19 20,0,14,,255994,47,,,0,55,,350045,47,0,19 20,0,15,,350003,47,,,0,15,,350010,47,0,19 20,0,7,,214878,17,,,0,6,,350014,47,,,0,55,,286866,47,0,19 20,0,15,,350037,47,,,0,34,,350052,47,,,0,64,,350054,47,0,19 20,0,17,,219099,47,,,0,68,,350024,47,,,0,15,,350046,47,0,19 20,0,18,,350017,47,,,0,6,,350022,47,0,19 20,0,55,,350039,47,,,0,12,,350005,47,0,19 20,0,16,,350006,47,,,0,13,,350041,47,0,19 20,0,16,,350053,47,,,0,54,,350019,47,0,19 20,0,15,,350018,47,,,0,30,,350026,47,,,0,70,,253638,47,,,0,30,,251221,47,,,0,70,,350031,47,,,0,30,,350043,47,,,0,70,,350001,47,,,0,30,,350048,47,,,0,70,,350050,47,,,0,23,,350020,47,,,0,69,,350049,47,,,0,30,,350009,47,,,0
8000,'8',737,,350059,47,,,0,103,,350063,47,,,0,100,,350058,47,,,0,102,,350068,47,,,0,70,,254044,47,,,0,31,,350061,47,,,0,70,,350067,47,,,0,32,,350062,47,,,0,70,,350056,47,,,0,31,,210734,47,,,0,70,,270371,47,,,0,30,,350064,47,,,0,70,,269450,47,,,0,30,,350066,47,,,0,69,,350055,47,,,0,30,,350065,47,,,0,69,,350057,47,,,0,99,,221009,47,,,0,98,,350069,47,,,0,99,,350070,47,,,0,98,,350060,47,,,0,100,,350072,47,,,0,104,,350071,47,,,0
8000,'9',615,,350112,47,,,0,15,,350091,47,0,19 20,0,15,,350107,47,,,0,59,,350105,47,0,19 20,0,18,,350115,47,,,0,15,,350076,47,0,19 20,0,71,,350081,47,0,19 20,0,17,,350092,47,,,0,16,,350097,47,0,19 20,0,14,,350102,47,,,0,55,,350084,47,0,19 20,0,16,,350087,47,,,0,16,,293385,47,0,19 20,0,16,,350103,47,,,0,56,,350093,47,0,19 20,0,15,,350098,47,,,0,14,,350083,47,0,19 20,0,14,,206540,47,,,0,54,,350121,47,0,19 20,0,14,,350106,47,,,0,15,,266064,47,0,19 20,0,15,,350109,47,,,0,55,,350085,47,0,19 20,0,15,,350079,47,,,0,15,,260031,47,0,19 20,0,16,,212491,47,,,0,56,,350117,47,0,19 20,0,15,,256721,47,,,0,14,,350096,47,0,19 20,0,14,,350113,47,,,0,55,,217130,47,0,19 20,0,15,,289246,47,,,0,15,,350082,47,0,19 20,0,7,,350099,17,,,0,6,,350086,47,,,0,55,,350104,47,0,19 20,0,15,,350108,47,,,0,34,,350122,47,,,0,64,,350124,47,0,19 20,0,17,,350095,47,,,0,68,,277815,47,,,0,15,,350116,47,0,19 20,0,18,,246990,47,,,0,6,,239409,47,0,19 20,0,55,,350110,47,,,0,12,,350077,47,0,19 20,0,16,,350078,47,,,0,13,,350111,47,0,19 20,0,16,,350123,47,,,0,54,,350089,47,0,19 20,0,15,,350088,47,,,0,30,,350094,47,,,0,70,,350074,47,,,0,30,,350100,47,,,0,70,,350101,47,,,0,30,,350114,47,,,0,70,,350073,47,,,0,30,,350118,47,,,0,70,,350120,47,,,0,23,,350090,47,,,0,69,,350119,47,,,0,30,,350080,47,,,0
65900,'11',757,,376928,1,,,0,43,,376930,1,,,0,2,,218688,1,,,0,3,,376929,1,,,0
65900,'13',757,,376931,1,,,0,43,,376933,1,,,0,2,,218753,1,,,0,3,,376932,1,,,0
65900,'14',757,,376934,1,,,0,43,,376936,1,,,0,2,,219000,1,,,0,3,,376935,1,,,0
65900,'2',757,,210428,1,,,0,43,,376939,1,,,0,2,,376937,1,,,0,3,,376938,1,,,0
65900,'3',757,,376941,1,,,0,43,,217023,1,,,0,2,,376940,1,,,0,3,,376942,1,,,0
65900,'5',757,,376944,1,,,0,43,,217190,1,,,0,2,,376943,1,,,0,3,,376945,1,,,0
65900,'6',757,,376946,1,,,0,43,,376948,1,,,0,2,,218338,1,,,0,3,,376947,1,,,0
65900,'7',757,,210277,1,,,0,43,,376951,1,,,0,2,,376949,1,,,0,3,,376950,1,,,0
65900,'9',757,,376952,1,,,0,43,,376954,1,,,0,2,,218160,1,,,0,3,,376953,1,,,0
68001,'11',1439,,377817,18,,,0,7,,213272,18,,,0
68001,'13',1439,,377819,18,,,0,7,,213299,18,,,0
68001,'14',1439,,377821,18,,,0,7,,213413,18,,,0
68001,'2',1439,,377823,18,,,0,7,,377824,18,,,0
68001,'3',1439,,238541,18,,,0,7,,377826,18,,,0
68001,'5',1439,,238648,18,,,0,7,,377828,18,,,0
68001,'6',1439,,377830,18,,,0,7,,213105,18,,,0
68001,'7',1439,,377832,18,,,0,7,,377833,18,,,0
68001,'9',1439,,377835,18,,,0,7,,213020,18,,,0
