22101,'10',1653,,766873,,,1,99,,633416,,,1
22101,'11',1653,,766876,,,1,99,,633573,,,1
22101,'12',1653,,766879,,,1,99,,633650,,,1
22101,'13',1653,,766881,,,1,100,,766880,,,1
22101,'15',1653,,766885,,,1,99,,633466,,,1
22101,'16',1653,,766888,,,1,99,,633910,,,1
22101,'17',1653,,766890,,,1,100,,766889,,,1
22101,'18',1653,,766891,,,1,99,,766893,,,1
22101,'19',1653,,766894,,,1,100,,659443,,,1
22101,'3',1653,,766898,,,1,99,,633491,,,1
22101,'4',1653,,766901,,,1,99,,633441,,,1
22101,'5',1653,,766903,,,1,100,,766902,,,1
22101,'6',1653,,766907,,,1,99,,633548,,,1
22101,'7',1653,,657381,,,1,100,,766908,,,1
