22800,'10',601,,116139,39,,,1,32,,116137,39,,,1,78,,116138,39,,,1
22800,'11',601,,116142,39,,,1,32,,116140,39,,,1,78,,116141,39,,,1
22800,'12',601,,116145,39,,,1,32,,116143,39,,,1,78,,116144,39,,,1
22800,'13',601,,116147,39,,,1,32,,116148,39,,,1,76,,116146,39,,,1
22800,'15',601,,116151,39,,,1,32,,116149,39,,,1,78,,116150,39,,,1
22800,'16',601,,116154,39,,,1,32,,116152,39,,,1,78,,116153,39,,,1
22800,'17',601,,116156,39,,,1,32,,116157,39,,,1,76,,116155,39,,,1
22800,'18',601,,116158,39,,,1,110,,116159,39,,,1
22800,'19',601,,116161,39,,,1,32,,116162,39,,,1,76,,116160,39,,,1
22800,'3',601,,116165,39,,,1,32,,116163,39,,,1,78,,116164,39,,,1
22800,'4',601,,116168,39,,,1,32,,116166,39,,,1,78,,116167,39,,,1
22800,'5',601,,116170,39,,,1,32,,116171,39,,,1,76,,116169,39,,,1
22800,'6',601,,116174,39,,,1,32,,116172,39,,,1,78,,116173,39,,,1
22800,'7',601,,116176,39,,,1,32,,116177,39,,,1,76,,116175,39,,,1
30200,'16',923,,118121,35,,,1
30200,'5',923,,118122,35,,,1
