5701,'1',929,,58793,19,,,1,100,,58799,19,,,1,102,,58812,19,,,1,100,,58792,19,,,1,100,,58806,19,,,1,100,,58797,19,,,1,100,,58800,19,,,1,100,,58819,19,,,1,100,,58814,19,,,1
5701,'10',620,,58821,20,,,1,10,,58856,19,,,1,15,,58824,19,,,1,55,,58848,19,,,1,15,,58858,19,,,1,15,,58864,19,,,1,14,,58829,19,,,1,70,,58847,19,,,1,18,,58841,19,,,1,13,,58855,19,,,1,70,,58836,19,,,1,32,,58840,19,,,1,70,,58832,19,,,1,30,,58850,19,,,1,70,,58825,19,,,1,30,,58842,19,,,1,70,,58852,19,,,1,29,,58860,19,,,1,70,,58866,19,,,1,99,,58863,19,,,1,30,,58830,19,,,1,71,,58820,19,,,1,29,,58862,19,,,1,71,,58859,19,,,1,31,,58823,19,,,1,70,,58833,19,,,1,30,,58838,19,,,1,71,,58843,19,,,1,33,,58851,19,,,1,66,,58845,19,,,1,30,,58849,19,,,1,70,,58853,19,,,1,30,,58865,19,,,1,70,,58837,19,,,1,29,,58857,19,,,1,70,,58846,19,,,1,28,,58822,19,,,1,74,,58839,19,,,1,82,,58831,20,,,1
5701,'11',620,,58868,20,,,1,10,,58903,19,,,1,15,,58871,19,,,1,55,,58895,19,,,1,15,,58905,19,,,1,15,,58911,19,,,1,14,,58876,19,,,1,70,,58894,19,,,1,18,,58888,19,,,1,13,,58902,19,,,1,70,,58883,19,,,1,32,,58887,19,,,1,70,,58879,19,,,1,30,,58897,19,,,1,70,,58872,19,,,1,30,,58889,19,,,1,70,,58899,19,,,1,29,,58907,19,,,1,70,,58913,19,,,1,99,,58910,19,,,1,30,,58877,19,,,1,71,,58867,19,,,1,29,,58909,19,,,1,71,,58906,19,,,1,31,,58870,19,,,1,70,,58880,19,,,1,30,,58885,19,,,1,71,,58890,19,,,1,33,,58898,19,,,1,66,,58892,19,,,1,30,,58896,19,,,1,70,,58900,19,,,1,30,,58912,19,,,1,70,,58884,19,,,1,29,,58904,19,,,1,70,,58893,19,,,1,28,,58869,19,,,1,74,,58886,19,,,1,82,,58878,20,,,1
5701,'12',620,,58915,20,,,1,10,,58950,19,,,1,15,,58918,19,,,1,55,,58942,19,,,1,15,,58952,19,,,1,15,,58958,19,,,1,14,,58923,19,,,1,70,,58941,19,,,1,18,,58935,19,,,1,13,,58949,19,,,1,70,,58930,19,,,1,32,,58934,19,,,1,70,,58926,19,,,1,30,,58944,19,,,1,70,,58919,19,,,1,30,,58936,19,,,1,70,,58946,19,,,1,29,,58954,19,,,1,70,,58960,19,,,1,99,,58957,19,,,1,30,,58924,19,,,1,71,,58914,19,,,1,29,,58956,19,,,1,71,,58953,19,,,1,31,,58917,19,,,1,70,,58927,19,,,1,30,,58932,19,,,1,71,,58937,19,,,1,33,,58945,19,,,1,66,,58939,19,,,1,30,,58943,19,,,1,70,,58947,19,,,1,30,,58959,19,,,1,70,,58931,19,,,1,29,,58951,19,,,1,70,,58940,19,,,1,28,,58916,19,,,1,74,,58933,19,,,1,82,,58925,20,,,1
5701,'13',620,,59000,20,,,1,10,,58965,19,,,1,15,,58992,19,,,1,55,,58969,19,,,1,15,,58966,19,,,1,15,,58990,19,,,1,14,,59005,19,,,1,57,,59001,19,,,1,13,,59003,19,,,1,18,,58991,19,,,1,13,,58987,19,,,1,70,,59006,19,,,1,32,,58970,19,,,1,70,,58971,19,,,1,30,,58974,19,,,1,70,,58984,19,,,1,30,,59004,19,,,1,70,,58993,19,,,1,29,,58978,19,,,1,70,,58994,19,,,1,30,,59009,19,,,1,69,,58967,19,,,1,30,,59007,19,,,1,71,,58982,19,,,1,29,,58975,19,,,1,71,,58996,19,,,1,31,,58983,19,,,1,70,,58973,19,,,1,30,,58972,19,,,1,71,,58963,19,,,1,33,,59008,19,,,1,66,,58995,19,,,1,30,,59002,19,,,1,70,,58968,19,,,1,30,,58986,19,,,1,70,,58961,19,,,1,29,,58999,19,,,1,70,,58997,19,,,1,28,,58998,19,,,1,74,,58962,19,,,1,82,,58980,20,,,1
5701,'14',801,,59023,19,0,59 60,1,31,,59017,19,,,1,100,,59010,19,,,1,100,,59021,19,,,1,102,,59022,19,,,1,100,,59019,19,,,1,100,,59015,19,,,1,100,,59014,19,,,1,100,,59032,19,,,1,100,,59029,19,,,1,100,,59013,19,,,1,100,,59025,19,,,1,99,,59030,19,,,1,99,,59011,19,,,1,100,,59027,19,,,1,100,,59026,19,,,1
5701,'15',620,,59035,20,,,1,10,,59070,19,,,1,15,,59038,19,,,1,55,,59062,19,,,1,15,,59072,19,,,1,15,,59078,19,,,1,14,,59043,19,,,1,70,,59061,19,,,1,18,,59055,19,,,1,13,,59069,19,,,1,70,,59050,19,,,1,32,,59054,19,,,1,70,,59046,19,,,1,30,,59064,19,,,1,70,,59039,19,,,1,30,,59056,19,,,1,70,,59066,19,,,1,29,,59074,19,,,1,70,,59080,19,,,1,99,,59077,19,,,1,30,,59044,19,,,1,71,,59034,19,,,1,29,,59076,19,,,1,71,,59073,19,,,1,31,,59037,19,,,1,70,,59047,19,,,1,30,,59052,19,,,1,71,,59057,19,,,1,33,,59065,19,,,1,66,,59059,19,,,1,30,,59063,19,,,1,70,,59067,19,,,1,30,,59079,19,,,1,70,,59051,19,,,1,29,,59071,19,,,1,70,,59060,19,,,1,28,,59036,19,,,1,74,,59053,19,,,1,82,,59045,20,,,1
5701,'16',620,,59082,20,,,1,10,,59117,19,,,1,15,,59085,19,,,1,55,,59109,19,,,1,15,,59119,19,,,1,15,,59125,19,,,1,14,,59090,19,,,1,70,,59108,19,,,1,18,,59102,19,,,1,13,,59116,19,,,1,70,,59097,19,,,1,32,,59101,19,,,1,70,,59093,19,,,1,30,,59111,19,,,1,70,,59086,19,,,1,30,,59103,19,,,1,70,,59113,19,,,1,29,,59121,19,,,1,70,,59127,19,,,1,99,,59124,19,,,1,30,,59091,19,,,1,71,,59081,19,,,1,29,,59123,19,,,1,71,,59120,19,,,1,31,,59084,19,,,1,70,,59094,19,,,1,30,,59099,19,,,1,71,,59104,19,,,1,33,,59112,19,,,1,66,,59106,19,,,1,30,,59110,19,,,1,70,,59114,19,,,1,30,,59126,19,,,1,70,,59098,19,,,1,29,,59118,19,,,1,70,,59107,19,,,1,28,,59083,19,,,1,74,,59100,19,,,1,82,,59092,20,,,1
5701,'17',620,,59167,20,,,1,10,,59132,19,,,1,15,,59159,19,,,1,55,,59136,19,,,1,15,,59133,19,,,1,15,,59157,19,,,1,14,,59172,19,,,1,57,,59168,19,,,1,13,,59170,19,,,1,18,,59158,19,,,1,13,,59154,19,,,1,70,,59173,19,,,1,32,,59137,19,,,1,70,,59138,19,,,1,30,,59141,19,,,1,70,,59151,19,,,1,30,,59171,19,,,1,70,,59160,19,,,1,29,,59145,19,,,1,70,,59161,19,,,1,30,,59176,19,,,1,69,,59134,19,,,1,30,,59174,19,,,1,71,,59149,19,,,1,29,,59142,19,,,1,71,,59163,19,,,1,31,,59150,19,,,1,70,,59140,19,,,1,30,,59139,19,,,1,71,,59130,19,,,1,33,,59175,19,,,1,66,,59162,19,,,1,30,,59169,19,,,1,70,,59135,19,,,1,30,,59153,19,,,1,70,,59128,19,,,1,29,,59166,19,,,1,70,,59164,19,,,1,28,,59165,19,,,1,74,,59129,19,,,1,82,,59147,20,,,1
5701,'18',620,,59191,20,,,1,10,,59205,19,,,1,15,,59200,19,,,1,55,,59215,19,,,1,15,,59198,19,,,1,15,,59187,19,,,1,14,,59182,19,,,1,56,,59207,19,,,1,14,,59202,19,,,1,16,,59206,19,,,1,15,,59223,19,,,1,70,,59217,19,,,1,32,,59204,19,,,1,70,,59177,19,,,1,30,,59189,19,,,1,70,,59188,19,,,1,30,,59208,19,,,1,70,,59179,19,,,1,29,,59178,19,,,1,70,,59186,19,,,1,30,,59218,19,,,1,69,,59222,19,,,1,29,,59209,19,,,1,71,,59210,19,,,1,30,,59193,19,,,1,72,,59220,19,,,1,30,,59180,19,,,1,70,,59197,19,,,1,30,,59184,19,,,1,71,,59213,19,,,1,33,,59219,19,,,1,66,,59194,19,,,1,30,,59195,19,,,1,70,,59216,19,,,1,30,,59224,19,,,1,70,,59181,19,,,1,29,,59214,19,,,1,70,,59185,19,,,1,28,,59212,19,,,1,74,,59190,19,,,1,82,,59203,20,,,1
5701,'19',620,,59265,20,,,1,10,,59230,19,,,1,15,,59257,19,,,1,55,,59234,19,,,1,15,,59231,19,,,1,15,,59255,19,,,1,14,,59270,19,,,1,57,,59266,19,,,1,13,,59268,19,,,1,18,,59256,19,,,1,13,,59252,19,,,1,70,,59271,19,,,1,32,,59235,19,,,1,70,,59236,19,,,1,30,,59239,19,,,1,70,,59249,19,,,1,30,,59269,19,,,1,70,,59258,19,,,1,29,,59243,19,,,1,70,,59259,19,,,1,30,,59274,19,,,1,69,,59232,19,,,1,30,,59272,19,,,1,71,,59247,19,,,1,29,,59240,19,,,1,71,,59261,19,,,1,31,,59248,19,,,1,70,,59238,19,,,1,30,,59237,19,,,1,71,,59228,19,,,1,33,,59273,19,,,1,66,,59260,19,,,1,30,,59267,19,,,1,70,,59233,19,,,1,30,,59251,19,,,1,70,,59226,19,,,1,29,,59264,19,,,1,70,,59262,19,,,1,28,,59263,19,,,1,74,,59227,19,,,1,82,,59245,20,,,1
5701,'2',929,,59276,19,,,1,100,,59282,19,,,1,102,,59295,19,,,1,100,,59275,19,,,1,100,,59289,19,,,1,100,,59280,19,,,1,100,,59283,19,,,1,100,,59302,19,,,1,100,,59297,19,,,1
5701,'3',620,,59304,20,,,1,10,,59339,19,,,1,15,,59307,19,,,1,55,,59331,19,,,1,15,,59341,19,,,1,15,,59347,19,,,1,14,,59312,19,,,1,70,,59330,19,,,1,18,,59324,19,,,1,13,,59338,19,,,1,70,,59319,19,,,1,32,,59323,19,,,1,70,,59315,19,,,1,30,,59333,19,,,1,70,,59308,19,,,1,30,,59325,19,,,1,70,,59335,19,,,1,29,,59343,19,,,1,70,,59349,19,,,1,99,,59346,19,,,1,30,,59313,19,,,1,71,,59303,19,,,1,29,,59345,19,,,1,71,,59342,19,,,1,31,,59306,19,,,1,70,,59316,19,,,1,30,,59321,19,,,1,71,,59326,19,,,1,33,,59334,19,,,1,66,,59328,19,,,1,30,,59332,19,,,1,70,,59336,19,,,1,30,,59348,19,,,1,70,,59320,19,,,1,29,,59340,19,,,1,70,,59329,19,,,1,28,,59305,19,,,1,74,,59322,19,,,1,82,,59314,20,,,1
5701,'4',620,,59351,20,,,1,10,,59386,19,,,1,15,,59354,19,,,1,55,,59378,19,,,1,15,,59388,19,,,1,15,,59394,19,,,1,14,,59359,19,,,1,70,,59377,19,,,1,18,,59371,19,,,1,13,,59385,19,,,1,70,,59366,19,,,1,32,,59370,19,,,1,70,,59362,19,,,1,30,,59380,19,,,1,70,,59355,19,,,1,30,,59372,19,,,1,70,,59382,19,,,1,29,,59390,19,,,1,70,,59396,19,,,1,99,,59393,19,,,1,30,,59360,19,,,1,71,,59350,19,,,1,29,,59392,19,,,1,71,,59389,19,,,1,31,,59353,19,,,1,70,,59363,19,,,1,30,,59368,19,,,1,71,,59373,19,,,1,33,,59381,19,,,1,66,,59375,19,,,1,30,,59379,19,,,1,70,,59383,19,,,1,30,,59395,19,,,1,70,,59367,19,,,1,29,,59387,19,,,1,70,,59376,19,,,1,28,,59352,19,,,1,74,,59369,19,,,1,82,,59361,20,,,1
5701,'5',620,,59436,20,,,1,10,,59401,19,,,1,15,,59428,19,,,1,55,,59405,19,,,1,15,,59402,19,,,1,15,,59426,19,,,1,14,,59441,19,,,1,57,,59437,19,,,1,13,,59439,19,,,1,18,,59427,19,,,1,13,,59423,19,,,1,70,,59442,19,,,1,32,,59406,19,,,1,70,,59407,19,,,1,30,,59410,19,,,1,70,,59420,19,,,1,30,,59440,19,,,1,70,,59429,19,,,1,29,,59414,19,,,1,70,,59430,19,,,1,30,,59445,19,,,1,69,,59403,19,,,1,30,,59443,19,,,1,71,,59418,19,,,1,29,,59411,19,,,1,71,,59432,19,,,1,31,,59419,19,,,1,70,,59409,19,,,1,30,,59408,19,,,1,71,,59399,19,,,1,33,,59444,19,,,1,66,,59431,19,,,1,30,,59438,19,,,1,70,,59404,19,,,1,30,,59422,19,,,1,70,,59397,19,,,1,29,,59435,19,,,1,70,,59433,19,,,1,28,,59434,19,,,1,74,,59398,19,,,1,82,,59416,20,,,1
5701,'6',620,,59447,20,,,1,10,,59482,19,,,1,15,,59450,19,,,1,55,,59474,19,,,1,15,,59484,19,,,1,15,,59490,19,,,1,14,,59455,19,,,1,70,,59473,19,,,1,18,,59467,19,,,1,13,,59481,19,,,1,70,,59462,19,,,1,32,,59466,19,,,1,70,,59458,19,,,1,30,,59476,19,,,1,70,,59451,19,,,1,30,,59468,19,,,1,70,,59478,19,,,1,29,,59486,19,,,1,70,,59492,19,,,1,99,,59489,19,,,1,30,,59456,19,,,1,71,,59446,19,,,1,29,,59488,19,,,1,71,,59485,19,,,1,31,,59449,19,,,1,70,,59459,19,,,1,30,,59464,19,,,1,71,,59469,19,,,1,33,,59477,19,,,1,66,,59471,19,,,1,30,,59475,19,,,1,70,,59479,19,,,1,30,,59491,19,,,1,70,,59463,19,,,1,29,,59483,19,,,1,70,,59472,19,,,1,28,,59448,19,,,1,74,,59465,19,,,1,82,,59457,20,,,1
5701,'7',620,,59532,20,,,1,10,,59497,19,,,1,15,,59524,19,,,1,55,,59501,19,,,1,15,,59498,19,,,1,15,,59522,19,,,1,14,,59537,19,,,1,57,,59533,19,,,1,13,,59535,19,,,1,18,,59523,19,,,1,13,,59519,19,,,1,70,,59538,19,,,1,32,,59502,19,,,1,70,,59503,19,,,1,30,,59506,19,,,1,70,,59516,19,,,1,30,,59536,19,,,1,70,,59525,19,,,1,29,,59510,19,,,1,70,,59526,19,,,1,30,,59541,19,,,1,69,,59499,19,,,1,30,,59539,19,,,1,71,,59514,19,,,1,29,,59507,19,,,1,71,,59528,19,,,1,31,,59515,19,,,1,70,,59505,19,,,1,30,,59504,19,,,1,71,,59495,19,,,1,33,,59540,19,,,1,66,,59527,19,,,1,30,,59534,19,,,1,70,,59500,19,,,1,30,,59518,19,,,1,70,,59493,19,,,1,29,,59531,19,,,1,70,,59529,19,,,1,28,,59530,19,,,1,74,,59494,19,,,1,82,,59512,20,,,1
5701,'8',801,,59555,19,0,59 60,1,31,,59549,19,,,1,100,,59542,19,,,1,100,,59553,19,,,1,102,,59554,19,,,1,100,,59551,19,,,1,100,,59547,19,,,1,100,,59546,19,,,1,100,,59564,19,,,1,100,,59561,19,,,1,100,,59545,19,,,1,100,,59557,19,,,1,99,,59562,19,,,1,99,,59543,19,,,1,100,,59559,19,,,1,100,,59558,19,,,1
5701,'9',929,,59567,19,,,1,100,,59573,19,,,1,102,,59586,19,,,1,100,,59566,19,,,1,100,,59580,19,,,1,100,,59571,19,,,1,100,,59574,19,,,1,100,,59593,19,,,1,100,,59588,19,,,1
6001,'10',602,,61223,34,,,1,106,,61212,34,,,1,32,,61227,34,,,1,69,,61226,34,,,1,30,,61230,34,,,1
6001,'11',602,,61256,34,,,1,106,,61245,34,,,1,32,,61260,34,,,1,69,,61259,34,,,1,30,,61263,34,,,1
6001,'12',602,,61289,34,,,1,106,,61278,34,,,1,32,,61293,34,,,1,69,,61292,34,,,1,30,,61296,34,,,1
6001,'13',602,,61321,34,,,1,106,,61335,34,,,1,30,,61329,34,,,1,71,,61337,34,,,1,30,,61317,34,,,1
6001,'15',602,,61357,34,,,1,106,,61346,34,,,1,32,,61361,34,,,1,69,,61360,34,,,1,30,,61364,34,,,1
6001,'16',602,,61390,34,,,1,106,,61379,34,,,1,32,,61394,34,,,1,69,,61393,34,,,1,30,,61397,34,,,1
6001,'17',602,,61422,34,,,1,106,,61436,34,,,1,30,,61430,34,,,1,71,,61438,34,,,1,30,,61418,34,,,1
6001,'18',602,,61465,34,,,1,106,,61443,34,,,1,28,,61446,34,,,1,73,,61457,34,,,1,30,,61463,34,,,1
6001,'19',602,,61492,34,,,1,106,,61506,34,,,1,30,,61500,34,,,1,71,,61508,34,,,1,30,,61488,34,,,1
6001,'3',602,,61528,34,,,1,106,,61517,34,,,1,32,,61532,34,,,1,69,,61531,34,,,1,30,,61535,34,,,1
6001,'4',602,,61561,34,,,1,106,,61550,34,,,1,32,,61565,34,,,1,69,,61564,34,,,1,30,,61568,34,,,1
6001,'5',602,,61593,34,,,1,106,,61607,34,,,1,30,,61601,34,,,1,71,,61609,34,,,1,30,,61589,34,,,1
6001,'6',602,,61629,34,,,1,106,,61618,34,,,1,32,,61633,34,,,1,69,,61632,34,,,1,30,,61636,34,,,1
6001,'7',602,,61661,34,,,1,106,,61675,34,,,1,30,,61669,34,,,1,71,,61677,34,,,1,30,,61657,34,,,1
6100,'1',551,,61720,15,,,1,72,,61681,15,,,1,30,,61715,54,,,1,76,,61713,15,0,15 16,1,72,,61721,54,0,15 16,1,30,,61718,15,0,15 16,1,70,,61682,54,0,15 16,1,30,,61693,54,0,15 16,1,71,,61705,54,0,15 16,1,30,,61691,54,0,15 16,1,72,,61719,54,0,15 16,1,30,,61687,54,0,15 16,1,70,,61704,54,0,15 16,1,30,,61717,54,0,15 16,1,71,,61698,54,0,15 16,1,30,,61697,54,0,15 16,1,70,,61709,54,0,15 16,1,30,,61688,54,0,15 16,1,70,,61703,54,0,15 16,1,30,,61683,54,0,15 16,1,70,,61692,54,0,15 16,1,30,,61707,54,0,15 16,1,69,,61694,54,0,15 16,1,30,,61686,54,0,15 16,1,70,,61684,54,0,15 16,1,29,,61712,15,0,15 16,1,69,,61690,54,0,15 16,1,30,,61702,15,0,15 16,1,70,,61708,54,0,15 16,1,30,,61695,15,0,15 16,1,27,,61711,54,0,15 16,1,70,,61699,15,0,15 16,1,28,,61706,54,0,15 16,1,69,,61689,15,0,15 16,1,32,,61722,54,,,1,70,,61700,15,,,1,30,,61685,54,,,1,70,,61716,15,,,1,30,,61710,15,,,1,70,,61714,15,,,1,30,,61701,15,,,1,70,,61696,15,,,1
6100,'10',415,,61725,15,,,1,30,,61767,15,0,15 16,1,70,,61738,15,0,15 16,1,31,,61733,15,0,15 16,1,83,,61778,54,0,15 16,1,30,,61735,54,0,15 16,1,66,,61760,54,0,15 16,1,19,,61761,15,0,15 16,1,10,,61773,54,0,15 16,1,58,,61781,15,0,15 16,1,18,,61732,54,0,15 16,1,15,,61774,15,0,15 16,1,55,,61729,54,0,15 16,1,25,,61734,54,0,15 16,1,13,,61777,15,0,15 16,1,16,,61727,54,0,15 16,1,55,,61753,15,0,15 16,1,15,,61782,54,0,15 16,1,15,,61731,15,0,15 16,1,15,,61745,54,0,15 16,1,55,,61757,15,0,15 16,1,15,,61754,54,0,15 16,1,15,,61736,15,0,15 16,1,15,,61743,54,0,15 16,1,55,,61744,15,0,15 16,1,15,,61749,54,0,15 16,1,15,,61747,15,0,15 16,1,15,,61764,54,0,15 16,1,55,,61775,15,0,15 16,1,15,,61770,54,0,15 16,1,15,,61752,15,0,15 16,1,15,,61723,54,0,15 16,1,55,,61742,15,0,15 16,1,15,,61766,54,0,15 16,1,16,,61763,15,0,15 16,1,14,,61755,54,0,15 16,1,71,,61751,54,0,15 16,1,34,,61728,54,0,15 16,1,75,,61726,54,0,15 16,1,67,,61739,54,0,15 16,1,28,,61765,54,0,15 16,1,28,,61748,54,0,15 16,1,69,,61762,54,0,15 16,1,28,,61780,54,0,15 16,1,70,,61740,54,0,15 16,1,29,,61730,54,0,15 16,1,67,,61771,54,0,15 16,1,30,,61756,54,0,15 16,1,70,,61750,54,0,15 16,1,30,,61724,54,0,15 16,1,70,,61769,54,0,15 16,1,29,,61759,54,0,15 16,1,71,,61779,54,0,15 16,1,30,,61746,54,0,15 16,1,70,,61776,54,0,15 16,1,30,,61737,54,,,1,76,,61768,15,,,1,28,,61758,15,,,1,71,,61741,15,,,1,31,,61772,15,,,1
6100,'11',415,,61785,15,,,1,30,,61827,15,0,15 16,1,70,,61798,15,0,15 16,1,31,,61793,15,0,15 16,1,83,,61838,54,0,15 16,1,30,,61795,54,0,15 16,1,66,,61820,54,0,15 16,1,19,,61821,15,0,15 16,1,10,,61833,54,0,15 16,1,58,,61841,15,0,15 16,1,18,,61792,54,0,15 16,1,15,,61834,15,0,15 16,1,55,,61789,54,0,15 16,1,25,,61794,54,0,15 16,1,13,,61837,15,0,15 16,1,16,,61787,54,0,15 16,1,55,,61813,15,0,15 16,1,15,,61842,54,0,15 16,1,15,,61791,15,0,15 16,1,15,,61805,54,0,15 16,1,55,,61817,15,0,15 16,1,15,,61814,54,0,15 16,1,15,,61796,15,0,15 16,1,15,,61803,54,0,15 16,1,55,,61804,15,0,15 16,1,15,,61809,54,0,15 16,1,15,,61807,15,0,15 16,1,15,,61824,54,0,15 16,1,55,,61835,15,0,15 16,1,15,,61830,54,0,15 16,1,15,,61812,15,0,15 16,1,15,,61783,54,0,15 16,1,55,,61802,15,0,15 16,1,15,,61826,54,0,15 16,1,16,,61823,15,0,15 16,1,14,,61815,54,0,15 16,1,71,,61811,54,0,15 16,1,34,,61788,54,0,15 16,1,75,,61786,54,0,15 16,1,67,,61799,54,0,15 16,1,28,,61825,54,0,15 16,1,28,,61808,54,0,15 16,1,69,,61822,54,0,15 16,1,28,,61840,54,0,15 16,1,70,,61800,54,0,15 16,1,29,,61790,54,0,15 16,1,67,,61831,54,0,15 16,1,30,,61816,54,0,15 16,1,70,,61810,54,0,15 16,1,30,,61784,54,0,15 16,1,70,,61829,54,0,15 16,1,29,,61819,54,0,15 16,1,71,,61839,54,0,15 16,1,30,,61806,54,0,15 16,1,70,,61836,54,0,15 16,1,30,,61797,54,,,1,76,,61828,15,,,1,28,,61818,15,,,1,71,,61801,15,,,1,31,,61832,15,,,1
6100,'12',415,,61845,15,,,1,30,,61887,15,0,15 16,1,70,,61858,15,0,15 16,1,31,,61853,15,0,15 16,1,83,,61898,54,0,15 16,1,30,,61855,54,0,15 16,1,66,,61880,54,0,15 16,1,19,,61881,15,0,15 16,1,10,,61893,54,0,15 16,1,58,,61901,15,0,15 16,1,18,,61852,54,0,15 16,1,15,,61894,15,0,15 16,1,55,,61849,54,0,15 16,1,25,,61854,54,0,15 16,1,13,,61897,15,0,15 16,1,16,,61847,54,0,15 16,1,55,,61873,15,0,15 16,1,15,,61902,54,0,15 16,1,15,,61851,15,0,15 16,1,15,,61865,54,0,15 16,1,55,,61877,15,0,15 16,1,15,,61874,54,0,15 16,1,15,,61856,15,0,15 16,1,15,,61863,54,0,15 16,1,55,,61864,15,0,15 16,1,15,,61869,54,0,15 16,1,15,,61867,15,0,15 16,1,15,,61884,54,0,15 16,1,55,,61895,15,0,15 16,1,15,,61890,54,0,15 16,1,15,,61872,15,0,15 16,1,15,,61843,54,0,15 16,1,55,,61862,15,0,15 16,1,15,,61886,54,0,15 16,1,16,,61883,15,0,15 16,1,14,,61875,54,0,15 16,1,71,,61871,54,0,15 16,1,34,,61848,54,0,15 16,1,75,,61846,54,0,15 16,1,67,,61859,54,0,15 16,1,28,,61885,54,0,15 16,1,28,,61868,54,0,15 16,1,69,,61882,54,0,15 16,1,28,,61900,54,0,15 16,1,70,,61860,54,0,15 16,1,29,,61850,54,0,15 16,1,67,,61891,54,0,15 16,1,30,,61876,54,0,15 16,1,70,,61870,54,0,15 16,1,30,,61844,54,0,15 16,1,70,,61889,54,0,15 16,1,29,,61879,54,0,15 16,1,71,,61899,54,0,15 16,1,30,,61866,54,0,15 16,1,70,,61896,54,0,15 16,1,30,,61857,54,,,1,76,,61888,15,,,1,28,,61878,15,,,1,71,,61861,15,,,1,31,,61892,15,,,1
6100,'13',415,,61933,15,,,1,30,,61954,15,0,15 16,1,70,,61929,15,0,15 16,1,31,,61907,15,0,15 16,1,83,,61911,54,0,15 16,1,30,,61910,54,0,15 16,1,66,,61913,54,0,15 16,1,19,,61960,15,0,15 16,1,10,,61955,54,0,15 16,1,58,,61919,15,0,15 16,1,18,,61950,54,0,15 16,1,17,,61925,15,0,15 16,1,54,,61915,54,0,15 16,1,24,,61957,54,0,15 16,1,13,,61951,15,0,15 16,1,16,,61903,54,0,15 16,1,55,,61947,15,0,15 16,1,15,,61958,54,0,15 16,1,15,,61912,15,0,15 16,1,15,,61927,54,0,15 16,1,55,,61949,15,0,15 16,1,15,,61952,54,0,15 16,1,15,,61953,15,0,15 16,1,15,,61906,54,0,15 16,1,55,,61941,15,0,15 16,1,15,,61945,54,0,15 16,1,15,,61909,15,0,15 16,1,15,,61924,54,0,15 16,1,55,,61943,15,0,15 16,1,15,,61935,54,0,15 16,1,15,,61944,15,0,15 16,1,15,,61962,54,0,15 16,1,55,,61928,15,0,15 16,1,15,,61923,54,0,15 16,1,16,,61938,15,0,15 16,1,14,,61916,54,0,15 16,1,73,,61936,54,0,15 16,1,30,,61948,54,0,15 16,1,76,,61930,54,0,15 16,1,26,,61920,54,0,15 16,1,69,,61931,54,0,15 16,1,29,,61937,54,0,15 16,1,69,,61956,54,0,15 16,1,28,,61959,54,0,15 16,1,70,,61932,54,0,15 16,1,29,,61905,54,0,15 16,1,67,,61926,54,0,15 16,1,30,,61961,54,0,15 16,1,70,,61922,54,0,15 16,1,30,,61914,54,0,15 16,1,70,,61917,54,0,15 16,1,29,,61908,54,0,15 16,1,71,,61904,54,0,15 16,1,30,,61940,54,0,15 16,1,70,,61934,54,0,15 16,1,30,,61939,54,,,1,76,,61921,15,,,1,28,,61918,15,,,1,71,,61942,15,,,1,31,,61946,15,,,1
6100,'14',526,,61985,15,0,15 16,1,85,,61991,15,0,15 16,1,30,,61994,54,0,15 16,1,70,,62005,54,0,15 16,1,30,,62004,54,0,15 16,1,70,,61976,54,0,15 16,1,30,,61989,54,0,15 16,1,70,,61968,54,0,15 16,1,31,,61980,54,0,15 16,1,70,,61967,54,0,15 16,1,32,,61979,54,0,15 16,1,70,,61986,54,0,15 16,1,30,,61999,54,0,15 16,1,70,,62002,54,0,15 16,1,31,,61978,54,0,15 16,1,70,,61992,54,0,15 16,1,30,,61982,54,0,15 16,1,70,,62000,54,0,15 16,1,30,,61996,54,0,15 16,1,70,,61983,54,0,15 16,1,30,,61972,54,0,15 16,1,70,,61977,54,0,15 16,1,29,,61963,54,0,15 16,1,70,,61966,54,0,15 16,1,30,,61969,54,0,15 16,1,70,,61988,54,0,15 16,1,28,,61990,54,0,15 16,1,70,,61981,54,0,15 16,1,30,,62001,15,0,15 16,1,70,,61995,54,0,15 16,1,29,,61984,15,0,15 16,1,70,,61997,54,0,15 16,1,30,,61970,15,0,15 16,1,70,,61998,54,0,15 16,1,30,,61987,15,0,15 16,1,70,,61965,54,0,15 16,1,31,,61964,15,0,15 16,1,70,,61971,54,0,15 16,1,30,,61973,15,0,15 16,1,70,,62003,15,0,15 16,1,30,,61975,15,,,1,70,,61974,15,,,1,30,,61993,15,,,1
6100,'15',415,,62008,15,,,1,30,,62050,15,0,15 16,1,70,,62021,15,0,15 16,1,31,,62016,15,0,15 16,1,83,,62061,54,0,15 16,1,30,,62018,54,0,15 16,1,66,,62043,54,0,15 16,1,19,,62044,15,0,15 16,1,10,,62056,54,0,15 16,1,58,,62064,15,0,15 16,1,18,,62015,54,0,15 16,1,15,,62057,15,0,15 16,1,55,,62012,54,0,15 16,1,25,,62017,54,0,15 16,1,13,,62060,15,0,15 16,1,16,,62010,54,0,15 16,1,55,,62036,15,0,15 16,1,15,,62065,54,0,15 16,1,15,,62014,15,0,15 16,1,15,,62028,54,0,15 16,1,55,,62040,15,0,15 16,1,15,,62037,54,0,15 16,1,15,,62019,15,0,15 16,1,15,,62026,54,0,15 16,1,55,,62027,15,0,15 16,1,15,,62032,54,0,15 16,1,15,,62030,15,0,15 16,1,15,,62047,54,0,15 16,1,55,,62058,15,0,15 16,1,15,,62053,54,0,15 16,1,15,,62035,15,0,15 16,1,15,,62006,54,0,15 16,1,55,,62025,15,0,15 16,1,15,,62049,54,0,15 16,1,16,,62046,15,0,15 16,1,14,,62038,54,0,15 16,1,71,,62034,54,0,15 16,1,34,,62011,54,0,15 16,1,75,,62009,54,0,15 16,1,67,,62022,54,0,15 16,1,28,,62048,54,0,15 16,1,28,,62031,54,0,15 16,1,69,,62045,54,0,15 16,1,28,,62063,54,0,15 16,1,70,,62023,54,0,15 16,1,29,,62013,54,0,15 16,1,67,,62054,54,0,15 16,1,30,,62039,54,0,15 16,1,70,,62033,54,0,15 16,1,30,,62007,54,0,15 16,1,70,,62052,54,0,15 16,1,29,,62042,54,0,15 16,1,71,,62062,54,0,15 16,1,30,,62029,54,0,15 16,1,70,,62059,54,0,15 16,1,30,,62020,54,,,1,76,,62051,15,,,1,28,,62041,15,,,1,71,,62024,15,,,1,31,,62055,15,,,1
6100,'16',415,,62068,15,,,1,30,,62110,15,0,15 16,1,70,,62081,15,0,15 16,1,31,,62076,15,0,15 16,1,83,,62121,54,0,15 16,1,30,,62078,54,0,15 16,1,66,,62103,54,0,15 16,1,19,,62104,15,0,15 16,1,10,,62116,54,0,15 16,1,58,,62124,15,0,15 16,1,18,,62075,54,0,15 16,1,15,,62117,15,0,15 16,1,55,,62072,54,0,15 16,1,25,,62077,54,0,15 16,1,13,,62120,15,0,15 16,1,16,,62070,54,0,15 16,1,55,,62096,15,0,15 16,1,15,,62125,54,0,15 16,1,15,,62074,15,0,15 16,1,15,,62088,54,0,15 16,1,55,,62100,15,0,15 16,1,15,,62097,54,0,15 16,1,15,,62079,15,0,15 16,1,15,,62086,54,0,15 16,1,55,,62087,15,0,15 16,1,15,,62092,54,0,15 16,1,15,,62090,15,0,15 16,1,15,,62107,54,0,15 16,1,55,,62118,15,0,15 16,1,15,,62113,54,0,15 16,1,15,,62095,15,0,15 16,1,15,,62066,54,0,15 16,1,55,,62085,15,0,15 16,1,15,,62109,54,0,15 16,1,16,,62106,15,0,15 16,1,14,,62098,54,0,15 16,1,71,,62094,54,0,15 16,1,34,,62071,54,0,15 16,1,75,,62069,54,0,15 16,1,67,,62082,54,0,15 16,1,28,,62108,54,0,15 16,1,28,,62091,54,0,15 16,1,69,,62105,54,0,15 16,1,28,,62123,54,0,15 16,1,70,,62083,54,0,15 16,1,29,,62073,54,0,15 16,1,67,,62114,54,0,15 16,1,30,,62099,54,0,15 16,1,70,,62093,54,0,15 16,1,30,,62067,54,0,15 16,1,70,,62112,54,0,15 16,1,29,,62102,54,0,15 16,1,71,,62122,54,0,15 16,1,30,,62089,54,0,15 16,1,70,,62119,54,0,15 16,1,30,,62080,54,,,1,76,,62111,15,,,1,28,,62101,15,,,1,71,,62084,15,,,1,31,,62115,15,,,1
6100,'17',415,,62156,15,,,1,30,,62177,15,0,15 16,1,70,,62152,15,0,15 16,1,31,,62130,15,0,15 16,1,83,,62134,54,0,15 16,1,30,,62133,54,0,15 16,1,66,,62136,54,0,15 16,1,19,,62183,15,0,15 16,1,10,,62178,54,0,15 16,1,58,,62142,15,0,15 16,1,18,,62173,54,0,15 16,1,17,,62148,15,0,15 16,1,54,,62138,54,0,15 16,1,24,,62180,54,0,15 16,1,13,,62174,15,0,15 16,1,16,,62126,54,0,15 16,1,55,,62170,15,0,15 16,1,15,,62181,54,0,15 16,1,15,,62135,15,0,15 16,1,15,,62150,54,0,15 16,1,55,,62172,15,0,15 16,1,15,,62175,54,0,15 16,1,15,,62176,15,0,15 16,1,15,,62129,54,0,15 16,1,55,,62164,15,0,15 16,1,15,,62168,54,0,15 16,1,15,,62132,15,0,15 16,1,15,,62147,54,0,15 16,1,55,,62166,15,0,15 16,1,15,,62158,54,0,15 16,1,15,,62167,15,0,15 16,1,15,,62185,54,0,15 16,1,55,,62151,15,0,15 16,1,15,,62146,54,0,15 16,1,16,,62161,15,0,15 16,1,14,,62139,54,0,15 16,1,73,,62159,54,0,15 16,1,30,,62171,54,0,15 16,1,76,,62153,54,0,15 16,1,26,,62143,54,0,15 16,1,69,,62154,54,0,15 16,1,29,,62160,54,0,15 16,1,69,,62179,54,0,15 16,1,28,,62182,54,0,15 16,1,70,,62155,54,0,15 16,1,29,,62128,54,0,15 16,1,67,,62149,54,0,15 16,1,30,,62184,54,0,15 16,1,70,,62145,54,0,15 16,1,30,,62137,54,0,15 16,1,70,,62140,54,0,15 16,1,29,,62131,54,0,15 16,1,71,,62127,54,0,15 16,1,30,,62163,54,0,15 16,1,70,,62157,54,0,15 16,1,30,,62162,54,,,1,76,,62144,15,,,1,28,,62141,15,,,1,71,,62165,15,,,1,31,,62169,15,,,1
6100,'18',415,,62238,15,,,1,30,,62193,15,0,15 16,1,70,,62224,15,0,15 16,1,31,,62206,15,0,15 16,1,83,,62195,54,0,15 16,1,30,,62230,54,0,15 16,1,67,,62239,54,0,15 16,1,18,,62199,15,0,15 16,1,10,,62186,54,0,15 16,1,60,,62220,15,0,15 16,1,18,,62212,54,0,15 16,1,17,,62243,15,0,15 16,1,53,,62235,54,0,15 16,1,23,,62190,54,0,15 16,1,13,,62227,15,0,15 16,1,16,,62218,54,0,15 16,1,55,,62209,15,0,15 16,1,15,,62192,54,0,15 16,1,15,,62234,15,0,15 16,1,15,,62187,54,0,15 16,1,55,,62205,15,0,15 16,1,15,,62203,54,0,15 16,1,15,,62237,15,0,15 16,1,15,,62196,54,0,15 16,1,55,,62221,15,0,15 16,1,15,,62241,54,0,15 16,1,15,,62189,15,0,15 16,1,15,,62214,54,0,15 16,1,55,,62215,15,0,15 16,1,15,,62223,54,0,15 16,1,15,,62236,15,0,15 16,1,15,,62242,54,0,15 16,1,55,,62201,15,0,15 16,1,15,,62194,54,0,15 16,1,16,,62197,15,0,15 16,1,13,,62222,54,0,15 16,1,72,,62219,54,0,15 16,1,30,,62208,54,0,15 16,1,79,,62207,54,0,15 16,1,67,,62231,54,0,15 16,1,27,,62211,54,0,15 16,1,29,,62233,54,0,15 16,1,71,,62191,54,0,15 16,1,26,,62216,54,0,15 16,1,70,,62210,54,0,15 16,1,29,,62232,54,0,15 16,1,67,,62188,54,0,15 16,1,30,,62217,54,0,15 16,1,70,,62228,54,0,15 16,1,30,,62202,54,0,15 16,1,70,,62204,54,0,15 16,1,29,,62240,54,0,15 16,1,71,,62198,54,0,15 16,1,30,,62200,54,0,15 16,1,70,,62225,54,0,15 16,1,30,,62213,54,,,1,75,,62245,15,,,1,29,,62226,15,,,1,71,,62229,15,,,1,31,,62244,15,,,1
6100,'19',415,,62276,15,,,1,30,,62297,15,0,15 16,1,70,,62272,15,0,15 16,1,31,,62250,15,0,15 16,1,83,,62254,54,0,15 16,1,30,,62253,54,0,15 16,1,66,,62256,54,0,15 16,1,19,,62303,15,0,15 16,1,10,,62298,54,0,15 16,1,58,,62262,15,0,15 16,1,18,,62293,54,0,15 16,1,17,,62268,15,0,15 16,1,54,,62258,54,0,15 16,1,24,,62300,54,0,15 16,1,13,,62294,15,0,15 16,1,16,,62246,54,0,15 16,1,55,,62290,15,0,15 16,1,15,,62301,54,0,15 16,1,15,,62255,15,0,15 16,1,15,,62270,54,0,15 16,1,55,,62292,15,0,15 16,1,15,,62295,54,0,15 16,1,15,,62296,15,0,15 16,1,15,,62249,54,0,15 16,1,55,,62284,15,0,15 16,1,15,,62288,54,0,15 16,1,15,,62252,15,0,15 16,1,15,,62267,54,0,15 16,1,55,,62286,15,0,15 16,1,15,,62278,54,0,15 16,1,15,,62287,15,0,15 16,1,15,,62305,54,0,15 16,1,55,,62271,15,0,15 16,1,15,,62266,54,0,15 16,1,16,,62281,15,0,15 16,1,14,,62259,54,0,15 16,1,73,,62279,54,0,15 16,1,30,,62291,54,0,15 16,1,76,,62273,54,0,15 16,1,26,,62263,54,0,15 16,1,69,,62274,54,0,15 16,1,29,,62280,54,0,15 16,1,69,,62299,54,0,15 16,1,28,,62302,54,0,15 16,1,70,,62275,54,0,15 16,1,29,,62248,54,0,15 16,1,67,,62269,54,0,15 16,1,30,,62304,54,0,15 16,1,70,,62265,54,0,15 16,1,30,,62257,54,0,15 16,1,70,,62260,54,0,15 16,1,29,,62251,54,0,15 16,1,71,,62247,54,0,15 16,1,30,,62283,54,0,15 16,1,70,,62277,54,0,15 16,1,30,,62282,54,,,1,76,,62264,15,,,1,28,,62261,15,,,1,71,,62285,15,,,1,31,,62289,15,,,1
6100,'2',551,,62345,15,,,1,72,,62306,15,,,1,30,,62340,54,,,1,76,,62338,15,0,15 16,1,72,,62346,54,0,15 16,1,30,,62343,15,0,15 16,1,70,,62307,54,0,15 16,1,30,,62318,54,0,15 16,1,71,,62330,54,0,15 16,1,30,,62316,54,0,15 16,1,72,,62344,54,0,15 16,1,30,,62312,54,0,15 16,1,70,,62329,54,0,15 16,1,30,,62342,54,0,15 16,1,71,,62323,54,0,15 16,1,30,,62322,54,0,15 16,1,70,,62334,54,0,15 16,1,30,,62313,54,0,15 16,1,70,,62328,54,0,15 16,1,30,,62308,54,0,15 16,1,70,,62317,54,0,15 16,1,30,,62332,54,0,15 16,1,69,,62319,54,0,15 16,1,30,,62311,54,0,15 16,1,70,,62309,54,0,15 16,1,29,,62337,15,0,15 16,1,69,,62315,54,0,15 16,1,30,,62327,15,0,15 16,1,70,,62333,54,0,15 16,1,30,,62320,15,0,15 16,1,27,,62336,54,0,15 16,1,70,,62324,15,0,15 16,1,28,,62331,54,0,15 16,1,69,,62314,15,0,15 16,1,32,,62347,54,,,1,70,,62325,15,,,1,30,,62310,54,,,1,70,,62341,15,,,1,30,,62335,15,,,1,70,,62339,15,,,1,30,,62326,15,,,1,70,,62321,15,,,1
6100,'3',415,,62350,15,,,1,30,,62392,15,0,15 16,1,70,,62363,15,0,15 16,1,31,,62358,15,0,15 16,1,83,,62403,54,0,15 16,1,30,,62360,54,0,15 16,1,66,,62385,54,0,15 16,1,19,,62386,15,0,15 16,1,10,,62398,54,0,15 16,1,58,,62406,15,0,15 16,1,18,,62357,54,0,15 16,1,15,,62399,15,0,15 16,1,55,,62354,54,0,15 16,1,25,,62359,54,0,15 16,1,13,,62402,15,0,15 16,1,16,,62352,54,0,15 16,1,55,,62378,15,0,15 16,1,15,,62407,54,0,15 16,1,15,,62356,15,0,15 16,1,15,,62370,54,0,15 16,1,55,,62382,15,0,15 16,1,15,,62379,54,0,15 16,1,15,,62361,15,0,15 16,1,15,,62368,54,0,15 16,1,55,,62369,15,0,15 16,1,15,,62374,54,0,15 16,1,15,,62372,15,0,15 16,1,15,,62389,54,0,15 16,1,55,,62400,15,0,15 16,1,15,,62395,54,0,15 16,1,15,,62377,15,0,15 16,1,15,,62348,54,0,15 16,1,55,,62367,15,0,15 16,1,15,,62391,54,0,15 16,1,16,,62388,15,0,15 16,1,14,,62380,54,0,15 16,1,71,,62376,54,0,15 16,1,34,,62353,54,0,15 16,1,75,,62351,54,0,15 16,1,67,,62364,54,0,15 16,1,28,,62390,54,0,15 16,1,28,,62373,54,0,15 16,1,69,,62387,54,0,15 16,1,28,,62405,54,0,15 16,1,70,,62365,54,0,15 16,1,29,,62355,54,0,15 16,1,67,,62396,54,0,15 16,1,30,,62381,54,0,15 16,1,70,,62375,54,0,15 16,1,30,,62349,54,0,15 16,1,70,,62394,54,0,15 16,1,29,,62384,54,0,15 16,1,71,,62404,54,0,15 16,1,30,,62371,54,0,15 16,1,70,,62401,54,0,15 16,1,30,,62362,54,,,1,76,,62393,15,,,1,28,,62383,15,,,1,71,,62366,15,,,1,31,,62397,15,,,1
6100,'4',415,,62410,15,,,1,30,,62452,15,0,15 16,1,70,,62423,15,0,15 16,1,31,,62418,15,0,15 16,1,83,,62463,54,0,15 16,1,30,,62420,54,0,15 16,1,66,,62445,54,0,15 16,1,19,,62446,15,0,15 16,1,10,,62458,54,0,15 16,1,58,,62466,15,0,15 16,1,18,,62417,54,0,15 16,1,15,,62459,15,0,15 16,1,55,,62414,54,0,15 16,1,25,,62419,54,0,15 16,1,13,,62462,15,0,15 16,1,16,,62412,54,0,15 16,1,55,,62438,15,0,15 16,1,15,,62467,54,0,15 16,1,15,,62416,15,0,15 16,1,15,,62430,54,0,15 16,1,55,,62442,15,0,15 16,1,15,,62439,54,0,15 16,1,15,,62421,15,0,15 16,1,15,,62428,54,0,15 16,1,55,,62429,15,0,15 16,1,15,,62434,54,0,15 16,1,15,,62432,15,0,15 16,1,15,,62449,54,0,15 16,1,55,,62460,15,0,15 16,1,15,,62455,54,0,15 16,1,15,,62437,15,0,15 16,1,15,,62408,54,0,15 16,1,55,,62427,15,0,15 16,1,15,,62451,54,0,15 16,1,16,,62448,15,0,15 16,1,14,,62440,54,0,15 16,1,71,,62436,54,0,15 16,1,34,,62413,54,0,15 16,1,75,,62411,54,0,15 16,1,67,,62424,54,0,15 16,1,28,,62450,54,0,15 16,1,28,,62433,54,0,15 16,1,69,,62447,54,0,15 16,1,28,,62465,54,0,15 16,1,70,,62425,54,0,15 16,1,29,,62415,54,0,15 16,1,67,,62456,54,0,15 16,1,30,,62441,54,0,15 16,1,70,,62435,54,0,15 16,1,30,,62409,54,0,15 16,1,70,,62454,54,0,15 16,1,29,,62444,54,0,15 16,1,71,,62464,54,0,15 16,1,30,,62431,54,0,15 16,1,70,,62461,54,0,15 16,1,30,,62422,54,,,1,76,,62453,15,,,1,28,,62443,15,,,1,71,,62426,15,,,1,31,,62457,15,,,1
6100,'5',415,,62498,15,,,1,30,,62519,15,0,15 16,1,70,,62494,15,0,15 16,1,31,,62472,15,0,15 16,1,83,,62476,54,0,15 16,1,30,,62475,54,0,15 16,1,66,,62478,54,0,15 16,1,19,,62525,15,0,15 16,1,10,,62520,54,0,15 16,1,58,,62484,15,0,15 16,1,18,,62515,54,0,15 16,1,17,,62490,15,0,15 16,1,54,,62480,54,0,15 16,1,24,,62522,54,0,15 16,1,13,,62516,15,0,15 16,1,16,,62468,54,0,15 16,1,55,,62512,15,0,15 16,1,15,,62523,54,0,15 16,1,15,,62477,15,0,15 16,1,15,,62492,54,0,15 16,1,55,,62514,15,0,15 16,1,15,,62517,54,0,15 16,1,15,,62518,15,0,15 16,1,15,,62471,54,0,15 16,1,55,,62506,15,0,15 16,1,15,,62510,54,0,15 16,1,15,,62474,15,0,15 16,1,15,,62489,54,0,15 16,1,55,,62508,15,0,15 16,1,15,,62500,54,0,15 16,1,15,,62509,15,0,15 16,1,15,,62527,54,0,15 16,1,55,,62493,15,0,15 16,1,15,,62488,54,0,15 16,1,16,,62503,15,0,15 16,1,14,,62481,54,0,15 16,1,73,,62501,54,0,15 16,1,30,,62513,54,0,15 16,1,76,,62495,54,0,15 16,1,26,,62485,54,0,15 16,1,69,,62496,54,0,15 16,1,29,,62502,54,0,15 16,1,69,,62521,54,0,15 16,1,28,,62524,54,0,15 16,1,70,,62497,54,0,15 16,1,29,,62470,54,0,15 16,1,67,,62491,54,0,15 16,1,30,,62526,54,0,15 16,1,70,,62487,54,0,15 16,1,30,,62479,54,0,15 16,1,70,,62482,54,0,15 16,1,29,,62473,54,0,15 16,1,71,,62469,54,0,15 16,1,30,,62505,54,0,15 16,1,70,,62499,54,0,15 16,1,30,,62504,54,,,1,76,,62486,15,,,1,28,,62483,15,,,1,71,,62507,15,,,1,31,,62511,15,,,1
6100,'6',415,,62530,15,,,1,30,,62572,15,0,15 16,1,70,,62543,15,0,15 16,1,31,,62538,15,0,15 16,1,83,,62583,54,0,15 16,1,30,,62540,54,0,15 16,1,66,,62565,54,0,15 16,1,19,,62566,15,0,15 16,1,10,,62578,54,0,15 16,1,58,,62586,15,0,15 16,1,18,,62537,54,0,15 16,1,15,,62579,15,0,15 16,1,55,,62534,54,0,15 16,1,25,,62539,54,0,15 16,1,13,,62582,15,0,15 16,1,16,,62532,54,0,15 16,1,55,,62558,15,0,15 16,1,15,,62587,54,0,15 16,1,15,,62536,15,0,15 16,1,15,,62550,54,0,15 16,1,55,,62562,15,0,15 16,1,15,,62559,54,0,15 16,1,15,,62541,15,0,15 16,1,15,,62548,54,0,15 16,1,55,,62549,15,0,15 16,1,15,,62554,54,0,15 16,1,15,,62552,15,0,15 16,1,15,,62569,54,0,15 16,1,55,,62580,15,0,15 16,1,15,,62575,54,0,15 16,1,15,,62557,15,0,15 16,1,15,,62528,54,0,15 16,1,55,,62547,15,0,15 16,1,15,,62571,54,0,15 16,1,16,,62568,15,0,15 16,1,14,,62560,54,0,15 16,1,71,,62556,54,0,15 16,1,34,,62533,54,0,15 16,1,75,,62531,54,0,15 16,1,67,,62544,54,0,15 16,1,28,,62570,54,0,15 16,1,28,,62553,54,0,15 16,1,69,,62567,54,0,15 16,1,28,,62585,54,0,15 16,1,70,,62545,54,0,15 16,1,29,,62535,54,0,15 16,1,67,,62576,54,0,15 16,1,30,,62561,54,0,15 16,1,70,,62555,54,0,15 16,1,30,,62529,54,0,15 16,1,70,,62574,54,0,15 16,1,29,,62564,54,0,15 16,1,71,,62584,54,0,15 16,1,30,,62551,54,0,15 16,1,70,,62581,54,0,15 16,1,30,,62542,54,,,1,76,,62573,15,,,1,28,,62563,15,,,1,71,,62546,15,,,1,31,,62577,15,,,1
6100,'7',415,,62618,15,,,1,30,,62639,15,0,15 16,1,70,,62614,15,0,15 16,1,31,,62592,15,0,15 16,1,83,,62596,54,0,15 16,1,30,,62595,54,0,15 16,1,66,,62598,54,0,15 16,1,19,,62645,15,0,15 16,1,10,,62640,54,0,15 16,1,58,,62604,15,0,15 16,1,18,,62635,54,0,15 16,1,17,,62610,15,0,15 16,1,54,,62600,54,0,15 16,1,24,,62642,54,0,15 16,1,13,,62636,15,0,15 16,1,16,,62588,54,0,15 16,1,55,,62632,15,0,15 16,1,15,,62643,54,0,15 16,1,15,,62597,15,0,15 16,1,15,,62612,54,0,15 16,1,55,,62634,15,0,15 16,1,15,,62637,54,0,15 16,1,15,,62638,15,0,15 16,1,15,,62591,54,0,15 16,1,55,,62626,15,0,15 16,1,15,,62630,54,0,15 16,1,15,,62594,15,0,15 16,1,15,,62609,54,0,15 16,1,55,,62628,15,0,15 16,1,15,,62620,54,0,15 16,1,15,,62629,15,0,15 16,1,15,,62647,54,0,15 16,1,55,,62613,15,0,15 16,1,15,,62608,54,0,15 16,1,16,,62623,15,0,15 16,1,14,,62601,54,0,15 16,1,73,,62621,54,0,15 16,1,30,,62633,54,0,15 16,1,76,,62615,54,0,15 16,1,26,,62605,54,0,15 16,1,69,,62616,54,0,15 16,1,29,,62622,54,0,15 16,1,69,,62641,54,0,15 16,1,28,,62644,54,0,15 16,1,70,,62617,54,0,15 16,1,29,,62590,54,0,15 16,1,67,,62611,54,0,15 16,1,30,,62646,54,0,15 16,1,70,,62607,54,0,15 16,1,30,,62599,54,0,15 16,1,70,,62602,54,0,15 16,1,29,,62593,54,0,15 16,1,71,,62589,54,0,15 16,1,30,,62625,54,0,15 16,1,70,,62619,54,0,15 16,1,30,,62624,54,,,1,76,,62606,15,,,1,28,,62603,15,,,1,71,,62627,15,,,1,31,,62631,15,,,1
6100,'8',526,,62670,15,0,15 16,1,85,,62676,15,0,15 16,1,30,,62679,54,0,15 16,1,70,,62690,54,0,15 16,1,30,,62689,54,0,15 16,1,70,,62661,54,0,15 16,1,30,,62674,54,0,15 16,1,70,,62653,54,0,15 16,1,31,,62665,54,0,15 16,1,70,,62652,54,0,15 16,1,32,,62664,54,0,15 16,1,70,,62671,54,0,15 16,1,30,,62684,54,0,15 16,1,70,,62687,54,0,15 16,1,31,,62663,54,0,15 16,1,70,,62677,54,0,15 16,1,30,,62667,54,0,15 16,1,70,,62685,54,0,15 16,1,30,,62681,54,0,15 16,1,70,,62668,54,0,15 16,1,30,,62657,54,0,15 16,1,70,,62662,54,0,15 16,1,29,,62648,54,0,15 16,1,70,,62651,54,0,15 16,1,30,,62654,54,0,15 16,1,70,,62673,54,0,15 16,1,28,,62675,54,0,15 16,1,70,,62666,54,0,15 16,1,30,,62686,15,0,15 16,1,70,,62680,54,0,15 16,1,29,,62669,15,0,15 16,1,70,,62682,54,0,15 16,1,30,,62655,15,0,15 16,1,70,,62683,54,0,15 16,1,30,,62672,15,0,15 16,1,70,,62650,54,0,15 16,1,31,,62649,15,0,15 16,1,70,,62656,54,0,15 16,1,30,,62658,15,0,15 16,1,70,,62688,15,0,15 16,1,30,,62660,15,,,1,70,,62659,15,,,1,30,,62678,15,,,1
6100,'9',551,,62730,15,,,1,72,,62691,15,,,1,30,,62725,54,,,1,76,,62723,15,0,15 16,1,72,,62731,54,0,15 16,1,30,,62728,15,0,15 16,1,70,,62692,54,0,15 16,1,30,,62703,54,0,15 16,1,71,,62715,54,0,15 16,1,30,,62701,54,0,15 16,1,72,,62729,54,0,15 16,1,30,,62697,54,0,15 16,1,70,,62714,54,0,15 16,1,30,,62727,54,0,15 16,1,71,,62708,54,0,15 16,1,30,,62707,54,0,15 16,1,70,,62719,54,0,15 16,1,30,,62698,54,0,15 16,1,70,,62713,54,0,15 16,1,30,,62693,54,0,15 16,1,70,,62702,54,0,15 16,1,30,,62717,54,0,15 16,1,69,,62704,54,0,15 16,1,30,,62696,54,0,15 16,1,70,,62694,54,0,15 16,1,29,,62722,15,0,15 16,1,69,,62700,54,0,15 16,1,30,,62712,15,0,15 16,1,70,,62718,54,0,15 16,1,30,,62705,15,0,15 16,1,27,,62721,54,0,15 16,1,70,,62709,15,0,15 16,1,28,,62716,54,0,15 16,1,69,,62699,15,0,15 16,1,32,,62732,54,,,1,70,,62710,15,,,1,30,,62695,54,,,1,70,,62726,15,,,1,30,,62720,15,,,1,70,,62724,15,,,1,30,,62711,15,,,1,70,,62706,15,,,1
6200,'1',742,,63725,42,,,1,70,,63744,42,,,1,30,,63732,42,,,1,70,,63726,42,,,1,30,,63734,42,,,1,70,,63729,42,,,1,32,,63747,42,,,1,70,,63736,42,,,1,30,,63741,42,,,1,70,,63718,42,,,1,31,,63722,42,,,1,70,,63745,42,,,1,30,,63749,42,,,1,70,,63723,42,,,1,30,,63720,42,,,1,70,,63724,42,,,1,30,,63721,42,,,1,70,,63733,42,,,1,30,,63727,42,,,1,70,,63746,42,,,1,30,,63730,42,,,1,70,,63739,42,,,1,30,,63738,42,,,1,70,,63742,42,,,1,30,,63737,42,,,1,67,,63728,42,,,1,30,,63748,42,,,1,70,,63731,42,,,1,30,,63743,42,,,1,70,,63719,42,,,1,30,,63735,42,,,1,73,,63740,46,,,1
6200,'10',719,,63784,43,,,1,104,,63763,43,,,1,28,,63779,43,,,1,70,,63766,43,,,1,30,,63757,43,,,1,66,,63770,43,,,1,30,,63778,43,,,1,71,,63750,43,,,1,30,,63764,43,,,1,70,,63753,43,,,1,25,,63755,42,,,1,75,,63782,42,,,1,30,,63754,42,,,1,70,,63772,42,,,1,32,,63761,42,,,1,69,,63783,42,,,1,33,,63771,42,,,1,71,,63773,42,,,1,33,,63767,42,,,1,72,,63774,42,,,1,30,,63756,42,,,1,68,,63751,42,,,1,30,,63775,42,,,1,62,,63768,42,,,1,28,,63765,42,,,1,70,,63760,42,,,1,32,,63758,43,,,1,70,,63769,43,,,1,30,,63776,43,,,1,63,,63752,43,,,1,30,,63780,43,,,1,70,,63781,43,,,1,26,,63777,43,,,1,71,,63759,43,,,1,28,,63762,43,,,1
6200,'11',719,,63819,43,,,1,104,,63798,43,,,1,28,,63814,43,,,1,70,,63801,43,,,1,30,,63792,43,,,1,66,,63805,43,,,1,30,,63813,43,,,1,71,,63785,43,,,1,30,,63799,43,,,1,70,,63788,43,,,1,25,,63790,42,,,1,75,,63817,42,,,1,30,,63789,42,,,1,70,,63807,42,,,1,32,,63796,42,,,1,69,,63818,42,,,1,33,,63806,42,,,1,71,,63808,42,,,1,33,,63802,42,,,1,72,,63809,42,,,1,30,,63791,42,,,1,68,,63786,42,,,1,30,,63810,42,,,1,62,,63803,42,,,1,28,,63800,42,,,1,70,,63795,42,,,1,32,,63793,43,,,1,70,,63804,43,,,1,30,,63811,43,,,1,63,,63787,43,,,1,30,,63815,43,,,1,70,,63816,43,,,1,26,,63812,43,,,1,71,,63794,43,,,1,28,,63797,43,,,1
6200,'12',719,,63854,43,,,1,104,,63833,43,,,1,28,,63849,43,,,1,70,,63836,43,,,1,30,,63827,43,,,1,66,,63840,43,,,1,30,,63848,43,,,1,71,,63820,43,,,1,30,,63834,43,,,1,70,,63823,43,,,1,25,,63825,42,,,1,75,,63852,42,,,1,30,,63824,42,,,1,70,,63842,42,,,1,32,,63831,42,,,1,69,,63853,42,,,1,33,,63841,42,,,1,71,,63843,42,,,1,33,,63837,42,,,1,72,,63844,42,,,1,30,,63826,42,,,1,68,,63821,42,,,1,30,,63845,42,,,1,62,,63838,42,,,1,28,,63835,42,,,1,70,,63830,42,,,1,32,,63828,43,,,1,70,,63839,43,,,1,30,,63846,43,,,1,63,,63822,43,,,1,30,,63850,43,,,1,70,,63851,43,,,1,26,,63847,43,,,1,71,,63829,43,,,1,28,,63832,43,,,1
6200,'13',713,,63866,43,,,1,40,,63857,43,,,1,70,,63862,43,,,1,30,,63870,43,,,1,68,,63874,43,,,1,30,,63890,43,,,1,66,,63859,43,,,1,30,,63875,43,,,1,71,,63873,43,,,1,30,,63858,43,,,1,70,,63869,43,,,1,25,,63855,42,,,1,75,,63880,42,,,1,30,,63881,42,,,1,70,,63871,42,,,1,31,,63861,42,,,1,72,,63872,42,,,1,32,,63864,42,,,1,70,,63860,42,,,1,32,,63889,42,,,1,73,,63879,42,,,1,30,,63887,42,,,1,68,,63876,42,,,1,30,,63888,42,,,1,62,,63882,42,,,1,28,,63868,42,,,1,70,,63885,42,,,1,32,,63863,43,,,1,70,,63878,43,,,1,30,,63867,43,,,1,63,,63877,43,,,1,30,,63883,43,,,1,70,,63886,43,,,1,26,,63865,43,,,1,71,,63856,43,,,1,28,,63884,43,,,1
6200,'14',651,,63919,43,,,1,76,,63894,43,,,1,30,,63906,43,,,1,70,,63901,43,,,1,30,,63904,43,,,1,70,,63911,43,,,1,31,,63905,43,,,1,70,,63909,43,,,1,31,,63898,43,,,1,70,,63897,43,,,1,30,,63908,43,,,1,70,,63902,43,,,1,72,,63900,43,,,1,30,,63896,43,,,1,70,,63917,43,,,1,30,,63907,43,,,1,70,,63913,43,,,1,30,,63914,43,,,1,70,,63922,43,,,1,30,,63891,43,,,1,69,,63892,43,,,1,30,,63903,43,,,1,70,,63915,43,,,1,30,,63923,43,,,1,28,,63918,43,,,1,70,,63912,43,,,1,30,,63921,43,,,1,70,,63893,43,,,1,30,,63920,43,,,1,70,,63895,43,,,1,27,,63910,43,,,1,70,,63899,43,,,1,30,,63916,43,,,1
6200,'15',719,,63958,43,,,1,104,,63937,43,,,1,28,,63953,43,,,1,70,,63940,43,,,1,30,,63931,43,,,1,66,,63944,43,,,1,30,,63952,43,,,1,71,,63924,43,,,1,30,,63938,43,,,1,70,,63927,43,,,1,25,,63929,42,,,1,75,,63956,42,,,1,30,,63928,42,,,1,70,,63946,42,,,1,32,,63935,42,,,1,69,,63957,42,,,1,33,,63945,42,,,1,71,,63947,42,,,1,33,,63941,42,,,1,72,,63948,42,,,1,30,,63930,42,,,1,68,,63925,42,,,1,30,,63949,42,,,1,62,,63942,42,,,1,28,,63939,42,,,1,70,,63934,42,,,1,32,,63932,43,,,1,70,,63943,43,,,1,30,,63950,43,,,1,63,,63926,43,,,1,30,,63954,43,,,1,70,,63955,43,,,1,26,,63951,43,,,1,71,,63933,43,,,1,28,,63936,43,,,1
6200,'16',719,,63993,43,,,1,104,,63972,43,,,1,28,,63988,43,,,1,70,,63975,43,,,1,30,,63966,43,,,1,66,,63979,43,,,1,30,,63987,43,,,1,71,,63959,43,,,1,30,,63973,43,,,1,70,,63962,43,,,1,25,,63964,42,,,1,75,,63991,42,,,1,30,,63963,42,,,1,70,,63981,42,,,1,32,,63970,42,,,1,69,,63992,42,,,1,33,,63980,42,,,1,71,,63982,42,,,1,33,,63976,42,,,1,72,,63983,42,,,1,30,,63965,42,,,1,68,,63960,42,,,1,30,,63984,42,,,1,62,,63977,42,,,1,28,,63974,42,,,1,70,,63969,42,,,1,32,,63967,43,,,1,70,,63978,43,,,1,30,,63985,43,,,1,63,,63961,43,,,1,30,,63989,43,,,1,70,,63990,43,,,1,26,,63986,43,,,1,71,,63968,43,,,1,28,,63971,43,,,1
6200,'17',713,,64005,43,,,1,40,,63996,43,,,1,70,,64001,43,,,1,30,,64009,43,,,1,68,,64013,43,,,1,30,,64029,43,,,1,66,,63998,43,,,1,30,,64014,43,,,1,71,,64012,43,,,1,30,,63997,43,,,1,70,,64008,43,,,1,25,,63994,42,,,1,75,,64019,42,,,1,30,,64020,42,,,1,70,,64010,42,,,1,31,,64000,42,,,1,72,,64011,42,,,1,32,,64003,42,,,1,70,,63999,42,,,1,32,,64028,42,,,1,73,,64018,42,,,1,30,,64026,42,,,1,68,,64015,42,,,1,30,,64027,42,,,1,62,,64021,42,,,1,28,,64007,42,,,1,70,,64024,42,,,1,32,,64002,43,,,1,70,,64017,43,,,1,30,,64006,43,,,1,63,,64016,43,,,1,30,,64022,43,,,1,70,,64025,43,,,1,26,,64004,43,,,1,71,,63995,43,,,1,28,,64023,43,,,1
6200,'18',718,,64056,43,,,1,29,,64036,43,,,1,74,,64054,43,,,1,32,,64053,43,,,1,68,,64031,43,,,1,30,,64055,43,,,1,66,,64045,43,,,1,30,,64042,43,,,1,71,,64033,43,,,1,30,,64034,43,,,1,70,,64044,43,,,1,25,,64035,42,,,1,75,,64058,42,,,1,30,,64038,42,,,1,70,,64046,42,,,1,30,,64059,42,,,1,71,,64032,42,,,1,33,,64037,42,,,1,71,,64057,42,,,1,32,,64051,42,,,1,72,,64039,42,,,1,31,,64048,42,,,1,68,,64065,42,,,1,30,,64063,42,,,1,62,,64062,42,,,1,28,,64060,42,,,1,70,,64040,42,,,1,32,,64061,43,,,1,70,,64041,43,,,1,30,,64050,43,,,1,63,,64064,43,,,1,30,,64052,43,,,1,70,,64043,43,,,1,26,,64030,43,,,1,71,,64049,43,,,1,28,,64047,43,,,1
6200,'19',713,,64077,43,,,1,40,,64068,43,,,1,70,,64073,43,,,1,30,,64081,43,,,1,68,,64085,43,,,1,30,,64101,43,,,1,66,,64070,43,,,1,30,,64086,43,,,1,71,,64084,43,,,1,30,,64069,43,,,1,70,,64080,43,,,1,25,,64066,42,,,1,75,,64091,42,,,1,30,,64092,42,,,1,70,,64082,42,,,1,31,,64072,42,,,1,72,,64083,42,,,1,32,,64075,42,,,1,70,,64071,42,,,1,32,,64100,42,,,1,73,,64090,42,,,1,30,,64098,42,,,1,68,,64087,42,,,1,30,,64099,42,,,1,62,,64093,42,,,1,28,,64079,42,,,1,70,,64096,42,,,1,32,,64074,43,,,1,70,,64089,43,,,1,30,,64078,43,,,1,63,,64088,43,,,1,30,,64094,43,,,1,70,,64097,43,,,1,26,,64076,43,,,1,71,,64067,43,,,1,28,,64095,43,,,1
6200,'2',742,,64109,42,,,1,70,,64128,42,,,1,30,,64116,42,,,1,70,,64110,42,,,1,30,,64118,42,,,1,70,,64113,42,,,1,32,,64131,42,,,1,70,,64120,42,,,1,30,,64125,42,,,1,70,,64102,42,,,1,31,,64106,42,,,1,70,,64129,42,,,1,30,,64133,42,,,1,70,,64107,42,,,1,30,,64104,42,,,1,70,,64108,42,,,1,30,,64105,42,,,1,70,,64117,42,,,1,30,,64111,42,,,1,70,,64130,42,,,1,30,,64114,42,,,1,70,,64123,42,,,1,30,,64122,42,,,1,70,,64126,42,,,1,30,,64121,42,,,1,67,,64112,42,,,1,30,,64132,42,,,1,70,,64115,42,,,1,30,,64127,42,,,1,70,,64103,42,,,1,30,,64119,42,,,1,73,,64124,46,,,1
6200,'3',719,,64168,43,,,1,104,,64147,43,,,1,28,,64163,43,,,1,70,,64150,43,,,1,30,,64141,43,,,1,66,,64154,43,,,1,30,,64162,43,,,1,71,,64134,43,,,1,30,,64148,43,,,1,70,,64137,43,,,1,25,,64139,42,,,1,75,,64166,42,,,1,30,,64138,42,,,1,70,,64156,42,,,1,32,,64145,42,,,1,69,,64167,42,,,1,33,,64155,42,,,1,71,,64157,42,,,1,33,,64151,42,,,1,72,,64158,42,,,1,30,,64140,42,,,1,68,,64135,42,,,1,30,,64159,42,,,1,62,,64152,42,,,1,28,,64149,42,,,1,70,,64144,42,,,1,32,,64142,43,,,1,70,,64153,43,,,1,30,,64160,43,,,1,63,,64136,43,,,1,30,,64164,43,,,1,70,,64165,43,,,1,26,,64161,43,,,1,71,,64143,43,,,1,28,,64146,43,,,1
6200,'4',719,,64203,43,,,1,104,,64182,43,,,1,28,,64198,43,,,1,70,,64185,43,,,1,30,,64176,43,,,1,66,,64189,43,,,1,30,,64197,43,,,1,71,,64169,43,,,1,30,,64183,43,,,1,70,,64172,43,,,1,25,,64174,42,,,1,75,,64201,42,,,1,30,,64173,42,,,1,70,,64191,42,,,1,32,,64180,42,,,1,69,,64202,42,,,1,33,,64190,42,,,1,71,,64192,42,,,1,33,,64186,42,,,1,72,,64193,42,,,1,30,,64175,42,,,1,68,,64170,42,,,1,30,,64194,42,,,1,62,,64187,42,,,1,28,,64184,42,,,1,70,,64179,42,,,1,32,,64177,43,,,1,70,,64188,43,,,1,30,,64195,43,,,1,63,,64171,43,,,1,30,,64199,43,,,1,70,,64200,43,,,1,26,,64196,43,,,1,71,,64178,43,,,1,28,,64181,43,,,1
6200,'5',713,,64215,43,,,1,40,,64206,43,,,1,70,,64211,43,,,1,30,,64219,43,,,1,68,,64223,43,,,1,30,,64239,43,,,1,66,,64208,43,,,1,30,,64224,43,,,1,71,,64222,43,,,1,30,,64207,43,,,1,70,,64218,43,,,1,25,,64204,42,,,1,75,,64229,42,,,1,30,,64230,42,,,1,70,,64220,42,,,1,31,,64210,42,,,1,72,,64221,42,,,1,32,,64213,42,,,1,70,,64209,42,,,1,32,,64238,42,,,1,73,,64228,42,,,1,30,,64236,42,,,1,68,,64225,42,,,1,30,,64237,42,,,1,62,,64231,42,,,1,28,,64217,42,,,1,70,,64234,42,,,1,32,,64212,43,,,1,70,,64227,43,,,1,30,,64216,43,,,1,63,,64226,43,,,1,30,,64232,43,,,1,70,,64235,43,,,1,26,,64214,43,,,1,71,,64205,43,,,1,28,,64233,43,,,1
6200,'6',719,,64274,43,,,1,104,,64253,43,,,1,28,,64269,43,,,1,70,,64256,43,,,1,30,,64247,43,,,1,66,,64260,43,,,1,30,,64268,43,,,1,71,,64240,43,,,1,30,,64254,43,,,1,70,,64243,43,,,1,25,,64245,42,,,1,75,,64272,42,,,1,30,,64244,42,,,1,70,,64262,42,,,1,32,,64251,42,,,1,69,,64273,42,,,1,33,,64261,42,,,1,71,,64263,42,,,1,33,,64257,42,,,1,72,,64264,42,,,1,30,,64246,42,,,1,68,,64241,42,,,1,30,,64265,42,,,1,62,,64258,42,,,1,28,,64255,42,,,1,70,,64250,42,,,1,32,,64248,43,,,1,70,,64259,43,,,1,30,,64266,43,,,1,63,,64242,43,,,1,30,,64270,43,,,1,70,,64271,43,,,1,26,,64267,43,,,1,71,,64249,43,,,1,28,,64252,43,,,1
6200,'7',713,,64286,43,,,1,40,,64277,43,,,1,70,,64282,43,,,1,30,,64290,43,,,1,68,,64294,43,,,1,30,,64310,43,,,1,66,,64279,43,,,1,30,,64295,43,,,1,71,,64293,43,,,1,30,,64278,43,,,1,70,,64289,43,,,1,25,,64275,42,,,1,75,,64300,42,,,1,30,,64301,42,,,1,70,,64291,42,,,1,31,,64281,42,,,1,72,,64292,42,,,1,32,,64284,42,,,1,70,,64280,42,,,1,32,,64309,42,,,1,73,,64299,42,,,1,30,,64307,42,,,1,68,,64296,42,,,1,30,,64308,42,,,1,62,,64302,42,,,1,28,,64288,42,,,1,70,,64305,42,,,1,32,,64283,43,,,1,70,,64298,43,,,1,30,,64287,43,,,1,63,,64297,43,,,1,30,,64303,43,,,1,70,,64306,43,,,1,26,,64285,43,,,1,71,,64276,43,,,1,28,,64304,43,,,1
6200,'8',651,,64339,43,,,1,76,,64314,43,,,1,30,,64326,43,,,1,70,,64321,43,,,1,30,,64324,43,,,1,70,,64331,43,,,1,31,,64325,43,,,1,70,,64329,43,,,1,31,,64318,43,,,1,70,,64317,43,,,1,30,,64328,43,,,1,70,,64322,43,,,1,72,,64320,43,,,1,30,,64316,43,,,1,70,,64337,43,,,1,30,,64327,43,,,1,70,,64333,43,,,1,30,,64334,43,,,1,70,,64342,43,,,1,30,,64311,43,,,1,69,,64312,43,,,1,30,,64323,43,,,1,70,,64335,43,,,1,30,,64343,43,,,1,28,,64338,43,,,1,70,,64332,43,,,1,30,,64341,43,,,1,70,,64313,43,,,1,30,,64340,43,,,1,70,,64315,43,,,1,27,,64330,43,,,1,70,,64319,43,,,1,30,,64336,43,,,1
6200,'9',742,,64351,42,,,1,70,,64370,42,,,1,30,,64358,42,,,1,70,,64352,42,,,1,30,,64360,42,,,1,70,,64355,42,,,1,32,,64373,42,,,1,70,,64362,42,,,1,30,,64367,42,,,1,70,,64344,42,,,1,31,,64348,42,,,1,70,,64371,42,,,1,30,,64375,42,,,1,70,,64349,42,,,1,30,,64346,42,,,1,70,,64350,42,,,1,30,,64347,42,,,1,70,,64359,42,,,1,30,,64353,42,,,1,70,,64372,42,,,1,30,,64356,42,,,1,70,,64365,42,,,1,30,,64364,42,,,1,70,,64368,42,,,1,30,,64363,42,,,1,67,,64354,42,,,1,30,,64374,42,,,1,70,,64357,42,,,1,30,,64369,42,,,1,70,,64345,42,,,1,30,,64361,42,,,1,73,,64366,46,,,1
6301,'1',744,,65909,40,,,1,100,,65895,40,,,1,100,,65884,40,,,1,103,,65908,40,,,1,70,,65901,40,,,1,30,,65883,40,,,1,70,,65893,40,,,1,30,,65904,40,,,1,70,,65894,40,,,1,30,,65881,40,,,1,70,,65907,40,,,1,30,,65887,40,,,1,70,,65897,40,,,1,30,,65902,40,,,1,70,,65889,40,,,1,30,,65899,40,,,1,70,,65890,40,,,1,30,,65892,40,,,1,70,,65905,40,,,1,30,,65886,40,,,1,70,,65885,40,,,1,29,,65906,40,,,1,70,,65896,40,,,1,29,,65903,40,,,1,70,,65891,40,,,1,30,,65898,40,,,1,70,,65888,40,,,1,30,,65900,40,,,1,100,,65882,40,,,1
6301,'10',549,,65931,40,,,1,70,,65922,40,,,1,15,,65921,40,,,1,17,,65927,40,,,1,59,,65938,40,,,1,10,,65953,40,,,1,13,,65937,40,,,1,14,,65924,40,,,1,59,,65958,40,,,1,13,,65928,40,,,1,17,,65932,40,,,1,20,,65957,40,,,1,54,,65917,40,,,1,25,,65951,40,,,1,70,,65910,40,,,1,30,,65947,40,,,1,70,,65912,40,,,1,25,,65914,40,,,1,71,,65919,40,,,1,30,,65955,40,,,1,69,,65926,40,,,1,30,,65959,40,,,1,70,,65948,40,,,1,30,,65946,40,,,1,75,,65911,40,,,1,33,,65918,45,,,1,70,,65915,45,,,1,29,,65916,45,,,1,16,,65933,45,,,1,57,,65956,45,,,1,15,,65954,45,,,1,16,,65950,45,,,1,12,,65934,45,,,1,69,,65944,45,,,1,15,,65913,45,,,1,15,,65923,45,,,1,54,,65942,45,,,1,15,,65940,45,,,1,12,,65939,45,,,1,15,,65936,45,,,1,70,,65930,45,,,1,30,,65952,45,,,1,70,,65929,45,,,1,30,,65935,45,,,1,68,,65943,45,,,1,30,,65920,45,,,1,70,,65945,45,,,1,30,,65925,45,,,1,70,,65949,45,,,1,16,,65941,25,,,1
6301,'11',549,,65981,40,,,1,70,,65972,40,,,1,15,,65971,40,,,1,17,,65977,40,,,1,59,,65988,40,,,1,10,,66003,40,,,1,13,,65987,40,,,1,14,,65974,40,,,1,59,,66008,40,,,1,13,,65978,40,,,1,17,,65982,40,,,1,20,,66007,40,,,1,54,,65967,40,,,1,25,,66001,40,,,1,70,,65960,40,,,1,30,,65997,40,,,1,70,,65962,40,,,1,25,,65964,40,,,1,71,,65969,40,,,1,30,,66005,40,,,1,69,,65976,40,,,1,30,,66009,40,,,1,70,,65998,40,,,1,30,,65996,40,,,1,75,,65961,40,,,1,33,,65968,45,,,1,70,,65965,45,,,1,29,,65966,45,,,1,16,,65983,45,,,1,57,,66006,45,,,1,15,,66004,45,,,1,16,,66000,45,,,1,12,,65984,45,,,1,69,,65994,45,,,1,15,,65963,45,,,1,15,,65973,45,,,1,54,,65992,45,,,1,15,,65990,45,,,1,12,,65989,45,,,1,15,,65986,45,,,1,70,,65980,45,,,1,30,,66002,45,,,1,70,,65979,45,,,1,30,,65985,45,,,1,68,,65993,45,,,1,30,,65970,45,,,1,70,,65995,45,,,1,30,,65975,45,,,1,70,,65999,45,,,1,16,,65991,25,,,1
6301,'12',549,,66031,40,,,1,70,,66022,40,,,1,15,,66021,40,,,1,17,,66027,40,,,1,59,,66038,40,,,1,10,,66053,40,,,1,13,,66037,40,,,1,14,,66024,40,,,1,59,,66058,40,,,1,13,,66028,40,,,1,17,,66032,40,,,1,20,,66057,40,,,1,54,,66017,40,,,1,25,,66051,40,,,1,70,,66010,40,,,1,30,,66047,40,,,1,70,,66012,40,,,1,25,,66014,40,,,1,71,,66019,40,,,1,30,,66055,40,,,1,69,,66026,40,,,1,30,,66059,40,,,1,70,,66048,40,,,1,30,,66046,40,,,1,75,,66011,40,,,1,33,,66018,45,,,1,70,,66015,45,,,1,29,,66016,45,,,1,16,,66033,45,,,1,57,,66056,45,,,1,15,,66054,45,,,1,16,,66050,45,,,1,12,,66034,45,,,1,69,,66044,45,,,1,15,,66013,45,,,1,15,,66023,45,,,1,54,,66042,45,,,1,15,,66040,45,,,1,12,,66039,45,,,1,15,,66036,45,,,1,70,,66030,45,,,1,30,,66052,45,,,1,70,,66029,45,,,1,30,,66035,45,,,1,68,,66043,45,,,1,30,,66020,45,,,1,70,,66045,45,,,1,30,,66025,45,,,1,70,,66049,45,,,1,16,,66041,25,,,1
6301,'13',549,,66068,40,,,1,70,,66094,40,,,1,15,,66084,40,,,1,13,,66086,40,,,1,58,,66105,40,,,1,13,,66066,40,,,1,15,,66089,40,,,1,15,,66106,40,,,1,58,,66083,40,,,1,13,,66082,40,,,1,17,,66065,40,,,1,21,,66093,40,,,1,53,,66095,40,,,1,25,,66079,40,,,1,70,,66103,40,,,1,30,,66098,40,,,1,70,,66062,40,,,1,25,,66071,40,,,1,71,,66064,40,,,1,30,,66078,40,,,1,69,,66100,40,,,1,30,,66102,40,,,1,70,,66101,40,,,1,30,,66097,40,,,1,75,,66085,40,,,1,33,,66107,45,,,1,69,,66076,45,,,1,30,,66087,45,,,1,16,,66063,45,,,1,53,,66110,45,,,1,19,,66104,45,,,1,16,,66072,45,,,1,12,,66074,45,,,1,54,,66109,45,,,1,15,,66091,45,,,1,15,,66090,45,,,1,15,,66088,45,,,1,54,,66108,45,,,1,15,,66096,45,,,1,12,,66060,45,,,1,15,,66092,45,,,1,70,,66075,45,,,1,30,,66061,45,,,1,70,,66080,45,,,1,30,,66073,45,,,1,68,,66077,45,,,1,30,,66069,45,,,1,70,,66067,45,,,1,30,,66070,45,,,1,70,,66099,45,,,1,16,,66081,25,,,1
6301,'14',745,,66124,40,,,1,77,,66112,40,,,1,30,,66130,40,,,1,70,,66140,40,,,1,30,,66139,40,,,1,70,,66141,40,,,1,32,,66134,40,,,1,71,,66129,40,,,1,30,,66113,40,,,1,70,,66120,40,,,1,30,,66126,40,,,1,70,,66111,40,,,1,30,,66132,40,,,1,70,,66135,40,,,1,30,,66121,40,,,1,70,,66138,40,,,1,30,,66131,40,,,1,70,,66133,40,,,1,30,,66143,40,,,1,70,,66128,40,,,1,30,,66116,40,,,1,70,,66119,40,,,1,30,,66115,40,,,1,70,,66144,40,,,1,29,,66114,40,,,1,70,,66123,40,,,1,29,,66127,40,,,1,70,,66117,40,,,1,30,,66142,40,,,1,70,,66136,40,,,1,30,,66118,40,,,1,70,,66122,40,,,1,30,,66125,40,,,1,70,,66137,40,,,1
6301,'15',549,,66166,40,,,1,70,,66157,40,,,1,15,,66156,40,,,1,17,,66162,40,,,1,59,,66173,40,,,1,10,,66188,40,,,1,13,,66172,40,,,1,14,,66159,40,,,1,59,,66193,40,,,1,13,,66163,40,,,1,17,,66167,40,,,1,20,,66192,40,,,1,54,,66152,40,,,1,25,,66186,40,,,1,70,,66145,40,,,1,30,,66182,40,,,1,70,,66147,40,,,1,25,,66149,40,,,1,71,,66154,40,,,1,30,,66190,40,,,1,69,,66161,40,,,1,30,,66194,40,,,1,70,,66183,40,,,1,30,,66181,40,,,1,75,,66146,40,,,1,33,,66153,45,,,1,70,,66150,45,,,1,29,,66151,45,,,1,16,,66168,45,,,1,57,,66191,45,,,1,15,,66189,45,,,1,16,,66185,45,,,1,12,,66169,45,,,1,69,,66179,45,,,1,15,,66148,45,,,1,15,,66158,45,,,1,54,,66177,45,,,1,15,,66175,45,,,1,12,,66174,45,,,1,15,,66171,45,,,1,70,,66165,45,,,1,30,,66187,45,,,1,70,,66164,45,,,1,30,,66170,45,,,1,68,,66178,45,,,1,30,,66155,45,,,1,70,,66180,45,,,1,30,,66160,45,,,1,70,,66184,45,,,1,16,,66176,25,,,1
6301,'16',549,,66216,40,,,1,70,,66207,40,,,1,15,,66206,40,,,1,17,,66212,40,,,1,59,,66223,40,,,1,10,,66238,40,,,1,13,,66222,40,,,1,14,,66209,40,,,1,59,,66243,40,,,1,13,,66213,40,,,1,17,,66217,40,,,1,20,,66242,40,,,1,54,,66202,40,,,1,25,,66236,40,,,1,70,,66195,40,,,1,30,,66232,40,,,1,70,,66197,40,,,1,25,,66199,40,,,1,71,,66204,40,,,1,30,,66240,40,,,1,69,,66211,40,,,1,30,,66244,40,,,1,70,,66233,40,,,1,30,,66231,40,,,1,75,,66196,40,,,1,33,,66203,45,,,1,70,,66200,45,,,1,29,,66201,45,,,1,16,,66218,45,,,1,57,,66241,45,,,1,15,,66239,45,,,1,16,,66235,45,,,1,12,,66219,45,,,1,69,,66229,45,,,1,15,,66198,45,,,1,15,,66208,45,,,1,54,,66227,45,,,1,15,,66225,45,,,1,12,,66224,45,,,1,15,,66221,45,,,1,70,,66215,45,,,1,30,,66237,45,,,1,70,,66214,45,,,1,30,,66220,45,,,1,68,,66228,45,,,1,30,,66205,45,,,1,70,,66230,45,,,1,30,,66210,45,,,1,70,,66234,45,,,1,16,,66226,25,,,1
6301,'17',549,,66253,40,,,1,70,,66279,40,,,1,15,,66269,40,,,1,13,,66271,40,,,1,58,,66290,40,,,1,13,,66251,40,,,1,15,,66274,40,,,1,15,,66291,40,,,1,58,,66268,40,,,1,13,,66267,40,,,1,17,,66250,40,,,1,21,,66278,40,,,1,53,,66280,40,,,1,25,,66264,40,,,1,70,,66288,40,,,1,30,,66283,40,,,1,70,,66247,40,,,1,25,,66256,40,,,1,71,,66249,40,,,1,30,,66263,40,,,1,69,,66285,40,,,1,30,,66287,40,,,1,70,,66286,40,,,1,30,,66282,40,,,1,75,,66270,40,,,1,33,,66292,45,,,1,69,,66261,45,,,1,30,,66272,45,,,1,16,,66248,45,,,1,53,,66295,45,,,1,19,,66289,45,,,1,16,,66257,45,,,1,12,,66259,45,,,1,54,,66294,45,,,1,15,,66276,45,,,1,15,,66275,45,,,1,15,,66273,45,,,1,54,,66293,45,,,1,15,,66281,45,,,1,12,,66245,45,,,1,15,,66277,45,,,1,70,,66260,45,,,1,30,,66246,45,,,1,70,,66265,45,,,1,30,,66258,45,,,1,68,,66262,45,,,1,30,,66254,45,,,1,70,,66252,45,,,1,30,,66255,45,,,1,70,,66284,45,,,1,16,,66266,25,,,1
6301,'18',549,,66318,40,,,1,70,,66296,40,,,1,14,,66333,40,,,1,14,,66303,40,,,1,58,,66305,40,,,1,15,,66310,40,,,1,13,,66321,40,,,1,16,,66311,40,,,1,57,,66346,40,,,1,15,,66319,40,,,1,15,,66301,40,,,1,20,,66308,40,,,1,54,,66326,40,,,1,25,,66320,40,,,1,70,,66336,40,,,1,30,,66335,40,,,1,70,,66322,40,,,1,25,,66313,40,,,1,71,,66314,40,,,1,30,,66324,40,,,1,69,,66307,40,,,1,30,,66332,40,,,1,70,,66304,40,,,1,30,,66342,40,,,1,75,,66327,40,,,1,31,,66341,45,,,1,72,,66297,45,,,1,27,,66325,45,,,1,16,,66334,45,,,1,55,,66344,45,,,1,19,,66299,45,,,1,16,,66317,45,,,1,12,,66330,45,,,1,54,,66323,45,,,1,15,,66337,45,,,1,16,,66328,45,,,1,14,,66298,45,,,1,54,,66329,45,,,1,15,,66338,45,,,1,12,,66306,45,,,1,15,,66302,45,,,1,70,,66309,45,,,1,30,,66300,45,,,1,70,,66343,45,,,1,30,,66315,45,,,1,68,,66339,45,,,1,30,,66316,45,,,1,70,,66312,45,,,1,30,,66331,45,,,1,70,,66345,45,,,1,16,,66340,25,,,1
6301,'19',549,,66355,40,,,1,70,,66381,40,,,1,15,,66371,40,,,1,13,,66373,40,,,1,58,,66392,40,,,1,13,,66353,40,,,1,15,,66376,40,,,1,15,,66393,40,,,1,58,,66370,40,,,1,13,,66369,40,,,1,17,,66352,40,,,1,21,,66380,40,,,1,53,,66382,40,,,1,25,,66366,40,,,1,70,,66390,40,,,1,30,,66385,40,,,1,70,,66349,40,,,1,25,,66358,40,,,1,71,,66351,40,,,1,30,,66365,40,,,1,69,,66387,40,,,1,30,,66389,40,,,1,70,,66388,40,,,1,30,,66384,40,,,1,75,,66372,40,,,1,33,,66394,45,,,1,69,,66363,45,,,1,30,,66374,45,,,1,16,,66350,45,,,1,53,,66397,45,,,1,19,,66391,45,,,1,16,,66359,45,,,1,12,,66361,45,,,1,54,,66396,45,,,1,15,,66378,45,,,1,15,,66377,45,,,1,15,,66375,45,,,1,54,,66395,45,,,1,15,,66383,45,,,1,12,,66347,45,,,1,15,,66379,45,,,1,70,,66362,45,,,1,30,,66348,45,,,1,70,,66367,45,,,1,30,,66360,45,,,1,68,,66364,45,,,1,30,,66356,45,,,1,70,,66354,45,,,1,30,,66357,45,,,1,70,,66386,45,,,1,16,,66368,25,,,1
6301,'2',744,,66426,40,,,1,100,,66412,40,,,1,100,,66401,40,,,1,103,,66425,40,,,1,70,,66418,40,,,1,30,,66400,40,,,1,70,,66410,40,,,1,30,,66421,40,,,1,70,,66411,40,,,1,30,,66398,40,,,1,70,,66424,40,,,1,30,,66404,40,,,1,70,,66414,40,,,1,30,,66419,40,,,1,70,,66406,40,,,1,30,,66416,40,,,1,70,,66407,40,,,1,30,,66409,40,,,1,70,,66422,40,,,1,30,,66403,40,,,1,70,,66402,40,,,1,29,,66423,40,,,1,70,,66413,40,,,1,29,,66420,40,,,1,70,,66408,40,,,1,30,,66415,40,,,1,70,,66405,40,,,1,30,,66417,40,,,1,100,,66399,40,,,1
6301,'3',549,,66448,40,,,1,70,,66439,40,,,1,15,,66438,40,,,1,17,,66444,40,,,1,59,,66455,40,,,1,10,,66470,40,,,1,13,,66454,40,,,1,14,,66441,40,,,1,59,,66475,40,,,1,13,,66445,40,,,1,17,,66449,40,,,1,20,,66474,40,,,1,54,,66434,40,,,1,25,,66468,40,,,1,70,,66427,40,,,1,30,,66464,40,,,1,70,,66429,40,,,1,25,,66431,40,,,1,71,,66436,40,,,1,30,,66472,40,,,1,69,,66443,40,,,1,30,,66476,40,,,1,70,,66465,40,,,1,30,,66463,40,,,1,75,,66428,40,,,1,33,,66435,45,,,1,70,,66432,45,,,1,29,,66433,45,,,1,16,,66450,45,,,1,57,,66473,45,,,1,15,,66471,45,,,1,16,,66467,45,,,1,12,,66451,45,,,1,69,,66461,45,,,1,15,,66430,45,,,1,15,,66440,45,,,1,54,,66459,45,,,1,15,,66457,45,,,1,12,,66456,45,,,1,15,,66453,45,,,1,70,,66447,45,,,1,30,,66469,45,,,1,70,,66446,45,,,1,30,,66452,45,,,1,68,,66460,45,,,1,30,,66437,45,,,1,70,,66462,45,,,1,30,,66442,45,,,1,70,,66466,45,,,1,16,,66458,25,,,1
6301,'4',549,,66498,40,,,1,70,,66489,40,,,1,15,,66488,40,,,1,17,,66494,40,,,1,59,,66505,40,,,1,10,,66520,40,,,1,13,,66504,40,,,1,14,,66491,40,,,1,59,,66525,40,,,1,13,,66495,40,,,1,17,,66499,40,,,1,20,,66524,40,,,1,54,,66484,40,,,1,25,,66518,40,,,1,70,,66477,40,,,1,30,,66514,40,,,1,70,,66479,40,,,1,25,,66481,40,,,1,71,,66486,40,,,1,30,,66522,40,,,1,69,,66493,40,,,1,30,,66526,40,,,1,70,,66515,40,,,1,30,,66513,40,,,1,75,,66478,40,,,1,33,,66485,45,,,1,70,,66482,45,,,1,29,,66483,45,,,1,16,,66500,45,,,1,57,,66523,45,,,1,15,,66521,45,,,1,16,,66517,45,,,1,12,,66501,45,,,1,69,,66511,45,,,1,15,,66480,45,,,1,15,,66490,45,,,1,54,,66509,45,,,1,15,,66507,45,,,1,12,,66506,45,,,1,15,,66503,45,,,1,70,,66497,45,,,1,30,,66519,45,,,1,70,,66496,45,,,1,30,,66502,45,,,1,68,,66510,45,,,1,30,,66487,45,,,1,70,,66512,45,,,1,30,,66492,45,,,1,70,,66516,45,,,1,16,,66508,25,,,1
6301,'5',549,,66535,40,,,1,70,,66561,40,,,1,15,,66551,40,,,1,13,,66553,40,,,1,58,,66572,40,,,1,13,,66533,40,,,1,15,,66556,40,,,1,15,,66573,40,,,1,58,,66550,40,,,1,13,,66549,40,,,1,17,,66532,40,,,1,21,,66560,40,,,1,53,,66562,40,,,1,25,,66546,40,,,1,70,,66570,40,,,1,30,,66565,40,,,1,70,,66529,40,,,1,25,,66538,40,,,1,71,,66531,40,,,1,30,,66545,40,,,1,69,,66567,40,,,1,30,,66569,40,,,1,70,,66568,40,,,1,30,,66564,40,,,1,75,,66552,40,,,1,33,,66574,45,,,1,69,,66543,45,,,1,30,,66554,45,,,1,16,,66530,45,,,1,53,,66577,45,,,1,19,,66571,45,,,1,16,,66539,45,,,1,12,,66541,45,,,1,54,,66576,45,,,1,15,,66558,45,,,1,15,,66557,45,,,1,15,,66555,45,,,1,54,,66575,45,,,1,15,,66563,45,,,1,12,,66527,45,,,1,15,,66559,45,,,1,70,,66542,45,,,1,30,,66528,45,,,1,70,,66547,45,,,1,30,,66540,45,,,1,68,,66544,45,,,1,30,,66536,45,,,1,70,,66534,45,,,1,30,,66537,45,,,1,70,,66566,45,,,1,16,,66548,25,,,1
6301,'6',549,,66599,40,,,1,70,,66590,40,,,1,15,,66589,40,,,1,17,,66595,40,,,1,59,,66606,40,,,1,10,,66621,40,,,1,13,,66605,40,,,1,14,,66592,40,,,1,59,,66626,40,,,1,13,,66596,40,,,1,17,,66600,40,,,1,20,,66625,40,,,1,54,,66585,40,,,1,25,,66619,40,,,1,70,,66578,40,,,1,30,,66615,40,,,1,70,,66580,40,,,1,25,,66582,40,,,1,71,,66587,40,,,1,30,,66623,40,,,1,69,,66594,40,,,1,30,,66627,40,,,1,70,,66616,40,,,1,30,,66614,40,,,1,75,,66579,40,,,1,33,,66586,45,,,1,70,,66583,45,,,1,29,,66584,45,,,1,16,,66601,45,,,1,57,,66624,45,,,1,15,,66622,45,,,1,16,,66618,45,,,1,12,,66602,45,,,1,69,,66612,45,,,1,15,,66581,45,,,1,15,,66591,45,,,1,54,,66610,45,,,1,15,,66608,45,,,1,12,,66607,45,,,1,15,,66604,45,,,1,70,,66598,45,,,1,30,,66620,45,,,1,70,,66597,45,,,1,30,,66603,45,,,1,68,,66611,45,,,1,30,,66588,45,,,1,70,,66613,45,,,1,30,,66593,45,,,1,70,,66617,45,,,1,16,,66609,25,,,1
6301,'7',549,,66636,40,,,1,70,,66662,40,,,1,15,,66652,40,,,1,13,,66654,40,,,1,58,,66673,40,,,1,13,,66634,40,,,1,15,,66657,40,,,1,15,,66674,40,,,1,58,,66651,40,,,1,13,,66650,40,,,1,17,,66633,40,,,1,21,,66661,40,,,1,53,,66663,40,,,1,25,,66647,40,,,1,70,,66671,40,,,1,30,,66666,40,,,1,70,,66630,40,,,1,25,,66639,40,,,1,71,,66632,40,,,1,30,,66646,40,,,1,69,,66668,40,,,1,30,,66670,40,,,1,70,,66669,40,,,1,30,,66665,40,,,1,75,,66653,40,,,1,33,,66675,45,,,1,69,,66644,45,,,1,30,,66655,45,,,1,16,,66631,45,,,1,53,,66678,45,,,1,19,,66672,45,,,1,16,,66640,45,,,1,12,,66642,45,,,1,54,,66677,45,,,1,15,,66659,45,,,1,15,,66658,45,,,1,15,,66656,45,,,1,54,,66676,45,,,1,15,,66664,45,,,1,12,,66628,45,,,1,15,,66660,45,,,1,70,,66643,45,,,1,30,,66629,45,,,1,70,,66648,45,,,1,30,,66641,45,,,1,68,,66645,45,,,1,30,,66637,45,,,1,70,,66635,45,,,1,30,,66638,45,,,1,70,,66667,45,,,1,16,,66649,25,,,1
6301,'8',745,,66692,40,,,1,77,,66680,40,,,1,30,,66698,40,,,1,70,,66708,40,,,1,30,,66707,40,,,1,70,,66709,40,,,1,32,,66702,40,,,1,71,,66697,40,,,1,30,,66681,40,,,1,70,,66688,40,,,1,30,,66694,40,,,1,70,,66679,40,,,1,30,,66700,40,,,1,70,,66703,40,,,1,30,,66689,40,,,1,70,,66706,40,,,1,30,,66699,40,,,1,70,,66701,40,,,1,30,,66711,40,,,1,70,,66696,40,,,1,30,,66684,40,,,1,70,,66687,40,,,1,30,,66683,40,,,1,70,,66712,40,,,1,29,,66682,40,,,1,70,,66691,40,,,1,29,,66695,40,,,1,70,,66685,40,,,1,30,,66710,40,,,1,70,,66704,40,,,1,30,,66686,40,,,1,70,,66690,40,,,1,30,,66693,40,,,1,70,,66705,40,,,1
6301,'9',744,,66741,40,,,1,100,,66727,40,,,1,100,,66716,40,,,1,103,,66740,40,,,1,70,,66733,40,,,1,30,,66715,40,,,1,70,,66725,40,,,1,30,,66736,40,,,1,70,,66726,40,,,1,30,,66713,40,,,1,70,,66739,40,,,1,30,,66719,40,,,1,70,,66729,40,,,1,30,,66734,40,,,1,70,,66721,40,,,1,30,,66731,40,,,1,70,,66722,40,,,1,30,,66724,40,,,1,70,,66737,40,,,1,30,,66718,40,,,1,70,,66717,40,,,1,29,,66738,40,,,1,70,,66728,40,,,1,29,,66735,40,,,1,70,,66723,40,,,1,30,,66730,40,,,1,70,,66720,40,,,1,30,,66732,40,,,1,100,,66714,40,,,1
6600,'10',1431,,66746,22,,,1,72,,66744,22,,,1,28,,66750,22,,,1,72,,66748,22,,,1,32,,66747,22,,,1,67,,66749,22,,,1,30,,66743,22,,,1,93,,66742,22,,,1,27,,66745,22,,,1
6600,'11',1431,,66755,22,,,1,72,,66753,22,,,1,28,,66759,22,,,1,72,,66757,22,,,1,32,,66756,22,,,1,67,,66758,22,,,1,30,,66752,22,,,1,93,,66751,22,,,1,27,,66754,22,,,1
6600,'12',1431,,66764,22,,,1,72,,66762,22,,,1,28,,66768,22,,,1,72,,66766,22,,,1,32,,66765,22,,,1,67,,66767,22,,,1,30,,66761,22,,,1,93,,66760,22,,,1,27,,66763,22,,,1
6600,'13',1431,,66770,22,,,1,72,,66772,22,,,1,30,,66773,22,,,1,70,,66769,22,,,1,30,,66778,22,,,1,69,,66777,22,,,1,29,,66774,22,,,1,74,,66771,22,,,1,19,,66776,22,,,1,28,,66775,22,,,1
6600,'15',1431,,66783,22,,,1,72,,66781,22,,,1,28,,66787,22,,,1,72,,66785,22,,,1,32,,66784,22,,,1,67,,66786,22,,,1,30,,66780,22,,,1,93,,66779,22,,,1,27,,66782,22,,,1
6600,'16',1431,,66792,22,,,1,72,,66790,22,,,1,28,,66796,22,,,1,72,,66794,22,,,1,32,,66793,22,,,1,67,,66795,22,,,1,30,,66789,22,,,1,93,,66788,22,,,1,27,,66791,22,,,1
6600,'17',1431,,66798,22,,,1,72,,66800,22,,,1,30,,66801,22,,,1,70,,66797,22,,,1,30,,66806,22,,,1,69,,66805,22,,,1,29,,66802,22,,,1,74,,66799,22,,,1,19,,66804,22,,,1,28,,66803,22,,,1
6600,'18',1431,,66815,22,,,1,72,,66807,22,,,1,30,,66810,22,,,1,68,,66813,22,,,1,31,,66811,22,,,1,70,,66808,22,,,1,28,,66814,22,,,1,75,,66809,22,,,1,19,,66816,22,,,1,28,,66812,22,,,1
6600,'19',1431,,66818,22,,,1,72,,66820,22,,,1,30,,66821,22,,,1,70,,66817,22,,,1,30,,66826,22,,,1,69,,66825,22,,,1,29,,66822,22,,,1,74,,66819,22,,,1,19,,66824,22,,,1,28,,66823,22,,,1
6600,'3',1431,,66831,22,,,1,72,,66829,22,,,1,28,,66835,22,,,1,72,,66833,22,,,1,32,,66832,22,,,1,67,,66834,22,,,1,30,,66828,22,,,1,93,,66827,22,,,1,27,,66830,22,,,1
6600,'4',1431,,66840,22,,,1,72,,66838,22,,,1,28,,66844,22,,,1,72,,66842,22,,,1,32,,66841,22,,,1,67,,66843,22,,,1,30,,66837,22,,,1,93,,66836,22,,,1,27,,66839,22,,,1
6600,'5',1431,,66846,22,,,1,72,,66848,22,,,1,30,,66849,22,,,1,70,,66845,22,,,1,30,,66854,22,,,1,69,,66853,22,,,1,29,,66850,22,,,1,74,,66847,22,,,1,19,,66852,22,,,1,28,,66851,22,,,1
6600,'6',1431,,66859,22,,,1,72,,66857,22,,,1,28,,66863,22,,,1,72,,66861,22,,,1,32,,66860,22,,,1,67,,66862,22,,,1,30,,66856,22,,,1,93,,66855,22,,,1,27,,66858,22,,,1
6600,'7',1431,,66865,22,,,1,72,,66867,22,,,1,30,,66868,22,,,1,70,,66864,22,,,1,30,,66873,22,,,1,69,,66872,22,,,1,29,,66869,22,,,1,74,,66866,22,,,1,19,,66871,22,,,1,28,,66870,22,,,1
6700,'10',620,,67041,27,,,1,81,,67029,27,,,1,33,,67032,27,,,1,66,,67030,27,,,1,31,,67039,27,,,1,70,,67024,27,,,1
6700,'11',620,,67073,27,,,1,81,,67061,27,,,1,33,,67064,27,,,1,66,,67062,27,,,1,31,,67071,27,,,1,70,,67056,27,,,1
6700,'12',620,,67105,27,,,1,81,,67093,27,,,1,33,,67096,27,,,1,66,,67094,27,,,1,31,,67103,27,,,1,70,,67088,27,,,1
6700,'13',620,,67144,27,,,1,81,,67137,27,,,1,31,,67123,27,,,1,68,,67140,27,,,1,31,,67122,27,,,1,71,,67128,27,,,1
6700,'15',620,,67192,27,,,1,81,,67180,27,,,1,33,,67183,27,,,1,66,,67181,27,,,1,31,,67190,27,,,1,70,,67175,27,,,1
6700,'16',620,,67224,27,,,1,81,,67212,27,,,1,33,,67215,27,,,1,66,,67213,27,,,1,31,,67222,27,,,1,70,,67207,27,,,1
6700,'17',620,,67263,27,,,1,81,,67256,27,,,1,31,,67242,27,,,1,68,,67259,27,,,1,31,,67241,27,,,1,71,,67247,27,,,1
6700,'18',620,,67295,27,,,1,80,,67269,27,,,1,31,,67282,27,,,1,69,,67290,27,,,1,31,,67293,27,,,1,72,,67266,27,,,1
6700,'19',620,,67325,27,,,1,81,,67318,27,,,1,31,,67304,27,,,1,68,,67321,27,,,1,31,,67303,27,,,1,71,,67309,27,,,1
6700,'3',620,,67369,27,,,1,81,,67357,27,,,1,33,,67360,27,,,1,66,,67358,27,,,1,31,,67367,27,,,1,70,,67352,27,,,1
6700,'4',620,,67401,27,,,1,81,,67389,27,,,1,33,,67392,27,,,1,66,,67390,27,,,1,31,,67399,27,,,1,70,,67384,27,,,1
6700,'5',620,,67440,27,,,1,81,,67433,27,,,1,31,,67419,27,,,1,68,,67436,27,,,1,31,,67418,27,,,1,71,,67424,27,,,1
6700,'6',620,,67464,27,,,1,81,,67452,27,,,1,33,,67455,27,,,1,66,,67453,27,,,1,31,,67462,27,,,1,70,,67447,27,,,1
6700,'7',620,,67503,27,,,1,81,,67496,27,,,1,31,,67482,27,,,1,68,,67499,27,,,1,31,,67481,27,,,1,71,,67487,27,,,1
8800,'1',556,,88795,3,,,1,70,,88797,3,,,1,30,,88777,3,,,1,70,,88794,3,,,1,30,,88780,3,,,1,70,,88813,3,,,1,30,,88793,3,,,1,70,,88798,3,,,1,30,,88819,3,,,1,70,,88778,3,,,1,30,,88785,3,,,1,62,,88800,3,,,1,20,,88791,3,,,1,20,,88817,3,,,1,60,,88792,3,,,1,20,,88781,3,,,1,20,,88803,3,,,1,60,,88788,3,,,1,20,,88814,3,,,1,20,,88787,3,,,1,60,,88804,3,,,1,20,,88809,3,,,1,20,,88815,3,,,1,60,,88811,3,,,1,20,,88783,3,,,1,20,,88796,3,,,1,60,,88782,3,,,1,20,,88805,3,,,1,20,,88806,3,,,1,60,,88779,3,,,1,21,,88818,3,,,1,70,,88810,3,,,1,30,,88812,3,,,1,70,,88790,3,,,1,30,,88808,3,,,1,70,,88807,3,,,1,30,,88802,3,,,1,70,,88801,3,,,1,30,,88816,3,,,1,70,,88784,3,,,1,30,,88799,3,,,1,70,,88786,3,,,1,30,,88789,3,,,1
8800,'10',419,,88821,3,,,1,30,,88865,3,,,1,70,,88826,3,,,1,28,,88875,3,,,1,10,,88825,3,,,1,51,,88873,3,,,1,9,,88877,3,,,1,10,,88853,3,,,1,11,,88847,3,,,1,10,,88869,3,,,1,10,,88891,3,,,1,51,,88909,3,,,1,7,,88885,18,0,63,1,3,,88870,3,,,1,10,,88850,3,,,1,10,,88848,3,,,1,11,,88842,3,,,1,9,,88881,3,,,1,52,,88849,3,,,1,15,,88859,3,,,1,15,,88854,3,,,1,14,,88864,3,,,1,55,,88880,3,,,1,30,,88872,3,,,1,70,,88867,3,,,1,30,,88895,3,,,1,70,,88862,3,,,1,30,,88878,3,,,1,70,,88871,3,,,1,30,,88887,3,,,1,70,,88843,3,,,1,30,,88829,3,,,1,70,,88845,3,,,1,29,,88866,3,,,1,71,,88888,3,,,1,12,,88827,3,,,1,10,,88903,3,,,1,8,,88852,3,,,1,10,,88900,3,,,1,50,,88836,3,,,1,20,,88851,3,,,1,10,,88876,3,,,1,20,,88874,3,,,1,50,,88898,3,,,1,10,,88890,3,,,1,10,,88840,3,,,1,10,,88831,3,,,1,10,,88907,3,,,1,10,,88902,3,,,1,50,,88894,3,,,1,15,,88863,3,,,1,15,,88896,3,,,1,70,,88861,3,,,1,30,,88835,3,,,1,70,,88908,3,,,1,29,,88855,3,,,1,15,,88838,3,,,1,60,,88883,3,,,1,20,,88846,3,,,1,20,,88841,3,,,1,60,,88837,3,,,1,20,,88882,3,,,1,20,,88905,3,,,1,70,,88897,3,,,1,30,,88830,3,,,1,70,,88879,3,,,1,30,,88856,3,,,1
8800,'11',419,,88911,3,,,1,30,,88955,3,,,1,70,,88916,3,,,1,28,,88965,3,,,1,10,,88915,3,,,1,51,,88963,3,,,1,9,,88967,3,,,1,10,,88943,3,,,1,11,,88937,3,,,1,10,,88959,3,,,1,10,,88981,3,,,1,51,,88999,3,,,1,7,,88975,18,0,63,1,3,,88960,3,,,1,10,,88940,3,,,1,10,,88938,3,,,1,11,,88932,3,,,1,9,,88971,3,,,1,52,,88939,3,,,1,15,,88949,3,,,1,15,,88944,3,,,1,14,,88954,3,,,1,55,,88970,3,,,1,30,,88962,3,,,1,70,,88957,3,,,1,30,,88985,3,,,1,70,,88952,3,,,1,30,,88968,3,,,1,70,,88961,3,,,1,30,,88977,3,,,1,70,,88933,3,,,1,30,,88919,3,,,1,70,,88935,3,,,1,29,,88956,3,,,1,71,,88978,3,,,1,12,,88917,3,,,1,10,,88993,3,,,1,8,,88942,3,,,1,10,,88990,3,,,1,50,,88926,3,,,1,20,,88941,3,,,1,10,,88966,3,,,1,20,,88964,3,,,1,50,,88988,3,,,1,10,,88980,3,,,1,10,,88930,3,,,1,10,,88921,3,,,1,10,,88997,3,,,1,10,,88992,3,,,1,50,,88984,3,,,1,15,,88953,3,,,1,15,,88986,3,,,1,70,,88951,3,,,1,30,,88925,3,,,1,70,,88998,3,,,1,29,,88945,3,,,1,15,,88928,3,,,1,60,,88973,3,,,1,20,,88936,3,,,1,20,,88931,3,,,1,60,,88927,3,,,1,20,,88972,3,,,1,20,,88995,3,,,1,70,,88987,3,,,1,30,,88920,3,,,1,70,,88969,3,,,1,30,,88946,3,,,1
8800,'12',419,,89001,3,,,1,30,,89045,3,,,1,70,,89006,3,,,1,28,,89055,3,,,1,10,,89005,3,,,1,51,,89053,3,,,1,9,,89057,3,,,1,10,,89033,3,,,1,11,,89027,3,,,1,10,,89049,3,,,1,10,,89071,3,,,1,51,,89089,3,,,1,7,,89065,18,0,63,1,3,,89050,3,,,1,10,,89030,3,,,1,10,,89028,3,,,1,11,,89022,3,,,1,9,,89061,3,,,1,52,,89029,3,,,1,15,,89039,3,,,1,15,,89034,3,,,1,14,,89044,3,,,1,55,,89060,3,,,1,30,,89052,3,,,1,70,,89047,3,,,1,30,,89075,3,,,1,70,,89042,3,,,1,30,,89058,3,,,1,70,,89051,3,,,1,30,,89067,3,,,1,70,,89023,3,,,1,30,,89009,3,,,1,70,,89025,3,,,1,29,,89046,3,,,1,71,,89068,3,,,1,12,,89007,3,,,1,10,,89083,3,,,1,8,,89032,3,,,1,10,,89080,3,,,1,50,,89016,3,,,1,20,,89031,3,,,1,10,,89056,3,,,1,20,,89054,3,,,1,50,,89078,3,,,1,10,,89070,3,,,1,10,,89020,3,,,1,10,,89011,3,,,1,10,,89087,3,,,1,10,,89082,3,,,1,50,,89074,3,,,1,15,,89043,3,,,1,15,,89076,3,,,1,70,,89041,3,,,1,30,,89015,3,,,1,70,,89088,3,,,1,29,,89035,3,,,1,15,,89018,3,,,1,60,,89063,3,,,1,20,,89026,3,,,1,20,,89021,3,,,1,60,,89017,3,,,1,20,,89062,3,,,1,20,,89085,3,,,1,70,,89077,3,,,1,30,,89010,3,,,1,70,,89059,3,,,1,30,,89036,3,,,1
8800,'13',419,,89115,3,,,1,30,,89123,3,,,1,70,,89158,3,,,1,28,,89129,3,,,1,10,,89105,3,,,1,51,,89117,3,,,1,9,,89178,3,,,1,10,,89166,3,,,1,11,,89108,3,,,1,10,,89134,3,,,1,10,,89153,3,,,1,49,,89165,3,,,1,12,,89139,3,,,1,10,,89157,3,,,1,10,,89170,3,,,1,11,,89155,3,,,1,50,,89181,3,,,1,11,,89111,3,,,1,14,,89172,3,,,1,16,,89141,3,,,1,14,,89120,3,,,1,55,,89176,3,,,1,30,,89112,3,,,1,70,,89114,3,,,1,30,,89110,3,,,1,70,,89135,3,,,1,30,,89169,3,,,1,70,,89179,3,,,1,30,,89127,3,,,1,70,,89174,3,,,1,30,,89150,3,,,1,70,,89119,3,,,1,30,,89103,3,,,1,70,,89099,3,,,1,10,,89146,3,,,1,10,,89162,3,,,1,9,,89151,3,,,1,11,,89100,3,,,1,50,,89136,3,,,1,8,,89177,3,,,1,10,,89147,3,,,1,12,,89138,3,,,1,10,,89095,3,,,1,10,,89106,3,,,1,50,,89130,3,,,1,11,,89173,3,,,1,9,,89124,3,,,1,12,,89092,3,,,1,8,,89149,3,,,1,10,,89128,3,,,1,50,,89171,3,,,1,15,,89148,3,,,1,15,,89137,3,,,1,70,,89093,3,,,1,30,,89159,3,,,1,70,,89107,3,,,1,29,,89154,3,,,1,15,,89125,3,,,1,60,,89142,3,,,1,20,,89152,3,,,1,20,,89131,3,,,1,60,,89098,3,,,1,20,,89096,3,,,1,20,,89097,3,,,1,70,,89140,3,,,1,30,,89113,3,,,1,70,,89180,3,,,1,30,,89091,3,,,1
8800,'14',505,,89225,3,,,1,28,,89211,3,,,1,70,,89206,3,,,1,30,,89214,3,,,1,70,,89229,3,,,1,30,,89192,3,,,1,70,,89217,3,,,1,30,,89243,3,,,1,70,,89208,3,,,1,32,,89227,3,,,1,72,,89216,3,,,1,30,,89199,3,,,1,71,,89220,3,,,1,30,,89205,3,,,1,71,,89210,3,,,1,32,,89184,3,,,1,70,,89244,3,,,1,30,,89198,3,,,1,70,,89239,3,,,1,30,,89233,3,,,1,70,,89194,3,,,1,30,,89240,3,,,1,70,,89235,3,,,1,30,,89202,3,,,1,70,,89188,3,,,1,30,,89190,3,,,1,70,,89224,3,,,1,30,,89242,3,,,1,70,,89186,3,,,1,30,,89189,3,,,1,70,,89237,3,,,1,30,,89195,3,,,1,70,,89183,3,,,1,30,,89219,3,,,1,70,,89197,3,,,1,30,,89187,3,,,1,70,,89185,3,,,1,30,,89207,3,,,1,70,,89193,3,,,1,41,,89241,3,,,1
8800,'15',419,,89246,3,,,1,30,,89290,3,,,1,70,,89251,3,,,1,28,,89300,3,,,1,10,,89250,3,,,1,51,,89298,3,,,1,9,,89302,3,,,1,10,,89278,3,,,1,11,,89272,3,,,1,10,,89294,3,,,1,10,,89316,3,,,1,51,,89334,3,,,1,7,,89310,18,0,63,1,3,,89295,3,,,1,10,,89275,3,,,1,10,,89273,3,,,1,11,,89267,3,,,1,9,,89306,3,,,1,52,,89274,3,,,1,15,,89284,3,,,1,15,,89279,3,,,1,14,,89289,3,,,1,55,,89305,3,,,1,30,,89297,3,,,1,70,,89292,3,,,1,30,,89320,3,,,1,70,,89287,3,,,1,30,,89303,3,,,1,70,,89296,3,,,1,30,,89312,3,,,1,70,,89268,3,,,1,30,,89254,3,,,1,70,,89270,3,,,1,29,,89291,3,,,1,71,,89313,3,,,1,12,,89252,3,,,1,10,,89328,3,,,1,8,,89277,3,,,1,10,,89325,3,,,1,50,,89261,3,,,1,20,,89276,3,,,1,10,,89301,3,,,1,20,,89299,3,,,1,50,,89323,3,,,1,10,,89315,3,,,1,10,,89265,3,,,1,10,,89256,3,,,1,10,,89332,3,,,1,10,,89327,3,,,1,50,,89319,3,,,1,15,,89288,3,,,1,15,,89321,3,,,1,70,,89286,3,,,1,30,,89260,3,,,1,70,,89333,3,,,1,29,,89280,3,,,1,15,,89263,3,,,1,60,,89308,3,,,1,20,,89271,3,,,1,20,,89266,3,,,1,60,,89262,3,,,1,20,,89307,3,,,1,20,,89330,3,,,1,70,,89322,3,,,1,30,,89255,3,,,1,70,,89304,3,,,1,30,,89281,3,,,1
8800,'16',419,,89336,3,,,1,30,,89380,3,,,1,70,,89341,3,,,1,28,,89390,3,,,1,10,,89340,3,,,1,51,,89388,3,,,1,9,,89392,3,,,1,10,,89368,3,,,1,11,,89362,3,,,1,10,,89384,3,,,1,10,,89406,3,,,1,51,,89424,3,,,1,7,,89400,18,0,63,1,3,,89385,3,,,1,10,,89365,3,,,1,10,,89363,3,,,1,11,,89357,3,,,1,9,,89396,3,,,1,52,,89364,3,,,1,15,,89374,3,,,1,15,,89369,3,,,1,14,,89379,3,,,1,55,,89395,3,,,1,30,,89387,3,,,1,70,,89382,3,,,1,30,,89410,3,,,1,70,,89377,3,,,1,30,,89393,3,,,1,70,,89386,3,,,1,30,,89402,3,,,1,70,,89358,3,,,1,30,,89344,3,,,1,70,,89360,3,,,1,29,,89381,3,,,1,71,,89403,3,,,1,12,,89342,3,,,1,10,,89418,3,,,1,8,,89367,3,,,1,10,,89415,3,,,1,50,,89351,3,,,1,20,,89366,3,,,1,10,,89391,3,,,1,20,,89389,3,,,1,50,,89413,3,,,1,10,,89405,3,,,1,10,,89355,3,,,1,10,,89346,3,,,1,10,,89422,3,,,1,10,,89417,3,,,1,50,,89409,3,,,1,15,,89378,3,,,1,15,,89411,3,,,1,70,,89376,3,,,1,30,,89350,3,,,1,70,,89423,3,,,1,29,,89370,3,,,1,15,,89353,3,,,1,60,,89398,3,,,1,20,,89361,3,,,1,20,,89356,3,,,1,60,,89352,3,,,1,20,,89397,3,,,1,20,,89420,3,,,1,70,,89412,3,,,1,30,,89345,3,,,1,70,,89394,3,,,1,30,,89371,3,,,1
8800,'17',419,,89450,3,,,1,30,,89458,3,,,1,70,,89493,3,,,1,28,,89464,3,,,1,10,,89440,3,,,1,51,,89452,3,,,1,9,,89513,3,,,1,10,,89501,3,,,1,11,,89443,3,,,1,10,,89469,3,,,1,10,,89488,3,,,1,49,,89500,3,,,1,12,,89474,3,,,1,10,,89492,3,,,1,10,,89505,3,,,1,11,,89490,3,,,1,50,,89516,3,,,1,11,,89446,3,,,1,14,,89507,3,,,1,16,,89476,3,,,1,14,,89455,3,,,1,55,,89511,3,,,1,30,,89447,3,,,1,70,,89449,3,,,1,30,,89445,3,,,1,70,,89470,3,,,1,30,,89504,3,,,1,70,,89514,3,,,1,30,,89462,3,,,1,70,,89509,3,,,1,30,,89485,3,,,1,70,,89454,3,,,1,30,,89438,3,,,1,70,,89434,3,,,1,10,,89481,3,,,1,10,,89497,3,,,1,9,,89486,3,,,1,11,,89435,3,,,1,50,,89471,3,,,1,8,,89512,3,,,1,10,,89482,3,,,1,12,,89473,3,,,1,10,,89430,3,,,1,10,,89441,3,,,1,50,,89465,3,,,1,11,,89508,3,,,1,9,,89459,3,,,1,12,,89427,3,,,1,8,,89484,3,,,1,10,,89463,3,,,1,50,,89506,3,,,1,15,,89483,3,,,1,15,,89472,3,,,1,70,,89428,3,,,1,30,,89494,3,,,1,70,,89442,3,,,1,29,,89489,3,,,1,15,,89460,3,,,1,60,,89477,3,,,1,20,,89487,3,,,1,20,,89466,3,,,1,60,,89433,3,,,1,20,,89431,3,,,1,20,,89432,3,,,1,70,,89475,3,,,1,30,,89448,3,,,1,70,,89515,3,,,1,30,,89426,3,,,1
8800,'18',419,,89581,3,,,1,30,,89574,3,,,1,70,,89530,3,,,1,28,,89545,3,,,1,10,,89569,3,,,1,51,,89526,3,,,1,9,,89556,3,,,1,10,,89576,3,,,1,11,,89564,3,,,1,10,,89590,3,,,1,10,,89599,3,,,1,49,,89587,3,,,1,12,,89582,3,,,1,10,,89588,3,,,1,10,,89596,3,,,1,11,,89537,3,,,1,52,,89583,3,,,1,9,,89602,3,,,1,15,,89579,3,,,1,15,,89605,3,,,1,14,,89538,3,,,1,55,,89546,3,,,1,30,,89544,3,,,1,70,,89597,3,,,1,30,,89607,3,,,1,70,,89577,3,,,1,30,,89529,3,,,1,70,,89551,3,,,1,30,,89586,3,,,1,70,,89592,3,,,1,30,,89522,3,,,1,70,,89580,3,,,1,28,,89559,3,,,1,74,,89567,3,,,1,10,,89523,3,,,1,10,,89535,3,,,1,8,,89555,3,,,1,10,,89542,3,,,1,50,,89539,3,,,1,10,,89593,3,,,1,10,,89549,3,,,1,10,,89536,3,,,1,10,,89532,3,,,1,10,,89585,3,,,1,50,,89608,3,,,1,10,,89527,3,,,1,11,,89578,3,,,1,11,,89533,3,,,1,8,,89566,3,,,1,10,,89528,3,,,1,50,,89543,3,,,1,15,,89572,3,,,1,15,,89571,3,,,1,70,,89550,3,,,1,30,,89610,3,,,1,70,,89548,3,,,1,29,,89595,3,,,1,15,,89540,3,,,1,60,,89561,3,,,1,20,,89589,3,,,1,20,,89568,3,,,1,60,,89553,3,,,1,20,,89600,3,,,1,20,,89557,3,,,1,70,,89524,3,,,1,30,,89562,3,,,1,70,,89518,3,,,1,30,,89563,3,,,1
8800,'19',419,,89636,3,,,1,30,,89644,3,,,1,70,,89679,3,,,1,28,,89650,3,,,1,10,,89626,3,,,1,51,,89638,3,,,1,9,,89699,3,,,1,10,,89687,3,,,1,11,,89629,3,,,1,10,,89655,3,,,1,10,,89674,3,,,1,49,,89686,3,,,1,12,,89660,3,,,1,10,,89678,3,,,1,10,,89691,3,,,1,11,,89676,3,,,1,50,,89702,3,,,1,11,,89632,3,,,1,14,,89693,3,,,1,16,,89662,3,,,1,14,,89641,3,,,1,55,,89697,3,,,1,30,,89633,3,,,1,70,,89635,3,,,1,30,,89631,3,,,1,70,,89656,3,,,1,30,,89690,3,,,1,70,,89700,3,,,1,30,,89648,3,,,1,70,,89695,3,,,1,30,,89671,3,,,1,70,,89640,3,,,1,30,,89624,3,,,1,70,,89620,3,,,1,10,,89667,3,,,1,10,,89683,3,,,1,9,,89672,3,,,1,11,,89621,3,,,1,50,,89657,3,,,1,8,,89698,3,,,1,10,,89668,3,,,1,12,,89659,3,,,1,10,,89616,3,,,1,10,,89627,3,,,1,50,,89651,3,,,1,11,,89694,3,,,1,9,,89645,3,,,1,12,,89613,3,,,1,8,,89670,3,,,1,10,,89649,3,,,1,50,,89692,3,,,1,15,,89669,3,,,1,15,,89658,3,,,1,70,,89614,3,,,1,30,,89680,3,,,1,70,,89628,3,,,1,29,,89675,3,,,1,15,,89646,3,,,1,60,,89663,3,,,1,20,,89673,3,,,1,20,,89652,3,,,1,60,,89619,3,,,1,20,,89617,3,,,1,20,,89618,3,,,1,70,,89661,3,,,1,30,,89634,3,,,1,70,,89701,3,,,1,30,,89612,3,,,1
8800,'2',556,,89722,3,,,1,70,,89724,3,,,1,30,,89704,3,,,1,70,,89721,3,,,1,30,,89707,3,,,1,70,,89740,3,,,1,30,,89720,3,,,1,70,,89725,3,,,1,30,,89746,3,,,1,70,,89705,3,,,1,30,,89712,3,,,1,62,,89727,3,,,1,20,,89718,3,,,1,20,,89744,3,,,1,60,,89719,3,,,1,20,,89708,3,,,1,20,,89730,3,,,1,60,,89715,3,,,1,20,,89741,3,,,1,20,,89714,3,,,1,60,,89731,3,,,1,20,,89736,3,,,1,20,,89742,3,,,1,60,,89738,3,,,1,20,,89710,3,,,1,20,,89723,3,,,1,60,,89709,3,,,1,20,,89732,3,,,1,20,,89733,3,,,1,60,,89706,3,,,1,21,,89745,3,,,1,70,,89737,3,,,1,30,,89739,3,,,1,70,,89717,3,,,1,30,,89735,3,,,1,70,,89734,3,,,1,30,,89729,3,,,1,70,,89728,3,,,1,30,,89743,3,,,1,70,,89711,3,,,1,30,,89726,3,,,1,70,,89713,3,,,1,30,,89716,3,,,1
8800,'3',419,,89748,3,,,1,30,,89792,3,,,1,70,,89753,3,,,1,28,,89802,3,,,1,10,,89752,3,,,1,51,,89800,3,,,1,9,,89804,3,,,1,10,,89780,3,,,1,11,,89774,3,,,1,10,,89796,3,,,1,10,,89818,3,,,1,51,,89836,3,,,1,7,,89812,18,0,63,1,3,,89797,3,,,1,10,,89777,3,,,1,10,,89775,3,,,1,11,,89769,3,,,1,9,,89808,3,,,1,52,,89776,3,,,1,15,,89786,3,,,1,15,,89781,3,,,1,14,,89791,3,,,1,55,,89807,3,,,1,30,,89799,3,,,1,70,,89794,3,,,1,30,,89822,3,,,1,70,,89789,3,,,1,30,,89805,3,,,1,70,,89798,3,,,1,30,,89814,3,,,1,70,,89770,3,,,1,30,,89756,3,,,1,70,,89772,3,,,1,29,,89793,3,,,1,71,,89815,3,,,1,12,,89754,3,,,1,10,,89830,3,,,1,8,,89779,3,,,1,10,,89827,3,,,1,50,,89763,3,,,1,20,,89778,3,,,1,10,,89803,3,,,1,20,,89801,3,,,1,50,,89825,3,,,1,10,,89817,3,,,1,10,,89767,3,,,1,10,,89758,3,,,1,10,,89834,3,,,1,10,,89829,3,,,1,50,,89821,3,,,1,15,,89790,3,,,1,15,,89823,3,,,1,70,,89788,3,,,1,30,,89762,3,,,1,70,,89835,3,,,1,29,,89782,3,,,1,15,,89765,3,,,1,60,,89810,3,,,1,20,,89773,3,,,1,20,,89768,3,,,1,60,,89764,3,,,1,20,,89809,3,,,1,20,,89832,3,,,1,70,,89824,3,,,1,30,,89757,3,,,1,70,,89806,3,,,1,30,,89783,3,,,1
8800,'4',419,,89838,3,,,1,30,,89882,3,,,1,70,,89843,3,,,1,28,,89892,3,,,1,10,,89842,3,,,1,51,,89890,3,,,1,9,,89894,3,,,1,10,,89870,3,,,1,11,,89864,3,,,1,10,,89886,3,,,1,10,,89908,3,,,1,51,,89926,3,,,1,7,,89902,18,0,63,1,3,,89887,3,,,1,10,,89867,3,,,1,10,,89865,3,,,1,11,,89859,3,,,1,9,,89898,3,,,1,52,,89866,3,,,1,15,,89876,3,,,1,15,,89871,3,,,1,14,,89881,3,,,1,55,,89897,3,,,1,30,,89889,3,,,1,70,,89884,3,,,1,30,,89912,3,,,1,70,,89879,3,,,1,30,,89895,3,,,1,70,,89888,3,,,1,30,,89904,3,,,1,70,,89860,3,,,1,30,,89846,3,,,1,70,,89862,3,,,1,29,,89883,3,,,1,71,,89905,3,,,1,12,,89844,3,,,1,10,,89920,3,,,1,8,,89869,3,,,1,10,,89917,3,,,1,50,,89853,3,,,1,20,,89868,3,,,1,10,,89893,3,,,1,20,,89891,3,,,1,50,,89915,3,,,1,10,,89907,3,,,1,10,,89857,3,,,1,10,,89848,3,,,1,10,,89924,3,,,1,10,,89919,3,,,1,50,,89911,3,,,1,15,,89880,3,,,1,15,,89913,3,,,1,70,,89878,3,,,1,30,,89852,3,,,1,70,,89925,3,,,1,29,,89872,3,,,1,15,,89855,3,,,1,60,,89900,3,,,1,20,,89863,3,,,1,20,,89858,3,,,1,60,,89854,3,,,1,20,,89899,3,,,1,20,,89922,3,,,1,70,,89914,3,,,1,30,,89847,3,,,1,70,,89896,3,,,1,30,,89873,3,,,1
8800,'5',419,,89952,3,,,1,30,,89960,3,,,1,70,,89995,3,,,1,28,,89966,3,,,1,10,,89942,3,,,1,51,,89954,3,,,1,9,,90015,3,,,1,10,,90003,3,,,1,11,,89945,3,,,1,10,,89971,3,,,1,10,,89990,3,,,1,49,,90002,3,,,1,12,,89976,3,,,1,10,,89994,3,,,1,10,,90007,3,,,1,11,,89992,3,,,1,50,,90018,3,,,1,11,,89948,3,,,1,14,,90009,3,,,1,16,,89978,3,,,1,14,,89957,3,,,1,55,,90013,3,,,1,30,,89949,3,,,1,70,,89951,3,,,1,30,,89947,3,,,1,70,,89972,3,,,1,30,,90006,3,,,1,70,,90016,3,,,1,30,,89964,3,,,1,70,,90011,3,,,1,30,,89987,3,,,1,70,,89956,3,,,1,30,,89940,3,,,1,70,,89936,3,,,1,10,,89983,3,,,1,10,,89999,3,,,1,9,,89988,3,,,1,11,,89937,3,,,1,50,,89973,3,,,1,8,,90014,3,,,1,10,,89984,3,,,1,12,,89975,3,,,1,10,,89932,3,,,1,10,,89943,3,,,1,50,,89967,3,,,1,11,,90010,3,,,1,9,,89961,3,,,1,12,,89929,3,,,1,8,,89986,3,,,1,10,,89965,3,,,1,50,,90008,3,,,1,15,,89985,3,,,1,15,,89974,3,,,1,70,,89930,3,,,1,30,,89996,3,,,1,70,,89944,3,,,1,29,,89991,3,,,1,15,,89962,3,,,1,60,,89979,3,,,1,20,,89989,3,,,1,20,,89968,3,,,1,60,,89935,3,,,1,20,,89933,3,,,1,20,,89934,3,,,1,70,,89977,3,,,1,30,,89950,3,,,1,70,,90017,3,,,1,30,,89928,3,,,1
8800,'6',419,,90021,3,,,1,30,,90065,3,,,1,70,,90026,3,,,1,28,,90075,3,,,1,10,,90025,3,,,1,51,,90073,3,,,1,9,,90077,3,,,1,10,,90053,3,,,1,11,,90047,3,,,1,10,,90069,3,,,1,10,,90091,3,,,1,51,,90109,3,,,1,7,,90085,18,0,63,1,3,,90070,3,,,1,10,,90050,3,,,1,10,,90048,3,,,1,11,,90042,3,,,1,9,,90081,3,,,1,52,,90049,3,,,1,15,,90059,3,,,1,15,,90054,3,,,1,14,,90064,3,,,1,55,,90080,3,,,1,30,,90072,3,,,1,70,,90067,3,,,1,30,,90095,3,,,1,70,,90062,3,,,1,30,,90078,3,,,1,70,,90071,3,,,1,30,,90087,3,,,1,70,,90043,3,,,1,30,,90029,3,,,1,70,,90045,3,,,1,29,,90066,3,,,1,71,,90088,3,,,1,12,,90027,3,,,1,10,,90103,3,,,1,8,,90052,3,,,1,10,,90100,3,,,1,50,,90036,3,,,1,20,,90051,3,,,1,10,,90076,3,,,1,20,,90074,3,,,1,50,,90098,3,,,1,10,,90090,3,,,1,10,,90040,3,,,1,10,,90031,3,,,1,10,,90107,3,,,1,10,,90102,3,,,1,50,,90094,3,,,1,15,,90063,3,,,1,15,,90096,3,,,1,70,,90061,3,,,1,30,,90035,3,,,1,70,,90108,3,,,1,29,,90055,3,,,1,15,,90038,3,,,1,60,,90083,3,,,1,20,,90046,3,,,1,20,,90041,3,,,1,60,,90037,3,,,1,20,,90082,3,,,1,20,,90105,3,,,1,70,,90097,3,,,1,30,,90030,3,,,1,70,,90079,3,,,1,30,,90056,3,,,1
8800,'7',419,,90135,3,,,1,30,,90143,3,,,1,70,,90178,3,,,1,28,,90149,3,,,1,10,,90125,3,,,1,51,,90137,3,,,1,9,,90198,3,,,1,10,,90186,3,,,1,11,,90128,3,,,1,10,,90154,3,,,1,10,,90173,3,,,1,49,,90185,3,,,1,12,,90159,3,,,1,10,,90177,3,,,1,10,,90190,3,,,1,11,,90175,3,,,1,50,,90201,3,,,1,11,,90131,3,,,1,14,,90192,3,,,1,16,,90161,3,,,1,14,,90140,3,,,1,55,,90196,3,,,1,30,,90132,3,,,1,70,,90134,3,,,1,30,,90130,3,,,1,70,,90155,3,,,1,30,,90189,3,,,1,70,,90199,3,,,1,30,,90147,3,,,1,70,,90194,3,,,1,30,,90170,3,,,1,70,,90139,3,,,1,30,,90123,3,,,1,70,,90119,3,,,1,10,,90166,3,,,1,10,,90182,3,,,1,9,,90171,3,,,1,11,,90120,3,,,1,50,,90156,3,,,1,8,,90197,3,,,1,10,,90167,3,,,1,12,,90158,3,,,1,10,,90115,3,,,1,10,,90126,3,,,1,50,,90150,3,,,1,11,,90193,3,,,1,9,,90144,3,,,1,12,,90112,3,,,1,8,,90169,3,,,1,10,,90148,3,,,1,50,,90191,3,,,1,15,,90168,3,,,1,15,,90157,3,,,1,70,,90113,3,,,1,30,,90179,3,,,1,70,,90127,3,,,1,29,,90174,3,,,1,15,,90145,3,,,1,60,,90162,3,,,1,20,,90172,3,,,1,20,,90151,3,,,1,60,,90118,3,,,1,20,,90116,3,,,1,20,,90117,3,,,1,70,,90160,3,,,1,30,,90133,3,,,1,70,,90200,3,,,1,30,,90111,3,,,1
8800,'8',505,,90245,3,,,1,28,,90231,3,,,1,70,,90226,3,,,1,30,,90234,3,,,1,70,,90249,3,,,1,30,,90212,3,,,1,70,,90237,3,,,1,30,,90263,3,,,1,70,,90228,3,,,1,32,,90247,3,,,1,72,,90236,3,,,1,30,,90219,3,,,1,71,,90240,3,,,1,30,,90225,3,,,1,71,,90230,3,,,1,32,,90204,3,,,1,70,,90264,3,,,1,30,,90218,3,,,1,70,,90259,3,,,1,30,,90253,3,,,1,70,,90214,3,,,1,30,,90260,3,,,1,70,,90255,3,,,1,30,,90222,3,,,1,70,,90208,3,,,1,30,,90210,3,,,1,70,,90244,3,,,1,30,,90262,3,,,1,70,,90206,3,,,1,30,,90209,3,,,1,70,,90257,3,,,1,30,,90215,3,,,1,70,,90203,3,,,1,30,,90239,3,,,1,70,,90217,3,,,1,30,,90207,3,,,1,70,,90205,3,,,1,30,,90227,3,,,1,70,,90213,3,,,1,41,,90261,3,,,1
8800,'9',556,,90283,3,,,1,70,,90285,3,,,1,30,,90265,3,,,1,70,,90282,3,,,1,30,,90268,3,,,1,70,,90301,3,,,1,30,,90281,3,,,1,70,,90286,3,,,1,30,,90307,3,,,1,70,,90266,3,,,1,30,,90273,3,,,1,62,,90288,3,,,1,20,,90279,3,,,1,20,,90305,3,,,1,60,,90280,3,,,1,20,,90269,3,,,1,20,,90291,3,,,1,60,,90276,3,,,1,20,,90302,3,,,1,20,,90275,3,,,1,60,,90292,3,,,1,20,,90297,3,,,1,20,,90303,3,,,1,60,,90299,3,,,1,20,,90271,3,,,1,20,,90284,3,,,1,60,,90270,3,,,1,20,,90293,3,,,1,20,,90294,3,,,1,60,,90267,3,,,1,21,,90306,3,,,1,70,,90298,3,,,1,30,,90300,3,,,1,70,,90278,3,,,1,30,,90296,3,,,1,70,,90295,3,,,1,30,,90290,3,,,1,70,,90289,3,,,1,30,,90304,3,,,1,70,,90272,3,,,1,30,,90287,3,,,1,70,,90274,3,,,1,30,,90277,3,,,1
65801,'10',835,,119047,25,,,1,2,,119046,25,,,1
65801,'11',835,,119049,25,,,1,2,,119048,25,,,1
65801,'12',835,,119051,25,,,1,2,,119050,25,,,1
65801,'15',835,,119053,25,,,1,2,,119052,25,,,1
65801,'16',835,,119055,25,,,1,2,,119054,25,,,1
65801,'3',835,,119057,25,,,1,2,,119056,25,,,1
65801,'4',835,,119059,25,,,1,2,,119058,25,,,1
65801,'6',835,,119061,25,,,1,2,,119060,25,,,1
66900,'10',837,,119519,9,,,1,5,,119520,9,,,1
66900,'11',837,,119522,9,,,1,5,,119523,9,,,1
66900,'12',837,,119525,9,,,1,5,,119526,9,,,1
66900,'15',837,,119528,9,,,1,5,,119529,9,,,1
66900,'16',837,,119531,9,,,1,5,,119532,9,,,1
66900,'3',837,,119534,9,,,1,5,,119535,9,,,1
66900,'4',837,,119537,9,,,1,5,,119538,9,,,1
66900,'6',837,,119540,9,,,1,5,,119541,9,,,1
