8101,'1',829,,80992,10,,,1,30,,80994,10,,,1,70,,81005,10,,,1,30,,80981,10,,,1,70,,80989,10,,,1,30,,81001,10,,,1,70,,80996,10,,,1,30,,80995,10,,,1,71,,80983,10,,,1,70,,80990,10,,,1,30,,80997,10,,,1,70,,80987,10,,,1,30,,80988,10,,,1,70,,81000,10,,,1,30,,81004,10,,,1,70,,81003,10,,,1,30,,80993,10,,,1,70,,80991,10,,,1,30,,80986,10,,,1,70,,80998,10,,,1,29,,81002,10,,,1,100,,80980,10,,,1,100,,80984,10,,,1,100,,80999,10,,,1,100,,80982,10,,,1,100,,80985,10,,,1
8101,'10',617,,81025,10,,,1,30,,81017,10,,,1,70,,81031,10,,,1,31,,81011,10,,,1,100,,81026,10,,,1,70,,81035,10,,,1,26,,81007,10,,,1,70,,81013,10,,,1,30,,81030,10,,,1,70,,81034,10,,,1,30,,81015,10,,,1,71,,81029,10,,,1,30,,81020,10,,,1,70,,81032,10,,,1,30,,81037,10,,,1,70,,81028,10,,,1,29,,81014,10,,,1,73,,81038,10,,,1,33,,81016,10,,,1,71,,81024,10,,,1,34,,81027,10,,,1,97,,81033,10,,,1,68,,81006,10,,,1,30,,81019,10,,,1,70,,81012,10,,,1,25,,81036,10,,,1,70,,81018,10,,,1,30,,81023,10,,,1,69,,81008,10,,,1,30,,81022,10,,,1,70,,81010,10,,,1,30,,81021,10,,,1,100,,81009,10,,,1
8101,'11',617,,81058,10,,,1,30,,81050,10,,,1,70,,81064,10,,,1,31,,81044,10,,,1,100,,81059,10,,,1,70,,81068,10,,,1,26,,81040,10,,,1,70,,81046,10,,,1,30,,81063,10,,,1,70,,81067,10,,,1,30,,81048,10,,,1,71,,81062,10,,,1,30,,81053,10,,,1,70,,81065,10,,,1,30,,81070,10,,,1,70,,81061,10,,,1,29,,81047,10,,,1,73,,81071,10,,,1,33,,81049,10,,,1,71,,81057,10,,,1,34,,81060,10,,,1,97,,81066,10,,,1,68,,81039,10,,,1,30,,81052,10,,,1,70,,81045,10,,,1,25,,81069,10,,,1,70,,81051,10,,,1,30,,81056,10,,,1,69,,81041,10,,,1,30,,81055,10,,,1,70,,81043,10,,,1,30,,81054,10,,,1,100,,81042,10,,,1
8101,'12',617,,81091,10,,,1,30,,81083,10,,,1,70,,81097,10,,,1,31,,81077,10,,,1,100,,81092,10,,,1,70,,81101,10,,,1,26,,81073,10,,,1,70,,81079,10,,,1,30,,81096,10,,,1,70,,81100,10,,,1,30,,81081,10,,,1,71,,81095,10,,,1,30,,81086,10,,,1,70,,81098,10,,,1,30,,81103,10,,,1,70,,81094,10,,,1,29,,81080,10,,,1,73,,81104,10,,,1,33,,81082,10,,,1,71,,81090,10,,,1,34,,81093,10,,,1,97,,81099,10,,,1,68,,81072,10,,,1,30,,81085,10,,,1,70,,81078,10,,,1,25,,81102,10,,,1,70,,81084,10,,,1,30,,81089,10,,,1,69,,81074,10,,,1,30,,81088,10,,,1,70,,81076,10,,,1,30,,81087,10,,,1,100,,81075,10,,,1
8101,'13',617,,81106,10,,,1,30,,81130,10,,,1,70,,81111,10,,,1,31,,81129,10,,,1,70,,81125,10,,,1,30,,81109,10,,,1,70,,81119,10,,,1,26,,81131,10,,,1,70,,81128,10,,,1,30,,81122,10,,,1,70,,81135,10,,,1,30,,81134,10,,,1,71,,81132,10,,,1,30,,81107,10,,,1,70,,81136,10,,,1,30,,81138,10,,,1,70,,81116,10,,,1,31,,81112,10,,,1,71,,81123,10,,,1,30,,81120,10,,,1,74,,81114,10,,,1,32,,81108,10,,,1,70,,81117,10,,,1,29,,81110,10,,,1,68,,81139,10,,,1,30,,81115,10,,,1,70,,81105,10,,,1,25,,81124,10,,,1,70,,81121,10,,,1,30,,81118,10,,,1,69,,81137,10,,,1,30,,81113,10,,,1,70,,81127,10,,,1,30,,81133,10,,,1,100,,81126,10,,,1
8101,'14',631,,81165,10,,,1,100,,81170,10,,,1,70,,81140,10,,,1,30,,81152,10,,,1,70,,81168,10,,,1,30,,81164,10,,,1,70,,81167,10,,,1,30,,81158,10,,,1,70,,81147,10,,,1,30,,81146,10,,,1,70,,81157,10,,,1,31,,81141,10,,,1,70,,81163,10,,,1,30,,81159,10,,,1,70,,81166,10,,,1,30,,81148,10,,,1,70,,81144,10,,,1,30,,81155,10,,,1,70,,81154,10,,,1,30,,81151,10,,,1,70,,81169,10,,,1,30,,81161,10,,,1,70,,81160,10,,,1,29,,81149,10,,,1,70,,81145,10,,,1,30,,81142,10,,,1,100,,81162,10,,,1,100,,81153,10,,,1,100,,81156,10,,,1,100,,81143,10,,,1,100,,81150,10,,,1
8101,'15',617,,81190,10,,,1,30,,81182,10,,,1,70,,81196,10,,,1,31,,81176,10,,,1,100,,81191,10,,,1,70,,81200,10,,,1,26,,81172,10,,,1,70,,81178,10,,,1,30,,81195,10,,,1,70,,81199,10,,,1,30,,81180,10,,,1,71,,81194,10,,,1,30,,81185,10,,,1,70,,81197,10,,,1,30,,81202,10,,,1,70,,81193,10,,,1,29,,81179,10,,,1,73,,81203,10,,,1,33,,81181,10,,,1,71,,81189,10,,,1,34,,81192,10,,,1,97,,81198,10,,,1,68,,81171,10,,,1,30,,81184,10,,,1,70,,81177,10,,,1,25,,81201,10,,,1,70,,81183,10,,,1,30,,81188,10,,,1,69,,81173,10,,,1,30,,81187,10,,,1,70,,81175,10,,,1,30,,81186,10,,,1,100,,81174,10,,,1
8101,'16',617,,81223,10,,,1,30,,81215,10,,,1,70,,81229,10,,,1,31,,81209,10,,,1,100,,81224,10,,,1,70,,81233,10,,,1,26,,81205,10,,,1,70,,81211,10,,,1,30,,81228,10,,,1,70,,81232,10,,,1,30,,81213,10,,,1,71,,81227,10,,,1,30,,81218,10,,,1,70,,81230,10,,,1,30,,81235,10,,,1,70,,81226,10,,,1,29,,81212,10,,,1,73,,81236,10,,,1,33,,81214,10,,,1,71,,81222,10,,,1,34,,81225,10,,,1,97,,81231,10,,,1,68,,81204,10,,,1,30,,81217,10,,,1,70,,81210,10,,,1,25,,81234,10,,,1,70,,81216,10,,,1,30,,81221,10,,,1,69,,81206,10,,,1,30,,81220,10,,,1,70,,81208,10,,,1,30,,81219,10,,,1,100,,81207,10,,,1
8101,'17',617,,81238,10,,,1,30,,81262,10,,,1,70,,81243,10,,,1,31,,81261,10,,,1,70,,81257,10,,,1,30,,81241,10,,,1,70,,81251,10,,,1,26,,81263,10,,,1,70,,81260,10,,,1,30,,81254,10,,,1,70,,81267,10,,,1,30,,81266,10,,,1,71,,81264,10,,,1,30,,81239,10,,,1,70,,81268,10,,,1,30,,81270,10,,,1,70,,81248,10,,,1,31,,81244,10,,,1,71,,81255,10,,,1,30,,81252,10,,,1,74,,81246,10,,,1,32,,81240,10,,,1,70,,81249,10,,,1,29,,81242,10,,,1,68,,81271,10,,,1,30,,81247,10,,,1,70,,81237,10,,,1,25,,81256,10,,,1,70,,81253,10,,,1,30,,81250,10,,,1,69,,81269,10,,,1,30,,81245,10,,,1,70,,81259,10,,,1,30,,81265,10,,,1,100,,81258,10,,,1
8101,'18',617,,81297,10,,,1,28,,81288,10,,,1,72,,81290,10,,,1,31,,81274,10,,,1,70,,81291,10,,,1,30,,81289,10,,,1,70,,81286,10,,,1,26,,81292,10,,,1,70,,81283,10,,,1,30,,81294,10,,,1,70,,81298,10,,,1,30,,81304,10,,,1,71,,81275,10,,,1,30,,81287,10,,,1,70,,81293,10,,,1,30,,81280,10,,,1,70,,81272,10,,,1,29,,81278,10,,,1,73,,81285,10,,,1,30,,81281,10,,,1,72,,81305,10,,,1,34,,81299,10,,,1,70,,81282,10,,,1,29,,81295,10,,,1,68,,81279,10,,,1,30,,81277,10,,,1,70,,81303,10,,,1,25,,81273,10,,,1,70,,81301,10,,,1,30,,81284,10,,,1,69,,81276,10,,,1,30,,81296,10,,,1,70,,81300,10,,,1,30,,81302,10,,,1,100,,81306,10,,,1
8101,'19',617,,81308,10,,,1,30,,81332,10,,,1,70,,81313,10,,,1,31,,81331,10,,,1,70,,81327,10,,,1,30,,81311,10,,,1,70,,81321,10,,,1,26,,81333,10,,,1,70,,81330,10,,,1,30,,81324,10,,,1,70,,81337,10,,,1,30,,81336,10,,,1,71,,81334,10,,,1,30,,81309,10,,,1,70,,81338,10,,,1,30,,81340,10,,,1,70,,81318,10,,,1,31,,81314,10,,,1,71,,81325,10,,,1,30,,81322,10,,,1,74,,81316,10,,,1,32,,81310,10,,,1,70,,81319,10,,,1,29,,81312,10,,,1,68,,81341,10,,,1,30,,81317,10,,,1,70,,81307,10,,,1,25,,81326,10,,,1,70,,81323,10,,,1,30,,81320,10,,,1,69,,81339,10,,,1,30,,81315,10,,,1,70,,81329,10,,,1,30,,81335,10,,,1,100,,81328,10,,,1
8101,'2',829,,81354,10,,,1,30,,81356,10,,,1,70,,81367,10,,,1,30,,81343,10,,,1,70,,81351,10,,,1,30,,81363,10,,,1,70,,81358,10,,,1,30,,81357,10,,,1,71,,81345,10,,,1,70,,81352,10,,,1,30,,81359,10,,,1,70,,81349,10,,,1,30,,81350,10,,,1,70,,81362,10,,,1,30,,81366,10,,,1,70,,81365,10,,,1,30,,81355,10,,,1,70,,81353,10,,,1,30,,81348,10,,,1,70,,81360,10,,,1,29,,81364,10,,,1,100,,81342,10,,,1,100,,81346,10,,,1,100,,81361,10,,,1,100,,81344,10,,,1,100,,81347,10,,,1
8101,'3',617,,81387,10,,,1,30,,81379,10,,,1,70,,81393,10,,,1,31,,81373,10,,,1,100,,81388,10,,,1,70,,81397,10,,,1,26,,81369,10,,,1,70,,81375,10,,,1,30,,81392,10,,,1,70,,81396,10,,,1,30,,81377,10,,,1,71,,81391,10,,,1,30,,81382,10,,,1,70,,81394,10,,,1,30,,81399,10,,,1,70,,81390,10,,,1,29,,81376,10,,,1,73,,81400,10,,,1,33,,81378,10,,,1,71,,81386,10,,,1,34,,81389,10,,,1,97,,81395,10,,,1,68,,81368,10,,,1,30,,81381,10,,,1,70,,81374,10,,,1,25,,81398,10,,,1,70,,81380,10,,,1,30,,81385,10,,,1,69,,81370,10,,,1,30,,81384,10,,,1,70,,81372,10,,,1,30,,81383,10,,,1,100,,81371,10,,,1
8101,'4',617,,81420,10,,,1,30,,81412,10,,,1,70,,81426,10,,,1,31,,81406,10,,,1,100,,81421,10,,,1,70,,81430,10,,,1,26,,81402,10,,,1,70,,81408,10,,,1,30,,81425,10,,,1,70,,81429,10,,,1,30,,81410,10,,,1,71,,81424,10,,,1,30,,81415,10,,,1,70,,81427,10,,,1,30,,81432,10,,,1,70,,81423,10,,,1,29,,81409,10,,,1,73,,81433,10,,,1,33,,81411,10,,,1,71,,81419,10,,,1,34,,81422,10,,,1,97,,81428,10,,,1,68,,81401,10,,,1,30,,81414,10,,,1,70,,81407,10,,,1,25,,81431,10,,,1,70,,81413,10,,,1,30,,81418,10,,,1,69,,81403,10,,,1,30,,81417,10,,,1,70,,81405,10,,,1,30,,81416,10,,,1,100,,81404,10,,,1
8101,'5',617,,81435,10,,,1,30,,81459,10,,,1,70,,81440,10,,,1,31,,81458,10,,,1,70,,81454,10,,,1,30,,81438,10,,,1,70,,81448,10,,,1,26,,81460,10,,,1,70,,81457,10,,,1,30,,81451,10,,,1,70,,81464,10,,,1,30,,81463,10,,,1,71,,81461,10,,,1,30,,81436,10,,,1,70,,81465,10,,,1,30,,81467,10,,,1,70,,81445,10,,,1,31,,81441,10,,,1,71,,81452,10,,,1,30,,81449,10,,,1,74,,81443,10,,,1,32,,81437,10,,,1,70,,81446,10,,,1,29,,81439,10,,,1,68,,81468,10,,,1,30,,81444,10,,,1,70,,81434,10,,,1,25,,81453,10,,,1,70,,81450,10,,,1,30,,81447,10,,,1,69,,81466,10,,,1,30,,81442,10,,,1,70,,81456,10,,,1,30,,81462,10,,,1,100,,81455,10,,,1
8101,'6',617,,81488,10,,,1,30,,81480,10,,,1,70,,81494,10,,,1,31,,81474,10,,,1,100,,81489,10,,,1,70,,81498,10,,,1,26,,81470,10,,,1,70,,81476,10,,,1,30,,81493,10,,,1,70,,81497,10,,,1,30,,81478,10,,,1,71,,81492,10,,,1,30,,81483,10,,,1,70,,81495,10,,,1,30,,81500,10,,,1,70,,81491,10,,,1,29,,81477,10,,,1,73,,81501,10,,,1,33,,81479,10,,,1,71,,81487,10,,,1,34,,81490,10,,,1,97,,81496,10,,,1,68,,81469,10,,,1,30,,81482,10,,,1,70,,81475,10,,,1,25,,81499,10,,,1,70,,81481,10,,,1,30,,81486,10,,,1,69,,81471,10,,,1,30,,81485,10,,,1,70,,81473,10,,,1,30,,81484,10,,,1,100,,81472,10,,,1
8101,'7',617,,81503,10,,,1,30,,81527,10,,,1,70,,81508,10,,,1,31,,81526,10,,,1,70,,81522,10,,,1,30,,81506,10,,,1,70,,81516,10,,,1,26,,81528,10,,,1,70,,81525,10,,,1,30,,81519,10,,,1,70,,81532,10,,,1,30,,81531,10,,,1,71,,81529,10,,,1,30,,81504,10,,,1,70,,81533,10,,,1,30,,81535,10,,,1,70,,81513,10,,,1,31,,81509,10,,,1,71,,81520,10,,,1,30,,81517,10,,,1,74,,81511,10,,,1,32,,81505,10,,,1,70,,81514,10,,,1,29,,81507,10,,,1,68,,81536,10,,,1,30,,81512,10,,,1,70,,81502,10,,,1,25,,81521,10,,,1,70,,81518,10,,,1,30,,81515,10,,,1,69,,81534,10,,,1,30,,81510,10,,,1,70,,81524,10,,,1,30,,81530,10,,,1,100,,81523,10,,,1
8101,'8',631,,81562,10,,,1,100,,81567,10,,,1,70,,81537,10,,,1,30,,81549,10,,,1,70,,81565,10,,,1,30,,81561,10,,,1,70,,81564,10,,,1,30,,81555,10,,,1,70,,81544,10,,,1,30,,81543,10,,,1,70,,81554,10,,,1,31,,81538,10,,,1,70,,81560,10,,,1,30,,81556,10,,,1,70,,81563,10,,,1,30,,81545,10,,,1,70,,81541,10,,,1,30,,81552,10,,,1,70,,81551,10,,,1,30,,81548,10,,,1,70,,81566,10,,,1,30,,81558,10,,,1,70,,81557,10,,,1,29,,81546,10,,,1,70,,81542,10,,,1,30,,81539,10,,,1,100,,81559,10,,,1,100,,81550,10,,,1,100,,81553,10,,,1,100,,81540,10,,,1,100,,81547,10,,,1
8101,'9',829,,81580,10,,,1,30,,81582,10,,,1,70,,81593,10,,,1,30,,81569,10,,,1,70,,81577,10,,,1,30,,81589,10,,,1,70,,81584,10,,,1,30,,81583,10,,,1,71,,81571,10,,,1,70,,81578,10,,,1,30,,81585,10,,,1,70,,81575,10,,,1,30,,81576,10,,,1,70,,81588,10,,,1,30,,81592,10,,,1,70,,81591,10,,,1,30,,81581,10,,,1,70,,81579,10,,,1,30,,81574,10,,,1,70,,81586,10,,,1,29,,81590,10,,,1,100,,81568,10,,,1,100,,81572,10,,,1,100,,81587,10,,,1,100,,81570,10,,,1,100,,81573,10,,,1
