67501,'11',1606,,672338,,,1
67501,'12',1606,,672339,,,1
67501,'13',1606,,672340,,,1
67501,'14',1606,,672341,,,1
67501,'15',1606,,672342,,,1
67501,'17',1606,,672343,,,1
67501,'18',1606,,672344,,,1
67501,'19',1606,,481992,,,1
67501,'20',1606,,672345,,,1
67501,'22',1606,,672346,,,1
67501,'8',1606,,672347,,,1
68400,'11',1512,,355448,,,1,25,,672730,,,1
68400,'12',1512,,672732,,,1,25,,672731,,,1
68400,'13',1512,,672734,,,1,25,,672733,,,1
68400,'14',1512,,672736,,,1,25,,672735,,,1
68400,'15',1512,,672738,,,1,25,,672737,,,1
68400,'17',1512,,672740,,,1,25,,672739,,,1
68400,'18',1512,,672742,,,1,25,,672741,,,1
68400,'19',1512,,672744,,,1,25,,672743,,,1
68400,'20',1512,,672746,,,1,25,,672745,,,1
68400,'22',1512,,672748,,,1,25,,672747,,,1
68400,'8',1512,,672750,,,1,25,,672749,,,1
