23701,'1',1548,,203516,8,,,1,95,,203514,8,,,1,95,,203517,8,,,1,100,,203515,8,,,1
23701,'10',1550,,116732,8,,,1,93,,203518,8,,,1,95,,111680,8,,,1,100,,203519,8,,,1
23701,'12',1548,,203522,8,,,1,95,,203521,8,,,1,95,,203520,8,,,1,100,,203523,8,,,1
23701,'14',1548,,203526,8,,,1,95,,203525,8,,,1,95,,203524,8,,,1,100,,116488,8,,,1
23701,'15',1548,,203529,8,,,1,95,,203528,8,,,1,95,,203527,8,,,1,100,,116508,8,,,1
23701,'16',1548,,203532,8,,,1,95,,203531,8,,,1,95,,203530,8,,,1,100,,203533,8,,,1
23701,'17',1548,,203536,8,,,1,95,,203534,8,,,1,95,,203537,8,,,1,100,,203535,8,,,1
23701,'2',1548,,203540,8,,,1,95,,203538,8,,,1,95,,203541,8,,,1,100,,203539,8,,,1
23701,'3',1548,,203544,8,,,1,95,,203543,8,,,1,95,,203542,8,,,1,100,,116500,8,,,1
23701,'5',1548,,203546,8,,,1,95,,203545,8,,,1,95,,203547,8,,,1,100,,101603,8,,,1
23701,'6',1548,,203550,8,,,1,95,,203548,8,,,1,95,,203551,8,,,1,100,,203549,8,,,1
23701,'8',1548,,203554,8,,,1,95,,203552,8,,,1,95,,203555,8,,,1,100,,203553,8,,,1
