2100,'12',716,,224626,13,4,,1,100,,224627,13,4,,1,31,,224625,13,4,,1
2100,'14',716,,224628,13,4,,1,102,,138247,13,4,,1,29,,121168,13,4,,1
2100,'15',716,,224630,13,4,,1,100,,224631,13,4,,1,31,,224629,13,4,,1
2100,'17',716,,224632,13,4,,1,102,,138245,13,4,,1,29,,121088,13,4,,1
2100,'18',716,,224633,13,4,,1,102,,35754,13,4,,1,29,,2384,13,4,,1
2100,'2',716,,224636,13,4,,1,102,,224635,13,4,,1,29,,224634,13,4,,1
2100,'3',716,,197358,13,4,,1,100,,224638,13,4,,1,31,,224637,13,4,,1
2100,'4',716,,224640,13,4,,1,100,,224641,13,4,,1,31,,224639,13,4,,1
2100,'5',716,,224643,13,4,,1,100,,224644,13,4,,1,31,,224642,13,4,,1
2100,'7',716,,224647,13,4,,1,102,,224646,13,4,,1,29,,224645,13,4,,1
2100,'8',716,,224649,13,4,,1,102,,224648,13,4,,1,29,,224650,13,4,,1
2100,'9',716,,224652,13,4,,1,100,,224653,13,4,,1,31,,224651,13,4,,1
2101,'12',1608,,224654,8,,,1,101,,224655,8,,,1
2101,'14',1608,,224657,8,,,1,100,,224656,8,,,1
2101,'15',1608,,224658,8,,,1,101,,224659,8,,,1
2101,'17',1608,,224661,8,,,1,100,,224660,8,,,1
2101,'18',1608,,224663,8,,,1,100,,224662,8,,,1
2101,'2',1608,,224665,8,,,1,100,,224664,8,,,1
2101,'3',1608,,91618,8,,,1,101,,224666,8,,,1
2101,'4',1608,,224667,8,,,1,101,,224668,8,,,1
2101,'5',1608,,224669,8,,,1,101,,224670,8,,,1
2101,'7',1608,,224671,8,,,1,100,,166699,8,,,1
2101,'8',1608,,224672,8,,,1,101,,224673,8,,,1
2101,'9',1608,,224674,8,,,1,101,,224675,8,,,1
