23700,'1',608,,4908,23,,,1,94,,203477,23,,,1,29,,203478,23,,,1,101,,203479,23,,,1
23700,'10',608,,70862,23,,,1,94,,203481,23,,,1,29,,203480,23,,,1,101,,203482,23,,,1
23700,'12',608,,203484,23,,,1,94,,203485,23,,,1,29,,203486,23,,,1,103,,203483,23,,,1
23700,'14',608,,203488,23,,,1,94,,68777,23,,,1,29,,203489,23,,,1,103,,203487,23,,,1
23700,'15',608,,203491,23,,,1,94,,69170,23,,,1,29,,203492,23,,,1,103,,203490,23,,,1
23700,'16',608,,203494,23,,,1,94,,203495,23,,,1,29,,203496,23,,,1,103,,203493,23,,,1
23700,'17',608,,5225,23,,,1,94,,203497,23,,,1,29,,203498,23,,,1,101,,203499,23,,,1
23700,'2',608,,4968,23,,,1,94,,203500,23,,,1,29,,203501,23,,,1,101,,203502,23,,,1
23700,'3',608,,203504,23,,,1,94,,69029,23,,,1,29,,203505,23,,,1,103,,203503,23,,,1
23700,'5',608,,203507,23,,,1,94,,203506,23,,,1,29,,20,23,,,1,101,,11807,23,,,1
23700,'6',608,,5602,23,,,1,94,,203508,23,,,1,29,,203509,23,,,1,101,,203510,23,,,1
23700,'8',608,,5542,23,,,1,94,,203511,23,,,1,29,,203512,23,,,1,101,,203513,23,,,1
