11200,'1',500,,194893,12,,,1,102,,78379,12,,,1,30,,194878,12,,,1,70,,47557,12,,,1,31,,20972,12,,,1,72,,194895,12,,,1,32,,194876,12,,,1,67,,85549,12,,,1,30,,194897,12,,,1,70,,194892,12,,,1,30,,194886,12,,,1,70,,51244,12,,,1,30,,58071,12,,,1,70,,194883,12,,,1,30,,194887,12,,,1,70,,194888,12,,,1,30,,194879,12,,,1,70,,194877,12,,,1,31,,194885,12,,,1,70,,107714,12,,,1,30,,63805,12,,,1,72,,194896,12,,,1,28,,75182,12,,,1,70,,194890,12,,,1,30,,194875,12,,,1,70,,74164,12,,,1,30,,194894,12,,,1,70,,194884,12,,,1,29,,194881,12,,,1,70,,194891,12,,,1,30,,43787,12,,,1,70,,194880,12,,,1,29,,194882,12,,,1,70,,31307,12,,,1,99,,194889,12,,,1
11200,'10',500,,194907,12,,,1,102,,194901,12,,,1,101,,194908,12,,,1,102,,8826,12,,,1,101,,194905,12,,,1,98,,194903,12,,,1,100,,67795,12,,,1,100,,194912,12,,,1,100,,194909,12,,,1,100,,194900,12,,,1,101,,194899,12,,,1,100,,194911,12,,,1,102,,194898,12,,,1,98,,43096,12,,,1,100,,194910,12,,,1,99,,194902,12,,,1,100,,80628,12,,,1,99,,194904,12,,,1,99,,194906,12,,,1
11200,'11',701,,194928,12,,,1,100,,194937,12,,,1,100,,194917,12,,,1,31,,194931,12,,,1,70,,194930,12,,,1,30,,194934,12,,,1,70,,194920,12,,,1,30,,194923,12,,,1,70,,194926,12,,,1,30,,194925,12,,,1,70,,194921,12,,,1,30,,194924,12,,,1,70,,21132,12,,,1,30,,67720,12,,,1,70,,194922,12,,,1,30,,194914,12,,,1,70,,46750,12,,,1,30,,194913,12,,,1,70,,194936,12,,,1,30,,194918,12,,,1,70,,194915,12,,,1,30,,90767,12,,,1,70,,194929,12,,,1,30,,194919,12,,,1,70,,74332,12,,,1,30,,194927,12,,,1,70,,194935,12,,,1,30,,194916,12,,,1,99,,194933,12,,,1,70,,194932,12,,,1
11200,'12',500,,194946,12,,,1,102,,194960,12,,,1,30,,194944,12,,,1,71,,37569,12,,,1,30,,194956,12,,,1,70,,194961,12,,,1,34,,194941,12,,,1,68,,194952,12,,,1,29,,194951,12,,,1,70,,194949,12,,,1,30,,194966,12,,,1,70,,194943,12,,,1,30,,194965,12,,,1,70,,194954,12,,,1,30,,194942,12,,,1,70,,194967,12,,,1,30,,194962,12,,,1,70,,194938,12,,,1,31,,106929,12,,,1,70,,101621,12,,,1,30,,7894,12,,,1,70,,194964,12,,,1,28,,194947,12,,,1,74,,194959,12,,,1,28,,194948,12,,,1,70,,194957,12,,,1,30,,194939,12,,,1,70,,194963,12,,,1,29,,194945,12,,,1,70,,194955,12,,,1,30,,4829,12,,,1,70,,194958,12,,,1,29,,194950,12,,,1,70,,194953,12,,,1,99,,194940,12,,,1
11200,'13',701,,194984,12,,,1,100,,194988,12,,,1,100,,194971,12,,,1,31,,194985,12,,,1,70,,51351,12,,,1,30,,106096,12,,,1,70,,98157,12,,,1,30,,194979,12,,,1,70,,194982,12,,,1,30,,194981,12,,,1,70,,7320,12,,,1,30,,194980,12,,,1,70,,194986,12,,,1,30,,194976,12,,,1,70,,194977,12,,,1,30,,194969,12,,,1,70,,194978,12,,,1,30,,194968,12,,,1,70,,194987,12,,,1,30,,194972,12,,,1,70,,22343,12,,,1,30,,194973,12,,,1,70,,95144,12,,,1,30,,194975,12,,,1,70,,194974,12,,,1,30,,194983,12,,,1,70,,75401,12,,,1,30,,194970,12,,,1,99,,50042,12,,,1,70,,90664,12,,,1
11200,'14',500,,194996,12,,,1,102,,195008,12,,,1,30,,194995,12,,,1,71,,195010,12,,,1,30,,195005,12,,,1,70,,46995,12,,,1,34,,194992,12,,,1,68,,195002,12,,,1,29,,195001,12,,,1,70,,194999,12,,,1,30,,195013,12,,,1,70,,194994,12,,,1,30,,13419,12,,,1,70,,61503,12,,,1,30,,194993,12,,,1,70,,195014,12,,,1,30,,195011,12,,,1,70,,194989,12,,,1,31,,195004,12,,,1,70,,194998,12,,,1,30,,195009,12,,,1,70,,20203,12,,,1,28,,194997,12,,,1,74,,195007,12,,,1,28,,13397,12,,,1,70,,4167,12,,,1,30,,194990,12,,,1,70,,195012,12,,,1,29,,117479,12,,,1,70,,17957,12,,,1,30,,194991,12,,,1,70,,195006,12,,,1,29,,195000,12,,,1,70,,195003,12,,,1,99,,81312,12,,,1
11200,'15',500,,195022,12,,,1,102,,195034,12,,,1,30,,195021,12,,,1,71,,195036,12,,,1,30,,195031,12,,,1,70,,47346,12,,,1,34,,195018,12,,,1,68,,195028,12,,,1,29,,195027,12,,,1,70,,195025,12,,,1,30,,195039,12,,,1,70,,195020,12,,,1,30,,13767,12,,,1,70,,61672,12,,,1,30,,195019,12,,,1,70,,195040,12,,,1,30,,195037,12,,,1,70,,195015,12,,,1,31,,195030,12,,,1,70,,195024,12,,,1,30,,195035,12,,,1,70,,20230,12,,,1,28,,195023,12,,,1,74,,195033,12,,,1,28,,13745,12,,,1,70,,4602,12,,,1,30,,195016,12,,,1,70,,195038,12,,,1,29,,117511,12,,,1,70,,18282,12,,,1,30,,195017,12,,,1,70,,195032,12,,,1,29,,195026,12,,,1,70,,195029,12,,,1,99,,81507,12,,,1
11200,'16',500,,195048,12,,,1,102,,195063,12,,,1,30,,195046,12,,,1,71,,195066,12,,,1,30,,195060,12,,,1,70,,195065,12,,,1,34,,70737,12,,,1,68,,195055,12,,,1,29,,195054,12,,,1,70,,195052,12,,,1,30,,52222,12,,,1,70,,195045,12,,,1,30,,195070,12,,,1,70,,195057,12,,,1,30,,195044,12,,,1,70,,5138,12,,,1,30,,195067,12,,,1,70,,77032,12,,,1,31,,195058,12,,,1,70,,195051,12,,,1,30,,195064,12,,,1,70,,195069,12,,,1,28,,195049,12,,,1,74,,195062,12,,,1,28,,195050,12,,,1,70,,195061,12,,,1,30,,195041,12,,,1,70,,195068,12,,,1,29,,195047,12,,,1,70,,195059,12,,,1,30,,195043,12,,,1,70,,87337,12,,,1,29,,195053,12,,,1,70,,195056,12,,,1,99,,195042,12,,,1
11200,'17',500,,195089,12,,,1,102,,78676,12,,,1,30,,195074,12,,,1,70,,47849,12,,,1,31,,21142,12,,,1,72,,195091,12,,,1,32,,195072,12,,,1,67,,85774,12,,,1,30,,195093,12,,,1,70,,195088,12,,,1,30,,195082,12,,,1,70,,51472,12,,,1,30,,58293,12,,,1,70,,195079,12,,,1,30,,195083,12,,,1,70,,195084,12,,,1,30,,195075,12,,,1,70,,195073,12,,,1,31,,195081,12,,,1,70,,107873,12,,,1,30,,63979,12,,,1,72,,195092,12,,,1,28,,75607,12,,,1,70,,195086,12,,,1,30,,195071,12,,,1,70,,74431,12,,,1,30,,195090,12,,,1,70,,195080,12,,,1,29,,195077,12,,,1,70,,195087,12,,,1,30,,44097,12,,,1,70,,195076,12,,,1,29,,195078,12,,,1,70,,31488,12,,,1,99,,195085,12,,,1
11200,'2',500,,195112,12,,,1,102,,78444,12,,,1,30,,195097,12,,,1,70,,47620,12,,,1,31,,21006,12,,,1,72,,195114,12,,,1,32,,195095,12,,,1,67,,85597,12,,,1,30,,195116,12,,,1,70,,195111,12,,,1,30,,195105,12,,,1,70,,51292,12,,,1,30,,58120,12,,,1,70,,195102,12,,,1,30,,195106,12,,,1,70,,195107,12,,,1,30,,195098,12,,,1,70,,195096,12,,,1,31,,195104,12,,,1,70,,107750,12,,,1,30,,63840,12,,,1,72,,195115,12,,,1,28,,75266,12,,,1,70,,195109,12,,,1,30,,195094,12,,,1,70,,74222,12,,,1,30,,195113,12,,,1,70,,195103,12,,,1,29,,195100,12,,,1,70,,195110,12,,,1,30,,43854,12,,,1,70,,195099,12,,,1,29,,195101,12,,,1,70,,31345,12,,,1,99,,195108,12,,,1
11200,'3',500,,195124,12,,,1,102,,195136,12,,,1,30,,195123,12,,,1,71,,195138,12,,,1,30,,195133,12,,,1,70,,47218,12,,,1,34,,195120,12,,,1,68,,195130,12,,,1,29,,195129,12,,,1,70,,195127,12,,,1,30,,195141,12,,,1,70,,195122,12,,,1,30,,13641,12,,,1,70,,61604,12,,,1,30,,195121,12,,,1,70,,195142,12,,,1,30,,195139,12,,,1,70,,195117,12,,,1,31,,195132,12,,,1,70,,195126,12,,,1,30,,195137,12,,,1,70,,20219,12,,,1,28,,195125,12,,,1,74,,195135,12,,,1,28,,13619,12,,,1,70,,4449,12,,,1,30,,195118,12,,,1,70,,195140,12,,,1,29,,117498,12,,,1,70,,18163,12,,,1,30,,195119,12,,,1,70,,195134,12,,,1,29,,195128,12,,,1,70,,195131,12,,,1,99,,81439,12,,,1
11200,'4',612,,195146,12,,,1,100,,20790,12,,,1,100,,195168,12,,,1,30,,195145,12,,,1,71,,106498,12,,,1,30,,195152,12,,,1,70,,195149,12,,,1,30,,195143,12,,,1,70,,42480,12,,,1,30,,195164,12,,,1,70,,195162,12,,,1,30,,195156,12,,,1,70,,195159,12,,,1,30,,41379,12,,,1,70,,33587,12,,,1,30,,195144,12,,,1,70,,195148,12,,,1,30,,195150,12,,,1,70,,195158,12,,,1,30,,195147,12,,,1,70,,195154,12,,,1,30,,195165,12,,,1,70,,195166,12,,,1,30,,195155,12,,,1,70,,84054,12,,,1,30,,195161,12,,,1,70,,79133,12,,,1,30,,195157,12,,,1,70,,195153,12,,,1,30,,195163,12,,,1,69,,195167,12,,,1,100,,195151,12,,,1,100,,195160,12,,,1
11200,'5',500,,195194,12,,,1,102,,195193,12,,,1,30,,195171,12,,,1,70,,195185,12,,,1,31,,195178,12,,,1,72,,195199,12,,,1,32,,195170,12,,,1,67,,195197,12,,,1,30,,195201,12,,,1,70,,195192,12,,,1,30,,195181,12,,,1,70,,195182,12,,,1,30,,195189,12,,,1,70,,195176,12,,,1,30,,195183,12,,,1,70,,195184,12,,,1,30,,195172,12,,,1,70,,82233,12,,,1,31,,195179,12,,,1,70,,195195,12,,,1,30,,195190,12,,,1,72,,195200,12,,,1,28,,195180,12,,,1,70,,195187,12,,,1,30,,195169,12,,,1,70,,195198,12,,,1,30,,195196,12,,,1,70,,99365,12,,,1,29,,195174,12,,,1,70,,195191,12,,,1,30,,195177,12,,,1,70,,195173,12,,,1,29,,195175,12,,,1,70,,195188,12,,,1,99,,195186,12,,,1
11200,'6',500,,195220,12,,,1,102,,79027,12,,,1,30,,195205,12,,,1,70,,48178,12,,,1,31,,21344,12,,,1,72,,195222,12,,,1,32,,195203,12,,,1,67,,86048,12,,,1,30,,195224,12,,,1,70,,195219,12,,,1,30,,195213,12,,,1,70,,51733,12,,,1,30,,58569,12,,,1,70,,195210,12,,,1,30,,195214,12,,,1,70,,195215,12,,,1,30,,195206,12,,,1,70,,195204,12,,,1,31,,195212,12,,,1,70,,108051,12,,,1,30,,64189,12,,,1,72,,195223,12,,,1,28,,76118,12,,,1,70,,195217,12,,,1,30,,195202,12,,,1,70,,74750,12,,,1,30,,195221,12,,,1,70,,195211,12,,,1,29,,195208,12,,,1,70,,195218,12,,,1,30,,44443,12,,,1,70,,195207,12,,,1,29,,195209,12,,,1,70,,31696,12,,,1,99,,195216,12,,,1
11200,'7',612,,51924,12,,,1,100,,195240,12,,,1,100,,195253,12,,,1,30,,195229,12,,,1,71,,195236,12,,,1,30,,195238,12,,,1,70,,195233,12,,,1,30,,195225,12,,,1,70,,195247,12,,,1,30,,195249,12,,,1,70,,195246,12,,,1,30,,41510,12,,,1,70,,91683,12,,,1,30,,195232,12,,,1,70,,195226,12,,,1,30,,195227,12,,,1,70,,195231,12,,,1,30,,195234,12,,,1,70,,195243,12,,,1,30,,195230,12,,,1,70,,47391,12,,,1,30,,195250,12,,,1,70,,195251,12,,,1,30,,195241,12,,,1,70,,195237,12,,,1,30,,195245,12,,,1,70,,195228,12,,,1,30,,195242,12,,,1,70,,195239,12,,,1,30,,195248,12,,,1,69,,195252,12,,,1,100,,195235,12,,,1,100,,195244,12,,,1
11200,'8',500,,195272,12,,,1,102,,78962,12,,,1,30,,195257,12,,,1,70,,48115,12,,,1,31,,21310,12,,,1,72,,195274,12,,,1,32,,195255,12,,,1,67,,86000,12,,,1,30,,195276,12,,,1,70,,195271,12,,,1,30,,195265,12,,,1,70,,51685,12,,,1,30,,58520,12,,,1,70,,195262,12,,,1,30,,195266,12,,,1,70,,195267,12,,,1,30,,195258,12,,,1,70,,195256,12,,,1,31,,195264,12,,,1,70,,108015,12,,,1,30,,64154,12,,,1,72,,195275,12,,,1,28,,76034,12,,,1,70,,195269,12,,,1,30,,195254,12,,,1,70,,74692,12,,,1,30,,195273,12,,,1,70,,195263,12,,,1,29,,195260,12,,,1,70,,195270,12,,,1,30,,44376,12,,,1,70,,195259,12,,,1,29,,195261,12,,,1,70,,31658,12,,,1,99,,195268,12,,,1
11200,'9',701,,195292,12,,,1,100,,195300,12,,,1,100,,195280,12,,,1,31,,107149,12,,,1,70,,195294,12,,,1,30,,195297,12,,,1,70,,195285,12,,,1,30,,43273,12,,,1,70,,195290,12,,,1,30,,48076,12,,,1,70,,195287,12,,,1,30,,38373,12,,,1,70,,195298,12,,,1,30,,195286,12,,,1,70,,195288,12,,,1,30,,51640,12,,,1,70,,195289,12,,,1,30,,195277,12,,,1,70,,37211,12,,,1,30,,195281,12,,,1,70,,195278,12,,,1,30,,195282,12,,,1,70,,195293,12,,,1,30,,195284,12,,,1,70,,195283,12,,,1,30,,195291,12,,,1,70,,195299,12,,,1,30,,195279,12,,,1,99,,195296,12,,,1,70,,195295,12,,,1
61000,'1',748,,204764,12,,,1
61000,'17',748,,204765,12,,,1
61000,'2',748,,204766,12,,,1
61000,'5',748,,204767,12,,,1
61000,'6',748,,204768,12,,,1
61000,'8',748,,204769,12,,,1
68800,'1',751,,205989,64,,,1,1,,205988,61,,,1
68800,'17',751,,205991,64,,,1,1,,205990,61,,,1
68800,'2',751,,205993,64,,,1,1,,205992,61,,,1
68800,'5',751,,205995,64,,,1,1,,205994,61,,,1
68800,'6',751,,205997,64,,,1,1,,205996,61,,,1
68800,'8',751,,205999,64,,,1,1,,205998,61,,,1
