901,'1',753,,9169,19,,,1,150,,9171,19,,,1,30,,9177,19,,,1,70,,9172,19,,,1,30,,9175,19,,,1,70,,9176,19,,,1,30,,9167,19,,,1,70,,9160,19,,,1,31,,9164,19,,,1,70,,9156,19,,,1,30,,9178,19,,,1,70,,9159,19,,,1,29,,9161,19,,,1,70,,9163,19,,,1,30,,9155,19,,,1,70,,9179,19,,,1,30,,9168,19,,,1,70,,9153,19,,,1,30,,9158,19,,,1,70,,9173,19,,,1,30,,9154,19,,,1,70,,9180,19,,,1,30,,9162,19,,,1,70,,9170,19,,,1,30,,9157,19,,,1,70,,9174,19,,,1,100,,9165,19,,,1,100,,9166,19,,,1
901,'10',548,,9208,19,,,1,71,,9188,19,,,1,22,,9183,19,,,1,73,,9192,19,,,1,31,,9198,19,,,1,71,,9214,19,,,1,30,,9202,19,,,1,70,,9199,19,,,1,28,,9197,19,,,1,70,,9203,19,,,1,28,,9201,19,,,1,71,,9200,19,,,1,30,,9181,19,,,1,71,,9189,19,,,1,30,,9186,19,,,1,70,,9196,19,,,1,32,,9193,19,,,1,71,,9191,19,,,1,30,,9204,19,,,1,72,,9216,19,,,1,34,,9195,19,,,1,71,,9212,19,,,1,28,,9182,19,,,1,68,,9187,19,,,1,31,,9210,19,,,1,68,,9209,19,,,1,26,,9190,19,,,1,68,,9185,19,,,1,26,,9194,19,,,1,70,,9207,19,,,1,30,,9213,19,,,1,70,,9215,19,,,1,30,,9184,19,,,1,70,,9206,19,,,1,29,,9211,19,,,1,70,,9205,19,,,1
901,'11',548,,9244,19,,,1,71,,9224,19,,,1,22,,9219,19,,,1,73,,9228,19,,,1,31,,9234,19,,,1,71,,9250,19,,,1,30,,9238,19,,,1,70,,9235,19,,,1,28,,9233,19,,,1,70,,9239,19,,,1,28,,9237,19,,,1,71,,9236,19,,,1,30,,9217,19,,,1,71,,9225,19,,,1,30,,9222,19,,,1,70,,9232,19,,,1,32,,9229,19,,,1,71,,9227,19,,,1,30,,9240,19,,,1,72,,9252,19,,,1,34,,9231,19,,,1,71,,9248,19,,,1,28,,9218,19,,,1,68,,9223,19,,,1,31,,9246,19,,,1,68,,9245,19,,,1,26,,9226,19,,,1,68,,9221,19,,,1,26,,9230,19,,,1,70,,9243,19,,,1,30,,9249,19,,,1,70,,9251,19,,,1,30,,9220,19,,,1,70,,9242,19,,,1,29,,9247,19,,,1,70,,9241,19,,,1
901,'12',548,,9280,19,,,1,71,,9260,19,,,1,22,,9255,19,,,1,73,,9264,19,,,1,31,,9270,19,,,1,71,,9286,19,,,1,30,,9274,19,,,1,70,,9271,19,,,1,28,,9269,19,,,1,70,,9275,19,,,1,28,,9273,19,,,1,71,,9272,19,,,1,30,,9253,19,,,1,71,,9261,19,,,1,30,,9258,19,,,1,70,,9268,19,,,1,32,,9265,19,,,1,71,,9263,19,,,1,30,,9276,19,,,1,72,,9288,19,,,1,34,,9267,19,,,1,71,,9284,19,,,1,28,,9254,19,,,1,68,,9259,19,,,1,31,,9282,19,,,1,68,,9281,19,,,1,26,,9262,19,,,1,68,,9257,19,,,1,26,,9266,19,,,1,70,,9279,19,,,1,30,,9285,19,,,1,70,,9287,19,,,1,30,,9256,19,,,1,70,,9278,19,,,1,29,,9283,19,,,1,70,,9277,19,,,1
901,'13',548,,9320,19,,,1,71,,9302,19,,,1,22,,9290,19,,,1,73,,9318,19,,,1,31,,9315,19,,,1,71,,9300,19,,,1,30,,9303,19,,,1,70,,9291,19,,,1,28,,9294,19,,,1,70,,9321,19,,,1,28,,9308,19,,,1,71,,9292,19,,,1,30,,9306,19,,,1,71,,9316,19,,,1,30,,9323,19,,,1,70,,9322,19,,,1,32,,9296,19,,,1,71,,9324,19,,,1,30,,9307,19,,,1,73,,9297,19,,,1,33,,9319,19,,,1,71,,9299,19,,,1,28,,9301,19,,,1,67,,9293,19,,,1,33,,9317,19,,,1,67,,9304,19,,,1,26,,9314,19,,,1,68,,9295,19,,,1,26,,9310,19,,,1,70,,9312,19,,,1,30,,9298,19,,,1,70,,9311,19,,,1,30,,9309,19,,,1,70,,9289,19,,,1,29,,9305,19,,,1,70,,9313,19,,,1
901,'14',658,,9330,19,,,1,70,,9350,19,,,1,100,,9336,19,,,1,30,,9342,19,,,1,70,,9335,19,,,1,30,,9347,19,,,1,70,,9353,19,,,1,30,,9338,19,,,1,70,,9326,19,,,1,30,,9333,19,,,1,71,,9340,19,,,1,30,,9325,19,,,1,70,,9331,19,,,1,30,,9351,19,,,1,69,,9327,19,,,1,30,,9345,19,,,1,70,,9337,19,,,1,30,,9352,19,,,1,70,,9334,19,,,1,30,,9332,19,,,1,70,,9346,19,,,1,30,,9328,19,,,1,70,,9343,19,,,1,30,,9341,19,,,1,70,,9349,19,,,1,30,,9348,19,,,1,70,,9355,19,,,1,30,,9354,19,,,1,100,,9344,19,,,1,100,,9329,19,,,1,100,,9339,19,,,1
901,'15',548,,9383,19,,,1,71,,9363,19,,,1,22,,9358,19,,,1,73,,9367,19,,,1,31,,9373,19,,,1,71,,9389,19,,,1,30,,9377,19,,,1,70,,9374,19,,,1,28,,9372,19,,,1,70,,9378,19,,,1,28,,9376,19,,,1,71,,9375,19,,,1,30,,9356,19,,,1,71,,9364,19,,,1,30,,9361,19,,,1,70,,9371,19,,,1,32,,9368,19,,,1,71,,9366,19,,,1,30,,9379,19,,,1,72,,9391,19,,,1,34,,9370,19,,,1,71,,9387,19,,,1,28,,9357,19,,,1,68,,9362,19,,,1,31,,9385,19,,,1,68,,9384,19,,,1,26,,9365,19,,,1,68,,9360,19,,,1,26,,9369,19,,,1,70,,9382,19,,,1,30,,9388,19,,,1,70,,9390,19,,,1,30,,9359,19,,,1,70,,9381,19,,,1,29,,9386,19,,,1,70,,9380,19,,,1
901,'16',548,,9419,19,,,1,71,,9399,19,,,1,22,,9394,19,,,1,73,,9403,19,,,1,31,,9409,19,,,1,71,,9425,19,,,1,30,,9413,19,,,1,70,,9410,19,,,1,28,,9408,19,,,1,70,,9414,19,,,1,28,,9412,19,,,1,71,,9411,19,,,1,30,,9392,19,,,1,71,,9400,19,,,1,30,,9397,19,,,1,70,,9407,19,,,1,32,,9404,19,,,1,71,,9402,19,,,1,30,,9415,19,,,1,72,,9427,19,,,1,34,,9406,19,,,1,71,,9423,19,,,1,28,,9393,19,,,1,68,,9398,19,,,1,31,,9421,19,,,1,68,,9420,19,,,1,26,,9401,19,,,1,68,,9396,19,,,1,26,,9405,19,,,1,70,,9418,19,,,1,30,,9424,19,,,1,70,,9426,19,,,1,30,,9395,19,,,1,70,,9417,19,,,1,29,,9422,19,,,1,70,,9416,19,,,1
901,'17',548,,9459,19,,,1,71,,9441,19,,,1,22,,9429,19,,,1,73,,9457,19,,,1,31,,9454,19,,,1,71,,9439,19,,,1,30,,9442,19,,,1,70,,9430,19,,,1,28,,9433,19,,,1,70,,9460,19,,,1,28,,9447,19,,,1,71,,9431,19,,,1,30,,9445,19,,,1,71,,9455,19,,,1,30,,9462,19,,,1,70,,9461,19,,,1,32,,9435,19,,,1,71,,9463,19,,,1,30,,9446,19,,,1,73,,9436,19,,,1,33,,9458,19,,,1,71,,9438,19,,,1,28,,9440,19,,,1,67,,9432,19,,,1,33,,9456,19,,,1,67,,9443,19,,,1,26,,9453,19,,,1,68,,9434,19,,,1,26,,9449,19,,,1,70,,9451,19,,,1,30,,9437,19,,,1,70,,9450,19,,,1,30,,9448,19,,,1,70,,9428,19,,,1,29,,9444,19,,,1,70,,9452,19,,,1
901,'18',548,,9481,19,,,1,93,,9477,19,,,1,104,,9466,19,,,1,101,,9483,19,,,1,70,,9474,19,,,1,28,,9493,19,,,1,70,,9494,19,,,1,28,,9468,19,,,1,71,,9464,19,,,1,30,,9475,19,,,1,71,,9480,19,,,1,30,,9487,19,,,1,70,,9486,19,,,1,32,,9478,19,,,1,71,,9473,19,,,1,30,,9467,19,,,1,72,,9492,19,,,1,34,,9479,19,,,1,72,,9465,19,,,1,27,,9476,19,,,1,68,,9488,19,,,1,31,,9485,19,,,1,68,,9471,19,,,1,26,,9472,19,,,1,68,,9491,19,,,1,26,,9489,19,,,1,70,,9470,19,,,1,30,,9484,19,,,1,70,,9482,19,,,1,100,,9469,19,,,1,99,,9490,19,,,1
901,'19',548,,9526,19,,,1,71,,9508,19,,,1,22,,9496,19,,,1,73,,9524,19,,,1,31,,9521,19,,,1,71,,9506,19,,,1,30,,9509,19,,,1,70,,9497,19,,,1,28,,9500,19,,,1,70,,9527,19,,,1,28,,9514,19,,,1,71,,9498,19,,,1,30,,9512,19,,,1,71,,9522,19,,,1,30,,9529,19,,,1,70,,9528,19,,,1,32,,9502,19,,,1,71,,9530,19,,,1,30,,9513,19,,,1,73,,9503,19,,,1,33,,9525,19,,,1,71,,9505,19,,,1,28,,9507,19,,,1,67,,9499,19,,,1,33,,9523,19,,,1,67,,9510,19,,,1,26,,9520,19,,,1,68,,9501,19,,,1,26,,9516,19,,,1,70,,9518,19,,,1,30,,9504,19,,,1,70,,9517,19,,,1,30,,9515,19,,,1,70,,9495,19,,,1,29,,9511,19,,,1,70,,9519,19,,,1
901,'2',753,,9547,19,,,1,150,,9549,19,,,1,30,,9555,19,,,1,70,,9550,19,,,1,30,,9553,19,,,1,70,,9554,19,,,1,30,,9545,19,,,1,70,,9538,19,,,1,31,,9542,19,,,1,70,,9534,19,,,1,30,,9556,19,,,1,70,,9537,19,,,1,29,,9539,19,,,1,70,,9541,19,,,1,30,,9533,19,,,1,70,,9557,19,,,1,30,,9546,19,,,1,70,,9531,19,,,1,30,,9536,19,,,1,70,,9551,19,,,1,30,,9532,19,,,1,70,,9558,19,,,1,30,,9540,19,,,1,70,,9548,19,,,1,30,,9535,19,,,1,70,,9552,19,,,1,100,,9543,19,,,1,100,,9544,19,,,1
901,'3',548,,9586,19,,,1,71,,9566,19,,,1,22,,9561,19,,,1,73,,9570,19,,,1,31,,9576,19,,,1,71,,9592,19,,,1,30,,9580,19,,,1,70,,9577,19,,,1,28,,9575,19,,,1,70,,9581,19,,,1,28,,9579,19,,,1,71,,9578,19,,,1,30,,9559,19,,,1,71,,9567,19,,,1,30,,9564,19,,,1,70,,9574,19,,,1,32,,9571,19,,,1,71,,9569,19,,,1,30,,9582,19,,,1,72,,9594,19,,,1,34,,9573,19,,,1,71,,9590,19,,,1,28,,9560,19,,,1,68,,9565,19,,,1,31,,9588,19,,,1,68,,9587,19,,,1,26,,9568,19,,,1,68,,9563,19,,,1,26,,9572,19,,,1,70,,9585,19,,,1,30,,9591,19,,,1,70,,9593,19,,,1,30,,9562,19,,,1,70,,9584,19,,,1,29,,9589,19,,,1,70,,9583,19,,,1
901,'4',548,,9622,19,,,1,71,,9602,19,,,1,22,,9597,19,,,1,73,,9606,19,,,1,31,,9612,19,,,1,71,,9628,19,,,1,30,,9616,19,,,1,70,,9613,19,,,1,28,,9611,19,,,1,70,,9617,19,,,1,28,,9615,19,,,1,71,,9614,19,,,1,30,,9595,19,,,1,71,,9603,19,,,1,30,,9600,19,,,1,70,,9610,19,,,1,32,,9607,19,,,1,71,,9605,19,,,1,30,,9618,19,,,1,72,,9630,19,,,1,34,,9609,19,,,1,71,,9626,19,,,1,28,,9596,19,,,1,68,,9601,19,,,1,31,,9624,19,,,1,68,,9623,19,,,1,26,,9604,19,,,1,68,,9599,19,,,1,26,,9608,19,,,1,70,,9621,19,,,1,30,,9627,19,,,1,70,,9629,19,,,1,30,,9598,19,,,1,70,,9620,19,,,1,29,,9625,19,,,1,70,,9619,19,,,1
901,'5',548,,9662,19,,,1,71,,9644,19,,,1,22,,9632,19,,,1,73,,9660,19,,,1,31,,9657,19,,,1,71,,9642,19,,,1,30,,9645,19,,,1,70,,9633,19,,,1,28,,9636,19,,,1,70,,9663,19,,,1,28,,9650,19,,,1,71,,9634,19,,,1,30,,9648,19,,,1,71,,9658,19,,,1,30,,9665,19,,,1,70,,9664,19,,,1,32,,9638,19,,,1,71,,9666,19,,,1,30,,9649,19,,,1,73,,9639,19,,,1,33,,9661,19,,,1,71,,9641,19,,,1,28,,9643,19,,,1,67,,9635,19,,,1,33,,9659,19,,,1,67,,9646,19,,,1,26,,9656,19,,,1,68,,9637,19,,,1,26,,9652,19,,,1,70,,9654,19,,,1,30,,9640,19,,,1,70,,9653,19,,,1,30,,9651,19,,,1,70,,9631,19,,,1,29,,9647,19,,,1,70,,9655,19,,,1
901,'6',548,,9694,19,,,1,71,,9674,19,,,1,22,,9669,19,,,1,73,,9678,19,,,1,31,,9684,19,,,1,71,,9700,19,,,1,30,,9688,19,,,1,70,,9685,19,,,1,28,,9683,19,,,1,70,,9689,19,,,1,28,,9687,19,,,1,71,,9686,19,,,1,30,,9667,19,,,1,71,,9675,19,,,1,30,,9672,19,,,1,70,,9682,19,,,1,32,,9679,19,,,1,71,,9677,19,,,1,30,,9690,19,,,1,72,,9702,19,,,1,34,,9681,19,,,1,71,,9698,19,,,1,28,,9668,19,,,1,68,,9673,19,,,1,31,,9696,19,,,1,68,,9695,19,,,1,26,,9676,19,,,1,68,,9671,19,,,1,26,,9680,19,,,1,70,,9693,19,,,1,30,,9699,19,,,1,70,,9701,19,,,1,30,,9670,19,,,1,70,,9692,19,,,1,29,,9697,19,,,1,70,,9691,19,,,1
901,'7',548,,9734,19,,,1,71,,9716,19,,,1,22,,9704,19,,,1,73,,9732,19,,,1,31,,9729,19,,,1,71,,9714,19,,,1,30,,9717,19,,,1,70,,9705,19,,,1,28,,9708,19,,,1,70,,9735,19,,,1,28,,9722,19,,,1,71,,9706,19,,,1,30,,9720,19,,,1,71,,9730,19,,,1,30,,9737,19,,,1,70,,9736,19,,,1,32,,9710,19,,,1,71,,9738,19,,,1,30,,9721,19,,,1,73,,9711,19,,,1,33,,9733,19,,,1,71,,9713,19,,,1,28,,9715,19,,,1,67,,9707,19,,,1,33,,9731,19,,,1,67,,9718,19,,,1,26,,9728,19,,,1,68,,9709,19,,,1,26,,9724,19,,,1,70,,9726,19,,,1,30,,9712,19,,,1,70,,9725,19,,,1,30,,9723,19,,,1,70,,9703,19,,,1,29,,9719,19,,,1,70,,9727,19,,,1
901,'8',658,,9744,19,,,1,70,,9764,19,,,1,100,,9750,19,,,1,30,,9756,19,,,1,70,,9749,19,,,1,30,,9761,19,,,1,70,,9767,19,,,1,30,,9752,19,,,1,70,,9740,19,,,1,30,,9747,19,,,1,71,,9754,19,,,1,30,,9739,19,,,1,70,,9745,19,,,1,30,,9765,19,,,1,69,,9741,19,,,1,30,,9759,19,,,1,70,,9751,19,,,1,30,,9766,19,,,1,70,,9748,19,,,1,30,,9746,19,,,1,70,,9760,19,,,1,30,,9742,19,,,1,70,,9757,19,,,1,30,,9755,19,,,1,70,,9763,19,,,1,30,,9762,19,,,1,70,,9769,19,,,1,30,,9768,19,,,1,100,,9758,19,,,1,100,,9743,19,,,1,100,,9753,19,,,1
901,'9',753,,9786,19,,,1,150,,9788,19,,,1,30,,9794,19,,,1,70,,9789,19,,,1,30,,9792,19,,,1,70,,9793,19,,,1,30,,9784,19,,,1,70,,9777,19,,,1,31,,9781,19,,,1,70,,9773,19,,,1,30,,9795,19,,,1,70,,9776,19,,,1,29,,9778,19,,,1,70,,9780,19,,,1,30,,9772,19,,,1,70,,9796,19,,,1,30,,9785,19,,,1,70,,9770,19,,,1,30,,9775,19,,,1,70,,9790,19,,,1,30,,9771,19,,,1,70,,9797,19,,,1,30,,9779,19,,,1,70,,9787,19,,,1,30,,9774,19,,,1,70,,9791,19,,,1,100,,9782,19,,,1,100,,9783,19,,,1
60901,'10',1538,,118255,5,,,1,14,,118256,5,,,1
60901,'11',1538,,118258,5,,,1,14,,118259,5,,,1
60901,'12',1538,,118261,5,,,1,14,,118262,5,,,1
60901,'15',1538,,118264,5,,,1,14,,118265,5,,,1
60901,'16',1538,,118267,5,,,1,14,,118268,5,,,1
60901,'3',1538,,118270,5,,,1,14,,118271,5,,,1
60901,'4',1538,,118273,5,,,1,14,,118274,5,,,1
60901,'6',1538,,118276,5,,,1,14,,118277,5,,,1
