11101,'11',742,,366248,33,0,17,0,3,,366256,33,0,17,0
11101,'13',742,,366330,33,0,17,0,3,,366338,33,0,17,0
11101,'14',742,,366384,33,0,17,0,3,,366392,33,0,17,0
11101,'2',742,,366489,33,0,17,0,3,,261523,33,0,17,0
11101,'3',742,,366549,33,0,17,0,3,,366563,33,0,17,0
11101,'5',742,,366647,33,0,17,0,3,,366661,33,0,17,0
11101,'6',742,,366710,33,0,17,0,3,,366718,33,0,17,0
11101,'7',742,,366763,33,0,17,0,3,,261411,33,0,17,0
11101,'9',742,,366847,33,0,17,0,3,,366855,33,0,17,0
11201,'1',551,,367331,24,,,0,70,,223956,24,,,0,32,,367342,24,,,0,70,,367357,24,,,0,33,,367340,24,,,0,73,,367348,24,,,0,29,,271487,24,,,0,68,,367343,24,,,0,30,,367332,24,,,0,69,,367346,24,,,0,30,,367333,24,,,0,70,,141463,24,,,0,30,,367354,24,,,0,71,,367344,24,,,0,30,,206778,24,,,0,69,,367356,24,,,0,30,,282396,24,,,0,72,,367330,24,,,0,31,,367347,24,,,0,70,,367353,24,,,0,30,,367339,24,,,0,70,,367338,24,,,0,31,,237315,24,,,0,70,,367345,24,,,0,30,,367334,24,,,0,67,,367351,24,,,0,30,,367335,24,,,0,69,,367341,24,,,0,30,,273625,24,,,0,65,,367329,24,,,0,30,,367352,24,,,0,70,,367337,24,,,0,27,,367355,24,,,0,69,,367336,24,,,0,30,,367350,24,,,0,100,,367349,24,,,0
11201,'10',538,,367372,24,,,0,90,,367374,24,,,0,100,,367373,24,,,0,30,,367370,24,,,0,70,,263371,24,,,0,30,,367359,24,,,0,72,,367365,24,,,0,70,,367367,24,,,0,30,,367363,24,,,0,70,,367364,24,,,0,31,,367385,24,,,0,70,,367387,24,,,0,30,,367361,24,,,0,70,,367358,24,,,0,30,,85219,24,,,0,70,,271527,24,,,0,30,,367366,24,,,0,70,,367379,24,,,0,30,,367378,24,,,0,70,,286012,24,,,0,30,,367368,24,,,0,70,,367360,24,,,0,30,,367386,24,,,0,70,,367369,24,,,0,30,,367375,24,,,0,70,,367380,24,,,0,29,,367381,24,,,0,70,,367384,24,,,0,29,,367377,24,,,0,30,,367383,24,,,0,70,,367382,24,,,0,30,,244771,24,,,0,70,,367362,24,,,0,30,,367371,24,,,0,150,,367376,24,,,0
11201,'11',551,,276546,24,,,0,70,,367394,24,,,0,32,,162113,24,,,0,70,,367393,24,,,0,34,,228627,24,,,0,73,,367398,24,,,0,28,,246747,24,,,0,68,,367401,24,,,0,30,,367391,24,,,0,69,,367399,24,,,0,30,,367408,24,,,0,70,,367395,24,,,0,30,,236536,24,,,0,71,,367402,24,,,0,30,,367405,24,,,0,69,,367406,24,,,0,30,,285745,24,,,0,72,,27523,24,,,0,31,,367400,24,,,0,70,,367389,24,,,0,30,,367388,24,,,0,71,,285407,24,,,0,71,,367392,24,,,0,29,,367409,24,,,0,30,,367407,24,,,0,67,,367412,24,,,0,30,,367390,24,,,0,69,,367410,24,,,0,30,,367403,24,,,0,65,,124345,24,,,0,30,,367396,24,,,0,70,,367397,24,,,0,27,,260776,24,,,0,69,,367404,24,,,0,30,,239047,24,,,0,100,,367411,24,,,0
11201,'12',818,,367418,24,,,0,102,,367417,24,,,0,30,,367429,24,,,0,70,,367424,24,,,0,30,,367423,24,,,0,71,,367425,24,,,0,30,,367415,24,,,0,70,,367426,24,,,0,30,,367436,24,,,0,70,,235906,24,,,0,30,,367434,24,,,0,70,,367419,24,,,0,30,,367421,24,,,0,70,,367437,24,,,0,30,,367430,24,,,0,70,,248055,24,,,0,30,,367416,24,,,0,70,,210126,24,,,0,30,,367420,24,,,0,70,,367427,24,,,0,30,,367431,24,,,0,69,,367413,24,,,0,30,,367422,24,,,0,69,,367433,24,,,0,30,,367432,24,,,0,70,,273206,24,,,0,30,,367435,24,,,0,70,,367428,24,,,0,110,,367414,24,,,0
11201,'13',551,,276595,24,,,0,70,,367444,24,,,0,32,,161593,24,,,0,70,,367443,24,,,0,34,,228657,24,,,0,73,,367448,24,,,0,28,,246772,24,,,0,68,,367451,24,,,0,30,,367441,24,,,0,69,,367449,24,,,0,30,,367458,24,,,0,70,,367445,24,,,0,30,,236600,24,,,0,71,,367452,24,,,0,30,,367455,24,,,0,69,,367456,24,,,0,30,,285760,24,,,0,72,,26976,24,,,0,31,,367450,24,,,0,70,,367439,24,,,0,30,,367438,24,,,0,71,,285435,24,,,0,71,,367442,24,,,0,29,,367459,24,,,0,30,,367457,24,,,0,67,,367462,24,,,0,30,,367440,24,,,0,69,,367460,24,,,0,30,,367453,24,,,0,65,,123459,24,,,0,30,,367446,24,,,0,70,,367447,24,,,0,27,,260803,24,,,0,69,,367454,24,,,0,30,,239100,24,,,0,100,,367461,24,,,0
11201,'14',551,,276793,24,,,0,70,,367469,24,,,0,32,,161871,24,,,0,70,,367468,24,,,0,34,,228788,24,,,0,73,,367473,24,,,0,28,,246883,24,,,0,68,,367476,24,,,0,30,,367466,24,,,0,69,,367474,24,,,0,30,,367483,24,,,0,70,,367470,24,,,0,30,,236876,24,,,0,71,,367477,24,,,0,30,,367480,24,,,0,69,,367481,24,,,0,30,,285826,24,,,0,72,,27252,24,,,0,31,,367475,24,,,0,70,,367464,24,,,0,30,,367463,24,,,0,71,,285540,24,,,0,71,,367467,24,,,0,29,,367484,24,,,0,30,,367482,24,,,0,67,,367487,24,,,0,30,,367465,24,,,0,69,,367485,24,,,0,30,,367478,24,,,0,65,,123917,24,,,0,30,,367471,24,,,0,70,,367472,24,,,0,27,,260889,24,,,0,69,,367479,24,,,0,30,,239274,24,,,0,100,,367486,24,,,0
11201,'15',818,,279801,24,,,0,102,,367491,24,,,0,30,,367503,24,,,0,70,,240895,24,,,0,30,,367495,24,,,0,71,,367498,24,,,0,30,,240463,24,,,0,70,,367499,24,,,0,30,,367510,24,,,0,70,,367502,24,,,0,30,,367508,24,,,0,70,,216046,24,,,0,30,,367493,24,,,0,70,,367511,24,,,0,30,,367504,24,,,0,70,,367496,24,,,0,30,,367490,24,,,0,70,,367497,24,,,0,30,,367492,24,,,0,70,,367500,24,,,0,30,,367505,24,,,0,69,,367488,24,,,0,30,,367494,24,,,0,69,,367507,24,,,0,30,,367506,24,,,0,70,,367512,24,,,0,30,,367509,24,,,0,70,,367501,24,,,0,110,,367489,24,,,0
11201,'16',538,,367523,24,,,0,90,,367525,24,,,0,100,,367524,24,,,0,30,,367521,24,,,0,70,,367526,24,,,0,30,,261962,24,,,0,72,,122297,24,,,0,70,,367516,24,,,0,30,,263914,24,,,0,70,,367515,24,,,0,31,,367536,24,,,0,70,,367537,24,,,0,30,,223706,24,,,0,70,,126611,24,,,0,30,,367517,24,,,0,70,,367520,24,,,0,30,,261970,24,,,0,70,,367531,24,,,0,30,,236942,24,,,0,70,,367535,24,,,0,30,,367518,24,,,0,70,,367513,24,,,0,30,,240552,24,,,0,70,,367519,24,,,0,30,,367527,24,,,0,70,,288181,24,,,0,29,,367532,24,,,0,70,,230446,24,,,0,29,,367529,24,,,0,30,,367534,24,,,0,70,,367533,24,,,0,30,,367530,24,,,0,70,,367514,24,,,0,30,,367522,24,,,0,150,,367528,24,,,0
11201,'2',551,,367545,24,,,0,70,,367546,24,,,0,32,,367560,24,,,0,70,,293919,24,,,0,34,,367548,24,,,0,73,,275617,24,,,0,28,,367542,24,,,0,68,,270063,24,,,0,30,,20263,24,,,0,69,,367551,24,,,0,30,,367557,24,,,0,70,,367547,24,,,0,30,,367549,24,,,0,71,,88877,24,,,0,30,,367554,24,,,0,69,,367555,24,,,0,30,,367543,24,,,0,72,,367540,24,,,0,31,,150693,24,,,0,70,,367539,24,,,0,30,,367538,24,,,0,71,,367559,24,,,0,71,,276353,24,,,0,29,,367558,24,,,0,30,,367556,24,,,0,67,,367561,24,,,0,30,,367541,24,,,0,69,,238851,24,,,0,30,,367553,24,,,0,65,,367550,24,,,0,30,,248248,24,,,0,70,,101175,24,,,0,27,,367544,24,,,0,69,,236307,24,,,0,30,,367552,24,,,0,100,,192726,24,,,0
11201,'3',551,,367571,24,,,0,70,,367572,24,,,0,32,,367593,24,,,0,70,,367570,24,,,0,34,,367573,24,,,0,73,,367577,24,,,0,28,,367566,24,,,0,68,,367582,24,,,0,30,,367565,24,,,0,69,,367579,24,,,0,30,,367588,24,,,0,70,,267695,24,,,0,30,,367574,24,,,0,71,,367583,24,,,0,30,,367585,24,,,0,69,,367586,24,,,0,30,,367567,24,,,0,72,,367564,24,,,0,31,,367580,24,,,0,70,,367563,24,,,0,30,,367562,24,,,0,71,,367590,24,,,0,71,,367568,24,,,0,29,,367589,24,,,0,30,,367587,24,,,0,67,,253532,24,,,0,30,,242926,24,,,0,69,,367591,24,,,0,30,,272447,24,,,0,65,,367578,24,,,0,30,,367575,24,,,0,70,,367576,24,,,0,27,,367569,24,,,0,69,,367584,24,,,0,30,,367581,24,,,0,100,,367592,24,,,0
11201,'4',551,,230708,24,,,0,102,,367606,24,,,0,105,,367605,24,,,0,100,,245193,24,,,0,98,,367600,24,,,0,99,,367598,24,,,0,100,,367602,24,,,0,101,,224449,24,,,0,99,,289389,24,,,0,103,,256611,24,,,0,100,,367595,24,,,0,101,,367603,24,,,0,100,,367599,24,,,0,97,,367594,24,,,0,99,,367596,24,,,0,95,,223039,24,,,0,97,,367601,24,,,0,99,,367597,24,,,0,100,,367604,24,,,0
11201,'5',551,,367616,24,,,0,70,,367617,24,,,0,32,,367638,24,,,0,70,,367615,24,,,0,34,,367618,24,,,0,73,,367622,24,,,0,28,,367611,24,,,0,68,,367627,24,,,0,30,,367610,24,,,0,69,,367624,24,,,0,30,,367633,24,,,0,70,,267772,24,,,0,30,,367619,24,,,0,71,,367628,24,,,0,30,,367630,24,,,0,69,,367631,24,,,0,30,,367612,24,,,0,72,,367609,24,,,0,31,,367625,24,,,0,70,,367608,24,,,0,30,,367607,24,,,0,71,,367635,24,,,0,71,,367613,24,,,0,29,,367634,24,,,0,30,,367632,24,,,0,67,,93607,24,,,0,30,,139965,24,,,0,69,,367636,24,,,0,30,,272523,24,,,0,65,,367623,24,,,0,30,,367620,24,,,0,70,,367621,24,,,0,27,,367614,24,,,0,69,,367629,24,,,0,30,,367626,24,,,0,100,,367637,24,,,0
11201,'6',551,,276286,24,,,0,70,,367645,24,,,0,32,,162052,24,,,0,70,,367644,24,,,0,34,,228439,24,,,0,73,,367649,24,,,0,28,,246593,24,,,0,68,,367652,24,,,0,30,,367642,24,,,0,69,,367650,24,,,0,30,,367659,24,,,0,70,,367646,24,,,0,30,,236149,24,,,0,71,,367653,24,,,0,30,,367656,24,,,0,69,,367657,24,,,0,30,,285650,24,,,0,72,,27583,24,,,0,31,,367651,24,,,0,70,,367640,24,,,0,30,,367639,24,,,0,71,,285242,24,,,0,71,,367643,24,,,0,29,,367660,24,,,0,30,,367658,24,,,0,67,,367663,24,,,0,30,,367641,24,,,0,69,,367661,24,,,0,30,,367654,24,,,0,65,,124220,24,,,0,30,,367647,24,,,0,70,,367648,24,,,0,27,,260641,24,,,0,69,,367655,24,,,0,30,,238760,24,,,0,100,,367662,24,,,0
11201,'7',551,,367671,24,,,0,70,,367672,24,,,0,32,,367686,24,,,0,70,,293912,24,,,0,34,,367674,24,,,0,73,,275499,24,,,0,28,,367668,24,,,0,68,,269919,24,,,0,30,,174437,24,,,0,69,,367677,24,,,0,30,,367683,24,,,0,70,,367673,24,,,0,30,,367675,24,,,0,71,,170365,24,,,0,30,,367680,24,,,0,69,,367681,24,,,0,30,,367669,24,,,0,72,,367666,24,,,0,31,,108517,24,,,0,70,,367665,24,,,0,30,,367664,24,,,0,71,,367685,24,,,0,71,,276238,24,,,0,29,,367684,24,,,0,30,,367682,24,,,0,67,,367687,24,,,0,30,,367667,24,,,0,69,,238722,24,,,0,30,,367679,24,,,0,65,,367676,24,,,0,30,,248152,24,,,0,70,,126847,24,,,0,27,,367670,24,,,0,69,,236115,24,,,0,30,,367678,24,,,0,100,,192759,24,,,0
11201,'8',818,,367693,24,,,0,102,,367692,24,,,0,30,,367704,24,,,0,70,,367699,24,,,0,30,,367698,24,,,0,71,,367700,24,,,0,30,,367690,24,,,0,70,,367701,24,,,0,30,,367711,24,,,0,70,,169233,24,,,0,30,,367709,24,,,0,70,,367694,24,,,0,30,,367696,24,,,0,70,,367712,24,,,0,30,,367705,24,,,0,70,,248473,24,,,0,30,,367691,24,,,0,70,,210728,24,,,0,30,,367695,24,,,0,70,,367702,24,,,0,30,,367706,24,,,0,69,,367688,24,,,0,30,,367697,24,,,0,69,,367708,24,,,0,30,,367707,24,,,0,70,,129534,24,,,0,30,,367710,24,,,0,70,,367703,24,,,0,110,,367689,24,,,0
11201,'9',551,,276163,24,,,0,70,,367719,24,,,0,32,,161904,24,,,0,70,,367718,24,,,0,34,,228353,24,,,0,73,,367723,24,,,0,28,,246523,24,,,0,68,,367726,24,,,0,30,,367716,24,,,0,69,,367724,24,,,0,30,,367733,24,,,0,70,,367720,24,,,0,30,,235962,24,,,0,71,,367727,24,,,0,30,,367730,24,,,0,69,,367731,24,,,0,30,,285603,24,,,0,72,,27036,24,,,0,31,,367725,24,,,0,70,,367714,24,,,0,30,,367713,24,,,0,71,,285157,24,,,0,71,,367717,24,,,0,29,,367734,24,,,0,30,,367732,24,,,0,67,,367737,24,,,0,30,,367715,24,,,0,69,,367735,24,,,0,30,,367728,24,,,0,65,,123975,24,,,0,30,,367721,24,,,0,70,,367722,24,,,0,27,,260586,24,,,0,69,,367729,24,,,0,30,,238624,24,,,0,100,,367736,24,,,0
18900,'1',529,,373457,20,,,0,103,,373453,20,,,0,70,,373440,20,,,0,33,,373452,20,,,0,72,,165745,20,,,0,28,,373451,20,,,0,68,,373454,20,,,0,30,,373463,20,,,0,70,,292810,20,,,0,30,,373461,20,,,0,70,,195475,20,,,0,31,,373447,20,,,0,70,,373435,20,,,0,29,,373456,20,,,0,70,,373449,20,,,0,30,,373438,20,,,0,70,,373437,20,,,0,31,,373448,20,,,0,70,,373436,20,,,0,30,,373458,20,,,0,70,,373433,20,,,0,31,,373442,20,,,0,70,,373441,20,,,0,31,,373443,20,,,0,70,,373464,20,,,0,28,,373444,20,,,0,70,,373459,20,,,0,29,,373445,20,,,0,70,,373462,20,,,0,30,,373439,20,,,0,70,,171232,20,,,0,30,,373434,20,,,0,70,,373450,20,,,0,30,,373446,20,,,0,69,,373455,20,,,0,28,,257934,20,,,0,100,,373460,20,,,0
18900,'10',712,,373471,20,,,0,100,,373473,20,,,0,101,,373465,20,,,0,100,,373468,20,,,0,100,,212178,20,,,0,100,,373472,20,,,0,102,,373469,20,,,0,100,,373467,20,,,0,100,,373466,20,,,0,100,,373470,20,,,0,100,,265567,20,,,0,99,,373474,20,,,0,100,,292475,20,,,0
18900,'11',529,,373492,20,,,0,103,,121614,20,,,0,70,,373483,20,,,0,33,,196311,20,,,0,70,,128057,20,,,0,30,,204958,20,,,0,69,,373498,20,,,0,29,,290610,20,,,0,70,,373477,20,,,0,30,,274955,20,,,0,70,,373489,20,,,0,31,,373501,20,,,0,70,,373495,20,,,0,29,,373479,20,,,0,70,,373499,20,,,0,30,,373482,20,,,0,70,,277577,20,,,0,31,,373496,20,,,0,70,,373485,20,,,0,30,,373500,20,,,0,70,,373490,20,,,0,31,,373491,20,,,0,70,,373481,20,,,0,30,,373497,20,,,0,70,,373488,20,,,0,29,,373493,20,,,0,70,,373494,20,,,0,29,,373476,20,,,0,70,,373480,20,,,0,30,,235358,20,,,0,70,,373484,20,,,0,30,,373486,20,,,0,70,,274923,20,,,0,30,,373478,20,,,0,69,,41189,20,,,0,28,,373475,20,,,0,100,,373487,20,,,0
18900,'12',712,,373510,20,,,0,100,,373512,20,,,0,101,,373503,20,,,0,100,,373509,20,,,0,100,,373511,20,,,0,100,,373504,20,,,0,102,,373507,20,,,0,100,,373502,20,,,0,100,,373506,20,,,0,100,,373513,20,,,0,100,,291837,20,,,0,99,,373508,20,,,0,100,,248691,20,,,0,100,,373505,20,,,0
18900,'13',529,,373531,20,,,0,103,,120986,20,,,0,70,,373522,20,,,0,33,,196067,20,,,0,70,,127634,20,,,0,30,,204953,20,,,0,69,,373537,20,,,0,29,,290641,20,,,0,70,,373516,20,,,0,30,,275023,20,,,0,70,,373528,20,,,0,31,,373540,20,,,0,70,,373534,20,,,0,29,,373518,20,,,0,70,,373538,20,,,0,30,,373521,20,,,0,70,,277604,20,,,0,31,,373535,20,,,0,70,,373524,20,,,0,30,,373539,20,,,0,70,,373529,20,,,0,31,,373530,20,,,0,70,,373520,20,,,0,30,,373536,20,,,0,70,,373527,20,,,0,29,,373532,20,,,0,70,,373533,20,,,0,29,,373515,20,,,0,70,,373519,20,,,0,30,,235423,20,,,0,70,,373523,20,,,0,30,,373525,20,,,0,70,,274991,20,,,0,30,,373517,20,,,0,69,,40616,20,,,0,28,,373514,20,,,0,100,,373526,20,,,0
18900,'14',529,,373558,20,,,0,103,,121326,20,,,0,70,,373549,20,,,0,33,,196196,20,,,0,70,,127851,20,,,0,30,,204954,20,,,0,69,,373564,20,,,0,29,,290748,20,,,0,70,,373543,20,,,0,30,,275295,20,,,0,70,,373555,20,,,0,31,,373567,20,,,0,70,,373561,20,,,0,29,,373545,20,,,0,70,,373565,20,,,0,30,,373548,20,,,0,70,,277724,20,,,0,31,,373562,20,,,0,70,,373551,20,,,0,30,,373566,20,,,0,70,,373556,20,,,0,31,,373557,20,,,0,70,,373547,20,,,0,30,,373563,20,,,0,70,,373554,20,,,0,29,,373559,20,,,0,70,,373560,20,,,0,29,,373542,20,,,0,70,,373546,20,,,0,30,,235701,20,,,0,70,,373550,20,,,0,30,,373552,20,,,0,70,,275263,20,,,0,30,,373544,20,,,0,69,,40915,20,,,0,28,,373541,20,,,0,100,,373553,20,,,0
18900,'15',712,,373576,20,,,0,100,,264988,20,,,0,101,,373568,20,,,0,100,,373575,20,,,0,100,,373577,20,,,0,100,,373569,20,,,0,102,,264972,20,,,0,100,,216780,20,,,0,100,,373573,20,,,0,100,,373578,20,,,0,100,,373572,20,,,0,99,,373574,20,,,0,100,,373571,20,,,0,100,,373570,20,,,0
18900,'16',712,,373586,20,,,0,100,,373589,20,,,0,101,,373579,20,,,0,100,,373583,20,,,0,100,,373588,20,,,0,100,,373587,20,,,0,102,,373584,20,,,0,100,,373582,20,,,0,100,,373580,20,,,0,100,,246469,20,,,0,100,,373581,20,,,0,99,,373590,20,,,0,100,,373585,20,,,0
18900,'2',529,,373612,20,,,0,103,,373597,20,,,0,70,,373603,20,,,0,33,,373613,20,,,0,70,,373592,20,,,0,30,,373591,20,,,0,69,,373620,20,,,0,29,,373598,20,,,0,70,,373595,20,,,0,30,,373614,20,,,0,70,,373609,20,,,0,31,,373623,20,,,0,70,,373617,20,,,0,29,,240713,20,,,0,70,,261019,20,,,0,30,,373602,20,,,0,70,,373622,20,,,0,31,,373618,20,,,0,70,,373605,20,,,0,30,,373621,20,,,0,70,,373610,20,,,0,31,,373611,20,,,0,70,,270048,20,,,0,30,,373619,20,,,0,70,,373608,20,,,0,29,,373615,20,,,0,70,,373616,20,,,0,29,,373594,20,,,0,70,,373601,20,,,0,30,,373599,20,,,0,70,,373604,20,,,0,30,,214986,20,,,0,70,,373596,20,,,0,30,,373600,20,,,0,69,,373606,20,,,0,28,,373593,20,,,0,100,,373607,20,,,0
18900,'3',529,,373647,20,,,0,103,,373629,20,,,0,70,,373637,20,,,0,33,,373648,20,,,0,70,,373625,20,,,0,30,,373624,20,,,0,69,,290826,20,,,0,29,,373630,20,,,0,70,,373627,20,,,0,30,,373649,20,,,0,70,,373644,20,,,0,31,,277267,20,,,0,70,,229335,20,,,0,29,,373633,20,,,0,70,,373653,20,,,0,30,,373636,20,,,0,70,,373655,20,,,0,31,,373652,20,,,0,70,,373639,20,,,0,30,,373654,20,,,0,70,,373645,20,,,0,31,,373646,20,,,0,70,,373635,20,,,0,30,,281695,20,,,0,70,,373643,20,,,0,29,,373650,20,,,0,70,,373651,20,,,0,29,,275350,20,,,0,70,,373634,20,,,0,30,,373631,20,,,0,70,,373638,20,,,0,30,,373641,20,,,0,70,,373628,20,,,0,30,,373632,20,,,0,69,,373640,20,,,0,28,,373626,20,,,0,100,,373642,20,,,0
18900,'4',529,,171776,20,,,0,103,,296404,20,,,0,70,,373662,20,,,0,33,,243444,20,,,0,70,,373656,20,,,0,31,,373677,20,,,0,69,,373665,20,,,0,28,,373675,20,,,0,70,,373679,20,,,0,30,,373676,20,,,0,70,,373658,20,,,0,31,,250857,20,,,0,70,,291553,20,,,0,29,,373681,20,,,0,70,,180991,20,,,0,30,,373660,20,,,0,70,,373657,20,,,0,31,,373659,20,,,0,70,,373670,20,,,0,30,,208585,20,,,0,70,,373682,20,,,0,31,,373666,20,,,0,72,,222050,20,,,0,28,,373664,20,,,0,70,,373678,20,,,0,29,,373671,20,,,0,70,,225090,20,,,0,29,,373663,20,,,0,70,,373672,20,,,0,30,,373668,20,,,0,70,,373669,20,,,0,30,,373673,20,,,0,70,,373661,20,,,0,30,,224451,20,,,0,69,,373680,20,,,0,28,,373674,20,,,0,100,,373667,20,,,0
18900,'5',529,,373706,20,,,0,103,,373688,20,,,0,70,,373696,20,,,0,33,,373707,20,,,0,70,,373684,20,,,0,30,,373683,20,,,0,69,,290900,20,,,0,29,,373689,20,,,0,70,,373686,20,,,0,30,,373708,20,,,0,70,,373703,20,,,0,31,,277349,20,,,0,70,,229417,20,,,0,29,,373692,20,,,0,70,,373712,20,,,0,30,,373695,20,,,0,70,,373714,20,,,0,31,,373711,20,,,0,70,,373698,20,,,0,30,,373713,20,,,0,70,,373704,20,,,0,31,,373705,20,,,0,70,,373694,20,,,0,30,,281801,20,,,0,70,,373702,20,,,0,29,,373709,20,,,0,70,,373710,20,,,0,29,,192869,20,,,0,70,,373693,20,,,0,30,,373690,20,,,0,70,,373697,20,,,0,30,,373700,20,,,0,70,,373687,20,,,0,30,,373691,20,,,0,69,,373699,20,,,0,28,,373685,20,,,0,100,,373701,20,,,0
18900,'6',529,,373732,20,,,0,103,,121541,20,,,0,70,,373723,20,,,0,33,,196274,20,,,0,70,,127998,20,,,0,30,,204957,20,,,0,69,,373738,20,,,0,29,,290438,20,,,0,70,,373717,20,,,0,30,,274581,20,,,0,70,,373729,20,,,0,31,,373741,20,,,0,70,,373735,20,,,0,29,,373719,20,,,0,70,,373739,20,,,0,30,,373722,20,,,0,70,,277403,20,,,0,31,,373736,20,,,0,70,,373725,20,,,0,30,,373740,20,,,0,70,,373730,20,,,0,31,,373731,20,,,0,70,,373721,20,,,0,30,,373737,20,,,0,70,,373728,20,,,0,29,,373733,20,,,0,70,,373734,20,,,0,29,,373716,20,,,0,70,,373720,20,,,0,30,,234964,20,,,0,70,,373724,20,,,0,30,,373726,20,,,0,70,,274549,20,,,0,30,,373718,20,,,0,69,,41253,20,,,0,28,,373715,20,,,0,100,,373727,20,,,0
18900,'7',529,,373763,20,,,0,103,,373748,20,,,0,70,,373754,20,,,0,33,,373764,20,,,0,70,,373743,20,,,0,30,,373742,20,,,0,69,,373771,20,,,0,29,,373749,20,,,0,70,,373746,20,,,0,30,,373765,20,,,0,70,,373760,20,,,0,31,,373774,20,,,0,70,,373768,20,,,0,29,,240643,20,,,0,70,,260965,20,,,0,30,,373753,20,,,0,70,,373773,20,,,0,31,,373769,20,,,0,70,,373756,20,,,0,30,,373772,20,,,0,70,,373761,20,,,0,31,,373762,20,,,0,70,,269904,20,,,0,30,,373770,20,,,0,70,,373759,20,,,0,29,,373766,20,,,0,70,,373767,20,,,0,29,,373745,20,,,0,70,,373752,20,,,0,30,,373750,20,,,0,70,,373755,20,,,0,30,,214877,20,,,0,70,,373747,20,,,0,30,,373751,20,,,0,69,,373757,20,,,0,28,,373744,20,,,0,100,,373758,20,,,0
18900,'8',712,,373783,20,,,0,100,,373785,20,,,0,101,,373776,20,,,0,100,,373782,20,,,0,100,,373784,20,,,0,100,,373777,20,,,0,102,,373780,20,,,0,100,,373775,20,,,0,100,,373779,20,,,0,100,,373786,20,,,0,100,,292138,20,,,0,99,,373781,20,,,0,100,,123397,20,,,0,100,,373778,20,,,0
18900,'9',529,,373804,20,,,0,103,,121369,20,,,0,70,,373795,20,,,0,33,,196212,20,,,0,70,,127881,20,,,0,30,,204955,20,,,0,69,,373810,20,,,0,29,,290357,20,,,0,70,,373789,20,,,0,30,,274400,20,,,0,70,,373801,20,,,0,31,,373813,20,,,0,70,,373807,20,,,0,29,,373791,20,,,0,70,,373811,20,,,0,30,,373794,20,,,0,70,,277319,20,,,0,31,,373808,20,,,0,70,,373797,20,,,0,30,,373812,20,,,0,70,,373802,20,,,0,31,,373803,20,,,0,70,,373793,20,,,0,30,,373809,20,,,0,70,,373800,20,,,0,29,,373805,20,,,0,70,,373806,20,,,0,29,,373788,20,,,0,70,,373792,20,,,0,30,,234783,20,,,0,70,,373796,20,,,0,30,,373798,20,,,0,70,,274368,20,,,0,30,,373790,20,,,0,69,,40680,20,,,0,28,,373787,20,,,0,100,,373799,20,,,0
61001,'11',1510,,376227,26,,,0
61001,'13',1510,,376228,26,,,0
61001,'14',1510,,376229,26,,,0
61001,'2',1510,,376230,26,,,0
61001,'3',1510,,376231,26,,,0
61001,'5',1510,,376232,26,,,0
61001,'6',1510,,376233,26,,,0
61001,'7',1510,,376234,26,,,0
61001,'9',1510,,376235,26,,,0
