67501,'10',1546,,508512,,,1
67501,'11',1546,,508715,,,1
67501,'12',1546,,508570,,,1
67501,'15',1546,,508320,,,1
67501,'16',1546,,508266,,,1
67501,'3',1546,,508212,,,1
67501,'4',1546,,507810,,,1
67501,'6',1546,,508158,,,1
67900,'10',716,,770093,,,1,2,,770094,,,1,5,,770095,,,1
67900,'11',716,,770096,,,1,2,,770097,,,1,5,,770098,,,1
67900,'12',716,,770099,,,1,2,,770100,,,1,5,,770101,,,1
67900,'15',716,,770102,,,1,2,,770103,,,1,5,,770104,,,1
67900,'16',716,,770105,,,1,2,,770106,,,1,5,,770107,,,1
67900,'3',716,,770108,,,1,2,,770109,,,1,5,,770110,,,1
67900,'4',716,,770111,,,1,2,,770112,,,1,5,,770113,,,1
67900,'6',716,,770114,,,1,2,,770115,,,1,5,,770116,,,1
69600,'10',802,,770454,,,1,3,,599683,,,1,4,,770453,,,1
69600,'11',802,,770456,,,1,3,,600019,,,1,4,,770455,,,1
69600,'12',802,,770458,,,1,3,,600163,,,1,4,,770457,,,1
69600,'15',802,,770460,,,1,3,,599797,,,1,4,,770459,,,1
69600,'16',802,,770462,,,1,3,,600594,,,1,4,,770461,,,1
69600,'3',802,,770464,,,1,3,,599854,,,1,4,,770463,,,1
69600,'4',802,,770466,,,1,3,,599740,,,1,4,,770465,,,1
69600,'6',802,,770468,,,1,3,,599962,,,1,4,,770467,,,1
