3000,'1',733,,580292,,,1,100,,580271,,,1,70,,580281,,,1,30,,580278,,,1,70,,580279,,,1,31,,580273,,,1,70,,580275,,,1,30,,580274,,,1,70,,580280,,,1,30,,580276,,,1,70,,580277,,,1,30,,580272,,,1,70,,580283,,,1,30,,513611,,,1,70,,539648,,,1,30,,580282,,,1,70,,580287,,,1,31,,580285,,,1,70,,530881,,,1,30,,580286,,,1,70,,580289,,,1,28,,580270,,,1,69,,538364,,,1,30,,580284,,,1,70,,580290,,,1,30,,580293,,,1,70,,580291,,,1,30,,540573,,,1,100,,580288,,,1
3000,'10',732,,580307,,,1,100,,580306,,,1,100,,580304,,,1,101,,580303,,,1,70,,580294,,,1,30,,580311,,,1,70,,580296,,,1,30,,580305,,,1,70,,580300,,,1,30,,492758,,,1,70,,580302,,,1,30,,580299,,,1,70,,580308,,,1,30,,520263,,,1,70,,416027,,,1,31,,580310,,,1,70,,580298,,,1,30,,580301,,,1,70,,580295,,,1,28,,580297,,,1,70,,495622,,,1,30,,580309,,,1,70,,523253,,,1,30,,580312,,,1,70,,580315,,,1,30,,580313,,,1,70,,580316,,,1,56,,580314,,,1
3000,'11',523,,580329,,,1,82,,580335,,,1,18,,395477,,,1,15,,580341,,,1,15,,580342,,,1,56,,580331,,,1,15,,580349,,,1,16,,580327,,,1,13,,580323,,,1,56,,411129,,,1,15,,580325,,,1,16,,580337,,,1,70,,580333,,,1,27,,580345,,,1,69,,531437,,,1,28,,479442,,,1,70,,325926,,,1,30,,580318,,,1,70,,580340,,,1,30,,580321,,,1,68,,580346,,,1,30,,527097,,,1,73,,580336,,,1,31,,580319,,,1,72,,580317,,,1,33,,580320,,,1,12,,533034,0,26,1,57,,580330,,,1,31,,580343,,,1,67,,474356,,,1,29,,580328,,,1,69,,580347,,,1,28,,580334,,,1,70,,434789,,,1,29,,580348,,,1,71,,580332,,,1,30,,580339,,,1,70,,580338,,,1,30,,580326,,,1,100,,511832,,,1
3000,'12',523,,580365,,,1,82,,580370,,,1,18,,580355,,,1,15,,580374,,,1,15,,580375,,,1,56,,580367,,,1,15,,580386,,,1,16,,580363,,,1,13,,580359,,,1,56,,580387,,,1,15,,580361,,,1,16,,528138,,,1,70,,580368,,,1,27,,580382,,,1,69,,580356,,,1,28,,580378,,,1,70,,580376,,,1,30,,580351,,,1,70,,580373,,,1,30,,580354,,,1,68,,580383,,,1,30,,580350,,,1,73,,524167,,,1,31,,580352,,,1,72,,545656,,,1,33,,580353,,,1,12,,580377,0,26,1,57,,522059,,,1,31,,580380,,,1,67,,580379,,,1,29,,580364,,,1,69,,580384,,,1,28,,580369,,,1,70,,580357,,,1,29,,580385,,,1,71,,491117,,,1,30,,580372,,,1,70,,580371,,,1,30,,580362,,,1,100,,580366,,,1
3000,'13',523,,580403,,,1,82,,580408,,,1,18,,580393,,,1,15,,580412,,,1,15,,580413,,,1,56,,580405,,,1,15,,580424,,,1,16,,580401,,,1,13,,580397,,,1,56,,580425,,,1,15,,580399,,,1,16,,527580,,,1,70,,580406,,,1,27,,580420,,,1,69,,580394,,,1,28,,580416,,,1,70,,580414,,,1,30,,580389,,,1,70,,580411,,,1,30,,580392,,,1,68,,580421,,,1,30,,580388,,,1,73,,523742,,,1,31,,580390,,,1,72,,545294,,,1,33,,580391,,,1,12,,580415,0,26,1,57,,521382,,,1,31,,580418,,,1,67,,580417,,,1,29,,580402,,,1,69,,580422,,,1,28,,580407,,,1,70,,580395,,,1,29,,580423,,,1,71,,490525,,,1,30,,580410,,,1,70,,580409,,,1,30,,580400,,,1,100,,580404,,,1
3000,'14',523,,580441,,,1,82,,580446,,,1,18,,580431,,,1,15,,580450,,,1,15,,580451,,,1,56,,580443,,,1,15,,580462,,,1,16,,580439,,,1,13,,580435,,,1,56,,580463,,,1,15,,580437,,,1,16,,527992,,,1,70,,580444,,,1,27,,580458,,,1,69,,580432,,,1,28,,580454,,,1,70,,580452,,,1,30,,580427,,,1,70,,580449,,,1,30,,580430,,,1,68,,580459,,,1,30,,580426,,,1,73,,524059,,,1,31,,580428,,,1,72,,545547,,,1,33,,580429,,,1,12,,580453,0,26,1,57,,521870,,,1,31,,580456,,,1,67,,580455,,,1,29,,580440,,,1,69,,580460,,,1,28,,580445,,,1,70,,580433,,,1,29,,580461,,,1,71,,490952,,,1,30,,580448,,,1,70,,580447,,,1,30,,580438,,,1,100,,580442,,,1
3000,'15',523,,580479,,,1,82,,580484,,,1,18,,580469,,,1,15,,580488,,,1,15,,580489,,,1,56,,580481,,,1,15,,580500,,,1,16,,580477,,,1,13,,580473,,,1,56,,580501,,,1,15,,580475,,,1,16,,527898,,,1,70,,580482,,,1,27,,580496,,,1,69,,580470,,,1,28,,580492,,,1,70,,580490,,,1,30,,580465,,,1,70,,580487,,,1,30,,580468,,,1,68,,580497,,,1,30,,580464,,,1,73,,523983,,,1,31,,580466,,,1,72,,545499,,,1,33,,580467,,,1,12,,580491,0,26,1,57,,521766,,,1,31,,580494,,,1,67,,580493,,,1,29,,580478,,,1,69,,580498,,,1,28,,580483,,,1,70,,580471,,,1,29,,580499,,,1,71,,490850,,,1,30,,580486,,,1,70,,580485,,,1,30,,580476,,,1,100,,580480,,,1
3000,'16',523,,580526,,,1,82,,580510,,,1,18,,580503,,,1,15,,580524,,,1,15,,580533,,,1,56,,580513,,,1,13,,538469,,,1,18,,491637,,,1,15,,580525,,,1,54,,546940,,,1,15,,580521,,,1,16,,580523,,,1,72,,452885,,,1,25,,580527,,,1,69,,580512,,,1,28,,580517,,,1,70,,580502,,,1,30,,580511,,,1,70,,580509,,,1,30,,488859,,,1,68,,580520,,,1,30,,580518,,,1,73,,580531,,,1,31,,580519,,,1,72,,580508,,,1,33,,580506,,,1,69,,580529,,,1,31,,580530,,,1,67,,580532,,,1,29,,580516,,,1,69,,580507,,,1,28,,580515,,,1,70,,483815,,,1,29,,580504,,,1,71,,150922,,,1,30,,580522,,,1,70,,580505,,,1,30,,580528,,,1,100,,580514,,,1
3000,'17',523,,580549,,,1,82,,580554,,,1,18,,580539,,,1,15,,580558,,,1,15,,580559,,,1,56,,580551,,,1,15,,580570,,,1,16,,580547,,,1,13,,580543,,,1,56,,580571,,,1,15,,580545,,,1,16,,527851,,,1,70,,580552,,,1,27,,580566,,,1,69,,580540,,,1,28,,580562,,,1,70,,580560,,,1,30,,580535,,,1,70,,580557,,,1,30,,580538,,,1,68,,580567,,,1,30,,580534,,,1,73,,523945,,,1,31,,580536,,,1,72,,545475,,,1,33,,580537,,,1,12,,580561,0,26,1,57,,521714,,,1,31,,580564,,,1,67,,580563,,,1,29,,580548,,,1,69,,580568,,,1,28,,580553,,,1,70,,580541,,,1,29,,580569,,,1,71,,490799,,,1,30,,580556,,,1,70,,580555,,,1,30,,580546,,,1,100,,580550,,,1
3000,'18',523,,580587,,,1,82,,580592,,,1,18,,580577,,,1,15,,580596,,,1,15,,580597,,,1,56,,580589,,,1,15,,580608,,,1,16,,580585,,,1,13,,580581,,,1,56,,580609,,,1,15,,580583,,,1,16,,528307,,,1,70,,580590,,,1,27,,580604,,,1,69,,580578,,,1,28,,580600,,,1,70,,580598,,,1,30,,580573,,,1,70,,580595,,,1,30,,580576,,,1,68,,580605,,,1,30,,580572,,,1,73,,524302,,,1,31,,580574,,,1,72,,545767,,,1,33,,580575,,,1,12,,580599,0,26,1,57,,522247,,,1,31,,580602,,,1,67,,580601,,,1,29,,580586,,,1,69,,580606,,,1,28,,580591,,,1,70,,580579,,,1,29,,580607,,,1,71,,491300,,,1,30,,580594,,,1,70,,580593,,,1,30,,580584,,,1,100,,580588,,,1
3000,'19',523,,580622,,,1,82,,580629,,,1,18,,580615,,,1,15,,580635,,,1,15,,580636,,,1,56,,580625,,,1,15,,580646,,,1,16,,544579,,,1,13,,357609,,,1,56,,580647,,,1,15,,580619,,,1,16,,580631,,,1,70,,580627,,,1,27,,580643,,,1,69,,580616,,,1,28,,580639,,,1,70,,580637,,,1,30,,580612,,,1,70,,580634,,,1,30,,580614,,,1,68,,478475,,,1,30,,580611,,,1,73,,580630,,,1,31,,580613,,,1,72,,580610,,,1,33,,495793,,,1,12,,580638,0,26,1,57,,580623,,,1,31,,580641,,,1,67,,580640,,,1,29,,580621,,,1,69,,580644,,,1,28,,580628,,,1,70,,580617,,,1,29,,580645,,,1,71,,580626,,,1,30,,580633,,,1,70,,580632,,,1,30,,580620,,,1,100,,580624,,,1
3000,'2',732,,580661,,,1,100,,580660,,,1,100,,580658,,,1,101,,580657,,,1,70,,580648,,,1,30,,368682,,,1,70,,580650,,,1,30,,580659,,,1,70,,580654,,,1,30,,580668,,,1,70,,580656,,,1,30,,580653,,,1,70,,580662,,,1,30,,580664,,,1,70,,580665,,,1,31,,580667,,,1,70,,580652,,,1,30,,525859,,,1,70,,580649,,,1,28,,580651,,,1,70,,580655,,,1,30,,580663,,,1,70,,580666,,,1,30,,580669,,,1,70,,580672,,,1,30,,580670,,,1,70,,580673,,,1,56,,580671,,,1
3000,'20',523,,580689,,,1,82,,580694,,,1,18,,580679,,,1,15,,580698,,,1,15,,580699,,,1,56,,580691,,,1,15,,580710,,,1,16,,580687,,,1,13,,580683,,,1,56,,580711,,,1,15,,580685,,,1,16,,528189,,,1,70,,580692,,,1,27,,580706,,,1,69,,580680,,,1,28,,580702,,,1,70,,580700,,,1,30,,580675,,,1,70,,580697,,,1,30,,580678,,,1,68,,580707,,,1,30,,580674,,,1,73,,524212,,,1,31,,580676,,,1,72,,545687,,,1,33,,580677,,,1,12,,580701,0,26,1,57,,522112,,,1,31,,580704,,,1,67,,580703,,,1,29,,580688,,,1,69,,580708,,,1,28,,580693,,,1,70,,580681,,,1,29,,580709,,,1,71,,491169,,,1,30,,580696,,,1,70,,580695,,,1,30,,580686,,,1,100,,580690,,,1
3000,'21',523,,580738,,,1,82,,580719,,,1,18,,580713,,,1,15,,580736,,,1,15,,580744,,,1,56,,580723,,,1,13,,580722,,,1,18,,580742,,,1,15,,580737,,,1,54,,580734,,,1,15,,580732,,,1,16,,580733,,,1,72,,580731,,,1,25,,580739,,,1,69,,580721,,,1,28,,580727,,,1,70,,580712,,,1,30,,580720,,,1,70,,580718,,,1,30,,580730,,,1,68,,537017,,,1,30,,580728,,,1,73,,515152,,,1,31,,534561,,,1,72,,580717,,,1,33,,546420,,,1,69,,580741,,,1,31,,473525,,,1,67,,580743,,,1,29,,580726,,,1,69,,580716,,,1,28,,580725,,,1,70,,580735,,,1,29,,580714,,,1,71,,580729,,,1,30,,484882,,,1,70,,580715,,,1,30,,580740,,,1,100,,580724,,,1
3000,'22',523,,580760,,,1,82,,580766,,,1,18,,580751,,,1,15,,545354,,,1,15,,580772,,,1,56,,580763,,,1,15,,580781,,,1,16,,580758,,,1,13,,580755,,,1,56,,580782,,,1,15,,465599,,,1,16,,580768,,,1,70,,523123,,,1,27,,580778,,,1,69,,580752,,,1,28,,580775,,,1,70,,580773,,,1,30,,580747,,,1,70,,580771,,,1,30,,580750,,,1,68,,580779,,,1,30,,580746,,,1,73,,580767,,,1,31,,580748,,,1,72,,580745,,,1,33,,580749,,,1,12,,580774,0,26,1,57,,580761,,,1,31,,246506,,,1,67,,580776,,,1,29,,580759,,,1,69,,580780,,,1,28,,580765,,,1,70,,580753,,,1,29,,546468,,,1,71,,580764,,,1,30,,580770,,,1,70,,580769,,,1,30,,580757,,,1,100,,580762,,,1
3000,'23',523,,580813,,,1,82,,580791,,,1,18,,580784,,,1,15,,580811,,,1,15,,580821,,,1,56,,580795,,,1,13,,580794,,,1,18,,580818,,,1,15,,580812,,,1,54,,580809,,,1,15,,580806,,,1,16,,580808,,,1,72,,580805,,,1,25,,580814,,,1,69,,580793,,,1,28,,580799,,,1,70,,580783,,,1,30,,580792,,,1,70,,580790,,,1,30,,580804,,,1,68,,580803,,,1,30,,580800,,,1,73,,580819,,,1,31,,580801,,,1,72,,580789,,,1,33,,580787,,,1,69,,580816,,,1,31,,580817,,,1,67,,580820,,,1,29,,580798,,,1,69,,580788,,,1,28,,580797,,,1,70,,580810,,,1,29,,580785,,,1,71,,580802,,,1,30,,580807,,,1,70,,580786,,,1,30,,580815,,,1,100,,580796,,,1
3000,'3',732,,580836,,,1,100,,580835,,,1,100,,580833,,,1,101,,580832,,,1,70,,580822,,,1,30,,580844,,,1,70,,580824,,,1,30,,580834,,,1,70,,580828,,,1,30,,580843,,,1,70,,580831,,,1,30,,580827,,,1,70,,580837,,,1,30,,580839,,,1,70,,580840,,,1,31,,580842,,,1,70,,580826,,,1,30,,580829,,,1,70,,580823,,,1,28,,580825,,,1,70,,580830,,,1,30,,580838,,,1,70,,580841,,,1,30,,580845,,,1,70,,580848,,,1,30,,580846,,,1,70,,580849,,,1,56,,580847,,,1
3000,'4',733,,580874,,,1,100,,580850,,,1,70,,580860,,,1,30,,519856,,,1,70,,387615,,,1,31,,580852,,,1,70,,580854,,,1,30,,580853,,,1,70,,580859,,,1,30,,580855,,,1,70,,580856,,,1,30,,580851,,,1,70,,580863,,,1,30,,580871,,,1,70,,580862,,,1,30,,580861,,,1,70,,580867,,,1,31,,580865,,,1,70,,580857,,,1,30,,580866,,,1,70,,580869,,,1,28,,472771,,,1,69,,580870,,,1,30,,580864,,,1,70,,580872,,,1,30,,580875,,,1,70,,580873,,,1,30,,580858,,,1,100,,580868,,,1
3000,'5',523,,580876,,,1,82,,580893,,,1,18,,580913,,,1,15,,580896,,,1,15,,580888,,,1,56,,580905,,,1,15,,580907,,,1,16,,580889,,,1,13,,580910,,,1,56,,580886,,,1,15,,580884,,,1,16,,580908,,,1,72,,580898,,,1,25,,580892,,,1,69,,580890,,,1,28,,580912,,,1,70,,580897,,,1,30,,580887,,,1,70,,580883,,,1,30,,580904,,,1,68,,580902,,,1,30,,580909,,,1,73,,580894,,,1,31,,580879,,,1,72,,580914,,,1,33,,580901,,,1,69,,580878,,,1,31,,580899,,,1,67,,580891,,,1,29,,580903,,,1,69,,580882,,,1,28,,580885,,,1,70,,580906,,,1,29,,580911,,,1,71,,580895,,,1,30,,580877,,,1,70,,580881,,,1,30,,580900,,,1,100,,580880,,,1
3000,'6',523,,580937,,,1,82,,580919,,,1,18,,580915,,,1,15,,580936,,,1,15,,580943,,,1,56,,580922,,,1,13,,580921,,,1,18,,580940,,,1,15,,540669,,,1,54,,580934,,,1,15,,430459,,,1,16,,580933,,,1,72,,580931,,,1,25,,580938,,,1,69,,472708,,,1,28,,512938,,,1,70,,512925,,,1,30,,580920,,,1,70,,580918,,,1,30,,580930,,,1,68,,580929,,,1,30,,580926,,,1,73,,580941,,,1,31,,580927,,,1,72,,580917,,,1,33,,580916,,,1,69,,474744,,,1,31,,580939,,,1,67,,580942,,,1,29,,580925,,,1,69,,451881,,,1,28,,580924,,,1,70,,580935,,,1,29,,472699,,,1,71,,580928,,,1,30,,580932,,,1,70,,462799,,,1,30,,460220,,,1,100,,580923,,,1
3000,'7',732,,580957,,,1,100,,580956,,,1,100,,580954,,,1,101,,580953,,,1,70,,580944,,,1,30,,368543,,,1,70,,580946,,,1,30,,580955,,,1,70,,580950,,,1,30,,580964,,,1,70,,580952,,,1,30,,580949,,,1,70,,580958,,,1,30,,580960,,,1,70,,580961,,,1,31,,580963,,,1,70,,580948,,,1,30,,526243,,,1,70,,580945,,,1,28,,580947,,,1,70,,580951,,,1,30,,580959,,,1,70,,580962,,,1,30,,580965,,,1,70,,580968,,,1,30,,580966,,,1,70,,580969,,,1,56,,580967,,,1
3000,'8',523,,580985,,,1,82,,580990,,,1,18,,580975,,,1,15,,580994,,,1,15,,580995,,,1,56,,580987,,,1,15,,581006,,,1,16,,580983,,,1,13,,580979,,,1,56,,581007,,,1,15,,580981,,,1,16,,527945,,,1,70,,580988,,,1,27,,581002,,,1,69,,580976,,,1,28,,580998,,,1,70,,580996,,,1,30,,580971,,,1,70,,580993,,,1,30,,580974,,,1,68,,581003,,,1,30,,580970,,,1,73,,524021,,,1,31,,580972,,,1,72,,545523,,,1,33,,580973,,,1,12,,580997,0,26,1,57,,521818,,,1,31,,581000,,,1,67,,580999,,,1,29,,580984,,,1,69,,581004,,,1,28,,580989,,,1,70,,580977,,,1,29,,581005,,,1,71,,490901,,,1,30,,580992,,,1,70,,580991,,,1,30,,580982,,,1,100,,580986,,,1
3000,'9',523,,581030,,,1,82,,581012,,,1,18,,581008,,,1,15,,581029,,,1,15,,581036,,,1,56,,581015,,,1,13,,581014,,,1,18,,581033,,,1,15,,540952,,,1,54,,581027,,,1,15,,430281,,,1,16,,581026,,,1,72,,581024,,,1,25,,581031,,,1,69,,473275,,,1,28,,513446,,,1,70,,513433,,,1,30,,581013,,,1,70,,581011,,,1,30,,581023,,,1,68,,581022,,,1,30,,581019,,,1,73,,581034,,,1,31,,581020,,,1,72,,581010,,,1,33,,581009,,,1,69,,475169,,,1,31,,581032,,,1,67,,581035,,,1,29,,581018,,,1,69,,452435,,,1,28,,581017,,,1,70,,581028,,,1,29,,473266,,,1,71,,581021,,,1,30,,581025,,,1,70,,463524,,,1,30,,460724,,,1,100,,581016,,,1
3200,'11',556,,423405,,,1,70,,527106,,,1,27,,583043,,,1,70,,530531,,,1,30,,583042,,,1,94,,583044,,,1,583,,583045,,,1
3200,'12',556,,583052,,,1,70,,583050,,,1,27,,583047,,,1,70,,583049,,,1,30,,583046,,,1,94,,583048,,,1,583,,583051,,,1
3200,'13',556,,583059,,,1,70,,583057,,,1,27,,583054,,,1,70,,583056,,,1,30,,583053,,,1,94,,583055,,,1,583,,583058,,,1
3200,'14',556,,583066,,,1,70,,583064,,,1,27,,583061,,,1,70,,583063,,,1,30,,583060,,,1,94,,583062,,,1,583,,583065,,,1
3200,'15',556,,583073,,,1,70,,583071,,,1,27,,583068,,,1,70,,583070,,,1,30,,583067,,,1,94,,583069,,,1,583,,583072,,,1
3200,'16',556,,583079,,,1,70,,583080,,,1,27,,583074,,,1,69,,500176,,,1,31,,583078,,,1,70,,583077,,,1,24,,583076,,,1,583,,583075,,,1
3200,'17',556,,583087,,,1,70,,583085,,,1,27,,583082,,,1,70,,583084,,,1,30,,583081,,,1,94,,583083,,,1,583,,583086,,,1
3200,'18',556,,583094,,,1,70,,583092,,,1,27,,583089,,,1,70,,583091,,,1,30,,583088,,,1,94,,583090,,,1,583,,583093,,,1
3200,'19',556,,583101,,,1,70,,583099,,,1,27,,583096,,,1,70,,583098,,,1,30,,583095,,,1,94,,583097,,,1,583,,583100,,,1
3200,'20',556,,583108,,,1,70,,583106,,,1,27,,583103,,,1,70,,583105,,,1,30,,583102,,,1,94,,583104,,,1,583,,583107,,,1
3200,'21',556,,583114,,,1,70,,583115,,,1,27,,583109,,,1,69,,583111,,,1,31,,583113,,,1,70,,496509,,,1,24,,583112,,,1,583,,583110,,,1
3200,'22',556,,583120,,,1,70,,583119,,,1,27,,496020,,,1,70,,583118,,,1,30,,583116,,,1,94,,583117,,,1,583,,462778,,,1
3200,'23',556,,583127,,,1,70,,583128,,,1,27,,583121,,,1,69,,583123,,,1,31,,583126,,,1,70,,583125,,,1,24,,583124,,,1,583,,583122,,,1
3200,'5',556,,583131,,,1,70,,583136,,,1,27,,583129,,,1,70,,583133,,,1,29,,583135,,,1,71,,583130,,,1,24,,583134,,,1,583,,583132,,,1
3200,'6',556,,583142,,,1,70,,583143,,,1,27,,583137,,,1,69,,583139,,,1,31,,583141,,,1,70,,583140,,,1,24,,473587,,,1,583,,583138,,,1
3200,'8',556,,583150,,,1,70,,583148,,,1,27,,583145,,,1,70,,583147,,,1,30,,583144,,,1,94,,583146,,,1,583,,583149,,,1
3200,'9',556,,583156,,,1,70,,583157,,,1,27,,583151,,,1,69,,583153,,,1,31,,583155,,,1,70,,583154,,,1,24,,474148,,,1,583,,583152,,,1
3600,'1',730,,587037,,,1,101,,481652,,,1,70,,371552,,,1,30,,460831,,,1,70,,587047,,,1,30,,587048,,,1,70,,587036,,,1,30,,587049,,,1,70,,359624,,,1,30,,587040,,,1,70,,587039,,,1,30,,587041,,,1,70,,448356,,,1,30,,413738,,,1,70,,468910,,,1,30,,587044,,,1,70,,482154,,,1,30,,587050,,,1,70,,587042,,,1,30,,587035,,,1,70,,587045,,,1,30,,476346,,,1,70,,587052,,,1,30,,587043,,,1,70,,450887,,,1,30,,587038,,,1,70,,587051,,,1,30,,587046,,,1,99,,431583,,,1,100,,442775,,,1
3600,'10',735,,587055,,,1,101,,587070,,,1,100,,587057,,,1,70,,587063,,,1,30,,587056,,,1,70,,587064,,,1,30,,587058,,,1,70,,587075,,,1,30,,587069,,,1,70,,587065,,,1,30,,587054,,,1,70,,532068,,,1,30,,587076,,,1,70,,587062,,,1,30,,587059,,,1,70,,587071,,,1,30,,587060,,,1,70,,587066,,,1,30,,515487,,,1,70,,587053,,,1,30,,587067,,,1,70,,587068,,,1,100,,587074,,,1,100,,587072,,,1,99,,587073,,,1,100,,587061,,,1
3600,'11',501,,587081,,,1,100,,587095,,,1,31,,489515,,,1,70,,514497,,,1,30,,587097,,,1,70,,482983,,,1,29,,493441,,,1,27,,543233,,,1,70,,587088,,,1,30,,587089,,,1,70,,451430,,,1,30,,587078,,,1,70,,587082,,,1,30,,587091,,,1,70,,544569,,,1,30,,587094,,,1,70,,587098,,,1,30,,587077,,,1,73,,587101,,,1,70,,587092,,,1,30,,587080,,,1,72,,466008,,,1,30,,587102,,,1,70,,587100,,,1,28,,587079,,,1,69,,587087,,,1,30,,400462,,,1,70,,587086,,,1,28,,587090,,,1,30,,587083,,,1,70,,587093,,,1,30,,587085,,,1,70,,587096,,,1,29,,587099,,,1,97,,587084,,,1
3600,'12',501,,587107,,,1,100,,587120,,,1,31,,587130,,,1,70,,587122,,,1,30,,587125,,,1,70,,587104,,,1,29,,587128,,,1,27,,587110,,,1,70,,587114,,,1,30,,587115,,,1,70,,587124,,,1,30,,587103,,,1,70,,587108,,,1,30,,587116,,,1,70,,587132,,,1,30,,587119,,,1,70,,587126,,,1,30,,528991,,,1,73,,510347,,,1,70,,587117,,,1,30,,587106,,,1,72,,587123,,,1,30,,587131,,,1,70,,587129,,,1,28,,587105,,,1,69,,455712,,,1,30,,587113,,,1,70,,587112,,,1,28,,472332,,,1,30,,587109,,,1,70,,587118,,,1,30,,549722,,,1,70,,587121,,,1,29,,587127,,,1,97,,587111,,,1
3600,'13',501,,587137,,,1,100,,587150,,,1,31,,587160,,,1,70,,587152,,,1,30,,587155,,,1,70,,587134,,,1,29,,587158,,,1,27,,587140,,,1,70,,587144,,,1,30,,587145,,,1,70,,587154,,,1,30,,587133,,,1,70,,587138,,,1,30,,587146,,,1,70,,587162,,,1,30,,587149,,,1,70,,587156,,,1,30,,528387,,,1,73,,509855,,,1,70,,587147,,,1,30,,587136,,,1,72,,587153,,,1,30,,587161,,,1,70,,587159,,,1,28,,587135,,,1,69,,381304,,,1,30,,587143,,,1,70,,587142,,,1,28,,471861,,,1,30,,587139,,,1,70,,587148,,,1,30,,549717,,,1,70,,587151,,,1,29,,587157,,,1,97,,587141,,,1
3600,'14',501,,587167,,,1,100,,587180,,,1,31,,587190,,,1,70,,587182,,,1,30,,587185,,,1,70,,587164,,,1,29,,587188,,,1,27,,587170,,,1,70,,587174,,,1,30,,587175,,,1,70,,587184,,,1,30,,587163,,,1,70,,587168,,,1,30,,587176,,,1,70,,587192,,,1,30,,587179,,,1,70,,587186,,,1,30,,528833,,,1,73,,510206,,,1,70,,587177,,,1,30,,587166,,,1,72,,587183,,,1,30,,587191,,,1,70,,587189,,,1,28,,587165,,,1,69,,381853,,,1,30,,587173,,,1,70,,587172,,,1,28,,472202,,,1,30,,587169,,,1,70,,587178,,,1,30,,549721,,,1,70,,587181,,,1,29,,587187,,,1,97,,587171,,,1
3600,'15',501,,587197,,,1,100,,587210,,,1,31,,587220,,,1,70,,587212,,,1,30,,587215,,,1,70,,587194,,,1,29,,587218,,,1,27,,587200,,,1,70,,587204,,,1,30,,587205,,,1,70,,587214,,,1,30,,587193,,,1,70,,587198,,,1,30,,587206,,,1,70,,587222,,,1,30,,587209,,,1,70,,587216,,,1,30,,528727,,,1,73,,510128,,,1,70,,587207,,,1,30,,587196,,,1,72,,587213,,,1,30,,587221,,,1,70,,587219,,,1,28,,587195,,,1,69,,381956,,,1,30,,587203,,,1,70,,587202,,,1,28,,472114,,,1,30,,587199,,,1,70,,587208,,,1,30,,549719,,,1,70,,587211,,,1,29,,587217,,,1,97,,587201,,,1
3600,'16',501,,587234,,,1,100,,587247,,,1,31,,587255,,,1,70,,587252,,,1,30,,587236,,,1,70,,587253,,,1,29,,587246,,,1,27,,587254,,,1,70,,587242,,,1,30,,587229,,,1,70,,587240,,,1,30,,587230,,,1,70,,587232,,,1,30,,587245,,,1,70,,587228,,,1,30,,587226,,,1,70,,587250,,,1,30,,587248,,,1,73,,587235,,,1,70,,587238,,,1,30,,587227,,,1,72,,492665,,,1,30,,315434,,,1,70,,587237,,,1,28,,587244,,,1,69,,587231,,,1,30,,587243,,,1,70,,587249,,,1,28,,587224,,,1,30,,587241,,,1,70,,587225,,,1,30,,587251,,,1,70,,587239,,,1,29,,587233,,,1,97,,587223,,,1
3600,'17',501,,587260,,,1,100,,587273,,,1,31,,587283,,,1,70,,587275,,,1,30,,587278,,,1,70,,587257,,,1,29,,587281,,,1,27,,587263,,,1,70,,587267,,,1,30,,587268,,,1,70,,587277,,,1,30,,587256,,,1,70,,587261,,,1,30,,587269,,,1,70,,587285,,,1,30,,587272,,,1,70,,587279,,,1,30,,528674,,,1,73,,510089,,,1,70,,587270,,,1,30,,587259,,,1,72,,587276,,,1,30,,587284,,,1,70,,587282,,,1,28,,587258,,,1,69,,130384,,,1,30,,587266,,,1,70,,587265,,,1,28,,472070,,,1,30,,587262,,,1,70,,587271,,,1,30,,549718,,,1,70,,587274,,,1,29,,587280,,,1,97,,587264,,,1
3600,'18',501,,587290,,,1,100,,587303,,,1,31,,587313,,,1,70,,587305,,,1,30,,587308,,,1,70,,587287,,,1,29,,587311,,,1,27,,587293,,,1,70,,587297,,,1,30,,587298,,,1,70,,587307,,,1,30,,587286,,,1,70,,587291,,,1,30,,587299,,,1,70,,587315,,,1,30,,587302,,,1,70,,587309,,,1,30,,529175,,,1,73,,510492,,,1,70,,587300,,,1,30,,587289,,,1,72,,587306,,,1,30,,587314,,,1,70,,587312,,,1,28,,587288,,,1,69,,381452,,,1,30,,587296,,,1,70,,587295,,,1,28,,472478,,,1,30,,587292,,,1,70,,587301,,,1,30,,549724,,,1,70,,587304,,,1,29,,587310,,,1,97,,587294,,,1
3600,'19',501,,587321,,,1,100,,587337,,,1,31,,587347,,,1,70,,587339,,,1,30,,587342,,,1,70,,587318,,,1,29,,587345,,,1,27,,587324,,,1,70,,587330,,,1,30,,587331,,,1,70,,587341,,,1,30,,587317,,,1,70,,587322,,,1,30,,587333,,,1,70,,587349,,,1,30,,587336,,,1,70,,587343,,,1,30,,587316,,,1,73,,587348,,,1,70,,587334,,,1,30,,587320,,,1,72,,587340,,,1,30,,474023,,,1,70,,587346,,,1,28,,587319,,,1,69,,587328,,,1,30,,587329,,,1,70,,587327,,,1,28,,587332,,,1,30,,587323,,,1,70,,587335,,,1,30,,587326,,,1,70,,587338,,,1,29,,587344,,,1,97,,587325,,,1
3600,'2',735,,587352,,,1,101,,587368,,,1,100,,587354,,,1,70,,587361,,,1,30,,587353,,,1,70,,587362,,,1,30,,587355,,,1,70,,477404,,,1,30,,587367,,,1,70,,587363,,,1,30,,587351,,,1,70,,587359,,,1,30,,587373,,,1,70,,587360,,,1,30,,587356,,,1,70,,499070,,,1,30,,587357,,,1,70,,587364,,,1,30,,587371,,,1,70,,587350,,,1,30,,587365,,,1,70,,587366,,,1,100,,587372,,,1,100,,587369,,,1,99,,587370,,,1,100,,587358,,,1
3600,'20',501,,587378,,,1,100,,587391,,,1,31,,587401,,,1,70,,587393,,,1,30,,587396,,,1,70,,587375,,,1,29,,587399,,,1,27,,587381,,,1,70,,587385,,,1,30,,587386,,,1,70,,587395,,,1,30,,587374,,,1,70,,587379,,,1,30,,587387,,,1,70,,587403,,,1,30,,587390,,,1,70,,587397,,,1,30,,529048,,,1,73,,510386,,,1,70,,587388,,,1,30,,587377,,,1,72,,587394,,,1,30,,587402,,,1,70,,587400,,,1,28,,587376,,,1,69,,381531,,,1,30,,587384,,,1,70,,587383,,,1,28,,472375,,,1,30,,587380,,,1,70,,587389,,,1,30,,549723,,,1,70,,587392,,,1,29,,587398,,,1,97,,587382,,,1
3600,'21',501,,587416,,,1,100,,587428,,,1,31,,587434,,,1,70,,587432,,,1,30,,587417,,,1,70,,587433,,,1,29,,587426,,,1,27,,525269,,,1,70,,587423,,,1,30,,587411,,,1,70,,587421,,,1,30,,587412,,,1,70,,587414,,,1,30,,587425,,,1,70,,587410,,,1,30,,587408,,,1,70,,480195,,,1,30,,587429,,,1,73,,532745,,,1,70,,587419,,,1,30,,587409,,,1,72,,587427,,,1,30,,587406,,,1,70,,587418,,,1,28,,470576,,,1,69,,587413,,,1,30,,587424,,,1,70,,587430,,,1,28,,587405,,,1,30,,587422,,,1,70,,587407,,,1,30,,587431,,,1,70,,587420,,,1,29,,587415,,,1,97,,587404,,,1
3600,'22',501,,587440,,,1,100,,587453,,,1,31,,587462,,,1,70,,587455,,,1,30,,587458,,,1,70,,587437,,,1,29,,587460,,,1,27,,587442,,,1,70,,587447,,,1,30,,587448,,,1,70,,587457,,,1,30,,587436,,,1,70,,587441,,,1,30,,587450,,,1,70,,587465,,,1,30,,374797,,,1,70,,587459,,,1,30,,587435,,,1,73,,587463,,,1,70,,587451,,,1,30,,587439,,,1,72,,587456,,,1,30,,587464,,,1,70,,587461,,,1,28,,587438,,,1,69,,587445,,,1,30,,587446,,,1,70,,587444,,,1,28,,587449,,,1,30,,452745,,,1,70,,587452,,,1,30,,587443,,,1,70,,587454,,,1,29,,515219,,,1,97,,513787,,,1
3600,'23',501,,587478,,,1,100,,587492,,,1,31,,587500,,,1,70,,587497,,,1,30,,587480,,,1,70,,587498,,,1,29,,587490,,,1,27,,587499,,,1,70,,587486,,,1,30,,587473,,,1,70,,587484,,,1,30,,587474,,,1,70,,587476,,,1,30,,587489,,,1,70,,587472,,,1,30,,587470,,,1,70,,587495,,,1,30,,587493,,,1,73,,587479,,,1,70,,587482,,,1,30,,587471,,,1,72,,587491,,,1,30,,587468,,,1,70,,587481,,,1,28,,587488,,,1,69,,587475,,,1,30,,587487,,,1,70,,587494,,,1,28,,587467,,,1,30,,587485,,,1,70,,587469,,,1,30,,587496,,,1,70,,587483,,,1,29,,587477,,,1,97,,587466,,,1
3600,'3',735,,587503,,,1,101,,587519,,,1,100,,587505,,,1,70,,587512,,,1,30,,587504,,,1,70,,587513,,,1,30,,587506,,,1,70,,587525,,,1,30,,587518,,,1,70,,587514,,,1,30,,587502,,,1,70,,587510,,,1,30,,587526,,,1,70,,587511,,,1,30,,587507,,,1,70,,587520,,,1,30,,587508,,,1,70,,587515,,,1,30,,587523,,,1,70,,587501,,,1,30,,587516,,,1,70,,587517,,,1,100,,587524,,,1,100,,587521,,,1,99,,587522,,,1,100,,587509,,,1
3600,'4',730,,587528,,,1,101,,587543,,,1,70,,587544,,,1,30,,587536,,,1,70,,587545,,,1,30,,486804,,,1,70,,527758,,,1,30,,587546,,,1,70,,587540,,,1,30,,587532,,,1,70,,587531,,,1,30,,587534,,,1,70,,587537,,,1,30,,587541,,,1,70,,587552,,,1,30,,587539,,,1,70,,587530,,,1,30,,587547,,,1,70,,587535,,,1,30,,461048,,,1,70,,587542,,,1,30,,587527,,,1,70,,587551,,,1,30,,587538,,,1,70,,587548,,,1,30,,587529,,,1,70,,587549,,,1,30,,480286,,,1,99,,587533,,,1,100,,587550,,,1
3600,'5',501,,587556,,,1,100,,587579,,,1,31,,587574,,,1,70,,587555,,,1,30,,587564,,,1,70,,587561,,,1,29,,587571,,,1,27,,587575,,,1,70,,587565,,,1,30,,587558,,,1,70,,587559,,,1,30,,587583,,,1,70,,587581,,,1,30,,587568,,,1,70,,587586,,,1,30,,587567,,,1,70,,587578,,,1,30,,587557,,,1,73,,587566,,,1,70,,587563,,,1,30,,587585,,,1,72,,587569,,,1,30,,587562,,,1,70,,587587,,,1,28,,587580,,,1,69,,587582,,,1,30,,587584,,,1,70,,587560,,,1,28,,587554,,,1,30,,587570,,,1,70,,587573,,,1,30,,587577,,,1,70,,587572,,,1,29,,587576,,,1,97,,587553,,,1
3600,'6',501,,477166,,,1,100,,587607,,,1,31,,587612,,,1,70,,587610,,,1,30,,587598,,,1,70,,411695,,,1,29,,587605,,,1,27,,587611,,,1,70,,546927,,,1,30,,587594,,,1,70,,587601,,,1,30,,587595,,,1,70,,479721,,,1,30,,587604,,,1,70,,587593,,,1,30,,587591,,,1,70,,587608,,,1,30,,276460,,,1,73,,587597,,,1,70,,587599,,,1,30,,587592,,,1,72,,587606,,,1,30,,587589,,,1,70,,465629,,,1,28,,587603,,,1,69,,546003,,,1,30,,587602,,,1,70,,478715,,,1,28,,476450,,,1,30,,546481,,,1,70,,587590,,,1,30,,587609,,,1,70,,587600,,,1,29,,587596,,,1,97,,587588,,,1
3600,'7',735,,587615,,,1,101,,587631,,,1,100,,587617,,,1,70,,587624,,,1,30,,587616,,,1,70,,587625,,,1,30,,587618,,,1,70,,477571,,,1,30,,587630,,,1,70,,587626,,,1,30,,587614,,,1,70,,587622,,,1,30,,587636,,,1,70,,587623,,,1,30,,587619,,,1,70,,499289,,,1,30,,587620,,,1,70,,587627,,,1,30,,587634,,,1,70,,587613,,,1,30,,587628,,,1,70,,587629,,,1,100,,587635,,,1,100,,587632,,,1,99,,587633,,,1,100,,587621,,,1
3600,'8',501,,587641,,,1,100,,587654,,,1,31,,587664,,,1,70,,587656,,,1,30,,587659,,,1,70,,587638,,,1,29,,587662,,,1,27,,587644,,,1,70,,587648,,,1,30,,587649,,,1,70,,587658,,,1,30,,587637,,,1,70,,587642,,,1,30,,587650,,,1,70,,587666,,,1,30,,587653,,,1,70,,587660,,,1,30,,528780,,,1,73,,510167,,,1,70,,587651,,,1,30,,587640,,,1,72,,587657,,,1,30,,587665,,,1,70,,587663,,,1,28,,587639,,,1,69,,381799,,,1,30,,587647,,,1,70,,587646,,,1,28,,472158,,,1,30,,587643,,,1,70,,587652,,,1,30,,549720,,,1,70,,587655,,,1,29,,587661,,,1,97,,587645,,,1
3600,'9',501,,477533,,,1,100,,587686,,,1,31,,587691,,,1,70,,587689,,,1,30,,587677,,,1,70,,411267,,,1,29,,587684,,,1,27,,587690,,,1,70,,547116,,,1,30,,587673,,,1,70,,587680,,,1,30,,587674,,,1,70,,480053,,,1,30,,587683,,,1,70,,587672,,,1,30,,587670,,,1,70,,587687,,,1,30,,276351,,,1,73,,587676,,,1,70,,587678,,,1,30,,587671,,,1,72,,587685,,,1,30,,587668,,,1,70,,466179,,,1,28,,587682,,,1,69,,546301,,,1,30,,587681,,,1,70,,479035,,,1,28,,476796,,,1,30,,546799,,,1,70,,587669,,,1,30,,587688,,,1,70,,587679,,,1,29,,587675,,,1,97,,587667,,,1
61800,'11',753,,430166,,,1,47,,670760,,,1
61800,'12',753,,670761,,,1,47,,670762,,,1
61800,'13',753,,670763,,,1,47,,670764,,,1
61800,'14',753,,670765,,,1,47,,670766,,,1
61800,'15',753,,670767,,,1,47,,670768,,,1
61800,'17',753,,670769,,,1,47,,670770,,,1
61800,'18',753,,670771,,,1,47,,670772,,,1
61800,'19',753,,670773,,,1,47,,670774,,,1
61800,'20',753,,670775,,,1,47,,670776,,,1
61800,'22',753,,670777,,,1,47,,670778,,,1
61800,'8',753,,670779,,,1,47,,670780,,,1
63000,'11',827,,670949,,,1
63000,'12',827,,670951,,,1
63000,'13',827,,670953,,,1
63000,'14',827,,670955,,,1
63000,'15',827,,670957,,,1
63000,'17',827,,670959,,,1
63000,'18',827,,670961,,,1
63000,'19',827,,483073,,,1
63000,'20',827,,670963,,,1
63000,'22',827,,670965,,,1
63000,'8',827,,670967,,,1
63700,'11',750,,671062,,,1
63700,'12',750,,514590,,,1
63700,'13',750,,513625,,,1
63700,'14',750,,514316,,,1
63700,'15',750,,514180,,,1
63700,'17',750,,514112,,,1
63700,'18',750,,514865,,,1
63700,'19',750,,671063,,,1
63700,'20',750,,514658,,,1
63700,'22',750,,671064,,,1
63700,'8',750,,514248,,,1
