13800,'1',720,,286218,1,,,1,100,,286222,1,,,1,100,,286224,1,,,1,100,,286217,1,,,1,100,,286225,1,,,1,100,,286228,1,,,1,100,,286229,1,,,1,100,,286220,1,,,1,100,,286226,1,,,1,100,,286216,1,,,1,100,,286219,1,,,1,100,,286230,1,,,1,100,,11717,1,,,1,100,,286221,1,,,1,100,,286223,1,,,1,100,,286227,1,,,1
13800,'10',720,,286234,1,,,1,100,,286238,1,,,1,100,,286240,1,,,1,100,,286233,1,,,1,100,,286241,1,,,1,100,,286244,1,,,1,100,,286245,1,,,1,100,,286236,1,,,1,100,,286242,1,,,1,100,,286231,1,,,1,100,,286235,1,,,1,100,,286246,1,,,1,100,,286232,1,,,1,100,,286237,1,,,1,100,,286239,1,,,1,100,,286243,1,,,1
13800,'11',902,,286250,1,,,1,118,,286255,1,,,1,100,,286248,1,,,1,100,,286249,1,,,1,100,,192899,1,,,1,100,,286254,1,,,1,100,,286253,1,,,1,100,,286252,1,,,1,100,,286251,1,,,1,103,,146209,1,,,1,97,,286247,1,,,1,100,,158320,1,,,1
13800,'12',605,,286260,1,,,1,30,,286271,1,,,1,70,,286268,1,,,1,30,,286264,1,,,1,70,,286257,1,,,1,30,,286256,1,,,1,70,,286270,1,,,1,95,,286265,1,,,1,100,,286273,1,,,1,100,,286267,1,,,1,100,,286262,1,,,1,100,,286259,1,,,1,105,,286274,1,,,1,30,,123962,1,,,1,70,,286258,1,,,1,30,,129932,1,,,1,70,,286269,1,,,1,30,,286272,1,,,1,70,,286266,1,,,1,100,,156805,1,,,1,100,,145245,1,,,1,95,,286263,1,,,1,100,,286261,1,,,1,100,,6172,1,,,1
13800,'13',720,,286278,1,,,1,100,,286281,1,,,1,100,,286283,1,,,1,100,,286277,1,,,1,100,,286284,1,,,1,100,,286287,1,,,1,100,,286288,1,,,1,100,,163070,1,,,1,100,,286285,1,,,1,100,,286275,1,,,1,100,,286279,1,,,1,100,,286289,1,,,1,100,,286276,1,,,1,100,,286280,1,,,1,100,,286282,1,,,1,100,,286286,1,,,1
13800,'14',605,,286301,1,,,1,30,,286303,1,,,1,70,,26415,1,,,1,30,,286294,1,,,1,70,,286308,1,,,1,30,,286304,1,,,1,70,,185338,1,,,1,95,,286306,1,,,1,100,,286295,1,,,1,100,,286297,1,,,1,100,,286293,1,,,1,100,,286296,1,,,1,105,,286307,1,,,1,30,,286292,1,,,1,70,,286291,1,,,1,30,,286290,1,,,1,70,,286309,1,,,1,30,,164189,1,,,1,70,,286299,1,,,1,100,,286310,1,,,1,100,,286300,1,,,1,95,,286302,1,,,1,100,,286305,1,,,1,100,,286298,1,,,1
13800,'15',605,,286315,1,,,1,30,,286326,1,,,1,70,,286323,1,,,1,30,,286319,1,,,1,70,,286312,1,,,1,30,,286311,1,,,1,70,,286325,1,,,1,95,,286320,1,,,1,100,,286328,1,,,1,100,,286322,1,,,1,100,,286317,1,,,1,100,,286314,1,,,1,105,,286329,1,,,1,30,,124207,1,,,1,70,,286313,1,,,1,30,,130107,1,,,1,70,,286324,1,,,1,30,,286327,1,,,1,70,,286321,1,,,1,100,,157029,1,,,1,100,,145347,1,,,1,95,,286318,1,,,1,100,,286316,1,,,1,100,,6809,1,,,1
13800,'16',902,,286334,1,,,1,118,,286341,1,,,1,100,,286332,1,,,1,100,,286333,1,,,1,100,,286331,1,,,1,100,,286340,1,,,1,100,,286339,1,,,1,100,,286338,1,,,1,100,,286337,1,,,1,103,,286335,1,,,1,97,,286330,1,,,1,100,,286336,1,,,1
13800,'17',605,,286353,1,,,1,30,,286355,1,,,1,70,,138461,1,,,1,30,,286346,1,,,1,70,,286360,1,,,1,30,,286356,1,,,1,70,,185234,1,,,1,95,,286358,1,,,1,100,,286347,1,,,1,100,,286349,1,,,1,100,,286345,1,,,1,100,,286348,1,,,1,105,,286359,1,,,1,30,,286344,1,,,1,70,,286343,1,,,1,30,,286342,1,,,1,70,,286361,1,,,1,30,,101625,1,,,1,70,,286351,1,,,1,100,,286362,1,,,1,100,,286352,1,,,1,95,,286354,1,,,1,100,,286357,1,,,1,100,,286350,1,,,1
13800,'18',605,,286374,1,,,1,30,,286376,1,,,1,70,,138588,1,,,1,30,,286367,1,,,1,70,,286381,1,,,1,30,,286377,1,,,1,70,,54819,1,,,1,95,,286379,1,,,1,100,,286368,1,,,1,100,,286370,1,,,1,100,,286366,1,,,1,100,,286369,1,,,1,105,,286380,1,,,1,30,,286365,1,,,1,70,,286364,1,,,1,30,,286363,1,,,1,70,,286382,1,,,1,30,,164241,1,,,1,70,,286372,1,,,1,100,,286383,1,,,1,100,,286373,1,,,1,95,,286375,1,,,1,100,,286378,1,,,1,100,,286371,1,,,1
13800,'2',605,,180405,1,,,1,30,,169826,1,,,1,70,,286393,1,,,1,30,,286387,1,,,1,70,,286402,1,,,1,30,,286398,1,,,1,70,,286397,1,,,1,95,,286400,1,,,1,100,,286388,1,,,1,100,,286390,1,,,1,100,,286386,1,,,1,100,,286389,1,,,1,105,,286401,1,,,1,30,,168091,1,,,1,70,,286385,1,,,1,30,,286384,1,,,1,70,,286403,1,,,1,30,,286395,1,,,1,70,,286392,1,,,1,100,,156056,1,,,1,100,,286394,1,,,1,95,,286396,1,,,1,100,,286399,1,,,1,100,,286391,1,,,1
13800,'3',605,,286410,1,,,1,30,,286421,1,,,1,70,,286419,1,,,1,30,,286415,1,,,1,70,,286404,1,,,1,30,,131321,1,,,1,70,,286420,1,,,1,95,,286416,1,,,1,100,,127809,1,,,1,100,,286418,1,,,1,100,,127800,1,,,1,100,,286406,1,,,1,105,,286422,1,,,1,30,,286411,1,,,1,70,,286405,1,,,1,30,,286407,1,,,1,70,,200104,1,,,1,30,,175717,1,,,1,70,,286417,1,,,1,100,,286409,1,,,1,100,,286408,1,,,1,95,,286414,1,,,1,100,,286413,1,,,1,100,,286412,1,,,1
13800,'4',605,,286427,1,,,1,30,,286438,1,,,1,70,,286435,1,,,1,30,,286431,1,,,1,70,,286424,1,,,1,30,,286423,1,,,1,70,,286437,1,,,1,95,,286432,1,,,1,100,,286440,1,,,1,100,,286434,1,,,1,100,,286429,1,,,1,100,,286426,1,,,1,105,,286441,1,,,1,30,,124332,1,,,1,70,,286425,1,,,1,30,,130191,1,,,1,70,,286436,1,,,1,30,,286439,1,,,1,70,,286433,1,,,1,100,,157126,1,,,1,100,,145400,1,,,1,95,,286430,1,,,1,100,,286428,1,,,1,100,,6750,1,,,1
13800,'5',605,,286446,1,,,1,30,,286457,1,,,1,70,,286454,1,,,1,30,,286450,1,,,1,70,,286443,1,,,1,30,,286442,1,,,1,70,,286456,1,,,1,95,,286451,1,,,1,100,,286459,1,,,1,100,,286453,1,,,1,100,,286448,1,,,1,100,,286445,1,,,1,105,,286460,1,,,1,30,,123446,1,,,1,70,,286444,1,,,1,30,,129548,1,,,1,70,,286455,1,,,1,30,,286458,1,,,1,70,,286452,1,,,1,100,,156325,1,,,1,100,,145028,1,,,1,95,,286449,1,,,1,100,,286447,1,,,1,100,,6113,1,,,1
13800,'6',902,,145867,1,,,1,118,,286471,1,,,1,100,,286463,1,,,1,100,,286464,1,,,1,100,,286462,1,,,1,100,,286470,1,,,1,100,,286469,1,,,1,100,,286468,1,,,1,100,,286467,1,,,1,103,,286465,1,,,1,97,,286461,1,,,1,100,,286466,1,,,1
13800,'7',605,,286482,1,,,1,30,,286484,1,,,1,70,,286479,1,,,1,30,,286475,1,,,1,70,,286490,1,,,1,30,,286486,1,,,1,70,,286485,1,,,1,95,,286488,1,,,1,100,,112870,1,,,1,100,,186174,1,,,1,100,,286474,1,,,1,100,,286476,1,,,1,105,,286489,1,,,1,30,,286473,1,,,1,70,,286472,1,,,1,30,,99632,1,,,1,70,,286491,1,,,1,30,,286481,1,,,1,70,,286478,1,,,1,100,,286492,1,,,1,100,,286480,1,,,1,95,,286483,1,,,1,100,,286487,1,,,1,100,,286477,1,,,1
13800,'8',605,,286501,1,,,1,100,,286504,1,,,1,100,,286510,1,,,1,100,,286500,1,,,1,95,,286493,1,,,1,100,,286506,1,,,1,100,,286505,1,,,1,100,,286499,1,,,1,100,,286502,1,,,1,105,,286509,1,,,1,100,,286503,1,,,1,100,,286497,1,,,1,100,,286496,1,,,1,100,,286508,1,,,1,100,,286507,1,,,1,95,,286494,1,,,1,100,,286498,1,,,1,100,,286495,1,,,1
13800,'9',605,,286515,1,,,1,30,,286526,1,,,1,70,,286523,1,,,1,30,,286519,1,,,1,70,,286512,1,,,1,30,,286511,1,,,1,70,,286525,1,,,1,95,,286520,1,,,1,100,,286528,1,,,1,100,,286522,1,,,1,100,,286517,1,,,1,100,,286514,1,,,1,105,,286529,1,,,1,30,,123904,1,,,1,70,,286513,1,,,1,30,,129887,1,,,1,70,,286524,1,,,1,30,,286527,1,,,1,70,,286521,1,,,1,100,,156746,1,,,1,100,,145219,1,,,1,95,,286518,1,,,1,100,,286516,1,,,1,100,,6431,1,,,1
13801,'1',816,,286542,23,4,,1,100,,286539,23,4,,1,102,,286533,23,4,,1,100,,286534,23,4,,1,101,,160910,23,4,,1,100,,286544,23,4,,1,100,,286540,23,4,,1,100,,286531,23,4,,1,100,,286535,23,4,,1,100,,286543,23,4,,1,99,,286530,23,4,,1,100,,286537,23,4,,1,100,,286538,23,4,,1,98,,286536,23,4,,1,100,,286541,23,4,,1,100,,286532,23,4,,1
13801,'10',816,,286556,23,4,,1,100,,286553,23,4,,1,102,,286548,23,4,,1,100,,286549,23,4,,1,101,,286555,23,4,,1,100,,286558,23,4,,1,100,,286554,23,4,,1,100,,286546,23,4,,1,100,,286550,23,4,,1,100,,286557,23,4,,1,99,,286545,23,4,,1,100,,115333,23,4,,1,100,,286552,23,4,,1,98,,286551,23,4,,1,100,,90664,23,4,,1,100,,286547,23,4,,1
13801,'11',857,,184783,23,4,,1,161,,286568,23,4,,1,100,,286561,23,4,,1,101,,138128,23,4,,1,100,,286564,23,4,,1,100,,286560,23,4,,1,100,,286566,23,4,,1,100,,183777,23,4,,1,100,,286563,23,4,,1,97,,286559,23,4,,1,102,,286567,23,4,,1,100,,286565,23,4,,1,98,,286562,23,4,,1
13801,'12',559,,286576,23,4,,1,73,,286575,25,4,,1,70,,286577,25,4,,1,30,,17526,25,4,,1,71,,142931,25,4,,1,29,,286579,25,4,,1,70,,286581,25,4,,1,55,,192351,23,4,,1,100,,286572,23,4,,1,100,,286573,23,4,,1,100,,286570,23,4,,1,100,,147033,23,4,,1,146,,145674,23,4,,1,30,,286583,23,4,,1,70,,286584,23,4,,1,30,,286582,23,4,,1,70,,286585,23,4,,1,30,,286578,23,4,,1,70,,286580,23,4,,1,56,,286571,23,4,,1,100,,286569,23,4,,1,98,,191723,23,4,,1,100,,286574,23,4,,1,98,,286586,23,4,,1
13801,'13',816,,286599,23,4,,1,100,,196878,23,4,,1,102,,286590,23,4,,1,100,,286591,23,4,,1,101,,286598,23,4,,1,100,,286601,23,4,,1,100,,286596,23,4,,1,100,,286588,23,4,,1,100,,286592,23,4,,1,100,,286600,23,4,,1,99,,286587,23,4,,1,100,,286594,23,4,,1,100,,286595,23,4,,1,98,,286593,23,4,,1,100,,286597,23,4,,1,100,,286589,23,4,,1
13801,'14',559,,286606,23,4,,1,73,,286619,25,4,,1,70,,151466,25,4,,1,30,,286609,25,4,,1,71,,286615,25,4,,1,30,,286610,25,4,,1,69,,286621,25,4,,1,55,,144297,23,4,,1,100,,286617,23,4,,1,100,,177417,23,4,,1,100,,286603,23,4,,1,100,,286618,23,4,,1,146,,286602,23,4,,1,30,,286612,23,4,,1,70,,286614,23,4,,1,30,,286607,23,4,,1,70,,286622,23,4,,1,31,,286611,23,4,,1,70,,286605,23,4,,1,55,,286613,23,4,,1,100,,286608,23,4,,1,98,,286616,23,4,,1,100,,286604,23,4,,1,98,,286620,23,4,,1
13801,'15',559,,286630,23,4,,1,73,,286629,25,4,,1,70,,286631,25,4,,1,30,,18083,25,4,,1,71,,143034,25,4,,1,29,,286633,25,4,,1,70,,286635,25,4,,1,55,,192510,23,4,,1,100,,286626,23,4,,1,100,,286627,23,4,,1,100,,286624,23,4,,1,100,,147148,23,4,,1,146,,145785,23,4,,1,30,,286637,23,4,,1,70,,286638,23,4,,1,30,,286636,23,4,,1,70,,286639,23,4,,1,30,,286632,23,4,,1,70,,286634,23,4,,1,56,,286625,23,4,,1,100,,286623,23,4,,1,98,,191883,23,4,,1,100,,286628,23,4,,1,98,,286640,23,4,,1
13801,'16',857,,286651,23,4,,1,161,,286652,23,4,,1,100,,286642,23,4,,1,101,,286649,23,4,,1,100,,286645,23,4,,1,100,,81246,23,4,,1,100,,286647,23,4,,1,100,,286648,23,4,,1,100,,286644,23,4,,1,97,,286641,23,4,,1,102,,286650,23,4,,1,100,,286646,23,4,,1,98,,286643,23,4,,1
13801,'17',559,,286657,23,4,,1,73,,286670,25,4,,1,70,,151397,25,4,,1,30,,286660,25,4,,1,71,,286666,25,4,,1,30,,286661,25,4,,1,69,,286672,25,4,,1,55,,144255,23,4,,1,100,,286668,23,4,,1,100,,177350,23,4,,1,100,,286654,23,4,,1,100,,286669,23,4,,1,146,,286653,23,4,,1,30,,286663,23,4,,1,70,,286665,23,4,,1,30,,286658,23,4,,1,70,,286673,23,4,,1,31,,286662,23,4,,1,70,,286656,23,4,,1,55,,286664,23,4,,1,100,,286659,23,4,,1,98,,286667,23,4,,1,100,,286655,23,4,,1,98,,286671,23,4,,1
13801,'18',559,,286678,23,4,,1,73,,286691,25,4,,1,70,,151571,25,4,,1,30,,286681,25,4,,1,71,,286687,25,4,,1,30,,286682,25,4,,1,69,,286693,25,4,,1,55,,144348,23,4,,1,100,,286689,23,4,,1,100,,86514,23,4,,1,100,,286675,23,4,,1,100,,286690,23,4,,1,146,,286674,23,4,,1,30,,286684,23,4,,1,70,,286686,23,4,,1,30,,286679,23,4,,1,70,,286694,23,4,,1,31,,286683,23,4,,1,70,,286677,23,4,,1,55,,286685,23,4,,1,100,,286680,23,4,,1,98,,286688,23,4,,1,100,,286676,23,4,,1,98,,286692,23,4,,1
13801,'2',559,,286699,23,4,,1,73,,7726,25,4,,1,70,,286702,25,4,,1,30,,168095,25,4,,1,71,,286708,25,4,,1,30,,286703,25,4,,1,69,,286714,25,4,,1,55,,286712,23,4,,1,100,,286710,23,4,,1,100,,286713,23,4,,1,100,,286696,23,4,,1,100,,286711,23,4,,1,146,,286695,23,4,,1,30,,286705,23,4,,1,70,,286707,23,4,,1,30,,286700,23,4,,1,70,,286715,23,4,,1,31,,286704,23,4,,1,70,,286698,23,4,,1,55,,286706,23,4,,1,100,,286701,23,4,,1,98,,286709,23,4,,1,100,,286697,23,4,,1,98,,152573,23,4,,1
13801,'3',559,,110954,23,4,,1,73,,140535,25,4,,1,70,,286724,25,4,,1,30,,286719,25,4,,1,71,,286723,25,4,,1,29,,180993,25,4,,1,70,,286727,25,4,,1,55,,286716,23,4,,1,100,,286720,23,4,,1,100,,286721,23,4,,1,100,,286717,23,4,,1,100,,286729,23,4,,1,146,,286722,23,4,,1,30,,101579,23,4,,1,70,,189942,23,4,,1,30,,286728,23,4,,1,70,,286730,23,4,,1,30,,286725,23,4,,1,70,,286726,23,4,,1,56,,286718,23,4,,1,100,,125622,23,4,,1,98,,286732,23,4,,1,100,,197751,23,4,,1,98,,286731,23,4,,1
13801,'4',559,,286740,23,4,,1,73,,286739,25,4,,1,70,,286741,25,4,,1,30,,18026,25,4,,1,71,,143086,25,4,,1,29,,286743,25,4,,1,70,,286745,25,4,,1,55,,192579,23,4,,1,100,,286736,23,4,,1,100,,286737,23,4,,1,100,,286734,23,4,,1,100,,147208,23,4,,1,146,,145845,23,4,,1,30,,286747,23,4,,1,70,,286748,23,4,,1,30,,286746,23,4,,1,70,,286749,23,4,,1,30,,286742,23,4,,1,70,,286744,23,4,,1,56,,286735,23,4,,1,100,,286733,23,4,,1,98,,191957,23,4,,1,100,,286738,23,4,,1,98,,286750,23,4,,1
13801,'5',559,,286758,23,4,,1,73,,286757,25,4,,1,70,,286759,25,4,,1,30,,17469,25,4,,1,71,,142711,25,4,,1,29,,286761,25,4,,1,70,,286763,25,4,,1,55,,192003,23,4,,1,100,,286754,23,4,,1,100,,286755,23,4,,1,100,,286752,23,4,,1,100,,146793,23,4,,1,146,,145454,23,4,,1,30,,286765,23,4,,1,70,,286766,23,4,,1,30,,286764,23,4,,1,70,,286767,23,4,,1,30,,286760,23,4,,1,70,,286762,23,4,,1,56,,286753,23,4,,1,100,,286751,23,4,,1,98,,191384,23,4,,1,100,,286756,23,4,,1,98,,286768,23,4,,1
13801,'6',857,,286780,23,4,,1,161,,286781,23,4,,1,100,,286771,23,4,,1,101,,286778,23,4,,1,100,,286774,23,4,,1,100,,286770,23,4,,1,100,,286776,23,4,,1,100,,286777,23,4,,1,100,,286773,23,4,,1,97,,286769,23,4,,1,102,,286779,23,4,,1,100,,286775,23,4,,1,98,,286772,23,4,,1
13801,'7',559,,286785,23,4,,1,73,,286800,25,4,,1,70,,286789,25,4,,1,30,,286788,25,4,,1,71,,286795,25,4,,1,30,,286790,25,4,,1,69,,132111,25,4,,1,55,,286799,23,4,,1,100,,286797,23,4,,1,100,,286802,23,4,,1,100,,11119,23,4,,1,100,,286798,23,4,,1,146,,286782,23,4,,1,30,,286792,23,4,,1,70,,286794,23,4,,1,30,,286786,23,4,,1,70,,194198,23,4,,1,31,,286791,23,4,,1,70,,286784,23,4,,1,55,,286793,23,4,,1,100,,286787,23,4,,1,98,,286796,23,4,,1,100,,286783,23,4,,1,98,,286801,23,4,,1
13801,'8',559,,286811,23,4,,1,143,,286805,25,4,,1,101,,286812,25,4,,1,99,,286806,25,4,,1,55,,286815,23,4,,1,100,,286818,23,4,,1,100,,286817,23,4,,1,100,,286807,23,4,,1,100,,286816,23,4,,1,146,,286808,23,4,,1,100,,286809,23,4,,1,100,,286804,23,4,,1,101,,286820,23,4,,1,55,,286810,23,4,,1,100,,286813,23,4,,1,98,,286814,23,4,,1,100,,286803,23,4,,1,98,,286819,23,4,,1
13801,'9',559,,286828,23,4,,1,73,,286827,25,4,,1,70,,286829,25,4,,1,30,,17753,25,4,,1,71,,142907,25,4,,1,29,,286831,25,4,,1,70,,286833,25,4,,1,55,,192318,23,4,,1,100,,286824,23,4,,1,100,,286825,23,4,,1,100,,286822,23,4,,1,100,,147003,23,4,,1,146,,145642,23,4,,1,30,,286835,23,4,,1,70,,286836,23,4,,1,30,,286834,23,4,,1,70,,286837,23,4,,1,30,,286830,23,4,,1,70,,286832,23,4,,1,56,,286823,23,4,,1,100,,286821,23,4,,1,98,,191684,23,4,,1,100,,286826,23,4,,1,98,,286838,23,4,,1
