26200,'10',535,,642846,,,1,97,,767662,,,1,27,,767663,,,1,90,,611260,,,1
26200,'11',535,,643273,,,1,97,,767664,,,1,27,,767665,,,1,90,,611490,,,1
26200,'12',535,,643450,,,1,97,,767666,,,1,27,,767667,,,1,90,,611591,,,1
26200,'13',535,,767671,,,1,97,,767669,,,1,25,,767668,,,1,92,,767670,,,1
26200,'15',535,,642986,,,1,97,,767672,,,1,27,,767673,,,1,90,,611336,,,1
26200,'16',535,,644037,,,1,97,,767674,,,1,27,,767675,,,1,90,,611925,,,1
26200,'17',535,,767677,,,1,97,,628935,,,1,25,,767676,,,1,92,,620406,,,1
26200,'18',535,,767680,,,1,97,,767679,,,1,26,,767678,,,1,91,,767681,,,1
26200,'19',535,,767685,,,1,97,,767683,,,1,25,,767682,,,1,92,,767684,,,1
26200,'3',535,,643056,,,1,97,,767686,,,1,27,,767687,,,1,90,,611374,,,1
26200,'4',535,,642916,,,1,97,,767688,,,1,27,,767689,,,1,90,,611298,,,1
26200,'5',535,,767692,,,1,97,,767690,,,1,25,,432367,,,1,92,,767691,,,1
26200,'6',535,,643203,,,1,97,,767693,,,1,27,,767694,,,1,90,,611452,,,1
26200,'7',535,,767698,,,1,97,,767696,,,1,25,,767695,,,1,92,,767697,,,1
