3800,'1',446,,321048,17,,,0,408,,321056,17,,,0,76,,321049,17,,,0,75,,321052,17,,,0,30,,321051,17,,,0,70,,321054,17,,,0,31,,184386,17,,,0,70,,321039,17,,,0,30,,321035,17,,,0,71,,321047,17,,,0,30,,321030,17,,,0,70,,321057,17,,,0,32,,321041,17,,,0,70,,149230,17,,,0,30,,321036,17,,,0,70,,246673,17,,,0,30,,284117,17,,,0,69,,321046,17,,,0,30,,321050,17,,,0,70,,321042,17,,,0,29,,154288,17,,,0,65,,321034,17,,,0,25,,321032,17,,,0,30,,233901,17,,,0,70,,321031,17,,,0,30,,321038,17,,,0,70,,321043,17,,,0,30,,321033,17,,,0,70,,321037,17,,,0,30,,183563,17,,,0
3800,'10',714,,321073,17,,,0,96,,321077,17,,,0,28,,321066,17,,,0,70,,321062,17,,,0,30,,321081,17,,,0,70,,321076,17,,,0,30,,321065,17,,,0,70,,321082,17,,,0,30,,321078,17,,,0,70,,321067,17,,,0,30,,321079,17,,,0,70,,321070,17,,,0,30,,321060,17,,,0,70,,321068,17,,,0,30,,321083,17,,,0,70,,224418,17,,,0,30,,321075,17,,,0,70,,321071,17,,,0,30,,321061,17,,,0,70,,321069,17,,,0,30,,222996,17,,,0,70,,276912,17,,,0,30,,321058,17,,,0,70,,321059,17,,,0,30,,213214,17,,,0,70,,207573,17,,,0,30,,321063,17,,,0,70,,321080,17,,,0,30,,321072,17,,,0,70,,321074,17,,,0
3800,'11',446,,321106,17,,,0,367,,321093,16,0,23 39,0,41,,321100,17,,,0,76,,321092,17,,,0,75,,195715,17,,,0,30,,321094,17,,,0,70,,321104,17,,,0,31,,321091,17,,,0,70,,259739,17,,,0,30,,321099,17,,,0,71,,229638,17,,,0,30,,229623,17,,,0,70,,321101,17,,,0,32,,321105,17,,,0,70,,321096,17,,,0,31,,321084,17,,,0,69,,321107,17,,,0,30,,321087,17,,,0,69,,321086,17,,,0,30,,321098,17,,,0,70,,321102,17,,,0,29,,267527,17,,,0,65,,321097,17,,,0,25,,236534,17,,,0,30,,321089,17,,,0,70,,321085,17,,,0,30,,142241,17,,,0,70,,321088,17,,,0,30,,321090,17,,,0,70,,208620,17,,,0,30,,71061,17,,,0
3800,'12',756,,321120,17,,,0,100,,321118,17,,,0,67,,281730,17,,,0,30,,321109,17,,,0,70,,321121,17,,,0,30,,321130,17,,,0,70,,321116,17,,,0,30,,321119,17,,,0,70,,321128,17,,,0,30,,321127,17,,,0,70,,321129,17,,,0,30,,321113,17,,,0,70,,321115,17,,,0,30,,321112,17,,,0,70,,321117,17,,,0,30,,321111,17,,,0,70,,321126,17,,,0,30,,321131,17,,,0,70,,321110,17,,,0,30,,321114,17,,,0,100,,321125,17,,,0,100,,321124,17,,,0,100,,321122,17,,,0,100,,321123,17,,,0
3800,'13',446,,321154,17,,,0,367,,321141,16,0,23 39,0,41,,321148,17,,,0,76,,321140,17,,,0,75,,195303,17,,,0,30,,321142,17,,,0,70,,321152,17,,,0,31,,321139,17,,,0,70,,259778,17,,,0,30,,321147,17,,,0,71,,229668,17,,,0,30,,229653,17,,,0,70,,321149,17,,,0,32,,321153,17,,,0,70,,321144,17,,,0,31,,321132,17,,,0,69,,321155,17,,,0,30,,321135,17,,,0,69,,321134,17,,,0,30,,321146,17,,,0,70,,321150,17,,,0,29,,267552,17,,,0,65,,321145,17,,,0,25,,236598,17,,,0,30,,321137,17,,,0,70,,321133,17,,,0,30,,141765,17,,,0,70,,321136,17,,,0,30,,321138,17,,,0,70,,208675,17,,,0,30,,70616,17,,,0
3800,'14',446,,321179,17,,,0,367,,321166,16,0,23 39,0,41,,321173,17,,,0,76,,321165,17,,,0,75,,195504,17,,,0,30,,321167,17,,,0,70,,321177,17,,,0,31,,321164,17,,,0,70,,259934,17,,,0,30,,321172,17,,,0,71,,229779,17,,,0,30,,229764,17,,,0,70,,321174,17,,,0,32,,321178,17,,,0,70,,321169,17,,,0,31,,321157,17,,,0,69,,321180,17,,,0,30,,321160,17,,,0,69,,321159,17,,,0,30,,321171,17,,,0,70,,321175,17,,,0,29,,267659,17,,,0,65,,321170,17,,,0,25,,236874,17,,,0,30,,321162,17,,,0,70,,321158,17,,,0,30,,142011,17,,,0,70,,321161,17,,,0,30,,321163,17,,,0,70,,208912,17,,,0,30,,70837,17,,,0
3800,'15',756,,321190,17,,,0,100,,321188,17,,,0,67,,321199,17,,,0,30,,321182,17,,,0,70,,321191,17,,,0,30,,218917,17,,,0,70,,321186,17,,,0,30,,321189,17,,,0,70,,321197,17,,,0,30,,321196,17,,,0,70,,321198,17,,,0,30,,321185,17,,,0,70,,268698,17,,,0,30,,267109,17,,,0,70,,321187,17,,,0,30,,321184,17,,,0,70,,278161,17,,,0,30,,321200,17,,,0,70,,321183,17,,,0,30,,227330,17,,,0,100,,321195,17,,,0,100,,321194,17,,,0,100,,321192,17,,,0,100,,321193,17,,,0
3800,'16',714,,267675,17,,,0,96,,281647,17,,,0,28,,321208,17,,,0,70,,262665,17,,,0,30,,143074,17,,,0,70,,321219,17,,,0,30,,212394,17,,,0,70,,321223,17,,,0,30,,321220,17,,,0,70,,321210,17,,,0,30,,321221,17,,,0,70,,321213,17,,,0,30,,321203,17,,,0,70,,321212,17,,,0,30,,321224,17,,,0,70,,321202,17,,,0,30,,321218,17,,,0,70,,321215,17,,,0,30,,321204,17,,,0,70,,231349,17,,,0,30,,321209,17,,,0,70,,321207,17,,,0,30,,291244,17,,,0,70,,321201,17,,,0,30,,321214,17,,,0,70,,321216,17,,,0,30,,321205,17,,,0,70,,321222,17,,,0,30,,181419,17,,,0,70,,321217,17,,,0
3800,'2',446,,265493,17,,,0,367,,233397,16,0,23 39,0,41,,321246,17,,,0,76,,321233,17,,,0,75,,321226,17,,,0,30,,321238,17,,,0,70,,321251,17,,,0,31,,321232,17,,,0,70,,321241,17,,,0,30,,218458,17,,,0,71,,321253,17,,,0,30,,321240,17,,,0,70,,321247,17,,,0,32,,321252,17,,,0,70,,321243,17,,,0,31,,321225,17,,,0,69,,321254,17,,,0,30,,270813,17,,,0,69,,321227,17,,,0,30,,321245,17,,,0,70,,321249,17,,,0,29,,321248,17,,,0,65,,321244,17,,,0,25,,321234,17,,,0,30,,321230,17,,,0,70,,211365,17,,,0,30,,321237,17,,,0,70,,321228,17,,,0,30,,321231,17,,,0,70,,321239,17,,,0,30,,321242,17,,,0
3800,'3',446,,321286,17,,,0,367,,321266,16,0,23 39,0,41,,321278,17,,,0,76,,63868,17,,,0,75,,321256,17,,,0,30,,321270,17,,,0,70,,321283,17,,,0,31,,321264,17,,,0,70,,321274,17,,,0,30,,321277,17,,,0,71,,321285,17,,,0,30,,321272,17,,,0,70,,321279,17,,,0,32,,321284,17,,,0,70,,254744,17,,,0,31,,29211,17,,,0,69,,176648,17,,,0,30,,321259,17,,,0,69,,321258,17,,,0,30,,230466,17,,,0,70,,321281,17,,,0,29,,321280,17,,,0,65,,321276,17,,,0,25,,321265,17,,,0,30,,321262,17,,,0,70,,321257,17,,,0,30,,321269,17,,,0,70,,321260,17,,,0,30,,321263,17,,,0,70,,321271,17,,,0,30,,321275,17,,,0
3800,'4',446,,321302,17,,,0,408,,321314,17,,,0,76,,321309,17,,,0,75,,321297,17,,,0,30,,321313,17,,,0,70,,287732,17,,,0,31,,321308,17,,,0,70,,321311,17,,,0,30,,321289,17,,,0,71,,321315,17,,,0,30,,215106,17,,,0,70,,281373,17,,,0,32,,321301,17,,,0,70,,321305,17,,,0,29,,321300,17,,,0,71,,291070,17,,,0,31,,321295,17,,,0,68,,321299,17,,,0,30,,321293,17,,,0,70,,321291,17,,,0,29,,321306,17,,,0,65,,321292,17,,,0,25,,321296,17,,,0,30,,321303,17,,,0,70,,321310,17,,,0,30,,321312,17,,,0,70,,321304,17,,,0,30,,321294,17,,,0,70,,225687,17,,,0,30,,321290,17,,,0
3800,'5',446,,321346,17,,,0,367,,321326,16,0,23 39,0,41,,321338,17,,,0,76,,216317,17,,,0,75,,321316,17,,,0,30,,321330,17,,,0,70,,321343,17,,,0,31,,321324,17,,,0,70,,321334,17,,,0,30,,321337,17,,,0,71,,321345,17,,,0,30,,321332,17,,,0,70,,321339,17,,,0,32,,321344,17,,,0,70,,254819,17,,,0,31,,217144,17,,,0,69,,222366,17,,,0,30,,321319,17,,,0,69,,321318,17,,,0,30,,183717,17,,,0,70,,321341,17,,,0,29,,321340,17,,,0,65,,321336,17,,,0,25,,321325,17,,,0,30,,321322,17,,,0,70,,321317,17,,,0,30,,321329,17,,,0,70,,321320,17,,,0,30,,321323,17,,,0,70,,321331,17,,,0,30,,321335,17,,,0
3800,'6',446,,321370,17,,,0,367,,321357,16,0,23 39,0,41,,321364,17,,,0,76,,321356,17,,,0,75,,195652,17,,,0,30,,321358,17,,,0,70,,321368,17,,,0,31,,321355,17,,,0,70,,259526,17,,,0,30,,321363,17,,,0,71,,229477,17,,,0,30,,229462,17,,,0,70,,321365,17,,,0,32,,321369,17,,,0,70,,321360,17,,,0,31,,321348,17,,,0,69,,321371,17,,,0,30,,321351,17,,,0,69,,321350,17,,,0,30,,321362,17,,,0,70,,321366,17,,,0,29,,267374,17,,,0,65,,321361,17,,,0,25,,236147,17,,,0,30,,321353,17,,,0,70,,321349,17,,,0,30,,142180,17,,,0,70,,321352,17,,,0,30,,321354,17,,,0,70,,208259,17,,,0,30,,71107,17,,,0
3800,'7',446,,265376,17,,,0,367,,233335,16,0,23 39,0,41,,321394,17,,,0,76,,321381,17,,,0,75,,321374,17,,,0,30,,321386,17,,,0,70,,321399,17,,,0,31,,321380,17,,,0,70,,321389,17,,,0,30,,218292,17,,,0,71,,321401,17,,,0,30,,321388,17,,,0,70,,321395,17,,,0,32,,321400,17,,,0,70,,321391,17,,,0,31,,321373,17,,,0,69,,321402,17,,,0,30,,270714,17,,,0,69,,321375,17,,,0,30,,321393,17,,,0,70,,321397,17,,,0,29,,321396,17,,,0,65,,321392,17,,,0,25,,321382,17,,,0,30,,321378,17,,,0,70,,211216,17,,,0,30,,321385,17,,,0,70,,321376,17,,,0,30,,321379,17,,,0,70,,321387,17,,,0,30,,321390,17,,,0
3800,'8',756,,321415,17,,,0,100,,321413,17,,,0,67,,282160,17,,,0,30,,321404,17,,,0,70,,321416,17,,,0,30,,321425,17,,,0,70,,321411,17,,,0,30,,321414,17,,,0,70,,321423,17,,,0,30,,321422,17,,,0,70,,321424,17,,,0,30,,321408,17,,,0,70,,321410,17,,,0,30,,321407,17,,,0,70,,321412,17,,,0,30,,321406,17,,,0,70,,321421,17,,,0,30,,321426,17,,,0,70,,321405,17,,,0,30,,321409,17,,,0,100,,321420,17,,,0,100,,321419,17,,,0,100,,321417,17,,,0,100,,321418,17,,,0
3800,'9',446,,321449,17,,,0,367,,321436,16,0,23 39,0,41,,321443,17,,,0,76,,321435,17,,,0,75,,195535,17,,,0,30,,321437,17,,,0,70,,321447,17,,,0,31,,321434,17,,,0,70,,259426,17,,,0,30,,321442,17,,,0,71,,229388,17,,,0,30,,229373,17,,,0,70,,321444,17,,,0,32,,321448,17,,,0,70,,321439,17,,,0,31,,321427,17,,,0,69,,321450,17,,,0,30,,321430,17,,,0,69,,321429,17,,,0,30,,321441,17,,,0,70,,321445,17,,,0,29,,267298,17,,,0,65,,321440,17,,,0,25,,235960,17,,,0,30,,321432,17,,,0,70,,321428,17,,,0,30,,142045,17,,,0,70,,321431,17,,,0,30,,321433,17,,,0,70,,208082,17,,,0,30,,70662,17,,,0
3801,'1',616,,321459,16,,,0,87,,259609,16,,,0,31,,321475,16,,,0,70,,321477,16,,,0,32,,321463,16,,,0,68,,321474,16,,,0,28,,321469,16,,,0,70,,321470,16,,,0,30,,321454,16,,,0,71,,321464,16,,,0,30,,321462,16,,,0,70,,321465,16,,,0,30,,209510,16,,,0,70,,235187,16,,,0,31,,321453,16,,,0,71,,321466,16,,,0,30,,240331,16,,,0,70,,281960,16,,,0,345,,215755,16,,,0,70,,321473,16,,,0,30,,321471,16,,,0,70,,275658,16,,,0,30,,321460,16,,,0,70,,321452,16,,,0,30,,321458,16,,,0,70,,321468,16,,,0,97,,321461,16,,,0
3801,'10',638,,321505,16,,,0,100,,321479,16,,,0,70,,321500,16,,,0,31,,321499,16,,,0,70,,321495,16,,,0,30,,321498,16,,,0,70,,321483,16,,,0,30,,321501,16,,,0,70,,321490,16,,,0,30,,321494,16,,,0,70,,278296,16,,,0,30,,321497,16,,,0,70,,321486,16,,,0,30,,321491,16,,,0,70,,321482,16,,,0,30,,321481,16,,,0,70,,321503,16,,,0,30,,223497,16,,,0,70,,321485,16,,,0,30,,321480,16,,,0,70,,321489,16,,,0,30,,321502,16,,,0,70,,321492,16,,,0,30,,270141,16,,,0,70,,149478,16,,,0,30,,321488,16,,,0,70,,251783,16,,,0,29,,321484,16,,,0,70,,321496,16,,,0,30,,321493,16,,,0,70,,252445,16,,,0,100,,321478,16,0,27 28,0,30,,321504,16,0,27 28,0,70,,321487,16,0,27 28,0
3801,'11',616,,286039,16,,,0,87,,321520,16,,,0,31,,254520,16,,,0,70,,193309,16,,,0,30,,321522,16,,,0,70,,321508,16,,,0,28,,321511,16,,,0,70,,321506,16,,,0,30,,321524,16,,,0,71,,321526,16,,,0,30,,321525,16,,,0,70,,321529,16,,,0,30,,321523,16,,,0,70,,321513,16,,,0,31,,321514,16,,,0,71,,321519,16,,,0,30,,321515,16,,,0,22,,225726,7,,,0,46,,321512,16,,,0,347,,247784,16,,,0,100,,321531,16,,,0,70,,321517,16,,,0,30,,321528,16,,,0,70,,134103,16,,,0,30,,288366,16,,,0,70,,321521,16,,,0,97,,321507,16,,,0
3801,'12',854,,321553,16,,,0,70,,321555,16,,,0,30,,321554,16,,,0,70,,321544,16,,,0,30,,321551,16,,,0,70,,321543,16,,,0,30,,129357,16,,,0,70,,321532,16,,,0,30,,321547,16,,,0,70,,321539,16,,,0,30,,321545,16,,,0,70,,321537,16,,,0,30,,321534,16,,,0,70,,321549,16,,,0,30,,321546,16,,,0,70,,321533,16,,,0,30,,321542,16,,,0,70,,321535,16,,,0,30,,321548,16,,,0,70,,321552,16,,,0,30,,321541,16,,,0,70,,321540,16,,,0,30,,321536,16,,,0,69,,321550,16,,,0,100,,321538,16,,,0
3801,'13',616,,286054,16,,,0,87,,321570,16,,,0,31,,254551,16,,,0,70,,193002,16,,,0,30,,321572,16,,,0,70,,321558,16,,,0,28,,321561,16,,,0,70,,321556,16,,,0,30,,321574,16,,,0,71,,321576,16,,,0,30,,321575,16,,,0,70,,321579,16,,,0,30,,321573,16,,,0,70,,321563,16,,,0,31,,321564,16,,,0,71,,321569,16,,,0,30,,321565,16,,,0,22,,225764,7,,,0,46,,321562,16,,,0,347,,247819,16,,,0,100,,321581,16,,,0,70,,321567,16,,,0,30,,321578,16,,,0,70,,133460,16,,,0,30,,288380,16,,,0,70,,321571,16,,,0,97,,321557,16,,,0
3801,'14',616,,286124,16,,,0,87,,321596,16,,,0,31,,254677,16,,,0,70,,193172,16,,,0,30,,321598,16,,,0,70,,321584,16,,,0,28,,321587,16,,,0,70,,321582,16,,,0,30,,321600,16,,,0,71,,321602,16,,,0,30,,321601,16,,,0,70,,321605,16,,,0,30,,321599,16,,,0,70,,321589,16,,,0,31,,321590,16,,,0,71,,321595,16,,,0,30,,321591,16,,,0,22,,225883,7,,,0,46,,321588,16,,,0,347,,247973,16,,,0,100,,321607,16,,,0,70,,321593,16,,,0,30,,321604,16,,,0,70,,133793,16,,,0,30,,288444,16,,,0,70,,321597,16,,,0,97,,321583,16,,,0
3801,'15',854,,321624,16,,,0,70,,321626,16,,,0,30,,321625,16,,,0,70,,321619,16,,,0,30,,321623,16,,,0,70,,321618,16,,,0,30,,321617,16,,,0,70,,321608,16,,,0,30,,292599,16,,,0,70,,321613,16,,,0,30,,207050,16,,,0,70,,321612,16,,,0,30,,321610,16,,,0,70,,321621,16,,,0,30,,321620,16,,,0,70,,321609,16,,,0,30,,321616,16,,,0,70,,216030,16,,,0,30,,213360,16,,,0,70,,248530,16,,,0,30,,321615,16,,,0,70,,321614,16,,,0,30,,321611,16,,,0,69,,321622,16,,,0,100,,125412,16,,,0
3801,'16',638,,321655,16,,,0,100,,321629,16,,,0,70,,321650,16,,,0,31,,321649,16,,,0,70,,321646,16,,,0,30,,149657,16,,,0,70,,321636,16,,,0,30,,321651,16,,,0,70,,285055,16,,,0,30,,321644,16,,,0,70,,321630,16,,,0,30,,321648,16,,,0,70,,321638,16,,,0,30,,321641,16,,,0,70,,321635,16,,,0,30,,321634,16,,,0,70,,321653,16,,,0,30,,321645,16,,,0,70,,190799,16,,,0,30,,321631,16,,,0,70,,321640,16,,,0,30,,321652,16,,,0,70,,321642,16,,,0,30,,321628,16,,,0,70,,321656,16,,,0,30,,263916,16,,,0,70,,321633,16,,,0,29,,321637,16,,,0,70,,321647,16,,,0,30,,321643,16,,,0,70,,321632,16,,,0,100,,321627,16,0,27 28,0,30,,321654,16,0,27 28,0,70,,321639,16,0,27 28,0
3801,'2',616,,321677,16,,,0,87,,321672,16,,,0,31,,321666,16,,,0,70,,321681,16,,,0,30,,321674,16,,,0,70,,321659,16,,,0,28,,321662,16,,,0,70,,215697,16,,,0,30,,254426,16,,,0,71,,321678,16,,,0,30,,321676,16,,,0,70,,218488,16,,,0,30,,142375,16,,,0,70,,321665,16,,,0,31,,271442,16,,,0,71,,321671,16,,,0,30,,321667,16,,,0,22,,321682,7,,,0,46,,321664,16,,,0,347,,321675,16,,,0,100,,321684,16,,,0,70,,321669,16,,,0,30,,321680,16,,,0,70,,321657,16,,,0,30,,321663,16,,,0,70,,321673,16,,,0,97,,321658,16,,,0
3801,'3',616,,321707,16,,,0,87,,321700,16,,,0,31,,321695,16,,,0,70,,321709,16,,,0,30,,321702,16,,,0,70,,276094,16,,,0,28,,321690,16,,,0,70,,321686,16,,,0,30,,321705,16,,,0,71,,321708,16,,,0,30,,321706,16,,,0,70,,321710,16,,,0,30,,321703,16,,,0,70,,321693,16,,,0,31,,321694,16,,,0,71,,321699,16,,,0,30,,321696,16,,,0,22,,321711,7,,,0,46,,321692,16,,,0,347,,321704,16,,,0,100,,228867,16,,,0,70,,321698,16,,,0,30,,251134,16,,,0,70,,321685,16,,,0,30,,321691,16,,,0,70,,321701,16,,,0,97,,321687,16,,,0
3801,'4',616,,321739,16,,,0,87,,321735,16,,,0,101,,321714,16,,,0,32,,321718,16,,,0,68,,321721,16,,,0,28,,321716,16,,,0,70,,321726,16,,,0,30,,321734,16,,,0,71,,321736,16,,,0,30,,321727,16,,,0,70,,321737,16,,,0,30,,321729,16,,,0,70,,321725,16,,,0,31,,321724,16,,,0,71,,922,16,,,0,30,,321730,16,,,0,68,,321720,16,,,0,347,,321717,16,,,0,70,,321738,16,,,0,30,,215876,16,,,0,70,,321732,16,,,0,30,,321719,16,,,0,70,,131331,16,,,0,30,,321723,16,,,0,70,,321733,16,,,0,97,,273737,16,,,0
3801,'5',616,,321762,16,,,0,87,,321755,16,,,0,31,,321750,16,,,0,70,,321764,16,,,0,30,,321757,16,,,0,70,,276207,16,,,0,28,,321745,16,,,0,70,,321741,16,,,0,30,,321760,16,,,0,71,,321763,16,,,0,30,,321761,16,,,0,70,,321765,16,,,0,30,,321758,16,,,0,70,,321748,16,,,0,31,,321749,16,,,0,71,,321754,16,,,0,30,,321751,16,,,0,22,,321766,7,,,0,46,,321747,16,,,0,347,,321759,16,,,0,100,,153466,16,,,0,70,,321753,16,,,0,30,,251204,16,,,0,70,,321740,16,,,0,30,,321746,16,,,0,70,,321756,16,,,0,97,,321742,16,,,0
3801,'6',616,,285946,16,,,0,87,,321782,16,,,0,31,,254364,16,,,0,70,,193280,16,,,0,30,,321784,16,,,0,70,,321770,16,,,0,28,,321773,16,,,0,70,,321768,16,,,0,30,,321786,16,,,0,71,,321788,16,,,0,30,,321787,16,,,0,70,,321791,16,,,0,30,,321785,16,,,0,70,,321775,16,,,0,31,,321776,16,,,0,71,,321781,16,,,0,30,,321777,16,,,0,22,,225511,7,,,0,46,,321774,16,,,0,347,,247567,16,,,0,100,,321793,16,,,0,70,,321779,16,,,0,30,,321790,16,,,0,70,,134013,16,,,0,30,,288265,16,,,0,70,,321783,16,,,0,97,,321769,16,,,0
3801,'7',616,,321814,16,,,0,87,,321809,16,,,0,31,,321803,16,,,0,70,,321818,16,,,0,30,,321811,16,,,0,70,,321796,16,,,0,28,,321799,16,,,0,70,,215570,16,,,0,30,,254345,16,,,0,71,,321815,16,,,0,30,,321813,16,,,0,70,,218322,16,,,0,30,,142415,16,,,0,70,,321802,16,,,0,31,,271338,16,,,0,71,,321808,16,,,0,30,,321804,16,,,0,22,,321819,7,,,0,46,,321801,16,,,0,347,,321812,16,,,0,100,,321821,16,,,0,70,,321806,16,,,0,30,,321817,16,,,0,70,,321794,16,,,0,30,,321800,16,,,0,70,,321810,16,,,0,97,,321795,16,,,0
3801,'8',854,,321843,16,,,0,70,,321845,16,,,0,30,,321844,16,,,0,70,,321834,16,,,0,30,,321841,16,,,0,70,,321833,16,,,0,30,,207013,16,,,0,70,,321822,16,,,0,30,,321837,16,,,0,70,,321829,16,,,0,30,,321835,16,,,0,70,,321827,16,,,0,30,,321824,16,,,0,70,,321839,16,,,0,30,,321836,16,,,0,70,,321823,16,,,0,30,,321832,16,,,0,70,,321825,16,,,0,30,,321838,16,,,0,70,,321842,16,,,0,30,,321831,16,,,0,70,,321830,16,,,0,30,,321826,16,,,0,69,,321840,16,,,0,100,,321828,16,,,0
3801,'9',616,,285901,16,,,0,87,,321860,16,,,0,31,,254282,16,,,0,70,,193196,16,,,0,30,,321862,16,,,0,70,,321848,16,,,0,28,,321851,16,,,0,70,,321846,16,,,0,30,,321864,16,,,0,71,,321866,16,,,0,30,,321865,16,,,0,70,,321869,16,,,0,30,,321863,16,,,0,70,,321853,16,,,0,31,,321854,16,,,0,71,,321859,16,,,0,30,,321855,16,,,0,22,,225407,7,,,0,46,,321852,16,,,0,347,,247469,16,,,0,100,,321871,16,,,0,70,,321857,16,,,0,30,,321868,16,,,0,70,,133840,16,,,0,30,,288219,16,,,0,70,,321861,16,,,0,97,,321847,16,,,0
23701,'1',1601,,374991,31,,,0,55,,374990,31,,,0,95,,219176,31,,,0,100,,374989,31,,,0
23701,'11',1601,,374993,31,,,0,55,,374994,31,,,0,95,,191314,31,,,0,100,,374992,31,,,0
23701,'13',1601,,374996,31,,,0,55,,374997,31,,,0,95,,190892,31,,,0,100,,374995,31,,,0
23701,'14',1601,,374999,31,,,0,55,,375000,31,,,0,95,,191101,31,,,0,100,,374998,31,,,0
23701,'2',1601,,375002,31,,,0,55,,375004,31,,,0,95,,375003,31,,,0,100,,375001,31,,,0
23701,'3',1601,,375006,31,,,0,55,,256701,31,,,0,95,,375007,31,,,0,100,,375005,31,,,0
23701,'4',1603,,375010,31,,,0,53,,375008,31,,,0,95,,375009,31,,,0,100,,233489,31,,,0
23701,'5',1601,,375012,31,,,0,55,,174847,31,,,0,95,,375013,31,,,0,100,,375011,31,,,0
23701,'6',1601,,375015,31,,,0,55,,375016,31,,,0,95,,191258,31,,,0,100,,375014,31,,,0
23701,'7',1601,,375018,31,,,0,55,,375020,31,,,0,95,,375019,31,,,0,100,,375017,31,,,0
23701,'9',1601,,375022,31,,,0,55,,375023,31,,,0,95,,191130,31,,,0,100,,375021,31,,,0
63801,'11',1458,,203615,8,,,0
63801,'13',1458,,203556,8,,,0
63801,'14',1458,,203587,8,,,0
63801,'2',1458,,376626,8,,,0
63801,'3',1458,,376627,8,,,0
63801,'5',1458,,376628,8,,,0
63801,'6',1458,,203610,8,,,0
63801,'7',1458,,376629,8,,,0
63801,'9',1458,,203592,8,,,0
63901,'11',1616,,376635,55,,,0
63901,'13',1616,,376637,55,,,0
63901,'14',1616,,376639,55,,,0
63901,'2',1616,,376640,55,,,0
63901,'3',1616,,376642,55,,,0
63901,'5',1616,,376644,55,,,0
63901,'6',1616,,376646,55,,,0
63901,'7',1616,,376647,55,,,0
63901,'9',1616,,376649,55,,,0
67800,'11',802,,296001,13,,,0
67800,'13',802,,296002,13,,,0
67800,'14',802,,296003,13,,,0
67800,'2',802,,377723,13,,,0
67800,'3',802,,377724,13,,,0
67800,'5',802,,377725,13,,,0
67800,'6',802,,295999,13,,,0
67800,'7',802,,377726,13,,,0
67800,'9',802,,295998,13,,,0
