9300,'1',743,,94366,12,,,1,100,,94371,12,,,1,70,,94361,12,,,1,30,,94367,12,,,1,71,,94359,12,,,1,30,,94372,12,,,1,70,,94369,12,,,1,30,,94365,12,,,1,70,,94363,12,,,1,30,,94356,12,,,1,70,,94353,12,,,1,30,,94360,12,,,1,70,,94368,12,,,1,30,,94351,12,,,1,70,,94362,12,,,1,30,,94375,12,,,1,70,,94348,12,,,1,30,,94355,12,,,1,70,,94347,12,,,1,30,,94377,12,,,1,70,,94370,12,,,1,30,,94349,12,,,1,70,,94373,12,,,1,30,,94352,12,,,1,69,,94374,12,,,1,30,,94357,12,,,1,70,,94376,12,,,1,30,,94350,12,,,1,100,,94358,12,,,1,100,,94364,12,,,1
9300,'10',520,,94401,12,,,1,83,,94404,12,,,1,30,,94402,12,,,1,70,,94383,12,,,1,31,,94399,12,,,1,68,,94388,12,,,1,33,,94386,12,,,1,69,,94390,12,,,1,30,,94392,12,,,1,70,,94398,12,,,1,30,,94405,12,,,1,70,,94379,12,,,1,30,,94410,12,,,1,70,,94406,12,,,1,30,,94396,12,,,1,70,,94389,12,,,1,30,,94382,12,,,1,70,,94385,12,,,1,30,,94400,12,,,1,98,,94403,12,,,1,74,,94409,12,,,1,98,,94380,12,,,1,99,,94393,12,,,1,30,,94384,12,,,1,70,,94408,12,,,1,30,,94394,12,,,1,70,,94391,12,,,1,30,,94381,12,,,1,70,,94387,12,,,1,30,,94397,12,,,1,70,,94407,12,,,1,30,,94395,12,,,1,99,,94378,12,,,1
9300,'11',520,,94434,12,,,1,83,,94437,12,,,1,30,,94435,12,,,1,70,,94416,12,,,1,31,,94432,12,,,1,68,,94421,12,,,1,33,,94419,12,,,1,69,,94423,12,,,1,30,,94425,12,,,1,70,,94431,12,,,1,30,,94438,12,,,1,70,,94412,12,,,1,30,,94443,12,,,1,70,,94439,12,,,1,30,,94429,12,,,1,70,,94422,12,,,1,30,,94415,12,,,1,70,,94418,12,,,1,30,,94433,12,,,1,98,,94436,12,,,1,74,,94442,12,,,1,98,,94413,12,,,1,99,,94426,12,,,1,30,,94417,12,,,1,70,,94441,12,,,1,30,,94427,12,,,1,70,,94424,12,,,1,30,,94414,12,,,1,70,,94420,12,,,1,30,,94430,12,,,1,70,,94440,12,,,1,30,,94428,12,,,1,99,,94411,12,,,1
9300,'12',520,,94467,12,,,1,83,,94470,12,,,1,30,,94468,12,,,1,70,,94449,12,,,1,31,,94465,12,,,1,68,,94454,12,,,1,33,,94452,12,,,1,69,,94456,12,,,1,30,,94458,12,,,1,70,,94464,12,,,1,30,,94471,12,,,1,70,,94445,12,,,1,30,,94476,12,,,1,70,,94472,12,,,1,30,,94462,12,,,1,70,,94455,12,,,1,30,,94448,12,,,1,70,,94451,12,,,1,30,,94466,12,,,1,98,,94469,12,,,1,74,,94475,12,,,1,98,,94446,12,,,1,99,,94459,12,,,1,30,,94450,12,,,1,70,,94474,12,,,1,30,,94460,12,,,1,70,,94457,12,,,1,30,,94447,12,,,1,70,,94453,12,,,1,30,,94463,12,,,1,70,,94473,12,,,1,30,,94461,12,,,1,99,,94444,12,,,1
9300,'13',520,,94500,12,,,1,83,,94488,12,,,1,30,,94508,12,,,1,70,,94510,12,,,1,31,,94493,12,,,1,68,,94494,12,,,1,33,,94512,12,,,1,69,,94477,12,,,1,30,,94504,12,,,1,70,,94498,12,,,1,30,,94502,12,,,1,70,,94501,12,,,1,30,,94487,12,,,1,70,,94503,12,,,1,30,,94481,12,,,1,70,,94499,12,,,1,30,,94497,12,,,1,70,,94505,12,,,1,30,,94484,12,,,1,70,,94490,12,,,1,30,,94509,12,,,1,70,,94485,12,,,1,30,,94480,12,,,1,70,,94491,12,,,1,30,,94483,12,,,1,69,,94478,12,,,1,30,,94507,12,,,1,70,,94486,12,,,1,30,,94479,12,,,1,70,,94506,12,,,1,30,,94511,12,,,1,70,,94482,12,,,1,30,,94492,12,,,1,70,,94496,12,,,1,30,,94495,12,,,1,99,,94489,12,,,1
9300,'14',645,,94533,12,,,1,91,,94542,12,,,1,100,,94522,12,,,1,70,,94515,12,,,1,30,,94513,12,,,1,70,,94528,12,,,1,31,,94541,12,,,1,70,,94529,12,,,1,30,,94535,12,,,1,70,,94514,12,,,1,30,,94519,12,,,1,70,,94526,12,,,1,30,,94536,12,,,1,70,,94516,12,,,1,30,,94539,12,,,1,70,,94540,12,,,1,30,,94521,12,,,1,70,,94532,12,,,1,30,,94530,12,,,1,70,,94520,12,,,1,30,,94525,12,,,1,70,,94523,12,,,1,30,,94527,12,,,1,70,,94531,12,,,1,30,,94545,12,,,1,70,,94543,12,,,1,29,,94537,12,,,1,70,,94544,12,,,1,30,,94534,12,,,1,70,,94538,12,,,1,30,,94517,12,,,1,100,,94524,12,,,1,100,,94518,12,,,1
9300,'15',520,,94569,12,,,1,83,,94572,12,,,1,30,,94570,12,,,1,70,,94551,12,,,1,31,,94567,12,,,1,68,,94556,12,,,1,33,,94554,12,,,1,69,,94558,12,,,1,30,,94560,12,,,1,70,,94566,12,,,1,30,,94573,12,,,1,70,,94547,12,,,1,30,,94578,12,,,1,70,,94574,12,,,1,30,,94564,12,,,1,70,,94557,12,,,1,30,,94550,12,,,1,70,,94553,12,,,1,30,,94568,12,,,1,98,,94571,12,,,1,74,,94577,12,,,1,98,,94548,12,,,1,99,,94561,12,,,1,30,,94552,12,,,1,70,,94576,12,,,1,30,,94562,12,,,1,70,,94559,12,,,1,30,,94549,12,,,1,70,,94555,12,,,1,30,,94565,12,,,1,70,,94575,12,,,1,30,,94563,12,,,1,99,,94546,12,,,1
9300,'16',520,,94602,12,,,1,83,,94605,12,,,1,30,,94603,12,,,1,70,,94584,12,,,1,31,,94600,12,,,1,68,,94589,12,,,1,33,,94587,12,,,1,69,,94591,12,,,1,30,,94593,12,,,1,70,,94599,12,,,1,30,,94606,12,,,1,70,,94580,12,,,1,30,,94611,12,,,1,70,,94607,12,,,1,30,,94597,12,,,1,70,,94590,12,,,1,30,,94583,12,,,1,70,,94586,12,,,1,30,,94601,12,,,1,98,,94604,12,,,1,74,,94610,12,,,1,98,,94581,12,,,1,99,,94594,12,,,1,30,,94585,12,,,1,70,,94609,12,,,1,30,,94595,12,,,1,70,,94592,12,,,1,30,,94582,12,,,1,70,,94588,12,,,1,30,,94598,12,,,1,70,,94608,12,,,1,30,,94596,12,,,1,99,,94579,12,,,1
9300,'17',520,,94635,12,,,1,83,,94623,12,,,1,30,,94643,12,,,1,70,,94645,12,,,1,31,,94628,12,,,1,68,,94629,12,,,1,33,,94647,12,,,1,69,,94612,12,,,1,30,,94639,12,,,1,70,,94633,12,,,1,30,,94637,12,,,1,70,,94636,12,,,1,30,,94622,12,,,1,70,,94638,12,,,1,30,,94616,12,,,1,70,,94634,12,,,1,30,,94632,12,,,1,70,,94640,12,,,1,30,,94619,12,,,1,70,,94625,12,,,1,30,,94644,12,,,1,70,,94620,12,,,1,30,,94615,12,,,1,70,,94626,12,,,1,30,,94618,12,,,1,69,,94613,12,,,1,30,,94642,12,,,1,70,,94621,12,,,1,30,,94614,12,,,1,70,,94641,12,,,1,30,,94646,12,,,1,70,,94617,12,,,1,30,,94627,12,,,1,70,,94631,12,,,1,30,,94630,12,,,1,99,,94624,12,,,1
9300,'18',520,,94653,12,,,1,83,,94681,12,,,1,30,,94650,12,,,1,70,,94672,12,,,1,31,,94662,12,,,1,68,,94651,12,,,1,33,,94679,12,,,1,69,,94659,12,,,1,30,,94675,12,,,1,70,,94670,12,,,1,30,,94680,12,,,1,70,,94677,12,,,1,30,,94663,12,,,1,70,,94673,12,,,1,30,,94671,12,,,1,70,,94667,12,,,1,30,,94665,12,,,1,70,,94674,12,,,1,30,,94661,12,,,1,68,,94660,12,,,1,34,,94649,12,,,1,68,,94669,12,,,1,29,,94676,12,,,1,71,,94666,12,,,1,29,,94678,12,,,1,71,,94668,12,,,1,29,,94652,12,,,1,70,,94648,12,,,1,30,,94657,12,,,1,70,,94654,12,,,1,30,,94683,12,,,1,70,,94656,12,,,1,30,,94655,12,,,1,70,,94658,12,,,1,30,,94682,12,,,1,99,,94664,12,,,1
9300,'19',520,,94707,12,,,1,83,,94695,12,,,1,30,,94715,12,,,1,70,,94717,12,,,1,31,,94700,12,,,1,68,,94701,12,,,1,33,,94719,12,,,1,69,,94684,12,,,1,30,,94711,12,,,1,70,,94705,12,,,1,30,,94709,12,,,1,70,,94708,12,,,1,30,,94694,12,,,1,70,,94710,12,,,1,30,,94688,12,,,1,70,,94706,12,,,1,30,,94704,12,,,1,70,,94712,12,,,1,30,,94691,12,,,1,70,,94697,12,,,1,30,,94716,12,,,1,70,,94692,12,,,1,30,,94687,12,,,1,70,,94698,12,,,1,30,,94690,12,,,1,69,,94685,12,,,1,30,,94714,12,,,1,70,,94693,12,,,1,30,,94686,12,,,1,70,,94713,12,,,1,30,,94718,12,,,1,70,,94689,12,,,1,30,,94699,12,,,1,70,,94703,12,,,1,30,,94702,12,,,1,99,,94696,12,,,1
9300,'2',743,,94740,12,,,1,100,,94745,12,,,1,70,,94735,12,,,1,30,,94741,12,,,1,71,,94733,12,,,1,30,,94746,12,,,1,70,,94743,12,,,1,30,,94739,12,,,1,70,,94737,12,,,1,30,,94730,12,,,1,70,,94727,12,,,1,30,,94734,12,,,1,70,,94742,12,,,1,30,,94725,12,,,1,70,,94736,12,,,1,30,,94749,12,,,1,70,,94722,12,,,1,30,,94729,12,,,1,70,,94721,12,,,1,30,,94751,12,,,1,70,,94744,12,,,1,30,,94723,12,,,1,70,,94747,12,,,1,30,,94726,12,,,1,69,,94748,12,,,1,30,,94731,12,,,1,70,,94750,12,,,1,30,,94724,12,,,1,100,,94732,12,,,1,100,,94738,12,,,1
9300,'3',520,,94775,12,,,1,83,,94778,12,,,1,30,,94776,12,,,1,70,,94757,12,,,1,31,,94773,12,,,1,68,,94762,12,,,1,33,,94760,12,,,1,69,,94764,12,,,1,30,,94766,12,,,1,70,,94772,12,,,1,30,,94779,12,,,1,70,,94753,12,,,1,30,,94784,12,,,1,70,,94780,12,,,1,30,,94770,12,,,1,70,,94763,12,,,1,30,,94756,12,,,1,70,,94759,12,,,1,30,,94774,12,,,1,98,,94777,12,,,1,74,,94783,12,,,1,98,,94754,12,,,1,99,,94767,12,,,1,30,,94758,12,,,1,70,,94782,12,,,1,30,,94768,12,,,1,70,,94765,12,,,1,30,,94755,12,,,1,70,,94761,12,,,1,30,,94771,12,,,1,70,,94781,12,,,1,30,,94769,12,,,1,99,,94752,12,,,1
9300,'4',520,,94808,12,,,1,83,,94811,12,,,1,30,,94809,12,,,1,70,,94790,12,,,1,31,,94806,12,,,1,68,,94795,12,,,1,33,,94793,12,,,1,69,,94797,12,,,1,30,,94799,12,,,1,70,,94805,12,,,1,30,,94812,12,,,1,70,,94786,12,,,1,30,,94817,12,,,1,70,,94813,12,,,1,30,,94803,12,,,1,70,,94796,12,,,1,30,,94789,12,,,1,70,,94792,12,,,1,30,,94807,12,,,1,98,,94810,12,,,1,74,,94816,12,,,1,98,,94787,12,,,1,99,,94800,12,,,1,30,,94791,12,,,1,70,,94815,12,,,1,30,,94801,12,,,1,70,,94798,12,,,1,30,,94788,12,,,1,70,,94794,12,,,1,30,,94804,12,,,1,70,,94814,12,,,1,30,,94802,12,,,1,99,,94785,12,,,1
9300,'5',520,,94841,12,,,1,83,,94829,12,,,1,30,,94849,12,,,1,70,,94851,12,,,1,31,,94834,12,,,1,68,,94835,12,,,1,33,,94853,12,,,1,69,,94818,12,,,1,30,,94845,12,,,1,70,,94839,12,,,1,30,,94843,12,,,1,70,,94842,12,,,1,30,,94828,12,,,1,70,,94844,12,,,1,30,,94822,12,,,1,70,,94840,12,,,1,30,,94838,12,,,1,70,,94846,12,,,1,30,,94825,12,,,1,70,,94831,12,,,1,30,,94850,12,,,1,70,,94826,12,,,1,30,,94821,12,,,1,70,,94832,12,,,1,30,,94824,12,,,1,69,,94819,12,,,1,30,,94848,12,,,1,70,,94827,12,,,1,30,,94820,12,,,1,70,,94847,12,,,1,30,,94852,12,,,1,70,,94823,12,,,1,30,,94833,12,,,1,70,,94837,12,,,1,30,,94836,12,,,1,99,,94830,12,,,1
9300,'6',520,,94877,12,,,1,83,,94880,12,,,1,30,,94878,12,,,1,70,,94859,12,,,1,31,,94875,12,,,1,68,,94864,12,,,1,33,,94862,12,,,1,69,,94866,12,,,1,30,,94868,12,,,1,70,,94874,12,,,1,30,,94881,12,,,1,70,,94855,12,,,1,30,,94886,12,,,1,70,,94882,12,,,1,30,,94872,12,,,1,70,,94865,12,,,1,30,,94858,12,,,1,70,,94861,12,,,1,30,,94876,12,,,1,98,,94879,12,,,1,74,,94885,12,,,1,98,,94856,12,,,1,99,,94869,12,,,1,30,,94860,12,,,1,70,,94884,12,,,1,30,,94870,12,,,1,70,,94867,12,,,1,30,,94857,12,,,1,70,,94863,12,,,1,30,,94873,12,,,1,70,,94883,12,,,1,30,,94871,12,,,1,99,,94854,12,,,1
9300,'7',520,,94910,12,,,1,83,,94898,12,,,1,30,,94918,12,,,1,70,,94920,12,,,1,31,,94903,12,,,1,68,,94904,12,,,1,33,,94922,12,,,1,69,,94887,12,,,1,30,,94914,12,,,1,70,,94908,12,,,1,30,,94912,12,,,1,70,,94911,12,,,1,30,,94897,12,,,1,70,,94913,12,,,1,30,,94891,12,,,1,70,,94909,12,,,1,30,,94907,12,,,1,70,,94915,12,,,1,30,,94894,12,,,1,70,,94900,12,,,1,30,,94919,12,,,1,70,,94895,12,,,1,30,,94890,12,,,1,70,,94901,12,,,1,30,,94893,12,,,1,69,,94888,12,,,1,30,,94917,12,,,1,70,,94896,12,,,1,30,,94889,12,,,1,70,,94916,12,,,1,30,,94921,12,,,1,70,,94892,12,,,1,30,,94902,12,,,1,70,,94906,12,,,1,30,,94905,12,,,1,99,,94899,12,,,1
9300,'8',645,,94943,12,,,1,91,,94952,12,,,1,100,,94932,12,,,1,70,,94925,12,,,1,30,,94923,12,,,1,70,,94938,12,,,1,31,,94951,12,,,1,70,,94939,12,,,1,30,,94945,12,,,1,70,,94924,12,,,1,30,,94929,12,,,1,70,,94936,12,,,1,30,,94946,12,,,1,70,,94926,12,,,1,30,,94949,12,,,1,70,,94950,12,,,1,30,,94931,12,,,1,70,,94942,12,,,1,30,,94940,12,,,1,70,,94930,12,,,1,30,,94935,12,,,1,70,,94933,12,,,1,30,,94937,12,,,1,70,,94941,12,,,1,30,,94955,12,,,1,70,,94953,12,,,1,29,,94947,12,,,1,70,,94954,12,,,1,30,,94944,12,,,1,70,,94948,12,,,1,30,,94927,12,,,1,100,,94934,12,,,1,100,,94928,12,,,1
9300,'9',743,,94976,12,,,1,100,,94981,12,,,1,70,,94971,12,,,1,30,,94977,12,,,1,71,,94969,12,,,1,30,,94982,12,,,1,70,,94979,12,,,1,30,,94975,12,,,1,70,,94973,12,,,1,30,,94966,12,,,1,70,,94963,12,,,1,30,,94970,12,,,1,70,,94978,12,,,1,30,,94961,12,,,1,70,,94972,12,,,1,30,,94985,12,,,1,70,,94958,12,,,1,30,,94965,12,,,1,70,,94957,12,,,1,30,,94987,12,,,1,70,,94980,12,,,1,30,,94959,12,,,1,70,,94983,12,,,1,30,,94962,12,,,1,69,,94984,12,,,1,30,,94967,12,,,1,70,,94986,12,,,1,30,,94960,12,,,1,100,,94968,12,,,1,100,,94974,12,,,1
9401,'10',1602,,95715,9,,,1,32,,95716,9,,,1,71,,95714,9,,,1,30,,95718,9,,,1,70,,95717,9,,,1,30,,95719,9,,,1
9401,'11',1602,,95721,9,,,1,32,,95722,9,,,1,71,,95720,9,,,1,30,,95724,9,,,1,70,,95723,9,,,1,30,,95725,9,,,1
9401,'12',1602,,95727,9,,,1,32,,95728,9,,,1,71,,95726,9,,,1,30,,95730,9,,,1,70,,95729,9,,,1,30,,95731,9,,,1
9401,'13',1602,,95737,9,,,1,32,,95732,9,,,1,70,,95734,9,,,1,33,,95736,9,,,1,68,,95735,9,,,1,30,,95733,9,,,1
9401,'15',1602,,95739,9,,,1,32,,95740,9,,,1,71,,95738,9,,,1,30,,95742,9,,,1,70,,95741,9,,,1,30,,95743,9,,,1
9401,'16',1602,,95745,9,,,1,32,,95746,9,,,1,71,,95744,9,,,1,30,,95748,9,,,1,70,,95747,9,,,1,30,,95749,9,,,1
9401,'17',1602,,95755,9,,,1,32,,95750,9,,,1,70,,95752,9,,,1,33,,95754,9,,,1,68,,95753,9,,,1,30,,95751,9,,,1
9401,'18',1602,,95761,9,,,1,32,,95760,9,,,1,73,,95759,9,,,1,30,,95756,9,,,1,68,,95757,9,,,1,30,,95758,9,,,1
9401,'19',1602,,95767,9,,,1,32,,95762,9,,,1,70,,95764,9,,,1,33,,95766,9,,,1,68,,95765,9,,,1,30,,95763,9,,,1
9401,'3',1602,,95769,9,,,1,32,,95770,9,,,1,71,,95768,9,,,1,30,,95772,9,,,1,70,,95771,9,,,1,30,,95773,9,,,1
9401,'4',1602,,95775,9,,,1,32,,95776,9,,,1,71,,95774,9,,,1,30,,95778,9,,,1,70,,95777,9,,,1,30,,95779,9,,,1
9401,'5',1602,,95785,9,,,1,32,,95780,9,,,1,70,,95782,9,,,1,33,,95784,9,,,1,68,,95783,9,,,1,30,,95781,9,,,1
9401,'6',1602,,95787,9,,,1,32,,95788,9,,,1,71,,95786,9,,,1,30,,95790,9,,,1,70,,95789,9,,,1,30,,95791,9,,,1
9401,'7',1602,,95797,9,,,1,32,,95792,9,,,1,70,,95794,9,,,1,33,,95796,9,,,1,68,,95795,9,,,1,30,,95793,9,,,1
69701,'10',808,,120478,12,,,1
69701,'11',808,,120481,12,,,1
69701,'12',808,,120484,12,,,1
69701,'15',808,,120487,12,,,1
69701,'16',808,,120490,12,,,1
69701,'3',808,,120493,12,,,1
69701,'4',808,,120496,12,,,1
69701,'6',808,,120499,12,,,1
69901,'10',1642,,120599,32,,,1
69901,'11',1642,,120601,32,,,1
69901,'12',1642,,120603,32,,,1
69901,'15',1642,,120605,32,,,1
69901,'16',1642,,120607,32,,,1
69901,'3',1642,,120609,32,,,1
69901,'4',1642,,120611,32,,,1
69901,'6',1642,,120613,32,,,1
