29900,'1',627,,204577,20,0,35,1,94,,204576,20,0,35,1
29900,'10',626,,204581,20,0,35,1,95,,204580,20,0,35,1
29900,'12',627,,204583,20,0,35,1,94,,204582,20,0,35,1
29900,'14',627,,204585,20,0,35,1,94,,204584,20,0,35,1
29900,'15',627,,204587,20,0,35,1,94,,204586,20,0,35,1
29900,'16',627,,204589,20,0,35,1,94,,204588,20,0,35,1
29900,'17',627,,204591,20,0,35,1,94,,204590,20,0,35,1
29900,'2',627,,204595,20,0,35,1,94,,204594,20,0,35,1
29900,'3',627,,204599,20,0,35,1,94,,204598,20,0,35,1
29900,'5',627,,204600,20,0,35,1,94,,80980,20,0,35,1
29900,'6',627,,204605,20,0,35,1,94,,204604,20,0,35,1
29900,'8',627,,204609,20,0,35,1,94,,204608,20,0,35,1
