9401,'1',1600,,361134,7,,,0,32,,361135,7,,,0,70,,361132,7,,,0,33,,90735,7,,,0,68,,361133,7,,,0,30,,361131,7,,,0
9401,'11',1600,,237442,7,,,0,32,,361136,7,,,0,71,,361139,7,,,0,30,,361138,7,,,0,70,,361137,7,,,0,30,,206913,7,,,0
9401,'13',1600,,237489,7,,,0,32,,361140,7,,,0,71,,361143,7,,,0,30,,361142,7,,,0,70,,361141,7,,,0,30,,206960,7,,,0
9401,'14',1600,,237665,7,,,0,32,,361144,7,,,0,71,,361147,7,,,0,30,,361146,7,,,0,70,,361145,7,,,0,30,,207135,7,,,0
9401,'2',1600,,361148,7,,,0,32,,361150,7,,,0,71,,294291,7,,,0,30,,361152,7,,,0,70,,361151,7,,,0,30,,361149,7,,,0
9401,'3',1600,,361153,7,,,0,32,,361155,7,,,0,71,,361157,7,,,0,30,,361156,7,,,0,70,,273139,7,,,0,30,,361154,7,,,0
9401,'4',1600,,361158,7,,,0,32,,361160,7,,,0,73,,361159,7,,,0,30,,361161,7,,,0,68,,361162,7,,,0,30,,361163,7,,,0
9401,'5',1600,,361164,7,,,0,32,,361166,7,,,0,71,,361168,7,,,0,30,,361167,7,,,0,70,,273301,7,,,0,30,,361165,7,,,0
9401,'6',1600,,237157,7,,,0,32,,361169,7,,,0,71,,361172,7,,,0,30,,361171,7,,,0,70,,361170,7,,,0,30,,206641,7,,,0
9401,'7',1600,,361173,7,,,0,32,,361175,7,,,0,71,,294283,7,,,0,30,,361177,7,,,0,70,,361176,7,,,0,30,,361174,7,,,0
9401,'9',1600,,237025,7,,,0,32,,361178,7,,,0,71,,361181,7,,,0,30,,361180,7,,,0,70,,361179,7,,,0,30,,206521,7,,,0
