18700,'10',647,,113913,15,,,1,70,,113912,15,,,1,29,,113915,15,,,1,71,,113914,15,,,1
18700,'11',647,,113917,15,,,1,70,,113916,15,,,1,29,,113919,15,,,1,71,,113918,15,,,1
18700,'12',647,,113921,15,,,1,70,,113920,15,,,1,29,,113923,15,,,1,71,,113922,15,,,1
18700,'13',647,,113927,15,,,1,70,,113924,15,,,1,29,,113926,15,,,1,72,,113925,15,,,1
18700,'15',647,,113929,15,,,1,70,,113928,15,,,1,29,,113931,15,,,1,71,,113930,15,,,1
18700,'16',647,,113933,15,,,1,70,,113932,15,,,1,29,,113935,15,,,1,71,,113934,15,,,1
18700,'17',647,,113939,15,,,1,70,,113936,15,,,1,29,,113938,15,,,1,72,,113937,15,,,1
18700,'18',645,,113941,15,,,1,72,,113942,15,,,1,100,,113940,15,,,1
18700,'19',647,,113946,15,,,1,70,,113943,15,,,1,29,,113945,15,,,1,72,,113944,15,,,1
18700,'3',647,,113948,15,,,1,70,,113947,15,,,1,29,,113950,15,,,1,71,,113949,15,,,1
18700,'4',647,,113952,15,,,1,70,,113951,15,,,1,29,,113954,15,,,1,71,,113953,15,,,1
18700,'5',647,,113958,15,,,1,70,,113955,15,,,1,29,,113957,15,,,1,72,,113956,15,,,1
18700,'6',647,,113960,15,,,1,70,,113959,15,,,1,29,,113962,15,,,1,71,,113961,15,,,1
18700,'7',647,,113966,15,,,1,70,,113963,15,,,1,29,,113965,15,,,1,72,,113964,15,,,1
67000,'10',726,,119574,12,,,1
67000,'11',726,,119575,12,,,1
67000,'12',726,,119576,12,,,1
67000,'15',726,,119577,12,,,1
67000,'16',726,,119578,12,,,1
67000,'3',726,,119579,12,,,1
67000,'4',726,,119580,12,,,1
67000,'6',726,,119581,12,,,1
67001,'10',1515,,119582,38,,,1
67001,'11',1515,,119583,38,,,1
67001,'12',1515,,119584,38,,,1
67001,'15',1515,,119585,38,,,1
67001,'16',1515,,119586,38,,,1
67001,'3',1515,,119587,38,,,1
67001,'4',1515,,119588,38,,,1
67001,'6',1515,,119589,38,,,1
68700,'10',719,,120270,12,,,1
68700,'11',719,,120271,12,,,1
68700,'12',719,,120272,12,,,1
68700,'15',719,,120273,12,,,1
68700,'16',719,,120274,12,,,1
68700,'3',719,,120275,12,,,1
68700,'4',719,,120276,12,,,1
68700,'6',719,,120277,12,,,1
68701,'10',1456,,120278,36,,,1
68701,'11',1456,,120279,36,,,1
68701,'12',1456,,120280,36,,,1
68701,'15',1456,,120281,36,,,1
68701,'16',1456,,120282,36,,,1
68701,'3',1456,,120283,36,,,1
68701,'4',1456,,120284,36,,,1
68701,'6',1456,,120285,36,,,1
