2300,'1',723,,138295,36,,,1,30,,138293,36,,,1,70,,138292,36,,,1,722,,138289,36,,,1,70,,138294,36,,,1,30,,138291,36,,,1,69,,138290,36,,,1,30,,138296,36,,,1
2300,'10',723,,138297,36,,,1,100,,19526,36,,,1,722,,103738,36,,,1,100,,138298,36,,,1,99,,138299,36,,,1
2300,'12',723,,138305,36,,,1,30,,138301,36,,,1,70,,138306,36,,,1,722,,138304,36,,,1,70,,138300,36,,,1,30,,138302,36,,,1,69,,9211,36,,,1,30,,138303,36,,,1
2300,'14',723,,138310,36,,,1,30,,138307,36,,,1,70,,138312,36,,,1,722,,14636,36,,,1,70,,98357,36,,,1,30,,138308,36,,,1,69,,138311,36,,,1,30,,138309,36,,,1
2300,'15',723,,138316,36,,,1,30,,138313,36,,,1,70,,138318,36,,,1,722,,15076,36,,,1,70,,98576,36,,,1,30,,138314,36,,,1,69,,138317,36,,,1,30,,138315,36,,,1
2300,'16',723,,138323,36,,,1,30,,138320,36,,,1,70,,138325,36,,,1,722,,138322,36,,,1,70,,138319,36,,,1,30,,138321,36,,,1,69,,138324,36,,,1,30,,1306,36,,,1
2300,'17',723,,138332,36,,,1,30,,138330,36,,,1,70,,138329,36,,,1,722,,138326,36,,,1,70,,138331,36,,,1,30,,138328,36,,,1,69,,138327,36,,,1,30,,138333,36,,,1
2300,'2',723,,138340,36,,,1,30,,138338,36,,,1,70,,138337,36,,,1,722,,138334,36,,,1,70,,138339,36,,,1,30,,138336,36,,,1,69,,138335,36,,,1,30,,138341,36,,,1
2300,'3',723,,138345,36,,,1,30,,138342,36,,,1,70,,138347,36,,,1,722,,14922,36,,,1,70,,98500,36,,,1,30,,138343,36,,,1,69,,138346,36,,,1,30,,138344,36,,,1
2300,'5',723,,138353,36,,,1,30,,138352,36,,,1,70,,138351,36,,,1,722,,138348,36,,,1,70,,56303,36,,,1,30,,138350,36,,,1,69,,138349,36,,,1,30,,138354,36,,,1
2300,'6',723,,118127,36,,,1,30,,138359,36,,,1,70,,138358,36,,,1,722,,138355,36,,,1,70,,138360,36,,,1,30,,138357,36,,,1,69,,138356,36,,,1,30,,138361,36,,,1
2300,'8',723,,138368,36,,,1,30,,138366,36,,,1,70,,138365,36,,,1,722,,138362,36,,,1,70,,138367,36,,,1,30,,138364,36,,,1,69,,138363,36,,,1,30,,138369,36,,,1
