26600,'1',533,,204032,2,,,1,80,,119229,2,,,1,43,,204031,2,,,1,99,,78380,2,,,1
26600,'10',533,,204034,2,,,1,78,,204033,2,,,1,41,,98975,2,,,1,103,,204035,2,,,1
26600,'12',533,,204037,2,,,1,80,,66744,2,,,1,41,,204036,2,,,1,101,,204038,2,,,1
26600,'14',533,,204041,2,,,1,80,,204040,2,,,1,41,,204039,2,,,1,101,,28023,2,,,1
26600,'15',533,,204044,2,,,1,80,,204043,2,,,1,41,,204042,2,,,1,101,,28106,2,,,1
26600,'16',533,,204046,2,,,1,80,,204045,2,,,1,41,,96111,2,,,1,101,,204047,2,,,1
26600,'17',533,,204049,2,,,1,80,,119244,2,,,1,43,,204048,2,,,1,99,,78677,2,,,1
26600,'2',533,,204051,2,,,1,80,,119234,2,,,1,43,,204050,2,,,1,99,,78445,2,,,1
26600,'3',533,,204054,2,,,1,80,,204053,2,,,1,41,,204052,2,,,1,101,,28074,2,,,1
26600,'5',533,,69328,2,,,1,80,,204055,2,,,1,43,,104346,2,,,1,99,,204056,2,,,1
26600,'6',533,,204058,2,,,1,80,,119254,2,,,1,43,,204057,2,,,1,99,,79028,2,,,1
26600,'8',533,,204060,2,,,1,80,,119249,2,,,1,43,,204059,2,,,1,99,,78963,2,,,1
