27901,'1',1606,,375792,34,,,0,102,,375791,34,,,0,99,,375790,34,,,0,99,,375793,34,,,0
27901,'11',1607,,375796,34,,,0,101,,375797,34,,,0,99,,375795,34,,,0,99,,375794,34,,,0
27901,'13',1607,,375800,34,,,0,101,,375801,34,,,0,99,,375799,34,,,0,99,,375798,34,,,0
27901,'14',1607,,375804,34,,,0,101,,375805,34,,,0,99,,375803,34,,,0,99,,375802,34,,,0
27901,'2',1607,,375808,34,,,0,101,,375809,34,,,0,99,,375807,34,,,0,99,,375806,34,,,0
27901,'3',1607,,375812,34,,,0,101,,375813,34,,,0,99,,375811,34,,,0,99,,375810,34,,,0
27901,'4',1606,,375816,34,,,0,100,,375814,34,,,0,99,,375817,34,,,0,101,,375815,34,,,0
27901,'5',1607,,375820,34,,,0,101,,375821,34,,,0,99,,375819,34,,,0,99,,375818,34,,,0
27901,'6',1607,,375824,34,,,0,101,,375825,34,,,0,99,,375823,34,,,0,99,,375822,34,,,0
27901,'7',1607,,375828,34,,,0,101,,375829,34,,,0,99,,375827,34,,,0,99,,375826,34,,,0
27901,'9',1607,,375832,34,,,0,101,,375833,34,,,0,99,,375831,34,,,0,99,,375830,34,,,0
29901,'1',1736,,376018,34,,,0,80,,376017,34,,,0
29901,'11',1735,,376023,34,,,0,81,,376021,34,,,0
29901,'13',1735,,376028,34,,,0,81,,376026,34,,,0
29901,'14',1735,,376033,34,,,0,81,,376031,34,,,0
29901,'2',1735,,376037,34,,,0,81,,376036,34,,,0
29901,'3',1735,,376042,34,,,0,81,,376040,34,,,0
29901,'4',1737,,272796,34,,,0,79,,376043,34,,,0
29901,'5',1735,,376048,34,,,0,81,,376046,34,,,0
29901,'6',1735,,376053,34,,,0,81,,376051,34,,,0
29901,'7',1735,,376057,34,,,0,81,,376056,34,,,0
29901,'9',1735,,376062,34,,,0,81,,376060,34,,,0
