5600,'1',615,,285704,23,,,0,27,,334587,23,,,0,77,,334593,23,,,0,36,,285992,23,,,0,72,,334566,23,,,0,31,,334559,23,,,0,70,,334582,23,,,0,24,,334586,23,,,0,70,,334555,23,,,0,430,,334567,23,,,0,59,,334562,23,,,0,33,,334573,23,,,0,15,,334579,23,,,0,55,,334557,23,,,0,11,,334558,23,,,0,11,,248939,23,,,0,17,,334576,23,,,0,55,,334572,23,,,0,30,,334592,23,,,0,62,,289032,23,,,0,26,,90739,23,,,0,30,,293589,23,,,0
5600,'10',721,,334594,23,,,0,100,,334603,23,,,0,101,,334600,23,,,0,101,,334615,23,,,0,100,,334605,23,,,0,100,,296390,23,,,0,100,,334604,23,,,0,100,,334597,23,,,0,101,,334599,23,,,0,100,,334602,23,,,0,100,,334606,23,,,0,99,,334619,23,,,0,98,,334616,23,,,0,100,,334617,23,,,0,100,,334598,23,,,0,99,,334611,23,,,0
5600,'11',615,,274970,23,,,0,27,,334642,23,,,0,77,,334635,23,,,0,36,,334623,23,,,0,72,,334630,23,,,0,31,,334626,23,,,0,94,,213270,23,,,0,70,,334652,23,,,0,487,,334641,23,,,0,33,,292081,23,,,0,17,,334639,23,,,0,56,,334622,23,,,0,9,,214456,23,,,0,14,,295340,23,,,0,16,,334638,23,,,0,54,,276946,23,,,0,30,,334620,23,,,0,21,,334647,23,,,0,97,,334649,23,,,0
5600,'12',733,,334680,23,,,0,100,,281034,23,,,0,101,,334675,23,,,0,101,,334667,23,,,0,100,,209085,23,,,0,100,,334678,23,,,0,100,,334679,23,,,0,100,,151070,23,,,0,101,,334669,23,,,0,100,,334677,23,,,0,99,,334668,23,,,0,100,,334672,23,,,0,98,,334663,23,,,0,100,,334674,23,,,0,100,,334683,23,,,0,84,,235916,23,,,0
5600,'13',615,,275038,23,,,0,27,,334707,23,,,0,77,,334700,23,,,0,36,,334688,23,,,0,72,,334695,23,,,0,31,,334691,23,,,0,94,,213297,23,,,0,70,,334717,23,,,0,487,,334706,23,,,0,33,,292112,23,,,0,17,,334704,23,,,0,56,,334687,23,,,0,9,,214507,23,,,0,14,,295341,23,,,0,16,,334703,23,,,0,54,,276962,23,,,0,30,,334685,23,,,0,21,,334712,23,,,0,97,,334714,23,,,0
5600,'14',615,,275310,23,,,0,27,,334744,23,,,0,77,,334737,23,,,0,36,,334725,23,,,0,72,,334732,23,,,0,31,,334728,23,,,0,94,,213411,23,,,0,70,,334754,23,,,0,487,,334743,23,,,0,33,,292224,23,,,0,17,,334741,23,,,0,56,,334724,23,,,0,9,,214682,23,,,0,14,,295342,23,,,0,16,,334740,23,,,0,54,,277014,23,,,0,30,,334722,23,,,0,21,,334749,23,,,0,97,,334751,23,,,0
5600,'15',733,,334784,23,,,0,100,,334774,23,,,0,101,,334780,23,,,0,101,,334770,23,,,0,100,,334775,23,,,0,100,,334783,23,,,0,100,,209862,23,,,0,100,,334761,23,,,0,101,,334772,23,,,0,100,,334782,23,,,0,99,,334771,23,,,0,100,,334776,23,,,0,98,,334766,23,,,0,100,,334778,23,,,0,100,,334787,23,,,0,84,,334779,23,,,0
5600,'16',721,,334788,23,,,0,100,,334796,23,,,0,101,,334794,23,,,0,101,,334814,23,,,0,100,,334801,23,,,0,100,,334793,23,,,0,100,,334797,23,,,0,100,,279945,23,,,0,101,,334792,23,,,0,100,,234584,23,,,0,100,,334803,23,,,0,99,,334817,23,,,0,98,,207927,23,,,0,100,,334815,23,,,0,100,,334791,23,,,0,99,,334810,23,,,0
5600,'2',615,,334852,23,,,0,27,,293149,23,,,0,77,,334834,23,,,0,36,,334821,23,,,0,72,,334830,23,,,0,31,,193436,23,,,0,94,,334831,23,,,0,70,,261545,23,,,0,487,,334840,23,,,0,33,,334828,23,,,0,17,,189795,23,,,0,56,,334820,23,,,0,9,,334838,23,,,0,14,,334853,23,,,0,16,,334837,23,,,0,54,,334829,23,,,0,30,,334818,23,,,0,21,,334846,23,,,0,97,,334848,23,,,0
5600,'3',615,,334896,23,,,0,27,,334883,23,,,0,77,,334877,23,,,0,36,,334859,23,,,0,72,,334870,23,,,0,31,,334863,23,,,0,94,,334872,23,,,0,70,,334892,23,,,0,487,,334882,23,,,0,33,,334867,23,,,0,17,,334881,23,,,0,56,,334858,23,,,0,9,,334880,23,,,0,14,,334897,23,,,0,16,,334879,23,,,0,54,,334869,23,,,0,30,,334856,23,,,0,21,,334888,23,,,0,97,,253526,23,,,0
5600,'4',615,,334900,23,,,0,27,,334931,23,,,0,77,,334925,23,,,0,36,,184307,23,,,0,71,,334930,23,,,0,32,,334903,23,,,0,70,,334917,23,,,0,24,,334905,23,,,0,70,,334910,23,,,0,430,,334934,23,,,0,57,,334901,23,,,0,31,,334909,23,,,0,19,,334913,23,,,0,56,,334912,23,,,0,9,,220111,23,,,0,13,,334921,23,,,0,18,,334935,23,,,0,53,,334919,23,,,0,30,,334932,23,,,0,21,,334904,23,,,0,67,,334918,23,,,0,30,,252494,23,,,0
5600,'5',615,,334977,23,,,0,27,,334964,23,,,0,77,,334958,23,,,0,36,,334940,23,,,0,72,,334951,23,,,0,31,,334944,23,,,0,94,,334953,23,,,0,70,,334973,23,,,0,487,,334963,23,,,0,33,,334948,23,,,0,17,,334962,23,,,0,56,,334939,23,,,0,9,,334961,23,,,0,14,,334978,23,,,0,16,,334960,23,,,0,54,,334950,23,,,0,30,,334937,23,,,0,21,,334969,23,,,0,97,,253633,23,,,0
5600,'6',615,,274596,23,,,0,27,,335003,23,,,0,77,,334996,23,,,0,36,,334984,23,,,0,72,,334991,23,,,0,31,,334987,23,,,0,94,,213103,23,,,0,70,,335013,23,,,0,487,,335002,23,,,0,33,,291921,23,,,0,17,,335000,23,,,0,56,,334983,23,,,0,9,,214176,23,,,0,14,,295338,23,,,0,16,,334999,23,,,0,54,,276868,23,,,0,30,,334981,23,,,0,21,,335008,23,,,0,97,,335010,23,,,0
5600,'7',615,,335052,23,,,0,27,,293143,23,,,0,77,,335034,23,,,0,36,,335021,23,,,0,72,,335030,23,,,0,31,,193514,23,,,0,94,,335031,23,,,0,70,,261433,23,,,0,487,,335040,23,,,0,33,,335028,23,,,0,17,,74587,23,,,0,56,,335020,23,,,0,9,,335038,23,,,0,14,,335053,23,,,0,16,,335037,23,,,0,54,,335029,23,,,0,30,,335018,23,,,0,21,,335046,23,,,0,97,,335048,23,,,0
5600,'8',733,,335079,23,,,0,100,,281473,23,,,0,101,,335074,23,,,0,101,,335066,23,,,0,100,,209778,23,,,0,100,,335077,23,,,0,100,,335078,23,,,0,100,,282119,23,,,0,101,,335068,23,,,0,100,,335076,23,,,0,99,,335067,23,,,0,100,,335071,23,,,0,98,,335062,23,,,0,100,,335073,23,,,0,100,,335082,23,,,0,84,,236683,23,,,0
5600,'9',615,,274415,23,,,0,27,,335106,23,,,0,77,,335099,23,,,0,36,,335087,23,,,0,72,,335094,23,,,0,31,,335090,23,,,0,94,,213018,23,,,0,70,,335116,23,,,0,487,,335105,23,,,0,33,,291851,23,,,0,17,,335103,23,,,0,56,,335086,23,,,0,9,,214041,23,,,0,14,,295337,23,,,0,16,,335102,23,,,0,54,,276837,23,,,0,30,,335084,23,,,0,21,,335111,23,,,0,97,,335113,23,,,0
