29900,'1',630,,375979,25,0,35,0,94,,375978,25,0,35,0
29900,'11',630,,249694,25,0,35,0,94,,375983,25,0,35,0
29900,'13',630,,249730,25,0,35,0,94,,375987,25,0,35,0
29900,'14',630,,249888,25,0,35,0,94,,375991,25,0,35,0
29900,'2',630,,375994,25,0,35,0,94,,375993,25,0,35,0
29900,'3',630,,375999,25,0,35,0,94,,375998,25,0,35,0
29900,'4',629,,285738,25,0,35,0,95,,376000,25,0,35,0
29900,'5',630,,376005,25,0,35,0,94,,376004,25,0,35,0
29900,'6',630,,249484,25,0,35,0,94,,376009,25,0,35,0
29900,'7',630,,376012,25,0,35,0,94,,376011,25,0,35,0
29900,'9',630,,249386,25,0,35,0,94,,376016,25,0,35,0
