9201,'10',623,,94092,24,,,1,30,,94096,24,,,1,71,,94097,24,,,1,23,,94088,24,,,1,79,,94103,24,,,1,29,,94090,24,,,1,101,,94102,24,0,91,1,100,,94086,24,0,91,1,100,,94098,24,0,91,1,101,,94101,24,0,91,1,100,,94089,24,0,91,1,99,,94104,24,0,91,1,62,,94095,34,0,91,1,239,,94087,24,0,91,1,100,,94093,24,0,91,1,96,,94100,24,0,91,1,100,,94099,24,0,91,1,100,,94094,24,0,91,1,99,,94091,24,0,91,1
9201,'11',623,,94111,24,,,1,30,,94115,24,,,1,71,,94116,24,,,1,23,,94107,24,,,1,79,,94122,24,,,1,29,,94109,24,,,1,101,,94121,24,0,91,1,100,,94105,24,0,91,1,100,,94117,24,0,91,1,101,,94120,24,0,91,1,100,,94108,24,0,91,1,99,,94123,24,0,91,1,62,,94114,34,0,91,1,239,,94106,24,0,91,1,100,,94112,24,0,91,1,96,,94119,24,0,91,1,100,,94118,24,0,91,1,100,,94113,24,0,91,1,99,,94110,24,0,91,1
9201,'12',623,,94130,24,,,1,30,,94134,24,,,1,71,,94135,24,,,1,23,,94126,24,,,1,79,,94141,24,,,1,29,,94128,24,,,1,101,,94140,24,0,91,1,100,,94124,24,0,91,1,100,,94136,24,0,91,1,101,,94139,24,0,91,1,100,,94127,24,0,91,1,99,,94142,24,0,91,1,62,,94133,34,0,91,1,239,,94125,24,0,91,1,100,,94131,24,0,91,1,96,,94138,24,0,91,1,100,,94137,24,0,91,1,100,,94132,24,0,91,1,99,,94129,24,0,91,1
9201,'13',623,,94149,24,,,1,30,,94147,24,,,1,71,,94150,24,,,1,22,,94148,24,,,1,80,,94144,24,,,1,29,,94156,24,,,1,101,,94143,24,0,91,1,100,,94145,24,0,91,1,100,,94157,24,0,91,1,101,,94159,24,0,91,1,100,,94146,24,0,91,1,100,,94154,24,0,91,1,300,,94158,24,0,91,1,100,,94152,24,0,91,1,96,,94153,24,0,91,1,100,,94151,24,0,91,1,100,,94160,24,0,91,1,99,,94155,24,0,91,1
9201,'15',623,,94167,24,,,1,30,,94171,24,,,1,71,,94172,24,,,1,23,,94163,24,,,1,79,,94178,24,,,1,29,,94165,24,,,1,101,,94177,24,0,91,1,100,,94161,24,0,91,1,100,,94173,24,0,91,1,101,,94176,24,0,91,1,100,,94164,24,0,91,1,99,,94179,24,0,91,1,62,,94170,34,0,91,1,239,,94162,24,0,91,1,100,,94168,24,0,91,1,96,,94175,24,0,91,1,100,,94174,24,0,91,1,100,,94169,24,0,91,1,99,,94166,24,0,91,1
9201,'16',623,,94186,24,,,1,30,,94190,24,,,1,71,,94191,24,,,1,23,,94182,24,,,1,79,,94197,24,,,1,29,,94184,24,,,1,101,,94196,24,0,91,1,100,,94180,24,0,91,1,100,,94192,24,0,91,1,101,,94195,24,0,91,1,100,,94183,24,0,91,1,99,,94198,24,0,91,1,62,,94189,34,0,91,1,239,,94181,24,0,91,1,100,,94187,24,0,91,1,96,,94194,24,0,91,1,100,,94193,24,0,91,1,100,,94188,24,0,91,1,99,,94185,24,0,91,1
9201,'17',623,,94205,24,,,1,30,,94203,24,,,1,71,,94206,24,,,1,22,,94204,24,,,1,80,,94200,24,,,1,29,,94212,24,,,1,101,,94199,24,0,91,1,100,,94201,24,0,91,1,100,,94213,24,0,91,1,101,,94215,24,0,91,1,100,,94202,24,0,91,1,100,,94210,24,0,91,1,300,,94214,24,0,91,1,100,,94208,24,0,91,1,96,,94209,24,0,91,1,100,,94207,24,0,91,1,100,,94216,24,0,91,1,99,,94211,24,0,91,1
9201,'18',623,,94223,24,,,1,30,,94227,24,,,1,69,,94226,24,,,1,24,,94224,24,,,1,79,,94218,24,,,1,30,,94233,24,,,1,101,,94229,24,0,91,1,100,,94230,24,0,91,1,100,,94219,24,0,91,1,101,,94231,24,0,91,1,100,,94232,24,0,91,1,100,,94217,24,0,91,1,300,,94222,24,0,91,1,100,,94228,24,0,91,1,96,,94220,24,0,91,1,100,,94234,24,0,91,1,100,,94225,24,0,91,1,99,,94221,24,0,91,1
9201,'19',623,,94241,24,,,1,30,,94239,24,,,1,71,,94242,24,,,1,22,,94240,24,,,1,80,,94236,24,,,1,29,,94248,24,,,1,101,,94235,24,0,91,1,100,,94237,24,0,91,1,100,,94249,24,0,91,1,101,,94251,24,0,91,1,100,,94238,24,0,91,1,100,,94246,24,0,91,1,300,,94250,24,0,91,1,100,,94244,24,0,91,1,96,,94245,24,0,91,1,100,,94243,24,0,91,1,100,,94252,24,0,91,1,99,,94247,24,0,91,1
9201,'3',623,,94259,24,,,1,30,,94263,24,,,1,71,,94264,24,,,1,23,,94255,24,,,1,79,,94270,24,,,1,29,,94257,24,,,1,101,,94269,24,0,91,1,100,,94253,24,0,91,1,100,,94265,24,0,91,1,101,,94268,24,0,91,1,100,,94256,24,0,91,1,99,,94271,24,0,91,1,62,,94262,34,0,91,1,239,,94254,24,0,91,1,100,,94260,24,0,91,1,96,,94267,24,0,91,1,100,,94266,24,0,91,1,100,,94261,24,0,91,1,99,,94258,24,0,91,1
9201,'4',623,,94278,24,,,1,30,,94282,24,,,1,71,,94283,24,,,1,23,,94274,24,,,1,79,,94289,24,,,1,29,,94276,24,,,1,101,,94288,24,0,91,1,100,,94272,24,0,91,1,100,,94284,24,0,91,1,101,,94287,24,0,91,1,100,,94275,24,0,91,1,99,,94290,24,0,91,1,62,,94281,34,0,91,1,239,,94273,24,0,91,1,100,,94279,24,0,91,1,96,,94286,24,0,91,1,100,,94285,24,0,91,1,100,,94280,24,0,91,1,99,,94277,24,0,91,1
9201,'5',623,,94297,24,,,1,30,,94295,24,,,1,71,,94298,24,,,1,22,,94296,24,,,1,80,,94292,24,,,1,29,,94304,24,,,1,101,,94291,24,0,91,1,100,,94293,24,0,91,1,100,,94305,24,0,91,1,101,,94307,24,0,91,1,100,,94294,24,0,91,1,100,,94302,24,0,91,1,300,,94306,24,0,91,1,100,,94300,24,0,91,1,96,,94301,24,0,91,1,100,,94299,24,0,91,1,100,,94308,24,0,91,1,99,,94303,24,0,91,1
9201,'6',623,,94315,24,,,1,30,,94319,24,,,1,71,,94320,24,,,1,23,,94311,24,,,1,79,,94326,24,,,1,29,,94313,24,,,1,101,,94325,24,0,91,1,100,,94309,24,0,91,1,100,,94321,24,0,91,1,101,,94324,24,0,91,1,100,,94312,24,0,91,1,99,,94327,24,0,91,1,62,,94318,34,0,91,1,239,,94310,24,0,91,1,100,,94316,24,0,91,1,96,,94323,24,0,91,1,100,,94322,24,0,91,1,100,,94317,24,0,91,1,99,,94314,24,0,91,1
9201,'7',623,,94334,24,,,1,30,,94332,24,,,1,71,,94335,24,,,1,22,,94333,24,,,1,80,,94329,24,,,1,29,,94341,24,,,1,101,,94328,24,0,91,1,100,,94330,24,0,91,1,100,,94342,24,0,91,1,101,,94344,24,0,91,1,100,,94331,24,0,91,1,100,,94339,24,0,91,1,300,,94343,24,0,91,1,100,,94337,24,0,91,1,96,,94338,24,0,91,1,100,,94336,24,0,91,1,100,,94345,24,0,91,1,99,,94340,24,0,91,1
64000,'10',835,,118758,24,,,1
64000,'11',835,,118759,24,,,1
64000,'12',835,,118760,24,,,1
64000,'15',835,,118761,24,,,1
64000,'16',835,,118762,24,,,1
64000,'3',835,,118763,24,,,1
64000,'4',835,,118764,24,,,1
64000,'6',835,,118765,24,,,1
