5100,'1',536,,213668,3,,,0,99,,332570,3,,,0,67,,332569,3,,,0,39,,332568,3,,,0,70,,332571,3,,,0,32,,332582,3,,,0,68,,332591,3,,,0,30,,332588,3,,,0,73,,332587,3,,,0,30,,332575,3,,,0,70,,332585,3,,,0,30,,332578,3,,,0,70,,332584,3,,,0,30,,332589,3,,,0,70,,332573,3,,,0,30,,332576,3,,,0,70,,238870,3,,,0,30,,332592,3,,,0,70,,332572,3,,,0,35,,206794,3,,,0,70,,332581,3,,,0,30,,332586,3,,,0,70,,332567,3,,,0,30,,248286,3,,,0,70,,332580,3,,,0,30,,332577,3,,,0,64,,332574,3,,,0,29,,332579,3,,,0,68,,332590,3,,,0,30,,222966,3,,,0,70,,1307,3,,,0,30,,332583,3,,,0,71,,245105,3,,,0
5100,'10',637,,332596,3,,,0,100,,332594,3,,,0,70,,332613,3,,,0,30,,332610,3,,,0,70,,332597,3,,,0,30,,246714,3,,,0,70,,241037,3,,,0,30,,332616,3,,,0,70,,332612,3,,,0,30,,332615,3,,,0,70,,332617,3,,,0,30,,332604,3,,,0,70,,212713,3,,,0,30,,332603,3,,,0,70,,332619,3,,,0,30,,332611,3,,,0,70,,332606,3,,,0,30,,332605,3,,,0,70,,332607,3,,,0,30,,332593,3,,,0,70,,332609,3,,,0,30,,332601,3,,,0,70,,332614,3,,,0,30,,332608,3,,,0,100,,332595,3,,,0,100,,332618,3,,,0,100,,332602,3,,,0,102,,332598,3,,,0
5100,'11',536,,332632,3,,,0,99,,332641,3,,,0,106,,332648,3,,,0,70,,274927,3,,,0,100,,332628,3,,,0,30,,332647,3,,,0,73,,332645,3,,,0,30,,332646,3,,,0,70,,332622,3,,,0,30,,332639,3,,,0,70,,280277,3,,,0,30,,208645,3,,,0,70,,332634,3,,,0,30,,332642,3,,,0,70,,332633,3,,,0,30,,332643,3,,,0,70,,332630,3,,,0,35,,332624,3,,,0,70,,332620,3,,,0,30,,332635,3,,,0,70,,332621,3,,,0,30,,332644,3,,,0,70,,332636,3,,,0,30,,332626,3,,,0,64,,332640,3,,,0,29,,332629,3,,,0,68,,332625,3,,,0,30,,332631,3,,,0,70,,249673,3,,,0,30,,332637,3,,,0,71,,332623,3,,,0
5100,'12',802,,332651,3,,,0,100,,193913,3,,,0,30,,332669,3,,,0,70,,332649,3,,,0,30,,332661,3,,,0,70,,332660,3,,,0,30,,332663,3,,,0,70,,332655,3,,,0,30,,332670,3,,,0,70,,332665,3,,,0,30,,332664,3,,,0,70,,332671,3,,,0,30,,332652,3,,,0,70,,332662,3,,,0,30,,332656,3,,,0,70,,332672,3,,,0,30,,332650,3,,,0,70,,332657,3,,,0,30,,213498,3,,,0,70,,332666,3,,,0,30,,332673,3,,,0,70,,332659,3,,,0,30,,332653,3,,,0,70,,332654,3,,,0,100,,207233,3,,,0,100,,332667,3,,,0,100,,332658,3,,,0
5100,'13',536,,332686,3,,,0,99,,332695,3,,,0,106,,332702,3,,,0,70,,274995,3,,,0,100,,332682,3,,,0,30,,332701,3,,,0,73,,332699,3,,,0,30,,332700,3,,,0,70,,332676,3,,,0,30,,332693,3,,,0,70,,280302,3,,,0,30,,208700,3,,,0,70,,332688,3,,,0,30,,332696,3,,,0,70,,332687,3,,,0,30,,332697,3,,,0,70,,332684,3,,,0,35,,332678,3,,,0,70,,332674,3,,,0,30,,332689,3,,,0,70,,332675,3,,,0,30,,332698,3,,,0,70,,332690,3,,,0,30,,332680,3,,,0,64,,332694,3,,,0,29,,332683,3,,,0,68,,332679,3,,,0,30,,332685,3,,,0,70,,249709,3,,,0,30,,332691,3,,,0,71,,332677,3,,,0
5100,'14',536,,332715,3,,,0,99,,332724,3,,,0,106,,332731,3,,,0,70,,275267,3,,,0,100,,332711,3,,,0,30,,332730,3,,,0,73,,332728,3,,,0,30,,332729,3,,,0,70,,332705,3,,,0,30,,332722,3,,,0,70,,280402,3,,,0,30,,208937,3,,,0,70,,332717,3,,,0,30,,332725,3,,,0,70,,332716,3,,,0,30,,332726,3,,,0,70,,332713,3,,,0,35,,332707,3,,,0,70,,332703,3,,,0,30,,332718,3,,,0,70,,332704,3,,,0,30,,332727,3,,,0,70,,332719,3,,,0,30,,332709,3,,,0,64,,332723,3,,,0,29,,332712,3,,,0,68,,332708,3,,,0,30,,332714,3,,,0,70,,249867,3,,,0,30,,332720,3,,,0,71,,332706,3,,,0
5100,'15',802,,332732,3,,,0,100,,332751,3,,,0,30,,332750,3,,,0,70,,264930,3,,,0,30,,332743,3,,,0,70,,296437,3,,,0,30,,332745,3,,,0,70,,332737,3,,,0,30,,332752,3,,,0,70,,332746,3,,,0,30,,234048,3,,,0,70,,332753,3,,,0,30,,332734,3,,,0,70,,332744,3,,,0,30,,332738,3,,,0,70,,332754,3,,,0,30,,246406,3,,,0,70,,332739,3,,,0,30,,332742,3,,,0,70,,332747,3,,,0,30,,332755,3,,,0,70,,332741,3,,,0,30,,332735,3,,,0,70,,332736,3,,,0,100,,332733,3,,,0,100,,332748,3,,,0,100,,332740,3,,,0
5100,'16',637,,332759,3,,,0,100,,332757,3,,,0,70,,216191,3,,,0,30,,332774,3,,,0,70,,274212,3,,,0,30,,332778,3,,,0,70,,332762,3,,,0,30,,332781,3,,,0,70,,332776,3,,,0,30,,332780,3,,,0,70,,332782,3,,,0,30,,332768,3,,,0,70,,332777,3,,,0,30,,332767,3,,,0,70,,150464,3,,,0,30,,332775,3,,,0,70,,332770,3,,,0,30,,332769,3,,,0,70,,332771,3,,,0,30,,332756,3,,,0,70,,332773,3,,,0,30,,332765,3,,,0,70,,332779,3,,,0,30,,332772,3,,,0,100,,332758,3,,,0,100,,332783,3,,,0,100,,332766,3,,,0,102,,332761,3,,,0
5100,'2',536,,332794,3,,,0,99,,332800,3,,,0,106,,332807,3,,,0,70,,332790,3,,,0,100,,332791,3,,,0,30,,332806,3,,,0,73,,332804,3,,,0,30,,332805,3,,,0,70,,332784,3,,,0,30,,332798,3,,,0,70,,332793,3,,,0,30,,332808,3,,,0,70,,332796,3,,,0,30,,332801,3,,,0,70,,332795,3,,,0,30,,332802,3,,,0,70,,167803,3,,,0,35,,332785,3,,,0,70,,242393,3,,,0,30,,119879,3,,,0,70,,261510,3,,,0,30,,332803,3,,,0,70,,232940,3,,,0,30,,332788,3,,,0,64,,332799,3,,,0,29,,293968,3,,,0,68,,332786,3,,,0,30,,332792,3,,,0,70,,332787,3,,,0,30,,332797,3,,,0,71,,264439,3,,,0
5100,'3',536,,332823,3,,,0,99,,34492,3,,,0,106,,332835,3,,,0,70,,332817,3,,,0,100,,332818,3,,,0,30,,332834,3,,,0,73,,332832,3,,,0,30,,332833,3,,,0,70,,239336,3,,,0,30,,262776,3,,,0,70,,332822,3,,,0,30,,332836,3,,,0,70,,332824,3,,,0,30,,332829,3,,,0,70,,222765,3,,,0,30,,332830,3,,,0,70,,332820,3,,,0,35,,332812,3,,,0,70,,332809,3,,,0,30,,332825,3,,,0,70,,332810,3,,,0,30,,332831,3,,,0,70,,332826,3,,,0,30,,332815,3,,,0,64,,332828,3,,,0,29,,332819,3,,,0,68,,332813,3,,,0,30,,332821,3,,,0,70,,332814,3,,,0,30,,207982,3,,,0,71,,332811,3,,,0
5100,'4',536,,332858,3,,,0,99,,332856,3,,,0,67,,212201,3,,,0,38,,332853,3,,,0,71,,332854,3,,,0,31,,332844,3,,,0,69,,332861,3,,,0,30,,332839,3,,,0,73,,332857,3,,,0,30,,278817,3,,,0,70,,196497,3,,,0,30,,288357,3,,,0,70,,332851,3,,,0,30,,225093,3,,,0,70,,284266,3,,,0,30,,332847,3,,,0,70,,332840,3,,,0,30,,332843,3,,,0,70,,332848,3,,,0,35,,332841,3,,,0,70,,332845,3,,,0,30,,332855,3,,,0,70,,332846,3,,,0,30,,292071,3,,,0,70,,295814,3,,,0,30,,332837,3,,,0,64,,332842,3,,,0,29,,332860,3,,,0,68,,332838,3,,,0,30,,332850,3,,,0,70,,332849,3,,,0,30,,332852,3,,,0,71,,332859,3,,,0
5100,'5',536,,332876,3,,,0,99,,251201,3,,,0,106,,332888,3,,,0,70,,332870,3,,,0,100,,332871,3,,,0,30,,332887,3,,,0,73,,332885,3,,,0,30,,332886,3,,,0,70,,239455,3,,,0,30,,72546,3,,,0,70,,332875,3,,,0,30,,332889,3,,,0,70,,332877,3,,,0,30,,332882,3,,,0,70,,222841,3,,,0,30,,332883,3,,,0,70,,332873,3,,,0,35,,332865,3,,,0,70,,332862,3,,,0,30,,332878,3,,,0,70,,332863,3,,,0,30,,332884,3,,,0,70,,332879,3,,,0,30,,332868,3,,,0,64,,332881,3,,,0,29,,332872,3,,,0,68,,332866,3,,,0,30,,332874,3,,,0,70,,332867,3,,,0,30,,208152,3,,,0,71,,332864,3,,,0
5100,'6',536,,332902,3,,,0,99,,332911,3,,,0,106,,332918,3,,,0,70,,274553,3,,,0,100,,332898,3,,,0,30,,332917,3,,,0,73,,332915,3,,,0,30,,332916,3,,,0,70,,332892,3,,,0,30,,332909,3,,,0,70,,280109,3,,,0,30,,208284,3,,,0,70,,332904,3,,,0,30,,332912,3,,,0,70,,332903,3,,,0,30,,332913,3,,,0,70,,332900,3,,,0,35,,332894,3,,,0,70,,332890,3,,,0,30,,332905,3,,,0,70,,332891,3,,,0,30,,332914,3,,,0,70,,332906,3,,,0,30,,332896,3,,,0,64,,332910,3,,,0,29,,332899,3,,,0,68,,332895,3,,,0,30,,332901,3,,,0,70,,249463,3,,,0,30,,332907,3,,,0,71,,332893,3,,,0
5100,'7',536,,332929,3,,,0,99,,332935,3,,,0,106,,332942,3,,,0,70,,332925,3,,,0,100,,332926,3,,,0,30,,332941,3,,,0,73,,332939,3,,,0,30,,332940,3,,,0,70,,332919,3,,,0,30,,332933,3,,,0,70,,332928,3,,,0,30,,332943,3,,,0,70,,332931,3,,,0,30,,332936,3,,,0,70,,332930,3,,,0,30,,332937,3,,,0,70,,167871,3,,,0,35,,332920,3,,,0,70,,242258,3,,,0,30,,134387,3,,,0,70,,261398,3,,,0,30,,332938,3,,,0,70,,232855,3,,,0,30,,332923,3,,,0,64,,332934,3,,,0,29,,293958,3,,,0,68,,332921,3,,,0,30,,332927,3,,,0,70,,332922,3,,,0,30,,332932,3,,,0,71,,264236,3,,,0
5100,'8',802,,332946,3,,,0,100,,213823,3,,,0,30,,332964,3,,,0,70,,332944,3,,,0,30,,332956,3,,,0,70,,332955,3,,,0,30,,332958,3,,,0,70,,332950,3,,,0,30,,332965,3,,,0,70,,332960,3,,,0,30,,332959,3,,,0,70,,332966,3,,,0,30,,332947,3,,,0,70,,332957,3,,,0,30,,332951,3,,,0,70,,332967,3,,,0,30,,332945,3,,,0,70,,332952,3,,,0,30,,213815,3,,,0,70,,332961,3,,,0,30,,332968,3,,,0,70,,332954,3,,,0,30,,332948,3,,,0,70,,332949,3,,,0,100,,207722,3,,,0,100,,332962,3,,,0,100,,332953,3,,,0
5100,'9',536,,332981,3,,,0,99,,332990,3,,,0,106,,332997,3,,,0,70,,274372,3,,,0,100,,332977,3,,,0,30,,332996,3,,,0,73,,332994,3,,,0,30,,332995,3,,,0,70,,332971,3,,,0,30,,332988,3,,,0,70,,280031,3,,,0,30,,208107,3,,,0,70,,332983,3,,,0,30,,332991,3,,,0,70,,332982,3,,,0,30,,332992,3,,,0,70,,332979,3,,,0,35,,332973,3,,,0,70,,332969,3,,,0,30,,332984,3,,,0,70,,332970,3,,,0,30,,332993,3,,,0,70,,332985,3,,,0,30,,332975,3,,,0,64,,332989,3,,,0,29,,332978,3,,,0,68,,332974,3,,,0,30,,332980,3,,,0,70,,249365,3,,,0,30,,332986,3,,,0,71,,332972,3,,,0
