22800,'1',549,,203301,20,,,1,72,,110136,20,,,1,38,,203300,20,,,1
22800,'10',549,,203302,20,,,1,110,,203303,20,,,1
22800,'12',549,,41632,20,,,1,72,,203305,20,,,1,36,,203304,20,,,1
22800,'14',549,,203307,20,,,1,72,,203308,20,,,1,36,,203306,20,,,1
22800,'15',549,,203310,20,,,1,72,,203311,20,,,1,36,,203309,20,,,1
22800,'16',549,,203313,20,,,1,72,,203314,20,,,1,36,,203312,20,,,1
22800,'17',549,,203316,20,,,1,72,,110279,20,,,1,38,,203315,20,,,1
22800,'2',549,,203318,20,,,1,72,,110165,20,,,1,38,,203317,20,,,1
22800,'3',549,,203320,20,,,1,72,,203321,20,,,1,36,,203319,20,,,1
22800,'5',549,,203323,20,,,1,72,,203322,20,,,1,38,,95812,20,,,1
22800,'6',549,,203325,20,,,1,72,,110437,20,,,1,38,,203324,20,,,1
22800,'8',549,,203327,20,,,1,72,,110408,20,,,1,38,,203326,20,,,1
22801,'1',1640,,203329,41,,,1,81,,51065,41,,,1,98,,203328,41,,,1
22801,'10',1640,,464,41,,,1,81,,203330,41,,,1,98,,203331,41,,,1
22801,'12',1639,,33742,41,,,1,83,,203333,41,,,1,97,,203332,41,,,1
22801,'14',1639,,203335,41,,,1,83,,70007,41,,,1,97,,203334,41,,,1
22801,'15',1639,,203337,41,,,1,83,,70402,41,,,1,97,,203336,41,,,1
22801,'16',1639,,203339,41,,,1,83,,203340,41,,,1,97,,203338,41,,,1
22801,'17',1640,,203342,41,,,1,81,,51093,41,,,1,98,,203341,41,,,1
22801,'2',1640,,203344,41,,,1,81,,51072,41,,,1,98,,203343,41,,,1
22801,'3',1639,,203346,41,,,1,83,,70260,41,,,1,97,,203345,41,,,1
22801,'5',1640,,203348,41,,,1,81,,203349,41,,,1,98,,203347,41,,,1
22801,'6',1640,,203351,41,,,1,81,,51128,41,,,1,98,,203350,41,,,1
22801,'8',1640,,203353,41,,,1,81,,51121,41,,,1,98,,203352,41,,,1
