29900,'10',635,,118014,32,0,35,1,93,,118016,6,0,23 46 47,1,2,,118017,6,0,23 46 47,1,1,,118013,32,0,35,1,1,,118015,6,0,23 46 47,1
29900,'11',635,,118019,32,0,35,1,93,,118021,6,0,23 46 47,1,2,,118022,6,0,23 46 47,1,1,,118018,32,0,35,1,1,,118020,6,0,23 46 47,1
29900,'12',635,,118024,32,0,35,1,93,,118026,6,0,23 46 47,1,2,,118027,6,0,23 46 47,1,1,,118023,32,0,35,1,1,,118025,6,0,23 46 47,1
29900,'13',635,,118029,32,0,35,1,96,,118028,32,0,35,1
29900,'15',635,,118031,32,0,35,1,93,,118033,6,0,23 46 47,1,2,,118034,6,0,23 46 47,1,1,,118030,32,0,35,1,1,,118032,6,0,23 46 47,1
29900,'16',635,,118036,32,0,35,1,93,,118038,6,0,23 46 47,1,2,,118039,6,0,23 46 47,1,1,,118035,32,0,35,1,1,,118037,6,0,23 46 47,1
29900,'17',635,,118041,32,0,35,1,96,,118040,32,0,35,1
29900,'18',634,,118043,32,0,35,1,97,,118042,32,0,35,1
29900,'19',635,,118045,32,0,35,1,96,,118044,32,0,35,1
29900,'3',635,,118047,32,0,35,1,93,,118049,6,0,23 46 47,1,2,,118050,6,0,23 46 47,1,1,,118046,32,0,35,1,1,,118048,6,0,23 46 47,1
29900,'4',635,,118052,32,0,35,1,93,,118054,6,0,23 46 47,1,2,,118055,6,0,23 46 47,1,1,,118051,32,0,35,1,1,,118053,6,0,23 46 47,1
29900,'5',635,,118057,32,0,35,1,96,,118056,32,0,35,1
29900,'6',635,,118059,32,0,35,1,93,,118061,6,0,23 46 47,1,2,,118062,6,0,23 46 47,1,1,,118058,32,0,35,1,1,,118060,6,0,23 46 47,1
29900,'7',635,,118064,32,0,35,1,96,,118063,32,0,35,1
