25601,'12',1550,,293632,20,,,1,72,,293631,20,,,1,28,,293635,20,,,1,72,,293633,20,,,1,28,,203659,20,,,1,70,,293636,20,,,1,106,,293634,20,,,1
25601,'14',1542,,293640,20,,,1,78,,293639,20,,,1,29,,293644,20,,,1,73,,293641,20,,,1,28,,293638,20,,,1,70,,293642,20,,,1,31,,293637,20,,,1,75,,293643,20,,,1
25601,'15',1550,,293646,20,,,1,72,,293645,20,,,1,28,,293649,20,,,1,72,,293647,20,,,1,28,,203674,20,,,1,70,,293650,20,,,1,106,,293648,20,,,1
25601,'17',1542,,293654,20,,,1,78,,293653,20,,,1,29,,293658,20,,,1,73,,293655,20,,,1,28,,293652,20,,,1,70,,293656,20,,,1,31,,293651,20,,,1,75,,293657,20,,,1
25601,'18',1542,,293662,20,,,1,78,,293661,20,,,1,29,,293666,20,,,1,73,,293663,20,,,1,28,,293660,20,,,1,70,,293664,20,,,1,31,,293659,20,,,1,75,,293665,20,,,1
25601,'2',1542,,293670,20,,,1,78,,293669,20,,,1,29,,293674,20,,,1,73,,293671,20,,,1,28,,293668,20,,,1,70,,293672,20,,,1,31,,293667,20,,,1,75,,293673,20,,,1
25601,'3',1550,,293675,20,,,1,72,,201793,20,,,1,28,,166809,20,,,1,72,,293676,20,,,1,28,,293677,20,,,1,70,,293678,20,,,1,106,,134442,20,,,1
25601,'4',1550,,293680,20,,,1,72,,293679,20,,,1,28,,293683,20,,,1,72,,293681,20,,,1,28,,203679,20,,,1,70,,293684,20,,,1,106,,293682,20,,,1
25601,'5',1550,,293686,20,,,1,72,,293685,20,,,1,28,,293689,20,,,1,72,,293687,20,,,1,28,,203622,20,,,1,70,,293690,20,,,1,106,,293688,20,,,1
25601,'7',1542,,293694,20,,,1,78,,293693,20,,,1,29,,293698,20,,,1,73,,293695,20,,,1,28,,293692,20,,,1,70,,293696,20,,,1,31,,293691,20,,,1,75,,293697,20,,,1
25601,'8',1542,,293700,20,,,1,110,,293701,20,,,1,100,,293703,20,,,1,98,,293702,20,,,1,76,,293699,20,,,1
25601,'9',1550,,293705,20,,,1,72,,293704,20,,,1,28,,293708,20,,,1,72,,293706,20,,,1,28,,203654,20,,,1,70,,293709,20,,,1,106,,293707,20,,,1
65701,'12',836,,295245,6,,,1
65701,'15',836,,295247,6,,,1
65701,'3',836,,295249,6,,,1
65701,'4',836,,295251,6,,,1
65701,'5',836,,295253,6,,,1
65701,'9',836,,295255,6,,,1
66500,'12',811,,181881,13,,,1,2,,295429,13,,,1
66500,'15',811,,182029,13,,,1,2,,295430,13,,,1
66500,'3',811,,295432,13,,,1,2,,295431,13,,,1
66500,'4',811,,182097,13,,,1,2,,295433,13,,,1
66500,'5',811,,181557,13,,,1,2,,295434,13,,,1
66500,'9',811,,181842,13,,,1,2,,295435,13,,,1
66501,'12',1559,,295438,51,,,1,49,,295437,51,,,1
66501,'15',1559,,295441,51,,,1,49,,295440,51,,,1
66501,'3',1559,,295444,51,,,1,49,,295443,51,,,1
66501,'4',1559,,295447,51,,,1,49,,295446,51,,,1
66501,'5',1559,,295450,51,,,1,49,,295449,51,,,1
66501,'9',1559,,295453,51,,,1,49,,295452,51,,,1
66700,'12',719,,295455,6,,,1,3,,295457,6,,,1,2,,295456,6,,,1
66700,'15',719,,295459,6,,,1,3,,295461,6,,,1,2,,295460,6,,,1
66700,'3',719,,295464,6,,,1,3,,295466,6,,,1,2,,295465,6,,,1
66700,'4',719,,295468,6,,,1,3,,295470,6,,,1,2,,295469,6,,,1
66700,'5',719,,295472,6,,,1,3,,295474,6,,,1,2,,295473,6,,,1
66700,'9',719,,295476,6,,,1,3,,295478,6,,,1,2,,295477,6,,,1
68101,'12',1608,,295868,52,,,1
68101,'15',1608,,295869,52,,,1
68101,'3',1608,,295870,52,,,1
68101,'4',1608,,295871,52,,,1
68101,'5',1608,,295872,52,,,1
68101,'9',1608,,295873,52,,,1
