22101,'1',1656,,203085,25,,,1,100,,203086,25,,,1
22101,'10',1656,,203087,25,,,1,100,,203088,25,,,1
22101,'12',1656,,203090,25,,,1,101,,203089,25,,,1
22101,'14',1656,,203092,25,,,1,101,,19910,25,,,1
22101,'15',1656,,203094,25,,,1,101,,20038,25,,,1
22101,'16',1656,,203097,25,,,1,101,,203096,25,,,1
22101,'17',1656,,203100,25,,,1,100,,203101,25,,,1
22101,'2',1656,,203103,25,,,1,100,,203104,25,,,1
22101,'3',1656,,203105,25,,,1,101,,19987,25,,,1
22101,'5',1656,,37485,25,,,1,100,,203109,25,,,1
22101,'6',1656,,203111,25,,,1,100,,203112,25,,,1
22101,'8',1656,,203114,25,,,1,100,,203115,25,,,1
