6000,'1',1554,,337557,11,,,0,74,,206759,11,,,0,29,,192281,11,,,0,67,,337565,11,,,0,30,,214286,11,,,0,70,,337561,11,,,0,33,,337545,11,,,0
6000,'11',1554,,337593,11,,,0,74,,337589,11,,,0,30,,337569,11,,,0,66,,337584,11,,,0,30,,337573,11,,,0,70,,248419,11,,,0,33,,337583,11,,,0
6000,'13',1554,,337621,11,,,0,74,,337617,11,,,0,30,,337597,11,,,0,66,,337612,11,,,0,30,,337601,11,,,0,70,,248454,11,,,0,33,,337611,11,,,0
6000,'14',1554,,337649,11,,,0,74,,337645,11,,,0,30,,337625,11,,,0,66,,337640,11,,,0,30,,337629,11,,,0,70,,248614,11,,,0,33,,337639,11,,,0
6000,'2',1554,,293969,11,,,0,74,,337672,11,,,0,30,,337652,11,,,0,66,,203804,11,,,0,30,,337657,11,,,0,70,,337668,11,,,0,33,,337666,11,,,0
6000,'3',1554,,337704,11,,,0,74,,337700,11,,,0,30,,337679,11,,,0,66,,337694,11,,,0,30,,337684,11,,,0,70,,337696,11,,,0,33,,274300,11,,,0
6000,'4',1554,,337724,11,,,0,72,,337733,11,,,0,31,,337726,11,,,0,69,,337707,11,,,0,30,,337717,11,,,0,70,,337712,11,,,0,31,,337708,11,,,0
6000,'5',1554,,337762,11,,,0,74,,337758,11,,,0,30,,337737,11,,,0,66,,337752,11,,,0,30,,337742,11,,,0,70,,337754,11,,,0,33,,274452,11,,,0
6000,'6',1554,,337790,11,,,0,74,,337786,11,,,0,30,,337766,11,,,0,66,,337781,11,,,0,30,,337770,11,,,0,70,,248200,11,,,0,33,,337780,11,,,0
6000,'7',1554,,293959,11,,,0,74,,337813,11,,,0,30,,337793,11,,,0,66,,20617,11,,,0,30,,337798,11,,,0,70,,337809,11,,,0,33,,337807,11,,,0
6000,'9',1554,,337844,11,,,0,74,,337840,11,,,0,30,,337820,11,,,0,66,,337835,11,,,0,30,,337824,11,,,0,70,,248099,11,,,0,33,,337834,11,,,0
6101,'1',503,,284152,31,0,9 10,0,31,,338881,31,0,9 10,0,72,,338853,17,,,0,30,,212670,17,,,0,23,,161219,16,,,0,64,,338846,12,,,0,30,,338857,12,,,0,74,,338873,12,,,0,28,,253820,12,,,0,70,,156708,12,,,0,30,,338884,12,,,0,70,,338869,12,,,0,30,,338859,12,,,0,69,,338861,12,,,0,30,,338866,12,,,0,70,,338872,12,,,0,30,,338850,12,,,0,70,,338863,12,,,0,33,,338843,12,,,0,54,,338860,12,0,9 10,0,14,,338877,12,,,0,16,,338878,12,0,9 10,0,12,,338841,12,,,0,58,,338845,12,0,9 10,0,13,,338883,12,,,0,17,,338865,12,0,9 10,0,18,,338842,12,,,0,50,,338882,12,0,9 10,0,16,,338852,12,,,0,17,,338849,12,0,9 10,0,13,,245722,12,,,0,59,,338867,12,0,9 10,0,15,,338876,12,,,0,15,,338851,12,0,9 10,0,57,,338848,12,,,0,14,,338871,12,,,0,14,,338880,12,,,0,15,,338858,12,,,0,15,,338862,12,,,0,67,,338874,12,,,0,30,,253834,12,,,0,68,,237311,12,,,0,30,,338847,12,,,0,70,,130546,12,,,0,30,,338854,12,,,0,68,,338864,12,,,0,29,,244220,12,,,0,70,,338855,12,,,0,30,,151579,12,,,0,79,,338856,13,0,9 10,0,70,,338844,13,0,9 10,0,30,,338870,13,0,9 10,0,70,,338875,13,0,9 10,0,27,,338868,27,0,9 10,0,30,,136164,27,0,9 10,0,70,,338879,27,0,9 10,0
6101,'10',559,,338917,27,0,9 10,0,71,,338916,27,,,0,24,,338886,25,,,0,71,,338908,12,,,0,30,,338893,12,,,0,69,,338890,12,,,0,30,,338909,12,,,0,70,,338901,12,,,0,30,,220041,12,,,0,69,,144019,12,,,0,30,,338887,12,,,0,70,,212186,12,,,0,30,,338899,12,,,0,70,,208496,12,,,0,30,,129330,12,,,0,70,,338897,12,,,0,30,,338910,12,,,0,70,,338900,12,,,0,30,,240779,12,,,0,71,,257980,12,,,0,30,,338895,12,,,0,69,,338894,12,,,0,31,,338919,12,,,0,69,,338913,12,,,0,30,,338889,12,,,0,70,,338912,12,0,9 10,0,30,,252135,12,,,0,70,,338898,12,0,9 10,0,30,,338915,12,,,0,70,,338907,12,,,0,30,,338902,12,,,0,70,,338906,12,,,0,30,,338918,12,,,0,70,,338885,12,,,0,30,,338903,12,,,0,70,,338891,12,,,0,30,,338904,12,,,0,74,,338888,13,0,9 10,0,30,,338896,13,0,9 10,0,70,,338914,13,0,9 10,0,30,,338905,13,0,9 10,0,81,,338911,13,0,9 10,0,70,,244267,13,0,9 10,0,30,,338892,27,0,9 10,0
6101,'11',503,,338939,31,0,9 10,0,31,,338945,31,0,9 10,0,72,,338954,17,,,0,30,,338960,17,,,0,23,,338959,16,,,0,66,,338951,12,,,0,28,,338922,12,,,0,72,,338923,12,,,0,30,,338940,12,,,0,70,,270255,12,,,0,30,,338926,12,,,0,70,,338927,12,,,0,30,,338955,12,,,0,69,,338936,12,,,0,30,,338958,12,,,0,70,,280280,12,,,0,30,,338943,12,,,0,70,,220160,12,,,0,33,,338933,12,,,0,54,,338956,12,0,9 10,0,16,,338957,12,,,0,14,,338950,12,0,9 10,0,13,,338930,12,,,0,55,,338952,12,0,9 10,0,15,,338964,12,,,0,15,,210632,12,0,9 10,0,20,,338948,12,,,0,51,,338947,12,0,9 10,0,34,,151943,12,0,9 10,0,13,,338931,12,,,0,55,,338935,12,0,9 10,0,17,,338921,12,,,0,14,,338953,12,0,9 10,0,16,,338920,12,,,0,55,,338946,12,,,0,15,,338925,12,,,0,15,,338932,12,,,0,82,,338961,12,,,0,30,,338938,12,,,0,68,,338924,12,,,0,30,,338963,12,,,0,70,,338949,12,,,0,30,,338928,12,,,0,68,,338934,12,,,0,29,,261735,12,,,0,70,,338937,12,,,0,30,,250861,12,,,0,79,,338941,13,0,9 10,0,70,,338944,13,0,9 10,0,30,,338929,13,0,9 10,0,70,,338942,13,0,9 10,0,27,,338962,27,0,9 10,0,30,,266452,27,0,9 10,0,70,,132831,27,0,9 10,0
6101,'12',613,,251151,27,,,0,24,,338992,25,0,9 10,0,70,,338999,25,,,0,30,,338981,25,0,9 10,0,70,,338996,25,,,0,30,,338971,25,0,9 10,0,71,,338974,12,,,0,32,,338980,12,,,0,69,,338967,12,,,0,29,,339004,12,,,0,70,,338998,12,,,0,30,,338965,12,,,0,70,,338970,12,,,0,35,,338997,12,,,0,65,,339000,12,,,0,30,,338973,12,,,0,70,,338968,12,,,0,30,,339001,12,,,0,70,,338994,12,,,0,30,,276132,12,,,0,70,,338993,12,,,0,30,,338969,12,,,0,70,,338972,12,,,0,30,,338985,12,,,0,70,,338989,12,,,0,30,,338976,12,,,0,70,,338966,12,,,0,30,,338979,12,,,0,70,,338991,12,0,9 10,0,30,,338986,12,,,0,69,,338988,12,0,9 10,0,31,,338978,12,,,0,70,,338990,12,,,0,29,,338987,12,0,9 10,0,71,,338982,12,,,0,29,,338983,12,0,9 10,0,75,,338995,13,0,9 10,0,30,,338975,27,0,9 10,0,70,,339003,27,0,9 10,0,30,,338977,27,0,9 10,0,70,,338984,27,0,9 10,0,26,,257598,27,0,9 10,0,70,,339002,27,0,9 10,0
6101,'13',503,,339024,31,0,9 10,0,31,,339030,31,0,9 10,0,72,,339039,17,,,0,30,,339045,17,,,0,23,,339044,16,,,0,66,,339036,12,,,0,28,,339007,12,,,0,72,,339008,12,,,0,30,,339025,12,,,0,70,,270306,12,,,0,30,,339011,12,,,0,70,,339012,12,,,0,30,,339040,12,,,0,69,,339021,12,,,0,30,,339043,12,,,0,70,,280305,12,,,0,30,,339028,12,,,0,70,,220204,12,,,0,33,,339018,12,,,0,54,,339041,12,0,9 10,0,16,,339042,12,,,0,14,,339035,12,0,9 10,0,13,,339015,12,,,0,55,,339037,12,0,9 10,0,15,,339049,12,,,0,15,,210680,12,0,9 10,0,20,,339033,12,,,0,51,,339032,12,0,9 10,0,34,,151281,12,0,9 10,0,13,,339016,12,,,0,55,,339020,12,0,9 10,0,17,,339006,12,,,0,14,,339038,12,0,9 10,0,16,,339005,12,,,0,55,,339031,12,,,0,15,,339010,12,,,0,15,,339017,12,,,0,82,,339046,12,,,0,30,,339023,12,,,0,68,,339009,12,,,0,30,,339048,12,,,0,70,,339034,12,,,0,30,,339013,12,,,0,68,,339019,12,,,0,29,,261780,12,,,0,70,,339022,12,,,0,30,,250900,12,,,0,79,,339026,13,0,9 10,0,70,,339029,13,0,9 10,0,30,,339014,13,0,9 10,0,70,,339027,13,0,9 10,0,27,,339047,27,0,9 10,0,30,,266498,27,0,9 10,0,70,,131970,27,0,9 10,0
6101,'14',503,,339069,31,0,9 10,0,31,,339075,31,0,9 10,0,72,,339084,17,,,0,30,,339090,17,,,0,23,,339089,16,,,0,66,,339081,12,,,0,28,,339052,12,,,0,72,,339053,12,,,0,30,,339070,12,,,0,70,,270516,12,,,0,30,,339056,12,,,0,70,,339057,12,,,0,30,,339085,12,,,0,69,,339066,12,,,0,30,,339088,12,,,0,70,,280405,12,,,0,30,,339073,12,,,0,70,,220388,12,,,0,33,,339063,12,,,0,54,,339086,12,0,9 10,0,16,,339087,12,,,0,14,,339080,12,0,9 10,0,13,,339060,12,,,0,55,,339082,12,0,9 10,0,15,,339094,12,,,0,15,,210903,12,0,9 10,0,20,,339078,12,,,0,51,,339077,12,0,9 10,0,34,,151617,12,0,9 10,0,13,,339061,12,,,0,55,,339065,12,0,9 10,0,17,,339051,12,,,0,14,,339083,12,0,9 10,0,16,,339050,12,,,0,55,,339076,12,,,0,15,,339055,12,,,0,15,,339062,12,,,0,82,,339091,12,,,0,30,,339068,12,,,0,68,,339054,12,,,0,30,,339093,12,,,0,70,,339079,12,,,0,30,,339058,12,,,0,68,,339064,12,,,0,29,,261952,12,,,0,70,,339067,12,,,0,30,,251052,12,,,0,79,,339071,13,0,9 10,0,70,,339074,13,0,9 10,0,30,,339059,13,0,9 10,0,70,,339072,13,0,9 10,0,27,,339092,27,0,9 10,0,30,,266687,27,0,9 10,0,70,,132411,27,0,9 10,0
6101,'15',613,,339115,27,,,0,24,,339114,25,0,9 10,0,70,,294485,25,,,0,30,,339106,25,0,9 10,0,70,,339118,25,,,0,30,,265780,25,0,9 10,0,71,,339101,12,,,0,32,,250360,12,,,0,69,,339097,12,,,0,29,,339124,12,,,0,70,,339119,12,,,0,30,,339095,12,,,0,70,,240458,12,,,0,35,,268578,12,,,0,65,,339120,12,,,0,30,,259141,12,,,0,70,,339098,12,,,0,30,,339121,12,,,0,70,,275126,12,,,0,30,,339110,12,,,0,70,,271080,12,,,0,30,,339099,12,,,0,70,,339100,12,,,0,30,,339109,12,,,0,70,,339111,12,,,0,30,,339103,12,,,0,70,,339096,12,,,0,30,,263674,12,,,0,70,,339113,12,0,9 10,0,30,,216054,12,,,0,69,,210795,12,0,9 10,0,31,,339105,12,,,0,70,,339112,12,,,0,29,,263692,12,0,9 10,0,71,,264947,12,,,0,29,,339107,12,0,9 10,0,75,,339117,13,0,9 10,0,30,,339102,27,0,9 10,0,70,,339123,27,0,9 10,0,30,,339104,27,0,9 10,0,70,,339108,27,0,9 10,0,26,,339116,27,0,9 10,0,70,,339122,27,0,9 10,0
6101,'16',559,,339162,27,0,9 10,0,71,,286542,27,,,0,24,,339126,25,,,0,71,,247387,12,,,0,30,,339134,12,,,0,69,,339131,12,,,0,30,,339155,12,,,0,70,,339146,12,,,0,30,,339128,12,,,0,69,,339140,12,,,0,30,,339127,12,,,0,70,,339163,12,,,0,30,,339144,12,,,0,70,,339138,12,,,0,30,,339166,12,,,0,70,,339141,12,,,0,30,,339156,12,,,0,70,,339145,12,,,0,30,,339150,12,,,0,71,,339137,12,,,0,30,,339136,12,,,0,69,,339135,12,,,0,31,,339165,12,,,0,69,,339159,12,,,0,30,,339130,12,,,0,70,,339158,12,0,9 10,0,30,,339142,12,,,0,70,,339143,12,0,9 10,0,30,,339161,12,,,0,70,,339154,12,,,0,30,,339147,12,,,0,70,,339153,12,,,0,30,,339164,12,,,0,70,,339125,12,,,0,30,,339148,12,,,0,70,,339132,12,,,0,30,,339149,12,,,0,74,,339129,13,0,9 10,0,30,,339139,13,0,9 10,0,70,,339160,13,0,9 10,0,30,,339151,13,0,9 10,0,81,,339157,13,0,9 10,0,70,,339152,13,0,9 10,0,30,,339133,27,0,9 10,0
6101,'2',503,,235121,31,0,9 10,0,31,,339190,31,0,9 10,0,72,,339200,17,,,0,30,,339205,17,,,0,23,,339204,16,,,0,66,,339197,12,,,0,28,,252395,12,,,0,72,,339169,12,,,0,30,,339184,12,,,0,70,,339172,12,,,0,30,,339174,12,,,0,70,,293017,12,,,0,30,,339201,12,,,0,69,,339181,12,,,0,30,,339203,12,,,0,70,,339188,12,,,0,30,,339187,12,,,0,70,,339177,12,,,0,33,,339179,12,,,0,54,,265494,12,0,9 10,0,16,,339202,12,,,0,14,,339196,12,0,9 10,0,13,,140414,12,,,0,55,,339198,12,0,9 10,0,15,,227040,12,,,0,15,,339176,12,0,9 10,0,20,,339194,12,,,0,51,,339193,12,0,9 10,0,34,,339171,12,0,9 10,0,13,,258796,12,,,0,55,,339180,12,0,9 10,0,17,,339168,12,,,0,14,,339199,12,0,9 10,0,16,,339167,12,,,0,55,,339191,12,,,0,15,,121790,12,,,0,15,,339178,12,,,0,82,,260231,12,,,0,30,,339183,12,,,0,68,,231994,12,,,0,30,,339207,12,,,0,70,,339195,12,,,0,30,,339175,12,,,0,68,,282384,12,,,0,29,,339185,12,,,0,70,,339182,12,,,0,30,,339170,12,,,0,79,,255475,13,0,9 10,0,70,,339189,13,0,9 10,0,30,,217392,13,0,9 10,0,70,,339186,13,0,9 10,0,27,,339206,27,0,9 10,0,30,,339192,27,0,9 10,0,70,,339173,27,0,9 10,0
6101,'3',503,,339231,31,0,9 10,0,31,,339238,31,0,9 10,0,72,,339248,17,,,0,30,,339254,17,,,0,23,,339253,16,,,0,66,,339245,12,,,0,28,,339209,12,,,0,72,,339210,12,,,0,30,,339232,12,,,0,70,,339214,12,,,0,30,,339217,12,,,0,70,,339218,12,,,0,30,,339249,12,,,0,69,,339228,12,,,0,30,,339252,12,,,0,70,,339236,12,,,0,30,,339235,12,,,0,70,,339223,12,,,0,33,,339226,12,,,0,54,,339250,12,0,9 10,0,16,,339251,12,,,0,14,,339244,12,0,9 10,0,13,,339222,12,,,0,55,,339246,12,0,9 10,0,15,,339257,12,,,0,15,,339221,12,0,9 10,0,20,,339242,12,,,0,51,,339241,12,0,9 10,0,34,,339212,12,0,9 10,0,13,,339224,12,,,0,55,,224210,12,0,9 10,0,17,,218048,12,,,0,14,,339247,12,0,9 10,0,16,,339208,12,,,0,55,,339239,12,,,0,15,,339216,12,,,0,15,,339225,12,,,0,82,,339255,12,,,0,30,,339230,12,,,0,68,,339213,12,,,0,30,,339256,12,,,0,70,,339243,12,,,0,30,,339219,12,,,0,68,,339227,12,,,0,29,,339234,12,,,0,70,,339229,12,,,0,30,,339211,12,,,0,79,,339233,13,0,9 10,0,70,,339237,13,0,9 10,0,30,,339220,13,0,9 10,0,70,,226767,13,0,9 10,0,27,,221789,27,0,9 10,0,30,,339240,27,0,9 10,0,70,,339215,27,0,9 10,0
6101,'4',503,,339293,31,0,9 10,0,31,,339292,31,0,9 10,0,72,,339289,17,,,0,30,,339263,17,,,0,23,,339284,16,,,0,64,,339266,12,,,0,30,,339276,12,,,0,72,,132312,12,,,0,30,,339268,12,,,0,70,,339298,12,,,0,30,,339258,12,,,0,70,,339301,12,,,0,30,,339296,12,,,0,69,,211570,12,,,0,30,,339262,12,,,0,70,,339269,12,,,0,30,,339294,12,,,0,70,,339291,12,,,0,33,,209620,12,,,0,54,,339270,12,0,9 10,0,14,,272168,12,,,0,16,,339295,12,0,9 10,0,13,,339297,12,,,0,55,,339300,12,0,9 10,0,15,,218625,12,,,0,15,,339302,12,0,9 10,0,16,,339272,12,,,0,55,,339280,12,0,9 10,0,19,,339282,12,,,0,14,,339260,12,0,9 10,0,14,,339277,12,,,0,55,,253891,12,0,9 10,0,15,,339279,12,,,0,17,,146031,12,0,9 10,0,14,,339278,12,,,0,56,,284248,12,,,0,14,,339286,12,,,0,14,,339275,12,,,0,15,,339273,12,,,0,69,,69184,12,,,0,30,,339299,12,,,0,68,,339271,12,,,0,30,,339274,12,,,0,70,,339261,12,,,0,30,,339267,12,,,0,68,,339288,12,,,0,29,,339285,12,,,0,70,,339281,12,,,0,30,,212741,12,,,0,79,,261651,13,0,9 10,0,70,,339264,13,0,9 10,0,30,,339287,13,0,9 10,0,70,,339265,13,0,9 10,0,27,,339283,27,0,9 10,0,30,,339259,27,0,9 10,0,70,,339290,27,0,9 10,0
6101,'5',503,,339326,31,0,9 10,0,31,,339333,31,0,9 10,0,72,,339343,17,,,0,30,,339349,17,,,0,23,,339348,16,,,0,66,,339340,12,,,0,28,,339304,12,,,0,72,,339305,12,,,0,30,,339327,12,,,0,70,,339309,12,,,0,30,,339312,12,,,0,70,,339313,12,,,0,30,,339344,12,,,0,69,,339323,12,,,0,30,,339347,12,,,0,70,,339331,12,,,0,30,,339330,12,,,0,70,,339318,12,,,0,33,,339321,12,,,0,54,,339345,12,0,9 10,0,16,,339346,12,,,0,14,,339339,12,0,9 10,0,13,,339317,12,,,0,55,,339341,12,0,9 10,0,15,,339352,12,,,0,15,,339316,12,0,9 10,0,20,,339337,12,,,0,51,,339336,12,0,9 10,0,34,,339307,12,0,9 10,0,13,,339319,12,,,0,55,,224279,12,0,9 10,0,17,,218215,12,,,0,14,,339342,12,0,9 10,0,16,,339303,12,,,0,55,,339334,12,,,0,15,,339311,12,,,0,15,,339320,12,,,0,82,,339350,12,,,0,30,,339325,12,,,0,68,,339308,12,,,0,30,,339351,12,,,0,70,,339338,12,,,0,30,,339314,12,,,0,68,,339322,12,,,0,29,,339329,12,,,0,70,,339324,12,,,0,30,,339306,12,,,0,79,,339328,13,0,9 10,0,70,,339332,13,0,9 10,0,30,,339315,13,0,9 10,0,70,,226872,13,0,9 10,0,27,,221868,27,0,9 10,0,30,,339335,27,0,9 10,0,70,,339310,27,0,9 10,0
6101,'6',503,,339372,31,0,9 10,0,31,,339378,31,0,9 10,0,72,,339387,17,,,0,30,,339393,17,,,0,23,,339392,16,,,0,66,,339384,12,,,0,28,,339355,12,,,0,72,,339356,12,,,0,30,,339373,12,,,0,70,,269949,12,,,0,30,,339359,12,,,0,70,,339360,12,,,0,30,,339388,12,,,0,69,,339369,12,,,0,30,,339391,12,,,0,70,,280112,12,,,0,30,,339376,12,,,0,70,,219889,12,,,0,33,,339366,12,,,0,54,,339389,12,0,9 10,0,16,,339390,12,,,0,14,,339383,12,0,9 10,0,13,,339363,12,,,0,55,,339385,12,0,9 10,0,15,,339397,12,,,0,15,,210323,12,0,9 10,0,20,,339381,12,,,0,51,,339380,12,0,9 10,0,34,,151859,12,0,9 10,0,13,,339364,12,,,0,55,,339368,12,0,9 10,0,17,,339354,12,,,0,14,,339386,12,0,9 10,0,16,,339353,12,,,0,55,,339379,12,,,0,15,,339358,12,,,0,15,,339365,12,,,0,82,,339394,12,,,0,30,,339371,12,,,0,68,,339357,12,,,0,30,,339396,12,,,0,70,,339382,12,,,0,30,,339361,12,,,0,68,,339367,12,,,0,29,,261477,12,,,0,70,,339370,12,,,0,30,,250646,12,,,0,79,,339374,13,0,9 10,0,70,,339377,13,0,9 10,0,30,,339362,13,0,9 10,0,70,,339375,13,0,9 10,0,27,,339395,27,0,9 10,0,30,,266191,27,0,9 10,0,70,,132712,27,0,9 10,0
6101,'7',503,,234927,31,0,9 10,0,31,,339421,31,0,9 10,0,72,,339431,17,,,0,30,,339436,17,,,0,23,,339435,16,,,0,66,,339428,12,,,0,28,,252343,12,,,0,72,,339400,12,,,0,30,,339415,12,,,0,70,,339403,12,,,0,30,,339405,12,,,0,70,,293008,12,,,0,30,,339432,12,,,0,69,,339412,12,,,0,30,,339434,12,,,0,70,,339419,12,,,0,30,,339418,12,,,0,70,,339408,12,,,0,33,,339410,12,,,0,54,,265377,12,0,9 10,0,16,,339433,12,,,0,14,,339427,12,0,9 10,0,13,,140487,12,,,0,55,,339429,12,0,9 10,0,15,,226923,12,,,0,15,,339407,12,0,9 10,0,20,,339425,12,,,0,51,,339424,12,0,9 10,0,34,,339402,12,0,9 10,0,13,,258663,12,,,0,55,,339411,12,0,9 10,0,17,,339399,12,,,0,14,,339430,12,0,9 10,0,16,,339398,12,,,0,55,,339422,12,,,0,15,,121873,12,,,0,15,,339409,12,,,0,82,,260127,12,,,0,30,,339414,12,,,0,68,,231924,12,,,0,30,,339438,12,,,0,70,,339426,12,,,0,30,,339406,12,,,0,68,,282336,12,,,0,29,,339416,12,,,0,70,,339413,12,,,0,30,,339401,12,,,0,79,,255375,13,0,9 10,0,70,,339420,13,0,9 10,0,30,,217218,13,0,9 10,0,70,,339417,13,0,9 10,0,27,,339437,27,0,9 10,0,30,,339423,27,0,9 10,0,70,,339404,27,0,9 10,0
6101,'8',613,,251447,27,,,0,24,,339466,25,0,9 10,0,70,,339473,25,,,0,30,,339455,25,0,9 10,0,70,,339470,25,,,0,30,,339445,25,0,9 10,0,71,,339448,12,,,0,32,,339454,12,,,0,69,,339441,12,,,0,29,,339478,12,,,0,70,,339472,12,,,0,30,,339439,12,,,0,70,,339444,12,,,0,35,,339471,12,,,0,65,,339474,12,,,0,30,,339447,12,,,0,70,,339442,12,,,0,30,,339475,12,,,0,70,,339468,12,,,0,30,,276644,12,,,0,70,,339467,12,,,0,30,,339443,12,,,0,70,,339446,12,,,0,30,,339459,12,,,0,70,,339463,12,,,0,30,,339450,12,,,0,70,,339440,12,,,0,30,,339453,12,,,0,70,,339465,12,0,9 10,0,30,,339460,12,,,0,69,,339462,12,0,9 10,0,31,,339452,12,,,0,70,,339464,12,,,0,29,,339461,12,0,9 10,0,71,,339456,12,,,0,29,,339457,12,0,9 10,0,75,,339469,13,0,9 10,0,30,,339449,27,0,9 10,0,70,,339477,27,0,9 10,0,30,,339451,27,0,9 10,0,70,,339458,27,0,9 10,0,26,,258217,27,0,9 10,0,70,,339476,27,0,9 10,0
6101,'9',503,,339498,31,0,9 10,0,31,,339504,31,0,9 10,0,72,,339513,17,,,0,30,,339519,17,,,0,23,,339518,16,,,0,66,,339510,12,,,0,28,,339481,12,,,0,72,,339482,12,,,0,30,,339499,12,,,0,70,,269794,12,,,0,30,,339485,12,,,0,70,,339486,12,,,0,30,,339514,12,,,0,69,,339495,12,,,0,30,,339517,12,,,0,70,,280034,12,,,0,30,,339502,12,,,0,70,,219755,12,,,0,33,,339492,12,,,0,54,,339515,12,0,9 10,0,16,,339516,12,,,0,14,,339509,12,0,9 10,0,13,,339489,12,,,0,55,,339511,12,0,9 10,0,15,,339523,12,,,0,15,,210175,12,0,9 10,0,20,,339507,12,,,0,51,,339506,12,0,9 10,0,34,,151669,12,0,9 10,0,13,,339490,12,,,0,55,,339494,12,0,9 10,0,17,,339480,12,,,0,14,,339512,12,0,9 10,0,16,,339479,12,,,0,55,,339505,12,,,0,15,,339484,12,,,0,15,,339491,12,,,0,82,,339520,12,,,0,30,,339497,12,,,0,68,,339483,12,,,0,30,,339522,12,,,0,70,,339508,12,,,0,30,,339487,12,,,0,68,,339493,12,,,0,29,,261359,12,,,0,70,,339496,12,,,0,30,,250545,12,,,0,79,,339500,13,0,9 10,0,70,,339503,13,0,9 10,0,30,,339488,13,0,9 10,0,70,,339501,13,0,9 10,0,27,,339521,27,0,9 10,0,30,,266071,27,0,9 10,0,70,,132474,27,0,9 10,0
6701,'1',1644,,140590,11,,,0,69,,342169,11,,,0,31,,342172,11,,,0,70,,342178,11,,,0,30,,342176,11,,,0,69,,342177,11,,,0
6701,'11',1644,,342213,11,,,0,69,,279694,11,,,0,31,,342219,11,,,0,70,,342221,11,,,0,30,,278904,11,,,0,69,,342225,11,,,0
6701,'13',1644,,342256,11,,,0,69,,279747,11,,,0,31,,342262,11,,,0,70,,342264,11,,,0,30,,278955,11,,,0,69,,342268,11,,,0
6701,'14',1644,,342281,11,,,0,69,,279935,11,,,0,31,,342287,11,,,0,70,,342289,11,,,0,30,,279132,11,,,0,69,,342293,11,,,0
6701,'2',1644,,254419,11,,,0,69,,342346,11,,,0,31,,342339,11,,,0,70,,342341,11,,,0,30,,342345,11,,,0,69,,44817,11,,,0
6701,'3',1644,,342357,11,,,0,69,,342372,11,,,0,31,,342363,11,,,0,70,,342366,11,,,0,30,,342370,11,,,0,69,,342371,11,,,0
6701,'4',1644,,342376,11,,,0,71,,342383,11,,,0,31,,342390,11,,,0,70,,342396,11,,,0,30,,342388,11,,,0,67,,342384,11,,,0
6701,'5',1644,,342408,11,,,0,69,,342423,11,,,0,31,,342414,11,,,0,70,,342417,11,,,0,30,,342421,11,,,0,69,,342422,11,,,0
6701,'6',1644,,342434,11,,,0,69,,279407,11,,,0,31,,342440,11,,,0,70,,342442,11,,,0,30,,278592,11,,,0,69,,342446,11,,,0
6701,'7',1644,,254338,11,,,0,69,,342466,11,,,0,31,,342459,11,,,0,70,,342461,11,,,0,30,,342465,11,,,0,69,,180086,11,,,0
6701,'9',1644,,342497,11,,,0,69,,279276,11,,,0,31,,342503,11,,,0,70,,342505,11,,,0,30,,278456,11,,,0,69,,342509,11,,,0
30101,'1',1452,,376065,17,,,0
30101,'11',1452,,376066,17,,,0
30301,'4',1452,,376073,17,,,0
30301,'6',1452,,376074,17,,,0
30301,'7',1452,,255389,17,,,0
