30400,'12',944,,670438,,,1
30400,'18',944,,670439,,,1
30400,'21',944,,400797,,,1
69701,'11',814,,673001,,,1
69701,'12',814,,673004,,,1
69701,'13',814,,673006,,,1
69701,'14',814,,673008,,,1
69701,'15',814,,673010,,,1
69701,'17',814,,673012,,,1
69701,'18',814,,673014,,,1
69701,'19',814,,485411,,,1
69701,'20',814,,673017,,,1
69701,'22',814,,673019,,,1
69701,'8',814,,673022,,,1
69901,'11',1651,,673129,4,,1
69901,'12',1651,,673131,4,,1
69901,'13',1651,,673133,4,,1
69901,'14',1651,,673135,4,,1
69901,'15',1651,,673137,4,,1
69901,'17',1651,,673139,4,,1
69901,'18',1651,,673141,4,,1
69901,'19',1651,,673142,4,,1
69901,'20',1651,,673144,4,,1
69901,'22',1651,,673146,4,,1
69901,'8',1651,,673148,4,,1
