16101,'1',546,,111998,0,9 10,1,70,,112013,0,9 10,1,30,,112012,0,9 10,1,70,,112016,0,9 10,1,30,,112017,0,9 10,1,69,,112025,0,9 10,1
16101,'10',546,,112044,0,9 10,1,70,,112046,0,9 10,1,30,,112042,0,9 10,1,70,,112064,0,9 10,1,28,,112047,0,9 10,1,71,,112055,0,9 10,1
16101,'11',546,,112068,0,9 10,1,70,,112083,0,9 10,1,30,,112082,0,9 10,1,70,,112086,0,9 10,1,30,,112087,0,9 10,1,69,,112095,0,9 10,1
16101,'12',616,,112114,0,9 10,1,99,,112106,0,9 10,1,100,,112100,0,9 10,1
16101,'15',546,,112168,0,9 10,1,70,,112170,0,9 10,1,30,,112166,0,9 10,1,70,,112188,0,9 10,1,28,,112171,0,9 10,1,71,,112179,0,9 10,1
16101,'16',546,,112192,0,9 10,1,70,,112207,0,9 10,1,30,,112206,0,9 10,1,70,,112210,0,9 10,1,30,,112211,0,9 10,1,69,,112219,0,9 10,1
16101,'20',546,,112297,0,9 10,1,70,,112312,0,9 10,1,30,,112311,0,9 10,1,70,,112315,0,9 10,1,30,,112316,0,9 10,1,69,,112324,0,9 10,1
16101,'3',546,,112332,0,9 10,1,70,,112347,0,9 10,1,30,,112346,0,9 10,1,70,,112350,0,9 10,1,30,,112351,0,9 10,1,69,,112359,0,9 10,1
16101,'4',546,,112367,0,9 10,1,70,,112382,0,9 10,1,30,,112381,0,9 10,1,70,,112385,0,9 10,1,30,,112386,0,9 10,1,69,,112394,0,9 10,1
16101,'5',546,,112402,0,9 10,1,70,,112417,0,9 10,1,30,,112416,0,9 10,1,70,,112420,0,9 10,1,30,,112421,0,9 10,1,69,,112429,0,9 10,1
16101,'6',546,,112437,0,9 10,1,70,,112452,0,9 10,1,30,,112451,0,9 10,1,70,,112455,0,9 10,1,30,,112456,0,9 10,1,69,,112464,0,9 10,1
16101,'7',546,,112483,0,9 10,1,70,,112485,0,9 10,1,30,,112481,0,9 10,1,70,,112503,0,9 10,1,28,,112486,0,9 10,1,71,,112494,0,9 10,1
16101,'8',546,,112518,0,9 10,1,70,,112520,0,9 10,1,30,,112516,0,9 10,1,70,,112538,0,9 10,1,28,,112521,0,9 10,1,71,,112529,0,9 10,1
16101,'9',546,,112553,0,9 10,1,70,,112555,0,9 10,1,30,,112551,0,9 10,1,70,,112573,0,9 10,1,28,,112556,0,9 10,1,71,,112564,0,9 10,1
16300,'1',626,,113413,,,1,75,,113407,,,1,30,,113388,,,1,70,,113409,,,1,32,,113401,,,1,68,,113402,,,1,24,,113385,,,1,25,,113398,,,1,70,,113412,,,1,30,,113408,,,1,70,,113386,,,1,30,,113387,,,1,70,,113399,,,1,30,,113405,,,1,70,,113406,,,1,30,,113390,,,1,70,,113391,,,1,29,,113396,,,1,89,,113397,,,1,70,,113389,,,1,30,,113410,,,1,99,,113400,,,1,70,,113395,,,1,30,,113411,,,1,15,,113394,,,1,70,,113393,,,1,30,,113384,,,1,70,,113403,,,1,25,,113414,,,1,100,,113404,,,1,100,,113392,,,1
16300,'10',626,,113440,,,1,75,,113415,,,1,30,,113435,,,1,70,,113419,,,1,31,,113433,,,1,69,,113439,,,1,24,,113429,,,1,25,,113446,,,1,70,,113417,,,1,30,,113441,,,1,70,,113430,,,1,30,,113424,,,1,70,,113431,,,1,30,,113428,,,1,70,,113422,,,1,30,,113418,,,1,70,,113444,,,1,39,,113420,,,1,79,,113416,,,1,70,,113436,,,1,30,,113434,,,1,70,,113425,,,1,29,,113432,,,1,70,,113443,,,1,30,,113423,,,1,15,,113426,,,1,70,,113437,,,1,30,,113421,,,1,70,,113445,,,1,25,,113438,,,1,100,,113442,,,1,100,,113427,,,1
16300,'11',626,,113476,,,1,75,,113470,,,1,30,,113451,,,1,70,,113472,,,1,32,,113464,,,1,68,,113465,,,1,24,,113448,,,1,25,,113461,,,1,70,,113475,,,1,30,,113471,,,1,70,,113449,,,1,30,,113450,,,1,70,,113462,,,1,30,,113468,,,1,70,,113469,,,1,30,,113453,,,1,70,,113454,,,1,29,,113459,,,1,89,,113460,,,1,70,,113452,,,1,30,,113473,,,1,99,,113463,,,1,70,,113458,,,1,30,,113474,,,1,15,,113457,,,1,70,,113456,,,1,30,,113447,,,1,70,,113466,,,1,25,,113477,,,1,100,,113467,,,1,100,,113455,,,1
16300,'12',653,,113489,,,1,105,,113480,,,1,101,,113486,,,1,93,,113483,,,1,95,,113491,,,1,100,,113490,,,1,100,,113494,,,1,100,,113484,,,1,100,,113493,,,1,158,,113488,,,1,100,,113478,,,1,99,,113479,,,1,51,,113487,,,1,94,,113492,,,1,100,,113482,,,1,100,,113485,,,1,98,,113481,,,1
16300,'13',742,,113506,,,1,70,,113505,,,1,100,,113502,,,1,30,,113504,,,1,70,,113514,,,1,31,,113515,,,1,70,,113497,,,1,30,,113496,,,1,70,,113512,,,1,30,,113495,,,1,70,,113509,,,1,30,,113511,,,1,70,,113498,,,1,30,,113501,,,1,70,,113507,,,1,30,,113516,,,1,70,,113500,,,1,30,,113499,,,1,70,,113510,,,1,30,,113508,,,1,100,,113513,,,1,100,,113503,,,1
16300,'14',742,,113528,,,1,70,,113527,,,1,100,,113524,,,1,30,,113526,,,1,70,,113536,,,1,31,,113537,,,1,70,,113519,,,1,30,,113518,,,1,70,,113534,,,1,30,,113517,,,1,70,,113531,,,1,30,,113533,,,1,70,,113520,,,1,30,,113523,,,1,70,,113529,,,1,30,,113538,,,1,70,,113522,,,1,30,,113521,,,1,70,,113532,,,1,30,,113530,,,1,100,,113535,,,1,100,,113525,,,1
16300,'15',626,,113564,,,1,75,,113539,,,1,30,,113559,,,1,70,,113543,,,1,31,,113557,,,1,69,,113563,,,1,24,,113553,,,1,25,,113570,,,1,70,,113541,,,1,30,,113565,,,1,70,,113554,,,1,30,,113548,,,1,70,,113555,,,1,30,,113552,,,1,70,,113546,,,1,30,,113542,,,1,70,,113568,,,1,39,,113544,,,1,79,,113540,,,1,70,,113560,,,1,30,,113558,,,1,70,,113549,,,1,29,,113556,,,1,70,,113567,,,1,30,,113547,,,1,15,,113550,,,1,70,,113561,,,1,30,,113545,,,1,70,,113569,,,1,25,,113562,,,1,100,,113566,,,1,100,,113551,,,1
16300,'16',626,,113600,,,1,75,,113594,,,1,30,,113575,,,1,70,,113596,,,1,32,,113588,,,1,68,,113589,,,1,24,,113572,,,1,25,,113585,,,1,70,,113599,,,1,30,,113595,,,1,70,,113573,,,1,30,,113574,,,1,70,,113586,,,1,30,,113592,,,1,70,,113593,,,1,30,,113577,,,1,70,,113578,,,1,29,,113583,,,1,89,,113584,,,1,70,,113576,,,1,30,,113597,,,1,99,,113587,,,1,70,,113582,,,1,30,,113598,,,1,15,,113581,,,1,70,,113580,,,1,30,,113571,,,1,70,,113590,,,1,25,,113601,,,1,100,,113591,,,1,100,,113579,,,1
16300,'17',742,,113613,,,1,70,,113612,,,1,100,,113609,,,1,30,,113611,,,1,70,,113621,,,1,31,,113622,,,1,70,,113604,,,1,30,,113603,,,1,70,,113619,,,1,30,,113602,,,1,70,,113616,,,1,30,,113618,,,1,70,,113605,,,1,30,,113608,,,1,70,,113614,,,1,30,,113623,,,1,70,,113607,,,1,30,,113606,,,1,70,,113617,,,1,30,,113615,,,1,100,,113620,,,1,100,,113610,,,1
16300,'18',712,,113632,,,1,100,,113628,,,1,30,,113637,,,1,70,,113648,,,1,30,,113642,,,1,70,,113641,,,1,31,,113647,,,1,70,,113634,,,1,30,,113635,,,1,70,,113646,,,1,30,,113640,,,1,70,,113636,,,1,30,,113645,,,1,70,,113638,,,1,30,,113625,,,1,70,,113629,,,1,30,,113644,,,1,70,,113633,,,1,30,,113627,,,1,70,,113626,,,1,30,,113631,,,1,100,,113643,,,1,100,,113630,,,1,100,,113639,,,1,99,,113649,,,1,100,,113624,,,1
16300,'19',712,,113658,,,1,100,,113654,,,1,30,,113663,,,1,70,,113674,,,1,30,,113668,,,1,70,,113667,,,1,31,,113673,,,1,70,,113660,,,1,30,,113661,,,1,70,,113672,,,1,30,,113666,,,1,70,,113662,,,1,30,,113671,,,1,70,,113664,,,1,30,,113651,,,1,70,,113655,,,1,30,,113670,,,1,70,,113659,,,1,30,,113653,,,1,70,,113652,,,1,30,,113657,,,1,100,,113669,,,1,100,,113656,,,1,100,,113665,,,1,99,,113675,,,1,100,,113650,,,1
16300,'2',742,,113687,,,1,70,,113686,,,1,100,,113683,,,1,30,,113685,,,1,70,,113695,,,1,31,,113696,,,1,70,,113678,,,1,30,,113677,,,1,70,,113693,,,1,30,,113676,,,1,70,,113690,,,1,30,,113692,,,1,70,,113679,,,1,30,,113682,,,1,70,,113688,,,1,30,,113697,,,1,70,,113681,,,1,30,,113680,,,1,70,,113691,,,1,30,,113689,,,1,100,,113694,,,1,100,,113684,,,1
16300,'20',626,,113727,,,1,75,,113721,,,1,30,,113702,,,1,70,,113723,,,1,32,,113715,,,1,68,,113716,,,1,24,,113699,,,1,25,,113712,,,1,70,,113726,,,1,30,,113722,,,1,70,,113700,,,1,30,,113701,,,1,70,,113713,,,1,30,,113719,,,1,70,,113720,,,1,30,,113704,,,1,70,,113705,,,1,29,,113710,,,1,89,,113711,,,1,70,,113703,,,1,30,,113724,,,1,99,,113714,,,1,70,,113709,,,1,30,,113725,,,1,15,,113708,,,1,70,,113707,,,1,30,,113698,,,1,70,,113717,,,1,25,,113728,,,1,100,,113718,,,1,100,,113706,,,1
16300,'3',626,,113758,,,1,75,,113752,,,1,30,,113733,,,1,70,,113754,,,1,32,,113746,,,1,68,,113747,,,1,24,,113730,,,1,25,,113743,,,1,70,,113757,,,1,30,,113753,,,1,70,,113731,,,1,30,,113732,,,1,70,,113744,,,1,30,,113750,,,1,70,,113751,,,1,30,,113735,,,1,70,,113736,,,1,29,,113741,,,1,89,,113742,,,1,70,,113734,,,1,30,,113755,,,1,99,,113745,,,1,70,,113740,,,1,30,,113756,,,1,15,,113739,,,1,70,,113738,,,1,30,,113729,,,1,70,,113748,,,1,25,,113759,,,1,100,,113749,,,1,100,,113737,,,1
16300,'4',626,,113789,,,1,75,,113783,,,1,30,,113764,,,1,70,,113785,,,1,32,,113777,,,1,68,,113778,,,1,24,,113761,,,1,25,,113774,,,1,70,,113788,,,1,30,,113784,,,1,70,,113762,,,1,30,,113763,,,1,70,,113775,,,1,30,,113781,,,1,70,,113782,,,1,30,,113766,,,1,70,,113767,,,1,29,,113772,,,1,89,,113773,,,1,70,,113765,,,1,30,,113786,,,1,99,,113776,,,1,70,,113771,,,1,30,,113787,,,1,15,,113770,,,1,70,,113769,,,1,30,,113760,,,1,70,,113779,,,1,25,,113790,,,1,100,,113780,,,1,100,,113768,,,1
16300,'5',626,,113820,,,1,75,,113814,,,1,30,,113795,,,1,70,,113816,,,1,32,,113808,,,1,68,,113809,,,1,24,,113792,,,1,25,,113805,,,1,70,,113819,,,1,30,,113815,,,1,70,,113793,,,1,30,,113794,,,1,70,,113806,,,1,30,,113812,,,1,70,,113813,,,1,30,,113797,,,1,70,,113798,,,1,29,,113803,,,1,89,,113804,,,1,70,,113796,,,1,30,,113817,,,1,99,,113807,,,1,70,,113802,,,1,30,,113818,,,1,15,,113801,,,1,70,,113800,,,1,30,,113791,,,1,70,,113810,,,1,25,,113821,,,1,100,,113811,,,1,100,,113799,,,1
16300,'6',626,,113851,,,1,75,,113845,,,1,30,,113826,,,1,70,,113847,,,1,32,,113839,,,1,68,,113840,,,1,24,,113823,,,1,25,,113836,,,1,70,,113850,,,1,30,,113846,,,1,70,,113824,,,1,30,,113825,,,1,70,,113837,,,1,30,,113843,,,1,70,,113844,,,1,30,,113828,,,1,70,,113829,,,1,29,,113834,,,1,89,,113835,,,1,70,,113827,,,1,30,,113848,,,1,99,,113838,,,1,70,,113833,,,1,30,,113849,,,1,15,,113832,,,1,70,,113831,,,1,30,,113822,,,1,70,,113841,,,1,25,,113852,,,1,100,,113842,,,1,100,,113830,,,1
16300,'7',626,,113878,,,1,75,,113853,,,1,30,,113873,,,1,70,,113857,,,1,31,,113871,,,1,69,,113877,,,1,24,,113867,,,1,25,,113884,,,1,70,,113855,,,1,30,,113879,,,1,70,,113868,,,1,30,,113862,,,1,70,,113869,,,1,30,,113866,,,1,70,,113860,,,1,30,,113856,,,1,70,,113882,,,1,39,,113858,,,1,79,,113854,,,1,70,,113874,,,1,30,,113872,,,1,70,,113863,,,1,29,,113870,,,1,70,,113881,,,1,30,,113861,,,1,15,,113864,,,1,70,,113875,,,1,30,,113859,,,1,70,,113883,,,1,25,,113876,,,1,100,,113880,,,1,100,,113865,,,1
16300,'8',626,,113910,,,1,75,,113885,,,1,30,,113905,,,1,70,,113889,,,1,31,,113903,,,1,69,,113909,,,1,24,,113899,,,1,25,,113916,,,1,70,,113887,,,1,30,,113911,,,1,70,,113900,,,1,30,,113894,,,1,70,,113901,,,1,30,,113898,,,1,70,,113892,,,1,30,,113888,,,1,70,,113914,,,1,39,,113890,,,1,79,,113886,,,1,70,,113906,,,1,30,,113904,,,1,70,,113895,,,1,29,,113902,,,1,70,,113913,,,1,30,,113893,,,1,15,,113896,,,1,70,,113907,,,1,30,,113891,,,1,70,,113915,,,1,25,,113908,,,1,100,,113912,,,1,100,,113897,,,1
16300,'9',626,,113942,,,1,75,,113917,,,1,30,,113937,,,1,70,,113921,,,1,31,,113935,,,1,69,,113941,,,1,24,,113931,,,1,25,,113948,,,1,70,,113919,,,1,30,,113943,,,1,70,,113932,,,1,30,,113926,,,1,70,,113933,,,1,30,,113930,,,1,70,,113924,,,1,30,,113920,,,1,70,,113946,,,1,39,,113922,,,1,79,,113918,,,1,70,,113938,,,1,30,,113936,,,1,70,,113927,,,1,29,,113934,,,1,70,,113945,,,1,30,,113925,,,1,15,,113928,,,1,70,,113939,,,1,30,,113923,,,1,70,,113947,,,1,25,,113940,,,1,100,,113944,,,1,100,,113929,,,1
65601,'1',856,,123101,,,1
65601,'11',856,,123102,,,1
65601,'16',856,,123103,,,1
65601,'20',856,,123104,,,1
65601,'3',856,,123105,,,1
65601,'4',856,,123106,,,1
65601,'5',856,,123107,,,1
65601,'6',856,,123108,,,1
65701,'1',856,,123126,,,1
65701,'11',856,,123128,,,1
65701,'16',856,,123130,,,1
65701,'20',856,,123132,,,1
65701,'3',856,,123134,,,1
65701,'4',856,,123136,,,1
65701,'5',856,,123138,,,1
65701,'6',856,,123140,,,1
68100,'1',825,,124173,,,1
68100,'11',825,,124174,,,1
68100,'16',825,,124175,,,1
68100,'20',825,,124176,,,1
68100,'3',825,,124177,,,1
68100,'4',825,,124178,,,1
68100,'5',825,,124179,,,1
68100,'6',825,,124180,,,1
