1801,'1',803,,20930,10,0,67,1,100,,20915,10,,,1,30,,20929,10,,,1,70,,20925,10,,,1,30,,20916,10,,,1,70,,20914,10,,,1,30,,20926,10,,,1,70,,20922,10,,,1,30,,20904,10,,,1,70,,20906,10,,,1,30,,20927,10,,,1,70,,20911,10,,,1,30,,20928,10,,,1,70,,20921,10,,,1,30,,20923,10,,,1,70,,20908,10,,,1,30,,20924,10,,,1,70,,20903,10,,,1,30,,20919,10,,,1,70,,20910,10,,,1,30,,20905,10,,,1,70,,20920,10,,,1,30,,20913,10,,,1,70,,20907,10,,,1,30,,20917,10,,,1,70,,20931,10,,,1,100,,20912,10,,,1,109,,20918,10,0,67,1
1801,'10',555,,20940,10,,,1,71,,20954,10,,,1,30,,20933,10,,,1,70,,20957,10,,,1,29,,20949,10,,,1,100,,20951,10,,,1,72,,20944,10,,,1,30,,20939,10,,,1,70,,20938,10,,,1,29,,20941,10,,,1,71,,20947,10,,,1,30,,20961,10,,,1,70,,20959,10,,,1,30,,20953,10,,,1,70,,20945,10,,,1,29,,20950,10,,,1,67,,20962,10,,,1,29,,20955,10,,,1,102,,20935,10,,,1,66,,20956,10,,,1,32,,20952,10,,,1,102,,20958,10,,,1,72,,20963,10,,,1,30,,20946,10,,,1,69,,20943,10,,,1,33,,20965,10,,,1,71,,20932,10,,,1,27,,20942,10,,,1,72,,20934,10,,,1,30,,20964,10,,,1,70,,20960,10,,,1,31,,20937,10,,,1,97,,20936,10,,,1
1801,'11',555,,20974,10,,,1,71,,20988,10,,,1,30,,20967,10,,,1,70,,20991,10,,,1,29,,20983,10,,,1,100,,20985,10,,,1,72,,20978,10,,,1,30,,20973,10,,,1,70,,20972,10,,,1,29,,20975,10,,,1,71,,20981,10,,,1,30,,20995,10,,,1,70,,20993,10,,,1,30,,20987,10,,,1,70,,20979,10,,,1,29,,20984,10,,,1,67,,20996,10,,,1,29,,20989,10,,,1,102,,20969,10,,,1,66,,20990,10,,,1,32,,20986,10,,,1,102,,20992,10,,,1,72,,20997,10,,,1,30,,20980,10,,,1,69,,20977,10,,,1,33,,20999,10,,,1,71,,20966,10,,,1,27,,20976,10,,,1,72,,20968,10,,,1,30,,20998,10,,,1,70,,20994,10,,,1,31,,20971,10,,,1,97,,20970,10,,,1
1801,'12',555,,21008,10,,,1,71,,21022,10,,,1,30,,21001,10,,,1,70,,21025,10,,,1,29,,21017,10,,,1,100,,21019,10,,,1,72,,21012,10,,,1,30,,21007,10,,,1,70,,21006,10,,,1,29,,21009,10,,,1,71,,21015,10,,,1,30,,21029,10,,,1,70,,21027,10,,,1,30,,21021,10,,,1,70,,21013,10,,,1,29,,21018,10,,,1,67,,21030,10,,,1,29,,21023,10,,,1,102,,21003,10,,,1,66,,21024,10,,,1,32,,21020,10,,,1,102,,21026,10,,,1,72,,21031,10,,,1,30,,21014,10,,,1,69,,21011,10,,,1,33,,21033,10,,,1,71,,21000,10,,,1,27,,21010,10,,,1,72,,21002,10,,,1,30,,21032,10,,,1,70,,21028,10,,,1,31,,21005,10,,,1,97,,21004,10,,,1
1801,'13',555,,21063,10,,,1,71,,21058,10,,,1,29,,21050,10,,,1,69,,21039,10,,,1,31,,21055,10,,,1,72,,21034,10,,,1,28,,21051,10,,,1,72,,21047,10,,,1,30,,21059,10,,,1,70,,21062,10,,,1,29,,21060,10,,,1,71,,21040,10,,,1,30,,21052,10,,,1,70,,21048,10,,,1,30,,21067,10,,,1,70,,21056,10,,,1,29,,21061,10,,,1,67,,21044,10,,,1,29,,21064,10,,,1,71,,21057,10,,,1,30,,21042,10,,,1,67,,21041,10,,,1,32,,21036,10,,,1,73,,21054,10,,,1,29,,21037,10,,,1,72,,21035,10,,,1,30,,21065,10,,,1,69,,21043,10,,,1,33,,21045,10,,,1,71,,21068,10,,,1,27,,21046,10,,,1,72,,21053,10,,,1,30,,21069,10,,,1,70,,21038,10,,,1,31,,21049,10,,,1,97,,21066,10,,,1
1801,'14',636,,21082,10,,,1,100,,21096,10,,,1,71,,21080,10,,,1,30,,21091,10,,,1,70,,21087,10,,,1,30,,21089,10,,,1,70,,21090,10,,,1,30,,21088,10,,,1,70,,21083,10,,,1,30,,21072,10,,,1,70,,21094,10,,,1,30,,21101,10,,,1,70,,21070,10,,,1,30,,21086,10,,,1,70,,21092,10,,,1,30,,21073,10,,,1,70,,21100,10,,,1,30,,21093,10,,,1,70,,21079,10,,,1,30,,21099,10,,,1,70,,21084,10,,,1,30,,21081,10,,,1,70,,21077,10,,,1,30,,21095,10,,,1,70,,21075,10,,,1,30,,21078,10,,,1,70,,21097,10,,,1,30,,21074,10,,,1,70,,21076,10,,,1,30,,21098,10,,,1,69,,21085,10,,,1,99,,21071,10,,,1
1801,'15',555,,21110,10,,,1,71,,21124,10,,,1,30,,21103,10,,,1,70,,21127,10,,,1,29,,21119,10,,,1,100,,21121,10,,,1,72,,21114,10,,,1,30,,21109,10,,,1,70,,21108,10,,,1,29,,21111,10,,,1,71,,21117,10,,,1,30,,21131,10,,,1,70,,21129,10,,,1,30,,21123,10,,,1,70,,21115,10,,,1,29,,21120,10,,,1,67,,21132,10,,,1,29,,21125,10,,,1,102,,21105,10,,,1,66,,21126,10,,,1,32,,21122,10,,,1,102,,21128,10,,,1,72,,21133,10,,,1,30,,21116,10,,,1,69,,21113,10,,,1,33,,21135,10,,,1,71,,21102,10,,,1,27,,21112,10,,,1,72,,21104,10,,,1,30,,21134,10,,,1,70,,21130,10,,,1,31,,21107,10,,,1,97,,21106,10,,,1
1801,'16',555,,21144,10,,,1,71,,21158,10,,,1,30,,21137,10,,,1,70,,21161,10,,,1,29,,21153,10,,,1,100,,21155,10,,,1,72,,21148,10,,,1,30,,21143,10,,,1,70,,21142,10,,,1,29,,21145,10,,,1,71,,21151,10,,,1,30,,21165,10,,,1,70,,21163,10,,,1,30,,21157,10,,,1,70,,21149,10,,,1,29,,21154,10,,,1,67,,21166,10,,,1,29,,21159,10,,,1,102,,21139,10,,,1,66,,21160,10,,,1,32,,21156,10,,,1,102,,21162,10,,,1,72,,21167,10,,,1,30,,21150,10,,,1,69,,21147,10,,,1,33,,21169,10,,,1,71,,21136,10,,,1,27,,21146,10,,,1,72,,21138,10,,,1,30,,21168,10,,,1,70,,21164,10,,,1,31,,21141,10,,,1,97,,21140,10,,,1
1801,'17',555,,21199,10,,,1,71,,21194,10,,,1,29,,21186,10,,,1,69,,21175,10,,,1,31,,21191,10,,,1,72,,21170,10,,,1,28,,21187,10,,,1,72,,21183,10,,,1,30,,21195,10,,,1,70,,21198,10,,,1,29,,21196,10,,,1,71,,21176,10,,,1,30,,21188,10,,,1,70,,21184,10,,,1,30,,21203,10,,,1,70,,21192,10,,,1,29,,21197,10,,,1,67,,21180,10,,,1,29,,21200,10,,,1,71,,21193,10,,,1,30,,21178,10,,,1,67,,21177,10,,,1,32,,21172,10,,,1,73,,21190,10,,,1,29,,21173,10,,,1,72,,21171,10,,,1,30,,21201,10,,,1,69,,21179,10,,,1,33,,21181,10,,,1,71,,21204,10,,,1,27,,21182,10,,,1,72,,21189,10,,,1,30,,21205,10,,,1,70,,21174,10,,,1,31,,21185,10,,,1,97,,21202,10,,,1
1801,'18',555,,21227,10,,,1,101,,21212,10,,,1,99,,21218,10,,,1,72,,21232,10,,,1,28,,21230,10,,,1,72,,21226,10,,,1,30,,21207,10,,,1,70,,21224,10,,,1,29,,21213,10,,,1,71,,21220,10,,,1,30,,21214,10,,,1,70,,21234,10,,,1,30,,21225,10,,,1,70,,21238,10,,,1,29,,21215,10,,,1,67,,21235,10,,,1,29,,21211,10,,,1,71,,21222,10,,,1,30,,21228,10,,,1,67,,21210,10,,,1,32,,21229,10,,,1,73,,21221,10,,,1,29,,21233,10,,,1,72,,21223,10,,,1,30,,21236,10,,,1,69,,21231,10,,,1,33,,21208,10,,,1,71,,21216,10,,,1,27,,21209,10,,,1,72,,21217,10,,,1,30,,21237,10,,,1,101,,21219,10,,,1,97,,21206,10,,,1
1801,'19',555,,21268,10,,,1,71,,21263,10,,,1,29,,21255,10,,,1,69,,21244,10,,,1,31,,21260,10,,,1,72,,21239,10,,,1,28,,21256,10,,,1,72,,21252,10,,,1,30,,21264,10,,,1,70,,21267,10,,,1,29,,21265,10,,,1,71,,21245,10,,,1,30,,21257,10,,,1,70,,21253,10,,,1,30,,21272,10,,,1,70,,21261,10,,,1,29,,21266,10,,,1,67,,21249,10,,,1,29,,21269,10,,,1,71,,21262,10,,,1,30,,21247,10,,,1,67,,21246,10,,,1,32,,21241,10,,,1,73,,21259,10,,,1,29,,21242,10,,,1,72,,21240,10,,,1,30,,21270,10,,,1,69,,21248,10,,,1,33,,21250,10,,,1,71,,21273,10,,,1,27,,21251,10,,,1,72,,21258,10,,,1,30,,21274,10,,,1,70,,21243,10,,,1,31,,21254,10,,,1,97,,21271,10,,,1
1801,'2',803,,21302,10,0,67,1,100,,21287,10,,,1,30,,21301,10,,,1,70,,21297,10,,,1,30,,21288,10,,,1,70,,21286,10,,,1,30,,21298,10,,,1,70,,21294,10,,,1,30,,21276,10,,,1,70,,21278,10,,,1,30,,21299,10,,,1,70,,21283,10,,,1,30,,21300,10,,,1,70,,21293,10,,,1,30,,21295,10,,,1,70,,21280,10,,,1,30,,21296,10,,,1,70,,21275,10,,,1,30,,21291,10,,,1,70,,21282,10,,,1,30,,21277,10,,,1,70,,21292,10,,,1,30,,21285,10,,,1,70,,21279,10,,,1,30,,21289,10,,,1,70,,21303,10,,,1,100,,21284,10,,,1,109,,21290,10,0,67,1
1801,'3',555,,21312,10,,,1,71,,21326,10,,,1,30,,21305,10,,,1,70,,21329,10,,,1,29,,21321,10,,,1,100,,21323,10,,,1,72,,21316,10,,,1,30,,21311,10,,,1,70,,21310,10,,,1,29,,21313,10,,,1,71,,21319,10,,,1,30,,21333,10,,,1,70,,21331,10,,,1,30,,21325,10,,,1,70,,21317,10,,,1,29,,21322,10,,,1,67,,21334,10,,,1,29,,21327,10,,,1,102,,21307,10,,,1,66,,21328,10,,,1,32,,21324,10,,,1,102,,21330,10,,,1,72,,21335,10,,,1,30,,21318,10,,,1,69,,21315,10,,,1,33,,21337,10,,,1,71,,21304,10,,,1,27,,21314,10,,,1,72,,21306,10,,,1,30,,21336,10,,,1,70,,21332,10,,,1,31,,21309,10,,,1,97,,21308,10,,,1
1801,'4',555,,21346,10,,,1,71,,21360,10,,,1,30,,21339,10,,,1,70,,21363,10,,,1,29,,21355,10,,,1,100,,21357,10,,,1,72,,21350,10,,,1,30,,21345,10,,,1,70,,21344,10,,,1,29,,21347,10,,,1,71,,21353,10,,,1,30,,21367,10,,,1,70,,21365,10,,,1,30,,21359,10,,,1,70,,21351,10,,,1,29,,21356,10,,,1,67,,21368,10,,,1,29,,21361,10,,,1,102,,21341,10,,,1,66,,21362,10,,,1,32,,21358,10,,,1,102,,21364,10,,,1,72,,21369,10,,,1,30,,21352,10,,,1,69,,21349,10,,,1,33,,21371,10,,,1,71,,21338,10,,,1,27,,21348,10,,,1,72,,21340,10,,,1,30,,21370,10,,,1,70,,21366,10,,,1,31,,21343,10,,,1,97,,21342,10,,,1
1801,'5',555,,21401,10,,,1,71,,21396,10,,,1,29,,21388,10,,,1,69,,21377,10,,,1,31,,21393,10,,,1,72,,21372,10,,,1,28,,21389,10,,,1,72,,21385,10,,,1,30,,21397,10,,,1,70,,21400,10,,,1,29,,21398,10,,,1,71,,21378,10,,,1,30,,21390,10,,,1,70,,21386,10,,,1,30,,21405,10,,,1,70,,21394,10,,,1,29,,21399,10,,,1,67,,21382,10,,,1,29,,21402,10,,,1,71,,21395,10,,,1,30,,21380,10,,,1,67,,21379,10,,,1,32,,21374,10,,,1,73,,21392,10,,,1,29,,21375,10,,,1,72,,21373,10,,,1,30,,21403,10,,,1,69,,21381,10,,,1,33,,21383,10,,,1,71,,21406,10,,,1,27,,21384,10,,,1,72,,21391,10,,,1,30,,21407,10,,,1,70,,21376,10,,,1,31,,21387,10,,,1,97,,21404,10,,,1
1801,'6',555,,21416,10,,,1,71,,21430,10,,,1,30,,21409,10,,,1,70,,21433,10,,,1,29,,21425,10,,,1,100,,21427,10,,,1,72,,21420,10,,,1,30,,21415,10,,,1,70,,21414,10,,,1,29,,21417,10,,,1,71,,21423,10,,,1,30,,21437,10,,,1,70,,21435,10,,,1,30,,21429,10,,,1,70,,21421,10,,,1,29,,21426,10,,,1,67,,21438,10,,,1,29,,21431,10,,,1,102,,21411,10,,,1,66,,21432,10,,,1,32,,21428,10,,,1,102,,21434,10,,,1,72,,21439,10,,,1,30,,21422,10,,,1,69,,21419,10,,,1,33,,21441,10,,,1,71,,21408,10,,,1,27,,21418,10,,,1,72,,21410,10,,,1,30,,21440,10,,,1,70,,21436,10,,,1,31,,21413,10,,,1,97,,21412,10,,,1
1801,'7',555,,21471,10,,,1,71,,21466,10,,,1,29,,21458,10,,,1,69,,21447,10,,,1,31,,21463,10,,,1,72,,21442,10,,,1,28,,21459,10,,,1,72,,21455,10,,,1,30,,21467,10,,,1,70,,21470,10,,,1,29,,21468,10,,,1,71,,21448,10,,,1,30,,21460,10,,,1,70,,21456,10,,,1,30,,21475,10,,,1,70,,21464,10,,,1,29,,21469,10,,,1,67,,21452,10,,,1,29,,21472,10,,,1,71,,21465,10,,,1,30,,21450,10,,,1,67,,21449,10,,,1,32,,21444,10,,,1,73,,21462,10,,,1,29,,21445,10,,,1,72,,21443,10,,,1,30,,21473,10,,,1,69,,21451,10,,,1,33,,21453,10,,,1,71,,21476,10,,,1,27,,21454,10,,,1,72,,21461,10,,,1,30,,21477,10,,,1,70,,21446,10,,,1,31,,21457,10,,,1,97,,21474,10,,,1
1801,'8',636,,21490,10,,,1,100,,21504,10,,,1,71,,21488,10,,,1,30,,21499,10,,,1,70,,21495,10,,,1,30,,21497,10,,,1,70,,21498,10,,,1,30,,21496,10,,,1,70,,21491,10,,,1,30,,21480,10,,,1,70,,21502,10,,,1,30,,21509,10,,,1,70,,21478,10,,,1,30,,21494,10,,,1,70,,21500,10,,,1,30,,21481,10,,,1,70,,21508,10,,,1,30,,21501,10,,,1,70,,21487,10,,,1,30,,21507,10,,,1,70,,21492,10,,,1,30,,21489,10,,,1,70,,21485,10,,,1,30,,21503,10,,,1,70,,21483,10,,,1,30,,21486,10,,,1,70,,21505,10,,,1,30,,21482,10,,,1,70,,21484,10,,,1,30,,21506,10,,,1,69,,21493,10,,,1,99,,21479,10,,,1
1801,'9',803,,21537,10,0,67,1,100,,21522,10,,,1,30,,21536,10,,,1,70,,21532,10,,,1,30,,21523,10,,,1,70,,21521,10,,,1,30,,21533,10,,,1,70,,21529,10,,,1,30,,21511,10,,,1,70,,21513,10,,,1,30,,21534,10,,,1,70,,21518,10,,,1,30,,21535,10,,,1,70,,21528,10,,,1,30,,21530,10,,,1,70,,21515,10,,,1,30,,21531,10,,,1,70,,21510,10,,,1,30,,21526,10,,,1,70,,21517,10,,,1,30,,21512,10,,,1,70,,21527,10,,,1,30,,21520,10,,,1,70,,21514,10,,,1,30,,21524,10,,,1,70,,21538,10,,,1,100,,21519,10,,,1,109,,21525,10,0,67,1
62401,'10',1604,,118518,21,,,1
62401,'11',1604,,118519,21,,,1
62401,'12',1604,,118520,21,,,1
62401,'15',1604,,118521,21,,,1
62401,'16',1604,,118522,21,,,1
62401,'3',1604,,118523,21,,,1
62401,'4',1604,,118524,21,,,1
62401,'6',1604,,118525,21,,,1
