3900,'1',936,,703585,0,29,1,70,,703571,0,29,1,30,,703580,0,29,1,70,,703574,0,29,1,30,,597959,0,29,1,70,,595724,0,29,1,30,,703597,0,29,1,70,,703638,0,29,1,30,,703578,0,29,1,70,,703629,0,29,1,30,,703582,0,29,1,70,,703579,0,29,1,30,,703625,0,29,1,70,,703593,0,29,1,30,,703596,0,29,1,70,,703622,0,29,1,30,,703591,0,29,1,70,,703631,0,29,1,30,,703604,0,29,1,70,,703614,0,29,1,30,,703626,0,29,1,70,,703635,0,29,1,30,,703587,0,29,1,70,,703575,0,29,1,30,,703632,0,29,1
3900,'10',921,,703690,0,29,1,28,,703642,0,29,1,67,,703648,0,29,1,31,,593865,0,29,1,70,,703673,0,29,1,29,,703695,0,29,1,72,,703646,0,29,1,31,,703696,0,29,1,72,,703654,0,29,1,32,,483169,0,29,1,72,,703656,0,29,1,31,,618331,0,29,1,69,,703688,0,29,1,31,,703665,0,29,1,70,,457975,0,29,1,29,,703653,0,29,1,70,,703701,0,29,1,30,,703702,0,29,1,69,,703677,0,29,1,29,,703683,0,29,1,71,,559752,0,29,1,30,,703660,0,29,1,70,,703641,0,29,1,30,,703652,0,29,1,70,,703651,0,29,1,31,,703671,0,29,1,70,,703667,0,29,1,29,,703657,0,29,1
3900,'11',921,,703755,0,29,1,28,,703707,0,29,1,67,,703713,0,29,1,31,,594188,0,29,1,70,,703738,0,29,1,29,,703760,0,29,1,72,,703711,0,29,1,31,,703761,0,29,1,72,,703719,0,29,1,32,,483430,0,29,1,72,,703721,0,29,1,31,,618586,0,29,1,69,,703753,0,29,1,31,,703730,0,29,1,70,,458094,0,29,1,29,,703718,0,29,1,70,,703766,0,29,1,30,,703767,0,29,1,69,,703742,0,29,1,29,,703748,0,29,1,71,,559963,0,29,1,30,,703725,0,29,1,70,,703706,0,29,1,30,,703717,0,29,1,70,,703716,0,29,1,31,,703736,0,29,1,70,,703732,0,29,1,29,,703722,0,29,1
3900,'12',921,,703820,0,29,1,28,,703772,0,29,1,67,,703778,0,29,1,31,,594327,0,29,1,70,,703803,0,29,1,29,,703825,0,29,1,72,,703776,0,29,1,31,,703826,0,29,1,72,,703784,0,29,1,32,,483234,0,29,1,72,,703786,0,29,1,31,,618698,0,29,1,69,,703818,0,29,1,31,,703795,0,29,1,70,,458007,0,29,1,29,,703783,0,29,1,70,,703831,0,29,1,30,,703832,0,29,1,69,,703807,0,29,1,29,,703813,0,29,1,71,,560049,0,29,1,30,,703790,0,29,1,70,,703771,0,29,1,30,,703782,0,29,1,70,,703781,0,29,1,31,,703801,0,29,1,70,,703797,0,29,1,29,,703787,0,29,1
3900,'13',921,,703869,0,29,1,28,,703866,0,29,1,67,,659297,0,29,1,31,,703856,0,29,1,70,,703835,0,29,1,29,,613602,0,29,1,72,,535480,0,29,1,31,,703848,0,29,1,72,,703868,0,29,1,32,,703884,0,29,1,72,,703846,0,29,1,31,,703853,0,29,1,70,,703886,0,29,1,30,,703852,0,29,1,70,,703887,0,29,1,29,,703877,0,29,1,71,,703837,0,29,1,29,,703895,0,29,1,69,,703847,0,29,1,29,,633398,0,29,1,71,,703864,0,29,1,30,,703862,0,29,1,70,,703840,0,29,1,30,,703851,0,29,1,70,,703854,0,29,1,31,,703896,0,29,1,70,,666946,0,29,1,29,,703888,0,29,1
3900,'14',838,,703918,0,29,1,70,,268956,0,29,1,30,,703961,0,29,1,70,,631272,0,29,1,30,,703951,0,29,1,70,,703953,0,29,1,30,,703925,0,29,1,70,,703922,0,29,1,30,,703932,0,29,1,70,,703937,0,29,1,30,,703942,0,29,1,70,,703902,0,29,1,30,,703910,0,29,1,70,,672769,0,29,1,30,,703917,0,29,1,70,,703934,0,29,1,30,,703960,0,29,1,70,,703923,0,29,1,30,,703916,0,29,1,70,,703949,0,29,1,30,,559388,0,29,1,70,,472668,0,29,1,30,,544264,0,29,1,70,,624228,0,29,1,30,,594423,0,29,1,70,,703943,0,29,1,30,,703909,0,29,1,70,,703954,0,29,1
3900,'15',921,,704013,0,29,1,28,,703965,0,29,1,67,,703971,0,29,1,31,,593969,0,29,1,70,,703996,0,29,1,29,,704018,0,29,1,72,,703969,0,29,1,31,,704019,0,29,1,72,,703977,0,29,1,32,,482895,0,29,1,72,,703979,0,29,1,31,,618415,0,29,1,69,,704011,0,29,1,31,,703988,0,29,1,70,,457858,0,29,1,29,,703976,0,29,1,70,,704024,0,29,1,30,,704025,0,29,1,69,,704000,0,29,1,29,,704006,0,29,1,71,,559822,0,29,1,30,,703983,0,29,1,70,,703964,0,29,1,30,,703975,0,29,1,70,,703974,0,29,1,31,,703994,0,29,1,70,,703990,0,29,1,29,,703980,0,29,1
3900,'16',921,,704078,0,29,1,28,,704030,0,29,1,67,,704036,0,29,1,31,,594750,0,29,1,70,,704061,0,29,1,29,,704083,0,29,1,72,,704034,0,29,1,31,,704084,0,29,1,72,,704042,0,29,1,32,,482833,0,29,1,72,,704044,0,29,1,31,,619041,0,29,1,69,,704076,0,29,1,31,,704053,0,29,1,70,,457828,0,29,1,29,,704041,0,29,1,70,,704089,0,29,1,30,,704090,0,29,1,69,,704065,0,29,1,29,,704071,0,29,1,71,,560337,0,29,1,30,,704048,0,29,1,70,,704029,0,29,1,30,,704040,0,29,1,70,,704039,0,29,1,31,,704059,0,29,1,70,,704055,0,29,1,29,,704045,0,29,1
3900,'17',921,,622893,0,29,1,28,,641131,0,29,1,67,,704121,0,29,1,31,,601880,0,29,1,70,,572856,0,29,1,29,,704104,0,29,1,72,,704126,0,29,1,31,,704102,0,29,1,72,,704120,0,29,1,32,,704132,0,29,1,72,,704100,0,29,1,31,,571312,0,29,1,70,,552597,0,29,1,30,,565722,0,29,1,70,,704133,0,29,1,29,,513459,0,29,1,71,,600612,0,29,1,29,,704142,0,29,1,69,,704101,0,29,1,29,,704144,0,29,1,71,,704116,0,29,1,30,,704113,0,29,1,70,,704095,0,29,1,30,,563641,0,29,1,70,,704105,0,29,1,31,,704143,0,29,1,70,,704109,0,29,1,29,,704134,0,29,1
3900,'18',921,,573065,0,29,1,28,,704200,0,29,1,67,,704207,0,29,1,31,,704155,0,29,1,70,,569710,0,29,1,29,,704189,0,29,1,72,,660160,0,29,1,31,,605850,0,29,1,72,,704154,0,29,1,32,,704187,0,29,1,72,,704171,0,29,1,31,,704166,0,29,1,70,,704202,0,29,1,30,,704214,0,29,1,70,,704153,0,29,1,29,,704159,0,29,1,70,,704173,0,29,1,30,,704174,0,29,1,69,,704197,0,29,1,29,,704198,0,29,1,71,,704206,0,29,1,30,,704185,0,29,1,70,,704204,0,29,1,30,,704172,0,29,1,70,,704165,0,29,1,31,,704168,0,29,1,70,,704161,0,29,1,29,,704212,0,29,1
3900,'19',921,,704253,0,29,1,28,,704249,0,29,1,67,,704252,0,29,1,31,,704239,0,29,1,70,,704218,0,29,1,29,,613813,0,29,1,72,,647688,0,29,1,31,,704231,0,29,1,72,,704251,0,29,1,32,,704268,0,29,1,72,,704229,0,29,1,31,,704236,0,29,1,70,,704270,0,29,1,30,,704235,0,29,1,70,,704271,0,29,1,29,,704261,0,29,1,71,,704220,0,29,1,29,,704279,0,29,1,69,,704230,0,29,1,29,,633608,0,29,1,71,,704247,0,29,1,30,,704245,0,29,1,70,,704223,0,29,1,30,,704234,0,29,1,70,,704237,0,29,1,31,,704280,0,29,1,70,,510999,0,29,1,29,,704272,0,29,1
3900,'2',936,,704300,0,29,1,70,,704286,0,29,1,30,,704295,0,29,1,70,,704289,0,29,1,30,,597726,0,29,1,70,,595323,0,29,1,30,,704312,0,29,1,70,,704353,0,29,1,30,,704293,0,29,1,70,,704344,0,29,1,30,,704297,0,29,1,70,,704294,0,29,1,30,,704340,0,29,1,70,,704308,0,29,1,30,,704311,0,29,1,70,,704337,0,29,1,30,,704306,0,29,1,70,,704346,0,29,1,30,,704319,0,29,1,70,,704329,0,29,1,30,,704341,0,29,1,70,,704350,0,29,1,30,,704302,0,29,1,70,,704290,0,29,1,30,,704347,0,29,1
3900,'3',921,,704405,0,29,1,28,,704357,0,29,1,67,,704363,0,29,1,31,,594021,0,29,1,70,,704388,0,29,1,29,,704410,0,29,1,72,,704361,0,29,1,31,,704411,0,29,1,72,,704369,0,29,1,32,,482771,0,29,1,72,,704371,0,29,1,31,,618457,0,29,1,69,,704403,0,29,1,31,,704380,0,29,1,70,,457798,0,29,1,29,,704368,0,29,1,70,,704416,0,29,1,30,,704417,0,29,1,69,,704392,0,29,1,29,,704398,0,29,1,71,,559857,0,29,1,30,,704375,0,29,1,70,,704356,0,29,1,30,,704367,0,29,1,70,,704366,0,29,1,31,,704386,0,29,1,70,,704382,0,29,1,29,,704372,0,29,1
3900,'4',921,,704470,0,29,1,28,,704422,0,29,1,67,,704428,0,29,1,31,,593917,0,29,1,70,,704453,0,29,1,29,,704475,0,29,1,72,,704426,0,29,1,31,,704476,0,29,1,72,,704434,0,29,1,32,,482254,0,29,1,72,,704436,0,29,1,31,,618373,0,29,1,69,,704468,0,29,1,31,,704445,0,29,1,70,,457566,0,29,1,29,,704433,0,29,1,70,,704481,0,29,1,30,,704482,0,29,1,69,,704457,0,29,1,29,,704463,0,29,1,71,,559787,0,29,1,30,,704440,0,29,1,70,,704421,0,29,1,30,,704432,0,29,1,70,,704431,0,29,1,31,,704451,0,29,1,70,,704447,0,29,1,29,,704437,0,29,1
3900,'5',921,,704521,0,29,1,28,,704516,0,29,1,67,,704520,0,29,1,31,,704505,0,29,1,70,,704485,0,29,1,29,,704500,0,29,1,72,,704532,0,29,1,31,,704496,0,29,1,72,,704519,0,29,1,32,,704538,0,29,1,72,,704495,0,29,1,31,,704502,0,29,1,70,,704540,0,29,1,30,,704501,0,29,1,70,,704541,0,29,1,29,,704529,0,29,1,71,,704486,0,29,1,29,,572239,0,29,1,69,,522296,0,29,1,29,,704550,0,29,1,71,,704513,0,29,1,30,,704511,0,29,1,70,,704488,0,29,1,30,,704499,0,29,1,70,,704503,0,29,1,31,,704548,0,29,1,70,,704507,0,29,1,29,,704542,0,29,1
3900,'6',921,,704607,0,29,1,28,,704559,0,29,1,67,,704565,0,29,1,31,,594136,0,29,1,70,,704590,0,29,1,29,,704612,0,29,1,72,,704563,0,29,1,31,,704613,0,29,1,72,,704571,0,29,1,32,,482709,0,29,1,72,,704573,0,29,1,31,,618544,0,29,1,69,,704605,0,29,1,31,,704582,0,29,1,70,,457768,0,29,1,29,,704570,0,29,1,70,,704618,0,29,1,30,,704619,0,29,1,69,,704594,0,29,1,29,,704600,0,29,1,71,,559928,0,29,1,30,,704577,0,29,1,70,,704558,0,29,1,30,,704569,0,29,1,70,,704568,0,29,1,31,,704588,0,29,1,70,,704584,0,29,1,29,,704574,0,29,1
3900,'7',921,,704663,0,29,1,28,,704658,0,29,1,67,,704662,0,29,1,31,,704646,0,29,1,70,,704622,0,29,1,29,,704641,0,29,1,72,,704674,0,29,1,31,,704637,0,29,1,72,,704661,0,29,1,32,,704679,0,29,1,72,,704635,0,29,1,31,,704643,0,29,1,70,,704681,0,29,1,30,,704642,0,29,1,70,,587073,0,29,1,29,,704672,0,29,1,71,,704624,0,29,1,29,,704691,0,29,1,69,,704636,0,29,1,29,,704694,0,29,1,71,,704655,0,29,1,30,,704652,0,29,1,70,,704627,0,29,1,30,,704640,0,29,1,70,,704644,0,29,1,31,,704692,0,29,1,70,,704649,0,29,1,29,,704682,0,29,1
3900,'8',838,,704717,0,29,1,70,,704711,0,29,1,30,,704770,0,29,1,70,,704749,0,29,1,30,,704758,0,29,1,70,,704760,0,29,1,30,,704729,0,29,1,70,,704724,0,29,1,30,,704736,0,29,1,70,,704742,0,29,1,30,,601626,0,29,1,70,,704700,0,29,1,30,,704708,0,29,1,70,,704709,0,29,1,30,,704716,0,29,1,70,,704740,0,29,1,30,,704769,0,29,1,70,,704725,0,29,1,30,,704715,0,29,1,70,,704757,0,29,1,30,,704744,0,29,1,70,,704705,0,29,1,30,,704712,0,29,1,70,,704764,0,29,1,30,,704739,0,29,1,70,,704750,0,29,1,30,,704707,0,29,1,70,,704762,0,29,1
3900,'9',936,,704788,0,29,1,70,,704773,0,29,1,30,,704782,0,29,1,70,,704776,0,29,1,30,,704817,0,29,1,70,,704801,0,29,1,30,,704797,0,29,1,70,,704832,0,29,1,30,,704780,0,29,1,70,,704824,0,29,1,30,,704784,0,29,1,70,,704781,0,29,1,30,,557518,0,29,1,70,,704795,0,29,1,30,,557501,0,29,1,70,,704819,0,29,1,30,,704793,0,29,1,70,,704826,0,29,1,30,,704804,0,29,1,70,,704811,0,29,1,30,,704821,0,29,1,70,,704830,0,29,1,30,,704790,0,29,1,70,,704777,0,29,1,30,,704827,0,29,1
3901,'1',931,,704871,,,1,70,,704848,,,1,30,,704852,,,1,70,,704860,,,1,30,,704893,,,1,70,,646111,,,1,30,,704856,,,1,70,,704877,,,1,30,,704888,,,1,70,,704891,,,1,30,,704837,,,1,70,,704850,,,1,30,,704834,,,1,70,,704892,,,1,30,,704868,,,1,70,,704859,,,1,30,,704885,,,1,70,,704853,,,1,30,,704857,,,1,70,,704872,,,1,30,,588920,,,1,70,,704854,,,1,30,,704858,,,1,70,,704847,,,1
3901,'10',550,,704944,,,1,73,,704932,,,1,21,,576314,,,1,72,,704919,,,1,29,,704949,,,1,68,,458523,,,1,31,,704927,,,1,70,,704910,,,1,30,,704936,,,1,70,,704906,,,1,30,,704920,,,1,70,,704911,,,1,30,,610448,,,1,70,,704950,,,1,30,,704918,,,1,70,,704931,,,1,30,,704926,,,1,70,,704905,,,1,32,,704930,,,1,70,,704943,,,1,17,,704954,,,1,13,,704938,,,1,7,,704928,0,76,1
3901,'11',550,,705010,,,1,73,,704998,,,1,21,,576501,,,1,72,,704985,,,1,29,,705015,,,1,68,,458637,,,1,31,,704993,,,1,70,,704976,,,1,30,,705002,,,1,70,,704972,,,1,30,,704986,,,1,70,,704977,,,1,30,,610672,,,1,70,,705016,,,1,30,,704984,,,1,70,,704997,,,1,30,,704992,,,1,70,,704971,,,1,32,,704996,,,1,70,,705009,,,1,17,,705020,,,1,13,,705004,,,1,7,,704994,0,76,1
3901,'12',550,,705076,,,1,73,,705064,,,1,21,,576596,,,1,72,,705051,,,1,29,,705081,,,1,68,,458555,,,1,31,,705059,,,1,70,,705042,,,1,30,,705068,,,1,70,,705038,,,1,30,,705052,,,1,70,,705043,,,1,30,,610772,,,1,70,,705082,,,1,30,,705050,,,1,70,,705063,,,1,30,,705058,,,1,70,,705037,,,1,32,,705062,,,1,70,,705075,,,1,17,,705086,,,1,13,,705070,,,1,7,,705060,0,76,1
3901,'13',550,,705154,,,1,73,,705125,,,1,21,,705142,,,1,72,,559030,,,1,28,,705123,,,1,69,,616798,,,1,33,,705127,,,1,68,,705152,,,1,30,,705150,,,1,70,,705102,,,1,30,,705107,,,1,70,,705143,,,1,30,,705104,,,1,70,,555187,,,1,30,,705112,,,1,70,,705139,,,1,30,,705111,,,1,70,,705099,,,1,32,,705145,,,1,70,,555228,,,1,17,,705141,,,1,13,,705129,,,1,7,,705097,0,76,1
3901,'14',830,,705199,,,1,70,,705191,,,1,30,,571565,,,1,70,,705177,,,1,30,,631256,,,1,70,,705198,,,1,30,,705210,,,1,70,,705172,,,1,30,,705160,,,1,70,,705173,,,1,30,,705179,,,1,70,,705196,,,1,30,,705166,,,1,70,,705182,,,1,30,,363506,,,1,70,,705194,,,1,30,,705169,,,1,70,,705203,,,1,30,,705187,,,1,70,,705200,,,1,30,,668011,,,1,70,,643615,,,1,30,,705164,,,1,70,,705197,,,1,30,,669965,,,1,70,,565345,,,1,30,,705165,,,1,70,,568002,,,1
3901,'15',550,,705257,,,1,73,,705245,,,1,21,,576374,,,1,72,,705232,,,1,29,,705262,,,1,68,,458421,,,1,31,,705240,,,1,70,,705223,,,1,30,,705249,,,1,70,,705219,,,1,30,,705233,,,1,70,,705224,,,1,30,,610520,,,1,70,,705263,,,1,30,,705231,,,1,70,,705244,,,1,30,,705239,,,1,70,,705218,,,1,32,,705243,,,1,70,,705256,,,1,17,,705267,,,1,13,,705251,,,1,7,,705241,0,76,1
3901,'16',550,,705323,,,1,73,,705311,,,1,21,,576873,,,1,72,,705298,,,1,29,,705328,,,1,68,,458392,,,1,31,,705306,,,1,70,,705289,,,1,30,,705315,,,1,70,,705285,,,1,30,,705299,,,1,70,,705290,,,1,30,,611104,,,1,70,,705329,,,1,30,,705297,,,1,70,,705310,,,1,30,,705305,,,1,70,,705284,,,1,32,,705309,,,1,70,,705322,,,1,17,,705333,,,1,13,,705317,,,1,7,,705307,0,76,1
3901,'17',550,,345064,,,1,73,,705376,,,1,21,,705395,,,1,72,,705397,,,1,28,,705374,,,1,69,,705373,,,1,33,,557662,,,1,68,,583040,,,1,30,,705404,,,1,70,,705348,,,1,30,,705356,,,1,70,,670127,,,1,30,,705350,,,1,70,,705344,,,1,30,,705361,,,1,70,,705391,,,1,30,,592608,,,1,70,,667514,,,1,32,,705398,,,1,70,,705394,,,1,17,,705393,,,1,13,,705379,,,1,7,,705345,0,76,1
3901,'18',550,,705424,,,1,73,,705458,,,1,21,,705414,,,1,72,,705476,,,1,29,,705456,,,1,70,,705461,,,1,31,,705477,,,1,68,,705441,,,1,30,,705427,,,1,70,,705419,,,1,30,,705446,,,1,70,,705478,,,1,30,,705408,,,1,70,,705467,,,1,30,,626690,,,1,70,,705417,,,1,30,,705464,,,1,70,,705475,,,1,32,,705448,,,1,70,,705444,,,1,17,,705429,,,1,13,,660711,,,1,7,,705469,0,76,1
3901,'19',550,,705536,,,1,73,,705507,,,1,21,,705524,,,1,72,,559277,,,1,28,,705505,,,1,69,,617012,,,1,33,,705509,,,1,68,,705534,,,1,30,,705532,,,1,70,,705484,,,1,30,,705489,,,1,70,,705525,,,1,30,,705486,,,1,70,,555666,,,1,30,,705494,,,1,70,,705521,,,1,30,,705493,,,1,70,,705481,,,1,32,,705527,,,1,70,,555708,,,1,17,,705523,,,1,13,,705511,,,1,7,,705479,0,76,1
3901,'2',931,,705575,,,1,70,,705552,,,1,30,,705556,,,1,70,,705564,,,1,30,,705597,,,1,70,,645687,,,1,30,,705560,,,1,70,,705581,,,1,30,,705592,,,1,70,,705595,,,1,30,,705541,,,1,70,,705554,,,1,30,,705538,,,1,70,,705596,,,1,30,,705572,,,1,70,,705563,,,1,30,,705589,,,1,70,,705557,,,1,30,,705561,,,1,70,,705576,,,1,30,,588656,,,1,70,,705558,,,1,30,,705562,,,1,70,,705551,,,1
3901,'3',550,,705648,,,1,73,,705636,,,1,21,,576404,,,1,72,,705623,,,1,29,,705653,,,1,68,,458363,,,1,31,,705631,,,1,70,,705614,,,1,30,,705640,,,1,70,,705610,,,1,30,,705624,,,1,70,,705615,,,1,30,,610556,,,1,70,,705654,,,1,30,,705622,,,1,70,,705635,,,1,30,,705630,,,1,70,,705609,,,1,32,,705634,,,1,70,,705647,,,1,17,,705658,,,1,13,,705642,,,1,7,,705632,0,76,1
3901,'4',550,,705714,,,1,73,,705702,,,1,21,,576344,,,1,72,,705689,,,1,29,,705719,,,1,68,,458143,,,1,31,,705697,,,1,70,,705680,,,1,30,,705706,,,1,70,,705676,,,1,30,,705690,,,1,70,,705681,,,1,30,,610484,,,1,70,,705720,,,1,30,,705688,,,1,70,,705701,,,1,30,,705696,,,1,70,,705675,,,1,32,,705700,,,1,70,,705713,,,1,17,,705724,,,1,13,,705708,,,1,7,,705698,0,76,1
3901,'5',550,,705805,,,1,73,,705766,,,1,21,,705789,,,1,72,,705793,,,1,28,,705764,,,1,69,,705763,,,1,33,,705768,,,1,68,,705803,,,1,30,,705800,,,1,70,,705741,,,1,30,,492382,,,1,70,,705790,,,1,30,,705743,,,1,70,,705735,,,1,30,,705752,,,1,70,,705785,,,1,30,,705751,,,1,70,,705738,,,1,32,,705794,,,1,70,,705788,,,1,17,,705787,,,1,13,,705771,,,1,7,,705736,0,76,1
3901,'6',550,,705852,,,1,73,,705840,,,1,21,,576471,,,1,72,,705827,,,1,29,,705857,,,1,68,,458334,,,1,31,,705835,,,1,70,,705818,,,1,30,,705844,,,1,70,,705814,,,1,30,,705828,,,1,70,,705819,,,1,30,,610636,,,1,70,,705858,,,1,30,,705826,,,1,70,,705839,,,1,30,,705834,,,1,70,,705813,,,1,32,,705838,,,1,70,,705851,,,1,17,,705862,,,1,13,,705846,,,1,7,,705836,0,76,1
3901,'7',550,,705944,,,1,73,,705904,,,1,21,,705927,,,1,72,,705931,,,1,28,,705902,,,1,69,,705901,,,1,33,,705906,,,1,68,,705942,,,1,30,,705939,,,1,70,,705878,,,1,30,,705886,,,1,70,,705928,,,1,30,,705880,,,1,70,,705873,,,1,30,,705892,,,1,70,,705923,,,1,30,,705891,,,1,70,,705875,,,1,32,,705932,,,1,70,,705926,,,1,17,,705925,,,1,13,,705909,,,1,7,,604254,0,76,1
3901,'8',830,,705997,,,1,70,,705990,,,1,30,,706013,,,1,70,,705973,,,1,30,,705983,,,1,70,,705996,,,1,30,,706010,,,1,70,,705966,,,1,30,,705953,,,1,70,,705967,,,1,30,,705974,,,1,70,,705994,,,1,30,,705959,,,1,70,,705979,,,1,30,,705957,,,1,70,,471352,,,1,30,,705962,,,1,70,,706002,,,1,30,,705985,,,1,70,,705998,,,1,30,,705988,,,1,70,,705976,,,1,30,,557366,,,1,70,,474791,,,1,30,,705972,,,1,70,,705948,,,1,30,,705958,,,1,70,,705965,,,1
3901,'9',931,,706049,,,1,70,,706029,,,1,30,,666139,,,1,70,,706040,,,1,30,,554899,,,1,70,,706043,,,1,30,,574743,,,1,70,,649202,,,1,30,,706062,,,1,70,,706065,,,1,30,,706015,,,1,70,,706031,,,1,30,,581669,,,1,70,,706066,,,1,30,,706046,,,1,70,,706039,,,1,30,,706060,,,1,70,,706032,,,1,30,,706036,,,1,70,,706050,,,1,30,,706027,,,1,70,,706033,,,1,30,,706037,,,1,70,,669730,,,1
63901,'10',1603,,769214,,,1
63901,'11',1603,,769216,,,1
63901,'12',1603,,769218,,,1
63901,'15',1603,,769220,,,1
63901,'16',1603,,769222,,,1
63901,'3',1603,,769224,,,1
63901,'4',1603,,769226,,,1
63901,'6',1603,,769228,,,1
