7301,'1',1459,,345594,34,,,0,76,,345615,34,,,0,71,,258833,34,,,0,31,,345606,34,,,0,70,,345613,34,,,0,29,,345599,34,,,0,68,,345614,34,,,0,28,,345602,34,,,0,24,,219182,29,,,0
7301,'11',1459,,345619,34,,,0,76,,345616,34,,,0,102,,345621,34,,,0,70,,249675,34,,,0,29,,345623,34,,,0,68,,345620,34,,,0,28,,345630,34,,,0,24,,345628,29,,,0
7301,'13',1459,,345648,34,,,0,76,,345645,34,,,0,102,,345650,34,,,0,70,,249711,34,,,0,29,,345652,34,,,0,68,,345649,34,,,0,28,,345659,34,,,0,24,,345657,29,,,0
7301,'14',1459,,345677,34,,,0,76,,345674,34,,,0,102,,345679,34,,,0,70,,249869,34,,,0,29,,345681,34,,,0,68,,345678,34,,,0,28,,345688,34,,,0,24,,345686,29,,,0
7301,'2',1459,,241622,34,,,0,76,,345703,34,,,0,102,,345707,34,,,0,70,,345708,34,,,0,29,,345709,34,,,0,68,,345705,34,,,0,28,,345716,34,,,0,24,,345715,29,,,0
7301,'3',1459,,345731,34,,,0,76,,345729,34,,,0,102,,345733,34,,,0,70,,345734,34,,,0,29,,345736,34,,,0,68,,266730,34,,,0,28,,345744,34,,,0,24,,345742,29,,,0
7301,'4',1459,,295947,34,,,0,74,,345759,34,,,0,73,,286717,34,,,0,31,,345763,34,,,0,68,,198119,34,,,0,31,,345774,34,,,0,68,,345765,34,,,0,28,,345769,34,,,0,24,,345779,29,,,0
7301,'5',1459,,345782,34,,,0,76,,345780,34,,,0,102,,345784,34,,,0,70,,345785,34,,,0,29,,345787,34,,,0,68,,31726,34,,,0,28,,345795,34,,,0,24,,345793,29,,,0
7301,'6',1459,,345810,34,,,0,76,,345807,34,,,0,102,,345812,34,,,0,70,,249465,34,,,0,29,,345814,34,,,0,68,,345811,34,,,0,28,,345821,34,,,0,24,,345819,29,,,0
7301,'7',1459,,241498,34,,,0,76,,345836,34,,,0,102,,345840,34,,,0,70,,345841,34,,,0,29,,345842,34,,,0,68,,345838,34,,,0,28,,345849,34,,,0,24,,345848,29,,,0
7301,'9',1459,,345865,34,,,0,76,,345862,34,,,0,102,,345867,34,,,0,70,,249367,34,,,0,29,,345869,34,,,0,68,,345866,34,,,0,28,,345876,34,,,0,24,,345874,29,,,0
7401,'1',611,,346559,21,,,0,24,,346536,21,,,0,19,,346579,21,,,0,56,,346538,21,,,0,13,,346555,21,,,0,15,,346577,21,,,0,14,,346544,21,,,0,56,,346562,21,,,0,16,,346576,21,,,0,14,,346563,21,,,0,15,,228545,21,,,0,57,,346551,21,,,0,17,,346529,21,,,0,12,,346553,21,,,0,15,,346557,21,,,0,56,,346539,21,,,0,15,,346575,21,,,0,15,,346545,21,,,0,15,,346554,21,,,0,54,,346567,21,,,0,16,,346573,21,,,0,14,,346552,21,,,0,15,,346541,21,,,0,55,,215017,21,,,0,15,,346560,21,,,0,15,,346574,21,,,0,15,,346568,21,,,0,55,,346580,21,,,0,15,,346540,21,,,0,15,,346581,21,,,0,15,,346569,21,,,0,55,,346564,21,,,0,15,,163885,21,,,0,15,,346558,21,,,0,15,,214319,21,,,0,55,,346570,21,,,0,15,,346530,21,,,0,16,,263295,21,,,0,15,,346534,21,,,0,55,,346532,21,,,0,17,,346571,21,,,0,16,,346535,21,,,0,15,,346566,21,,,0,57,,346543,21,,,0,13,,346561,21,,,0,15,,346533,21,,,0,15,,346578,21,,,0,55,,346531,21,,,0,17,,346556,21,,,0,26,,346572,21,,,0,66,,346565,21,,,0,30,,274759,21,,,0,70,,346548,21,,,0,30,,346550,21,,,0,70,,346547,21,,,0,30,,346546,21,,,0
7401,'10',825,,210528,21,,,0,31,,346599,21,,,0,70,,346601,21,,,0,31,,346583,21,,,0,71,,273641,21,,,0,30,,245150,21,,,0,70,,346604,21,,,0,30,,346605,21,,,0,70,,346584,21,,,0,30,,346590,21,,,0,70,,275717,21,,,0,30,,149412,21,,,0,70,,346608,21,,,0,30,,278014,21,,,0,70,,346594,21,,,0,30,,346588,21,,,0,69,,346595,21,,,0,30,,346585,21,,,0,68,,346592,21,,,0,30,,346586,21,,,0,70,,346589,21,,,0,30,,346598,21,,,0,70,,346602,21,,,0,30,,346591,21,,,0,70,,346582,21,,,0,30,,346600,21,,,0
7401,'11',611,,346626,21,,,0,24,,346609,21,,,0,19,,346632,21,,,0,56,,346627,21,,,0,15,,346615,21,,,0,13,,346611,21,,,0,14,,346612,21,,,0,56,,346649,21,,,0,16,,346650,21,,,0,14,,346648,21,,,0,15,,277563,21,,,0,57,,346639,21,,,0,15,,346616,21,,,0,14,,346629,21,,,0,15,,346625,21,,,0,56,,346633,21,,,0,15,,346628,21,,,0,15,,346644,21,,,0,15,,346618,21,,,0,54,,346620,21,,,0,15,,205092,21,,,0,15,,208612,21,,,0,15,,201249,21,,,0,55,,233522,21,,,0,15,,346646,21,,,0,15,,346637,21,,,0,15,,346621,21,,,0,55,,346635,21,,,0,15,,210654,21,,,0,15,,221296,21,,,0,15,,346651,21,,,0,55,,346654,21,,,0,15,,346617,21,,,0,15,,346630,21,,,0,15,,346641,21,,,0,54,,346636,21,,,0,31,,346638,21,,,0,16,,346610,21,,,0,55,,346634,21,,,0,17,,16135,21,,,0,16,,346631,21,,,0,57,,346640,21,,,0,13,,346624,21,,,0,15,,346642,21,,,0,15,,219264,21,,,0,15,,295637,21,,,0,55,,346647,21,,,0,15,,346653,21,,,0,28,,346614,21,,,0,66,,346619,21,,,0,30,,346622,21,,,0,70,,346655,21,,,0,30,,346623,21,,,0,70,,346643,21,,,0,30,,159277,21,,,0
7401,'12',1004,,346672,21,,,0,31,,346661,21,,,0,70,,346663,21,,,0,30,,346665,21,,,0,70,,346662,21,,,0,30,,346667,21,,,0,70,,346656,21,,,0,30,,346660,21,,,0,70,,346657,21,,,0,30,,346668,21,,,0,70,,346671,21,,,0,30,,346679,21,,,0,70,,346681,21,,,0,29,,346677,21,,,0,70,,346670,21,,,0
7401,'13',611,,346699,21,,,0,24,,346682,21,,,0,19,,346705,21,,,0,56,,346700,21,,,0,15,,346688,21,,,0,13,,346684,21,,,0,14,,346685,21,,,0,56,,346722,21,,,0,16,,346723,21,,,0,14,,346721,21,,,0,15,,277590,21,,,0,57,,346712,21,,,0,15,,346689,21,,,0,14,,346702,21,,,0,15,,346698,21,,,0,56,,346706,21,,,0,15,,346701,21,,,0,15,,346717,21,,,0,15,,346691,21,,,0,54,,346693,21,,,0,15,,205083,21,,,0,15,,208667,21,,,0,15,,200850,21,,,0,55,,233542,21,,,0,15,,346719,21,,,0,15,,346710,21,,,0,15,,346694,21,,,0,55,,346708,21,,,0,15,,210702,21,,,0,15,,221311,21,,,0,15,,346724,21,,,0,55,,346727,21,,,0,15,,346690,21,,,0,15,,346703,21,,,0,15,,346714,21,,,0,54,,346709,21,,,0,31,,346711,21,,,0,16,,346683,21,,,0,55,,346707,21,,,0,17,,15403,21,,,0,16,,346704,21,,,0,57,,346713,21,,,0,13,,346697,21,,,0,15,,346715,21,,,0,15,,219293,21,,,0,15,,295642,21,,,0,55,,346720,21,,,0,15,,346726,21,,,0,28,,346687,21,,,0,66,,346692,21,,,0,30,,346695,21,,,0,70,,346728,21,,,0,30,,346696,21,,,0,70,,346716,21,,,0,30,,158893,21,,,0
7401,'14',611,,346746,21,,,0,24,,346729,21,,,0,19,,346752,21,,,0,56,,346747,21,,,0,15,,346735,21,,,0,13,,346731,21,,,0,14,,346732,21,,,0,56,,346769,21,,,0,16,,346770,21,,,0,14,,346768,21,,,0,15,,277710,21,,,0,57,,346759,21,,,0,15,,346736,21,,,0,14,,346749,21,,,0,15,,346745,21,,,0,56,,346753,21,,,0,15,,346748,21,,,0,15,,346764,21,,,0,15,,346738,21,,,0,54,,346740,21,,,0,15,,205085,21,,,0,15,,208904,21,,,0,15,,201049,21,,,0,55,,233645,21,,,0,15,,346766,21,,,0,15,,346757,21,,,0,15,,346741,21,,,0,55,,346755,21,,,0,15,,210925,21,,,0,15,,221362,21,,,0,15,,346771,21,,,0,55,,346774,21,,,0,15,,346737,21,,,0,15,,346750,21,,,0,15,,346761,21,,,0,54,,346756,21,,,0,31,,346758,21,,,0,16,,346730,21,,,0,55,,346754,21,,,0,17,,15778,21,,,0,16,,346751,21,,,0,57,,346760,21,,,0,13,,346744,21,,,0,15,,346762,21,,,0,15,,219351,21,,,0,15,,295647,21,,,0,55,,346767,21,,,0,15,,346773,21,,,0,28,,346734,21,,,0,66,,346739,21,,,0,30,,346742,21,,,0,70,,346775,21,,,0,30,,346743,21,,,0,70,,346763,21,,,0,30,,159101,21,,,0
7401,'15',1004,,346791,21,,,0,31,,346781,21,,,0,70,,346783,21,,,0,30,,346785,21,,,0,70,,346782,21,,,0,30,,221334,21,,,0,70,,346776,21,,,0,30,,346780,21,,,0,70,,346777,21,,,0,30,,346787,21,,,0,70,,346790,21,,,0,30,,282869,21,,,0,70,,346799,21,,,0,29,,346796,21,,,0,70,,346789,21,,,0
7401,'16',825,,346808,21,,,0,31,,346821,21,,,0,70,,346823,21,,,0,31,,346803,21,,,0,71,,346802,21,,,0,30,,346819,21,,,0,70,,346827,21,,,0,30,,346828,21,,,0,70,,346804,21,,,0,30,,346811,21,,,0,70,,346815,21,,,0,30,,346800,21,,,0,70,,346830,21,,,0,30,,346807,21,,,0,70,,346816,21,,,0,30,,346809,21,,,0,69,,346817,21,,,0,30,,346805,21,,,0,68,,346813,21,,,0,30,,346806,21,,,0,70,,346810,21,,,0,30,,346820,21,,,0,70,,346824,21,,,0,30,,346812,21,,,0,70,,346801,21,,,0,30,,346822,21,,,0
7401,'2',611,,346848,21,,,0,24,,346831,21,,,0,19,,346855,21,,,0,56,,346849,21,,,0,15,,346838,21,,,0,13,,346834,21,,,0,14,,346835,21,,,0,56,,346868,21,,,0,16,,346869,21,,,0,14,,346867,21,,,0,15,,346850,21,,,0,57,,285292,21,,,0,15,,346839,21,,,0,14,,267412,21,,,0,15,,288293,21,,,0,56,,346856,21,,,0,15,,346852,21,,,0,15,,248905,21,,,0,15,,287223,21,,,0,54,,346842,21,,,0,15,,346876,21,,,0,15,,346847,21,,,0,15,,346851,21,,,0,55,,346872,21,,,0,15,,346865,21,,,0,15,,274666,21,,,0,15,,280640,21,,,0,55,,346858,21,,,0,15,,346874,21,,,0,15,,346833,21,,,0,15,,346870,21,,,0,55,,227653,21,,,0,15,,346840,21,,,0,15,,346853,21,,,0,15,,346863,21,,,0,54,,346859,21,,,0,31,,346861,21,,,0,16,,346832,21,,,0,55,,346857,21,,,0,17,,346854,21,,,0,16,,280153,21,,,0,57,,346862,21,,,0,13,,346846,21,,,0,15,,276380,21,,,0,15,,346875,21,,,0,15,,346860,21,,,0,55,,346866,21,,,0,15,,346873,21,,,0,28,,346837,21,,,0,66,,346841,21,,,0,30,,346844,21,,,0,70,,346877,21,,,0,30,,346845,21,,,0,70,,285294,21,,,0,30,,346843,21,,,0
7401,'3',611,,261285,21,,,0,24,,346878,21,,,0,19,,346901,21,,,0,56,,231827,21,,,0,15,,224197,21,,,0,13,,346881,21,,,0,14,,346882,21,,,0,56,,346915,21,,,0,16,,346916,21,,,0,14,,346914,21,,,0,15,,346895,21,,,0,57,,346906,21,,,0,15,,346884,21,,,0,14,,346897,21,,,0,15,,346893,21,,,0,56,,346902,21,,,0,15,,134344,21,,,0,15,,346910,21,,,0,15,,346886,21,,,0,54,,258477,21,,,0,15,,346924,21,,,0,15,,346894,21,,,0,15,,346896,21,,,0,55,,346919,21,,,0,15,,346912,21,,,0,15,,346904,21,,,0,15,,346889,21,,,0,55,,346903,21,,,0,15,,346921,21,,,0,15,,346880,21,,,0,15,,346917,21,,,0,55,,346923,21,,,0,15,,346885,21,,,0,15,,346898,21,,,0,15,,346907,21,,,0,54,,129015,21,,,0,31,,285099,21,,,0,16,,346879,21,,,0,55,,242123,21,,,0,17,,346900,21,,,0,16,,346899,21,,,0,57,,252702,21,,,0,13,,346892,21,,,0,15,,346908,21,,,0,15,,346922,21,,,0,15,,346905,21,,,0,55,,346913,21,,,0,15,,346920,21,,,0,28,,346883,21,,,0,66,,346887,21,,,0,30,,346890,21,,,0,70,,346925,21,,,0,30,,346891,21,,,0,70,,346909,21,,,0,30,,346888,21,,,0
7401,'4',611,,346948,21,,,0,24,,346944,21,,,0,19,,253916,21,,,0,56,,346946,21,,,0,14,,346941,21,,,0,14,,346932,21,,,0,13,,251372,21,,,0,57,,346940,21,,,0,16,,216637,21,,,0,14,,217598,21,,,0,15,,346971,21,,,0,57,,346926,21,,,0,17,,346928,21,,,0,12,,258020,21,,,0,15,,346966,21,,,0,56,,346945,21,,,0,15,,346949,21,,,0,15,,346930,21,,,0,15,,346938,21,,,0,54,,346967,21,,,0,15,,346959,21,,,0,15,,346942,21,,,0,15,,346929,21,,,0,55,,346962,21,,,0,15,,346972,21,,,0,15,,346970,21,,,0,15,,346937,21,,,0,55,,346964,21,,,0,15,,346936,21,,,0,15,,346969,21,,,0,15,,346950,21,,,0,55,,346968,21,,,0,15,,346963,21,,,0,15,,184303,21,,,0,15,,346957,21,,,0,55,,346927,21,,,0,14,,346931,21,,,0,15,,346947,21,,,0,16,,346954,21,,,0,56,,133026,21,,,0,17,,346943,21,,,0,16,,346939,21,,,0,15,,239824,21,,,0,56,,346952,21,,,0,16,,346965,21,,,0,13,,346961,21,,,0,15,,346934,21,,,0,55,,346956,21,,,0,16,,346955,21,,,0,27,,346951,21,,,0,66,,295018,21,,,0,30,,346958,21,,,0,70,,346960,21,,,0,30,,346933,21,,,0,70,,272135,21,,,0,30,,346953,21,,,0
7401,'5',611,,170641,21,,,0,24,,346973,21,,,0,19,,346996,21,,,0,56,,231903,21,,,0,15,,224269,21,,,0,13,,346976,21,,,0,14,,346977,21,,,0,56,,347010,21,,,0,16,,347011,21,,,0,14,,347009,21,,,0,15,,346990,21,,,0,57,,347001,21,,,0,15,,346979,21,,,0,14,,346992,21,,,0,15,,346988,21,,,0,56,,346997,21,,,0,15,,278472,21,,,0,15,,347005,21,,,0,15,,346981,21,,,0,54,,160134,21,,,0,15,,347019,21,,,0,15,,346989,21,,,0,15,,346991,21,,,0,55,,347014,21,,,0,15,,347007,21,,,0,15,,346999,21,,,0,15,,346984,21,,,0,55,,346998,21,,,0,15,,347016,21,,,0,15,,346975,21,,,0,15,,347012,21,,,0,55,,347018,21,,,0,15,,346980,21,,,0,15,,346993,21,,,0,15,,347002,21,,,0,54,,232824,21,,,0,31,,141582,21,,,0,16,,346974,21,,,0,55,,242234,21,,,0,17,,346995,21,,,0,16,,346994,21,,,0,57,,252821,21,,,0,13,,346987,21,,,0,15,,347003,21,,,0,15,,347017,21,,,0,15,,347000,21,,,0,55,,347008,21,,,0,15,,347015,21,,,0,28,,346978,21,,,0,66,,346982,21,,,0,30,,346985,21,,,0,70,,347020,21,,,0,30,,346986,21,,,0,70,,347004,21,,,0,30,,346983,21,,,0
7401,'6',611,,347038,21,,,0,24,,347021,21,,,0,19,,347044,21,,,0,56,,347039,21,,,0,15,,347027,21,,,0,13,,347023,21,,,0,14,,347024,21,,,0,56,,347061,21,,,0,16,,347062,21,,,0,14,,347060,21,,,0,15,,277389,21,,,0,57,,347051,21,,,0,15,,347028,21,,,0,14,,347041,21,,,0,15,,347037,21,,,0,56,,347045,21,,,0,15,,347040,21,,,0,15,,347056,21,,,0,15,,347030,21,,,0,54,,347032,21,,,0,15,,205090,21,,,0,15,,208251,21,,,0,15,,201193,21,,,0,55,,233371,21,,,0,15,,347058,21,,,0,15,,347049,21,,,0,15,,347033,21,,,0,55,,347047,21,,,0,15,,210345,21,,,0,15,,221203,21,,,0,15,,347063,21,,,0,55,,347066,21,,,0,15,,347029,21,,,0,15,,347042,21,,,0,15,,347053,21,,,0,54,,347048,21,,,0,31,,347050,21,,,0,16,,347022,21,,,0,55,,347046,21,,,0,17,,16212,21,,,0,16,,347043,21,,,0,57,,347052,21,,,0,13,,347036,21,,,0,15,,347054,21,,,0,15,,219134,21,,,0,15,,295628,21,,,0,55,,347059,21,,,0,15,,347065,21,,,0,28,,347026,21,,,0,66,,347031,21,,,0,30,,347034,21,,,0,70,,347067,21,,,0,30,,347035,21,,,0,70,,347055,21,,,0,30,,159225,21,,,0
7401,'7',611,,347085,21,,,0,24,,347068,21,,,0,19,,347092,21,,,0,56,,347086,21,,,0,15,,347075,21,,,0,13,,347071,21,,,0,14,,347072,21,,,0,56,,347105,21,,,0,16,,347106,21,,,0,14,,347104,21,,,0,15,,347087,21,,,0,57,,285211,21,,,0,15,,347076,21,,,0,14,,267339,21,,,0,15,,288246,21,,,0,56,,347093,21,,,0,15,,347089,21,,,0,15,,248804,21,,,0,15,,287157,21,,,0,54,,347079,21,,,0,15,,347113,21,,,0,15,,347084,21,,,0,15,,347088,21,,,0,55,,347109,21,,,0,15,,347102,21,,,0,15,,274501,21,,,0,15,,280556,21,,,0,55,,347095,21,,,0,15,,347111,21,,,0,15,,347070,21,,,0,15,,347107,21,,,0,55,,227627,21,,,0,15,,347077,21,,,0,15,,347090,21,,,0,15,,347100,21,,,0,54,,347096,21,,,0,31,,347098,21,,,0,16,,347069,21,,,0,55,,347094,21,,,0,17,,347091,21,,,0,16,,280080,21,,,0,57,,347099,21,,,0,13,,347083,21,,,0,15,,276265,21,,,0,15,,347112,21,,,0,15,,347097,21,,,0,55,,347103,21,,,0,15,,347110,21,,,0,28,,347074,21,,,0,66,,347078,21,,,0,30,,347081,21,,,0,70,,347114,21,,,0,30,,347082,21,,,0,70,,285213,21,,,0,30,,347080,21,,,0
7401,'8',1004,,347131,21,,,0,31,,347120,21,,,0,70,,347122,21,,,0,30,,347124,21,,,0,70,,347121,21,,,0,30,,347126,21,,,0,70,,347115,21,,,0,30,,347119,21,,,0,70,,347116,21,,,0,30,,347127,21,,,0,70,,347130,21,,,0,30,,347138,21,,,0,70,,347140,21,,,0,29,,347136,21,,,0,70,,347129,21,,,0
7401,'9',611,,347158,21,,,0,24,,347141,21,,,0,19,,347164,21,,,0,56,,347159,21,,,0,15,,347147,21,,,0,13,,347143,21,,,0,14,,347144,21,,,0,56,,347181,21,,,0,16,,347182,21,,,0,14,,347180,21,,,0,15,,277305,21,,,0,57,,347171,21,,,0,15,,347148,21,,,0,14,,347161,21,,,0,15,,347157,21,,,0,56,,347165,21,,,0,15,,347160,21,,,0,15,,347176,21,,,0,15,,347150,21,,,0,54,,347152,21,,,0,15,,205087,21,,,0,15,,208074,21,,,0,15,,201078,21,,,0,55,,233299,21,,,0,15,,347178,21,,,0,15,,347169,21,,,0,15,,347153,21,,,0,55,,347167,21,,,0,15,,210197,21,,,0,15,,221169,21,,,0,15,,347183,21,,,0,55,,347186,21,,,0,15,,347149,21,,,0,15,,347162,21,,,0,15,,347173,21,,,0,54,,347168,21,,,0,31,,347170,21,,,0,16,,347142,21,,,0,55,,347166,21,,,0,17,,15480,21,,,0,16,,347163,21,,,0,57,,347172,21,,,0,13,,347156,21,,,0,15,,347174,21,,,0,15,,219079,21,,,0,15,,295623,21,,,0,55,,347179,21,,,0,15,,347185,21,,,0,28,,347146,21,,,0,66,,347151,21,,,0,30,,347154,21,,,0,70,,347187,21,,,0,30,,347155,21,,,0,70,,347175,21,,,0,30,,159127,21,,,0
7500,'1',340,,347205,6,,,0,66,,347251,6,,,0,30,,347231,6,0,15 16,0,73,,347219,6,0,15 16,0,28,,347230,6,0,15 16,0,15,,347201,6,0,15 16,0,61,,347243,27,0,15 16,0,15,,347190,6,0,15 16,0,18,,347252,27,0,15 16,0,7,,347233,6,0,15 16,0,6,,347223,6,0,15 16,0,49,,347255,6,0,15 16,0,7,,347239,27,0,15 16,0,9,,347206,6,0,15 16,0,4,,347218,27,0,15 16,0,10,,347256,6,0,15 16,0,7,,347227,27,0,15 16,0,10,,235165,6,0,15 16,0,45,,347192,6,0,15 16,0,11,,294586,27,0,15 16,0,8,,208460,6,0,15 16,0,10,,347246,6,0,15 16,0,4,,347235,27,0,15 16,0,20,,347203,27,0,15 16,0,59,,215753,27,0,15 16,0,17,,347221,27,0,15 16,0,12,,146530,27,0,15 16,0,12,,347213,27,0,15 16,0,54,,347217,27,0,15 16,0,15,,347242,27,0,15 16,0,15,,347209,27,0,15 16,0,15,,347212,27,0,15 16,0,55,,347214,27,0,15 16,0,15,,347224,27,0,15 16,0,15,,347232,27,0,15 16,0,15,,347250,27,0,15 16,0,55,,162970,27,0,15 16,0,15,,347197,27,0,15 16,0,15,,347262,27,0,15 16,0,15,,347236,27,0,15 16,0,55,,347211,27,0,15 16,0,15,,347216,6,0,15 16,0,15,,347238,27,0,15 16,0,15,,347259,6,0,15 16,0,55,,347258,27,0,15 16,0,15,,347261,6,0,15 16,0,15,,347240,27,0,15 16,0,14,,347199,6,0,15 16,0,56,,347220,27,0,15 16,0,16,,347247,6,0,15 16,0,20,,121967,27,0,15 16,0,16,,347189,6,0,15 16,0,58,,347245,27,0,15 16,0,13,,276414,6,0,15 16,0,15,,347260,27,0,15 16,0,12,,347226,6,0,15 16,0,57,,208420,27,0,15 16,0,12,,347215,6,0,15 16,0,18,,347234,27,0,15 16,0,12,,347196,6,0,15 16,0,53,,347195,27,0,15 16,0,15,,347198,6,0,15 16,0,15,,147422,27,0,15 16,0,14,,347222,6,0,15 16,0,57,,347241,27,0,15 16,0,15,,347207,6,0,15 16,0,19,,347229,27,0,15 16,0,56,,347257,6,0,15 16,0,16,,347263,27,0,15 16,0,18,,347225,6,0,15 16,0,13,,347228,27,0,15 16,0,55,,347244,6,0,15 16,0,16,,347194,27,0,15 16,0,14,,347193,6,0,15 16,0,14,,347200,27,0,15 16,0,56,,197375,6,0,15 16,0,13,,347208,27,0,15 16,0,15,,262297,6,0,15 16,0,15,,347248,27,0,15 16,0,55,,347253,6,0,15 16,0,14,,347237,27,0,15 16,0,21,,347204,6,0,15 16,0,70,,281282,6,0,15 16,0,30,,347188,6,,,0,69,,347254,6,,,0,29,,347249,6,,,0,69,,347202,6,,,0,30,,347191,6,,,0,80,,347210,6,,,0
7500,'10',336,,347328,6,,,0,70,,347296,6,,,0,30,,125037,6,,,0,70,,347284,6,,,0,32,,347302,6,0,15 16,0,68,,347275,6,0,15 16,0,20,,347307,6,0,15 16,0,20,,347313,6,0,15 16,0,58,,347320,6,0,15 16,0,18,,347292,6,0,15 16,0,17,,227117,27,0,15 16,0,13,,347324,6,0,15 16,0,55,,347305,6,0,15 16,0,15,,347326,6,0,15 16,0,17,,347317,27,0,15 16,0,14,,347314,6,0,15 16,0,56,,347329,27,0,15 16,0,14,,347323,6,0,15 16,0,18,,347311,27,0,15 16,0,12,,347274,6,0,15 16,0,56,,119839,27,0,15 16,0,14,,226344,6,0,15 16,0,17,,347278,27,0,15 16,0,13,,347291,6,0,15 16,0,57,,347321,27,0,15 16,0,13,,347281,6,0,15 16,0,17,,215097,27,0,15 16,0,13,,347303,6,0,15 16,0,57,,347322,27,0,15 16,0,13,,347289,6,0,15 16,0,17,,347273,27,0,15 16,0,15,,347294,27,0,15 16,0,55,,347295,27,0,15 16,0,15,,347304,27,0,15 16,0,15,,226343,27,0,15 16,0,13,,347300,6,0,15 16,0,57,,347327,27,0,15 16,0,13,,347267,6,0,15 16,0,17,,347269,27,0,15 16,0,13,,347293,6,0,15 16,0,57,,347277,27,0,15 16,0,13,,347306,6,0,15 16,0,17,,142983,27,0,15 16,0,13,,347270,6,0,15 16,0,57,,347301,27,0,15 16,0,15,,347285,27,0,15 16,0,15,,248326,27,0,15 16,0,15,,218579,27,0,15 16,0,55,,347319,27,0,15 16,0,13,,347282,6,0,15 16,0,17,,347287,27,0,15 16,0,10,,215843,6,0,15 16,0,56,,347288,27,0,15 16,0,13,,286896,6,0,15 16,0,17,,347316,27,0,15 16,0,13,,347318,6,0,15 16,0,57,,347299,27,0,15 16,0,13,,293118,6,0,15 16,0,17,,347271,27,0,15 16,0,13,,347315,6,0,15 16,0,57,,216589,27,0,15 16,0,13,,347312,6,0,15 16,0,17,,250815,27,0,15 16,0,12,,347310,6,0,15 16,0,58,,347298,27,0,15 16,0,12,,347265,6,0,15 16,0,17,,347297,27,0,15 16,0,13,,221270,6,0,15 16,0,57,,347264,27,0,15 16,0,13,,347290,6,0,15 16,0,17,,347276,27,0,15 16,0,13,,347266,6,0,15 16,0,57,,347279,27,0,15 16,0,13,,347325,6,0,15 16,0,15,,347309,6,0,15 16,0,15,,347272,6,0,15 16,0,55,,347268,6,0,15 16,0,15,,254993,6,0,15 16,0,26,,347308,6,0,15 16,0,70,,347283,6,0,15 16,0,30,,347280,6,,,0,70,,347286,6,,,0,30,,347330,6,,,0,70,,286149,6,,,0
7500,'11',340,,347353,6,,,0,66,,347363,6,,,0,30,,347391,6,0,15 16,0,73,,347345,6,0,15 16,0,28,,347373,6,0,15 16,0,15,,141732,6,0,15 16,0,61,,347348,27,0,15 16,0,15,,194786,6,0,15 16,0,18,,347382,27,0,15 16,0,7,,347390,6,0,15 16,0,47,,217670,6,0,15 16,0,8,,347349,6,0,15 16,0,7,,347357,27,0,15 16,0,9,,347383,6,0,15 16,0,6,,347362,27,0,15 16,0,8,,347343,6,0,15 16,0,7,,347340,27,0,15 16,0,8,,347374,6,0,15 16,0,47,,347331,6,0,15 16,0,11,,347344,27,0,15 16,0,7,,347394,6,0,15 16,0,9,,347399,6,0,15 16,0,6,,347359,27,0,15 16,0,19,,347389,27,0,15 16,0,60,,347380,27,0,15 16,0,17,,347378,27,0,15 16,0,12,,347352,27,0,15 16,0,12,,347356,27,0,15 16,0,54,,347332,27,0,15 16,0,15,,347402,27,0,15 16,0,15,,347339,27,0,15 16,0,15,,347346,27,0,15 16,0,55,,347385,27,0,15 16,0,15,,347364,27,0,15 16,0,15,,347388,27,0,15 16,0,70,,347381,27,0,15 16,0,15,,347398,27,0,15 16,0,15,,270980,27,0,15 16,0,15,,347397,27,0,15 16,0,55,,347401,27,0,15 16,0,30,,347392,27,0,15 16,0,15,,347334,6,0,15 16,0,70,,347365,6,0,15 16,0,15,,347361,27,0,15 16,0,15,,201244,6,0,15 16,0,55,,347358,27,0,15 16,0,36,,347370,27,0,15 16,0,16,,347377,6,0,15 16,0,60,,347338,27,0,15 16,0,12,,347341,6,0,15 16,0,14,,347393,27,0,15 16,0,14,,347387,6,0,15 16,0,54,,347386,27,0,15 16,0,31,,347367,27,0,15 16,0,12,,347347,6,0,15 16,0,53,,347403,27,0,15 16,0,15,,347372,6,0,15 16,0,15,,347369,27,0,15 16,0,14,,347351,6,0,15 16,0,57,,347355,27,0,15 16,0,15,,347395,6,0,15 16,0,19,,347333,27,0,15 16,0,56,,347350,6,0,15 16,0,16,,264776,27,0,15 16,0,18,,347376,6,0,15 16,0,13,,93426,27,0,15 16,0,55,,347337,6,0,15 16,0,16,,347400,27,0,15 16,0,14,,347375,6,0,15 16,0,14,,245239,27,0,15 16,0,56,,243479,6,0,15 16,0,13,,206927,27,0,15 16,0,15,,347336,6,0,15 16,0,15,,347360,27,0,15 16,0,55,,347366,6,0,15 16,0,14,,347379,27,0,15 16,0,21,,347368,6,0,15 16,0,70,,347396,6,0,15 16,0,30,,347371,6,,,0,69,,347384,6,,,0,29,,347354,6,,,0,69,,347342,6,,,0,30,,347335,6,,,0,80,,205236,6,,,0
7500,'12',342,,347428,6,,,0,71,,347404,6,,,0,30,,347425,6,,,0,70,,347413,6,,,0,30,,347410,6,,,0,70,,347441,6,,,0,30,,347456,6,,,0,60,,347420,6,,,0,26,,347452,27,0,15 16,0,30,,347454,6,0,15 16,0,70,,347438,27,0,15 16,0,15,,347427,6,0,15 16,0,15,,211078,6,0,15 16,0,55,,347457,6,0,15 16,0,15,,347462,27,0,15 16,0,15,,347415,6,0,15 16,0,15,,347423,27,0,15 16,0,56,,347460,6,0,15 16,0,15,,347465,27,0,15 16,0,15,,347461,6,0,15 16,0,55,,347466,27,0,15 16,0,15,,347470,6,0,15 16,0,15,,347430,27,0,15 16,0,15,,347409,6,0,15 16,0,55,,347408,27,0,15 16,0,15,,347435,6,0,15 16,0,15,,347417,27,0,15 16,0,15,,347437,6,0,15 16,0,55,,347448,27,0,15 16,0,15,,277270,6,0,15 16,0,15,,232339,27,0,15 16,0,15,,347443,6,0,15 16,0,55,,347442,27,0,15 16,0,15,,347421,6,0,15 16,0,15,,347469,27,0,15 16,0,15,,347439,6,0,15 16,0,55,,347445,27,0,15 16,0,15,,347446,6,0,15 16,0,15,,347455,27,0,15 16,0,15,,347406,6,0,15 16,0,55,,257124,27,0,15 16,0,15,,347407,6,0,15 16,0,15,,347458,27,0,15 16,0,15,,347424,6,0,15 16,0,13,,347467,27,0,15 16,0,57,,347412,6,0,15 16,0,15,,347405,27,0,15 16,0,15,,347436,6,0,15 16,0,55,,347432,27,0,15 16,0,15,,347453,6,0,15 16,0,15,,347463,27,0,15 16,0,15,,247447,6,0,15 16,0,55,,347444,6,0,15 16,0,15,,347449,6,0,15 16,0,15,,347419,27,0,15 16,0,15,,347429,6,0,15 16,0,55,,139359,6,0,15 16,0,15,,233267,6,0,15 16,0,15,,347422,6,0,15 16,0,15,,347451,6,0,15 16,0,55,,347459,6,0,15 16,0,15,,347433,6,0,15 16,0,15,,347468,6,0,15 16,0,15,,347416,6,0,15 16,0,55,,347414,6,0,15 16,0,14,,347440,6,0,15 16,0,15,,347464,6,0,15 16,0,15,,347434,6,,,0,70,,347426,6,,,0,30,,347411,6,,,0,70,,347431,6,,,0,30,,347450,6,,,0,70,,151852,6,,,0,30,,347447,6,,,0,70,,347418,6,,,0,30,,243884,6,,,0
7500,'13',340,,347493,6,,,0,66,,347503,6,,,0,30,,347531,6,0,15 16,0,73,,347485,6,0,15 16,0,28,,347513,6,0,15 16,0,15,,141291,6,0,15 16,0,61,,347488,27,0,15 16,0,15,,194091,6,0,15 16,0,18,,347522,27,0,15 16,0,7,,347530,6,0,15 16,0,47,,217735,6,0,15 16,0,8,,347489,6,0,15 16,0,7,,347497,27,0,15 16,0,9,,347523,6,0,15 16,0,6,,347502,27,0,15 16,0,8,,347483,6,0,15 16,0,7,,347480,27,0,15 16,0,8,,347514,6,0,15 16,0,47,,347471,6,0,15 16,0,11,,347484,27,0,15 16,0,7,,347534,6,0,15 16,0,9,,347539,6,0,15 16,0,6,,347499,27,0,15 16,0,19,,347529,27,0,15 16,0,60,,347520,27,0,15 16,0,17,,347518,27,0,15 16,0,12,,347492,27,0,15 16,0,12,,347496,27,0,15 16,0,54,,347472,27,0,15 16,0,15,,347542,27,0,15 16,0,15,,347479,27,0,15 16,0,15,,347486,27,0,15 16,0,55,,347525,27,0,15 16,0,15,,347504,27,0,15 16,0,15,,347528,27,0,15 16,0,70,,347521,27,0,15 16,0,15,,347538,27,0,15 16,0,15,,271017,27,0,15 16,0,15,,347537,27,0,15 16,0,55,,347541,27,0,15 16,0,30,,347532,27,0,15 16,0,15,,347474,6,0,15 16,0,70,,347505,6,0,15 16,0,15,,347501,27,0,15 16,0,15,,200845,6,0,15 16,0,55,,347498,27,0,15 16,0,36,,347510,27,0,15 16,0,16,,347517,6,0,15 16,0,60,,347478,27,0,15 16,0,12,,347481,6,0,15 16,0,14,,347533,27,0,15 16,0,14,,347527,6,0,15 16,0,54,,347526,27,0,15 16,0,31,,347507,27,0,15 16,0,12,,347487,6,0,15 16,0,53,,347543,27,0,15 16,0,15,,347512,6,0,15 16,0,15,,347509,27,0,15 16,0,14,,347491,6,0,15 16,0,57,,347495,27,0,15 16,0,15,,347535,6,0,15 16,0,19,,347473,27,0,15 16,0,56,,347490,6,0,15 16,0,16,,264846,27,0,15 16,0,18,,347516,6,0,15 16,0,13,,92856,27,0,15 16,0,55,,347477,6,0,15 16,0,16,,347540,27,0,15 16,0,14,,347515,6,0,15 16,0,14,,245278,27,0,15 16,0,56,,243536,6,0,15 16,0,13,,206974,27,0,15 16,0,15,,347476,6,0,15 16,0,15,,347500,27,0,15 16,0,55,,347506,6,0,15 16,0,14,,347519,27,0,15 16,0,21,,347508,6,0,15 16,0,70,,347536,6,0,15 16,0,30,,347511,6,,,0,69,,347524,6,,,0,29,,347494,6,,,0,69,,347482,6,,,0,30,,347475,6,,,0,80,,205216,6,,,0
7500,'14',340,,347566,6,,,0,66,,347576,6,,,0,30,,347604,6,0,15 16,0,73,,347558,6,0,15 16,0,28,,347586,6,0,15 16,0,15,,141525,6,0,15 16,0,61,,347561,27,0,15 16,0,15,,194438,6,0,15 16,0,18,,347595,27,0,15 16,0,7,,347603,6,0,15 16,0,47,,217980,6,0,15 16,0,8,,347562,6,0,15 16,0,7,,347570,27,0,15 16,0,9,,347596,6,0,15 16,0,6,,347575,27,0,15 16,0,8,,347556,6,0,15 16,0,7,,347553,27,0,15 16,0,8,,347587,6,0,15 16,0,47,,347544,6,0,15 16,0,11,,347557,27,0,15 16,0,7,,347607,6,0,15 16,0,9,,347612,6,0,15 16,0,6,,347572,27,0,15 16,0,19,,347602,27,0,15 16,0,60,,347593,27,0,15 16,0,17,,347591,27,0,15 16,0,12,,347565,27,0,15 16,0,12,,347569,27,0,15 16,0,54,,347545,27,0,15 16,0,15,,347615,27,0,15 16,0,15,,347552,27,0,15 16,0,15,,347559,27,0,15 16,0,55,,347598,27,0,15 16,0,15,,347577,27,0,15 16,0,15,,347601,27,0,15 16,0,70,,347594,27,0,15 16,0,15,,347611,27,0,15 16,0,15,,271177,27,0,15 16,0,15,,347610,27,0,15 16,0,55,,347614,27,0,15 16,0,30,,347605,27,0,15 16,0,15,,347547,6,0,15 16,0,70,,347578,6,0,15 16,0,15,,347574,27,0,15 16,0,15,,201044,6,0,15 16,0,55,,347571,27,0,15 16,0,36,,347583,27,0,15 16,0,16,,347590,6,0,15 16,0,60,,347551,27,0,15 16,0,12,,347554,6,0,15 16,0,14,,347606,27,0,15 16,0,14,,347600,6,0,15 16,0,54,,347599,27,0,15 16,0,31,,347580,27,0,15 16,0,12,,347560,6,0,15 16,0,53,,347616,27,0,15 16,0,15,,347585,6,0,15 16,0,15,,347582,27,0,15 16,0,14,,347564,6,0,15 16,0,57,,347568,27,0,15 16,0,15,,347608,6,0,15 16,0,19,,347546,27,0,15 16,0,56,,347563,6,0,15 16,0,16,,265159,27,0,15 16,0,18,,347589,6,0,15 16,0,13,,93142,27,0,15 16,0,55,,347550,6,0,15 16,0,16,,347613,27,0,15 16,0,14,,347588,6,0,15 16,0,14,,245425,27,0,15 16,0,56,,243764,6,0,15 16,0,13,,207149,27,0,15 16,0,15,,347549,6,0,15 16,0,15,,347573,27,0,15 16,0,55,,347579,6,0,15 16,0,14,,347592,27,0,15 16,0,21,,347581,6,0,15 16,0,70,,347609,6,0,15 16,0,30,,347584,6,,,0,69,,347597,6,,,0,29,,347567,6,,,0,69,,347555,6,,,0,30,,347548,6,,,0,80,,205220,6,,,0
7500,'15',342,,227337,6,,,0,71,,347617,6,,,0,30,,347635,6,,,0,70,,347625,6,,,0,30,,347621,6,,,0,70,,347647,6,,,0,30,,347662,6,,,0,60,,347633,6,,,0,26,,347658,27,0,15 16,0,30,,347660,6,0,15 16,0,70,,274019,27,0,15 16,0,15,,347637,6,0,15 16,0,15,,347638,6,0,15 16,0,55,,347664,6,0,15 16,0,15,,347668,27,0,15 16,0,15,,347627,6,0,15 16,0,15,,216045,27,0,15 16,0,56,,287818,6,0,15 16,0,15,,347671,27,0,15 16,0,15,,347667,6,0,15 16,0,55,,347674,27,0,15 16,0,15,,347678,6,0,15 16,0,15,,347640,27,0,15 16,0,15,,275909,6,0,15 16,0,55,,250958,27,0,15 16,0,15,,347643,6,0,15 16,0,15,,347630,27,0,15 16,0,15,,347645,6,0,15 16,0,55,,260845,27,0,15 16,0,15,,347622,6,0,15 16,0,15,,347663,27,0,15 16,0,15,,347649,6,0,15 16,0,55,,347648,27,0,15 16,0,15,,210779,6,0,15 16,0,15,,347677,27,0,15 16,0,15,,347646,6,0,15 16,0,55,,347652,27,0,15 16,0,15,,347653,6,0,15 16,0,15,,347661,27,0,15 16,0,15,,347619,6,0,15 16,0,55,,347651,27,0,15 16,0,15,,347620,6,0,15 16,0,15,,347665,27,0,15 16,0,15,,234040,6,0,15 16,0,13,,347675,27,0,15 16,0,57,,208753,6,0,15 16,0,15,,347618,27,0,15 16,0,15,,347644,6,0,15 16,0,55,,347642,27,0,15 16,0,15,,347659,6,0,15 16,0,15,,347669,27,0,15 16,0,15,,347672,6,0,15 16,0,55,,347650,6,0,15 16,0,15,,347655,6,0,15 16,0,15,,347632,27,0,15 16,0,15,,347639,6,0,15 16,0,55,,347679,6,0,15 16,0,15,,347624,6,0,15 16,0,15,,347634,6,0,15 16,0,15,,347657,6,0,15 16,0,55,,347666,6,0,15 16,0,15,,242767,6,0,15 16,0,15,,347676,6,0,15 16,0,15,,347629,6,0,15 16,0,55,,347626,6,0,15 16,0,14,,159851,6,0,15 16,0,15,,347670,6,0,15 16,0,15,,261830,6,,,0,70,,347636,6,,,0,30,,347623,6,,,0,70,,347641,6,,,0,30,,347656,6,,,0,70,,347673,6,,,0,30,,347654,6,,,0,70,,347631,6,,,0,30,,347628,6,,,0
7500,'16',336,,347750,6,,,0,70,,347710,6,,,0,30,,347749,6,,,0,70,,49653,6,,,0,32,,347718,6,0,15 16,0,68,,347689,6,0,15 16,0,20,,347723,6,0,15 16,0,20,,347731,6,0,15 16,0,58,,347742,6,0,15 16,0,18,,347704,6,0,15 16,0,17,,347712,27,0,15 16,0,13,,250494,6,0,15 16,0,55,,347721,6,0,15 16,0,15,,347746,6,0,15 16,0,17,,347737,27,0,15 16,0,14,,347733,6,0,15 16,0,56,,347751,27,0,15 16,0,14,,347745,6,0,15 16,0,18,,347728,27,0,15 16,0,12,,347688,6,0,15 16,0,56,,347692,27,0,15 16,0,14,,347739,6,0,15 16,0,17,,347693,27,0,15 16,0,13,,347703,6,0,15 16,0,57,,347743,27,0,15 16,0,13,,347695,6,0,15 16,0,17,,347753,27,0,15 16,0,13,,347719,6,0,15 16,0,57,,347744,27,0,15 16,0,13,,347701,6,0,15 16,0,17,,347687,27,0,15 16,0,15,,223231,27,0,15 16,0,55,,347709,27,0,15 16,0,15,,347720,27,0,15 16,0,15,,347730,27,0,15 16,0,13,,347715,6,0,15 16,0,57,,347747,27,0,15 16,0,13,,347682,6,0,15 16,0,17,,347683,27,0,15 16,0,13,,347706,6,0,15 16,0,57,,347691,27,0,15 16,0,13,,347722,6,0,15 16,0,17,,347705,27,0,15 16,0,13,,347684,6,0,15 16,0,57,,347717,27,0,15 16,0,15,,245441,27,0,15 16,0,15,,347708,27,0,15 16,0,15,,347707,27,0,15 16,0,55,,347741,27,0,15 16,0,13,,347697,6,0,15 16,0,17,,347700,27,0,15 16,0,10,,347738,6,0,15 16,0,56,,277219,27,0,15 16,0,13,,347696,6,0,15 16,0,17,,347736,27,0,15 16,0,13,,288865,6,0,15 16,0,57,,347714,27,0,15 16,0,13,,347734,6,0,15 16,0,17,,347685,27,0,15 16,0,13,,347735,6,0,15 16,0,57,,347716,27,0,15 16,0,13,,347729,6,0,15 16,0,17,,347740,27,0,15 16,0,12,,347727,6,0,15 16,0,58,,347713,27,0,15 16,0,12,,347680,6,0,15 16,0,17,,347711,27,0,15 16,0,13,,347724,6,0,15 16,0,57,,225888,27,0,15 16,0,13,,347702,6,0,15 16,0,17,,347690,27,0,15 16,0,13,,347681,6,0,15 16,0,57,,347694,27,0,15 16,0,13,,213455,6,0,15 16,0,15,,347726,6,0,15 16,0,15,,347686,6,0,15 16,0,55,,125142,6,0,15 16,0,15,,347732,6,0,15 16,0,26,,347725,6,0,15 16,0,70,,347698,6,0,15 16,0,30,,269653,6,,,0,70,,347699,6,,,0,30,,347752,6,,,0,70,,347748,6,,,0
7500,'2',340,,347775,6,,,0,66,,347784,6,,,0,30,,347809,6,0,15 16,0,73,,347769,6,0,15 16,0,28,,347792,6,0,15 16,0,15,,347797,6,0,15 16,0,61,,347772,27,0,15 16,0,15,,347754,6,0,15 16,0,18,,347802,27,0,15 16,0,7,,347808,6,0,15 16,0,47,,347795,6,0,15 16,0,8,,347773,6,0,15 16,0,7,,347778,27,0,15 16,0,9,,347803,6,0,15 16,0,6,,347783,27,0,15 16,0,8,,347766,6,0,15 16,0,7,,347763,27,0,15 16,0,8,,252997,6,0,15 16,0,47,,251724,6,0,15 16,0,11,,347768,27,0,15 16,0,7,,206751,6,0,15 16,0,9,,212653,6,0,15 16,0,6,,347779,27,0,15 16,0,19,,347807,27,0,15 16,0,60,,347800,27,0,15 16,0,17,,347798,27,0,15 16,0,12,,347774,27,0,15 16,0,12,,347777,27,0,15 16,0,54,,347755,27,0,15 16,0,15,,169435,27,0,15 16,0,15,,347762,27,0,15 16,0,15,,347770,27,0,15 16,0,55,,347804,27,0,15 16,0,15,,347786,27,0,15 16,0,15,,347806,27,0,15 16,0,70,,347801,27,0,15 16,0,15,,281944,27,0,15 16,0,15,,347811,27,0,15 16,0,15,,267889,27,0,15 16,0,55,,276390,27,0,15 16,0,30,,39127,27,0,15 16,0,15,,267402,6,0,15 16,0,70,,347787,6,0,15 16,0,15,,347781,27,0,15 16,0,15,,347767,6,0,15 16,0,55,,249526,27,0,15 16,0,36,,285289,27,0,15 16,0,16,,347796,6,0,15 16,0,60,,347761,27,0,15 16,0,12,,347764,6,0,15 16,0,14,,347810,27,0,15 16,0,14,,266253,6,0,15 16,0,54,,347805,27,0,15 16,0,31,,347789,27,0,15 16,0,12,,347771,6,0,15 16,0,53,,250741,27,0,15 16,0,15,,347791,6,0,15 16,0,15,,238057,27,0,15 16,0,14,,203910,6,0,15 16,0,57,,261004,27,0,15 16,0,15,,347813,6,0,15 16,0,19,,347756,27,0,15 16,0,56,,287996,6,0,15 16,0,16,,347793,27,0,15 16,0,18,,347794,6,0,15 16,0,13,,347759,27,0,15 16,0,55,,347760,6,0,15 16,0,16,,347815,27,0,15 16,0,14,,125494,6,0,15 16,0,14,,347812,27,0,15 16,0,56,,347782,6,0,15 16,0,13,,347788,27,0,15 16,0,15,,347758,6,0,15 16,0,15,,347780,27,0,15 16,0,55,,220726,6,0,15 16,0,14,,347799,27,0,15 16,0,21,,347790,6,0,15 16,0,70,,347814,6,0,15 16,0,30,,228505,6,,,0,69,,256096,6,,,0,29,,347776,6,,,0,69,,347765,6,,,0,30,,347757,6,,,0,80,,347785,6,,,0
7500,'3',340,,347838,6,,,0,66,,347848,6,,,0,30,,347879,6,0,15 16,0,73,,347831,6,0,15 16,0,28,,347860,6,0,15 16,0,15,,347867,6,0,15 16,0,61,,347833,27,0,15 16,0,15,,347816,6,0,15 16,0,18,,224218,27,0,15 16,0,7,,347878,6,0,15 16,0,47,,347865,6,0,15 16,0,8,,347834,6,0,15 16,0,7,,347842,27,0,15 16,0,9,,347872,6,0,15 16,0,6,,290312,27,0,15 16,0,8,,347828,6,0,15 16,0,7,,347825,27,0,15 16,0,8,,347861,6,0,15 16,0,47,,347817,6,0,15 16,0,11,,347830,27,0,15 16,0,7,,347882,6,0,15 16,0,9,,347888,6,0,15 16,0,6,,347844,27,0,15 16,0,19,,347877,27,0,15 16,0,60,,347870,27,0,15 16,0,17,,347868,27,0,15 16,0,12,,347837,27,0,15 16,0,12,,347841,27,0,15 16,0,54,,347818,27,0,15 16,0,15,,347891,27,0,15 16,0,15,,347824,27,0,15 16,0,15,,347832,27,0,15 16,0,55,,223745,27,0,15 16,0,15,,347850,27,0,15 16,0,15,,347876,27,0,15 16,0,70,,347871,27,0,15 16,0,15,,347887,27,0,15 16,0,15,,347883,27,0,15 16,0,15,,347886,27,0,15 16,0,55,,347890,27,0,15 16,0,30,,347880,27,0,15 16,0,15,,347819,6,0,15 16,0,70,,347851,6,0,15 16,0,15,,347846,27,0,15 16,0,15,,347829,6,0,15 16,0,55,,347843,27,0,15 16,0,36,,347857,27,0,15 16,0,16,,347866,6,0,15 16,0,60,,347823,27,0,15 16,0,12,,347826,6,0,15 16,0,14,,347881,27,0,15 16,0,14,,347875,6,0,15 16,0,54,,347874,27,0,15 16,0,31,,347854,27,0,15 16,0,12,,216993,6,0,15 16,0,53,,347892,27,0,15 16,0,15,,347859,6,0,15 16,0,15,,347856,27,0,15 16,0,14,,347836,6,0,15 16,0,57,,347840,27,0,15 16,0,15,,35119,6,0,15 16,0,19,,228310,27,0,15 16,0,56,,347835,6,0,15 16,0,16,,347863,27,0,15 16,0,18,,347864,6,0,15 16,0,13,,347821,27,0,15 16,0,55,,347822,6,0,15 16,0,16,,347889,27,0,15 16,0,14,,347862,6,0,15 16,0,14,,347884,27,0,15 16,0,56,,347847,6,0,15 16,0,13,,347852,27,0,15 16,0,15,,347820,6,0,15 16,0,15,,347845,27,0,15 16,0,55,,347853,6,0,15 16,0,14,,347869,27,0,15 16,0,21,,347855,6,0,15 16,0,70,,347885,6,0,15 16,0,30,,347858,6,,,0,69,,347873,6,,,0,29,,347839,6,,,0,69,,347827,6,,,0,30,,251118,6,,,0,80,,347849,6,,,0
7500,'4',340,,347939,6,,,0,66,,347960,6,,,0,30,,239804,6,0,15 16,0,73,,347949,6,0,15 16,0,28,,347902,6,0,15 16,0,15,,347925,6,0,15 16,0,61,,347916,27,0,15 16,0,15,,347904,6,0,15 16,0,18,,347921,27,0,15 16,0,7,,347910,6,0,15 16,0,47,,262360,6,0,15 16,0,8,,347942,6,0,15 16,0,7,,274871,27,0,15 16,0,7,,347938,6,0,15 16,0,6,,347952,27,0,15 16,0,10,,347961,6,0,15 16,0,6,,347895,27,0,15 16,0,11,,347917,6,0,15 16,0,3,,241060,6,0,15 16,0,53,,347900,27,0,15 16,0,7,,347958,6,0,15 16,0,11,,347936,6,0,15 16,0,4,,347929,27,0,15 16,0,19,,347897,27,0,15 16,0,60,,189896,27,0,15 16,0,17,,347899,27,0,15 16,0,12,,347948,27,0,15 16,0,12,,253889,27,0,15 16,0,54,,347893,27,0,15 16,0,15,,347920,27,0,15 16,0,15,,347946,27,0,15 16,0,15,,285383,27,0,15 16,0,55,,347959,27,0,15 16,0,15,,226377,27,0,15 16,0,15,,347898,27,0,15 16,0,15,,347940,27,0,15 16,0,55,,347912,27,0,15 16,0,15,,347906,27,0,15 16,0,15,,240801,27,0,15 16,0,15,,347932,27,0,15 16,0,55,,347955,27,0,15 16,0,15,,347908,6,0,15 16,0,15,,347924,27,0,15 16,0,15,,347913,6,0,15 16,0,55,,233484,27,0,15 16,0,15,,347927,6,0,15 16,0,15,,347915,27,0,15 16,0,15,,347914,6,0,15 16,0,54,,288063,27,0,15 16,0,17,,347894,6,0,15 16,0,20,,347905,27,0,15 16,0,16,,347956,6,0,15 16,0,60,,347923,27,0,15 16,0,12,,219502,6,0,15 16,0,14,,347934,27,0,15 16,0,12,,347935,6,0,15 16,0,56,,347907,27,0,15 16,0,13,,347931,6,0,15 16,0,18,,347922,27,0,15 16,0,12,,347926,6,0,15 16,0,53,,347911,27,0,15 16,0,15,,241062,6,0,15 16,0,15,,347947,27,0,15 16,0,14,,258036,6,0,15 16,0,57,,347943,27,0,15 16,0,15,,347941,6,0,15 16,0,19,,347918,27,0,15 16,0,56,,347944,6,0,15 16,0,16,,347937,27,0,15 16,0,18,,347945,6,0,15 16,0,13,,347909,27,0,15 16,0,55,,347950,6,0,15 16,0,16,,347896,27,0,15 16,0,14,,347954,6,0,15 16,0,14,,347903,27,0,15 16,0,56,,347962,6,0,15 16,0,13,,347963,27,0,15 16,0,15,,219219,6,0,15 16,0,15,,347919,27,0,15 16,0,55,,347953,6,0,15 16,0,14,,347928,27,0,15 16,0,21,,347901,6,0,15 16,0,70,,347951,6,0,15 16,0,30,,218644,6,,,0,69,,347933,6,,,0,29,,347957,6,,,0,69,,263452,6,,,0,30,,347930,6,,,0,80,,273752,6,,,0
7500,'5',340,,347986,6,,,0,66,,347996,6,,,0,30,,348027,6,0,15 16,0,73,,347979,6,0,15 16,0,28,,348008,6,0,15 16,0,15,,348015,6,0,15 16,0,61,,347981,27,0,15 16,0,15,,347964,6,0,15 16,0,18,,224285,27,0,15 16,0,7,,348026,6,0,15 16,0,47,,348013,6,0,15 16,0,8,,347982,6,0,15 16,0,7,,347990,27,0,15 16,0,9,,348020,6,0,15 16,0,6,,290392,27,0,15 16,0,8,,347976,6,0,15 16,0,7,,347973,27,0,15 16,0,8,,348009,6,0,15 16,0,47,,347965,6,0,15 16,0,11,,347978,27,0,15 16,0,7,,348030,6,0,15 16,0,9,,348036,6,0,15 16,0,6,,347992,27,0,15 16,0,19,,348025,27,0,15 16,0,60,,348018,27,0,15 16,0,17,,348016,27,0,15 16,0,12,,347985,27,0,15 16,0,12,,347989,27,0,15 16,0,54,,347966,27,0,15 16,0,15,,348039,27,0,15 16,0,15,,347972,27,0,15 16,0,15,,347980,27,0,15 16,0,55,,223817,27,0,15 16,0,15,,347998,27,0,15 16,0,15,,348024,27,0,15 16,0,70,,348019,27,0,15 16,0,15,,348035,27,0,15 16,0,15,,348031,27,0,15 16,0,15,,348034,27,0,15 16,0,55,,348038,27,0,15 16,0,30,,348028,27,0,15 16,0,15,,347967,6,0,15 16,0,70,,347999,6,0,15 16,0,15,,347994,27,0,15 16,0,15,,347977,6,0,15 16,0,55,,347991,27,0,15 16,0,36,,348005,27,0,15 16,0,16,,348014,6,0,15 16,0,60,,347971,27,0,15 16,0,12,,347974,6,0,15 16,0,14,,348029,27,0,15 16,0,14,,348023,6,0,15 16,0,54,,348022,27,0,15 16,0,31,,348002,27,0,15 16,0,12,,217163,6,0,15 16,0,53,,348040,27,0,15 16,0,15,,348007,6,0,15 16,0,15,,348004,27,0,15 16,0,14,,347984,6,0,15 16,0,57,,347988,27,0,15 16,0,15,,207320,6,0,15 16,0,19,,228382,27,0,15 16,0,56,,347983,6,0,15 16,0,16,,348011,27,0,15 16,0,18,,348012,6,0,15 16,0,13,,347969,27,0,15 16,0,55,,347970,6,0,15 16,0,16,,348037,27,0,15 16,0,14,,348010,6,0,15 16,0,14,,348032,27,0,15 16,0,56,,347995,6,0,15 16,0,13,,348000,27,0,15 16,0,15,,347968,6,0,15 16,0,15,,347993,27,0,15 16,0,55,,348001,6,0,15 16,0,14,,348017,27,0,15 16,0,21,,348003,6,0,15 16,0,70,,348033,6,0,15 16,0,30,,348006,6,,,0,69,,348021,6,,,0,29,,347987,6,,,0,69,,347975,6,,,0,30,,251186,6,,,0,80,,347997,6,,,0
7500,'6',340,,348063,6,,,0,66,,348073,6,,,0,30,,348101,6,0,15 16,0,73,,348055,6,0,15 16,0,28,,348083,6,0,15 16,0,15,,141674,6,0,15 16,0,61,,348058,27,0,15 16,0,15,,194693,6,0,15 16,0,18,,348092,27,0,15 16,0,7,,348100,6,0,15 16,0,47,,217305,6,0,15 16,0,8,,348059,6,0,15 16,0,7,,348067,27,0,15 16,0,9,,348093,6,0,15 16,0,6,,348072,27,0,15 16,0,8,,348053,6,0,15 16,0,7,,348050,27,0,15 16,0,8,,348084,6,0,15 16,0,47,,348041,6,0,15 16,0,11,,348054,27,0,15 16,0,7,,348104,6,0,15 16,0,9,,348109,6,0,15 16,0,6,,348069,27,0,15 16,0,19,,348099,27,0,15 16,0,60,,348090,27,0,15 16,0,17,,348088,27,0,15 16,0,12,,348062,27,0,15 16,0,12,,348066,27,0,15 16,0,54,,348042,27,0,15 16,0,15,,348112,27,0,15 16,0,15,,348049,27,0,15 16,0,15,,348056,27,0,15 16,0,55,,348095,27,0,15 16,0,15,,348074,27,0,15 16,0,15,,348098,27,0,15 16,0,70,,348091,27,0,15 16,0,15,,348108,27,0,15 16,0,15,,270768,27,0,15 16,0,15,,348107,27,0,15 16,0,55,,348111,27,0,15 16,0,30,,348102,27,0,15 16,0,15,,348044,6,0,15 16,0,70,,348075,6,0,15 16,0,15,,348071,27,0,15 16,0,15,,201188,6,0,15 16,0,55,,348068,27,0,15 16,0,36,,348080,27,0,15 16,0,16,,348087,6,0,15 16,0,60,,348048,27,0,15 16,0,12,,348051,6,0,15 16,0,14,,348103,27,0,15 16,0,14,,348097,6,0,15 16,0,54,,348096,27,0,15 16,0,31,,348077,27,0,15 16,0,12,,348057,6,0,15 16,0,53,,348113,27,0,15 16,0,15,,348082,6,0,15 16,0,15,,348079,27,0,15 16,0,14,,348061,6,0,15 16,0,57,,348065,27,0,15 16,0,15,,348105,6,0,15 16,0,19,,348043,27,0,15 16,0,56,,348060,6,0,15 16,0,16,,264347,27,0,15 16,0,18,,348086,6,0,15 16,0,13,,93488,27,0,15 16,0,55,,348047,6,0,15 16,0,16,,348110,27,0,15 16,0,14,,348085,6,0,15 16,0,14,,245030,27,0,15 16,0,56,,243162,6,0,15 16,0,13,,206655,27,0,15 16,0,15,,348046,6,0,15 16,0,15,,348070,27,0,15 16,0,55,,348076,6,0,15 16,0,14,,348089,27,0,15 16,0,21,,348078,6,0,15 16,0,70,,348106,6,0,15 16,0,30,,348081,6,,,0,69,,348094,6,,,0,29,,348064,6,,,0,69,,348052,6,,,0,30,,348045,6,,,0,80,,205232,6,,,0
7500,'7',340,,348135,6,,,0,66,,348144,6,,,0,30,,348169,6,0,15 16,0,73,,348129,6,0,15 16,0,28,,348152,6,0,15 16,0,15,,348157,6,0,15 16,0,61,,348132,27,0,15 16,0,15,,348114,6,0,15 16,0,18,,348162,27,0,15 16,0,7,,348168,6,0,15 16,0,47,,348155,6,0,15 16,0,8,,348133,6,0,15 16,0,7,,348138,27,0,15 16,0,9,,348163,6,0,15 16,0,6,,348143,27,0,15 16,0,8,,348126,6,0,15 16,0,7,,348123,27,0,15 16,0,8,,252863,6,0,15 16,0,47,,251656,6,0,15 16,0,11,,348128,27,0,15 16,0,7,,206628,6,0,15 16,0,9,,212565,6,0,15 16,0,6,,348139,27,0,15 16,0,19,,348167,27,0,15 16,0,60,,348160,27,0,15 16,0,17,,348158,27,0,15 16,0,12,,348134,27,0,15 16,0,12,,348137,27,0,15 16,0,54,,348115,27,0,15 16,0,15,,169524,27,0,15 16,0,15,,348122,27,0,15 16,0,15,,348130,27,0,15 16,0,55,,348164,27,0,15 16,0,15,,348146,27,0,15 16,0,15,,348166,27,0,15 16,0,70,,348161,27,0,15 16,0,15,,281839,27,0,15 16,0,15,,348171,27,0,15 16,0,15,,267815,27,0,15 16,0,55,,276275,27,0,15 16,0,30,,200086,27,0,15 16,0,15,,267329,6,0,15 16,0,70,,348147,6,0,15 16,0,15,,348141,27,0,15 16,0,15,,348127,6,0,15 16,0,55,,249430,27,0,15 16,0,36,,285208,27,0,15 16,0,16,,348156,6,0,15 16,0,60,,348121,27,0,15 16,0,12,,348124,6,0,15 16,0,14,,348170,27,0,15 16,0,14,,266142,6,0,15 16,0,54,,348165,27,0,15 16,0,31,,348149,27,0,15 16,0,12,,348131,6,0,15 16,0,53,,250642,27,0,15 16,0,15,,348151,6,0,15 16,0,15,,237925,27,0,15 16,0,14,,98363,6,0,15 16,0,57,,260950,27,0,15 16,0,15,,348173,6,0,15 16,0,19,,348116,27,0,15 16,0,56,,287945,6,0,15 16,0,16,,348153,27,0,15 16,0,18,,348154,6,0,15 16,0,13,,348119,27,0,15 16,0,55,,348120,6,0,15 16,0,16,,348175,27,0,15 16,0,14,,125595,6,0,15 16,0,14,,348172,27,0,15 16,0,56,,348142,6,0,15 16,0,13,,348148,27,0,15 16,0,15,,348118,6,0,15 16,0,15,,348140,27,0,15 16,0,55,,220608,6,0,15 16,0,14,,348159,27,0,15 16,0,21,,348150,6,0,15 16,0,70,,348174,6,0,15 16,0,30,,228426,6,,,0,69,,255999,6,,,0,29,,348136,6,,,0,69,,348125,6,,,0,30,,348117,6,,,0,80,,348145,6,,,0
7500,'8',342,,348200,6,,,0,71,,348176,6,,,0,30,,348197,6,,,0,70,,348185,6,,,0,30,,348182,6,,,0,70,,348213,6,,,0,30,,348228,6,,,0,60,,348192,6,,,0,26,,348224,27,0,15 16,0,30,,348226,6,0,15 16,0,70,,348210,27,0,15 16,0,15,,348199,6,0,15 16,0,15,,211688,6,0,15 16,0,55,,348229,6,0,15 16,0,15,,348234,27,0,15 16,0,15,,348187,6,0,15 16,0,15,,348195,27,0,15 16,0,56,,348232,6,0,15 16,0,15,,348237,27,0,15 16,0,15,,348233,6,0,15 16,0,55,,348238,27,0,15 16,0,15,,348242,6,0,15 16,0,15,,348202,27,0,15 16,0,15,,348181,6,0,15 16,0,55,,348180,27,0,15 16,0,15,,348207,6,0,15 16,0,15,,348189,27,0,15 16,0,15,,348209,6,0,15 16,0,55,,348220,27,0,15 16,0,15,,277609,6,0,15 16,0,15,,232631,27,0,15 16,0,15,,348215,6,0,15 16,0,55,,348214,27,0,15 16,0,15,,348193,6,0,15 16,0,15,,348241,27,0,15 16,0,15,,348211,6,0,15 16,0,55,,348217,27,0,15 16,0,15,,348218,6,0,15 16,0,15,,348227,27,0,15 16,0,15,,348178,6,0,15 16,0,55,,257395,27,0,15 16,0,15,,348179,6,0,15 16,0,15,,348230,27,0,15 16,0,15,,348196,6,0,15 16,0,13,,348239,27,0,15 16,0,57,,348184,6,0,15 16,0,15,,348177,27,0,15 16,0,15,,348208,6,0,15 16,0,55,,348204,27,0,15 16,0,15,,348225,6,0,15 16,0,15,,348235,27,0,15 16,0,15,,247861,6,0,15 16,0,55,,348216,6,0,15 16,0,15,,348221,6,0,15 16,0,15,,348191,27,0,15 16,0,15,,348201,6,0,15 16,0,55,,239149,6,0,15 16,0,15,,149739,6,0,15 16,0,15,,348194,6,0,15 16,0,15,,348223,6,0,15 16,0,55,,348231,6,0,15 16,0,15,,348205,6,0,15 16,0,15,,348240,6,0,15 16,0,15,,348188,6,0,15 16,0,55,,348186,6,0,15 16,0,14,,348212,6,0,15 16,0,15,,348236,6,0,15 16,0,15,,348206,6,,,0,70,,348198,6,,,0,30,,348183,6,,,0,70,,348203,6,,,0,30,,348222,6,,,0,70,,278131,6,,,0,30,,348219,6,,,0,70,,348190,6,,,0,30,,244457,6,,,0
7500,'9',340,,348265,6,,,0,66,,348275,6,,,0,30,,348303,6,0,15 16,0,73,,348257,6,0,15 16,0,28,,348285,6,0,15 16,0,15,,141556,6,0,15 16,0,61,,348260,27,0,15 16,0,15,,194496,6,0,15 16,0,18,,348294,27,0,15 16,0,7,,348302,6,0,15 16,0,47,,217123,6,0,15 16,0,8,,348261,6,0,15 16,0,7,,348269,27,0,15 16,0,9,,348295,6,0,15 16,0,6,,348274,27,0,15 16,0,8,,348255,6,0,15 16,0,7,,348252,27,0,15 16,0,8,,348286,6,0,15 16,0,47,,348243,6,0,15 16,0,11,,348256,27,0,15 16,0,7,,348306,6,0,15 16,0,9,,348311,6,0,15 16,0,6,,348271,27,0,15 16,0,19,,348301,27,0,15 16,0,60,,348292,27,0,15 16,0,17,,348290,27,0,15 16,0,12,,348264,27,0,15 16,0,12,,348268,27,0,15 16,0,54,,348244,27,0,15 16,0,15,,348314,27,0,15 16,0,15,,348251,27,0,15 16,0,15,,348258,27,0,15 16,0,55,,348297,27,0,15 16,0,15,,348276,27,0,15 16,0,15,,348300,27,0,15 16,0,70,,348293,27,0,15 16,0,15,,348310,27,0,15 16,0,15,,270671,27,0,15 16,0,15,,348309,27,0,15 16,0,55,,348313,27,0,15 16,0,30,,348304,27,0,15 16,0,15,,348246,6,0,15 16,0,70,,348277,6,0,15 16,0,15,,348273,27,0,15 16,0,15,,201073,6,0,15 16,0,55,,348270,27,0,15 16,0,36,,348282,27,0,15 16,0,16,,348289,6,0,15 16,0,60,,348250,27,0,15 16,0,12,,348253,6,0,15 16,0,14,,348305,27,0,15 16,0,14,,348299,6,0,15 16,0,54,,348298,27,0,15 16,0,31,,348279,27,0,15 16,0,12,,348259,6,0,15 16,0,53,,348315,27,0,15 16,0,15,,348284,6,0,15 16,0,15,,348281,27,0,15 16,0,14,,348263,6,0,15 16,0,57,,348267,27,0,15 16,0,15,,348307,6,0,15 16,0,19,,348245,27,0,15 16,0,56,,348262,6,0,15 16,0,16,,264141,27,0,15 16,0,18,,348288,6,0,15 16,0,13,,92918,27,0,15 16,0,55,,348249,6,0,15 16,0,16,,348312,27,0,15 16,0,14,,348287,6,0,15 16,0,14,,244925,27,0,15 16,0,56,,243017,6,0,15 16,0,13,,206535,27,0,15 16,0,15,,348248,6,0,15 16,0,15,,348272,27,0,15 16,0,55,,348278,6,0,15 16,0,14,,348291,27,0,15 16,0,21,,348280,6,0,15 16,0,70,,348308,6,0,15 16,0,30,,348283,6,,,0,69,,348296,6,,,0,29,,348266,6,,,0,69,,348254,6,,,0,30,,348247,6,,,0,80,,205224,6,,,0
11700,'1',652,,368282,35,,,0,70,,368283,35,,,0,30,,368281,35,,,0,71,,368284,35,,,0
11700,'11',652,,368286,35,,,0,70,,368285,35,,,0,30,,368287,35,,,0,70,,368288,35,,,0
11700,'13',652,,368290,35,,,0,70,,368289,35,,,0,30,,368291,35,,,0,70,,368292,35,,,0
11700,'14',652,,368294,35,,,0,70,,368293,35,,,0,30,,368295,35,,,0,70,,368296,35,,,0
11700,'2',652,,368298,35,,,0,70,,368297,35,,,0,30,,176600,35,,,0,70,,212126,35,,,0
11700,'3',652,,368299,35,,,0,70,,262730,35,,,0,30,,368300,35,,,0,70,,368301,35,,,0
11700,'4',652,,368303,35,,,0,97,,368304,35,,,0,74,,368302,35,,,0
11700,'5',652,,368305,35,,,0,70,,262922,35,,,0,30,,368306,35,,,0,70,,368307,35,,,0
11700,'6',652,,368309,35,,,0,70,,368308,35,,,0,30,,368310,35,,,0,70,,368311,35,,,0
11700,'7',652,,368313,35,,,0,70,,368312,35,,,0,30,,176663,35,,,0,70,,212050,35,,,0
11700,'9',652,,368315,35,,,0,70,,368314,35,,,0,30,,368316,35,,,0,70,,368317,35,,,0
18700,'1',653,,373348,21,,,0,70,,238125,21,,,0,29,,373347,21,,,0,72,,373349,21,,,0
18700,'11',653,,373350,21,,,0,70,,373351,21,,,0,29,,230271,21,,,0,71,,278869,21,,,0
18700,'13',653,,373352,21,,,0,70,,373353,21,,,0,29,,230301,21,,,0,71,,278920,21,,,0
18700,'14',653,,373354,21,,,0,70,,373355,21,,,0,29,,230417,21,,,0,71,,279097,21,,,0
18700,'2',653,,289613,21,,,0,70,,373358,21,,,0,29,,373357,21,,,0,71,,373356,21,,,0
18700,'3',653,,373359,21,,,0,70,,373362,21,,,0,29,,373361,21,,,0,71,,373360,21,,,0
18700,'4',651,,373364,21,,,0,72,,373363,21,,,0,100,,223044,21,,,0
18700,'5',653,,373365,21,,,0,70,,373368,21,,,0,29,,373367,21,,,0,71,,373366,21,,,0
18700,'6',653,,373369,21,,,0,70,,373370,21,,,0,29,,230108,21,,,0,71,,278557,21,,,0
18700,'7',653,,289566,21,,,0,70,,373373,21,,,0,29,,373372,21,,,0,71,,373371,21,,,0
18700,'9',653,,373374,21,,,0,70,,373375,21,,,0,29,,230026,21,,,0,71,,278421,21,,,0
27500,'1',606,,375544,27,4,,0,27,,234343,27,4,,0,71,,375545,27,4,,0,25,,375546,27,4,,0,74,,375542,27,4,,0,45,,375543,27,4,,0
27500,'11',606,,256932,27,4,,0,27,,259010,27,4,,0,71,,375550,27,4,,0,25,,375547,27,4,,0,74,,375548,27,4,,0,45,,375549,27,4,,0
27500,'13',606,,256957,27,4,,0,27,,259056,27,4,,0,71,,375554,27,4,,0,25,,375551,27,4,,0,74,,375552,27,4,,0,45,,375553,27,4,,0
27500,'14',606,,257058,27,4,,0,27,,259274,27,4,,0,71,,375558,27,4,,0,25,,375555,27,4,,0,74,,375556,27,4,,0,45,,375557,27,4,,0
27500,'2',606,,375561,27,4,,0,27,,375559,27,4,,0,71,,375562,27,4,,0,25,,274635,27,4,,0,74,,245068,27,4,,0,45,,375560,27,4,,0
27500,'3',606,,375567,27,4,,0,27,,375564,27,4,,0,71,,211942,27,4,,0,25,,375563,27,4,,0,74,,375565,27,4,,0,45,,375566,27,4,,0
27500,'4',606,,123793,27,4,,0,27,,375571,27,4,,0,71,,375570,27,4,,0,25,,375569,27,4,,0,74,,375568,27,4,,0,45,,122787,27,4,,0
27500,'5',606,,375576,27,4,,0,27,,375573,27,4,,0,71,,212022,27,4,,0,25,,375572,27,4,,0,74,,375574,27,4,,0,45,,375575,27,4,,0
27500,'6',606,,256794,27,4,,0,27,,258697,27,4,,0,71,,375580,27,4,,0,25,,375577,27,4,,0,74,,375578,27,4,,0,45,,375579,27,4,,0
27500,'7',606,,375583,27,4,,0,27,,375581,27,4,,0,71,,375584,27,4,,0,25,,274470,27,4,,0,74,,244971,27,4,,0,45,,375582,27,4,,0
27500,'9',606,,256728,27,4,,0,27,,258550,27,4,,0,71,,375588,27,4,,0,25,,375585,27,4,,0,74,,375586,27,4,,0,45,,375587,27,4,,0
27700,'1',618,,207502,21,4,,0,30,,257904,21,4,,0,69,,375644,21,4,,0,34,,375646,21,4,,0,69,,375645,21,4,,0,84,,375647,21,4,,0
27700,'11',618,,375649,21,4,,0,30,,375648,21,4,,0,70,,375650,21,4,,0,33,,375651,21,4,,0,69,,375653,21,4,,0,84,,375652,21,4,,0
27700,'13',618,,375655,21,4,,0,30,,375654,21,4,,0,70,,375656,21,4,,0,33,,375657,21,4,,0,69,,375659,21,4,,0,84,,375658,21,4,,0
27700,'14',618,,375661,21,4,,0,30,,375660,21,4,,0,70,,375662,21,4,,0,33,,375663,21,4,,0,69,,375665,21,4,,0,84,,375664,21,4,,0
27700,'2',618,,375666,21,4,,0,30,,278631,21,4,,0,70,,375667,21,4,,0,33,,375668,21,4,,0,69,,375670,21,4,,0,84,,375669,21,4,,0
27700,'3',618,,375672,21,4,,0,30,,375671,21,4,,0,70,,375673,21,4,,0,33,,375674,21,4,,0,69,,375675,21,4,,0,84,,220476,21,4,,0
27700,'4',618,,291555,21,4,,0,100,,281370,21,4,,0,102,,213237,21,4,,0,84,,375676,21,4,,0
27700,'5',618,,375678,21,4,,0,30,,375677,21,4,,0,70,,375679,21,4,,0,33,,375680,21,4,,0,69,,375681,21,4,,0,84,,183725,21,4,,0
27700,'6',618,,375683,21,4,,0,30,,375682,21,4,,0,70,,375684,21,4,,0,33,,375685,21,4,,0,69,,375687,21,4,,0,84,,375686,21,4,,0
27700,'7',618,,375688,21,4,,0,30,,278494,21,4,,0,70,,375689,21,4,,0,33,,375690,21,4,,0,69,,375692,21,4,,0,84,,375691,21,4,,0
27700,'9',618,,375694,21,4,,0,30,,375693,21,4,,0,70,,375695,21,4,,0,33,,375696,21,4,,0,69,,375698,21,4,,0,84,,375697,21,4,,0
27900,'1',641,,247666,37,4,,0,104,,375763,37,4,,0,100,,182421,37,4,,0
27900,'11',641,,375765,37,4,,0,102,,375764,37,4,,0,102,,375766,37,4,,0
27900,'13',641,,375768,37,4,,0,102,,375767,37,4,,0,102,,375769,37,4,,0
27900,'14',641,,375771,37,4,,0,102,,375770,37,4,,0,102,,375772,37,4,,0
27900,'2',641,,212644,37,4,,0,102,,375773,37,4,,0,102,,375774,37,4,,0
27900,'3',641,,375775,37,4,,0,102,,207957,37,4,,0,102,,375776,37,4,,0
27900,'4',641,,375778,37,4,,0,102,,375777,37,4,,0,102,,375779,37,4,,0
27900,'5',641,,375780,37,4,,0,102,,208125,37,4,,0,102,,375781,37,4,,0
27900,'6',641,,375783,37,4,,0,102,,375782,37,4,,0,102,,375784,37,4,,0
27900,'7',641,,212556,37,4,,0,102,,375785,37,4,,0,102,,375786,37,4,,0
27900,'9',641,,375788,37,4,,0,102,,375787,37,4,,0,102,,375789,37,4,,0
30500,'9',1035,,376078,45,,,0
40600,'1',1817,,376115,23,,,0
40600,'10',1152,,376116,23,,,0
40600,'12',1817,,376117,23,,,0
40600,'13',1747,,376118,23,,,0
40600,'15',1552,,376119,23,,,0
40600,'2',1747,,376120,23,,,0
40600,'5',1747,,376121,23,,,0
