11000,'1',459,,88924,11,,,1,70,,192662,11,,,1,104,,192667,36,,,1,23,,192653,36,,,1,71,,88955,36,,,1,30,,192669,36,,,1,101,,192654,36,,,1,70,,192651,36,,,1,24,,192657,36,,,1,70,,192673,36,,,1,30,,192658,36,,,1,70,,192664,36,,,1,30,,192659,36,,,1,70,,192665,36,,,1,100,,192661,36,,,1,30,,192666,36,,,1,69,,192660,36,,,1,30,,192652,36,,,1,72,,192671,36,,,1,32,,192674,36,,,1,101,,192672,36,,,1,71,,192656,36,,,1,30,,192655,36,,,1,70,,192663,36,,,1,94,,35036,36,,,1,30,,192670,36,,,1,70,,192675,36,,,1,29,,192668,36,,,1
11000,'10',459,,192691,11,,,1,70,,192686,11,,,1,104,,192681,36,,,1,23,,192676,36,,,1,70,,192685,36,,,1,31,,6463,36,,,1,71,,192694,36,,,1,30,,192684,36,,,1,70,,192690,36,,,1,24,,192699,36,,,1,70,,192701,36,,,1,30,,192682,36,,,1,70,,192695,36,,,1,30,,192693,36,,,1,70,,192698,36,,,1,30,,192680,36,,,1,70,,192687,36,,,1,30,,43090,36,,,1,67,,192696,36,,,1,32,,192692,36,,,1,72,,192677,36,,,1,32,,93217,36,,,1,73,,192697,36,,,1,27,,192678,36,,,1,74,,192689,36,,,1,29,,83619,36,,,1,69,,192679,36,,,1,29,,192688,36,,,1,65,,192683,36,,,1,30,,192700,36,,,1,70,,28004,36,,,1,29,,39647,36,,,1
11000,'11',455,,192704,11,,,1,70,,192702,11,,,1,130,,40837,36,,,1,70,,35186,36,,,1,1031,,192703,36,,,1,70,,192705,36,,,1
11000,'12',459,,41614,11,,,1,70,,112715,11,,,1,104,,192714,36,,,1,23,,192726,36,,,1,70,,192718,36,,,1,31,,192711,36,,,1,71,,192706,36,,,1,30,,192712,36,,,1,70,,192707,36,,,1,24,,192721,36,,,1,70,,98718,36,,,1,30,,192716,36,,,1,70,,192715,36,,,1,30,,192725,36,,,1,70,,192717,36,,,1,30,,80400,36,,,1,70,,192722,36,,,1,30,,192710,36,,,1,69,,36238,36,,,1,30,,68156,36,,,1,72,,192724,36,,,1,32,,81633,36,,,1,71,,192723,36,,,1,29,,192709,36,,,1,72,,192719,36,,,1,30,,92805,36,,,1,70,,192720,36,,,1,29,,64441,36,,,1,65,,117736,36,,,1,30,,46127,36,,,1,70,,192708,36,,,1,29,,192713,36,,,1
11000,'13',455,,76992,11,,,1,70,,192728,11,,,1,130,,192727,36,,,1,70,,192730,36,,,1,1031,,192729,36,,,1,70,,96105,36,,,1
11000,'14',459,,192734,11,,,1,70,,192748,11,,,1,104,,192740,36,,,1,23,,192759,36,,,1,70,,192746,36,,,1,31,,192736,36,,,1,71,,192731,36,,,1,30,,192737,36,,,1,70,,111726,36,,,1,24,,192752,36,,,1,70,,192747,36,,,1,30,,192744,36,,,1,70,,192743,36,,,1,30,,192758,36,,,1,70,,192745,36,,,1,30,,192755,36,,,1,70,,192754,36,,,1,30,,192735,36,,,1,69,,192753,36,,,1,30,,192751,36,,,1,72,,192756,36,,,1,32,,192741,36,,,1,71,,13418,36,,,1,29,,192733,36,,,1,72,,192749,36,,,1,30,,192738,36,,,1,70,,192750,36,,,1,29,,192757,36,,,1,65,,192742,36,,,1,30,,192732,36,,,1,70,,56741,36,,,1,29,,192739,36,,,1
11000,'15',459,,192763,11,,,1,70,,192777,11,,,1,104,,192769,36,,,1,23,,192788,36,,,1,70,,192775,36,,,1,31,,192765,36,,,1,71,,192760,36,,,1,30,,192766,36,,,1,70,,111929,36,,,1,24,,192781,36,,,1,70,,192776,36,,,1,30,,192773,36,,,1,70,,192772,36,,,1,30,,192787,36,,,1,70,,192774,36,,,1,30,,192784,36,,,1,70,,192783,36,,,1,30,,192764,36,,,1,69,,192782,36,,,1,30,,192780,36,,,1,72,,192785,36,,,1,32,,192770,36,,,1,71,,13766,36,,,1,29,,192762,36,,,1,72,,192778,36,,,1,30,,192767,36,,,1,70,,192779,36,,,1,29,,192786,36,,,1,65,,192771,36,,,1,30,,192761,36,,,1,70,,57019,36,,,1,29,,192768,36,,,1
11000,'16',459,,192794,11,,,1,70,,192805,11,,,1,104,,192799,36,,,1,23,,50095,36,,,1,70,,192803,36,,,1,31,,192796,36,,,1,71,,192789,36,,,1,30,,192797,36,,,1,70,,192790,36,,,1,24,,103545,36,,,1,70,,192804,36,,,1,30,,192802,36,,,1,70,,12077,36,,,1,30,,192814,36,,,1,70,,75448,36,,,1,30,,192810,36,,,1,70,,69660,36,,,1,30,,192795,36,,,1,69,,192809,36,,,1,30,,192808,36,,,1,72,,192812,36,,,1,32,,192800,36,,,1,71,,192811,36,,,1,29,,192793,36,,,1,72,,192806,36,,,1,30,,192798,36,,,1,70,,192807,36,,,1,29,,192813,36,,,1,65,,192801,36,,,1,30,,192791,36,,,1,70,,192792,36,,,1,29,,63006,36,,,1
11000,'17',459,,89349,11,,,1,70,,192826,11,,,1,104,,192831,36,,,1,23,,192817,36,,,1,71,,89380,36,,,1,30,,192833,36,,,1,101,,192818,36,,,1,70,,192815,36,,,1,24,,192821,36,,,1,70,,192837,36,,,1,30,,192822,36,,,1,70,,192828,36,,,1,30,,192823,36,,,1,70,,192829,36,,,1,100,,192825,36,,,1,30,,192830,36,,,1,69,,192824,36,,,1,30,,192816,36,,,1,72,,192835,36,,,1,32,,192838,36,,,1,101,,192836,36,,,1,71,,192820,36,,,1,30,,192819,36,,,1,70,,192827,36,,,1,94,,35206,36,,,1,30,,192834,36,,,1,70,,192839,36,,,1,29,,192832,36,,,1
11000,'2',459,,89014,11,,,1,70,,192851,11,,,1,104,,192856,36,,,1,23,,192842,36,,,1,71,,89045,36,,,1,30,,192858,36,,,1,101,,192843,36,,,1,70,,192840,36,,,1,24,,192846,36,,,1,70,,192862,36,,,1,30,,192847,36,,,1,70,,192853,36,,,1,30,,192848,36,,,1,70,,192854,36,,,1,100,,192850,36,,,1,30,,192855,36,,,1,69,,192849,36,,,1,30,,192841,36,,,1,72,,192860,36,,,1,32,,192863,36,,,1,101,,192861,36,,,1,71,,192845,36,,,1,30,,192844,36,,,1,70,,192852,36,,,1,94,,35071,36,,,1,30,,192859,36,,,1,70,,192864,36,,,1,29,,192857,36,,,1
11000,'3',459,,192868,11,,,1,70,,192882,11,,,1,104,,192874,36,,,1,23,,192893,36,,,1,70,,192880,36,,,1,31,,192870,36,,,1,71,,192865,36,,,1,30,,192871,36,,,1,70,,111859,36,,,1,24,,192886,36,,,1,70,,192881,36,,,1,30,,192878,36,,,1,70,,192877,36,,,1,30,,192892,36,,,1,70,,192879,36,,,1,30,,192889,36,,,1,70,,192888,36,,,1,30,,192869,36,,,1,69,,192887,36,,,1,30,,192885,36,,,1,72,,192890,36,,,1,32,,192875,36,,,1,71,,13640,36,,,1,29,,192867,36,,,1,72,,192883,36,,,1,30,,192872,36,,,1,70,,192884,36,,,1,29,,192891,36,,,1,65,,192876,36,,,1,30,,192866,36,,,1,70,,56920,36,,,1,29,,192873,36,,,1
11000,'4',454,,192896,11,,,1,70,,192897,11,,,1,130,,192895,36,,,1,70,,16339,36,,,1,1031,,192894,36,,,1,70,,192898,36,,,1
11000,'5',459,,192904,11,,,1,70,,192909,11,,,1,104,,192915,36,,,1,23,,192901,36,,,1,71,,192911,36,,,1,30,,192917,36,,,1,101,,192902,36,,,1,70,,192899,36,,,1,24,,12826,36,,,1,70,,76664,36,,,1,30,,192905,36,,,1,70,,59605,36,,,1,30,,192906,36,,,1,70,,192913,36,,,1,100,,192908,36,,,1,30,,192914,36,,,1,69,,192907,36,,,1,30,,192900,36,,,1,72,,192919,36,,,1,32,,192920,36,,,1,101,,81615,36,,,1,71,,100262,36,,,1,30,,192903,36,,,1,70,,192910,36,,,1,94,,192912,36,,,1,30,,192918,36,,,1,70,,192921,36,,,1,29,,192916,36,,,1
11000,'6',459,,89851,11,,,1,70,,192933,11,,,1,104,,192938,36,,,1,23,,192924,36,,,1,71,,89882,36,,,1,30,,192940,36,,,1,101,,192925,36,,,1,70,,192922,36,,,1,24,,192928,36,,,1,70,,192944,36,,,1,30,,192929,36,,,1,70,,192935,36,,,1,30,,192930,36,,,1,70,,192936,36,,,1,100,,192932,36,,,1,30,,192937,36,,,1,69,,192931,36,,,1,30,,192923,36,,,1,72,,192942,36,,,1,32,,192945,36,,,1,101,,192943,36,,,1,71,,192927,36,,,1,30,,192926,36,,,1,70,,192934,36,,,1,94,,35407,36,,,1,30,,192941,36,,,1,70,,192946,36,,,1,29,,192939,36,,,1
11000,'7',454,,192949,11,,,1,70,,192950,11,,,1,130,,192948,36,,,1,70,,192947,36,,,1,1031,,44709,36,,,1,70,,67528,36,,,1
11000,'8',459,,89761,11,,,1,70,,192962,11,,,1,104,,192967,36,,,1,23,,192953,36,,,1,71,,89792,36,,,1,30,,192969,36,,,1,101,,192954,36,,,1,70,,192951,36,,,1,24,,192957,36,,,1,70,,192973,36,,,1,30,,192958,36,,,1,70,,192964,36,,,1,30,,192959,36,,,1,70,,192965,36,,,1,100,,192961,36,,,1,30,,192966,36,,,1,69,,192960,36,,,1,30,,192952,36,,,1,72,,192971,36,,,1,32,,192974,36,,,1,101,,192972,36,,,1,71,,192956,36,,,1,30,,192955,36,,,1,70,,192963,36,,,1,94,,35372,36,,,1,30,,192970,36,,,1,70,,192975,36,,,1,29,,192968,36,,,1
11000,'9',455,,192979,11,,,1,70,,192977,11,,,1,130,,192976,36,,,1,70,,192980,36,,,1,1031,,192978,36,,,1,70,,192981,36,,,1
16801,'1',537,,200391,21,,,1,77,,110164,21,,,1,35,,200390,21,,,1,70,,200385,21,,,1,30,,200380,21,,,1,75,,200377,21,,,1,12,,200397,14,0,44,1,18,,200395,21,,,1,70,,200388,21,,,1,28,,200394,21,,,1,65,,200379,21,,,1,30,,200381,21,,,1,70,,200386,21,,,1,30,,200400,21,,,1,70,,200393,21,,,1,30,,200378,21,,,1,70,,61793,21,,,1,30,,200376,21,,,1,70,,200373,21,,,1,37,,200392,21,,,1,70,,200402,21,,,1,32,,78405,21,,,1,71,,200399,21,,,1,28,,200375,21,,,1,70,,200398,21,,,1,30,,200382,21,,,1,67,,200387,21,,,1,30,,88048,21,,,1,69,,85523,21,,,1,30,,138,21,,,1,64,,200374,21,,,1,25,,200383,21,,,1,70,,200389,21,,,1,30,,200396,21,,,1,70,,200401,21,,,1,100,,200403,21,,,1,107,,200384,21,,,1
16801,'10',537,,200414,21,,,1,112,,200406,21,,,1,100,,200412,21,,,1,105,,200409,21,,,1,98,,200405,21,,,1,95,,200418,21,,,1,100,,200415,21,,,1,100,,200419,21,,,1,100,,200417,21,,,1,107,,57531,21,,,1,102,,200420,21,,,1,99,,200410,21,,,1,100,,200408,21,,,1,97,,200411,21,,,1,99,,200421,21,,,1,89,,200407,21,,,1,100,,99740,21,,,1,100,,200416,21,,,1,100,,200413,21,,,1,77,,200404,21,,,1
16801,'11',633,,6363,21,,,1,100,,200432,21,,,1,100,,30630,21,,,1,72,,75525,21,,,1,30,,200437,21,,,1,70,,116249,21,,,1,32,,200435,21,,,1,70,,200422,21,,,1,30,,200441,21,,,1,70,,200431,21,,,1,31,,200439,21,,,1,70,,32094,21,,,1,30,,48884,21,,,1,70,,8742,21,,,1,30,,200425,21,,,1,70,,200434,21,,,1,30,,200433,21,,,1,70,,200424,21,,,1,30,,200442,21,,,1,70,,200427,21,,,1,30,,200438,21,,,1,70,,200436,21,,,1,29,,200440,21,,,1,70,,200428,21,,,1,30,,72762,21,,,1,100,,200426,21,,,1,98,,200430,21,,,1,98,,200429,21,,,1,100,,200423,21,,,1
16801,'12',537,,200473,21,,,1,77,,31260,21,,,1,35,,200463,21,,,1,70,,200465,21,,,1,30,,200443,21,,,1,75,,200466,21,,,1,30,,200447,21,,,1,70,,200474,21,,,1,28,,106031,21,,,1,65,,200456,21,,,1,30,,200457,21,,,1,70,,200455,21,,,1,30,,200459,21,,,1,70,,200448,21,,,1,30,,200445,21,,,1,70,,46128,21,,,1,30,,200451,21,,,1,70,,200471,21,,,1,37,,200468,21,,,1,70,,200452,21,,,1,32,,200450,21,,,1,69,,111451,21,,,1,30,,200449,21,,,1,70,,200458,21,,,1,30,,200453,21,,,1,67,,200470,21,,,1,30,,200461,21,,,1,69,,200469,21,,,1,30,,200454,21,,,1,64,,200462,21,,,1,25,,200472,21,,,1,70,,200444,21,,,1,30,,200464,21,,,1,70,,200467,21,,,1,100,,200460,21,,,1,107,,200446,21,,,1
16801,'13',633,,200486,21,,,1,100,,200488,21,,,1,100,,200499,21,,,1,72,,200487,21,,,1,30,,200494,21,,,1,70,,200498,21,,,1,32,,200492,21,,,1,70,,200475,21,,,1,30,,200497,21,,,1,70,,3694,21,,,1,31,,29942,21,,,1,70,,200484,21,,,1,30,,200485,21,,,1,70,,200491,21,,,1,30,,200477,21,,,1,70,,200490,21,,,1,30,,200489,21,,,1,70,,19454,21,,,1,30,,26082,21,,,1,70,,200479,21,,,1,30,,200495,21,,,1,70,,200493,21,,,1,29,,200496,21,,,1,70,,200480,21,,,1,30,,200483,21,,,1,100,,200478,21,,,1,98,,200482,21,,,1,98,,200481,21,,,1,100,,200476,21,,,1
16801,'14',537,,101433,21,,,1,77,,200503,21,,,1,35,,200516,21,,,1,70,,23797,21,,,1,30,,36534,21,,,1,75,,200519,21,,,1,30,,6598,21,,,1,70,,200524,21,,,1,28,,200518,21,,,1,65,,200509,21,,,1,30,,15993,21,,,1,70,,200508,21,,,1,30,,200511,21,,,1,70,,67302,21,,,1,30,,200500,21,,,1,70,,200502,21,,,1,30,,200506,21,,,1,70,,200522,21,,,1,37,,200520,21,,,1,70,,200507,21,,,1,32,,200505,21,,,1,69,,200515,21,,,1,30,,200504,21,,,1,70,,200510,21,,,1,30,,89645,21,,,1,67,,200521,21,,,1,30,,200513,21,,,1,69,,38322,21,,,1,30,,120707,21,,,1,64,,200514,21,,,1,25,,200523,21,,,1,70,,89617,21,,,1,30,,200517,21,,,1,70,,107970,21,,,1,100,,200512,21,,,1,107,,200501,21,,,1
16801,'15',537,,101587,21,,,1,77,,200528,21,,,1,35,,200541,21,,,1,70,,23994,21,,,1,30,,36741,21,,,1,75,,200544,21,,,1,30,,6974,21,,,1,70,,200549,21,,,1,28,,200543,21,,,1,65,,200534,21,,,1,30,,16433,21,,,1,70,,200533,21,,,1,30,,200536,21,,,1,70,,67480,21,,,1,30,,200525,21,,,1,70,,200527,21,,,1,30,,200531,21,,,1,70,,200547,21,,,1,37,,200545,21,,,1,70,,200532,21,,,1,32,,200530,21,,,1,69,,200540,21,,,1,30,,200529,21,,,1,70,,200535,21,,,1,30,,90144,21,,,1,67,,200546,21,,,1,30,,200538,21,,,1,69,,38813,21,,,1,30,,120769,21,,,1,64,,200539,21,,,1,25,,200548,21,,,1,70,,90116,21,,,1,30,,200542,21,,,1,70,,108165,21,,,1,100,,200537,21,,,1,107,,200526,21,,,1
16801,'16',537,,200580,21,,,1,77,,200557,21,,,1,35,,200571,21,,,1,70,,200573,21,,,1,30,,200550,21,,,1,75,,200575,21,,,1,30,,200554,21,,,1,70,,95186,21,,,1,28,,200574,21,,,1,65,,200563,21,,,1,30,,200564,21,,,1,70,,14252,21,,,1,30,,200566,21,,,1,70,,200555,21,,,1,30,,200552,21,,,1,70,,200556,21,,,1,30,,27160,21,,,1,70,,79621,21,,,1,37,,3807,21,,,1,70,,200560,21,,,1,32,,200559,21,,,1,69,,200570,21,,,1,30,,200558,21,,,1,70,,200565,21,,,1,30,,200561,21,,,1,67,,200578,21,,,1,30,,200568,21,,,1,69,,200577,21,,,1,30,,200562,21,,,1,64,,200569,21,,,1,25,,200579,21,,,1,70,,200551,21,,,1,30,,200572,21,,,1,70,,200576,21,,,1,100,,200567,21,,,1,107,,200553,21,,,1
16801,'17',537,,200599,21,,,1,77,,110307,21,,,1,35,,200598,21,,,1,70,,200593,21,,,1,30,,200588,21,,,1,75,,200585,21,,,1,12,,200605,14,0,44,1,18,,200603,21,,,1,70,,200596,21,,,1,28,,200602,21,,,1,65,,200587,21,,,1,30,,200589,21,,,1,70,,200594,21,,,1,30,,200608,21,,,1,70,,200601,21,,,1,30,,200586,21,,,1,70,,62076,21,,,1,30,,200584,21,,,1,70,,200581,21,,,1,37,,200600,21,,,1,70,,200610,21,,,1,32,,78702,21,,,1,71,,200607,21,,,1,28,,200583,21,,,1,70,,200606,21,,,1,30,,200590,21,,,1,67,,200595,21,,,1,30,,88284,21,,,1,69,,85748,21,,,1,30,,416,21,,,1,64,,200582,21,,,1,25,,200591,21,,,1,70,,200597,21,,,1,30,,200604,21,,,1,70,,200609,21,,,1,100,,200611,21,,,1,107,,200592,21,,,1
16801,'2',537,,200630,21,,,1,77,,110193,21,,,1,35,,200629,21,,,1,70,,200624,21,,,1,30,,200619,21,,,1,75,,200616,21,,,1,12,,200636,14,0,44,1,18,,200634,21,,,1,70,,200627,21,,,1,28,,200633,21,,,1,65,,200618,21,,,1,30,,200620,21,,,1,70,,200625,21,,,1,30,,200639,21,,,1,70,,200632,21,,,1,30,,200617,21,,,1,70,,61853,21,,,1,30,,200615,21,,,1,70,,200612,21,,,1,37,,200631,21,,,1,70,,200641,21,,,1,32,,78470,21,,,1,71,,200638,21,,,1,28,,200614,21,,,1,70,,200637,21,,,1,30,,200621,21,,,1,67,,200626,21,,,1,30,,88101,21,,,1,69,,85571,21,,,1,30,,198,21,,,1,64,,200613,21,,,1,25,,200622,21,,,1,70,,200628,21,,,1,30,,200635,21,,,1,70,,200640,21,,,1,100,,200642,21,,,1,107,,200623,21,,,1
16801,'3',537,,101527,21,,,1,77,,200646,21,,,1,35,,200659,21,,,1,70,,23926,21,,,1,30,,36668,21,,,1,75,,200662,21,,,1,30,,6846,21,,,1,70,,200667,21,,,1,28,,200661,21,,,1,65,,200652,21,,,1,30,,16279,21,,,1,70,,200651,21,,,1,30,,200654,21,,,1,70,,67417,21,,,1,30,,200643,21,,,1,70,,200645,21,,,1,30,,200649,21,,,1,70,,200665,21,,,1,37,,200663,21,,,1,70,,200650,21,,,1,32,,200648,21,,,1,69,,200658,21,,,1,30,,200647,21,,,1,70,,200653,21,,,1,30,,89961,21,,,1,67,,200664,21,,,1,30,,200656,21,,,1,69,,38647,21,,,1,30,,120743,21,,,1,64,,200657,21,,,1,25,,200666,21,,,1,70,,89933,21,,,1,30,,200660,21,,,1,70,,108094,21,,,1,100,,200655,21,,,1,107,,200644,21,,,1
16801,'4',628,,25680,21,,,1,110,,106304,21,,,1,100,,200683,21,,,1,70,,200686,21,,,1,30,,4474,21,,,1,70,,200669,21,,,1,32,,200673,21,,,1,70,,200679,21,,,1,30,,200690,21,,,1,70,,200672,21,,,1,31,,200684,21,,,1,70,,200685,21,,,1,30,,200680,21,,,1,70,,200676,21,,,1,30,,200687,21,,,1,70,,200670,21,,,1,30,,200678,21,,,1,70,,94860,21,,,1,30,,200677,21,,,1,70,,200681,21,,,1,30,,76335,21,,,1,70,,200674,21,,,1,29,,200668,21,,,1,70,,200689,21,,,1,30,,200688,21,,,1,70,,93621,21,,,1,30,,62539,21,,,1,70,,200692,21,,,1,30,,200691,21,,,1,70,,200671,21,,,1,28,,200682,21,,,1,100,,200675,21,,,1
16801,'5',537,,200714,21,,,1,77,,200726,21,,,1,35,,200713,21,,,1,70,,200707,21,,,1,30,,200701,21,,,1,75,,200698,21,,,1,12,,88815,14,0,44,1,18,,200717,21,,,1,70,,200710,21,,,1,28,,200716,21,,,1,65,,200700,21,,,1,30,,200702,21,,,1,70,,200708,21,,,1,30,,200721,21,,,1,70,,200715,21,,,1,30,,200699,21,,,1,70,,200696,21,,,1,30,,200697,21,,,1,70,,200693,21,,,1,37,,92782,21,,,1,70,,200722,21,,,1,32,,200725,21,,,1,71,,200720,21,,,1,28,,200695,21,,,1,70,,200719,21,,,1,30,,200704,21,,,1,67,,200709,21,,,1,30,,200723,21,,,1,69,,200703,21,,,1,30,,200711,21,,,1,64,,200694,21,,,1,25,,200705,21,,,1,70,,200712,21,,,1,30,,200718,21,,,1,70,,15275,21,,,1,100,,200724,21,,,1,107,,200706,21,,,1
16801,'6',537,,200745,21,,,1,77,,110465,21,,,1,35,,200744,21,,,1,70,,200739,21,,,1,30,,200734,21,,,1,75,,200731,21,,,1,12,,200751,14,0,44,1,18,,200749,21,,,1,70,,200742,21,,,1,28,,200748,21,,,1,65,,200733,21,,,1,30,,200735,21,,,1,70,,200740,21,,,1,30,,200754,21,,,1,70,,200747,21,,,1,30,,200732,21,,,1,70,,62418,21,,,1,30,,200730,21,,,1,70,,200727,21,,,1,37,,200746,21,,,1,70,,200756,21,,,1,32,,79053,21,,,1,71,,200753,21,,,1,28,,200729,21,,,1,70,,200752,21,,,1,30,,200736,21,,,1,67,,200741,21,,,1,30,,88569,21,,,1,69,,86022,21,,,1,30,,738,21,,,1,64,,200728,21,,,1,25,,200737,21,,,1,70,,200743,21,,,1,30,,200750,21,,,1,70,,200755,21,,,1,100,,200757,21,,,1,107,,200738,21,,,1
16801,'7',628,,200778,21,,,1,110,,200769,21,,,1,100,,200774,21,,,1,70,,200776,21,,,1,30,,200758,21,,,1,70,,200760,21,,,1,32,,200766,21,,,1,70,,200771,21,,,1,30,,47403,21,,,1,70,,200765,21,,,1,31,,100190,21,,,1,70,,200775,21,,,1,30,,200772,21,,,1,70,,200768,21,,,1,30,,200777,21,,,1,70,,200763,21,,,1,30,,200770,21,,,1,70,,200764,21,,,1,30,,101079,21,,,1,70,,53343,21,,,1,30,,200780,21,,,1,70,,200767,21,,,1,29,,200759,21,,,1,70,,106888,21,,,1,30,,200779,21,,,1,70,,200762,21,,,1,30,,200761,21,,,1,70,,200782,21,,,1,30,,200781,21,,,1,70,,35535,21,,,1,28,,200773,21,,,1,100,,45835,21,,,1
16801,'8',537,,200801,21,,,1,77,,110436,21,,,1,35,,200800,21,,,1,70,,200795,21,,,1,30,,200790,21,,,1,75,,200787,21,,,1,12,,200807,14,0,44,1,18,,200805,21,,,1,70,,200798,21,,,1,28,,200804,21,,,1,65,,200789,21,,,1,30,,200791,21,,,1,70,,200796,21,,,1,30,,200810,21,,,1,70,,200803,21,,,1,30,,200788,21,,,1,70,,62358,21,,,1,30,,200786,21,,,1,70,,200783,21,,,1,37,,200802,21,,,1,70,,200812,21,,,1,32,,78988,21,,,1,71,,200809,21,,,1,28,,200785,21,,,1,70,,200808,21,,,1,30,,200792,21,,,1,67,,200797,21,,,1,30,,88516,21,,,1,69,,85974,21,,,1,30,,678,21,,,1,64,,200784,21,,,1,25,,200793,21,,,1,70,,200799,21,,,1,30,,200806,21,,,1,70,,200811,21,,,1,100,,200813,21,,,1,107,,200794,21,,,1
16801,'9',633,,200826,21,,,1,100,,200828,21,,,1,100,,200839,21,,,1,72,,200827,21,,,1,30,,58484,21,,,1,70,,200838,21,,,1,32,,200832,21,,,1,70,,200814,21,,,1,30,,200837,21,,,1,70,,200825,21,,,1,31,,200835,21,,,1,70,,200823,21,,,1,30,,200824,21,,,1,70,,200831,21,,,1,30,,200817,21,,,1,70,,200830,21,,,1,30,,200829,21,,,1,70,,200816,21,,,1,30,,200840,21,,,1,70,,77581,21,,,1,30,,200834,21,,,1,70,,200833,21,,,1,29,,200836,21,,,1,70,,200819,21,,,1,30,,200822,21,,,1,100,,200818,21,,,1,98,,200821,21,,,1,98,,200820,21,,,1,100,,200815,21,,,1
65601,'1',837,,205161,12,,,1
65601,'17',837,,205162,12,,,1
65601,'2',837,,205163,12,,,1
65601,'5',837,,205164,12,,,1
65601,'6',837,,205165,12,,,1
65601,'8',837,,205166,12,,,1
66800,'1',713,,205470,8,,,1,3,,205471,8,,,1,2,,205469,8,,,1
66800,'17',713,,205475,8,,,1,3,,205476,8,,,1,2,,205474,8,,,1
66800,'2',713,,205480,8,,,1,3,,205481,8,,,1,2,,205479,8,,,1
66800,'5',713,,205485,8,,,1,3,,205486,8,,,1,2,,205484,8,,,1
66800,'6',713,,205490,8,,,1,3,,205491,8,,,1,2,,205489,8,,,1
66800,'8',713,,205495,8,,,1,3,,205496,8,,,1,2,,205494,8,,,1
