11200,'1',508,,194893,27,,,1,102,,78379,27,,,1,30,,194878,27,,,1,70,,47557,27,,,1,33,,20972,27,,,1,72,,194895,27,,,1,32,,194876,27,,,1,65,,85549,27,,,1,30,,194897,27,,,1,70,,194892,27,,,1,31,,194886,27,,,1,70,,51244,27,,,1,30,,58071,27,,,1,70,,194883,27,,,1,30,,194887,27,,,1,70,,194888,27,,,1,30,,194879,27,,,1,70,,194877,27,,,1,32,,194885,27,,,1,70,,107714,27,,,1,30,,63805,27,,,1,72,,194896,27,,,1,27,,75182,27,,,1,70,,194890,27,,,1,30,,194875,27,,,1,69,,74164,27,,,1,30,,194894,27,,,1,70,,194884,27,,,1,29,,194881,27,,,1,70,,194891,27,,,1,30,,43787,27,,,1,70,,194880,27,,,1,29,,194882,27,,,1,70,,31307,27,,,1,99,,194889,27,,,1
11200,'10',508,,194907,27,,,1,102,,194901,27,,,1,101,,194908,27,,,1,104,,8826,27,,,1,99,,194905,27,,,1,98,,194903,27,,,1,101,,67795,27,,,1,100,,194912,27,,,1,100,,194909,27,,,1,100,,194900,27,,,1,102,,194899,27,,,1,100,,194911,27,,,1,101,,194898,27,,,1,97,,43096,27,,,1,100,,194910,27,,,1,99,,194902,27,,,1,100,,80628,27,,,1,99,,194904,27,,,1,99,,194906,27,,,1
11200,'11',708,,194928,27,,,1,100,,194937,27,,,1,100,,194917,27,,,1,32,,194931,27,,,1,70,,194930,27,,,1,30,,194934,27,,,1,70,,194920,27,,,1,31,,194923,27,,,1,70,,194926,27,,,1,30,,194925,27,,,1,70,,194921,27,,,1,30,,194924,27,,,1,70,,21132,27,,,1,30,,67720,27,,,1,70,,194922,27,,,1,30,,194914,27,,,1,70,,46750,27,,,1,30,,194913,27,,,1,70,,194936,27,,,1,30,,194918,27,,,1,70,,194915,27,,,1,30,,90767,27,,,1,70,,194929,27,,,1,30,,194919,27,,,1,70,,74332,27,,,1,29,,194927,27,,,1,70,,194935,27,,,1,30,,194916,27,,,1,99,,194933,27,,,1,70,,194932,27,,,1
11200,'12',508,,194946,27,,,1,102,,194960,27,,,1,30,,194944,27,,,1,71,,37569,27,,,1,32,,194956,27,,,1,70,,194961,27,,,1,34,,194941,27,,,1,66,,194952,27,,,1,29,,194951,27,,,1,70,,194949,27,,,1,31,,194966,27,,,1,70,,194943,27,,,1,30,,194965,27,,,1,70,,194954,27,,,1,30,,194942,27,,,1,70,,194967,27,,,1,30,,194962,27,,,1,70,,194938,27,,,1,32,,106929,27,,,1,70,,101621,27,,,1,30,,7894,27,,,1,70,,194964,27,,,1,27,,194947,27,,,1,74,,194959,27,,,1,28,,194948,27,,,1,69,,194957,27,,,1,30,,194939,27,,,1,70,,194963,27,,,1,29,,194945,27,,,1,70,,194955,27,,,1,30,,4829,27,,,1,70,,194958,27,,,1,29,,194950,27,,,1,70,,194953,27,,,1,99,,194940,27,,,1
11200,'13',708,,194984,27,,,1,100,,194988,27,,,1,100,,194971,27,,,1,32,,194985,27,,,1,70,,51351,27,,,1,30,,106096,27,,,1,70,,98157,27,,,1,31,,194979,27,,,1,70,,194982,27,,,1,30,,194981,27,,,1,70,,7320,27,,,1,30,,194980,27,,,1,70,,194986,27,,,1,30,,194976,27,,,1,70,,194977,27,,,1,30,,194969,27,,,1,70,,194978,27,,,1,30,,194968,27,,,1,70,,194987,27,,,1,30,,194972,27,,,1,70,,22343,27,,,1,30,,194973,27,,,1,70,,95144,27,,,1,30,,194975,27,,,1,70,,194974,27,,,1,29,,194983,27,,,1,70,,75401,27,,,1,30,,194970,27,,,1,99,,50042,27,,,1,70,,90664,27,,,1
11200,'14',508,,194996,27,,,1,102,,195008,27,,,1,30,,194995,27,,,1,71,,195010,27,,,1,32,,195005,27,,,1,70,,46995,27,,,1,34,,194992,27,,,1,66,,195002,27,,,1,29,,195001,27,,,1,70,,194999,27,,,1,31,,195013,27,,,1,70,,194994,27,,,1,30,,13419,27,,,1,70,,61503,27,,,1,30,,194993,27,,,1,70,,195014,27,,,1,30,,195011,27,,,1,70,,194989,27,,,1,32,,195004,27,,,1,70,,194998,27,,,1,30,,195009,27,,,1,70,,20203,27,,,1,27,,194997,27,,,1,74,,195007,27,,,1,28,,13397,27,,,1,69,,4167,27,,,1,30,,194990,27,,,1,70,,195012,27,,,1,29,,117479,27,,,1,70,,17957,27,,,1,30,,194991,27,,,1,70,,195006,27,,,1,29,,195000,27,,,1,70,,195003,27,,,1,99,,81312,27,,,1
11200,'15',508,,195022,27,,,1,102,,195034,27,,,1,30,,195021,27,,,1,71,,195036,27,,,1,32,,195031,27,,,1,70,,47346,27,,,1,34,,195018,27,,,1,66,,195028,27,,,1,29,,195027,27,,,1,70,,195025,27,,,1,31,,195039,27,,,1,70,,195020,27,,,1,30,,13767,27,,,1,70,,61672,27,,,1,30,,195019,27,,,1,70,,195040,27,,,1,30,,195037,27,,,1,70,,195015,27,,,1,32,,195030,27,,,1,70,,195024,27,,,1,30,,195035,27,,,1,70,,20230,27,,,1,27,,195023,27,,,1,74,,195033,27,,,1,28,,13745,27,,,1,69,,4602,27,,,1,30,,195016,27,,,1,70,,195038,27,,,1,29,,117511,27,,,1,70,,18282,27,,,1,30,,195017,27,,,1,70,,195032,27,,,1,29,,195026,27,,,1,70,,195029,27,,,1,99,,81507,27,,,1
11200,'16',508,,195048,27,,,1,102,,195063,27,,,1,30,,195046,27,,,1,71,,195066,27,,,1,32,,195060,27,,,1,70,,195065,27,,,1,34,,70737,27,,,1,66,,195055,27,,,1,29,,195054,27,,,1,70,,195052,27,,,1,31,,52222,27,,,1,70,,195045,27,,,1,30,,195070,27,,,1,70,,195057,27,,,1,30,,195044,27,,,1,70,,5138,27,,,1,30,,195067,27,,,1,70,,77032,27,,,1,32,,195058,27,,,1,70,,195051,27,,,1,30,,195064,27,,,1,70,,195069,27,,,1,27,,195049,27,,,1,74,,195062,27,,,1,28,,195050,27,,,1,69,,195061,27,,,1,30,,195041,27,,,1,70,,195068,27,,,1,29,,195047,27,,,1,70,,195059,27,,,1,30,,195043,27,,,1,70,,87337,27,,,1,29,,195053,27,,,1,70,,195056,27,,,1,99,,195042,27,,,1
11200,'17',508,,195089,27,,,1,102,,78676,27,,,1,30,,195074,27,,,1,70,,47849,27,,,1,33,,21142,27,,,1,72,,195091,27,,,1,32,,195072,27,,,1,65,,85774,27,,,1,30,,195093,27,,,1,70,,195088,27,,,1,31,,195082,27,,,1,70,,51472,27,,,1,30,,58293,27,,,1,70,,195079,27,,,1,30,,195083,27,,,1,70,,195084,27,,,1,30,,195075,27,,,1,70,,195073,27,,,1,32,,195081,27,,,1,70,,107873,27,,,1,30,,63979,27,,,1,72,,195092,27,,,1,27,,75607,27,,,1,70,,195086,27,,,1,30,,195071,27,,,1,69,,74431,27,,,1,30,,195090,27,,,1,70,,195080,27,,,1,29,,195077,27,,,1,70,,195087,27,,,1,30,,44097,27,,,1,70,,195076,27,,,1,29,,195078,27,,,1,70,,31488,27,,,1,99,,195085,27,,,1
11200,'2',508,,195112,27,,,1,102,,78444,27,,,1,30,,195097,27,,,1,70,,47620,27,,,1,33,,21006,27,,,1,72,,195114,27,,,1,32,,195095,27,,,1,65,,85597,27,,,1,30,,195116,27,,,1,70,,195111,27,,,1,31,,195105,27,,,1,70,,51292,27,,,1,30,,58120,27,,,1,70,,195102,27,,,1,30,,195106,27,,,1,70,,195107,27,,,1,30,,195098,27,,,1,70,,195096,27,,,1,32,,195104,27,,,1,70,,107750,27,,,1,30,,63840,27,,,1,72,,195115,27,,,1,27,,75266,27,,,1,70,,195109,27,,,1,30,,195094,27,,,1,69,,74222,27,,,1,30,,195113,27,,,1,70,,195103,27,,,1,29,,195100,27,,,1,70,,195110,27,,,1,30,,43854,27,,,1,70,,195099,27,,,1,29,,195101,27,,,1,70,,31345,27,,,1,99,,195108,27,,,1
11200,'3',508,,195124,27,,,1,102,,195136,27,,,1,30,,195123,27,,,1,71,,195138,27,,,1,32,,195133,27,,,1,70,,47218,27,,,1,34,,195120,27,,,1,66,,195130,27,,,1,29,,195129,27,,,1,70,,195127,27,,,1,31,,195141,27,,,1,70,,195122,27,,,1,30,,13641,27,,,1,70,,61604,27,,,1,30,,195121,27,,,1,70,,195142,27,,,1,30,,195139,27,,,1,70,,195117,27,,,1,32,,195132,27,,,1,70,,195126,27,,,1,30,,195137,27,,,1,70,,20219,27,,,1,27,,195125,27,,,1,74,,195135,27,,,1,28,,13619,27,,,1,69,,4449,27,,,1,30,,195118,27,,,1,70,,195140,27,,,1,29,,117498,27,,,1,70,,18163,27,,,1,30,,195119,27,,,1,70,,195134,27,,,1,29,,195128,27,,,1,70,,195131,27,,,1,99,,81439,27,,,1
11200,'4',619,,195146,27,,,1,100,,20790,27,,,1,100,,195168,27,,,1,30,,195145,27,,,1,72,,106498,27,,,1,30,,195152,27,,,1,70,,195149,27,,,1,30,,195143,27,,,1,71,,42480,27,,,1,30,,195164,27,,,1,70,,195162,27,,,1,30,,195156,27,,,1,70,,195159,27,,,1,30,,41379,27,,,1,70,,33587,27,,,1,30,,195144,27,,,1,70,,195148,27,,,1,30,,195150,27,,,1,70,,195158,27,,,1,30,,195147,27,,,1,70,,195154,27,,,1,30,,195165,27,,,1,70,,195166,27,,,1,30,,195155,27,,,1,70,,84054,27,,,1,30,,195161,27,,,1,69,,79133,27,,,1,30,,195157,27,,,1,70,,195153,27,,,1,30,,195163,27,,,1,69,,195167,27,,,1,100,,195151,27,,,1,100,,195160,27,,,1
11200,'5',508,,195194,27,,,1,102,,195193,27,,,1,30,,195171,27,,,1,70,,195185,27,,,1,33,,195178,27,,,1,72,,195199,27,,,1,32,,195170,27,,,1,65,,195197,27,,,1,30,,195201,27,,,1,70,,195192,27,,,1,31,,195181,27,,,1,70,,195182,27,,,1,30,,195189,27,,,1,70,,195176,27,,,1,30,,195183,27,,,1,70,,195184,27,,,1,30,,195172,27,,,1,70,,82233,27,,,1,32,,195179,27,,,1,70,,195195,27,,,1,30,,195190,27,,,1,72,,195200,27,,,1,27,,195180,27,,,1,70,,195187,27,,,1,30,,195169,27,,,1,69,,195198,27,,,1,30,,195196,27,,,1,70,,99365,27,,,1,29,,195174,27,,,1,70,,195191,27,,,1,30,,195177,27,,,1,70,,195173,27,,,1,29,,195175,27,,,1,70,,195188,27,,,1,99,,195186,27,,,1
11200,'6',508,,195220,27,,,1,102,,79027,27,,,1,30,,195205,27,,,1,70,,48178,27,,,1,33,,21344,27,,,1,72,,195222,27,,,1,32,,195203,27,,,1,65,,86048,27,,,1,30,,195224,27,,,1,70,,195219,27,,,1,31,,195213,27,,,1,70,,51733,27,,,1,30,,58569,27,,,1,70,,195210,27,,,1,30,,195214,27,,,1,70,,195215,27,,,1,30,,195206,27,,,1,70,,195204,27,,,1,32,,195212,27,,,1,70,,108051,27,,,1,30,,64189,27,,,1,72,,195223,27,,,1,27,,76118,27,,,1,70,,195217,27,,,1,30,,195202,27,,,1,69,,74750,27,,,1,30,,195221,27,,,1,70,,195211,27,,,1,29,,195208,27,,,1,70,,195218,27,,,1,30,,44443,27,,,1,70,,195207,27,,,1,29,,195209,27,,,1,70,,31696,27,,,1,99,,195216,27,,,1
11200,'7',619,,51924,27,,,1,100,,195240,27,,,1,100,,195253,27,,,1,30,,195229,27,,,1,72,,195236,27,,,1,30,,195238,27,,,1,70,,195233,27,,,1,30,,195225,27,,,1,71,,195247,27,,,1,30,,195249,27,,,1,70,,195246,27,,,1,30,,41510,27,,,1,70,,91683,27,,,1,30,,195232,27,,,1,70,,195226,27,,,1,30,,195227,27,,,1,70,,195231,27,,,1,30,,195234,27,,,1,70,,195243,27,,,1,30,,195230,27,,,1,70,,47391,27,,,1,30,,195250,27,,,1,70,,195251,27,,,1,30,,195241,27,,,1,70,,195237,27,,,1,30,,195245,27,,,1,69,,195228,27,,,1,30,,195242,27,,,1,70,,195239,27,,,1,30,,195248,27,,,1,69,,195252,27,,,1,100,,195235,27,,,1,100,,195244,27,,,1
11200,'8',508,,195272,27,,,1,102,,78962,27,,,1,30,,195257,27,,,1,70,,48115,27,,,1,33,,21310,27,,,1,72,,195274,27,,,1,32,,195255,27,,,1,65,,86000,27,,,1,30,,195276,27,,,1,70,,195271,27,,,1,31,,195265,27,,,1,70,,51685,27,,,1,30,,58520,27,,,1,70,,195262,27,,,1,30,,195266,27,,,1,70,,195267,27,,,1,30,,195258,27,,,1,70,,195256,27,,,1,32,,195264,27,,,1,70,,108015,27,,,1,30,,64154,27,,,1,72,,195275,27,,,1,27,,76034,27,,,1,70,,195269,27,,,1,30,,195254,27,,,1,69,,74692,27,,,1,30,,195273,27,,,1,70,,195263,27,,,1,29,,195260,27,,,1,70,,195270,27,,,1,30,,44376,27,,,1,70,,195259,27,,,1,29,,195261,27,,,1,70,,31658,27,,,1,99,,195268,27,,,1
11200,'9',708,,195292,27,,,1,100,,195300,27,,,1,100,,195280,27,,,1,32,,107149,27,,,1,70,,195294,27,,,1,30,,195297,27,,,1,70,,195285,27,,,1,31,,43273,27,,,1,70,,195290,27,,,1,30,,48076,27,,,1,70,,195287,27,,,1,30,,38373,27,,,1,70,,195298,27,,,1,30,,195286,27,,,1,70,,195288,27,,,1,30,,51640,27,,,1,70,,195289,27,,,1,30,,195277,27,,,1,70,,37211,27,,,1,30,,195281,27,,,1,70,,195278,27,,,1,30,,195282,27,,,1,70,,195293,27,,,1,30,,195284,27,,,1,70,,195283,27,,,1,29,,195291,27,,,1,70,,195299,27,,,1,30,,195279,27,,,1,99,,195296,27,,,1,70,,195295,27,,,1
67000,'1',748,,205552,43,,,1
67000,'17',748,,205553,43,,,1
67000,'2',748,,205554,43,,,1
67000,'5',748,,105631,43,,,1
67000,'6',748,,205555,43,,,1
67000,'8',748,,205556,43,,,1
