2300,'1',712,,138295,15,,,1,30,,138293,15,,,1,70,,138292,15,,,1,722,,138289,15,,,1,70,,138294,15,,,1,30,,138291,15,,,1,70,,138290,15,,,1,30,,138296,15,,,1
2300,'10',712,,138297,15,,,1,100,,19526,15,,,1,722,,103738,15,,,1,100,,138298,15,,,1,100,,138299,15,,,1
2300,'12',712,,138305,15,,,1,30,,138301,15,,,1,70,,138306,15,,,1,722,,138304,15,,,1,70,,138300,15,,,1,30,,138302,15,,,1,70,,9211,15,,,1,30,,138303,15,,,1
2300,'14',712,,138310,15,,,1,30,,138307,15,,,1,70,,138312,15,,,1,722,,14636,15,,,1,70,,98357,15,,,1,30,,138308,15,,,1,70,,138311,15,,,1,30,,138309,15,,,1
2300,'15',712,,138316,15,,,1,30,,138313,15,,,1,70,,138318,15,,,1,722,,15076,15,,,1,70,,98576,15,,,1,30,,138314,15,,,1,70,,138317,15,,,1,30,,138315,15,,,1
2300,'16',712,,138323,15,,,1,30,,138320,15,,,1,70,,138325,15,,,1,722,,138322,15,,,1,70,,138319,15,,,1,30,,138321,15,,,1,70,,138324,15,,,1,30,,1306,15,,,1
2300,'17',712,,138332,15,,,1,30,,138330,15,,,1,70,,138329,15,,,1,722,,138326,15,,,1,70,,138331,15,,,1,30,,138328,15,,,1,70,,138327,15,,,1,30,,138333,15,,,1
2300,'2',712,,138340,15,,,1,30,,138338,15,,,1,70,,138337,15,,,1,722,,138334,15,,,1,70,,138339,15,,,1,30,,138336,15,,,1,70,,138335,15,,,1,30,,138341,15,,,1
2300,'3',712,,138345,15,,,1,30,,138342,15,,,1,70,,138347,15,,,1,722,,14922,15,,,1,70,,98500,15,,,1,30,,138343,15,,,1,70,,138346,15,,,1,30,,138344,15,,,1
2300,'5',712,,138353,15,,,1,30,,138352,15,,,1,70,,138351,15,,,1,722,,138348,15,,,1,70,,56303,15,,,1,30,,138350,15,,,1,70,,138349,15,,,1,30,,138354,15,,,1
2300,'6',712,,118127,15,,,1,30,,138359,15,,,1,70,,138358,15,,,1,722,,138355,15,,,1,70,,138360,15,,,1,30,,138357,15,,,1,70,,138356,15,,,1,30,,138361,15,,,1
2300,'8',712,,138368,15,,,1,30,,138366,15,,,1,70,,138365,15,,,1,722,,138362,15,,,1,70,,138367,15,,,1,30,,138364,15,,,1,70,,138363,15,,,1,30,,138369,15,,,1
