8200,'1',706,,267682,40,,,1,105,,169184,40,,,1,30,,179137,40,,,1,70,,267675,40,,,1,33,,267667,42,,,1,72,,267668,42,,,1,30,,267674,42,,,1,70,,267669,42,,,1,30,,267678,42,,,1,70,,267676,42,,,1,30,,267670,42,,,1,70,,267677,42,,,1,30,,179151,42,,,1,70,,267672,42,,,1,30,,81538,42,,,1,70,,267684,42,,,1,30,,267665,42,,,1,70,,267679,42,,,1,30,,267683,42,,,1,70,,267686,42,,,1,30,,267671,42,,,1,70,,267663,42,,,1,30,,267685,42,,,1,70,,191274,42,,,1,30,,267680,42,,,1,70,,155322,42,,,1,30,,267681,42,,,1,70,,179144,42,,,1,28,,267673,42,,,1,67,,267664,40,,,1,30,,267666,40,,,1,110,,179143,40,,,1
8200,'10',706,,267713,40,,,1,105,,267692,40,,,1,30,,267696,40,,,1,70,,201401,40,,,1,33,,267695,42,,,1,72,,267697,42,,,1,30,,267705,42,,,1,70,,267698,42,,,1,30,,267708,42,,,1,70,,267706,42,,,1,30,,267699,42,,,1,70,,267707,42,,,1,30,,267712,42,,,1,70,,267701,42,,,1,30,,267687,42,,,1,70,,267715,42,,,1,30,,267693,42,,,1,70,,267709,42,,,1,30,,267714,42,,,1,70,,267717,42,,,1,30,,267700,42,,,1,70,,267689,42,,,1,30,,267716,42,,,1,70,,267691,42,,,1,30,,267710,42,,,1,70,,267688,42,,,1,30,,267711,42,,,1,70,,267703,42,,,1,28,,267704,42,,,1,67,,267690,40,,,1,30,,267694,40,,,1,110,,267702,40,,,1
8200,'11',739,,267730,40,,,1,97,,25817,40,,,1,100,,267729,40,,,1,105,,188617,42,,,1,70,,267725,42,,,1,30,,36199,42,,,1,70,,267719,42,,,1,30,,267731,42,,,1,70,,267723,42,,,1,30,,267726,42,,,1,70,,150336,42,,,1,30,,267722,42,,,1,70,,267735,42,,,1,30,,267728,42,,,1,70,,267721,42,,,1,30,,267727,42,,,1,70,,267733,42,,,1,30,,267718,42,,,1,70,,267732,42,,,1,27,,267724,40,,,1,70,,267720,40,,,1,30,,159652,40,,,1,100,,267734,40,,,1,98,,267737,40,,,1,118,,267736,40,,,1
8200,'12',535,,267751,40,,,1,98,,267758,40,,,1,106,,267763,40,,,1,96,,267753,40,,,1,71,,131518,42,,,1,27,,126975,42,,,1,70,,186489,42,,,1,30,,205452,42,,,1,70,,267749,42,,,1,30,,267738,42,,,1,70,,267742,42,,,1,29,,196212,42,,,1,70,,267760,42,,,1,30,,267757,42,,,1,70,,206149,42,,,1,30,,267752,42,,,1,2,,267754,27,,,1,68,,267748,42,,,1,30,,267756,45,,,1,73,,267746,45,,,1,34,,267764,45,,,1,69,,267755,45,,,1,29,,267762,45,,,1,68,,202488,45,,,1,29,,267750,45,,,1,70,,267745,42,,,1,32,,267740,42,,,1,70,,205992,42,,,1,28,,267743,42,,,1,72,,267744,42,,,1,30,,267741,42,,,1,68,,267747,40,,,1,30,,267739,40,,,1,99,,267759,40,,,1
8200,'13',706,,267788,40,,,1,105,,267769,40,,,1,30,,267773,40,,,1,70,,267782,40,,,1,33,,267772,42,,,1,72,,139264,42,,,1,30,,267781,42,,,1,70,,267774,42,,,1,30,,267784,42,,,1,70,,115661,42,,,1,30,,267775,42,,,1,70,,267783,42,,,1,30,,267787,42,,,1,70,,267777,42,,,1,30,,267765,42,,,1,70,,267790,42,,,1,30,,267770,42,,,1,70,,267785,42,,,1,30,,267789,42,,,1,70,,267791,42,,,1,30,,267776,42,,,1,70,,176910,42,,,1,30,,197882,42,,,1,70,,267768,42,,,1,30,,267786,42,,,1,70,,267766,42,,,1,30,,166935,42,,,1,70,,267779,42,,,1,28,,267780,42,,,1,67,,267767,40,,,1,30,,267771,40,,,1,110,,267778,40,,,1
8200,'14',535,,267792,40,,,1,98,,94247,40,,,1,73,,267813,40,,,1,31,,180080,40,,,1,72,,267799,40,,,1,30,,267793,40,,,1,67,,267797,42,,,1,27,,267811,42,,,1,70,,267814,42,,,1,30,,267808,42,,,1,70,,267801,42,,,1,30,,267803,42,,,1,70,,135179,42,,,1,29,,140506,42,,,1,70,,267815,42,,,1,30,,267804,42,,,1,70,,267802,42,,,1,30,,267807,42,,,1,72,,267798,42,,,1,28,,267800,45,,,1,72,,134369,45,,,1,33,,267810,45,,,1,69,,267805,45,,,1,29,,152239,45,,,1,71,,178034,45,,,1,30,,138532,45,,,1,68,,267809,42,,,1,32,,180040,42,,,1,70,,267794,42,,,1,28,,267806,42,,,1,72,,267812,42,,,1,30,,162305,42,,,1,68,,189071,40,,,1,30,,267796,40,,,1,99,,267795,40,,,1
8200,'15',535,,267829,40,,,1,98,,267836,40,,,1,106,,267841,40,,,1,96,,267831,40,,,1,71,,131764,42,,,1,27,,127095,42,,,1,70,,186660,42,,,1,30,,205462,42,,,1,70,,267827,42,,,1,30,,267816,42,,,1,70,,267820,42,,,1,29,,196274,42,,,1,70,,267838,42,,,1,30,,267835,42,,,1,70,,206157,42,,,1,30,,267830,42,,,1,2,,267832,27,,,1,68,,267826,42,,,1,30,,267834,45,,,1,73,,267824,45,,,1,34,,267842,45,,,1,69,,267833,45,,,1,29,,267840,45,,,1,68,,202599,45,,,1,29,,267828,45,,,1,70,,267823,42,,,1,32,,267818,42,,,1,70,,205996,42,,,1,28,,267821,42,,,1,72,,267822,42,,,1,30,,267819,42,,,1,68,,267825,40,,,1,30,,267817,40,,,1,99,,267837,40,,,1
8200,'16',739,,267857,40,,,1,97,,267854,40,,,1,100,,267856,40,,,1,105,,267843,42,,,1,70,,157390,42,,,1,30,,267851,42,,,1,70,,267846,42,,,1,30,,267858,42,,,1,70,,267850,42,,,1,30,,267852,42,,,1,70,,267844,42,,,1,30,,267849,42,,,1,70,,267862,42,,,1,30,,267855,42,,,1,70,,267848,42,,,1,30,,267853,42,,,1,70,,267860,42,,,1,30,,267845,42,,,1,70,,267859,42,,,1,27,,176535,40,,,1,70,,267847,40,,,1,30,,267863,40,,,1,100,,267861,40,,,1,98,,267865,40,,,1,118,,267864,40,,,1
8200,'17',535,,267866,40,,,1,98,,172465,40,,,1,73,,267887,40,,,1,31,,179986,40,,,1,72,,267873,40,,,1,30,,267867,40,,,1,67,,267871,42,,,1,27,,267885,42,,,1,70,,267888,42,,,1,30,,267882,42,,,1,70,,267875,42,,,1,30,,267877,42,,,1,70,,17425,42,,,1,29,,140436,42,,,1,70,,267889,42,,,1,30,,267878,42,,,1,70,,267876,42,,,1,30,,267881,42,,,1,72,,267872,42,,,1,28,,267874,45,,,1,72,,134297,45,,,1,33,,267884,45,,,1,69,,267879,45,,,1,29,,152156,45,,,1,71,,177992,45,,,1,30,,91827,45,,,1,68,,267883,42,,,1,32,,179949,42,,,1,70,,267868,42,,,1,28,,267880,42,,,1,72,,267886,42,,,1,30,,120542,42,,,1,68,,188987,40,,,1,30,,267870,40,,,1,99,,267869,40,,,1
8200,'18',535,,267890,40,,,1,98,,172547,40,,,1,73,,267911,40,,,1,31,,180197,40,,,1,72,,267897,40,,,1,30,,267891,40,,,1,67,,267895,42,,,1,27,,267909,42,,,1,70,,267912,42,,,1,30,,267906,42,,,1,70,,267899,42,,,1,30,,267901,42,,,1,70,,135219,42,,,1,29,,140599,42,,,1,70,,267913,42,,,1,30,,267902,42,,,1,70,,267900,42,,,1,30,,267905,42,,,1,72,,267896,42,,,1,28,,267898,45,,,1,72,,110231,45,,,1,33,,267908,45,,,1,69,,267903,45,,,1,29,,152353,45,,,1,71,,178088,45,,,1,30,,138605,45,,,1,68,,267907,42,,,1,32,,180154,42,,,1,70,,267892,42,,,1,28,,267904,42,,,1,72,,267910,42,,,1,30,,162392,42,,,1,68,,42924,40,,,1,30,,267894,40,,,1,99,,267893,40,,,1
8200,'2',535,,267916,40,,,1,98,,267924,40,,,1,73,,267942,40,,,1,31,,267933,40,,,1,72,,267926,40,,,1,30,,199252,40,,,1,67,,267921,42,,,1,27,,267939,42,,,1,70,,267943,42,,,1,30,,77986,42,,,1,70,,267928,42,,,1,30,,267930,42,,,1,70,,267925,42,,,1,29,,267945,42,,,1,70,,267944,42,,,1,30,,267932,42,,,1,70,,267929,42,,,1,30,,267936,42,,,1,72,,267923,42,,,1,28,,267927,45,,,1,72,,267919,45,,,1,33,,267938,45,,,1,69,,267934,45,,,1,29,,267922,45,,,1,71,,267931,45,,,1,30,,267940,45,,,1,68,,267937,42,,,1,32,,267914,42,,,1,70,,267917,42,,,1,28,,267935,42,,,1,72,,267941,42,,,1,30,,267920,42,,,1,68,,267915,40,,,1,30,,267918,40,,,1,99,,201132,40,,,1
8200,'3',535,,267956,40,,,1,98,,267964,40,,,1,106,,267971,40,,,1,96,,267958,40,,,1,71,,267959,42,,,1,27,,267973,42,,,1,70,,267963,42,,,1,30,,267967,42,,,1,70,,267955,42,,,1,30,,267946,42,,,1,70,,267949,42,,,1,29,,267968,42,,,1,70,,267966,42,,,1,30,,55328,42,,,1,70,,267965,42,,,1,30,,267957,42,,,1,2,,267960,27,,,1,68,,267954,42,,,1,30,,121235,45,,,1,73,,267952,45,,,1,34,,267972,45,,,1,69,,267961,45,,,1,29,,267970,45,,,1,68,,267948,45,,,1,29,,186336,45,,,1,70,,267951,42,,,1,32,,267947,42,,,1,70,,267962,42,,,1,28,,194337,42,,,1,72,,267950,42,,,1,30,,194333,42,,,1,68,,267953,40,,,1,30,,154204,40,,,1,99,,92673,40,,,1
8200,'4',535,,267988,40,,,1,98,,267995,40,,,1,106,,268000,40,,,1,96,,267990,40,,,1,71,,131874,42,,,1,27,,127152,42,,,1,70,,186730,42,,,1,30,,205466,42,,,1,70,,267986,42,,,1,30,,267975,42,,,1,70,,267979,42,,,1,29,,196311,42,,,1,70,,267997,42,,,1,30,,267994,42,,,1,70,,206161,42,,,1,30,,267989,42,,,1,2,,267991,27,,,1,68,,267985,42,,,1,30,,267993,45,,,1,73,,267983,45,,,1,34,,268001,45,,,1,69,,267992,45,,,1,29,,267999,45,,,1,68,,202639,45,,,1,29,,267987,45,,,1,70,,267982,42,,,1,32,,267977,42,,,1,70,,205998,42,,,1,28,,267980,42,,,1,72,,267981,42,,,1,30,,267978,42,,,1,68,,267984,40,,,1,30,,267976,40,,,1,99,,267996,40,,,1
8200,'5',535,,268015,40,,,1,98,,268022,40,,,1,106,,268027,40,,,1,96,,268017,40,,,1,71,,131010,42,,,1,27,,126725,42,,,1,70,,186102,42,,,1,30,,205444,42,,,1,70,,268013,42,,,1,30,,268002,42,,,1,70,,268006,42,,,1,29,,196067,42,,,1,70,,268024,42,,,1,30,,268021,42,,,1,70,,206141,42,,,1,30,,268016,42,,,1,2,,268018,27,,,1,68,,268012,42,,,1,30,,268020,45,,,1,73,,268010,45,,,1,34,,268028,45,,,1,69,,268019,45,,,1,29,,268026,45,,,1,68,,202243,45,,,1,29,,268014,45,,,1,70,,268009,42,,,1,32,,268004,42,,,1,70,,205988,42,,,1,28,,268007,42,,,1,72,,268008,42,,,1,30,,268005,42,,,1,68,,268011,40,,,1,30,,268003,40,,,1,99,,268023,40,,,1
8200,'6',739,,268041,40,,,1,97,,268038,40,,,1,100,,268040,40,,,1,105,,268029,42,,,1,70,,268035,42,,,1,30,,268036,42,,,1,70,,268032,42,,,1,30,,268042,42,,,1,70,,10412,42,,,1,30,,81981,42,,,1,70,,268030,42,,,1,30,,175221,42,,,1,70,,268046,42,,,1,30,,268039,42,,,1,70,,268033,42,,,1,30,,268037,42,,,1,70,,268044,42,,,1,30,,268031,42,,,1,70,,268043,42,,,1,27,,268034,40,,,1,70,,179185,40,,,1,30,,268047,40,,,1,100,,268045,40,,,1,98,,268049,40,,,1,118,,268048,40,,,1
8200,'7',535,,268052,40,,,1,98,,268061,40,,,1,73,,268073,40,,,1,31,,268069,40,,,1,72,,199036,40,,,1,30,,268053,40,,,1,67,,268058,42,,,1,27,,199434,42,,,1,70,,268074,42,,,1,30,,268071,42,,,1,70,,268064,42,,,1,30,,268066,42,,,1,70,,268062,42,,,1,29,,268076,42,,,1,70,,268075,42,,,1,30,,268068,42,,,1,70,,268065,42,,,1,30,,90809,42,,,1,72,,268060,42,,,1,28,,268063,45,,,1,72,,268056,45,,,1,33,,143794,45,,,1,69,,132103,45,,,1,29,,268059,45,,,1,71,,268067,45,,,1,30,,268072,45,,,1,68,,163350,42,,,1,32,,268050,42,,,1,70,,57394,42,,,1,28,,268070,42,,,1,72,,120521,42,,,1,30,,268057,42,,,1,68,,268051,40,,,1,30,,268055,40,,,1,99,,268054,40,,,1
8200,'8',535,,268084,40,,,1,98,,268094,40,,,1,73,,268103,40,,,1,29,,268081,40,,,1,75,,268110,40,,,1,26,,268093,40,,,1,71,,268086,42,,,1,26,,268098,42,,,1,70,,268109,42,,,1,30,,268083,42,,,1,70,,268104,42,,,1,30,,268095,42,,,1,70,,268077,42,,,1,29,,268087,42,,,1,70,,268082,42,,,1,30,,268101,42,,,1,70,,268107,42,,,1,30,,268099,42,,,1,70,,268108,42,,,1,30,,268097,45,,,1,73,,268096,45,,,1,32,,268079,45,,,1,69,,268085,45,,,1,33,,268102,45,,,1,68,,268091,45,,,1,27,,268090,45,,,1,70,,268105,42,,,1,32,,268080,42,,,1,70,,268100,42,,,1,28,,268111,42,,,1,72,,268089,42,,,1,30,,268078,42,,,1,68,,268092,40,,,1,30,,268106,40,,,1,99,,268088,40,,,1
8200,'9',535,,268125,40,,,1,98,,268132,40,,,1,106,,268137,40,,,1,96,,268127,40,,,1,71,,131464,42,,,1,27,,126947,42,,,1,70,,186446,42,,,1,30,,205448,42,,,1,70,,268123,42,,,1,30,,268112,42,,,1,70,,268116,42,,,1,29,,196196,42,,,1,70,,268134,42,,,1,30,,268131,42,,,1,70,,206145,42,,,1,30,,268126,42,,,1,2,,268128,27,,,1,68,,268122,42,,,1,30,,268130,45,,,1,73,,268120,45,,,1,34,,268138,45,,,1,69,,268129,45,,,1,29,,268136,45,,,1,68,,202458,45,,,1,29,,268124,45,,,1,70,,268119,42,,,1,32,,268114,42,,,1,70,,205990,42,,,1,28,,268117,42,,,1,72,,268118,42,,,1,30,,268115,42,,,1,68,,268121,40,,,1,30,,268113,40,,,1,99,,268133,40,,,1
