6000,'1',1553,,337557,9,,,0,74,,206759,9,,,0,29,,192281,9,,,0,67,,337565,9,,,0,30,,214286,9,,,0,70,,337561,9,,,0,32,,337545,9,,,0
6000,'11',1553,,337593,9,,,0,74,,337589,9,,,0,30,,337569,9,,,0,66,,337584,9,,,0,30,,337573,9,,,0,70,,248419,9,,,0,32,,337583,9,,,0
6000,'13',1553,,337621,9,,,0,74,,337617,9,,,0,30,,337597,9,,,0,66,,337612,9,,,0,30,,337601,9,,,0,70,,248454,9,,,0,32,,337611,9,,,0
6000,'14',1553,,337649,9,,,0,74,,337645,9,,,0,30,,337625,9,,,0,66,,337640,9,,,0,30,,337629,9,,,0,70,,248614,9,,,0,32,,337639,9,,,0
6000,'2',1553,,293969,9,,,0,74,,337672,9,,,0,30,,337652,9,,,0,66,,203804,9,,,0,30,,337657,9,,,0,70,,337668,9,,,0,32,,337666,9,,,0
6000,'3',1553,,337704,9,,,0,74,,337700,9,,,0,30,,337679,9,,,0,66,,337694,9,,,0,30,,337684,9,,,0,70,,337696,9,,,0,32,,274300,9,,,0
6000,'4',1553,,337724,9,,,0,72,,337733,9,,,0,31,,337726,9,,,0,69,,337707,9,,,0,30,,337717,9,,,0,70,,337712,9,,,0,30,,337708,9,,,0
6000,'5',1553,,337762,9,,,0,74,,337758,9,,,0,30,,337737,9,,,0,66,,337752,9,,,0,30,,337742,9,,,0,70,,337754,9,,,0,32,,274452,9,,,0
6000,'6',1553,,337790,9,,,0,74,,337786,9,,,0,30,,337766,9,,,0,66,,337781,9,,,0,30,,337770,9,,,0,70,,248200,9,,,0,32,,337780,9,,,0
6000,'7',1553,,293959,9,,,0,74,,337813,9,,,0,30,,337793,9,,,0,66,,20617,9,,,0,30,,337798,9,,,0,70,,337809,9,,,0,32,,337807,9,,,0
6000,'9',1553,,337844,9,,,0,74,,337840,9,,,0,30,,337820,9,,,0,66,,337835,9,,,0,30,,337824,9,,,0,70,,248099,9,,,0,32,,337834,9,,,0
6101,'1',502,,284152,29,0,9 10,0,31,,338881,29,0,9 10,0,72,,338853,15,,,0,30,,212670,15,,,0,23,,161219,14,,,0,64,,338846,10,,,0,30,,338857,10,,,0,74,,338873,10,,,0,28,,253820,10,,,0,70,,156708,10,,,0,30,,338884,10,,,0,70,,338869,10,,,0,30,,338859,10,,,0,69,,338861,10,,,0,30,,338866,10,,,0,70,,338872,10,,,0,30,,338850,10,,,0,70,,338863,10,,,0,33,,338843,10,,,0,54,,338860,10,0,9 10,0,14,,338877,10,,,0,16,,338878,10,0,9 10,0,12,,338841,10,,,0,58,,338845,10,0,9 10,0,13,,338883,10,,,0,17,,338865,10,0,9 10,0,18,,338842,10,,,0,50,,338882,10,0,9 10,0,16,,338852,10,,,0,17,,338849,10,0,9 10,0,13,,245722,10,,,0,59,,338867,10,0,9 10,0,15,,338876,10,,,0,15,,338851,10,0,9 10,0,57,,338848,10,,,0,14,,338871,10,,,0,14,,338880,10,,,0,15,,338858,10,,,0,15,,338862,10,,,0,67,,338874,10,,,0,30,,253834,10,,,0,68,,237311,10,,,0,30,,338847,10,,,0,70,,130546,10,,,0,30,,338854,10,,,0,68,,338864,10,,,0,29,,244220,10,,,0,70,,338855,10,,,0,30,,151579,10,,,0,79,,338856,11,0,9 10,0,30,,338844,11,0,9 10,0,70,,338870,11,0,9 10,0,30,,338875,11,0,9 10,0,67,,338868,25,0,9 10,0,30,,136164,25,0,9 10,0,70,,338879,25,0,9 10,0
6101,'10',559,,338917,25,0,9 10,0,70,,338916,25,,,0,24,,338886,23,,,0,71,,338908,10,,,0,30,,338893,10,,,0,69,,338890,10,,,0,31,,338909,10,,,0,70,,338901,10,,,0,30,,220041,10,,,0,69,,144019,10,,,0,30,,338887,10,,,0,70,,212186,10,,,0,30,,338899,10,,,0,70,,208496,10,,,0,30,,129330,10,,,0,70,,338897,10,,,0,30,,338910,10,,,0,70,,338900,10,,,0,30,,240779,10,,,0,71,,257980,10,,,0,30,,338895,10,,,0,69,,338894,10,,,0,31,,338919,10,,,0,69,,338913,10,,,0,30,,338889,10,,,0,69,,338912,10,0,9 10,0,31,,252135,10,,,0,69,,338898,10,0,9 10,0,31,,338915,10,,,0,70,,338907,10,,,0,29,,338902,10,,,0,70,,338906,10,,,0,30,,338918,10,,,0,70,,338885,10,,,0,30,,338903,10,,,0,70,,338891,10,,,0,30,,338904,10,,,0,75,,338888,11,0,9 10,0,30,,338896,11,0,9 10,0,70,,338914,11,0,9 10,0,30,,338905,11,0,9 10,0,81,,338911,11,0,9 10,0,70,,244267,11,0,9 10,0,30,,338892,25,0,9 10,0
6101,'11',502,,338939,29,0,9 10,0,31,,338945,29,0,9 10,0,72,,338954,15,,,0,30,,338960,15,,,0,23,,338959,14,,,0,66,,338951,10,,,0,28,,338922,10,,,0,72,,338923,10,,,0,30,,338940,10,,,0,70,,270255,10,,,0,30,,338926,10,,,0,70,,338927,10,,,0,30,,338955,10,,,0,69,,338936,10,,,0,30,,338958,10,,,0,70,,280280,10,,,0,30,,338943,10,,,0,70,,220160,10,,,0,33,,338933,10,,,0,54,,338956,10,0,9 10,0,16,,338957,10,,,0,14,,338950,10,0,9 10,0,13,,338930,10,,,0,55,,338952,10,0,9 10,0,15,,338964,10,,,0,15,,210632,10,0,9 10,0,20,,338948,10,,,0,51,,338947,10,0,9 10,0,34,,151943,10,0,9 10,0,13,,338931,10,,,0,55,,338935,10,0,9 10,0,17,,338921,10,,,0,14,,338953,10,0,9 10,0,16,,338920,10,,,0,55,,338946,10,,,0,15,,338925,10,,,0,15,,338932,10,,,0,82,,338961,10,,,0,30,,338938,10,,,0,68,,338924,10,,,0,30,,338963,10,,,0,70,,338949,10,,,0,30,,338928,10,,,0,68,,338934,10,,,0,29,,261735,10,,,0,70,,338937,10,,,0,30,,250861,10,,,0,79,,338941,11,0,9 10,0,30,,338944,11,0,9 10,0,70,,338929,11,0,9 10,0,30,,338942,11,0,9 10,0,67,,338962,25,0,9 10,0,30,,266452,25,0,9 10,0,70,,132831,25,0,9 10,0
6101,'12',612,,251151,25,,,0,24,,338992,23,0,9 10,0,70,,338999,23,,,0,30,,338981,23,0,9 10,0,70,,338996,23,,,0,30,,338971,23,0,9 10,0,72,,338974,10,,,0,32,,338980,10,,,0,69,,338967,10,,,0,29,,339004,10,,,0,70,,338998,10,,,0,30,,338965,10,,,0,70,,338970,10,,,0,35,,338997,10,,,0,65,,339000,10,,,0,30,,338973,10,,,0,70,,338968,10,,,0,30,,339001,10,,,0,70,,338994,10,,,0,30,,276132,10,,,0,70,,338993,10,,,0,30,,338969,10,,,0,70,,338972,10,,,0,30,,338985,10,,,0,70,,338989,10,,,0,30,,338976,10,,,0,70,,338966,10,,,0,30,,338979,10,,,0,69,,338991,10,0,9 10,0,30,,338986,10,,,0,69,,338988,10,0,9 10,0,31,,338978,10,,,0,70,,338990,10,,,0,29,,338987,10,0,9 10,0,71,,338982,10,,,0,29,,338983,10,0,9 10,0,76,,338995,11,0,9 10,0,30,,338975,25,0,9 10,0,70,,339003,25,0,9 10,0,30,,338977,25,0,9 10,0,70,,338984,25,0,9 10,0,26,,257598,25,0,9 10,0,70,,339002,25,0,9 10,0
6101,'13',502,,339024,29,0,9 10,0,31,,339030,29,0,9 10,0,72,,339039,15,,,0,30,,339045,15,,,0,23,,339044,14,,,0,66,,339036,10,,,0,28,,339007,10,,,0,72,,339008,10,,,0,30,,339025,10,,,0,70,,270306,10,,,0,30,,339011,10,,,0,70,,339012,10,,,0,30,,339040,10,,,0,69,,339021,10,,,0,30,,339043,10,,,0,70,,280305,10,,,0,30,,339028,10,,,0,70,,220204,10,,,0,33,,339018,10,,,0,54,,339041,10,0,9 10,0,16,,339042,10,,,0,14,,339035,10,0,9 10,0,13,,339015,10,,,0,55,,339037,10,0,9 10,0,15,,339049,10,,,0,15,,210680,10,0,9 10,0,20,,339033,10,,,0,51,,339032,10,0,9 10,0,34,,151281,10,0,9 10,0,13,,339016,10,,,0,55,,339020,10,0,9 10,0,17,,339006,10,,,0,14,,339038,10,0,9 10,0,16,,339005,10,,,0,55,,339031,10,,,0,15,,339010,10,,,0,15,,339017,10,,,0,82,,339046,10,,,0,30,,339023,10,,,0,68,,339009,10,,,0,30,,339048,10,,,0,70,,339034,10,,,0,30,,339013,10,,,0,68,,339019,10,,,0,29,,261780,10,,,0,70,,339022,10,,,0,30,,250900,10,,,0,79,,339026,11,0,9 10,0,30,,339029,11,0,9 10,0,70,,339014,11,0,9 10,0,30,,339027,11,0,9 10,0,67,,339047,25,0,9 10,0,30,,266498,25,0,9 10,0,70,,131970,25,0,9 10,0
6101,'14',502,,339069,29,0,9 10,0,31,,339075,29,0,9 10,0,72,,339084,15,,,0,30,,339090,15,,,0,23,,339089,14,,,0,66,,339081,10,,,0,28,,339052,10,,,0,72,,339053,10,,,0,30,,339070,10,,,0,70,,270516,10,,,0,30,,339056,10,,,0,70,,339057,10,,,0,30,,339085,10,,,0,69,,339066,10,,,0,30,,339088,10,,,0,70,,280405,10,,,0,30,,339073,10,,,0,70,,220388,10,,,0,33,,339063,10,,,0,54,,339086,10,0,9 10,0,16,,339087,10,,,0,14,,339080,10,0,9 10,0,13,,339060,10,,,0,55,,339082,10,0,9 10,0,15,,339094,10,,,0,15,,210903,10,0,9 10,0,20,,339078,10,,,0,51,,339077,10,0,9 10,0,34,,151617,10,0,9 10,0,13,,339061,10,,,0,55,,339065,10,0,9 10,0,17,,339051,10,,,0,14,,339083,10,0,9 10,0,16,,339050,10,,,0,55,,339076,10,,,0,15,,339055,10,,,0,15,,339062,10,,,0,82,,339091,10,,,0,30,,339068,10,,,0,68,,339054,10,,,0,30,,339093,10,,,0,70,,339079,10,,,0,30,,339058,10,,,0,68,,339064,10,,,0,29,,261952,10,,,0,70,,339067,10,,,0,30,,251052,10,,,0,79,,339071,11,0,9 10,0,30,,339074,11,0,9 10,0,70,,339059,11,0,9 10,0,30,,339072,11,0,9 10,0,67,,339092,25,0,9 10,0,30,,266687,25,0,9 10,0,70,,132411,25,0,9 10,0
6101,'15',612,,339115,25,,,0,24,,339114,23,0,9 10,0,70,,294485,23,,,0,30,,339106,23,0,9 10,0,70,,339118,23,,,0,30,,265780,23,0,9 10,0,72,,339101,10,,,0,32,,250360,10,,,0,69,,339097,10,,,0,29,,339124,10,,,0,70,,339119,10,,,0,30,,339095,10,,,0,70,,240458,10,,,0,35,,268578,10,,,0,65,,339120,10,,,0,30,,259141,10,,,0,70,,339098,10,,,0,30,,339121,10,,,0,70,,275126,10,,,0,30,,339110,10,,,0,70,,271080,10,,,0,30,,339099,10,,,0,70,,339100,10,,,0,30,,339109,10,,,0,70,,339111,10,,,0,30,,339103,10,,,0,70,,339096,10,,,0,30,,263674,10,,,0,69,,339113,10,0,9 10,0,30,,216054,10,,,0,69,,210795,10,0,9 10,0,31,,339105,10,,,0,70,,339112,10,,,0,29,,263692,10,0,9 10,0,71,,264947,10,,,0,29,,339107,10,0,9 10,0,76,,339117,11,0,9 10,0,30,,339102,25,0,9 10,0,70,,339123,25,0,9 10,0,30,,339104,25,0,9 10,0,70,,339108,25,0,9 10,0,26,,339116,25,0,9 10,0,70,,339122,25,0,9 10,0
6101,'16',559,,339162,25,0,9 10,0,70,,286542,25,,,0,24,,339126,23,,,0,71,,247387,10,,,0,30,,339134,10,,,0,69,,339131,10,,,0,31,,339155,10,,,0,70,,339146,10,,,0,30,,339128,10,,,0,69,,339140,10,,,0,30,,339127,10,,,0,70,,339163,10,,,0,30,,339144,10,,,0,70,,339138,10,,,0,30,,339166,10,,,0,70,,339141,10,,,0,30,,339156,10,,,0,70,,339145,10,,,0,30,,339150,10,,,0,71,,339137,10,,,0,30,,339136,10,,,0,69,,339135,10,,,0,31,,339165,10,,,0,69,,339159,10,,,0,30,,339130,10,,,0,69,,339158,10,0,9 10,0,31,,339142,10,,,0,69,,339143,10,0,9 10,0,31,,339161,10,,,0,70,,339154,10,,,0,29,,339147,10,,,0,70,,339153,10,,,0,30,,339164,10,,,0,70,,339125,10,,,0,30,,339148,10,,,0,70,,339132,10,,,0,30,,339149,10,,,0,75,,339129,11,0,9 10,0,30,,339139,11,0,9 10,0,70,,339160,11,0,9 10,0,30,,339151,11,0,9 10,0,81,,339157,11,0,9 10,0,70,,339152,11,0,9 10,0,30,,339133,25,0,9 10,0
6101,'2',502,,235121,29,0,9 10,0,31,,339190,29,0,9 10,0,72,,339200,15,,,0,30,,339205,15,,,0,23,,339204,14,,,0,66,,339197,10,,,0,28,,252395,10,,,0,72,,339169,10,,,0,30,,339184,10,,,0,70,,339172,10,,,0,30,,339174,10,,,0,70,,293017,10,,,0,30,,339201,10,,,0,69,,339181,10,,,0,30,,339203,10,,,0,70,,339188,10,,,0,30,,339187,10,,,0,70,,339177,10,,,0,33,,339179,10,,,0,54,,265494,10,0,9 10,0,16,,339202,10,,,0,14,,339196,10,0,9 10,0,13,,140414,10,,,0,55,,339198,10,0,9 10,0,15,,227040,10,,,0,15,,339176,10,0,9 10,0,20,,339194,10,,,0,51,,339193,10,0,9 10,0,34,,339171,10,0,9 10,0,13,,258796,10,,,0,55,,339180,10,0,9 10,0,17,,339168,10,,,0,14,,339199,10,0,9 10,0,16,,339167,10,,,0,55,,339191,10,,,0,15,,121790,10,,,0,15,,339178,10,,,0,82,,260231,10,,,0,30,,339183,10,,,0,68,,231994,10,,,0,30,,339207,10,,,0,70,,339195,10,,,0,30,,339175,10,,,0,68,,282384,10,,,0,29,,339185,10,,,0,70,,339182,10,,,0,30,,339170,10,,,0,79,,255475,11,0,9 10,0,30,,339189,11,0,9 10,0,70,,217392,11,0,9 10,0,30,,339186,11,0,9 10,0,67,,339206,25,0,9 10,0,30,,339192,25,0,9 10,0,70,,339173,25,0,9 10,0
6101,'3',502,,339231,29,0,9 10,0,31,,339238,29,0,9 10,0,72,,339248,15,,,0,30,,339254,15,,,0,23,,339253,14,,,0,66,,339245,10,,,0,28,,339209,10,,,0,72,,339210,10,,,0,30,,339232,10,,,0,70,,339214,10,,,0,30,,339217,10,,,0,70,,339218,10,,,0,30,,339249,10,,,0,69,,339228,10,,,0,30,,339252,10,,,0,70,,339236,10,,,0,30,,339235,10,,,0,70,,339223,10,,,0,33,,339226,10,,,0,54,,339250,10,0,9 10,0,16,,339251,10,,,0,14,,339244,10,0,9 10,0,13,,339222,10,,,0,55,,339246,10,0,9 10,0,15,,339257,10,,,0,15,,339221,10,0,9 10,0,20,,339242,10,,,0,51,,339241,10,0,9 10,0,34,,339212,10,0,9 10,0,13,,339224,10,,,0,55,,224210,10,0,9 10,0,17,,218048,10,,,0,14,,339247,10,0,9 10,0,16,,339208,10,,,0,55,,339239,10,,,0,15,,339216,10,,,0,15,,339225,10,,,0,82,,339255,10,,,0,30,,339230,10,,,0,68,,339213,10,,,0,30,,339256,10,,,0,70,,339243,10,,,0,30,,339219,10,,,0,68,,339227,10,,,0,29,,339234,10,,,0,70,,339229,10,,,0,30,,339211,10,,,0,79,,339233,11,0,9 10,0,30,,339237,11,0,9 10,0,70,,339220,11,0,9 10,0,30,,226767,11,0,9 10,0,67,,221789,25,0,9 10,0,30,,339240,25,0,9 10,0,70,,339215,25,0,9 10,0
6101,'4',502,,339293,29,0,9 10,0,31,,339292,29,0,9 10,0,72,,339289,15,,,0,30,,339263,15,,,0,23,,339284,14,,,0,64,,339266,10,,,0,30,,339276,10,,,0,72,,132312,10,,,0,30,,339268,10,,,0,70,,339298,10,,,0,30,,339258,10,,,0,70,,339301,10,,,0,30,,339296,10,,,0,69,,211570,10,,,0,30,,339262,10,,,0,70,,339269,10,,,0,30,,339294,10,,,0,70,,339291,10,,,0,33,,209620,10,,,0,54,,339270,10,0,9 10,0,14,,272168,10,,,0,16,,339295,10,0,9 10,0,13,,339297,10,,,0,55,,339300,10,0,9 10,0,15,,218625,10,,,0,15,,339302,10,0,9 10,0,16,,339272,10,,,0,55,,339280,10,0,9 10,0,19,,339282,10,,,0,14,,339260,10,0,9 10,0,14,,339277,10,,,0,55,,253891,10,0,9 10,0,15,,339279,10,,,0,17,,146031,10,0,9 10,0,14,,339278,10,,,0,56,,284248,10,,,0,14,,339286,10,,,0,14,,339275,10,,,0,15,,339273,10,,,0,69,,69184,10,,,0,30,,339299,10,,,0,68,,339271,10,,,0,30,,339274,10,,,0,70,,339261,10,,,0,30,,339267,10,,,0,68,,339288,10,,,0,29,,339285,10,,,0,70,,339281,10,,,0,30,,212741,10,,,0,79,,261651,11,0,9 10,0,30,,339264,11,0,9 10,0,70,,339287,11,0,9 10,0,30,,339265,11,0,9 10,0,67,,339283,25,0,9 10,0,30,,339259,25,0,9 10,0,70,,339290,25,0,9 10,0
6101,'5',502,,339326,29,0,9 10,0,31,,339333,29,0,9 10,0,72,,339343,15,,,0,30,,339349,15,,,0,23,,339348,14,,,0,66,,339340,10,,,0,28,,339304,10,,,0,72,,339305,10,,,0,30,,339327,10,,,0,70,,339309,10,,,0,30,,339312,10,,,0,70,,339313,10,,,0,30,,339344,10,,,0,69,,339323,10,,,0,30,,339347,10,,,0,70,,339331,10,,,0,30,,339330,10,,,0,70,,339318,10,,,0,33,,339321,10,,,0,54,,339345,10,0,9 10,0,16,,339346,10,,,0,14,,339339,10,0,9 10,0,13,,339317,10,,,0,55,,339341,10,0,9 10,0,15,,339352,10,,,0,15,,339316,10,0,9 10,0,20,,339337,10,,,0,51,,339336,10,0,9 10,0,34,,339307,10,0,9 10,0,13,,339319,10,,,0,55,,224279,10,0,9 10,0,17,,218215,10,,,0,14,,339342,10,0,9 10,0,16,,339303,10,,,0,55,,339334,10,,,0,15,,339311,10,,,0,15,,339320,10,,,0,82,,339350,10,,,0,30,,339325,10,,,0,68,,339308,10,,,0,30,,339351,10,,,0,70,,339338,10,,,0,30,,339314,10,,,0,68,,339322,10,,,0,29,,339329,10,,,0,70,,339324,10,,,0,30,,339306,10,,,0,79,,339328,11,0,9 10,0,30,,339332,11,0,9 10,0,70,,339315,11,0,9 10,0,30,,226872,11,0,9 10,0,67,,221868,25,0,9 10,0,30,,339335,25,0,9 10,0,70,,339310,25,0,9 10,0
6101,'6',502,,339372,29,0,9 10,0,31,,339378,29,0,9 10,0,72,,339387,15,,,0,30,,339393,15,,,0,23,,339392,14,,,0,66,,339384,10,,,0,28,,339355,10,,,0,72,,339356,10,,,0,30,,339373,10,,,0,70,,269949,10,,,0,30,,339359,10,,,0,70,,339360,10,,,0,30,,339388,10,,,0,69,,339369,10,,,0,30,,339391,10,,,0,70,,280112,10,,,0,30,,339376,10,,,0,70,,219889,10,,,0,33,,339366,10,,,0,54,,339389,10,0,9 10,0,16,,339390,10,,,0,14,,339383,10,0,9 10,0,13,,339363,10,,,0,55,,339385,10,0,9 10,0,15,,339397,10,,,0,15,,210323,10,0,9 10,0,20,,339381,10,,,0,51,,339380,10,0,9 10,0,34,,151859,10,0,9 10,0,13,,339364,10,,,0,55,,339368,10,0,9 10,0,17,,339354,10,,,0,14,,339386,10,0,9 10,0,16,,339353,10,,,0,55,,339379,10,,,0,15,,339358,10,,,0,15,,339365,10,,,0,82,,339394,10,,,0,30,,339371,10,,,0,68,,339357,10,,,0,30,,339396,10,,,0,70,,339382,10,,,0,30,,339361,10,,,0,68,,339367,10,,,0,29,,261477,10,,,0,70,,339370,10,,,0,30,,250646,10,,,0,79,,339374,11,0,9 10,0,30,,339377,11,0,9 10,0,70,,339362,11,0,9 10,0,30,,339375,11,0,9 10,0,67,,339395,25,0,9 10,0,30,,266191,25,0,9 10,0,70,,132712,25,0,9 10,0
6101,'7',502,,234927,29,0,9 10,0,31,,339421,29,0,9 10,0,72,,339431,15,,,0,30,,339436,15,,,0,23,,339435,14,,,0,66,,339428,10,,,0,28,,252343,10,,,0,72,,339400,10,,,0,30,,339415,10,,,0,70,,339403,10,,,0,30,,339405,10,,,0,70,,293008,10,,,0,30,,339432,10,,,0,69,,339412,10,,,0,30,,339434,10,,,0,70,,339419,10,,,0,30,,339418,10,,,0,70,,339408,10,,,0,33,,339410,10,,,0,54,,265377,10,0,9 10,0,16,,339433,10,,,0,14,,339427,10,0,9 10,0,13,,140487,10,,,0,55,,339429,10,0,9 10,0,15,,226923,10,,,0,15,,339407,10,0,9 10,0,20,,339425,10,,,0,51,,339424,10,0,9 10,0,34,,339402,10,0,9 10,0,13,,258663,10,,,0,55,,339411,10,0,9 10,0,17,,339399,10,,,0,14,,339430,10,0,9 10,0,16,,339398,10,,,0,55,,339422,10,,,0,15,,121873,10,,,0,15,,339409,10,,,0,82,,260127,10,,,0,30,,339414,10,,,0,68,,231924,10,,,0,30,,339438,10,,,0,70,,339426,10,,,0,30,,339406,10,,,0,68,,282336,10,,,0,29,,339416,10,,,0,70,,339413,10,,,0,30,,339401,10,,,0,79,,255375,11,0,9 10,0,30,,339420,11,0,9 10,0,70,,217218,11,0,9 10,0,30,,339417,11,0,9 10,0,67,,339437,25,0,9 10,0,30,,339423,25,0,9 10,0,70,,339404,25,0,9 10,0
6101,'8',612,,251447,25,,,0,24,,339466,23,0,9 10,0,70,,339473,23,,,0,30,,339455,23,0,9 10,0,70,,339470,23,,,0,30,,339445,23,0,9 10,0,72,,339448,10,,,0,32,,339454,10,,,0,69,,339441,10,,,0,29,,339478,10,,,0,70,,339472,10,,,0,30,,339439,10,,,0,70,,339444,10,,,0,35,,339471,10,,,0,65,,339474,10,,,0,30,,339447,10,,,0,70,,339442,10,,,0,30,,339475,10,,,0,70,,339468,10,,,0,30,,276644,10,,,0,70,,339467,10,,,0,30,,339443,10,,,0,70,,339446,10,,,0,30,,339459,10,,,0,70,,339463,10,,,0,30,,339450,10,,,0,70,,339440,10,,,0,30,,339453,10,,,0,69,,339465,10,0,9 10,0,30,,339460,10,,,0,69,,339462,10,0,9 10,0,31,,339452,10,,,0,70,,339464,10,,,0,29,,339461,10,0,9 10,0,71,,339456,10,,,0,29,,339457,10,0,9 10,0,76,,339469,11,0,9 10,0,30,,339449,25,0,9 10,0,70,,339477,25,0,9 10,0,30,,339451,25,0,9 10,0,70,,339458,25,0,9 10,0,26,,258217,25,0,9 10,0,70,,339476,25,0,9 10,0
6101,'9',502,,339498,29,0,9 10,0,31,,339504,29,0,9 10,0,72,,339513,15,,,0,30,,339519,15,,,0,23,,339518,14,,,0,66,,339510,10,,,0,28,,339481,10,,,0,72,,339482,10,,,0,30,,339499,10,,,0,70,,269794,10,,,0,30,,339485,10,,,0,70,,339486,10,,,0,30,,339514,10,,,0,69,,339495,10,,,0,30,,339517,10,,,0,70,,280034,10,,,0,30,,339502,10,,,0,70,,219755,10,,,0,33,,339492,10,,,0,54,,339515,10,0,9 10,0,16,,339516,10,,,0,14,,339509,10,0,9 10,0,13,,339489,10,,,0,55,,339511,10,0,9 10,0,15,,339523,10,,,0,15,,210175,10,0,9 10,0,20,,339507,10,,,0,51,,339506,10,0,9 10,0,34,,151669,10,0,9 10,0,13,,339490,10,,,0,55,,339494,10,0,9 10,0,17,,339480,10,,,0,14,,339512,10,0,9 10,0,16,,339479,10,,,0,55,,339505,10,,,0,15,,339484,10,,,0,15,,339491,10,,,0,82,,339520,10,,,0,30,,339497,10,,,0,68,,339483,10,,,0,30,,339522,10,,,0,70,,339508,10,,,0,30,,339487,10,,,0,68,,339493,10,,,0,29,,261359,10,,,0,70,,339496,10,,,0,30,,250545,10,,,0,79,,339500,11,0,9 10,0,30,,339503,11,0,9 10,0,70,,339488,11,0,9 10,0,30,,339501,11,0,9 10,0,67,,339521,25,0,9 10,0,30,,266071,25,0,9 10,0,70,,132474,25,0,9 10,0
6701,'1',1642,,140590,9,,,0,69,,342169,9,,,0,31,,342172,9,,,0,70,,342178,9,,,0,30,,342176,9,,,0,70,,342177,9,,,0
6701,'11',1642,,342213,9,,,0,69,,279694,9,,,0,31,,342219,9,,,0,70,,342221,9,,,0,30,,278904,9,,,0,70,,342225,9,,,0
6701,'13',1642,,342256,9,,,0,69,,279747,9,,,0,31,,342262,9,,,0,70,,342264,9,,,0,30,,278955,9,,,0,70,,342268,9,,,0
6701,'14',1642,,342281,9,,,0,69,,279935,9,,,0,31,,342287,9,,,0,70,,342289,9,,,0,30,,279132,9,,,0,70,,342293,9,,,0
6701,'2',1642,,254419,9,,,0,69,,342346,9,,,0,31,,342339,9,,,0,70,,342341,9,,,0,30,,342345,9,,,0,70,,44817,9,,,0
6701,'3',1642,,342357,9,,,0,69,,342372,9,,,0,31,,342363,9,,,0,70,,342366,9,,,0,30,,342370,9,,,0,70,,342371,9,,,0
6701,'4',1642,,342376,9,,,0,71,,342383,9,,,0,31,,342390,9,,,0,70,,342396,9,,,0,30,,342388,9,,,0,68,,342384,9,,,0
6701,'5',1642,,342408,9,,,0,69,,342423,9,,,0,31,,342414,9,,,0,70,,342417,9,,,0,30,,342421,9,,,0,70,,342422,9,,,0
6701,'6',1642,,342434,9,,,0,69,,279407,9,,,0,31,,342440,9,,,0,70,,342442,9,,,0,30,,278592,9,,,0,70,,342446,9,,,0
6701,'7',1642,,254338,9,,,0,69,,342466,9,,,0,31,,342459,9,,,0,70,,342461,9,,,0,30,,342465,9,,,0,70,,180086,9,,,0
6701,'9',1642,,342497,9,,,0,69,,279276,9,,,0,31,,342503,9,,,0,70,,342505,9,,,0,30,,278456,9,,,0,70,,342509,9,,,0
30101,'1',1451,,376065,15,,,0
30101,'11',1451,,376066,15,,,0
30301,'4',1451,,376073,15,,,0
30301,'6',1451,,376074,15,,,0
30301,'7',1451,,255389,15,,,0
