61800,'10',806,,118414,38,,,1,7,,118415,38,,,1
61800,'11',806,,118416,38,,,1,7,,118417,38,,,1
61800,'12',806,,118418,38,,,1,7,,118419,38,,,1
61800,'15',806,,118420,38,,,1,7,,118421,38,,,1
61800,'16',806,,118422,38,,,1,7,,118423,38,,,1
61800,'3',806,,118424,38,,,1,7,,118425,38,,,1
61800,'4',806,,118426,38,,,1,7,,118427,38,,,1
61800,'6',806,,118428,38,,,1,7,,118429,38,,,1
67800,'10',815,,119926,32,,,1
67800,'11',815,,119927,32,,,1
67800,'12',815,,119928,32,,,1
67800,'15',815,,119929,32,,,1
67800,'16',815,,119930,32,,,1
67800,'3',815,,119931,32,,,1
67800,'4',815,,119932,32,,,1
67800,'6',815,,119933,32,,,1
