2000,'1',524,,92895,11,,,1,104,,137373,11,,,1,29,,137374,11,,,1,68,,137377,11,,,1,30,,137363,11,,,1,69,,137375,11,,,1,30,,137368,11,,,1,70,,137362,11,,,1,30,,137364,11,,,1,70,,137381,11,,,1,30,,109200,11,,,1,70,,137388,11,,,1,30,,137366,11,,,1,71,,137389,11,,,1,30,,137371,11,,,1,70,,49889,11,,,1,30,,137369,11,,,1,68,,137372,11,,,1,29,,87211,11,,,1,69,,137367,11,,,1,28,,137365,11,,,1,70,,137376,11,,,1,32,,137383,11,,,1,70,,119400,11,,,1,31,,137378,11,,,1,72,,137382,11,,,1,31,,137370,11,,,1,70,,45910,11,,,1,30,,137387,11,,,1,72,,137380,11,,,1,29,,137385,11,,,1,70,,137384,11,,,1,28,,137386,11,,,1,100,,137379,11,,,1,99,,55531,11,,,1
2000,'10',524,,137407,11,,,1,104,,137403,11,,,1,97,,137402,11,,,1,101,,137400,11,,,1,98,,137405,11,,,1,100,,137401,11,,,1,100,,137399,11,,,1,101,,137392,11,,,1,100,,137396,11,,,1,98,,137406,11,,,1,98,,137394,11,,,1,98,,137404,11,,,1,102,,137390,11,,,1,103,,137393,11,,,1,101,,137398,11,,,1,102,,137397,11,,,1,99,,137395,11,,,1,128,,117255,11,,,1,99,,137391,11,,,1
2000,'11',922,,137418,11,,,1,30,,67730,11,,,1,71,,137421,11,,,1,30,,137425,11,,,1,70,,137413,11,,,1,30,,137411,11,,,1,70,,108408,11,,,1,30,,137408,11,,,1,70,,137409,11,,,1,30,,137428,11,,,1,70,,137415,11,,,1,30,,137423,11,,,1,70,,137419,11,,,1,30,,137414,11,,,1,70,,137426,11,,,1,30,,137417,11,,,1,70,,137420,11,,,1,30,,137424,11,,,1,70,,137412,11,,,1,30,,137416,11,,,1,70,,137422,11,,,1,30,,118082,11,,,1,69,,61344,11,,,1,30,,137410,11,,,1,100,,51429,11,,,1,100,,137427,11,,,1
2000,'12',524,,137437,11,,,1,104,,137446,11,,,1,29,,137453,11,,,1,68,,137439,11,,,1,30,,111460,11,,,1,69,,137441,11,,,1,30,,40560,11,,,1,70,,137452,11,,,1,30,,137444,11,,,1,70,,137430,11,,,1,30,,85491,11,,,1,70,,137451,11,,,1,30,,137455,11,,,1,71,,137447,11,,,1,30,,137433,11,,,1,70,,98710,11,,,1,30,,137438,11,,,1,68,,137442,11,,,1,29,,137450,11,,,1,69,,137429,11,,,1,28,,137432,11,,,1,70,,137431,11,,,1,32,,85474,11,,,1,70,,137448,11,,,1,31,,10852,11,,,1,72,,137454,11,,,1,31,,137436,11,,,1,70,,137443,11,,,1,30,,137435,11,,,1,72,,78313,11,,,1,29,,137440,11,,,1,70,,137445,11,,,1,28,,137449,11,,,1,100,,137434,11,,,1,99,,19720,11,,,1
2000,'13',922,,137467,11,,,1,30,,137473,11,,,1,71,,115874,11,,,1,30,,137474,11,,,1,70,,137461,11,,,1,30,,79535,11,,,1,70,,137476,11,,,1,30,,137457,11,,,1,70,,137458,11,,,1,30,,94512,11,,,1,70,,137463,11,,,1,30,,137471,11,,,1,70,,137468,11,,,1,30,,137462,11,,,1,70,,137475,11,,,1,30,,137466,11,,,1,70,,137469,11,,,1,30,,137472,11,,,1,70,,137460,11,,,1,30,,137464,11,,,1,70,,137470,11,,,1,30,,137456,11,,,1,69,,137459,11,,,1,30,,106594,11,,,1,100,,137465,11,,,1,100,,55646,11,,,1
2000,'14',524,,137486,11,,,1,104,,137498,11,,,1,29,,137504,11,,,1,68,,137488,11,,,1,30,,137497,11,,,1,69,,88438,11,,,1,30,,137485,11,,,1,70,,597,11,,,1,30,,137495,11,,,1,70,,137479,11,,,1,30,,137494,11,,,1,70,,137503,11,,,1,30,,137506,11,,,1,71,,137499,11,,,1,30,,137482,11,,,1,70,,137480,11,,,1,30,,137487,11,,,1,68,,137491,11,,,1,29,,137502,11,,,1,69,,137477,11,,,1,28,,137481,11,,,1,70,,103829,11,,,1,32,,137484,11,,,1,70,,137500,11,,,1,31,,137478,11,,,1,72,,137505,11,,,1,31,,1578,11,,,1,70,,137492,11,,,1,30,,35914,11,,,1,72,,137493,11,,,1,29,,137489,11,,,1,70,,137496,11,,,1,28,,137501,11,,,1,100,,137483,11,,,1,99,,137490,11,,,1
2000,'15',524,,137516,11,,,1,104,,137528,11,,,1,29,,137534,11,,,1,68,,137518,11,,,1,30,,137527,11,,,1,69,,88722,11,,,1,30,,137515,11,,,1,70,,941,11,,,1,30,,137525,11,,,1,70,,137509,11,,,1,30,,137524,11,,,1,70,,137533,11,,,1,30,,137536,11,,,1,71,,137529,11,,,1,30,,137512,11,,,1,70,,137510,11,,,1,30,,137517,11,,,1,68,,137521,11,,,1,29,,137532,11,,,1,69,,137507,11,,,1,28,,137511,11,,,1,70,,104218,11,,,1,32,,137514,11,,,1,70,,137530,11,,,1,31,,137508,11,,,1,72,,137535,11,,,1,31,,1915,11,,,1,70,,137522,11,,,1,30,,36105,11,,,1,72,,137523,11,,,1,29,,137519,11,,,1,70,,137526,11,,,1,28,,137531,11,,,1,100,,137513,11,,,1,99,,137520,11,,,1
2000,'16',524,,78558,11,,,1,104,,137558,11,,,1,29,,137564,11,,,1,68,,137548,11,,,1,30,,137557,11,,,1,69,,137551,11,,,1,30,,137546,11,,,1,70,,137563,11,,,1,30,,137555,11,,,1,70,,137539,11,,,1,30,,137554,11,,,1,70,,137562,11,,,1,30,,137566,11,,,1,71,,29982,11,,,1,30,,137543,11,,,1,70,,137541,11,,,1,30,,112219,11,,,1,68,,137552,11,,,1,29,,137561,11,,,1,69,,137537,11,,,1,28,,137542,11,,,1,70,,137540,11,,,1,32,,137545,11,,,1,70,,137559,11,,,1,31,,137538,11,,,1,72,,137565,11,,,1,31,,137547,11,,,1,70,,113474,11,,,1,30,,137544,11,,,1,72,,137553,11,,,1,29,,137549,11,,,1,70,,137556,11,,,1,28,,137560,11,,,1,100,,23631,11,,,1,99,,137550,11,,,1
2000,'17',524,,93181,11,,,1,104,,137578,11,,,1,29,,137579,11,,,1,68,,137582,11,,,1,30,,137568,11,,,1,69,,137580,11,,,1,30,,137573,11,,,1,70,,137567,11,,,1,30,,137569,11,,,1,70,,137586,11,,,1,30,,109305,11,,,1,70,,137593,11,,,1,30,,137571,11,,,1,71,,137594,11,,,1,30,,137576,11,,,1,70,,50225,11,,,1,30,,137574,11,,,1,68,,137577,11,,,1,29,,87443,11,,,1,69,,137572,11,,,1,28,,137570,11,,,1,70,,137581,11,,,1,32,,137588,11,,,1,70,,119418,11,,,1,31,,137583,11,,,1,72,,137587,11,,,1,31,,137575,11,,,1,70,,45982,11,,,1,30,,137592,11,,,1,72,,137585,11,,,1,29,,137590,11,,,1,70,,137589,11,,,1,28,,137591,11,,,1,100,,137584,11,,,1,99,,55760,11,,,1
2000,'2',524,,92957,11,,,1,104,,137606,11,,,1,29,,137607,11,,,1,68,,137610,11,,,1,30,,137596,11,,,1,69,,137608,11,,,1,30,,137601,11,,,1,70,,137595,11,,,1,30,,137597,11,,,1,70,,137614,11,,,1,30,,109222,11,,,1,70,,137621,11,,,1,30,,137599,11,,,1,71,,137622,11,,,1,30,,137604,11,,,1,70,,49962,11,,,1,30,,137602,11,,,1,68,,137605,11,,,1,29,,87263,11,,,1,69,,137600,11,,,1,28,,137598,11,,,1,70,,137609,11,,,1,32,,137616,11,,,1,70,,119406,11,,,1,31,,137611,11,,,1,72,,137615,11,,,1,31,,137603,11,,,1,70,,45928,11,,,1,30,,137620,11,,,1,72,,137613,11,,,1,29,,137618,11,,,1,70,,137617,11,,,1,28,,137619,11,,,1,100,,137612,11,,,1,99,,55579,11,,,1
2000,'3',524,,137632,11,,,1,104,,137644,11,,,1,29,,137650,11,,,1,68,,137634,11,,,1,30,,137643,11,,,1,69,,88615,11,,,1,30,,137631,11,,,1,70,,817,11,,,1,30,,137641,11,,,1,70,,137625,11,,,1,30,,137640,11,,,1,70,,137649,11,,,1,30,,137652,11,,,1,71,,137645,11,,,1,30,,137628,11,,,1,70,,137626,11,,,1,30,,137633,11,,,1,68,,137637,11,,,1,29,,137648,11,,,1,69,,137623,11,,,1,28,,137627,11,,,1,70,,104075,11,,,1,32,,137630,11,,,1,70,,137646,11,,,1,31,,137624,11,,,1,72,,137651,11,,,1,31,,1793,11,,,1,70,,137638,11,,,1,30,,36038,11,,,1,72,,137639,11,,,1,29,,137635,11,,,1,70,,137642,11,,,1,28,,137647,11,,,1,100,,137629,11,,,1,99,,137636,11,,,1
2000,'4',654,,137672,11,,,1,100,,137673,11,,,1,70,,137656,11,,,1,30,,137663,11,,,1,70,,96772,11,,,1,30,,137654,11,,,1,71,,137671,11,,,1,30,,100080,11,,,1,70,,137666,11,,,1,30,,137658,11,,,1,70,,137655,11,,,1,30,,137667,11,,,1,70,,137659,11,,,1,30,,116595,11,,,1,70,,137657,11,,,1,30,,137668,11,,,1,70,,137664,11,,,1,30,,77939,11,,,1,70,,137660,11,,,1,30,,86127,11,,,1,70,,137653,11,,,1,30,,36067,11,,,1,70,,137662,11,,,1,30,,137669,11,,,1,70,,16379,11,,,1,80,,137661,11,,,1,99,,137674,11,,,1,100,,137670,11,,,1,100,,137665,11,,,1,100,,88674,11,,,1
2000,'5',524,,137697,11,,,1,104,,137686,11,,,1,29,,137687,11,,,1,68,,137690,11,,,1,30,,137676,11,,,1,69,,137688,11,,,1,30,,137680,11,,,1,70,,137675,11,,,1,30,,61683,11,,,1,70,,137695,11,,,1,30,,137684,11,,,1,70,,137706,11,,,1,30,,137678,11,,,1,71,,137707,11,,,1,30,,137683,11,,,1,70,,137701,11,,,1,30,,137681,11,,,1,68,,137685,11,,,1,29,,137702,11,,,1,69,,137679,11,,,1,28,,137677,11,,,1,70,,137689,11,,,1,32,,137699,11,,,1,70,,137698,11,,,1,31,,137691,11,,,1,72,,137696,11,,,1,31,,137682,11,,,1,70,,137708,11,,,1,30,,137705,11,,,1,72,,137694,11,,,1,29,,137703,11,,,1,70,,137700,11,,,1,28,,137704,11,,,1,100,,137693,11,,,1,99,,137692,11,,,1
2000,'6',524,,93527,11,,,1,104,,137720,11,,,1,29,,137721,11,,,1,68,,137724,11,,,1,30,,137710,11,,,1,69,,137722,11,,,1,30,,137715,11,,,1,70,,137709,11,,,1,30,,137711,11,,,1,70,,137728,11,,,1,30,,109426,11,,,1,70,,137735,11,,,1,30,,137713,11,,,1,71,,137736,11,,,1,30,,137718,11,,,1,70,,50629,11,,,1,30,,137716,11,,,1,68,,137719,11,,,1,29,,87723,11,,,1,69,,137714,11,,,1,28,,137712,11,,,1,70,,137723,11,,,1,32,,137730,11,,,1,70,,119430,11,,,1,31,,137725,11,,,1,72,,137729,11,,,1,31,,137717,11,,,1,70,,46072,11,,,1,30,,137734,11,,,1,72,,137727,11,,,1,29,,137732,11,,,1,70,,137731,11,,,1,28,,137733,11,,,1,100,,137726,11,,,1,99,,56039,11,,,1
2000,'7',654,,137759,11,,,1,100,,137762,11,,,1,70,,137741,11,,,1,30,,137750,11,,,1,70,,137761,11,,,1,30,,137739,11,,,1,71,,137758,11,,,1,30,,137745,11,,,1,70,,137752,11,,,1,30,,137743,11,,,1,70,,137740,11,,,1,30,,137754,11,,,1,70,,137746,11,,,1,30,,137757,11,,,1,70,,137742,11,,,1,30,,137755,11,,,1,70,,137751,11,,,1,30,,137744,11,,,1,70,,90226,11,,,1,30,,137749,11,,,1,70,,137737,11,,,1,30,,137738,11,,,1,70,,137748,11,,,1,30,,137756,11,,,1,70,,137753,11,,,1,80,,137747,11,,,1,99,,32475,11,,,1,100,,36156,11,,,1,100,,23419,11,,,1,100,,137760,11,,,1
2000,'8',524,,93465,11,,,1,104,,137774,11,,,1,29,,137775,11,,,1,68,,137778,11,,,1,30,,137764,11,,,1,69,,137776,11,,,1,30,,137769,11,,,1,70,,137763,11,,,1,30,,137765,11,,,1,70,,137782,11,,,1,30,,109404,11,,,1,70,,137789,11,,,1,30,,137767,11,,,1,71,,137790,11,,,1,30,,137772,11,,,1,70,,50556,11,,,1,30,,137770,11,,,1,68,,137773,11,,,1,29,,87671,11,,,1,69,,137768,11,,,1,28,,137766,11,,,1,70,,137777,11,,,1,32,,137784,11,,,1,70,,119424,11,,,1,31,,137779,11,,,1,72,,137783,11,,,1,31,,137771,11,,,1,70,,46054,11,,,1,30,,137788,11,,,1,72,,137781,11,,,1,29,,137786,11,,,1,70,,137785,11,,,1,28,,137787,11,,,1,100,,137780,11,,,1,99,,55991,11,,,1
2000,'9',922,,41145,11,,,1,30,,137806,11,,,1,71,,137803,11,,,1,30,,137807,11,,,1,70,,23209,11,,,1,30,,137795,11,,,1,70,,137809,11,,,1,30,,37188,11,,,1,70,,137792,11,,,1,30,,137811,11,,,1,70,,137798,11,,,1,30,,137804,11,,,1,70,,137801,11,,,1,30,,137797,11,,,1,70,,137808,11,,,1,30,,71011,11,,,1,70,,137802,11,,,1,30,,137805,11,,,1,70,,137796,11,,,1,30,,137799,11,,,1,70,,111241,11,,,1,30,,137791,11,,,1,69,,137793,11,,,1,30,,137794,11,,,1,100,,137800,11,,,1,100,,137810,11,,,1
