7300,'1',554,,15602,6,,,0,68,,345322,6,,,0,32,,345311,6,,,0,68,,345310,6,,,0,29,,230655,6,,,0,70,,345307,6,,,0,32,,345327,6,,,0,70,,345324,6,,,0
7300,'11',554,,145849,6,,,0,68,,242615,6,,,0,33,,345333,6,,,0,67,,345353,6,,,0,29,,345345,6,,,0,70,,345346,6,,,0,32,,345343,6,,,0,70,,251404,6,,,0
7300,'13',554,,145458,6,,,0,68,,242669,6,,,0,33,,345358,6,,,0,67,,345378,6,,,0,29,,345370,6,,,0,70,,345371,6,,,0,32,,345368,6,,,0,70,,251431,6,,,0
7300,'14',554,,145646,6,,,0,68,,242850,6,,,0,33,,345383,6,,,0,67,,345403,6,,,0,29,,345395,6,,,0,70,,345396,6,,,0,32,,345393,6,,,0,70,,251540,6,,,0
7300,'2',554,,345415,6,,,0,68,,345410,6,,,0,33,,83128,6,,,0,67,,345430,6,,,0,29,,290509,6,,,0,70,,345422,6,,,0,32,,345420,6,,,0,70,,345429,6,,,0
7300,'3',554,,345444,6,,,0,68,,345440,6,,,0,33,,345435,6,,,0,67,,250518,6,,,0,29,,345451,6,,,0,70,,345452,6,,,0,32,,345449,6,,,0,70,,345458,6,,,0
7300,'4',554,,345466,6,,,0,68,,345467,6,,,0,32,,272773,6,,,0,68,,345476,6,,,0,29,,345472,6,,,0,71,,345462,6,,,0,31,,345464,6,,,0,70,,294928,6,,,0
7300,'5',554,,345496,6,,,0,68,,345492,6,,,0,33,,345487,6,,,0,67,,250603,6,,,0,29,,345503,6,,,0,70,,345504,6,,,0,32,,345501,6,,,0,70,,345510,6,,,0
7300,'6',554,,145789,6,,,0,68,,242319,6,,,0,33,,345516,6,,,0,67,,345536,6,,,0,29,,345528,6,,,0,70,,345529,6,,,0,32,,345526,6,,,0,70,,251254,6,,,0
7300,'7',554,,345548,6,,,0,68,,345543,6,,,0,33,,189853,6,,,0,67,,345563,6,,,0,29,,290426,6,,,0,70,,345555,6,,,0,32,,345553,6,,,0,70,,345562,6,,,0
7300,'9',554,,145678,6,,,0,68,,242184,6,,,0,33,,345568,6,,,0,67,,345588,6,,,0,29,,345580,6,,,0,70,,345581,6,,,0,32,,345578,6,,,0,70,,251177,6,,,0
7301,'1',1508,,345594,42,,,0,38,,345615,42,,,0,71,,258833,42,,,0,31,,345606,42,,,0,70,,345613,42,,,0,29,,345599,42,,,0,68,,345614,42,,,0,28,,345602,42,,,0,63,,219182,37,,,0
7301,'11',1508,,345619,42,,,0,38,,345616,42,,,0,102,,345621,42,,,0,70,,249675,42,,,0,29,,345623,42,,,0,68,,345620,42,,,0,28,,345630,42,,,0,63,,345628,37,,,0
7301,'13',1508,,345648,42,,,0,38,,345645,42,,,0,102,,345650,42,,,0,70,,249711,42,,,0,29,,345652,42,,,0,68,,345649,42,,,0,28,,345659,42,,,0,63,,345657,37,,,0
7301,'14',1508,,345677,42,,,0,38,,345674,42,,,0,102,,345679,42,,,0,70,,249869,42,,,0,29,,345681,42,,,0,68,,345678,42,,,0,28,,345688,42,,,0,63,,345686,37,,,0
7301,'2',1508,,241622,42,,,0,38,,345703,42,,,0,102,,345707,42,,,0,70,,345708,42,,,0,29,,345709,42,,,0,68,,345705,42,,,0,28,,345716,42,,,0,63,,345715,37,,,0
7301,'3',1508,,345731,42,,,0,38,,345729,42,,,0,102,,345733,42,,,0,70,,345734,42,,,0,29,,345736,42,,,0,68,,266730,42,,,0,28,,345744,42,,,0,63,,345742,37,,,0
7301,'4',1508,,295947,42,,,0,36,,345759,42,,,0,73,,286717,42,,,0,31,,345763,42,,,0,68,,198119,42,,,0,31,,345774,42,,,0,68,,345765,42,,,0,28,,345769,42,,,0,63,,345779,37,,,0
7301,'5',1508,,345782,42,,,0,38,,345780,42,,,0,102,,345784,42,,,0,70,,345785,42,,,0,29,,345787,42,,,0,68,,31726,42,,,0,28,,345795,42,,,0,63,,345793,37,,,0
7301,'6',1508,,345810,42,,,0,38,,345807,42,,,0,102,,345812,42,,,0,70,,249465,42,,,0,29,,345814,42,,,0,68,,345811,42,,,0,28,,345821,42,,,0,63,,345819,37,,,0
7301,'7',1508,,241498,42,,,0,38,,345836,42,,,0,102,,345840,42,,,0,70,,345841,42,,,0,29,,345842,42,,,0,68,,345838,42,,,0,28,,345849,42,,,0,63,,345848,37,,,0
7301,'9',1508,,345865,42,,,0,38,,345862,42,,,0,102,,345867,42,,,0,70,,249367,42,,,0,29,,345869,42,,,0,68,,345866,42,,,0,28,,345876,42,,,0,63,,345874,37,,,0
7400,'1',620,,238883,6,,,0,36,,345896,6,,,0,73,,345894,6,,,0,29,,345925,6,,,0,57,,268397,6,,,0,13,,345929,6,,,0,15,,345905,6,,,0,15,,345897,6,,,0,55,,345898,6,,,0,15,,345926,6,,,0,15,,345903,6,,,0,15,,345908,6,,,0,55,,270859,6,,,0,15,,345933,6,,,0,15,,345895,6,,,0,14,,345907,6,,,0,55,,345930,6,,,0,15,,345901,6,,,0,15,,345915,6,,,0,15,,345918,6,,,0,55,,345928,6,,,0,15,,345931,6,,,0,15,,8711,6,,,0,15,,345935,6,,,0,55,,345900,6,,,0,15,,345924,6,,,0,15,,345937,6,,,0,15,,345919,6,,,0,55,,135703,6,,,0,15,,345934,6,,,0,15,,345921,6,,,0,15,,345936,6,,,0,55,,345899,6,,,0,15,,275666,6,,,0,15,,345917,6,,,0,17,,345932,6,,,0,53,,345891,6,,,0,15,,345913,6,,,0,15,,345927,6,,,0,58,,345893,6,,,0,14,,345904,6,,,0,16,,267449,6,,,0,15,,179408,6,,,0,55,,345910,6,,,0,13,,345920,6,0,43,0,15,,345902,6,,,0,15,,345914,6,0,43,0,15,,345909,6,,,0,55,,345892,6,0,43,0,30,,222500,6,,,0,68,,345922,6,0,43,0,30,,345923,6,,,0,70,,345911,6,0,43,0,30,,345912,6,,,0,70,,215772,6,0,43,0,29,,345906,6,,,0
7400,'10',911,,294239,6,,,0,30,,345947,6,,,0,70,,345954,6,,,0,31,,345942,6,,,0,70,,345955,6,,,0,30,,345946,6,,,0,70,,345948,6,,,0,30,,345941,6,,,0,70,,345939,6,,,0,30,,345959,6,,,0,70,,345945,6,,,0,31,,345943,6,,,0,69,,345944,6,,,0,30,,345951,6,,,0,70,,345938,6,,,0,31,,232512,6,,,0,69,,239789,6,,,0,30,,225645,6,,,0,70,,345949,6,,,0,30,,345958,6,,,0,70,,345957,6,,,0,30,,225053,6,,,0,70,,345952,6,,,0,30,,345956,6,,,0,70,,345953,6,,,0,30,,345960,6,,,0
7400,'11',620,,345986,6,,,0,36,,345987,6,,,0,72,,345999,6,,,0,30,,346003,6,,,0,57,,345967,6,,,0,13,,184958,6,,,0,15,,346001,6,,,0,15,,346005,6,,,0,55,,345991,6,,,0,15,,133448,6,,,0,15,,345969,6,,,0,15,,228114,6,,,0,55,,346007,6,,,0,15,,346002,6,,,0,15,,177154,6,,,0,14,,245218,6,,,0,55,,345994,6,,,0,15,,345977,6,,,0,15,,345966,6,,,0,15,,345980,6,,,0,55,,345995,6,,,0,15,,345965,6,,,0,15,,345996,6,,,0,15,,345968,6,,,0,55,,345988,6,,,0,15,,345997,6,,,0,15,,345993,6,,,0,15,,346004,6,,,0,55,,345962,6,,,0,14,,345963,6,,,0,16,,345982,6,,,0,15,,346008,6,,,0,55,,286425,6,,,0,14,,345984,6,,,0,18,,345990,6,,,0,57,,345985,6,,,0,14,,345979,6,,,0,12,,345978,6,,,0,15,,345989,6,,,0,17,,346006,6,,,0,69,,345964,6,,,0,15,,345975,6,,,0,15,,345972,6,,,0,55,,345973,6,0,43,0,15,,239053,6,,,0,30,,345974,6,,,0,55,,345971,6,0,43,0,30,,345970,6,,,0,68,,219545,6,0,43,0,30,,346000,6,,,0,70,,345992,6,0,43,0,30,,345981,6,,,0,70,,345998,6,0,43,0,29,,345976,6,,,0
7400,'12',1019,,346020,6,,,0,30,,346028,6,,,0,70,,237019,6,,,0,30,,346030,6,,,0,70,,346016,6,,,0,30,,346025,6,,,0,70,,346014,6,,,0,30,,346022,6,,,0,70,,346023,6,,,0,30,,346024,6,,,0,70,,346021,6,,,0,30,,346013,6,,,0,70,,231855,6,,,0,30,,346017,6,,,0,70,,346010,6,,,0,30,,346026,6,,,0,70,,346019,6,,,0
7400,'13',620,,346055,6,,,0,36,,346056,6,,,0,72,,346068,6,,,0,30,,346072,6,,,0,57,,346036,6,,,0,13,,183949,6,,,0,15,,346070,6,,,0,15,,346074,6,,,0,55,,346060,6,,,0,15,,133215,6,,,0,15,,346038,6,,,0,15,,228145,6,,,0,55,,346076,6,,,0,15,,346071,6,,,0,15,,176508,6,,,0,14,,245257,6,,,0,55,,346063,6,,,0,15,,346046,6,,,0,15,,346035,6,,,0,15,,346049,6,,,0,55,,346064,6,,,0,15,,346034,6,,,0,15,,346065,6,,,0,15,,346037,6,,,0,55,,346057,6,,,0,15,,346066,6,,,0,15,,346062,6,,,0,15,,346073,6,,,0,55,,346031,6,,,0,14,,346032,6,,,0,16,,346051,6,,,0,15,,346077,6,,,0,55,,286444,6,,,0,14,,346053,6,,,0,18,,346059,6,,,0,57,,346054,6,,,0,14,,346048,6,,,0,12,,346047,6,,,0,15,,346058,6,,,0,17,,346075,6,,,0,69,,346033,6,,,0,15,,346044,6,,,0,15,,346041,6,,,0,55,,346042,6,0,43,0,15,,239106,6,,,0,30,,346043,6,,,0,55,,346040,6,0,43,0,30,,346039,6,,,0,68,,219571,6,0,43,0,30,,346069,6,,,0,70,,346061,6,0,43,0,30,,346050,6,,,0,70,,346067,6,0,43,0,29,,346045,6,,,0
7400,'14',620,,346102,6,,,0,36,,346103,6,,,0,72,,346115,6,,,0,30,,346119,6,,,0,57,,346083,6,,,0,13,,184472,6,,,0,15,,346117,6,,,0,15,,346121,6,,,0,55,,346107,6,,,0,15,,133333,6,,,0,15,,346085,6,,,0,15,,228267,6,,,0,55,,346123,6,,,0,15,,346118,6,,,0,15,,176844,6,,,0,14,,245404,6,,,0,55,,346110,6,,,0,15,,346093,6,,,0,15,,346082,6,,,0,15,,346096,6,,,0,55,,346111,6,,,0,15,,346081,6,,,0,15,,346112,6,,,0,15,,346084,6,,,0,55,,346104,6,,,0,15,,346113,6,,,0,15,,346109,6,,,0,15,,346120,6,,,0,55,,346078,6,,,0,14,,346079,6,,,0,16,,346098,6,,,0,15,,346124,6,,,0,55,,286513,6,,,0,14,,346100,6,,,0,18,,346106,6,,,0,57,,346101,6,,,0,14,,346095,6,,,0,12,,346094,6,,,0,15,,346105,6,,,0,17,,346122,6,,,0,69,,346080,6,,,0,15,,346091,6,,,0,15,,346088,6,,,0,55,,346089,6,0,43,0,15,,239280,6,,,0,30,,346090,6,,,0,55,,346087,6,0,43,0,30,,346086,6,,,0,68,,219621,6,0,43,0,30,,346116,6,,,0,70,,346108,6,0,43,0,30,,346097,6,,,0,70,,346114,6,0,43,0,29,,346092,6,,,0
7400,'15',1019,,346136,6,,,0,30,,346143,6,,,0,70,,346140,6,,,0,30,,231285,6,,,0,70,,346133,6,,,0,30,,346141,6,,,0,70,,346131,6,,,0,30,,346138,6,,,0,70,,255729,6,,,0,30,,346139,6,,,0,70,,346137,6,,,0,30,,346130,6,,,0,70,,346129,6,,,0,30,,268060,6,,,0,70,,346126,6,,,0,30,,346142,6,,,0,70,,346135,6,,,0
7400,'16',911,,346152,6,,,0,30,,346155,6,,,0,70,,346163,6,,,0,31,,218008,6,,,0,70,,346164,6,,,0,30,,346153,6,,,0,70,,346156,6,,,0,30,,346148,6,,,0,70,,346145,6,,,0,30,,346170,6,,,0,70,,346151,6,,,0,31,,202191,6,,,0,69,,234129,6,,,0,30,,346160,6,,,0,70,,346144,6,,,0,31,,346149,6,,,0,69,,346168,6,,,0,30,,346169,6,,,0,70,,346158,6,,,0,30,,346167,6,,,0,70,,292689,6,,,0,30,,346154,6,,,0,70,,346161,6,,,0,30,,346166,6,,,0,70,,346162,6,,,0,30,,346171,6,,,0
7400,'2',620,,346195,6,,,0,36,,346196,6,,,0,72,,346207,6,,,0,30,,346211,6,,,0,57,,346176,6,,,0,13,,346192,6,,,0,15,,346209,6,,,0,15,,346213,6,,,0,55,,346199,6,,,0,15,,346216,6,,,0,15,,346179,6,,,0,15,,346188,6,,,0,55,,164907,6,,,0,15,,346210,6,,,0,15,,346215,6,,,0,14,,346185,6,,,0,55,,346201,6,,,0,15,,291462,6,,,0,15,,187720,6,,,0,15,,147311,6,,,0,55,,346203,6,,,0,15,,346175,6,,,0,15,,346204,6,,,0,15,,346178,6,,,0,55,,346197,6,,,0,15,,346205,6,,,0,15,,200924,6,,,0,15,,346212,6,,,0,55,,254906,6,,,0,14,,346173,6,,,0,16,,346190,6,,,0,15,,346217,6,,,0,55,,346177,6,,,0,14,,346193,6,,,0,18,,269158,6,,,0,57,,346194,6,,,0,14,,346187,6,,,0,12,,346186,6,,,0,15,,346198,6,,,0,17,,346214,6,,,0,69,,346174,6,,,0,15,,346183,6,,,0,15,,270815,6,,,0,55,,346181,6,0,43,0,15,,346202,6,,,0,30,,346182,6,,,0,55,,243249,6,0,43,0,30,,346180,6,,,0,68,,346219,6,0,43,0,30,,346208,6,,,0,70,,346200,6,0,43,0,30,,346189,6,,,0,70,,346206,6,0,43,0,29,,346184,6,,,0
7400,'3',620,,164928,6,,,0,36,,346244,6,,,0,72,,346256,6,,,0,30,,346260,6,,,0,57,,346224,6,,,0,13,,346241,6,,,0,15,,346258,6,,,0,15,,346262,6,,,0,55,,213970,6,,,0,15,,346265,6,,,0,15,,346227,6,,,0,15,,346237,6,,,0,55,,346266,6,,,0,15,,346259,6,,,0,15,,346264,6,,,0,14,,346234,6,,,0,55,,346250,6,,,0,15,,346233,6,,,0,15,,346223,6,,,0,15,,346238,6,,,0,55,,346252,6,,,0,15,,346222,6,,,0,15,,346253,6,,,0,15,,346226,6,,,0,55,,346245,6,,,0,15,,346254,6,,,0,15,,346249,6,,,0,15,,346261,6,,,0,55,,346220,6,,,0,14,,346221,6,,,0,16,,259362,6,,,0,15,,346267,6,,,0,55,,346225,6,,,0,14,,346242,6,,,0,18,,346247,6,,,0,57,,346243,6,,,0,14,,346236,6,,,0,12,,346235,6,,,0,15,,346246,6,,,0,17,,346263,6,,,0,69,,216985,6,,,0,15,,346232,6,,,0,15,,346229,6,,,0,55,,346230,6,0,43,0,15,,346251,6,,,0,30,,346231,6,,,0,55,,346228,6,0,43,0,30,,270593,6,,,0,68,,346269,6,0,43,0,30,,346257,6,,,0,70,,346248,6,0,43,0,30,,346239,6,,,0,70,,346255,6,0,43,0,29,,285580,6,,,0
7400,'4',620,,234394,6,,,0,36,,229603,6,,,0,70,,346281,6,,,0,32,,346275,6,,,0,57,,226358,6,,,0,13,,346287,6,,,0,16,,346300,6,,,0,14,,346272,6,,,0,57,,269292,6,,,0,13,,346271,6,,,0,15,,346309,6,,,0,15,,346297,6,,,0,55,,346296,6,,,0,15,,346280,6,,,0,15,,346314,6,,,0,14,,346276,6,,,0,55,,346278,6,,,0,15,,346303,6,,,0,15,,346305,6,,,0,15,,346298,6,,,0,55,,346315,6,,,0,15,,346273,6,,,0,15,,346310,6,,,0,15,,346270,6,,,0,55,,294986,6,,,0,15,,278051,6,,,0,15,,346302,6,,,0,15,,346274,6,,,0,55,,346286,6,,,0,13,,346292,6,,,0,16,,346295,6,,,0,16,,346307,6,,,0,55,,346291,6,,,0,15,,346283,6,,,0,15,,212207,6,,,0,16,,346285,6,,,0,56,,346313,6,,,0,13,,346312,6,,,0,15,,280745,6,,,0,15,,346311,6,,,0,56,,346299,6,,,0,15,,346288,6,,,0,17,,346294,6,,,0,13,,346282,6,,,0,57,,346284,6,0,43,0,13,,346293,6,,,0,15,,346304,6,0,43,0,15,,255027,6,,,0,55,,346306,6,0,43,0,30,,346279,6,,,0,68,,227185,6,0,43,0,30,,346301,6,,,0,70,,346277,6,0,43,0,30,,346289,6,,,0,70,,346290,6,0,43,0,29,,346308,6,,,0
7400,'5',620,,281791,6,,,0,36,,346340,6,,,0,72,,346352,6,,,0,30,,346356,6,,,0,57,,346320,6,,,0,13,,346337,6,,,0,15,,346354,6,,,0,15,,346358,6,,,0,55,,214083,6,,,0,15,,346361,6,,,0,15,,346323,6,,,0,15,,346333,6,,,0,55,,346362,6,,,0,15,,346355,6,,,0,15,,346360,6,,,0,14,,346330,6,,,0,55,,346346,6,,,0,15,,346329,6,,,0,15,,346319,6,,,0,15,,346334,6,,,0,55,,346348,6,,,0,15,,346318,6,,,0,15,,346349,6,,,0,15,,346322,6,,,0,55,,346341,6,,,0,15,,346350,6,,,0,15,,346345,6,,,0,15,,346357,6,,,0,55,,346316,6,,,0,14,,346317,6,,,0,16,,259457,6,,,0,15,,346363,6,,,0,55,,346321,6,,,0,14,,346338,6,,,0,18,,346343,6,,,0,57,,346339,6,,,0,14,,346332,6,,,0,12,,346331,6,,,0,15,,346342,6,,,0,17,,346359,6,,,0,69,,217152,6,,,0,15,,346328,6,,,0,15,,346325,6,,,0,55,,346326,6,0,43,0,15,,346347,6,,,0,30,,346327,6,,,0,55,,346324,6,0,43,0,30,,270683,6,,,0,68,,346365,6,0,43,0,30,,346353,6,,,0,70,,346344,6,0,43,0,30,,346335,6,,,0,70,,346351,6,0,43,0,29,,285625,6,,,0
7400,'6',620,,346390,6,,,0,36,,346391,6,,,0,72,,346403,6,,,0,30,,346407,6,,,0,57,,346371,6,,,0,13,,184831,6,,,0,15,,346405,6,,,0,15,,346409,6,,,0,55,,346395,6,,,0,15,,133426,6,,,0,15,,346373,6,,,0,15,,227932,6,,,0,55,,346411,6,,,0,15,,346406,6,,,0,15,,177069,6,,,0,14,,245009,6,,,0,55,,346398,6,,,0,15,,346381,6,,,0,15,,346370,6,,,0,15,,346384,6,,,0,55,,346399,6,,,0,15,,346369,6,,,0,15,,346400,6,,,0,15,,346372,6,,,0,55,,346392,6,,,0,15,,346401,6,,,0,15,,346397,6,,,0,15,,346408,6,,,0,55,,346366,6,,,0,14,,346367,6,,,0,16,,346386,6,,,0,15,,346412,6,,,0,55,,286313,6,,,0,14,,346388,6,,,0,18,,346394,6,,,0,57,,346389,6,,,0,14,,346383,6,,,0,12,,346382,6,,,0,15,,346393,6,,,0,17,,346410,6,,,0,69,,346368,6,,,0,15,,346379,6,,,0,15,,346376,6,,,0,55,,346377,6,0,43,0,15,,238766,6,,,0,30,,346378,6,,,0,55,,346375,6,0,43,0,30,,346374,6,,,0,68,,219429,6,0,43,0,30,,346404,6,,,0,70,,346396,6,0,43,0,30,,346385,6,,,0,70,,346402,6,0,43,0,29,,346380,6,,,0
7400,'7',620,,346435,6,,,0,36,,346436,6,,,0,72,,346447,6,,,0,30,,346451,6,,,0,57,,346416,6,,,0,13,,346432,6,,,0,15,,346449,6,,,0,15,,346453,6,,,0,55,,346439,6,,,0,15,,346456,6,,,0,15,,346419,6,,,0,15,,346428,6,,,0,55,,164984,6,,,0,15,,346450,6,,,0,15,,346455,6,,,0,14,,346425,6,,,0,55,,346441,6,,,0,15,,291384,6,,,0,15,,12337,6,,,0,15,,147353,6,,,0,55,,346443,6,,,0,15,,346415,6,,,0,15,,346444,6,,,0,15,,346418,6,,,0,55,,346437,6,,,0,15,,346445,6,,,0,15,,200973,6,,,0,15,,346452,6,,,0,55,,254824,6,,,0,14,,346413,6,,,0,16,,346430,6,,,0,15,,346457,6,,,0,55,,346417,6,,,0,14,,346433,6,,,0,18,,269027,6,,,0,57,,346434,6,,,0,14,,346427,6,,,0,12,,346426,6,,,0,15,,346438,6,,,0,17,,346454,6,,,0,69,,346414,6,,,0,15,,346423,6,,,0,15,,270716,6,,,0,55,,346421,6,0,43,0,15,,346442,6,,,0,30,,346422,6,,,0,55,,243100,6,0,43,0,30,,346420,6,,,0,68,,346459,6,0,43,0,30,,346448,6,,,0,70,,346440,6,0,43,0,30,,346429,6,,,0,70,,346446,6,0,43,0,29,,346424,6,,,0
7400,'8',1019,,346471,6,,,0,30,,346479,6,,,0,70,,41154,6,,,0,30,,346481,6,,,0,70,,346467,6,,,0,30,,346476,6,,,0,70,,346465,6,,,0,30,,346473,6,,,0,70,,346474,6,,,0,30,,346475,6,,,0,70,,346472,6,,,0,30,,346464,6,,,0,70,,166607,6,,,0,30,,346468,6,,,0,70,,346461,6,,,0,30,,346477,6,,,0,70,,346470,6,,,0
7400,'9',620,,346506,6,,,0,36,,346507,6,,,0,72,,346519,6,,,0,30,,346523,6,,,0,57,,346487,6,,,0,13,,184546,6,,,0,15,,346521,6,,,0,15,,346525,6,,,0,55,,346511,6,,,0,15,,133355,6,,,0,15,,346489,6,,,0,15,,227848,6,,,0,55,,346527,6,,,0,15,,346522,6,,,0,15,,176895,6,,,0,14,,244904,6,,,0,55,,346514,6,,,0,15,,346497,6,,,0,15,,346486,6,,,0,15,,346500,6,,,0,55,,346515,6,,,0,15,,346485,6,,,0,15,,346516,6,,,0,15,,346488,6,,,0,55,,346508,6,,,0,15,,346517,6,,,0,15,,346513,6,,,0,15,,346524,6,,,0,55,,346482,6,,,0,14,,346483,6,,,0,16,,346502,6,,,0,15,,346528,6,,,0,55,,286258,6,,,0,14,,346504,6,,,0,18,,346510,6,,,0,57,,346505,6,,,0,14,,346499,6,,,0,12,,346498,6,,,0,15,,346509,6,,,0,17,,346526,6,,,0,69,,346484,6,,,0,15,,346495,6,,,0,15,,346492,6,,,0,55,,346493,6,0,43,0,15,,238630,6,,,0,30,,346494,6,,,0,55,,346491,6,0,43,0,30,,346490,6,,,0,68,,219380,6,0,43,0,30,,346520,6,,,0,70,,346512,6,0,43,0,30,,346501,6,,,0,70,,346518,6,0,43,0,29,,346496,6,,,0
7401,'1',621,,346559,29,,,0,24,,346536,29,,,0,59,,346579,29,,,0,17,,346538,29,,,0,13,,346555,29,,,0,15,,346577,29,,,0,54,,346544,29,,,0,16,,346562,29,,,0,16,,346576,29,,,0,14,,346563,29,,,0,55,,228545,29,,,0,17,,346551,29,,,0,17,,346529,29,,,0,11,,346553,29,,,0,55,,346557,29,,,0,16,,346539,29,,,0,15,,346575,29,,,0,15,,346545,29,,,0,55,,346554,29,,,0,14,,346567,29,,,0,16,,346573,29,,,0,14,,346552,29,,,0,55,,346541,29,,,0,15,,215017,29,,,0,15,,346560,29,,,0,15,,346574,29,,,0,55,,346568,29,,,0,15,,346580,29,,,0,15,,346540,29,,,0,15,,346581,29,,,0,55,,346569,29,,,0,15,,346564,29,,,0,15,,163885,29,,,0,15,,346558,29,,,0,55,,214319,29,,,0,15,,346570,29,,,0,15,,346530,29,,,0,16,,263295,29,,,0,55,,346534,29,,,0,15,,346532,29,,,0,17,,346571,29,,,0,16,,346535,29,,,0,55,,346566,29,,,0,17,,346543,29,,,0,13,,346561,29,,,0,15,,346533,29,,,0,55,,346578,29,,,0,15,,346531,29,,,0,17,,346556,29,,,0,66,,346572,29,,,0,26,,346565,29,,,0,70,,274759,29,,,0,30,,346548,29,,,0,70,,346550,29,,,0,30,,346547,29,,,0,70,,346546,29,,,0
7401,'10',834,,210528,29,,,0,71,,346599,29,,,0,30,,346601,29,,,0,71,,346583,29,,,0,31,,273641,29,,,0,70,,245150,29,,,0,30,,346604,29,,,0,70,,346605,29,,,0,30,,346584,29,,,0,70,,346590,29,,,0,30,,275717,29,,,0,70,,149412,29,,,0,30,,346608,29,,,0,70,,278014,29,,,0,30,,346594,29,,,0,70,,346588,29,,,0,29,,346595,29,,,0,70,,346585,29,,,0,28,,346592,29,,,0,70,,346586,29,,,0,30,,346589,29,,,0,70,,346598,29,,,0,30,,346602,29,,,0,70,,346591,29,,,0,30,,346582,29,,,0,70,,346600,29,,,0
7401,'11',621,,346626,29,,,0,24,,346609,29,,,0,59,,346632,29,,,0,17,,346627,29,,,0,15,,346615,29,,,0,13,,346611,29,,,0,54,,346612,29,,,0,16,,346649,29,,,0,16,,346650,29,,,0,14,,346648,29,,,0,55,,277563,29,,,0,17,,346639,29,,,0,15,,346616,29,,,0,13,,346629,29,,,0,55,,346625,29,,,0,16,,346633,29,,,0,15,,346628,29,,,0,15,,346644,29,,,0,55,,346618,29,,,0,14,,346620,29,,,0,15,,205092,29,,,0,15,,208612,29,,,0,55,,201249,29,,,0,15,,233522,29,,,0,15,,346646,29,,,0,15,,346637,29,,,0,55,,346621,29,,,0,15,,346635,29,,,0,15,,210654,29,,,0,15,,221296,29,,,0,55,,346651,29,,,0,15,,346654,29,,,0,15,,346617,29,,,0,15,,346630,29,,,0,55,,346641,29,,,0,14,,346636,29,,,0,31,,346638,29,,,0,56,,346610,29,,,0,15,,346634,29,,,0,17,,16135,29,,,0,16,,346631,29,,,0,57,,346640,29,,,0,13,,346624,29,,,0,15,,346642,29,,,0,15,,219264,29,,,0,55,,295637,29,,,0,15,,346647,29,,,0,15,,346653,29,,,0,68,,346614,29,,,0,26,,346619,29,,,0,70,,346622,29,,,0,30,,346655,29,,,0,70,,346623,29,,,0,30,,346643,29,,,0,70,,159277,29,,,0
7401,'12',1013,,346672,29,,,0,31,,346661,29,,,0,70,,346663,29,,,0,30,,346665,29,,,0,70,,346662,29,,,0,30,,346667,29,,,0,70,,346656,29,,,0,30,,346660,29,,,0,70,,346657,29,,,0,30,,346668,29,,,0,70,,346671,29,,,0,30,,346679,29,,,0,70,,346681,29,,,0,29,,346677,29,,,0,70,,346670,29,,,0
7401,'13',621,,346699,29,,,0,24,,346682,29,,,0,59,,346705,29,,,0,17,,346700,29,,,0,15,,346688,29,,,0,13,,346684,29,,,0,54,,346685,29,,,0,16,,346722,29,,,0,16,,346723,29,,,0,14,,346721,29,,,0,55,,277590,29,,,0,17,,346712,29,,,0,15,,346689,29,,,0,13,,346702,29,,,0,55,,346698,29,,,0,16,,346706,29,,,0,15,,346701,29,,,0,15,,346717,29,,,0,55,,346691,29,,,0,14,,346693,29,,,0,15,,205083,29,,,0,15,,208667,29,,,0,55,,200850,29,,,0,15,,233542,29,,,0,15,,346719,29,,,0,15,,346710,29,,,0,55,,346694,29,,,0,15,,346708,29,,,0,15,,210702,29,,,0,15,,221311,29,,,0,55,,346724,29,,,0,15,,346727,29,,,0,15,,346690,29,,,0,15,,346703,29,,,0,55,,346714,29,,,0,14,,346709,29,,,0,31,,346711,29,,,0,56,,346683,29,,,0,15,,346707,29,,,0,17,,15403,29,,,0,16,,346704,29,,,0,57,,346713,29,,,0,13,,346697,29,,,0,15,,346715,29,,,0,15,,219293,29,,,0,55,,295642,29,,,0,15,,346720,29,,,0,15,,346726,29,,,0,68,,346687,29,,,0,26,,346692,29,,,0,70,,346695,29,,,0,30,,346728,29,,,0,70,,346696,29,,,0,30,,346716,29,,,0,70,,158893,29,,,0
7401,'14',621,,346746,29,,,0,24,,346729,29,,,0,59,,346752,29,,,0,17,,346747,29,,,0,15,,346735,29,,,0,13,,346731,29,,,0,54,,346732,29,,,0,16,,346769,29,,,0,16,,346770,29,,,0,14,,346768,29,,,0,55,,277710,29,,,0,17,,346759,29,,,0,15,,346736,29,,,0,13,,346749,29,,,0,55,,346745,29,,,0,16,,346753,29,,,0,15,,346748,29,,,0,15,,346764,29,,,0,55,,346738,29,,,0,14,,346740,29,,,0,15,,205085,29,,,0,15,,208904,29,,,0,55,,201049,29,,,0,15,,233645,29,,,0,15,,346766,29,,,0,15,,346757,29,,,0,55,,346741,29,,,0,15,,346755,29,,,0,15,,210925,29,,,0,15,,221362,29,,,0,55,,346771,29,,,0,15,,346774,29,,,0,15,,346737,29,,,0,15,,346750,29,,,0,55,,346761,29,,,0,14,,346756,29,,,0,31,,346758,29,,,0,56,,346730,29,,,0,15,,346754,29,,,0,17,,15778,29,,,0,16,,346751,29,,,0,57,,346760,29,,,0,13,,346744,29,,,0,15,,346762,29,,,0,15,,219351,29,,,0,55,,295647,29,,,0,15,,346767,29,,,0,15,,346773,29,,,0,68,,346734,29,,,0,26,,346739,29,,,0,70,,346742,29,,,0,30,,346775,29,,,0,70,,346743,29,,,0,30,,346763,29,,,0,70,,159101,29,,,0
7401,'15',1013,,346791,29,,,0,31,,346781,29,,,0,70,,346783,29,,,0,30,,346785,29,,,0,70,,346782,29,,,0,30,,221334,29,,,0,70,,346776,29,,,0,30,,346780,29,,,0,70,,346777,29,,,0,30,,346787,29,,,0,70,,346790,29,,,0,30,,282869,29,,,0,70,,346799,29,,,0,29,,346796,29,,,0,70,,346789,29,,,0
7401,'16',834,,346808,29,,,0,71,,346821,29,,,0,30,,346823,29,,,0,71,,346803,29,,,0,31,,346802,29,,,0,70,,346819,29,,,0,30,,346827,29,,,0,70,,346828,29,,,0,30,,346804,29,,,0,70,,346811,29,,,0,30,,346815,29,,,0,70,,346800,29,,,0,30,,346830,29,,,0,70,,346807,29,,,0,30,,346816,29,,,0,70,,346809,29,,,0,29,,346817,29,,,0,70,,346805,29,,,0,28,,346813,29,,,0,70,,346806,29,,,0,30,,346810,29,,,0,70,,346820,29,,,0,30,,346824,29,,,0,70,,346812,29,,,0,30,,346801,29,,,0,70,,346822,29,,,0
7401,'2',621,,346848,29,,,0,24,,346831,29,,,0,59,,346855,29,,,0,17,,346849,29,,,0,15,,346838,29,,,0,13,,346834,29,,,0,54,,346835,29,,,0,16,,346868,29,,,0,16,,346869,29,,,0,14,,346867,29,,,0,55,,346850,29,,,0,17,,285292,29,,,0,15,,346839,29,,,0,13,,267412,29,,,0,55,,288293,29,,,0,16,,346856,29,,,0,15,,346852,29,,,0,15,,248905,29,,,0,55,,287223,29,,,0,14,,346842,29,,,0,15,,346876,29,,,0,15,,346847,29,,,0,55,,346851,29,,,0,15,,346872,29,,,0,15,,346865,29,,,0,15,,274666,29,,,0,55,,280640,29,,,0,15,,346858,29,,,0,15,,346874,29,,,0,15,,346833,29,,,0,55,,346870,29,,,0,15,,227653,29,,,0,15,,346840,29,,,0,15,,346853,29,,,0,55,,346863,29,,,0,14,,346859,29,,,0,31,,346861,29,,,0,56,,346832,29,,,0,15,,346857,29,,,0,17,,346854,29,,,0,16,,280153,29,,,0,57,,346862,29,,,0,13,,346846,29,,,0,15,,276380,29,,,0,15,,346875,29,,,0,55,,346860,29,,,0,15,,346866,29,,,0,15,,346873,29,,,0,68,,346837,29,,,0,26,,346841,29,,,0,70,,346844,29,,,0,30,,346877,29,,,0,70,,346845,29,,,0,30,,285294,29,,,0,70,,346843,29,,,0
7401,'3',621,,261285,29,,,0,24,,346878,29,,,0,59,,346901,29,,,0,17,,231827,29,,,0,15,,224197,29,,,0,13,,346881,29,,,0,54,,346882,29,,,0,16,,346915,29,,,0,16,,346916,29,,,0,14,,346914,29,,,0,55,,346895,29,,,0,17,,346906,29,,,0,15,,346884,29,,,0,13,,346897,29,,,0,55,,346893,29,,,0,16,,346902,29,,,0,15,,134344,29,,,0,15,,346910,29,,,0,55,,346886,29,,,0,14,,258477,29,,,0,15,,346924,29,,,0,15,,346894,29,,,0,55,,346896,29,,,0,15,,346919,29,,,0,15,,346912,29,,,0,15,,346904,29,,,0,55,,346889,29,,,0,15,,346903,29,,,0,15,,346921,29,,,0,15,,346880,29,,,0,55,,346917,29,,,0,15,,346923,29,,,0,15,,346885,29,,,0,15,,346898,29,,,0,55,,346907,29,,,0,14,,129015,29,,,0,31,,285099,29,,,0,56,,346879,29,,,0,15,,242123,29,,,0,17,,346900,29,,,0,16,,346899,29,,,0,57,,252702,29,,,0,13,,346892,29,,,0,15,,346908,29,,,0,15,,346922,29,,,0,55,,346905,29,,,0,15,,346913,29,,,0,15,,346920,29,,,0,68,,346883,29,,,0,26,,346887,29,,,0,70,,346890,29,,,0,30,,346925,29,,,0,70,,346891,29,,,0,30,,346909,29,,,0,70,,346888,29,,,0
7401,'4',621,,346948,29,,,0,24,,346944,29,,,0,59,,253916,29,,,0,17,,346946,29,,,0,14,,346941,29,,,0,14,,346932,29,,,0,53,,251372,29,,,0,17,,346940,29,,,0,16,,216637,29,,,0,14,,217598,29,,,0,55,,346971,29,,,0,17,,346926,29,,,0,17,,346928,29,,,0,11,,258020,29,,,0,55,,346966,29,,,0,16,,346945,29,,,0,15,,346949,29,,,0,15,,346930,29,,,0,55,,346938,29,,,0,14,,346967,29,,,0,15,,346959,29,,,0,15,,346942,29,,,0,55,,346929,29,,,0,15,,346962,29,,,0,15,,346972,29,,,0,15,,346970,29,,,0,55,,346937,29,,,0,15,,346964,29,,,0,15,,346936,29,,,0,15,,346969,29,,,0,55,,346950,29,,,0,15,,346968,29,,,0,15,,346963,29,,,0,15,,184303,29,,,0,55,,346957,29,,,0,15,,346927,29,,,0,14,,346931,29,,,0,15,,346947,29,,,0,56,,346954,29,,,0,16,,133026,29,,,0,17,,346943,29,,,0,16,,346939,29,,,0,55,,239824,29,,,0,16,,346952,29,,,0,16,,346965,29,,,0,13,,346961,29,,,0,55,,346934,29,,,0,15,,346956,29,,,0,16,,346955,29,,,0,67,,346951,29,,,0,26,,295018,29,,,0,70,,346958,29,,,0,30,,346960,29,,,0,70,,346933,29,,,0,30,,272135,29,,,0,70,,346953,29,,,0
7401,'5',621,,170641,29,,,0,24,,346973,29,,,0,59,,346996,29,,,0,17,,231903,29,,,0,15,,224269,29,,,0,13,,346976,29,,,0,54,,346977,29,,,0,16,,347010,29,,,0,16,,347011,29,,,0,14,,347009,29,,,0,55,,346990,29,,,0,17,,347001,29,,,0,15,,346979,29,,,0,13,,346992,29,,,0,55,,346988,29,,,0,16,,346997,29,,,0,15,,278472,29,,,0,15,,347005,29,,,0,55,,346981,29,,,0,14,,160134,29,,,0,15,,347019,29,,,0,15,,346989,29,,,0,55,,346991,29,,,0,15,,347014,29,,,0,15,,347007,29,,,0,15,,346999,29,,,0,55,,346984,29,,,0,15,,346998,29,,,0,15,,347016,29,,,0,15,,346975,29,,,0,55,,347012,29,,,0,15,,347018,29,,,0,15,,346980,29,,,0,15,,346993,29,,,0,55,,347002,29,,,0,14,,232824,29,,,0,31,,141582,29,,,0,56,,346974,29,,,0,15,,242234,29,,,0,17,,346995,29,,,0,16,,346994,29,,,0,57,,252821,29,,,0,13,,346987,29,,,0,15,,347003,29,,,0,15,,347017,29,,,0,55,,347000,29,,,0,15,,347008,29,,,0,15,,347015,29,,,0,68,,346978,29,,,0,26,,346982,29,,,0,70,,346985,29,,,0,30,,347020,29,,,0,70,,346986,29,,,0,30,,347004,29,,,0,70,,346983,29,,,0
7401,'6',621,,347038,29,,,0,24,,347021,29,,,0,59,,347044,29,,,0,17,,347039,29,,,0,15,,347027,29,,,0,13,,347023,29,,,0,54,,347024,29,,,0,16,,347061,29,,,0,16,,347062,29,,,0,14,,347060,29,,,0,55,,277389,29,,,0,17,,347051,29,,,0,15,,347028,29,,,0,13,,347041,29,,,0,55,,347037,29,,,0,16,,347045,29,,,0,15,,347040,29,,,0,15,,347056,29,,,0,55,,347030,29,,,0,14,,347032,29,,,0,15,,205090,29,,,0,15,,208251,29,,,0,55,,201193,29,,,0,15,,233371,29,,,0,15,,347058,29,,,0,15,,347049,29,,,0,55,,347033,29,,,0,15,,347047,29,,,0,15,,210345,29,,,0,15,,221203,29,,,0,55,,347063,29,,,0,15,,347066,29,,,0,15,,347029,29,,,0,15,,347042,29,,,0,55,,347053,29,,,0,14,,347048,29,,,0,31,,347050,29,,,0,56,,347022,29,,,0,15,,347046,29,,,0,17,,16212,29,,,0,16,,347043,29,,,0,57,,347052,29,,,0,13,,347036,29,,,0,15,,347054,29,,,0,15,,219134,29,,,0,55,,295628,29,,,0,15,,347059,29,,,0,15,,347065,29,,,0,68,,347026,29,,,0,26,,347031,29,,,0,70,,347034,29,,,0,30,,347067,29,,,0,70,,347035,29,,,0,30,,347055,29,,,0,70,,159225,29,,,0
7401,'7',621,,347085,29,,,0,24,,347068,29,,,0,59,,347092,29,,,0,17,,347086,29,,,0,15,,347075,29,,,0,13,,347071,29,,,0,54,,347072,29,,,0,16,,347105,29,,,0,16,,347106,29,,,0,14,,347104,29,,,0,55,,347087,29,,,0,17,,285211,29,,,0,15,,347076,29,,,0,13,,267339,29,,,0,55,,288246,29,,,0,16,,347093,29,,,0,15,,347089,29,,,0,15,,248804,29,,,0,55,,287157,29,,,0,14,,347079,29,,,0,15,,347113,29,,,0,15,,347084,29,,,0,55,,347088,29,,,0,15,,347109,29,,,0,15,,347102,29,,,0,15,,274501,29,,,0,55,,280556,29,,,0,15,,347095,29,,,0,15,,347111,29,,,0,15,,347070,29,,,0,55,,347107,29,,,0,15,,227627,29,,,0,15,,347077,29,,,0,15,,347090,29,,,0,55,,347100,29,,,0,14,,347096,29,,,0,31,,347098,29,,,0,56,,347069,29,,,0,15,,347094,29,,,0,17,,347091,29,,,0,16,,280080,29,,,0,57,,347099,29,,,0,13,,347083,29,,,0,15,,276265,29,,,0,15,,347112,29,,,0,55,,347097,29,,,0,15,,347103,29,,,0,15,,347110,29,,,0,68,,347074,29,,,0,26,,347078,29,,,0,70,,347081,29,,,0,30,,347114,29,,,0,70,,347082,29,,,0,30,,285213,29,,,0,70,,347080,29,,,0
7401,'8',1013,,347131,29,,,0,31,,347120,29,,,0,70,,347122,29,,,0,30,,347124,29,,,0,70,,347121,29,,,0,30,,347126,29,,,0,70,,347115,29,,,0,30,,347119,29,,,0,70,,347116,29,,,0,30,,347127,29,,,0,70,,347130,29,,,0,30,,347138,29,,,0,70,,347140,29,,,0,29,,347136,29,,,0,70,,347129,29,,,0
7401,'9',621,,347158,29,,,0,24,,347141,29,,,0,59,,347164,29,,,0,17,,347159,29,,,0,15,,347147,29,,,0,13,,347143,29,,,0,54,,347144,29,,,0,16,,347181,29,,,0,16,,347182,29,,,0,14,,347180,29,,,0,55,,277305,29,,,0,17,,347171,29,,,0,15,,347148,29,,,0,13,,347161,29,,,0,55,,347157,29,,,0,16,,347165,29,,,0,15,,347160,29,,,0,15,,347176,29,,,0,55,,347150,29,,,0,14,,347152,29,,,0,15,,205087,29,,,0,15,,208074,29,,,0,55,,201078,29,,,0,15,,233299,29,,,0,15,,347178,29,,,0,15,,347169,29,,,0,55,,347153,29,,,0,15,,347167,29,,,0,15,,210197,29,,,0,15,,221169,29,,,0,55,,347183,29,,,0,15,,347186,29,,,0,15,,347149,29,,,0,15,,347162,29,,,0,55,,347173,29,,,0,14,,347168,29,,,0,31,,347170,29,,,0,56,,347142,29,,,0,15,,347166,29,,,0,17,,15480,29,,,0,16,,347163,29,,,0,57,,347172,29,,,0,13,,347156,29,,,0,15,,347174,29,,,0,15,,219079,29,,,0,55,,295623,29,,,0,15,,347179,29,,,0,15,,347185,29,,,0,68,,347146,29,,,0,26,,347151,29,,,0,70,,347154,29,,,0,30,,347187,29,,,0,70,,347155,29,,,0,30,,347175,29,,,0,70,,159127,29,,,0
7500,'1',348,,347205,14,,,0,66,,347251,14,,,0,31,,347231,14,0,15 16,0,73,,347219,14,0,15 16,0,29,,347230,14,0,15 16,0,55,,347201,14,0,15 16,0,21,,347243,35,0,15 16,0,15,,347190,14,0,15 16,0,18,,347252,35,0,15 16,0,47,,347233,14,0,15 16,0,6,,347223,14,0,15 16,0,9,,347255,14,0,15 16,0,7,,347239,35,0,15 16,0,11,,347206,14,0,15 16,0,2,,347218,35,0,15 16,0,12,,347256,14,0,15 16,0,7,,347227,35,0,15 16,0,50,,235165,14,0,15 16,0,5,,347192,14,0,15 16,0,11,,294586,35,0,15 16,0,8,,208460,14,0,15 16,0,10,,347246,14,0,15 16,0,4,,347235,35,0,15 16,0,59,,347203,35,0,15 16,0,19,,215753,35,0,15 16,0,17,,347221,35,0,15 16,0,12,,146530,35,0,15 16,0,52,,347213,35,0,15 16,0,14,,347217,35,0,15 16,0,15,,347242,35,0,15 16,0,15,,347209,35,0,15 16,0,55,,347212,35,0,15 16,0,15,,347214,35,0,15 16,0,15,,347224,35,0,15 16,0,15,,347232,35,0,15 16,0,55,,347250,35,0,15 16,0,15,,162970,35,0,15 16,0,15,,347197,35,0,15 16,0,15,,347262,35,0,15 16,0,55,,347236,35,0,15 16,0,15,,347211,35,0,15 16,0,15,,347216,14,0,15 16,0,15,,347238,35,0,15 16,0,55,,347259,14,0,15 16,0,15,,347258,35,0,15 16,0,15,,347261,14,0,15 16,0,15,,347240,35,0,15 16,0,54,,347199,14,0,15 16,0,16,,347220,35,0,15 16,0,16,,347247,14,0,15 16,0,20,,121967,35,0,15 16,0,57,,347189,14,0,15 16,0,18,,347245,35,0,15 16,0,13,,276414,14,0,15 16,0,15,,347260,35,0,15 16,0,51,,347226,14,0,15 16,0,17,,208420,35,0,15 16,0,12,,347215,14,0,15 16,0,18,,347234,35,0,15 16,0,52,,347196,14,0,15 16,0,13,,347195,35,0,15 16,0,15,,347198,14,0,15 16,0,15,,147422,35,0,15 16,0,54,,347222,14,0,15 16,0,17,,347241,35,0,15 16,0,15,,347207,14,0,15 16,0,19,,347229,35,0,15 16,0,56,,347257,14,0,15 16,0,16,,347263,35,0,15 16,0,18,,347225,14,0,15 16,0,13,,347228,35,0,15 16,0,54,,347244,14,0,15 16,0,16,,347194,35,0,15 16,0,14,,347193,14,0,15 16,0,14,,347200,35,0,15 16,0,56,,197375,14,0,15 16,0,13,,347208,35,0,15 16,0,15,,262297,14,0,15 16,0,15,,347248,35,0,15 16,0,55,,347253,14,0,15 16,0,14,,347237,35,0,15 16,0,21,,347204,14,0,15 16,0,70,,281282,14,0,15 16,0,29,,347188,14,,,0,69,,347254,14,,,0,29,,347249,14,,,0,69,,347202,14,,,0,30,,347191,14,,,0,80,,347210,14,,,0
7500,'10',345,,347328,14,,,0,70,,347296,14,,,0,30,,125037,14,,,0,70,,347284,14,,,0,33,,347302,14,0,15 16,0,68,,347275,14,0,15 16,0,20,,347307,14,0,15 16,0,20,,347313,14,0,15 16,0,58,,347320,14,0,15 16,0,18,,347292,14,0,15 16,0,17,,227117,35,0,15 16,0,53,,347324,14,0,15 16,0,15,,347305,14,0,15 16,0,15,,347326,14,0,15 16,0,17,,347317,35,0,15 16,0,54,,347314,14,0,15 16,0,16,,347329,35,0,15 16,0,14,,347323,14,0,15 16,0,18,,347311,35,0,15 16,0,52,,347274,14,0,15 16,0,16,,119839,35,0,15 16,0,14,,226344,14,0,15 16,0,17,,347278,35,0,15 16,0,53,,347291,14,0,15 16,0,17,,347321,35,0,15 16,0,13,,347281,14,0,15 16,0,17,,215097,35,0,15 16,0,53,,347303,14,0,15 16,0,17,,347322,35,0,15 16,0,13,,347289,14,0,15 16,0,17,,347273,35,0,15 16,0,55,,347294,35,0,15 16,0,15,,347295,35,0,15 16,0,15,,347304,35,0,15 16,0,15,,226343,35,0,15 16,0,53,,347300,14,0,15 16,0,17,,347327,35,0,15 16,0,13,,347267,14,0,15 16,0,17,,347269,35,0,15 16,0,53,,347293,14,0,15 16,0,17,,347277,35,0,15 16,0,13,,347306,14,0,15 16,0,17,,142983,35,0,15 16,0,53,,347270,14,0,15 16,0,17,,347301,35,0,15 16,0,15,,347285,35,0,15 16,0,15,,248326,35,0,15 16,0,55,,218579,35,0,15 16,0,15,,347319,35,0,15 16,0,13,,347282,14,0,15 16,0,17,,347287,35,0,15 16,0,50,,215843,14,0,15 16,0,16,,347288,35,0,15 16,0,13,,286896,14,0,15 16,0,17,,347316,35,0,15 16,0,13,,347318,14,0,15 16,0,57,,347299,35,0,15 16,0,13,,293118,14,0,15 16,0,17,,347271,35,0,15 16,0,13,,347315,14,0,15 16,0,57,,216589,35,0,15 16,0,13,,347312,14,0,15 16,0,17,,250815,35,0,15 16,0,12,,347310,14,0,15 16,0,58,,347298,35,0,15 16,0,12,,347265,14,0,15 16,0,17,,347297,35,0,15 16,0,13,,221270,14,0,15 16,0,57,,347264,35,0,15 16,0,13,,347290,14,0,15 16,0,17,,347276,35,0,15 16,0,13,,347266,14,0,15 16,0,57,,347279,35,0,15 16,0,13,,347325,14,0,15 16,0,15,,347309,14,0,15 16,0,15,,347272,14,0,15 16,0,55,,347268,14,0,15 16,0,15,,254993,14,0,15 16,0,26,,347308,14,0,15 16,0,70,,347283,14,0,15 16,0,29,,347280,14,,,0,70,,347286,14,,,0,30,,347330,14,,,0,70,,286149,14,,,0
7500,'11',348,,347353,14,,,0,66,,347363,14,,,0,31,,347391,14,0,15 16,0,73,,347345,14,0,15 16,0,29,,347373,14,0,15 16,0,55,,141732,14,0,15 16,0,21,,347348,35,0,15 16,0,15,,194786,14,0,15 16,0,18,,347382,35,0,15 16,0,47,,347390,14,0,15 16,0,7,,217670,14,0,15 16,0,8,,347349,14,0,15 16,0,7,,347357,35,0,15 16,0,11,,347383,14,0,15 16,0,4,,347362,35,0,15 16,0,10,,347343,14,0,15 16,0,7,,347340,35,0,15 16,0,48,,347374,14,0,15 16,0,7,,347331,14,0,15 16,0,11,,347344,35,0,15 16,0,7,,347394,14,0,15 16,0,9,,347399,14,0,15 16,0,6,,347359,35,0,15 16,0,58,,347389,35,0,15 16,0,20,,347380,35,0,15 16,0,17,,347378,35,0,15 16,0,12,,347352,35,0,15 16,0,52,,347356,35,0,15 16,0,14,,347332,35,0,15 16,0,15,,347402,35,0,15 16,0,15,,347339,35,0,15 16,0,55,,347346,35,0,15 16,0,15,,347385,35,0,15 16,0,15,,347364,35,0,15 16,0,15,,347388,35,0,15 16,0,70,,347381,35,0,15 16,0,15,,347398,35,0,15 16,0,15,,270980,35,0,15 16,0,55,,347397,35,0,15 16,0,15,,347401,35,0,15 16,0,30,,347392,35,0,15 16,0,55,,347334,14,0,15 16,0,30,,347365,14,0,15 16,0,15,,347361,35,0,15 16,0,55,,201244,14,0,15 16,0,15,,347358,35,0,15 16,0,36,,347370,35,0,15 16,0,57,,347377,14,0,15 16,0,20,,347338,35,0,15 16,0,12,,347341,14,0,15 16,0,14,,347393,35,0,15 16,0,53,,347387,14,0,15 16,0,14,,347386,35,0,15 16,0,31,,347367,35,0,15 16,0,52,,347347,14,0,15 16,0,13,,347403,35,0,15 16,0,15,,347372,14,0,15 16,0,15,,347369,35,0,15 16,0,54,,347351,14,0,15 16,0,17,,347355,35,0,15 16,0,15,,347395,14,0,15 16,0,19,,347333,35,0,15 16,0,56,,347350,14,0,15 16,0,16,,264776,35,0,15 16,0,18,,347376,14,0,15 16,0,13,,93426,35,0,15 16,0,54,,347337,14,0,15 16,0,16,,347400,35,0,15 16,0,14,,347375,14,0,15 16,0,14,,245239,35,0,15 16,0,56,,243479,14,0,15 16,0,13,,206927,35,0,15 16,0,15,,347336,14,0,15 16,0,15,,347360,35,0,15 16,0,55,,347366,14,0,15 16,0,14,,347379,35,0,15 16,0,21,,347368,14,0,15 16,0,70,,347396,14,0,15 16,0,29,,347371,14,,,0,69,,347384,14,,,0,29,,347354,14,,,0,69,,347342,14,,,0,30,,347335,14,,,0,80,,205236,14,,,0
7500,'12',351,,347428,14,,,0,71,,347404,14,,,0,30,,347425,14,,,0,70,,347413,14,,,0,30,,347410,14,,,0,70,,347441,14,,,0,30,,347456,14,,,0,60,,347420,14,,,0,27,,347452,35,0,15 16,0,70,,347454,14,0,15 16,0,30,,347438,35,0,15 16,0,15,,347427,14,0,15 16,0,55,,211078,14,0,15 16,0,15,,347457,14,0,15 16,0,15,,347462,35,0,15 16,0,15,,347415,14,0,15 16,0,55,,347423,35,0,15 16,0,16,,347460,14,0,15 16,0,15,,347465,35,0,15 16,0,15,,347461,14,0,15 16,0,55,,347466,35,0,15 16,0,15,,347470,14,0,15 16,0,15,,347430,35,0,15 16,0,15,,347409,14,0,15 16,0,55,,347408,35,0,15 16,0,15,,347435,14,0,15 16,0,15,,347417,35,0,15 16,0,15,,347437,14,0,15 16,0,55,,347448,35,0,15 16,0,15,,277270,14,0,15 16,0,15,,232339,35,0,15 16,0,15,,347443,14,0,15 16,0,55,,347442,35,0,15 16,0,15,,347421,14,0,15 16,0,15,,347469,35,0,15 16,0,15,,347439,14,0,15 16,0,55,,347445,35,0,15 16,0,15,,347446,14,0,15 16,0,15,,347455,35,0,15 16,0,15,,347406,14,0,15 16,0,55,,257124,35,0,15 16,0,15,,347407,14,0,15 16,0,15,,347458,35,0,15 16,0,15,,347424,14,0,15 16,0,53,,347467,35,0,15 16,0,17,,347412,14,0,15 16,0,15,,347405,35,0,15 16,0,15,,347436,14,0,15 16,0,55,,347432,35,0,15 16,0,15,,347453,14,0,15 16,0,15,,347463,35,0,15 16,0,15,,247447,14,0,15 16,0,55,,347444,14,0,15 16,0,15,,347449,14,0,15 16,0,15,,347419,35,0,15 16,0,15,,347429,14,0,15 16,0,55,,139359,14,0,15 16,0,15,,233267,14,0,15 16,0,15,,347422,14,0,15 16,0,15,,347451,14,0,15 16,0,55,,347459,14,0,15 16,0,15,,347433,14,0,15 16,0,15,,347468,14,0,15 16,0,15,,347416,14,0,15 16,0,55,,347414,14,0,15 16,0,14,,347440,14,0,15 16,0,15,,347464,14,0,15 16,0,14,,347434,14,,,0,70,,347426,14,,,0,30,,347411,14,,,0,70,,347431,14,,,0,30,,347450,14,,,0,70,,151852,14,,,0,30,,347447,14,,,0,70,,347418,14,,,0,30,,243884,14,,,0
7500,'13',348,,347493,14,,,0,66,,347503,14,,,0,31,,347531,14,0,15 16,0,73,,347485,14,0,15 16,0,29,,347513,14,0,15 16,0,55,,141291,14,0,15 16,0,21,,347488,35,0,15 16,0,15,,194091,14,0,15 16,0,18,,347522,35,0,15 16,0,47,,347530,14,0,15 16,0,7,,217735,14,0,15 16,0,8,,347489,14,0,15 16,0,7,,347497,35,0,15 16,0,11,,347523,14,0,15 16,0,4,,347502,35,0,15 16,0,10,,347483,14,0,15 16,0,7,,347480,35,0,15 16,0,48,,347514,14,0,15 16,0,7,,347471,14,0,15 16,0,11,,347484,35,0,15 16,0,7,,347534,14,0,15 16,0,9,,347539,14,0,15 16,0,6,,347499,35,0,15 16,0,58,,347529,35,0,15 16,0,20,,347520,35,0,15 16,0,17,,347518,35,0,15 16,0,12,,347492,35,0,15 16,0,52,,347496,35,0,15 16,0,14,,347472,35,0,15 16,0,15,,347542,35,0,15 16,0,15,,347479,35,0,15 16,0,55,,347486,35,0,15 16,0,15,,347525,35,0,15 16,0,15,,347504,35,0,15 16,0,15,,347528,35,0,15 16,0,70,,347521,35,0,15 16,0,15,,347538,35,0,15 16,0,15,,271017,35,0,15 16,0,55,,347537,35,0,15 16,0,15,,347541,35,0,15 16,0,30,,347532,35,0,15 16,0,55,,347474,14,0,15 16,0,30,,347505,14,0,15 16,0,15,,347501,35,0,15 16,0,55,,200845,14,0,15 16,0,15,,347498,35,0,15 16,0,36,,347510,35,0,15 16,0,57,,347517,14,0,15 16,0,20,,347478,35,0,15 16,0,12,,347481,14,0,15 16,0,14,,347533,35,0,15 16,0,53,,347527,14,0,15 16,0,14,,347526,35,0,15 16,0,31,,347507,35,0,15 16,0,52,,347487,14,0,15 16,0,13,,347543,35,0,15 16,0,15,,347512,14,0,15 16,0,15,,347509,35,0,15 16,0,54,,347491,14,0,15 16,0,17,,347495,35,0,15 16,0,15,,347535,14,0,15 16,0,19,,347473,35,0,15 16,0,56,,347490,14,0,15 16,0,16,,264846,35,0,15 16,0,18,,347516,14,0,15 16,0,13,,92856,35,0,15 16,0,54,,347477,14,0,15 16,0,16,,347540,35,0,15 16,0,14,,347515,14,0,15 16,0,14,,245278,35,0,15 16,0,56,,243536,14,0,15 16,0,13,,206974,35,0,15 16,0,15,,347476,14,0,15 16,0,15,,347500,35,0,15 16,0,55,,347506,14,0,15 16,0,14,,347519,35,0,15 16,0,21,,347508,14,0,15 16,0,70,,347536,14,0,15 16,0,29,,347511,14,,,0,69,,347524,14,,,0,29,,347494,14,,,0,69,,347482,14,,,0,30,,347475,14,,,0,80,,205216,14,,,0
7500,'14',348,,347566,14,,,0,66,,347576,14,,,0,31,,347604,14,0,15 16,0,73,,347558,14,0,15 16,0,29,,347586,14,0,15 16,0,55,,141525,14,0,15 16,0,21,,347561,35,0,15 16,0,15,,194438,14,0,15 16,0,18,,347595,35,0,15 16,0,47,,347603,14,0,15 16,0,7,,217980,14,0,15 16,0,8,,347562,14,0,15 16,0,7,,347570,35,0,15 16,0,11,,347596,14,0,15 16,0,4,,347575,35,0,15 16,0,10,,347556,14,0,15 16,0,7,,347553,35,0,15 16,0,48,,347587,14,0,15 16,0,7,,347544,14,0,15 16,0,11,,347557,35,0,15 16,0,7,,347607,14,0,15 16,0,9,,347612,14,0,15 16,0,6,,347572,35,0,15 16,0,58,,347602,35,0,15 16,0,20,,347593,35,0,15 16,0,17,,347591,35,0,15 16,0,12,,347565,35,0,15 16,0,52,,347569,35,0,15 16,0,14,,347545,35,0,15 16,0,15,,347615,35,0,15 16,0,15,,347552,35,0,15 16,0,55,,347559,35,0,15 16,0,15,,347598,35,0,15 16,0,15,,347577,35,0,15 16,0,15,,347601,35,0,15 16,0,70,,347594,35,0,15 16,0,15,,347611,35,0,15 16,0,15,,271177,35,0,15 16,0,55,,347610,35,0,15 16,0,15,,347614,35,0,15 16,0,30,,347605,35,0,15 16,0,55,,347547,14,0,15 16,0,30,,347578,14,0,15 16,0,15,,347574,35,0,15 16,0,55,,201044,14,0,15 16,0,15,,347571,35,0,15 16,0,36,,347583,35,0,15 16,0,57,,347590,14,0,15 16,0,20,,347551,35,0,15 16,0,12,,347554,14,0,15 16,0,14,,347606,35,0,15 16,0,53,,347600,14,0,15 16,0,14,,347599,35,0,15 16,0,31,,347580,35,0,15 16,0,52,,347560,14,0,15 16,0,13,,347616,35,0,15 16,0,15,,347585,14,0,15 16,0,15,,347582,35,0,15 16,0,54,,347564,14,0,15 16,0,17,,347568,35,0,15 16,0,15,,347608,14,0,15 16,0,19,,347546,35,0,15 16,0,56,,347563,14,0,15 16,0,16,,265159,35,0,15 16,0,18,,347589,14,0,15 16,0,13,,93142,35,0,15 16,0,54,,347550,14,0,15 16,0,16,,347613,35,0,15 16,0,14,,347588,14,0,15 16,0,14,,245425,35,0,15 16,0,56,,243764,14,0,15 16,0,13,,207149,35,0,15 16,0,15,,347549,14,0,15 16,0,15,,347573,35,0,15 16,0,55,,347579,14,0,15 16,0,14,,347592,35,0,15 16,0,21,,347581,14,0,15 16,0,70,,347609,14,0,15 16,0,29,,347584,14,,,0,69,,347597,14,,,0,29,,347567,14,,,0,69,,347555,14,,,0,30,,347548,14,,,0,80,,205220,14,,,0
7500,'15',351,,227337,14,,,0,71,,347617,14,,,0,30,,347635,14,,,0,70,,347625,14,,,0,30,,347621,14,,,0,70,,347647,14,,,0,30,,347662,14,,,0,60,,347633,14,,,0,27,,347658,35,0,15 16,0,70,,347660,14,0,15 16,0,30,,274019,35,0,15 16,0,15,,347637,14,0,15 16,0,55,,347638,14,0,15 16,0,15,,347664,14,0,15 16,0,15,,347668,35,0,15 16,0,15,,347627,14,0,15 16,0,55,,216045,35,0,15 16,0,16,,287818,14,0,15 16,0,15,,347671,35,0,15 16,0,15,,347667,14,0,15 16,0,55,,347674,35,0,15 16,0,15,,347678,14,0,15 16,0,15,,347640,35,0,15 16,0,15,,275909,14,0,15 16,0,55,,250958,35,0,15 16,0,15,,347643,14,0,15 16,0,15,,347630,35,0,15 16,0,15,,347645,14,0,15 16,0,55,,260845,35,0,15 16,0,15,,347622,14,0,15 16,0,15,,347663,35,0,15 16,0,15,,347649,14,0,15 16,0,55,,347648,35,0,15 16,0,15,,210779,14,0,15 16,0,15,,347677,35,0,15 16,0,15,,347646,14,0,15 16,0,55,,347652,35,0,15 16,0,15,,347653,14,0,15 16,0,15,,347661,35,0,15 16,0,15,,347619,14,0,15 16,0,55,,347651,35,0,15 16,0,15,,347620,14,0,15 16,0,15,,347665,35,0,15 16,0,15,,234040,14,0,15 16,0,53,,347675,35,0,15 16,0,17,,208753,14,0,15 16,0,15,,347618,35,0,15 16,0,15,,347644,14,0,15 16,0,55,,347642,35,0,15 16,0,15,,347659,14,0,15 16,0,15,,347669,35,0,15 16,0,15,,347672,14,0,15 16,0,55,,347650,14,0,15 16,0,15,,347655,14,0,15 16,0,15,,347632,35,0,15 16,0,15,,347639,14,0,15 16,0,55,,347679,14,0,15 16,0,15,,347624,14,0,15 16,0,15,,347634,14,0,15 16,0,15,,347657,14,0,15 16,0,55,,347666,14,0,15 16,0,15,,242767,14,0,15 16,0,15,,347676,14,0,15 16,0,15,,347629,14,0,15 16,0,55,,347626,14,0,15 16,0,14,,159851,14,0,15 16,0,15,,347670,14,0,15 16,0,14,,261830,14,,,0,70,,347636,14,,,0,30,,347623,14,,,0,70,,347641,14,,,0,30,,347656,14,,,0,70,,347673,14,,,0,30,,347654,14,,,0,70,,347631,14,,,0,30,,347628,14,,,0
7500,'16',345,,347750,14,,,0,70,,347710,14,,,0,30,,347749,14,,,0,70,,49653,14,,,0,33,,347718,14,0,15 16,0,68,,347689,14,0,15 16,0,20,,347723,14,0,15 16,0,20,,347731,14,0,15 16,0,58,,347742,14,0,15 16,0,18,,347704,14,0,15 16,0,17,,347712,35,0,15 16,0,53,,250494,14,0,15 16,0,15,,347721,14,0,15 16,0,15,,347746,14,0,15 16,0,17,,347737,35,0,15 16,0,54,,347733,14,0,15 16,0,16,,347751,35,0,15 16,0,14,,347745,14,0,15 16,0,18,,347728,35,0,15 16,0,52,,347688,14,0,15 16,0,16,,347692,35,0,15 16,0,14,,347739,14,0,15 16,0,17,,347693,35,0,15 16,0,53,,347703,14,0,15 16,0,17,,347743,35,0,15 16,0,13,,347695,14,0,15 16,0,17,,347753,35,0,15 16,0,53,,347719,14,0,15 16,0,17,,347744,35,0,15 16,0,13,,347701,14,0,15 16,0,17,,347687,35,0,15 16,0,55,,223231,35,0,15 16,0,15,,347709,35,0,15 16,0,15,,347720,35,0,15 16,0,15,,347730,35,0,15 16,0,53,,347715,14,0,15 16,0,17,,347747,35,0,15 16,0,13,,347682,14,0,15 16,0,17,,347683,35,0,15 16,0,53,,347706,14,0,15 16,0,17,,347691,35,0,15 16,0,13,,347722,14,0,15 16,0,17,,347705,35,0,15 16,0,53,,347684,14,0,15 16,0,17,,347717,35,0,15 16,0,15,,245441,35,0,15 16,0,15,,347708,35,0,15 16,0,55,,347707,35,0,15 16,0,15,,347741,35,0,15 16,0,13,,347697,14,0,15 16,0,17,,347700,35,0,15 16,0,50,,347738,14,0,15 16,0,16,,277219,35,0,15 16,0,13,,347696,14,0,15 16,0,17,,347736,35,0,15 16,0,13,,288865,14,0,15 16,0,57,,347714,35,0,15 16,0,13,,347734,14,0,15 16,0,17,,347685,35,0,15 16,0,13,,347735,14,0,15 16,0,57,,347716,35,0,15 16,0,13,,347729,14,0,15 16,0,17,,347740,35,0,15 16,0,12,,347727,14,0,15 16,0,58,,347713,35,0,15 16,0,12,,347680,14,0,15 16,0,17,,347711,35,0,15 16,0,13,,347724,14,0,15 16,0,57,,225888,35,0,15 16,0,13,,347702,14,0,15 16,0,17,,347690,35,0,15 16,0,13,,347681,14,0,15 16,0,57,,347694,35,0,15 16,0,13,,213455,14,0,15 16,0,15,,347726,14,0,15 16,0,15,,347686,14,0,15 16,0,55,,125142,14,0,15 16,0,15,,347732,14,0,15 16,0,26,,347725,14,0,15 16,0,70,,347698,14,0,15 16,0,29,,269653,14,,,0,70,,347699,14,,,0,30,,347752,14,,,0,70,,347748,14,,,0
7500,'2',348,,347775,14,,,0,66,,347784,14,,,0,31,,347809,14,0,15 16,0,73,,347769,14,0,15 16,0,29,,347792,14,0,15 16,0,55,,347797,14,0,15 16,0,21,,347772,35,0,15 16,0,15,,347754,14,0,15 16,0,18,,347802,35,0,15 16,0,47,,347808,14,0,15 16,0,7,,347795,14,0,15 16,0,8,,347773,14,0,15 16,0,7,,347778,35,0,15 16,0,11,,347803,14,0,15 16,0,4,,347783,35,0,15 16,0,10,,347766,14,0,15 16,0,7,,347763,35,0,15 16,0,48,,252997,14,0,15 16,0,7,,251724,14,0,15 16,0,11,,347768,35,0,15 16,0,7,,206751,14,0,15 16,0,9,,212653,14,0,15 16,0,6,,347779,35,0,15 16,0,58,,347807,35,0,15 16,0,20,,347800,35,0,15 16,0,17,,347798,35,0,15 16,0,12,,347774,35,0,15 16,0,52,,347777,35,0,15 16,0,14,,347755,35,0,15 16,0,15,,169435,35,0,15 16,0,15,,347762,35,0,15 16,0,55,,347770,35,0,15 16,0,15,,347804,35,0,15 16,0,15,,347786,35,0,15 16,0,15,,347806,35,0,15 16,0,70,,347801,35,0,15 16,0,15,,281944,35,0,15 16,0,15,,347811,35,0,15 16,0,55,,267889,35,0,15 16,0,15,,276390,35,0,15 16,0,30,,39127,35,0,15 16,0,55,,267402,14,0,15 16,0,30,,347787,14,0,15 16,0,15,,347781,35,0,15 16,0,55,,347767,14,0,15 16,0,15,,249526,35,0,15 16,0,36,,285289,35,0,15 16,0,57,,347796,14,0,15 16,0,20,,347761,35,0,15 16,0,12,,347764,14,0,15 16,0,14,,347810,35,0,15 16,0,53,,266253,14,0,15 16,0,14,,347805,35,0,15 16,0,31,,347789,35,0,15 16,0,52,,347771,14,0,15 16,0,13,,250741,35,0,15 16,0,15,,347791,14,0,15 16,0,15,,238057,35,0,15 16,0,54,,203910,14,0,15 16,0,17,,261004,35,0,15 16,0,15,,347813,14,0,15 16,0,19,,347756,35,0,15 16,0,56,,287996,14,0,15 16,0,16,,347793,35,0,15 16,0,18,,347794,14,0,15 16,0,13,,347759,35,0,15 16,0,54,,347760,14,0,15 16,0,16,,347815,35,0,15 16,0,14,,125494,14,0,15 16,0,14,,347812,35,0,15 16,0,56,,347782,14,0,15 16,0,13,,347788,35,0,15 16,0,15,,347758,14,0,15 16,0,15,,347780,35,0,15 16,0,55,,220726,14,0,15 16,0,14,,347799,35,0,15 16,0,21,,347790,14,0,15 16,0,70,,347814,14,0,15 16,0,29,,228505,14,,,0,69,,256096,14,,,0,29,,347776,14,,,0,69,,347765,14,,,0,30,,347757,14,,,0,80,,347785,14,,,0
7500,'3',348,,347838,14,,,0,66,,347848,14,,,0,31,,347879,14,0,15 16,0,73,,347831,14,0,15 16,0,29,,347860,14,0,15 16,0,55,,347867,14,0,15 16,0,21,,347833,35,0,15 16,0,15,,347816,14,0,15 16,0,18,,224218,35,0,15 16,0,47,,347878,14,0,15 16,0,7,,347865,14,0,15 16,0,8,,347834,14,0,15 16,0,7,,347842,35,0,15 16,0,11,,347872,14,0,15 16,0,4,,290312,35,0,15 16,0,10,,347828,14,0,15 16,0,7,,347825,35,0,15 16,0,48,,347861,14,0,15 16,0,7,,347817,14,0,15 16,0,11,,347830,35,0,15 16,0,7,,347882,14,0,15 16,0,9,,347888,14,0,15 16,0,6,,347844,35,0,15 16,0,58,,347877,35,0,15 16,0,20,,347870,35,0,15 16,0,17,,347868,35,0,15 16,0,12,,347837,35,0,15 16,0,52,,347841,35,0,15 16,0,14,,347818,35,0,15 16,0,15,,347891,35,0,15 16,0,15,,347824,35,0,15 16,0,55,,347832,35,0,15 16,0,15,,223745,35,0,15 16,0,15,,347850,35,0,15 16,0,15,,347876,35,0,15 16,0,70,,347871,35,0,15 16,0,15,,347887,35,0,15 16,0,15,,347883,35,0,15 16,0,55,,347886,35,0,15 16,0,15,,347890,35,0,15 16,0,30,,347880,35,0,15 16,0,55,,347819,14,0,15 16,0,30,,347851,14,0,15 16,0,15,,347846,35,0,15 16,0,55,,347829,14,0,15 16,0,15,,347843,35,0,15 16,0,36,,347857,35,0,15 16,0,57,,347866,14,0,15 16,0,20,,347823,35,0,15 16,0,12,,347826,14,0,15 16,0,14,,347881,35,0,15 16,0,53,,347875,14,0,15 16,0,14,,347874,35,0,15 16,0,31,,347854,35,0,15 16,0,52,,216993,14,0,15 16,0,13,,347892,35,0,15 16,0,15,,347859,14,0,15 16,0,15,,347856,35,0,15 16,0,54,,347836,14,0,15 16,0,17,,347840,35,0,15 16,0,15,,35119,14,0,15 16,0,19,,228310,35,0,15 16,0,56,,347835,14,0,15 16,0,16,,347863,35,0,15 16,0,18,,347864,14,0,15 16,0,13,,347821,35,0,15 16,0,54,,347822,14,0,15 16,0,16,,347889,35,0,15 16,0,14,,347862,14,0,15 16,0,14,,347884,35,0,15 16,0,56,,347847,14,0,15 16,0,13,,347852,35,0,15 16,0,15,,347820,14,0,15 16,0,15,,347845,35,0,15 16,0,55,,347853,14,0,15 16,0,14,,347869,35,0,15 16,0,21,,347855,14,0,15 16,0,70,,347885,14,0,15 16,0,29,,347858,14,,,0,69,,347873,14,,,0,29,,347839,14,,,0,69,,347827,14,,,0,30,,251118,14,,,0,80,,347849,14,,,0
7500,'4',348,,347939,14,,,0,66,,347960,14,,,0,31,,239804,14,0,15 16,0,73,,347949,14,0,15 16,0,29,,347902,14,0,15 16,0,55,,347925,14,0,15 16,0,21,,347916,35,0,15 16,0,15,,347904,14,0,15 16,0,18,,347921,35,0,15 16,0,47,,347910,14,0,15 16,0,7,,262360,14,0,15 16,0,8,,347942,14,0,15 16,0,7,,274871,35,0,15 16,0,9,,347938,14,0,15 16,0,4,,347952,35,0,15 16,0,12,,347961,14,0,15 16,0,6,,347895,35,0,15 16,0,51,,347917,14,0,15 16,0,3,,241060,14,0,15 16,0,13,,347900,35,0,15 16,0,7,,347958,14,0,15 16,0,11,,347936,14,0,15 16,0,4,,347929,35,0,15 16,0,58,,347897,35,0,15 16,0,20,,189896,35,0,15 16,0,17,,347899,35,0,15 16,0,12,,347948,35,0,15 16,0,52,,253889,35,0,15 16,0,14,,347893,35,0,15 16,0,15,,347920,35,0,15 16,0,15,,347946,35,0,15 16,0,55,,285383,35,0,15 16,0,15,,347959,35,0,15 16,0,15,,226377,35,0,15 16,0,15,,347898,35,0,15 16,0,55,,347940,35,0,15 16,0,15,,347912,35,0,15 16,0,15,,347906,35,0,15 16,0,15,,240801,35,0,15 16,0,55,,347932,35,0,15 16,0,15,,347955,35,0,15 16,0,15,,347908,14,0,15 16,0,15,,347924,35,0,15 16,0,55,,347913,14,0,15 16,0,15,,233484,35,0,15 16,0,15,,347927,14,0,15 16,0,15,,347915,35,0,15 16,0,55,,347914,14,0,15 16,0,14,,288063,35,0,15 16,0,17,,347894,14,0,15 16,0,20,,347905,35,0,15 16,0,57,,347956,14,0,15 16,0,20,,347923,35,0,15 16,0,12,,219502,14,0,15 16,0,14,,347934,35,0,15 16,0,51,,347935,14,0,15 16,0,16,,347907,35,0,15 16,0,13,,347931,14,0,15 16,0,18,,347922,35,0,15 16,0,52,,347926,14,0,15 16,0,13,,347911,35,0,15 16,0,15,,241062,14,0,15 16,0,15,,347947,35,0,15 16,0,54,,258036,14,0,15 16,0,17,,347943,35,0,15 16,0,15,,347941,14,0,15 16,0,19,,347918,35,0,15 16,0,56,,347944,14,0,15 16,0,16,,347937,35,0,15 16,0,18,,347945,14,0,15 16,0,13,,347909,35,0,15 16,0,54,,347950,14,0,15 16,0,16,,347896,35,0,15 16,0,14,,347954,14,0,15 16,0,14,,347903,35,0,15 16,0,56,,347962,14,0,15 16,0,13,,347963,35,0,15 16,0,15,,219219,14,0,15 16,0,15,,347919,35,0,15 16,0,55,,347953,14,0,15 16,0,14,,347928,35,0,15 16,0,21,,347901,14,0,15 16,0,70,,347951,14,0,15 16,0,29,,218644,14,,,0,69,,347933,14,,,0,29,,347957,14,,,0,69,,263452,14,,,0,30,,347930,14,,,0,80,,273752,14,,,0
7500,'5',348,,347986,14,,,0,66,,347996,14,,,0,31,,348027,14,0,15 16,0,73,,347979,14,0,15 16,0,29,,348008,14,0,15 16,0,55,,348015,14,0,15 16,0,21,,347981,35,0,15 16,0,15,,347964,14,0,15 16,0,18,,224285,35,0,15 16,0,47,,348026,14,0,15 16,0,7,,348013,14,0,15 16,0,8,,347982,14,0,15 16,0,7,,347990,35,0,15 16,0,11,,348020,14,0,15 16,0,4,,290392,35,0,15 16,0,10,,347976,14,0,15 16,0,7,,347973,35,0,15 16,0,48,,348009,14,0,15 16,0,7,,347965,14,0,15 16,0,11,,347978,35,0,15 16,0,7,,348030,14,0,15 16,0,9,,348036,14,0,15 16,0,6,,347992,35,0,15 16,0,58,,348025,35,0,15 16,0,20,,348018,35,0,15 16,0,17,,348016,35,0,15 16,0,12,,347985,35,0,15 16,0,52,,347989,35,0,15 16,0,14,,347966,35,0,15 16,0,15,,348039,35,0,15 16,0,15,,347972,35,0,15 16,0,55,,347980,35,0,15 16,0,15,,223817,35,0,15 16,0,15,,347998,35,0,15 16,0,15,,348024,35,0,15 16,0,70,,348019,35,0,15 16,0,15,,348035,35,0,15 16,0,15,,348031,35,0,15 16,0,55,,348034,35,0,15 16,0,15,,348038,35,0,15 16,0,30,,348028,35,0,15 16,0,55,,347967,14,0,15 16,0,30,,347999,14,0,15 16,0,15,,347994,35,0,15 16,0,55,,347977,14,0,15 16,0,15,,347991,35,0,15 16,0,36,,348005,35,0,15 16,0,57,,348014,14,0,15 16,0,20,,347971,35,0,15 16,0,12,,347974,14,0,15 16,0,14,,348029,35,0,15 16,0,53,,348023,14,0,15 16,0,14,,348022,35,0,15 16,0,31,,348002,35,0,15 16,0,52,,217163,14,0,15 16,0,13,,348040,35,0,15 16,0,15,,348007,14,0,15 16,0,15,,348004,35,0,15 16,0,54,,347984,14,0,15 16,0,17,,347988,35,0,15 16,0,15,,207320,14,0,15 16,0,19,,228382,35,0,15 16,0,56,,347983,14,0,15 16,0,16,,348011,35,0,15 16,0,18,,348012,14,0,15 16,0,13,,347969,35,0,15 16,0,54,,347970,14,0,15 16,0,16,,348037,35,0,15 16,0,14,,348010,14,0,15 16,0,14,,348032,35,0,15 16,0,56,,347995,14,0,15 16,0,13,,348000,35,0,15 16,0,15,,347968,14,0,15 16,0,15,,347993,35,0,15 16,0,55,,348001,14,0,15 16,0,14,,348017,35,0,15 16,0,21,,348003,14,0,15 16,0,70,,348033,14,0,15 16,0,29,,348006,14,,,0,69,,348021,14,,,0,29,,347987,14,,,0,69,,347975,14,,,0,30,,251186,14,,,0,80,,347997,14,,,0
7500,'6',348,,348063,14,,,0,66,,348073,14,,,0,31,,348101,14,0,15 16,0,73,,348055,14,0,15 16,0,29,,348083,14,0,15 16,0,55,,141674,14,0,15 16,0,21,,348058,35,0,15 16,0,15,,194693,14,0,15 16,0,18,,348092,35,0,15 16,0,47,,348100,14,0,15 16,0,7,,217305,14,0,15 16,0,8,,348059,14,0,15 16,0,7,,348067,35,0,15 16,0,11,,348093,14,0,15 16,0,4,,348072,35,0,15 16,0,10,,348053,14,0,15 16,0,7,,348050,35,0,15 16,0,48,,348084,14,0,15 16,0,7,,348041,14,0,15 16,0,11,,348054,35,0,15 16,0,7,,348104,14,0,15 16,0,9,,348109,14,0,15 16,0,6,,348069,35,0,15 16,0,58,,348099,35,0,15 16,0,20,,348090,35,0,15 16,0,17,,348088,35,0,15 16,0,12,,348062,35,0,15 16,0,52,,348066,35,0,15 16,0,14,,348042,35,0,15 16,0,15,,348112,35,0,15 16,0,15,,348049,35,0,15 16,0,55,,348056,35,0,15 16,0,15,,348095,35,0,15 16,0,15,,348074,35,0,15 16,0,15,,348098,35,0,15 16,0,70,,348091,35,0,15 16,0,15,,348108,35,0,15 16,0,15,,270768,35,0,15 16,0,55,,348107,35,0,15 16,0,15,,348111,35,0,15 16,0,30,,348102,35,0,15 16,0,55,,348044,14,0,15 16,0,30,,348075,14,0,15 16,0,15,,348071,35,0,15 16,0,55,,201188,14,0,15 16,0,15,,348068,35,0,15 16,0,36,,348080,35,0,15 16,0,57,,348087,14,0,15 16,0,20,,348048,35,0,15 16,0,12,,348051,14,0,15 16,0,14,,348103,35,0,15 16,0,53,,348097,14,0,15 16,0,14,,348096,35,0,15 16,0,31,,348077,35,0,15 16,0,52,,348057,14,0,15 16,0,13,,348113,35,0,15 16,0,15,,348082,14,0,15 16,0,15,,348079,35,0,15 16,0,54,,348061,14,0,15 16,0,17,,348065,35,0,15 16,0,15,,348105,14,0,15 16,0,19,,348043,35,0,15 16,0,56,,348060,14,0,15 16,0,16,,264347,35,0,15 16,0,18,,348086,14,0,15 16,0,13,,93488,35,0,15 16,0,54,,348047,14,0,15 16,0,16,,348110,35,0,15 16,0,14,,348085,14,0,15 16,0,14,,245030,35,0,15 16,0,56,,243162,14,0,15 16,0,13,,206655,35,0,15 16,0,15,,348046,14,0,15 16,0,15,,348070,35,0,15 16,0,55,,348076,14,0,15 16,0,14,,348089,35,0,15 16,0,21,,348078,14,0,15 16,0,70,,348106,14,0,15 16,0,29,,348081,14,,,0,69,,348094,14,,,0,29,,348064,14,,,0,69,,348052,14,,,0,30,,348045,14,,,0,80,,205232,14,,,0
7500,'7',348,,348135,14,,,0,66,,348144,14,,,0,31,,348169,14,0,15 16,0,73,,348129,14,0,15 16,0,29,,348152,14,0,15 16,0,55,,348157,14,0,15 16,0,21,,348132,35,0,15 16,0,15,,348114,14,0,15 16,0,18,,348162,35,0,15 16,0,47,,348168,14,0,15 16,0,7,,348155,14,0,15 16,0,8,,348133,14,0,15 16,0,7,,348138,35,0,15 16,0,11,,348163,14,0,15 16,0,4,,348143,35,0,15 16,0,10,,348126,14,0,15 16,0,7,,348123,35,0,15 16,0,48,,252863,14,0,15 16,0,7,,251656,14,0,15 16,0,11,,348128,35,0,15 16,0,7,,206628,14,0,15 16,0,9,,212565,14,0,15 16,0,6,,348139,35,0,15 16,0,58,,348167,35,0,15 16,0,20,,348160,35,0,15 16,0,17,,348158,35,0,15 16,0,12,,348134,35,0,15 16,0,52,,348137,35,0,15 16,0,14,,348115,35,0,15 16,0,15,,169524,35,0,15 16,0,15,,348122,35,0,15 16,0,55,,348130,35,0,15 16,0,15,,348164,35,0,15 16,0,15,,348146,35,0,15 16,0,15,,348166,35,0,15 16,0,70,,348161,35,0,15 16,0,15,,281839,35,0,15 16,0,15,,348171,35,0,15 16,0,55,,267815,35,0,15 16,0,15,,276275,35,0,15 16,0,30,,200086,35,0,15 16,0,55,,267329,14,0,15 16,0,30,,348147,14,0,15 16,0,15,,348141,35,0,15 16,0,55,,348127,14,0,15 16,0,15,,249430,35,0,15 16,0,36,,285208,35,0,15 16,0,57,,348156,14,0,15 16,0,20,,348121,35,0,15 16,0,12,,348124,14,0,15 16,0,14,,348170,35,0,15 16,0,53,,266142,14,0,15 16,0,14,,348165,35,0,15 16,0,31,,348149,35,0,15 16,0,52,,348131,14,0,15 16,0,13,,250642,35,0,15 16,0,15,,348151,14,0,15 16,0,15,,237925,35,0,15 16,0,54,,98363,14,0,15 16,0,17,,260950,35,0,15 16,0,15,,348173,14,0,15 16,0,19,,348116,35,0,15 16,0,56,,287945,14,0,15 16,0,16,,348153,35,0,15 16,0,18,,348154,14,0,15 16,0,13,,348119,35,0,15 16,0,54,,348120,14,0,15 16,0,16,,348175,35,0,15 16,0,14,,125595,14,0,15 16,0,14,,348172,35,0,15 16,0,56,,348142,14,0,15 16,0,13,,348148,35,0,15 16,0,15,,348118,14,0,15 16,0,15,,348140,35,0,15 16,0,55,,220608,14,0,15 16,0,14,,348159,35,0,15 16,0,21,,348150,14,0,15 16,0,70,,348174,14,0,15 16,0,29,,228426,14,,,0,69,,255999,14,,,0,29,,348136,14,,,0,69,,348125,14,,,0,30,,348117,14,,,0,80,,348145,14,,,0
7500,'8',351,,348200,14,,,0,71,,348176,14,,,0,30,,348197,14,,,0,70,,348185,14,,,0,30,,348182,14,,,0,70,,348213,14,,,0,30,,348228,14,,,0,60,,348192,14,,,0,27,,348224,35,0,15 16,0,70,,348226,14,0,15 16,0,30,,348210,35,0,15 16,0,15,,348199,14,0,15 16,0,55,,211688,14,0,15 16,0,15,,348229,14,0,15 16,0,15,,348234,35,0,15 16,0,15,,348187,14,0,15 16,0,55,,348195,35,0,15 16,0,16,,348232,14,0,15 16,0,15,,348237,35,0,15 16,0,15,,348233,14,0,15 16,0,55,,348238,35,0,15 16,0,15,,348242,14,0,15 16,0,15,,348202,35,0,15 16,0,15,,348181,14,0,15 16,0,55,,348180,35,0,15 16,0,15,,348207,14,0,15 16,0,15,,348189,35,0,15 16,0,15,,348209,14,0,15 16,0,55,,348220,35,0,15 16,0,15,,277609,14,0,15 16,0,15,,232631,35,0,15 16,0,15,,348215,14,0,15 16,0,55,,348214,35,0,15 16,0,15,,348193,14,0,15 16,0,15,,348241,35,0,15 16,0,15,,348211,14,0,15 16,0,55,,348217,35,0,15 16,0,15,,348218,14,0,15 16,0,15,,348227,35,0,15 16,0,15,,348178,14,0,15 16,0,55,,257395,35,0,15 16,0,15,,348179,14,0,15 16,0,15,,348230,35,0,15 16,0,15,,348196,14,0,15 16,0,53,,348239,35,0,15 16,0,17,,348184,14,0,15 16,0,15,,348177,35,0,15 16,0,15,,348208,14,0,15 16,0,55,,348204,35,0,15 16,0,15,,348225,14,0,15 16,0,15,,348235,35,0,15 16,0,15,,247861,14,0,15 16,0,55,,348216,14,0,15 16,0,15,,348221,14,0,15 16,0,15,,348191,35,0,15 16,0,15,,348201,14,0,15 16,0,55,,239149,14,0,15 16,0,15,,149739,14,0,15 16,0,15,,348194,14,0,15 16,0,15,,348223,14,0,15 16,0,55,,348231,14,0,15 16,0,15,,348205,14,0,15 16,0,15,,348240,14,0,15 16,0,15,,348188,14,0,15 16,0,55,,348186,14,0,15 16,0,14,,348212,14,0,15 16,0,15,,348236,14,0,15 16,0,14,,348206,14,,,0,70,,348198,14,,,0,30,,348183,14,,,0,70,,348203,14,,,0,30,,348222,14,,,0,70,,278131,14,,,0,30,,348219,14,,,0,70,,348190,14,,,0,30,,244457,14,,,0
7500,'9',348,,348265,14,,,0,66,,348275,14,,,0,31,,348303,14,0,15 16,0,73,,348257,14,0,15 16,0,29,,348285,14,0,15 16,0,55,,141556,14,0,15 16,0,21,,348260,35,0,15 16,0,15,,194496,14,0,15 16,0,18,,348294,35,0,15 16,0,47,,348302,14,0,15 16,0,7,,217123,14,0,15 16,0,8,,348261,14,0,15 16,0,7,,348269,35,0,15 16,0,11,,348295,14,0,15 16,0,4,,348274,35,0,15 16,0,10,,348255,14,0,15 16,0,7,,348252,35,0,15 16,0,48,,348286,14,0,15 16,0,7,,348243,14,0,15 16,0,11,,348256,35,0,15 16,0,7,,348306,14,0,15 16,0,9,,348311,14,0,15 16,0,6,,348271,35,0,15 16,0,58,,348301,35,0,15 16,0,20,,348292,35,0,15 16,0,17,,348290,35,0,15 16,0,12,,348264,35,0,15 16,0,52,,348268,35,0,15 16,0,14,,348244,35,0,15 16,0,15,,348314,35,0,15 16,0,15,,348251,35,0,15 16,0,55,,348258,35,0,15 16,0,15,,348297,35,0,15 16,0,15,,348276,35,0,15 16,0,15,,348300,35,0,15 16,0,70,,348293,35,0,15 16,0,15,,348310,35,0,15 16,0,15,,270671,35,0,15 16,0,55,,348309,35,0,15 16,0,15,,348313,35,0,15 16,0,30,,348304,35,0,15 16,0,55,,348246,14,0,15 16,0,30,,348277,14,0,15 16,0,15,,348273,35,0,15 16,0,55,,201073,14,0,15 16,0,15,,348270,35,0,15 16,0,36,,348282,35,0,15 16,0,57,,348289,14,0,15 16,0,20,,348250,35,0,15 16,0,12,,348253,14,0,15 16,0,14,,348305,35,0,15 16,0,53,,348299,14,0,15 16,0,14,,348298,35,0,15 16,0,31,,348279,35,0,15 16,0,52,,348259,14,0,15 16,0,13,,348315,35,0,15 16,0,15,,348284,14,0,15 16,0,15,,348281,35,0,15 16,0,54,,348263,14,0,15 16,0,17,,348267,35,0,15 16,0,15,,348307,14,0,15 16,0,19,,348245,35,0,15 16,0,56,,348262,14,0,15 16,0,16,,264141,35,0,15 16,0,18,,348288,14,0,15 16,0,13,,92918,35,0,15 16,0,54,,348249,14,0,15 16,0,16,,348312,35,0,15 16,0,14,,348287,14,0,15 16,0,14,,244925,35,0,15 16,0,56,,243017,14,0,15 16,0,13,,206535,35,0,15 16,0,15,,348248,14,0,15 16,0,15,,348272,35,0,15 16,0,55,,348278,14,0,15 16,0,14,,348291,35,0,15 16,0,21,,348280,14,0,15 16,0,70,,348308,14,0,15 16,0,29,,348283,14,,,0,69,,348296,14,,,0,29,,348266,14,,,0,69,,348254,14,,,0,30,,348247,14,,,0,80,,205224,14,,,0
7501,'1',338,,348358,21,0,64 65,0,68,,348344,21,0,64 65,0,32,,348329,21,0,64 65,0,65,,198427,21,,,0,39,,348367,7,,,0,69,,348320,7,,,0,13,,152344,7,0,64 65,0,17,,348389,7,,,0,16,,150845,7,0,64 65,0,54,,348351,7,,,0,12,,348390,7,0,64 65,0,21,,348346,7,,,0,12,,215038,7,0,64 65,0,51,,348334,7,,,0,24,,348336,7,0,64 65,0,9,,348345,7,,,0,17,,348365,7,0,64 65,0,54,,348317,7,,,0,17,,348328,7,,,0,16,,348330,7,,,0,15,,223471,7,,,0,55,,258838,7,,,0,15,,348377,7,,,0,15,,348382,7,,,0,15,,348331,7,,,0,55,,244192,7,,,0,15,,348322,7,,,0,15,,348379,7,,,0,15,,348353,7,,,0,55,,348347,7,,,0,15,,348333,7,0,64 65,0,15,,223950,7,,,0,15,,348360,7,0,64 65,0,55,,192814,7,,,0,15,,348385,7,0,64 65,0,15,,121275,7,,,0,15,,272719,7,0,64 65,0,55,,348349,7,,,0,16,,221705,7,,,0,15,,348316,7,,,0,55,,348362,7,,,0,14,,348339,7,,,0,10,,348376,7,0,64 65,0,10,,348356,7,,,0,8,,348338,7,0,64 65,0,9,,239687,7,,,0,6,,348342,7,0,64 65,0,49,,348369,7,,,0,7,,348359,7,0,64 65,0,8,,220034,7,,,0,6,,348337,7,0,64 65,0,9,,348323,7,,,0,8,,348355,7,,,0,8,,348372,7,0,64 65,0,7,,348327,7,,,0,47,,348363,7,0,64 65,0,7,,348373,7,,,0,9,,348321,7,0,64 65,0,5,,348348,7,,,0,9,,348384,7,0,64 65,0,9,,348364,7,,,0,7,,257951,7,0,64 65,0,5,,348378,7,,,0,49,,348374,7,0,64 65,0,6,,348380,7,,,0,8,,348350,7,,,0,5,,348324,7,0,64 65,0,10,,348361,7,,,0,5,,348366,7,0,64 65,0,10,,348370,7,,,0,55,,348319,7,,,0,15,,348357,7,0,64 65,0,14,,348388,7,,,0,14,,348354,7,0,64 65,0,56,,348343,7,,,0,15,,266274,7,0,64 65,0,17,,348368,7,,,0,14,,348375,7,0,64 65,0,56,,348318,7,,,0,14,,348371,7,0,64 65,0,16,,348341,7,,,0,14,,348386,7,0,64 65,0,56,,348381,7,,,0,33,,348383,7,,,0,70,,128403,7,,,0,25,,198750,7,0,64 65,0,74,,348326,7,0,64 65,0,32,,348387,7,0,64 65,0,75,,348352,7,0,64 65,0,27,,348335,7,0,64 65,0,70,,348340,21,0,64 65,0,28,,348332,21,0,64 65,0,70,,348325,21,0,64 65,0
7501,'10',345,,348417,21,0,64 65,0,70,,348407,21,0,64 65,0,30,,348424,21,0,64 65,0,70,,348449,21,0,64 65,0,30,,348458,21,0,64 65,0,70,,348412,21,,,0,15,,348391,7,0,64 65,0,15,,348459,7,0,64 65,0,55,,253854,7,,,0,15,,348432,7,0,64 65,0,15,,348393,7,0,64 65,0,15,,348440,7,,,0,55,,348445,7,0,64 65,0,16,,348426,7,,,0,15,,348398,7,0,64 65,0,15,,348402,7,,,0,55,,348403,7,0,64 65,0,15,,348435,7,,,0,15,,235271,7,0,64 65,0,15,,348450,7,,,0,55,,348444,7,0,64 65,0,15,,348425,7,,,0,15,,348421,7,0,64 65,0,15,,239739,7,,,0,55,,348442,7,0,64 65,0,15,,348423,7,,,0,15,,348399,7,0,64 65,0,15,,348414,7,,,0,55,,348420,7,,,0,15,,348401,7,,,0,15,,348419,7,,,0,15,,252442,7,,,0,55,,348448,7,0,64 65,0,15,,348437,7,,,0,16,,348439,7,0,64 65,0,14,,348418,7,,,0,55,,348431,7,0,64 65,0,16,,348455,7,,,0,14,,151789,7,0,64 65,0,15,,348436,7,,,0,55,,348413,7,,,0,15,,348429,7,,,0,15,,348405,7,,,0,15,,348443,7,,,0,55,,348446,7,0,64 65,0,16,,246126,7,,,0,14,,348427,7,0,64 65,0,15,,348406,7,,,0,55,,348452,7,0,64 65,0,15,,238945,7,,,0,15,,348447,7,0,64 65,0,15,,348400,7,,,0,55,,348416,7,0,64 65,0,15,,348434,7,,,0,15,,348397,7,0,64 65,0,15,,348454,7,,,0,55,,348395,7,0,64 65,0,14,,348415,7,,,0,15,,256154,7,0,64 65,0,15,,348441,7,,,0,55,,348438,7,0,64 65,0,15,,274777,7,,,0,15,,292031,7,0,64 65,0,15,,348457,7,,,0,55,,348453,7,0,64 65,0,15,,278775,7,,,0,15,,271544,7,0,64 65,0,15,,220854,7,,,0,55,,348392,7,0,64 65,0,15,,348394,7,0,64 65,0,15,,273690,7,0,64 65,0,15,,348411,7,0,64 65,0,55,,348422,7,0,64 65,0,15,,348410,7,0,64 65,0,15,,348456,7,0,64 65,0,20,,348396,7,0,64 65,0,63,,348430,7,0,64 65,0,30,,348409,7,0,64 65,0,70,,348451,7,0,64 65,0,30,,348404,7,0,64 65,0,70,,348428,7,0,64 65,0,30,,348433,7,0,64 65,0,74,,348408,21,0,64 65,0
7501,'11',338,,292078,21,0,64 65,0,68,,348486,21,0,64 65,0,32,,348479,21,0,64 65,0,65,,348489,21,,,0,39,,348517,7,,,0,69,,348491,7,,,0,13,,348483,7,0,64 65,0,17,,348522,7,,,0,16,,348495,7,0,64 65,0,54,,348498,7,,,0,12,,348516,7,0,64 65,0,19,,348475,7,,,0,14,,348478,7,0,64 65,0,51,,249037,7,,,0,23,,193310,7,0,64 65,0,10,,348460,7,,,0,17,,348467,7,0,64 65,0,54,,270281,7,,,0,17,,225113,7,,,0,16,,247781,7,,,0,15,,296142,7,,,0,55,,348507,7,,,0,15,,348472,7,,,0,15,,348477,7,,,0,15,,348515,7,,,0,55,,239052,7,,,0,15,,261126,7,,,0,15,,348488,7,,,0,15,,348497,7,,,0,70,,348470,7,0,64 65,0,30,,348511,7,0,64 65,0,55,,348524,7,,,0,15,,348525,7,0,64 65,0,30,,232588,7,0,64 65,0,55,,348521,7,,,0,16,,348471,7,,,0,15,,348484,7,,,0,14,,259027,7,,,0,64,,235394,7,0,64 65,0,11,,348508,7,,,0,8,,348490,7,0,64 65,0,9,,348496,7,,,0,7,,256624,7,0,64 65,0,50,,348520,7,,,0,7,,275797,7,0,64 65,0,8,,246156,7,,,0,4,,348466,7,0,64 65,0,11,,348462,7,,,0,6,,232121,7,,,0,9,,348499,7,0,64 65,0,5,,348480,7,,,0,48,,348481,7,0,64 65,0,7,,348474,7,,,0,8,,348468,7,0,64 65,0,6,,348482,7,,,0,9,,348473,7,0,64 65,0,7,,294057,7,,,0,8,,348501,7,0,64 65,0,5,,348519,7,,,0,50,,348506,7,0,64 65,0,4,,348513,7,,,0,10,,348514,7,,,0,5,,348464,7,0,64 65,0,10,,348487,7,,,0,5,,348523,7,0,64 65,0,10,,92409,7,,,0,55,,348469,7,,,0,15,,230756,7,0,64 65,0,14,,348503,7,,,0,14,,348465,7,0,64 65,0,56,,176380,7,,,0,15,,348500,7,0,64 65,0,17,,160317,7,,,0,14,,348509,7,0,64 65,0,56,,348493,7,,,0,14,,348492,7,0,64 65,0,16,,348505,7,,,0,14,,348494,7,0,64 65,0,56,,348461,7,,,0,33,,265659,7,,,0,70,,348504,7,,,0,25,,348485,7,0,64 65,0,74,,348463,7,0,64 65,0,32,,348518,7,0,64 65,0,75,,348502,7,0,64 65,0,27,,212771,7,0,64 65,0,70,,348512,21,0,64 65,0,28,,348510,21,0,64 65,0,70,,348476,21,0,64 65,0
7501,'12',348,,348592,21,0,64 65,0,70,,348562,21,0,64 65,0,30,,348539,21,0,64 65,0,70,,280471,21,0,64 65,0,30,,348528,21,0,64 65,0,64,,348568,21,0,64 65,0,25,,267728,21,,,0,75,,348585,21,0,64 65,0,30,,348563,21,,,0,70,,348576,21,0,64 65,0,15,,348581,21,0,64 65,0,17,,348590,7,,,0,15,,348526,7,0,64 65,0,55,,348584,7,,,0,15,,348534,7,0,64 65,0,15,,348566,7,,,0,15,,348594,7,0,64 65,0,55,,348552,7,,,0,15,,348540,7,0,64 65,0,15,,348593,7,,,0,15,,348535,7,0,64 65,0,55,,348565,7,,,0,15,,348561,7,0,64 65,0,15,,348589,7,,,0,15,,348538,7,0,64 65,0,55,,348582,7,,,0,15,,348569,7,0,64 65,0,15,,348567,7,,,0,15,,348560,7,0,64 65,0,55,,348547,7,,,0,15,,279220,7,0,64 65,0,15,,348577,7,,,0,15,,238578,7,0,64 65,0,55,,348570,7,,,0,15,,348555,7,0,64 65,0,15,,348541,7,,,0,15,,348591,7,0,64 65,0,55,,348548,7,,,0,20,,348529,7,0,64 65,0,10,,348542,7,,,0,15,,348588,7,0,64 65,0,55,,348587,7,,,0,15,,348530,7,0,64 65,0,15,,348537,7,,,0,15,,348545,7,0,64 65,0,55,,348583,7,,,0,15,,348578,7,0,64 65,0,15,,348557,7,,,0,15,,348543,7,0,64 65,0,55,,348550,7,,,0,15,,348580,7,0,64 65,0,15,,348546,7,,,0,15,,348532,7,0,64 65,0,55,,348551,7,0,64 65,0,14,,348556,7,0,64 65,0,16,,348571,7,0,64 65,0,15,,348579,7,0,64 65,0,55,,348536,7,0,64 65,0,15,,348574,7,0,64 65,0,15,,348564,7,0,64 65,0,15,,348549,7,0,64 65,0,55,,348544,7,0,64 65,0,15,,348559,7,0,64 65,0,15,,348533,7,0,64 65,0,15,,145332,7,0,64 65,0,60,,348558,7,0,64 65,0,25,,348595,7,0,64 65,0,70,,348554,7,0,64 65,0,35,,348553,7,0,64 65,0,70,,348527,21,0,64 65,0,30,,348573,21,0,64 65,0,70,,348531,21,0,64 65,0,30,,348572,21,0,64 65,0,70,,249347,21,0,64 65,0,30,,348586,21,0,64 65,0,70,,348575,21,0,64 65,0
7501,'13',338,,292109,21,0,64 65,0,68,,348622,21,0,64 65,0,32,,348615,21,0,64 65,0,65,,348625,21,,,0,39,,348653,7,,,0,69,,348627,7,,,0,13,,348619,7,0,64 65,0,17,,348658,7,,,0,16,,348631,7,0,64 65,0,54,,348634,7,,,0,12,,348652,7,0,64 65,0,19,,348611,7,,,0,14,,348614,7,0,64 65,0,51,,249075,7,,,0,23,,193003,7,0,64 65,0,10,,348596,7,,,0,17,,348603,7,0,64 65,0,54,,270332,7,,,0,17,,225150,7,,,0,16,,247816,7,,,0,15,,296147,7,,,0,55,,348643,7,,,0,15,,348608,7,,,0,15,,348613,7,,,0,15,,348651,7,,,0,55,,239105,7,,,0,15,,261153,7,,,0,15,,348624,7,,,0,15,,348633,7,,,0,70,,348606,7,0,64 65,0,30,,348647,7,0,64 65,0,55,,348660,7,,,0,15,,348661,7,0,64 65,0,30,,232613,7,0,64 65,0,55,,348657,7,,,0,16,,348607,7,,,0,15,,348620,7,,,0,14,,259073,7,,,0,64,,235459,7,0,64 65,0,11,,348644,7,,,0,8,,348626,7,0,64 65,0,9,,348632,7,,,0,7,,256633,7,0,64 65,0,50,,348656,7,,,0,7,,275843,7,0,64 65,0,8,,246168,7,,,0,4,,348602,7,0,64 65,0,11,,348598,7,,,0,6,,232149,7,,,0,9,,348635,7,0,64 65,0,5,,348616,7,,,0,48,,348617,7,0,64 65,0,7,,348610,7,,,0,8,,348604,7,0,64 65,0,6,,348618,7,,,0,9,,348609,7,0,64 65,0,7,,294063,7,,,0,8,,348637,7,0,64 65,0,5,,348655,7,,,0,50,,348642,7,0,64 65,0,4,,348649,7,,,0,10,,348650,7,,,0,5,,348600,7,0,64 65,0,10,,348623,7,,,0,5,,348659,7,0,64 65,0,10,,91858,7,,,0,55,,348605,7,,,0,15,,230786,7,0,64 65,0,14,,348639,7,,,0,14,,348601,7,0,64 65,0,56,,175319,7,,,0,15,,348636,7,0,64 65,0,17,,159777,7,,,0,14,,348645,7,0,64 65,0,56,,348629,7,,,0,14,,348628,7,0,64 65,0,16,,348641,7,,,0,14,,348630,7,0,64 65,0,56,,348597,7,,,0,33,,265710,7,,,0,70,,348640,7,,,0,25,,348621,7,0,64 65,0,74,,348599,7,0,64 65,0,32,,348654,7,0,64 65,0,75,,348638,7,0,64 65,0,27,,212803,7,0,64 65,0,70,,348648,21,0,64 65,0,28,,348646,21,0,64 65,0,70,,348612,21,0,64 65,0
7501,'14',338,,292221,21,0,64 65,0,68,,348688,21,0,64 65,0,32,,348681,21,0,64 65,0,65,,348691,21,,,0,39,,348719,7,,,0,69,,348693,7,,,0,13,,348685,7,0,64 65,0,17,,348724,7,,,0,16,,348697,7,0,64 65,0,54,,348700,7,,,0,12,,348718,7,0,64 65,0,19,,348677,7,,,0,14,,348680,7,0,64 65,0,51,,249238,7,,,0,23,,193173,7,0,64 65,0,10,,348662,7,,,0,17,,348669,7,0,64 65,0,54,,270542,7,,,0,17,,225265,7,,,0,16,,247970,7,,,0,15,,296152,7,,,0,55,,348709,7,,,0,15,,348674,7,,,0,15,,348679,7,,,0,15,,348717,7,,,0,55,,239279,7,,,0,15,,261244,7,,,0,15,,348690,7,,,0,15,,348699,7,,,0,70,,348672,7,0,64 65,0,30,,348713,7,0,64 65,0,55,,348726,7,,,0,15,,348727,7,0,64 65,0,30,,232718,7,0,64 65,0,55,,348723,7,,,0,16,,348673,7,,,0,15,,348686,7,,,0,14,,259291,7,,,0,64,,235737,7,0,64 65,0,11,,348710,7,,,0,8,,348692,7,0,64 65,0,9,,348698,7,,,0,7,,256659,7,0,64 65,0,50,,348722,7,,,0,7,,276031,7,0,64 65,0,8,,246214,7,,,0,4,,348668,7,0,64 65,0,11,,348664,7,,,0,6,,232264,7,,,0,9,,348701,7,0,64 65,0,5,,348682,7,,,0,48,,348683,7,0,64 65,0,7,,348676,7,,,0,8,,348670,7,0,64 65,0,6,,348684,7,,,0,9,,348675,7,0,64 65,0,7,,294080,7,,,0,8,,348703,7,0,64 65,0,5,,348721,7,,,0,50,,348708,7,0,64 65,0,4,,348715,7,,,0,10,,348716,7,,,0,5,,348666,7,0,64 65,0,10,,348689,7,,,0,5,,348725,7,0,64 65,0,10,,92133,7,,,0,55,,348671,7,,,0,15,,230895,7,0,64 65,0,14,,348705,7,,,0,14,,348667,7,0,64 65,0,56,,175885,7,,,0,15,,348702,7,0,64 65,0,17,,160064,7,,,0,14,,348711,7,0,64 65,0,56,,348695,7,,,0,14,,348694,7,0,64 65,0,16,,348707,7,,,0,14,,348696,7,0,64 65,0,56,,348663,7,,,0,33,,265906,7,,,0,70,,348706,7,,,0,25,,348687,7,0,64 65,0,74,,348665,7,0,64 65,0,32,,348720,7,0,64 65,0,75,,348704,7,0,64 65,0,27,,212929,7,0,64 65,0,70,,348714,21,0,64 65,0,28,,348712,21,0,64 65,0,70,,348678,21,0,64 65,0
7501,'15',348,,225824,21,0,64 65,0,70,,348753,21,0,64 65,0,30,,348737,21,0,64 65,0,70,,348733,21,0,64 65,0,30,,169351,21,0,64 65,0,64,,348760,21,0,64 65,0,25,,348763,21,,,0,75,,211769,21,0,64 65,0,30,,348755,21,,,0,70,,348768,21,0,64 65,0,15,,348774,21,0,64 65,0,17,,348782,7,,,0,15,,348728,7,0,64 65,0,55,,348777,7,,,0,15,,292582,7,0,64 65,0,15,,286795,7,,,0,15,,348785,7,0,64 65,0,55,,221566,7,,,0,15,,209817,7,0,64 65,0,15,,348784,7,,,0,15,,348734,7,0,64 65,0,55,,348757,7,,,0,15,,348752,7,0,64 65,0,15,,348781,7,,,0,15,,348736,7,0,64 65,0,55,,348775,7,,,0,15,,348761,7,0,64 65,0,15,,348758,7,,,0,15,,348751,7,0,64 65,0,55,,268697,7,,,0,15,,348770,7,0,64 65,0,15,,348769,7,,,0,15,,348740,7,0,64 65,0,55,,348762,7,,,0,15,,348748,7,0,64 65,0,15,,207755,7,,,0,15,,348783,7,0,64 65,0,55,,348742,7,,,0,20,,264932,7,0,64 65,0,10,,348738,7,,,0,15,,348780,7,0,64 65,0,55,,348779,7,,,0,15,,348730,7,0,64 65,0,15,,348735,7,,,0,15,,348739,7,0,64 65,0,55,,348776,7,,,0,15,,348771,7,0,64 65,0,15,,260467,7,,,0,15,,263680,7,0,64 65,0,55,,348744,7,,,0,15,,348773,7,0,64 65,0,15,,348741,7,,,0,15,,348732,7,0,64 65,0,55,,348745,7,0,64 65,0,14,,292592,7,0,64 65,0,16,,348764,7,0,64 65,0,15,,348772,7,0,64 65,0,55,,287391,7,0,64 65,0,15,,348766,7,0,64 65,0,15,,348756,7,0,64 65,0,15,,348743,7,0,64 65,0,55,,225221,7,0,64 65,0,15,,348750,7,0,64 65,0,15,,236716,7,0,64 65,0,15,,348759,7,0,64 65,0,60,,348749,7,0,64 65,0,25,,348786,7,0,64 65,0,70,,348747,7,0,64 65,0,35,,348746,7,0,64 65,0,70,,348729,21,0,64 65,0,30,,348765,21,0,64 65,0,70,,348731,21,0,64 65,0,30,,261840,21,0,64 65,0,70,,348754,21,0,64 65,0,30,,348778,21,0,64 65,0,70,,348767,21,0,64 65,0
7501,'16',345,,285848,21,0,64 65,0,70,,348805,21,0,64 65,0,30,,348819,21,0,64 65,0,70,,348846,21,0,64 65,0,30,,348854,21,0,64 65,0,70,,348809,21,,,0,15,,348787,7,0,64 65,0,15,,348855,7,0,64 65,0,55,,348803,7,,,0,15,,348829,7,0,64 65,0,15,,348790,7,0,64 65,0,15,,348836,7,,,0,55,,348841,7,0,64 65,0,16,,348823,7,,,0,15,,348797,7,0,64 65,0,15,,348799,7,,,0,55,,348800,7,0,64 65,0,15,,348832,7,,,0,15,,348851,7,0,64 65,0,15,,348847,7,,,0,55,,348840,7,0,64 65,0,15,,348822,7,,,0,15,,348816,7,0,64 65,0,15,,348791,7,,,0,55,,348838,7,0,64 65,0,15,,348818,7,,,0,15,,222722,7,0,64 65,0,15,,348812,7,,,0,55,,348815,7,,,0,15,,265176,7,,,0,15,,348814,7,,,0,15,,348789,7,,,0,55,,348845,7,0,64 65,0,15,,210040,7,,,0,16,,348835,7,0,64 65,0,14,,207896,7,,,0,55,,348828,7,0,64 65,0,16,,348852,7,,,0,14,,348833,7,0,64 65,0,15,,187407,7,,,0,55,,348810,7,,,0,15,,265194,7,,,0,15,,348802,7,,,0,15,,348839,7,,,0,55,,348843,7,0,64 65,0,16,,348792,7,,,0,14,,234607,7,0,64 65,0,15,,348804,7,,,0,55,,248650,7,0,64 65,0,15,,348824,7,,,0,15,,348844,7,0,64 65,0,15,,348798,7,,,0,55,,288467,7,0,64 65,0,15,,348831,7,,,0,15,,348796,7,0,64 65,0,15,,244834,7,,,0,55,,348794,7,0,64 65,0,14,,348813,7,,,0,15,,348801,7,0,64 65,0,15,,348837,7,,,0,55,,348834,7,0,64 65,0,15,,348811,7,,,0,15,,348821,7,0,64 65,0,15,,258465,7,,,0,55,,348850,7,0,64 65,0,15,,348820,7,,,0,15,,348842,7,0,64 65,0,15,,348848,7,,,0,55,,348788,7,0,64 65,0,15,,348793,7,0,64 65,0,15,,348825,7,0,64 65,0,15,,348808,7,0,64 65,0,55,,348817,7,0,64 65,0,15,,348807,7,0,64 65,0,15,,348853,7,0,64 65,0,20,,348795,7,0,64 65,0,63,,348827,7,0,64 65,0,30,,242905,7,0,64 65,0,70,,348849,7,0,64 65,0,30,,244814,7,0,64 65,0,70,,348826,7,0,64 65,0,30,,348830,7,0,64 65,0,74,,348806,21,0,64 65,0
7501,'2',338,,348868,21,0,64 65,0,68,,348880,21,0,64 65,0,32,,290008,21,0,64 65,0,65,,348884,21,,,0,39,,348917,7,,,0,69,,348886,7,,,0,13,,348878,7,0,64 65,0,17,,348920,7,,,0,16,,348894,7,0,64 65,0,54,,348896,7,,,0,12,,348915,7,0,64 65,0,19,,294290,7,,,0,14,,231082,7,0,64 65,0,51,,348867,7,,,0,23,,348923,7,0,64 65,0,10,,348856,7,,,0,17,,134289,7,0,64 65,0,54,,348902,7,,,0,17,,348859,7,,,0,16,,348888,7,,,0,15,,348913,7,,,0,55,,225564,7,,,0,15,,348870,7,,,0,15,,348872,7,,,0,15,,348914,7,,,0,55,,348903,7,,,0,15,,348912,7,,,0,15,,348883,7,,,0,15,,141370,7,,,0,70,,348865,7,0,64 65,0,30,,348909,7,0,64 65,0,55,,348925,7,,,0,15,,289335,7,0,64 65,0,30,,348924,7,0,64 65,0,55,,348919,7,,,0,16,,348869,7,,,0,15,,348879,7,,,0,14,,348890,7,,,0,64,,348916,7,0,64 65,0,11,,348906,7,,,0,8,,348885,7,0,64 65,0,9,,348895,7,,,0,7,,348926,7,0,64 65,0,50,,290024,7,,,0,7,,348874,7,0,64 65,0,8,,348877,7,,,0,4,,348863,7,0,64 65,0,11,,348858,7,,,0,6,,348893,7,,,0,9,,348897,7,0,64 65,0,5,,348873,7,,,0,48,,348875,7,0,64 65,0,7,,288626,7,,,0,8,,226999,7,0,64 65,0,6,,227508,7,,,0,9,,281915,7,0,64 65,0,7,,348892,7,,,0,8,,348898,7,0,64 65,0,5,,348918,7,,,0,50,,348905,7,0,64 65,0,4,,279475,7,,,0,10,,264482,7,,,0,5,,348861,7,0,64 65,0,10,,348882,7,,,0,5,,348922,7,0,64 65,0,10,,348881,7,,,0,55,,348864,7,,,0,15,,348904,7,0,64 65,0,14,,348899,7,,,0,14,,348862,7,0,64 65,0,56,,348911,7,,,0,15,,293148,7,0,64 65,0,17,,348876,7,,,0,14,,348907,7,0,64 65,0,56,,348889,7,,,0,14,,348887,7,0,64 65,0,16,,348901,7,,,0,14,,348891,7,0,64 65,0,56,,348857,7,,,0,33,,348866,7,,,0,70,,348900,7,,,0,25,,232468,7,0,64 65,0,74,,348860,7,0,64 65,0,32,,231545,7,0,64 65,0,75,,264467,7,0,64 65,0,27,,348921,7,0,64 65,0,70,,348910,21,0,64 65,0,28,,348908,21,0,64 65,0,70,,348871,21,0,64 65,0
7501,'3',338,,348939,21,0,64 65,0,68,,348957,21,0,64 65,0,32,,348947,21,0,64 65,0,65,,207965,21,,,0,39,,348994,7,,,0,69,,257547,7,,,0,13,,348954,7,0,64 65,0,17,,348999,7,,,0,16,,348968,7,0,64 65,0,54,,348970,7,,,0,12,,348992,7,0,64 65,0,19,,348943,7,,,0,14,,348946,7,0,64 65,0,51,,348938,7,,,0,23,,349002,7,0,64 65,0,10,,348927,7,,,0,17,,348934,7,0,64 65,0,54,,348977,7,,,0,17,,348930,7,,,0,16,,348963,7,,,0,15,,348989,7,,,0,55,,348981,7,,,0,15,,348940,7,,,0,15,,348945,7,,,0,15,,200951,7,,,0,55,,348978,7,,,0,15,,348988,7,,,0,15,,348960,7,,,0,15,,348969,7,,,0,70,,268171,7,0,64 65,0,30,,348985,7,0,64 65,0,55,,268873,7,,,0,15,,349004,7,0,64 65,0,30,,349003,7,0,64 65,0,55,,348998,7,,,0,16,,216213,7,,,0,15,,348955,7,,,0,14,,348964,7,,,0,64,,348993,7,0,64 65,0,11,,348982,7,,,0,8,,348961,7,0,64 65,0,9,,215440,7,,,0,7,,349005,7,0,64 65,0,50,,348997,7,,,0,7,,348949,7,0,64 65,0,8,,348952,7,,,0,4,,348933,7,0,64 65,0,11,,348929,7,,,0,6,,348967,7,,,0,9,,348971,7,0,64 65,0,5,,348948,7,,,0,48,,348950,7,0,64 65,0,7,,348942,7,,,0,8,,348935,7,0,64 65,0,6,,348953,7,,,0,9,,348941,7,0,64 65,0,7,,348966,7,,,0,8,,348973,7,0,64 65,0,5,,348996,7,,,0,50,,348980,7,0,64 65,0,4,,348990,7,,,0,10,,348991,7,,,0,5,,348932,7,0,64 65,0,10,,348959,7,,,0,5,,349001,7,0,64 65,0,10,,348958,7,,,0,55,,348936,7,,,0,15,,348979,7,0,64 65,0,14,,348975,7,,,0,14,,288480,7,0,64 65,0,56,,348987,7,,,0,15,,348972,7,0,64 65,0,17,,348951,7,,,0,14,,348983,7,0,64 65,0,56,,268846,7,,,0,14,,348962,7,0,64 65,0,16,,348976,7,,,0,14,,348965,7,0,64 65,0,56,,348928,7,,,0,33,,348937,7,,,0,70,,271848,7,,,0,25,,348956,7,0,64 65,0,74,,348931,7,0,64 65,0,32,,348995,7,0,64 65,0,75,,348974,7,0,64 65,0,27,,349000,7,0,64 65,0,70,,348986,21,0,64 65,0,28,,348984,21,0,64 65,0,70,,348944,21,0,64 65,0
7501,'4',338,,349037,21,0,64 65,0,68,,349014,21,0,64 65,0,32,,349017,21,0,64 65,0,65,,241787,21,,,0,39,,349007,7,,,0,69,,349021,7,,,0,13,,349048,7,0,64 65,0,17,,349042,7,,,0,16,,349009,7,0,64 65,0,54,,291091,7,,,0,12,,349070,7,0,64 65,0,21,,349071,7,,,0,14,,349066,7,0,64 65,0,49,,349058,7,,,0,23,,349038,7,0,64 65,0,11,,244293,7,,,0,16,,349050,7,0,64 65,0,54,,349072,7,,,0,17,,349039,7,,,0,16,,349074,7,,,0,15,,349056,7,,,0,55,,349062,7,,,0,15,,287309,7,,,0,15,,265639,7,,,0,15,,349011,7,,,0,55,,349027,7,,,0,15,,349069,7,,,0,15,,220886,7,,,0,15,,239834,7,,,0,55,,349025,7,,,0,15,,349043,7,0,64 65,0,15,,349022,7,,,0,15,,349023,7,0,64 65,0,55,,349034,7,,,0,15,,295312,7,0,64 65,0,15,,349006,7,,,0,15,,349057,7,0,64 65,0,55,,349020,7,,,0,16,,349013,7,,,0,13,,349026,7,,,0,16,,349016,7,,,0,55,,349060,7,,,0,8,,349059,7,0,64 65,0,12,,218643,7,,,0,8,,349024,7,0,64 65,0,8,,349012,7,,,0,8,,192770,7,0,64 65,0,50,,349047,7,,,0,7,,349018,7,0,64 65,0,8,,349029,7,,,0,6,,288704,7,0,64 65,0,7,,349015,7,,,0,10,,349036,7,,,0,7,,349028,7,0,64 65,0,5,,283439,7,,,0,48,,349030,7,0,64 65,0,7,,261691,7,,,0,8,,283412,7,0,64 65,0,9,,349044,7,,,0,6,,349035,7,0,64 65,0,9,,349065,7,,,0,8,,349033,7,0,64 65,0,47,,295632,7,,,0,6,,267493,7,0,64 65,0,7,,349064,7,,,0,7,,349045,7,,,0,7,,349019,7,0,64 65,0,8,,349031,7,,,0,7,,291087,7,0,64 65,0,8,,349063,7,,,0,55,,349041,7,,,0,15,,245172,7,0,64 65,0,14,,282027,7,,,0,14,,228602,7,0,64 65,0,56,,349032,7,,,0,15,,349052,7,0,64 65,0,17,,349073,7,,,0,14,,233013,7,0,64 65,0,56,,349054,7,,,0,14,,349008,7,0,64 65,0,16,,349040,7,,,0,14,,349049,7,0,64 65,0,56,,349053,7,,,0,33,,285378,7,,,0,70,,230242,7,,,0,25,,349046,7,0,64 65,0,74,,349055,7,0,64 65,0,32,,349051,7,0,64 65,0,75,,349068,7,0,64 65,0,27,,217617,7,0,64 65,0,70,,349061,21,0,64 65,0,28,,349067,21,0,64 65,0,70,,349010,21,0,64 65,0
7501,'5',338,,349087,21,0,64 65,0,68,,349105,21,0,64 65,0,32,,349095,21,0,64 65,0,65,,208136,21,,,0,39,,349142,7,,,0,69,,257688,7,,,0,13,,349102,7,0,64 65,0,17,,349147,7,,,0,16,,349116,7,0,64 65,0,54,,349118,7,,,0,12,,349140,7,0,64 65,0,19,,349091,7,,,0,14,,349094,7,0,64 65,0,51,,349086,7,,,0,23,,349150,7,0,64 65,0,10,,349075,7,,,0,17,,349082,7,0,64 65,0,54,,349125,7,,,0,17,,349078,7,,,0,16,,349111,7,,,0,15,,349137,7,,,0,55,,349129,7,,,0,15,,349088,7,,,0,15,,349093,7,,,0,15,,268269,7,,,0,55,,349126,7,,,0,15,,349136,7,,,0,15,,349108,7,,,0,15,,349117,7,,,0,70,,268249,7,0,64 65,0,30,,349133,7,0,64 65,0,55,,269000,7,,,0,15,,349152,7,0,64 65,0,30,,349151,7,0,64 65,0,55,,349146,7,,,0,16,,129972,7,,,0,15,,349103,7,,,0,14,,349112,7,,,0,64,,349141,7,0,64 65,0,11,,349130,7,,,0,8,,349109,7,0,64 65,0,9,,215551,7,,,0,7,,349153,7,0,64 65,0,50,,349145,7,,,0,7,,349097,7,0,64 65,0,8,,349100,7,,,0,4,,349081,7,0,64 65,0,11,,349077,7,,,0,6,,349115,7,,,0,9,,349119,7,0,64 65,0,5,,349096,7,,,0,48,,349098,7,0,64 65,0,7,,349090,7,,,0,8,,349083,7,0,64 65,0,6,,349101,7,,,0,9,,349089,7,0,64 65,0,7,,349114,7,,,0,8,,349121,7,0,64 65,0,5,,349144,7,,,0,50,,349128,7,0,64 65,0,4,,349138,7,,,0,10,,349139,7,,,0,5,,349080,7,0,64 65,0,10,,349107,7,,,0,5,,349149,7,0,64 65,0,10,,349106,7,,,0,55,,349084,7,,,0,15,,349127,7,0,64 65,0,14,,349123,7,,,0,14,,148289,7,0,64 65,0,56,,349135,7,,,0,15,,349120,7,0,64 65,0,17,,349099,7,,,0,14,,349131,7,0,64 65,0,56,,268978,7,,,0,14,,349110,7,0,64 65,0,16,,349124,7,,,0,14,,349113,7,0,64 65,0,56,,349076,7,,,0,33,,349085,7,,,0,70,,271920,7,,,0,25,,349104,7,0,64 65,0,74,,349079,7,0,64 65,0,32,,349143,7,0,64 65,0,75,,349122,7,0,64 65,0,27,,349148,7,0,64 65,0,70,,349134,21,0,64 65,0,28,,349132,21,0,64 65,0,70,,349092,21,0,64 65,0
7501,'6',338,,291918,21,0,64 65,0,68,,349180,21,0,64 65,0,32,,349173,21,0,64 65,0,65,,349183,21,,,0,39,,349211,7,,,0,69,,349185,7,,,0,13,,349177,7,0,64 65,0,17,,349216,7,,,0,16,,349189,7,0,64 65,0,54,,349192,7,,,0,12,,349210,7,0,64 65,0,19,,349169,7,,,0,14,,349172,7,0,64 65,0,51,,248816,7,,,0,23,,193281,7,0,64 65,0,10,,349154,7,,,0,17,,349161,7,0,64 65,0,54,,269975,7,,,0,17,,224915,7,,,0,16,,247564,7,,,0,15,,296132,7,,,0,55,,349201,7,,,0,15,,349166,7,,,0,15,,349171,7,,,0,15,,349209,7,,,0,55,,238765,7,,,0,15,,260991,7,,,0,15,,349182,7,,,0,15,,349191,7,,,0,70,,349164,7,0,64 65,0,30,,349205,7,0,64 65,0,55,,349218,7,,,0,15,,349219,7,0,64 65,0,30,,232437,7,0,64 65,0,55,,349215,7,,,0,16,,349165,7,,,0,15,,349178,7,,,0,14,,258714,7,,,0,64,,235000,7,0,64 65,0,11,,349202,7,,,0,8,,349184,7,0,64 65,0,9,,349190,7,,,0,7,,256581,7,0,64 65,0,50,,349214,7,,,0,7,,275531,7,0,64 65,0,8,,246090,7,,,0,4,,349160,7,0,64 65,0,11,,349156,7,,,0,6,,231968,7,,,0,9,,349193,7,0,64 65,0,5,,349174,7,,,0,48,,349175,7,0,64 65,0,7,,349168,7,,,0,8,,349162,7,0,64 65,0,6,,349176,7,,,0,9,,349167,7,0,64 65,0,7,,294028,7,,,0,8,,349195,7,0,64 65,0,5,,349213,7,,,0,50,,349200,7,0,64 65,0,4,,349207,7,,,0,10,,349208,7,,,0,5,,349158,7,0,64 65,0,10,,349181,7,,,0,5,,349217,7,0,64 65,0,10,,92469,7,,,0,55,,349163,7,,,0,15,,230604,7,0,64 65,0,14,,349197,7,,,0,14,,349159,7,0,64 65,0,56,,176237,7,,,0,15,,349194,7,0,64 65,0,17,,160248,7,,,0,14,,349203,7,0,64 65,0,56,,349187,7,,,0,14,,349186,7,0,64 65,0,16,,349199,7,,,0,14,,349188,7,0,64 65,0,56,,349155,7,,,0,33,,265388,7,,,0,70,,349198,7,,,0,25,,349179,7,0,64 65,0,74,,349157,7,0,64 65,0,32,,349212,7,0,64 65,0,75,,349196,7,0,64 65,0,27,,212596,7,0,64 65,0,70,,349206,21,0,64 65,0,28,,349204,21,0,64 65,0,70,,349170,21,0,64 65,0
7501,'7',338,,349232,21,0,64 65,0,68,,349244,21,0,64 65,0,32,,289933,21,0,64 65,0,65,,349248,21,,,0,39,,349281,7,,,0,69,,349250,7,,,0,13,,349242,7,0,64 65,0,17,,349284,7,,,0,16,,349258,7,0,64 65,0,54,,349260,7,,,0,12,,349279,7,0,64 65,0,19,,294282,7,,,0,14,,231012,7,0,64 65,0,51,,349231,7,,,0,23,,349287,7,0,64 65,0,10,,349220,7,,,0,17,,134363,7,0,64 65,0,54,,349266,7,,,0,17,,349223,7,,,0,16,,349252,7,,,0,15,,349277,7,,,0,55,,225468,7,,,0,15,,349234,7,,,0,15,,349236,7,,,0,15,,349278,7,,,0,55,,349267,7,,,0,15,,349276,7,,,0,15,,349247,7,,,0,15,,141422,7,,,0,70,,349229,7,0,64 65,0,30,,349273,7,0,64 65,0,55,,349289,7,,,0,15,,289291,7,0,64 65,0,30,,349288,7,0,64 65,0,55,,349283,7,,,0,16,,349233,7,,,0,15,,349243,7,,,0,14,,349254,7,,,0,64,,349280,7,0,64 65,0,11,,349270,7,,,0,8,,349249,7,0,64 65,0,9,,349259,7,,,0,7,,349290,7,0,64 65,0,50,,289949,7,,,0,7,,349238,7,0,64 65,0,8,,349241,7,,,0,4,,349227,7,0,64 65,0,11,,349222,7,,,0,6,,349257,7,,,0,9,,349261,7,0,64 65,0,5,,349237,7,,,0,48,,349239,7,0,64 65,0,7,,288563,7,,,0,8,,226882,7,0,64 65,0,6,,227489,7,,,0,9,,281810,7,0,64 65,0,7,,349256,7,,,0,8,,349262,7,0,64 65,0,5,,349282,7,,,0,50,,349269,7,0,64 65,0,4,,279351,7,,,0,10,,264279,7,,,0,5,,349225,7,0,64 65,0,10,,349246,7,,,0,5,,349286,7,0,64 65,0,10,,349245,7,,,0,55,,349228,7,,,0,15,,349268,7,0,64 65,0,14,,349263,7,,,0,14,,349226,7,0,64 65,0,56,,349275,7,,,0,15,,293142,7,0,64 65,0,17,,349240,7,,,0,14,,349271,7,0,64 65,0,56,,349253,7,,,0,14,,349251,7,0,64 65,0,16,,349265,7,,,0,14,,349255,7,0,64 65,0,56,,349221,7,,,0,33,,349230,7,,,0,70,,349264,7,,,0,25,,232399,7,0,64 65,0,74,,349224,7,0,64 65,0,32,,231475,7,0,64 65,0,75,,264264,7,0,64 65,0,27,,349285,7,0,64 65,0,70,,349274,21,0,64 65,0,28,,349272,21,0,64 65,0,70,,349235,21,0,64 65,0
7501,'8',348,,349357,21,0,64 65,0,70,,349327,21,0,64 65,0,30,,349304,21,0,64 65,0,70,,280817,21,0,64 65,0,30,,349293,21,0,64 65,0,64,,349333,21,0,64 65,0,25,,268039,21,,,0,75,,349350,21,0,64 65,0,30,,349328,21,,,0,70,,349341,21,0,64 65,0,15,,349346,21,0,64 65,0,17,,349355,7,,,0,15,,349291,7,0,64 65,0,55,,349349,7,,,0,15,,349299,7,0,64 65,0,15,,349331,7,,,0,15,,349359,7,0,64 65,0,55,,349317,7,,,0,15,,349305,7,0,64 65,0,15,,349358,7,,,0,15,,349300,7,0,64 65,0,55,,349330,7,,,0,15,,349326,7,0,64 65,0,15,,349354,7,,,0,15,,349303,7,0,64 65,0,55,,349347,7,,,0,15,,349334,7,0,64 65,0,15,,349332,7,,,0,15,,349325,7,0,64 65,0,55,,349312,7,,,0,15,,279775,7,0,64 65,0,15,,349342,7,,,0,15,,239130,7,0,64 65,0,55,,349335,7,,,0,15,,349320,7,0,64 65,0,15,,349306,7,,,0,15,,349356,7,0,64 65,0,55,,349313,7,,,0,20,,349294,7,0,64 65,0,10,,349307,7,,,0,15,,349353,7,0,64 65,0,55,,349352,7,,,0,15,,349295,7,0,64 65,0,15,,349302,7,,,0,15,,349310,7,0,64 65,0,55,,349348,7,,,0,15,,349343,7,0,64 65,0,15,,349322,7,,,0,15,,349308,7,0,64 65,0,55,,349315,7,,,0,15,,349345,7,0,64 65,0,15,,349311,7,,,0,15,,349297,7,0,64 65,0,55,,349316,7,0,64 65,0,14,,349321,7,0,64 65,0,16,,349336,7,0,64 65,0,15,,349344,7,0,64 65,0,55,,349301,7,0,64 65,0,15,,349339,7,0,64 65,0,15,,349329,7,0,64 65,0,15,,349314,7,0,64 65,0,55,,349309,7,0,64 65,0,15,,349324,7,0,64 65,0,15,,349298,7,0,64 65,0,15,,250946,7,0,64 65,0,60,,349323,7,0,64 65,0,25,,349360,7,0,64 65,0,70,,349319,7,0,64 65,0,35,,349318,7,0,64 65,0,70,,349292,21,0,64 65,0,30,,349338,21,0,64 65,0,70,,349296,21,0,64 65,0,30,,349337,21,0,64 65,0,70,,249754,21,0,64 65,0,30,,349351,21,0,64 65,0,70,,349340,21,0,64 65,0
7501,'9',338,,291848,21,0,64 65,0,68,,349387,21,0,64 65,0,32,,349380,21,0,64 65,0,65,,349390,21,,,0,39,,349418,7,,,0,69,,349392,7,,,0,13,,349384,7,0,64 65,0,17,,349423,7,,,0,16,,349396,7,0,64 65,0,54,,349399,7,,,0,12,,349417,7,0,64 65,0,19,,349376,7,,,0,14,,349379,7,0,64 65,0,51,,248715,7,,,0,23,,193197,7,0,64 65,0,10,,349361,7,,,0,17,,349368,7,0,64 65,0,54,,269820,7,,,0,17,,224815,7,,,0,16,,247466,7,,,0,15,,296127,7,,,0,55,,349408,7,,,0,15,,349373,7,,,0,15,,349378,7,,,0,15,,349416,7,,,0,55,,238629,7,,,0,15,,260937,7,,,0,15,,349389,7,,,0,15,,349398,7,,,0,70,,349371,7,0,64 65,0,30,,349412,7,0,64 65,0,55,,349425,7,,,0,15,,349426,7,0,64 65,0,30,,232364,7,0,64 65,0,55,,349422,7,,,0,16,,349372,7,,,0,15,,349385,7,,,0,14,,258567,7,,,0,64,,234819,7,0,64 65,0,11,,349409,7,,,0,8,,349391,7,0,64 65,0,9,,349397,7,,,0,7,,256563,7,0,64 65,0,50,,349421,7,,,0,7,,275411,7,0,64 65,0,8,,246061,7,,,0,4,,349367,7,0,64 65,0,11,,349363,7,,,0,6,,231889,7,,,0,9,,349400,7,0,64 65,0,5,,349381,7,,,0,48,,349382,7,0,64 65,0,7,,349375,7,,,0,8,,349369,7,0,64 65,0,6,,349383,7,,,0,9,,349374,7,0,64 65,0,7,,294016,7,,,0,8,,349402,7,0,64 65,0,5,,349420,7,,,0,50,,349407,7,0,64 65,0,4,,349414,7,,,0,10,,349415,7,,,0,5,,349365,7,0,64 65,0,10,,349388,7,,,0,5,,349424,7,0,64 65,0,10,,91918,7,,,0,55,,349370,7,,,0,15,,230525,7,0,64 65,0,14,,349404,7,,,0,14,,349366,7,0,64 65,0,56,,175955,7,,,0,15,,349401,7,0,64 65,0,17,,160102,7,,,0,14,,349410,7,0,64 65,0,56,,349394,7,,,0,14,,349393,7,0,64 65,0,16,,349406,7,,,0,14,,349395,7,0,64 65,0,56,,349362,7,,,0,33,,265259,7,,,0,70,,349405,7,,,0,25,,349386,7,0,64 65,0,74,,349364,7,0,64 65,0,32,,349419,7,0,64 65,0,75,,349403,7,0,64 65,0,27,,212506,7,0,64 65,0,70,,349413,21,0,64 65,0,28,,349411,21,0,64 65,0,70,,349377,21,0,64 65,0
25600,'1',554,,375025,43,,,0,72,,375028,43,,,0,30,,375027,43,,,0,68,,375024,43,,,0,31,,375029,43,,,0,70,,128411,43,,,0,30,,375026,43,,,0
25600,'11',554,,375034,43,,,0,72,,274959,43,,,0,30,,375032,43,,,0,69,,375033,43,,,0,30,,375030,43,,,0,70,,375031,43,,,0,32,,375035,43,,,0
25600,'13',554,,375040,43,,,0,72,,275027,43,,,0,30,,375038,43,,,0,69,,375039,43,,,0,30,,375036,43,,,0,70,,375037,43,,,0,32,,375041,43,,,0
25600,'14',554,,375046,43,,,0,72,,275299,43,,,0,30,,375044,43,,,0,69,,375045,43,,,0,30,,375042,43,,,0,70,,375043,43,,,0,32,,375047,43,,,0
25600,'2',554,,375052,43,,,0,72,,375051,43,,,0,30,,375049,43,,,0,69,,375050,43,,,0,30,,375048,43,,,0,70,,231530,43,,,0,32,,266258,43,,,0
25600,'3',554,,276117,43,,,0,72,,375055,43,,,0,30,,375054,43,,,0,69,,239342,43,,,0,30,,257529,43,,,0,70,,375053,43,,,0,32,,375056,43,,,0
25600,'4',554,,375059,43,,,0,102,,375057,43,,,0,99,,282466,43,,,0,102,,375058,43,,,0
25600,'5',554,,276228,43,,,0,72,,375062,43,,,0,30,,375061,43,,,0,69,,239462,43,,,0,30,,257669,43,,,0,70,,375060,43,,,0,32,,375063,43,,,0
25600,'6',554,,375068,43,,,0,72,,274585,43,,,0,30,,375066,43,,,0,69,,375067,43,,,0,30,,375064,43,,,0,70,,375065,43,,,0,32,,375069,43,,,0
25600,'7',554,,375074,43,,,0,72,,375073,43,,,0,30,,375071,43,,,0,69,,375072,43,,,0,30,,375070,43,,,0,70,,231460,43,,,0,32,,266147,43,,,0
25600,'9',554,,375079,43,,,0,72,,274404,43,,,0,30,,375077,43,,,0,69,,375078,43,,,0,30,,375075,43,,,0,70,,375076,43,,,0,32,,375080,43,,,0
26100,'1',614,,375143,24,,,0,89,,375140,24,,,0,41,,375141,24,,,0,97,,375142,24,,,0
26100,'11',614,,375144,24,,,0,89,,375145,24,,,0,42,,78974,24,,,0,111,,375146,24,,,0
26100,'13',614,,375147,24,,,0,89,,375148,24,,,0,42,,78391,24,,,0,111,,375149,24,,,0
26100,'14',614,,375150,24,,,0,89,,375151,24,,,0,42,,78688,24,,,0,111,,375152,24,,,0
26100,'2',614,,375153,24,,,0,89,,375154,24,,,0,42,,375156,24,,,0,111,,375155,24,,,0
26100,'3',614,,375157,24,,,0,89,,375158,24,,,0,42,,375159,24,,,0,111,,151446,24,,,0
26100,'4',614,,375160,24,,,0,89,,222063,24,,,0,40,,375161,24,,,0,98,,296079,24,,,0
26100,'5',614,,375162,24,,,0,89,,375163,24,,,0,42,,375164,24,,,0,111,,234856,24,,,0
26100,'6',614,,375165,24,,,0,89,,375166,24,,,0,42,,79039,24,,,0,111,,375167,24,,,0
26100,'7',614,,375168,24,,,0,89,,375169,24,,,0,42,,375171,24,,,0,111,,375170,24,,,0
26100,'9',614,,375172,24,,,0,89,,375173,24,,,0,42,,78456,24,,,0,111,,375174,24,,,0
26200,'1',608,,375218,24,,,0,98,,219174,24,,,0,27,,375219,24,,,0,95,,375217,24,,,0
26200,'11',608,,375222,24,,,0,98,,375221,24,,,0,29,,375220,24,,,0,93,,247793,24,,,0
26200,'13',608,,375225,24,,,0,98,,375224,24,,,0,29,,375223,24,,,0,93,,247828,24,,,0
26200,'14',608,,375228,24,,,0,98,,375227,24,,,0,29,,375226,24,,,0,93,,247982,24,,,0
26200,'2',608,,375230,24,,,0,98,,141378,24,,,0,29,,227024,24,,,0,93,,375229,24,,,0
26200,'3',608,,375234,24,,,0,98,,375233,24,,,0,29,,375231,24,,,0,93,,375232,24,,,0
26200,'4',608,,375238,24,,,0,98,,375237,24,,,0,28,,375235,24,,,0,94,,375236,24,,,0
26200,'5',608,,375242,24,,,0,98,,375241,24,,,0,29,,375239,24,,,0,93,,375240,24,,,0
26200,'6',608,,375245,24,,,0,98,,375244,24,,,0,29,,375243,24,,,0,93,,247576,24,,,0
26200,'7',608,,375247,24,,,0,98,,141430,24,,,0,29,,226907,24,,,0,93,,375246,24,,,0
26200,'9',608,,375250,24,,,0,98,,375249,24,,,0,29,,375248,24,,,0,93,,247478,24,,,0
26300,'1',638,,375295,37,,,0,107,,375294,37,,,0,99,,136618,37,,,0
26300,'11',638,,375296,37,,,0,107,,375297,37,,,0,99,,375298,37,,,0
26300,'13',638,,375299,37,,,0,107,,375300,37,,,0,99,,375301,37,,,0
26300,'14',638,,375302,37,,,0,107,,375303,37,,,0,99,,375304,37,,,0
26300,'2',638,,375305,37,,,0,107,,375306,37,,,0,99,,223922,37,,,0
26300,'3',638,,375307,37,,,0,107,,375308,37,,,0,99,,375309,37,,,0
26300,'4',638,,375310,37,,,0,108,,375311,37,,,0,98,,375312,37,,,0
26300,'5',638,,375313,37,,,0,107,,375314,37,,,0,99,,375315,37,,,0
26300,'6',638,,375316,37,,,0,107,,375317,37,,,0,99,,375318,37,,,0
26300,'7',638,,375319,37,,,0,107,,375320,37,,,0,99,,223844,37,,,0
26300,'9',638,,375321,37,,,0,107,,375322,37,,,0,99,,375323,37,,,0
26500,'1',619,,288013,43,,,0,34,,375358,43,,,0,68,,375355,43,,,0,31,,375357,43,,,0,69,,375359,43,,,0,31,,224410,43,,,0,70,,375356,43,,,0
26500,'11',619,,375362,43,,,0,34,,375364,43,,,0,68,,375360,43,,,0,31,,375361,43,,,0,68,,247772,43,,,0,32,,375365,43,,,0,69,,375363,43,,,0
26500,'13',619,,375368,43,,,0,34,,375370,43,,,0,68,,375366,43,,,0,31,,375367,43,,,0,68,,247807,43,,,0,32,,375371,43,,,0,69,,375369,43,,,0
26500,'14',619,,375374,43,,,0,34,,375376,43,,,0,68,,375372,43,,,0,31,,375373,43,,,0,68,,247961,43,,,0,32,,375377,43,,,0,69,,375375,43,,,0
26500,'2',619,,222944,43,,,0,34,,375382,43,,,0,68,,375379,43,,,0,31,,375380,43,,,0,68,,375378,43,,,0,32,,375383,43,,,0,69,,375381,43,,,0
26500,'3',619,,375386,43,,,0,34,,375387,43,,,0,68,,375385,43,,,0,31,,259992,43,,,0,68,,375384,43,,,0,32,,85651,43,,,0,69,,217014,43,,,0
26500,'4',619,,375389,43,,,0,100,,207638,43,,,0,104,,375388,43,,,0,99,,375390,43,,,0
26500,'5',619,,375393,43,,,0,34,,375394,43,,,0,68,,375392,43,,,0,31,,260079,43,,,0,68,,375391,43,,,0,32,,236062,43,,,0,69,,217183,43,,,0
26500,'6',619,,375397,43,,,0,34,,375399,43,,,0,68,,375395,43,,,0,31,,375396,43,,,0,68,,247555,43,,,0,32,,375400,43,,,0,69,,375398,43,,,0
26500,'7',619,,222865,43,,,0,34,,375405,43,,,0,68,,375402,43,,,0,31,,375403,43,,,0,68,,375401,43,,,0,32,,375406,43,,,0,69,,375404,43,,,0
26500,'9',619,,375409,43,,,0,34,,375411,43,,,0,68,,375407,43,,,0,31,,375408,43,,,0,68,,247457,43,,,0,32,,375412,43,,,0,69,,375410,43,,,0
26600,'1',613,,375475,34,,,0,44,,375474,34,,,0,82,,375473,34,,,0,103,,375476,34,,,0
26600,'11',613,,375479,34,,,0,44,,375478,34,,,0,84,,375477,34,,,0,101,,240827,34,,,0
26600,'13',613,,375482,34,,,0,44,,375481,34,,,0,84,,375480,34,,,0,101,,240853,34,,,0
26600,'14',613,,375485,34,,,0,44,,375484,34,,,0,84,,375483,34,,,0,101,,240956,34,,,0
26600,'2',613,,286348,34,,,0,44,,375487,34,,,0,84,,375486,34,,,0,101,,375488,34,,,0
26600,'3',613,,375489,34,,,0,44,,280972,34,,,0,84,,278355,34,,,0,101,,375490,34,,,0
26600,'4',613,,231618,34,,,0,42,,228086,34,,,0,82,,375491,34,,,0,105,,375492,34,,,0
26600,'5',613,,375493,34,,,0,44,,281090,34,,,0,84,,278463,34,,,0,101,,375494,34,,,0
26600,'6',613,,375497,34,,,0,44,,375496,34,,,0,84,,375495,34,,,0,101,,240673,34,,,0
26600,'7',613,,286296,34,,,0,44,,375499,34,,,0,84,,375498,34,,,0,101,,375500,34,,,0
26600,'9',613,,375503,34,,,0,44,,375502,34,,,0,84,,375501,34,,,0,101,,240599,34,,,0
27500,'1',615,,375544,30,4,,0,27,,234343,30,4,,0,71,,375545,30,4,,0,25,,375546,30,4,,0,75,,375542,30,4,,0,45,,375543,30,4,,0
27500,'11',615,,256932,30,4,,0,27,,259010,30,4,,0,71,,375550,30,4,,0,25,,375547,30,4,,0,75,,375548,30,4,,0,45,,375549,30,4,,0
27500,'13',615,,256957,30,4,,0,27,,259056,30,4,,0,71,,375554,30,4,,0,25,,375551,30,4,,0,75,,375552,30,4,,0,45,,375553,30,4,,0
27500,'14',615,,257058,30,4,,0,27,,259274,30,4,,0,71,,375558,30,4,,0,25,,375555,30,4,,0,75,,375556,30,4,,0,45,,375557,30,4,,0
27500,'2',615,,375561,30,4,,0,27,,375559,30,4,,0,71,,375562,30,4,,0,25,,274635,30,4,,0,75,,245068,30,4,,0,45,,375560,30,4,,0
27500,'3',615,,375567,30,4,,0,27,,375564,30,4,,0,71,,211942,30,4,,0,25,,375563,30,4,,0,75,,375565,30,4,,0,45,,375566,30,4,,0
27500,'4',615,,123793,30,4,,0,27,,375571,30,4,,0,71,,375570,30,4,,0,25,,375569,30,4,,0,75,,375568,30,4,,0,45,,122787,30,4,,0
27500,'5',615,,375576,30,4,,0,27,,375573,30,4,,0,71,,212022,30,4,,0,25,,375572,30,4,,0,75,,375574,30,4,,0,45,,375575,30,4,,0
27500,'6',615,,256794,30,4,,0,27,,258697,30,4,,0,71,,375580,30,4,,0,25,,375577,30,4,,0,75,,375578,30,4,,0,45,,375579,30,4,,0
27500,'7',615,,375583,30,4,,0,27,,375581,30,4,,0,71,,375584,30,4,,0,25,,274470,30,4,,0,75,,244971,30,4,,0,45,,375582,30,4,,0
27500,'9',615,,256728,30,4,,0,27,,258550,30,4,,0,71,,375588,30,4,,0,25,,375585,30,4,,0,75,,375586,30,4,,0,45,,375587,30,4,,0
27700,'1',626,,207502,24,4,,0,30,,257904,24,4,,0,69,,375644,24,4,,0,34,,375646,24,4,,0,69,,375645,24,4,,0,84,,375647,24,4,,0
27700,'11',626,,375649,24,4,,0,30,,375648,24,4,,0,70,,375650,24,4,,0,33,,375651,24,4,,0,69,,375653,24,4,,0,84,,375652,24,4,,0
27700,'13',626,,375655,24,4,,0,30,,375654,24,4,,0,70,,375656,24,4,,0,33,,375657,24,4,,0,69,,375659,24,4,,0,84,,375658,24,4,,0
27700,'14',626,,375661,24,4,,0,30,,375660,24,4,,0,70,,375662,24,4,,0,33,,375663,24,4,,0,69,,375665,24,4,,0,84,,375664,24,4,,0
27700,'2',626,,375666,24,4,,0,30,,278631,24,4,,0,70,,375667,24,4,,0,33,,375668,24,4,,0,69,,375670,24,4,,0,84,,375669,24,4,,0
27700,'3',626,,375672,24,4,,0,30,,375671,24,4,,0,70,,375673,24,4,,0,33,,375674,24,4,,0,69,,375675,24,4,,0,84,,220476,24,4,,0
27700,'4',626,,291555,24,4,,0,100,,281370,24,4,,0,102,,213237,24,4,,0,84,,375676,24,4,,0
27700,'5',626,,375678,24,4,,0,30,,375677,24,4,,0,70,,375679,24,4,,0,33,,375680,24,4,,0,69,,375681,24,4,,0,84,,183725,24,4,,0
27700,'6',626,,375683,24,4,,0,30,,375682,24,4,,0,70,,375684,24,4,,0,33,,375685,24,4,,0,69,,375687,24,4,,0,84,,375686,24,4,,0
27700,'7',626,,375688,24,4,,0,30,,278494,24,4,,0,70,,375689,24,4,,0,33,,375690,24,4,,0,69,,375692,24,4,,0,84,,375691,24,4,,0
27700,'9',626,,375694,24,4,,0,30,,375693,24,4,,0,70,,375695,24,4,,0,33,,375696,24,4,,0,69,,375698,24,4,,0,84,,375697,24,4,,0
27900,'1',649,,247666,40,4,,0,105,,375763,40,4,,0,100,,182421,40,4,,0
27900,'11',649,,375765,40,4,,0,103,,375764,40,4,,0,102,,375766,40,4,,0
27900,'13',649,,375768,40,4,,0,103,,375767,40,4,,0,102,,375769,40,4,,0
27900,'14',649,,375771,40,4,,0,103,,375770,40,4,,0,102,,375772,40,4,,0
27900,'2',649,,212644,40,4,,0,103,,375773,40,4,,0,102,,375774,40,4,,0
27900,'3',649,,375775,40,4,,0,103,,207957,40,4,,0,102,,375776,40,4,,0
27900,'4',649,,375778,40,4,,0,103,,375777,40,4,,0,102,,375779,40,4,,0
27900,'5',649,,375780,40,4,,0,103,,208125,40,4,,0,102,,375781,40,4,,0
27900,'6',649,,375783,40,4,,0,103,,375782,40,4,,0,102,,375784,40,4,,0
27900,'7',649,,212556,40,4,,0,103,,375785,40,4,,0,102,,375786,40,4,,0
27900,'9',649,,375788,40,4,,0,103,,375787,40,4,,0,102,,375789,40,4,,0
30500,'9',1042,,376078,53,,,0
30501,'9',1437,,376079,10,,,0
