6201,'12',622,,254793,38,,,1,28,,192841,38,,,1,66,,254781,37,,,1,30,,254784,37,,,1,70,,254774,37,,,1,33,,254782,37,,,1,69,,254788,37,,,1,29,,181152,37,,,1,70,,254772,37,,,1,30,,202499,37,,,1,70,,254792,37,,,1,30,,254790,37,,,1
6201,'14',622,,254828,38,,,1,28,,254840,38,,,1,66,,254851,37,,,1,30,,254826,37,,,1,70,,184243,37,,,1,33,,254852,37,,,1,69,,254849,37,,,1,29,,254841,37,,,1,70,,254824,37,,,1,30,,254829,37,,,1,70,,196144,37,,,1,30,,254850,37,,,1
6201,'15',622,,254878,38,,,1,28,,192923,38,,,1,66,,254866,37,,,1,30,,254869,37,,,1,70,,254859,37,,,1,33,,254867,37,,,1,69,,254873,37,,,1,29,,181365,37,,,1,70,,254857,37,,,1,30,,202610,37,,,1,70,,254877,37,,,1,30,,254875,37,,,1
6201,'17',622,,254910,38,,,1,28,,254922,38,,,1,66,,254933,37,,,1,30,,254908,37,,,1,70,,184134,37,,,1,33,,254934,37,,,1,69,,254931,37,,,1,29,,254923,37,,,1,70,,254906,37,,,1,30,,254911,37,,,1,70,,196111,37,,,1,30,,254932,37,,,1
6201,'18',622,,254942,38,,,1,28,,254954,38,,,1,66,,254965,37,,,1,30,,254940,37,,,1,70,,184400,37,,,1,33,,254966,37,,,1,69,,254963,37,,,1,29,,254955,37,,,1,70,,254938,37,,,1,30,,254943,37,,,1,70,,74302,37,,,1,30,,254964,37,,,1
6201,'2',622,,254973,38,,,1,28,,254986,38,,,1,66,,254996,37,,,1,30,,254972,37,,,1,70,,254988,37,,,1,33,,254997,37,,,1,69,,873,37,,,1,29,,64942,37,,,1,70,,254970,37,,,1,30,,254974,37,,,1,70,,254984,37,,,1,30,,254995,37,,,1
6201,'3',622,,255030,38,,,1,28,,255004,38,,,1,66,,255013,37,,,1,30,,255016,37,,,1,70,,255007,37,,,1,33,,255014,37,,,1,69,,255024,37,,,1,29,,255020,37,,,1,70,,255002,37,,,1,30,,255019,37,,,1,70,,255029,37,,,1,30,,255026,37,,,1
6201,'4',622,,255056,38,,,1,28,,192952,38,,,1,66,,255044,37,,,1,30,,255047,37,,,1,70,,255037,37,,,1,33,,255045,37,,,1,69,,255051,37,,,1,29,,181468,37,,,1,70,,255035,37,,,1,30,,202650,37,,,1,70,,255055,37,,,1,30,,255053,37,,,1
6201,'5',622,,255084,38,,,1,28,,192652,38,,,1,66,,255072,37,,,1,30,,255075,37,,,1,70,,255065,37,,,1,33,,255073,37,,,1,69,,255079,37,,,1,29,,180711,37,,,1,70,,255063,37,,,1,30,,202254,37,,,1,70,,255083,37,,,1,30,,255081,37,,,1
6201,'7',622,,3829,38,,,1,28,,255135,38,,,1,66,,255146,37,,,1,30,,255120,37,,,1,70,,255139,37,,,1,33,,255147,37,,,1,69,,255144,37,,,1,29,,255136,37,,,1,70,,255118,37,,,1,30,,255122,37,,,1,70,,255133,37,,,1,30,,255145,37,,,1
6201,'8',622,,255180,38,,,1,28,,255174,38,,,1,66,,255163,37,,,1,30,,255154,37,,,1,70,,255183,37,,,1,33,,255169,37,,,1,69,,255153,37,,,1,29,,255177,37,,,1,70,,255172,37,,,1,30,,255158,37,,,1,70,,255164,37,,,1,30,,255178,37,,,1
6201,'9',622,,255211,38,,,1,28,,192816,38,,,1,66,,255199,37,,,1,30,,255202,37,,,1,70,,255192,37,,,1,33,,255200,37,,,1,69,,255206,37,,,1,29,,181099,37,,,1,70,,255190,37,,,1,30,,202469,37,,,1,70,,255210,37,,,1,30,,255208,37,,,1
