13800,'1',605,,92875,2,,,1,30,,196420,2,,,1,70,,196417,2,,,1,30,,196413,2,,,1,70,,196404,2,,,1,30,,53421,2,,,1,70,,196418,2,,,1,95,,196414,2,,,1,100,,196421,2,,,1,100,,196416,2,,,1,100,,196411,2,,,1,100,,196406,2,,,1,105,,196422,2,,,1,30,,196409,2,,,1,70,,196405,2,,,1,30,,196407,2,,,1,70,,20988,2,,,1,30,,196419,2,,,1,70,,196415,2,,,1,100,,196408,2,,,1,100,,116049,2,,,1,95,,196412,2,,,1,100,,196410,2,,,1,100,,95069,2,,,1
13800,'10',605,,196429,2,,,1,100,,196431,2,,,1,100,,196436,2,,,1,100,,196428,2,,,1,95,,196423,2,,,1,100,,88332,2,,,1,100,,196432,2,,,1,100,,196427,2,,,1,100,,196430,2,,,1,105,,196435,2,,,1,100,,64690,2,,,1,100,,196426,2,,,1,100,,21828,2,,,1,100,,196434,2,,,1,100,,196433,2,,,1,95,,196424,2,,,1,100,,66259,2,,,1,100,,196425,2,,,1
13800,'11',902,,33296,2,,,1,118,,196445,2,,,1,100,,196438,2,,,1,100,,119917,2,,,1,100,,41900,2,,,1,100,,196444,2,,,1,100,,196443,2,,,1,100,,196442,2,,,1,100,,196441,2,,,1,103,,196439,2,,,1,97,,196437,2,,,1,100,,196440,2,,,1
13800,'12',605,,196457,2,,,1,30,,196459,2,,,1,70,,196455,2,,,1,30,,196450,2,,,1,70,,196465,2,,,1,30,,196462,2,,,1,70,,196460,2,,,1,95,,196463,2,,,1,100,,196451,2,,,1,100,,196453,2,,,1,100,,196449,2,,,1,100,,196452,2,,,1,105,,196464,2,,,1,30,,196448,2,,,1,70,,196447,2,,,1,30,,196446,2,,,1,70,,196466,2,,,1,30,,91808,2,,,1,70,,18433,2,,,1,100,,196467,2,,,1,100,,196456,2,,,1,95,,196458,2,,,1,100,,196461,2,,,1,100,,196454,2,,,1
13800,'13',902,,196472,2,,,1,118,,8685,2,,,1,100,,196470,2,,,1,100,,196471,2,,,1,100,,196469,2,,,1,100,,42908,2,,,1,100,,196477,2,,,1,100,,196476,2,,,1,100,,196475,2,,,1,103,,196473,2,,,1,97,,196468,2,,,1,100,,196474,2,,,1
13800,'14',605,,196487,2,,,1,30,,101892,2,,,1,70,,196484,2,,,1,30,,102689,2,,,1,70,,196494,2,,,1,30,,196491,2,,,1,70,,196489,2,,,1,95,,196492,2,,,1,100,,196480,2,,,1,100,,196481,2,,,1,100,,77486,2,,,1,100,,83713,2,,,1,105,,196493,2,,,1,30,,196479,2,,,1,70,,94236,2,,,1,30,,196478,2,,,1,70,,17968,2,,,1,30,,196486,2,,,1,70,,196483,2,,,1,100,,93381,2,,,1,100,,196485,2,,,1,95,,196488,2,,,1,100,,196490,2,,,1,100,,196482,2,,,1
13800,'15',605,,196504,2,,,1,30,,102060,2,,,1,70,,196501,2,,,1,30,,103070,2,,,1,70,,196511,2,,,1,30,,196508,2,,,1,70,,196506,2,,,1,95,,196509,2,,,1,100,,196497,2,,,1,100,,196498,2,,,1,100,,78015,2,,,1,100,,84091,2,,,1,105,,196510,2,,,1,30,,196496,2,,,1,70,,94329,2,,,1,30,,196495,2,,,1,70,,18293,2,,,1,30,,196503,2,,,1,70,,196500,2,,,1,100,,93726,2,,,1,100,,196502,2,,,1,95,,196505,2,,,1,100,,196507,2,,,1,100,,196499,2,,,1
13800,'16',605,,196523,2,,,1,30,,196525,2,,,1,70,,196520,2,,,1,30,,196515,2,,,1,70,,196531,2,,,1,30,,196528,2,,,1,70,,196526,2,,,1,95,,196529,2,,,1,100,,196516,2,,,1,100,,196518,2,,,1,100,,196514,2,,,1,100,,196517,2,,,1,105,,196530,2,,,1,30,,7344,2,,,1,70,,196513,2,,,1,30,,196512,2,,,1,70,,196532,2,,,1,30,,196522,2,,,1,70,,196519,2,,,1,100,,196533,2,,,1,100,,196521,2,,,1,95,,196524,2,,,1,100,,196527,2,,,1,100,,113463,2,,,1
13800,'17',605,,93161,2,,,1,30,,196550,2,,,1,70,,196547,2,,,1,30,,196543,2,,,1,70,,196534,2,,,1,30,,53584,2,,,1,70,,196548,2,,,1,95,,196544,2,,,1,100,,196551,2,,,1,100,,196546,2,,,1,100,,196541,2,,,1,100,,196536,2,,,1,105,,196552,2,,,1,30,,196539,2,,,1,70,,196535,2,,,1,30,,196537,2,,,1,70,,21158,2,,,1,30,,196549,2,,,1,70,,196545,2,,,1,100,,196538,2,,,1,100,,116077,2,,,1,95,,196542,2,,,1,100,,196540,2,,,1,100,,95237,2,,,1
13800,'2',605,,92937,2,,,1,30,,196569,2,,,1,70,,196566,2,,,1,30,,196562,2,,,1,70,,196553,2,,,1,30,,53454,2,,,1,70,,196567,2,,,1,95,,196563,2,,,1,100,,196570,2,,,1,100,,196565,2,,,1,100,,196560,2,,,1,100,,196555,2,,,1,105,,196571,2,,,1,30,,196558,2,,,1,70,,196554,2,,,1,30,,196556,2,,,1,70,,21022,2,,,1,30,,196568,2,,,1,70,,196564,2,,,1,100,,196557,2,,,1,100,,116056,2,,,1,95,,196561,2,,,1,100,,196559,2,,,1,100,,95102,2,,,1
13800,'3',605,,196581,2,,,1,30,,101995,2,,,1,70,,196578,2,,,1,30,,102930,2,,,1,70,,196588,2,,,1,30,,196585,2,,,1,70,,196583,2,,,1,95,,196586,2,,,1,100,,196574,2,,,1,100,,196575,2,,,1,100,,77833,2,,,1,100,,83959,2,,,1,105,,196587,2,,,1,30,,196573,2,,,1,70,,94292,2,,,1,30,,196572,2,,,1,70,,18174,2,,,1,30,,196580,2,,,1,70,,196577,2,,,1,100,,93601,2,,,1,100,,196579,2,,,1,95,,196582,2,,,1,100,,196584,2,,,1,100,,196576,2,,,1
13800,'4',720,,196590,2,,,1,100,,196593,2,,,1,100,,196595,2,,,1,100,,196589,2,,,1,100,,20025,2,,,1,100,,196598,2,,,1,100,,196599,2,,,1,100,,13668,2,,,1,100,,196596,2,,,1,100,,50723,2,,,1,100,,196591,2,,,1,100,,196600,2,,,1,100,,18201,2,,,1,100,,196592,2,,,1,100,,196594,2,,,1,100,,196597,2,,,1
13800,'5',605,,196607,2,,,1,30,,196620,2,,,1,70,,196616,2,,,1,30,,196613,2,,,1,70,,196602,2,,,1,30,,196601,2,,,1,70,,196618,2,,,1,95,,79326,2,,,1,100,,196621,2,,,1,100,,196615,2,,,1,100,,196611,2,,,1,100,,196604,2,,,1,105,,196622,2,,,1,30,,196608,2,,,1,70,,196603,2,,,1,30,,30406,2,,,1,70,,196617,2,,,1,30,,196619,2,,,1,70,,196614,2,,,1,100,,196606,2,,,1,100,,196605,2,,,1,95,,196612,2,,,1,100,,196610,2,,,1,100,,196609,2,,,1
13800,'6',605,,93507,2,,,1,30,,196639,2,,,1,70,,196636,2,,,1,30,,196632,2,,,1,70,,196623,2,,,1,30,,53777,2,,,1,70,,196637,2,,,1,95,,196633,2,,,1,100,,196640,2,,,1,100,,196635,2,,,1,100,,196630,2,,,1,100,,196625,2,,,1,105,,196641,2,,,1,30,,196628,2,,,1,70,,196624,2,,,1,30,,196626,2,,,1,70,,21360,2,,,1,30,,196638,2,,,1,70,,196634,2,,,1,100,,196627,2,,,1,100,,116109,2,,,1,95,,196631,2,,,1,100,,196629,2,,,1,100,,95443,2,,,1
13800,'7',720,,196645,2,,,1,100,,196649,2,,,1,100,,196651,2,,,1,100,,196644,2,,,1,100,,196652,2,,,1,100,,196655,2,,,1,100,,196656,2,,,1,100,,196647,2,,,1,100,,196653,2,,,1,100,,196642,2,,,1,100,,196646,2,,,1,100,,112638,2,,,1,100,,196643,2,,,1,100,,196648,2,,,1,100,,196650,2,,,1,100,,196654,2,,,1
13800,'8',605,,93445,2,,,1,30,,196673,2,,,1,70,,196670,2,,,1,30,,196666,2,,,1,70,,196657,2,,,1,30,,53744,2,,,1,70,,196671,2,,,1,95,,196667,2,,,1,100,,196674,2,,,1,100,,196669,2,,,1,100,,196664,2,,,1,100,,196659,2,,,1,105,,196675,2,,,1,30,,196662,2,,,1,70,,196658,2,,,1,30,,196660,2,,,1,70,,21326,2,,,1,30,,196672,2,,,1,70,,196668,2,,,1,100,,196661,2,,,1,100,,116102,2,,,1,95,,196665,2,,,1,100,,196663,2,,,1,100,,95410,2,,,1
13800,'9',902,,196679,2,,,1,118,,196686,2,,,1,100,,5460,2,,,1,100,,196678,2,,,1,100,,196677,2,,,1,100,,196685,2,,,1,100,,196684,2,,,1,100,,196683,2,,,1,100,,196682,2,,,1,103,,196680,2,,,1,97,,196676,2,,,1,100,,196681,2,,,1
