26500,'1',539,,288013,5,,,0,68,,375358,5,,,0,28,,375355,5,,,0,68,,375357,5,,,0,29,,375359,5,,,0,71,,224410,5,,,0,37,,375356,5,,,0
26500,'11',539,,375362,5,,,0,68,,375364,5,,,0,28,,375360,5,,,0,68,,375361,5,,,0,28,,247772,5,,,0,72,,375365,5,,,0,36,,375363,5,,,0
26500,'13',539,,375368,5,,,0,68,,375370,5,,,0,28,,375366,5,,,0,68,,375367,5,,,0,28,,247807,5,,,0,72,,375371,5,,,0,36,,375369,5,,,0
26500,'14',539,,375374,5,,,0,68,,375376,5,,,0,28,,375372,5,,,0,68,,375373,5,,,0,28,,247961,5,,,0,72,,375377,5,,,0,36,,375375,5,,,0
26500,'2',539,,222944,5,,,0,68,,375382,5,,,0,28,,375379,5,,,0,68,,375380,5,,,0,28,,375378,5,,,0,72,,375383,5,,,0,36,,375381,5,,,0
26500,'3',539,,375386,5,,,0,68,,375387,5,,,0,28,,375385,5,,,0,68,,259992,5,,,0,28,,375384,5,,,0,72,,85651,5,,,0,36,,217014,5,,,0
26500,'4',539,,375389,5,,,0,94,,207638,5,,,0,101,,375388,5,,,0,106,,375390,5,,,0
26500,'5',539,,375393,5,,,0,68,,375394,5,,,0,28,,375392,5,,,0,68,,260079,5,,,0,28,,375391,5,,,0,72,,236062,5,,,0,36,,217183,5,,,0
26500,'6',539,,375397,5,,,0,68,,375399,5,,,0,28,,375395,5,,,0,68,,375396,5,,,0,28,,247555,5,,,0,72,,375400,5,,,0,36,,375398,5,,,0
26500,'7',539,,222865,5,,,0,68,,375405,5,,,0,28,,375402,5,,,0,68,,375403,5,,,0,28,,375401,5,,,0,72,,375406,5,,,0,36,,375404,5,,,0
26500,'9',539,,375409,5,,,0,68,,375411,5,,,0,28,,375407,5,,,0,68,,375408,5,,,0,28,,247457,5,,,0,72,,375412,5,,,0,36,,375410,5,,,0
66100,'11',804,,377005,6,,,0
66100,'13',804,,377006,6,,,0
66100,'14',804,,377007,6,,,0
66100,'2',804,,199451,6,,,0
66100,'3',804,,377008,6,,,0
66100,'5',804,,377009,6,,,0
66100,'6',804,,377010,6,,,0
66100,'7',804,,4181,6,,,0
66100,'9',804,,377011,6,,,0
66300,'11',757,,377033,5,,,0,2,,377032,5,,,0,43,,274929,5,,,0
66300,'13',757,,377037,5,,,0,2,,377036,5,,,0,43,,274997,5,,,0
66300,'14',757,,377041,5,,,0,2,,377040,5,,,0,43,,275269,5,,,0
66300,'2',757,,248912,5,,,0,2,,377045,5,,,0,43,,377044,5,,,0
66300,'3',757,,377051,5,,,0,2,,377050,5,,,0,43,,377048,5,,,0
66300,'5',757,,377057,5,,,0,2,,377056,5,,,0,43,,377054,5,,,0
66300,'6',757,,377061,5,,,0,2,,377060,5,,,0,43,,274555,5,,,0
66300,'7',757,,248811,5,,,0,2,,377065,5,,,0,43,,377064,5,,,0
66300,'9',757,,377069,5,,,0,2,,377068,5,,,0,43,,274374,5,,,0
