1001,'1',912,,162075,37,,,1,30,,214723,37,,,1,70,,214711,37,,,1,33,,214733,37,,,1,70,,214721,37,,,1,30,,78141,37,,,1,70,,214720,37,,,1,31,,214730,37,,,1,70,,214715,37,,,1,30,,145383,37,,,1,70,,214709,37,,,1,30,,158395,37,,,1,70,,214708,37,,,1,30,,214713,37,,,1,70,,177817,37,,,1,30,,214727,37,,,1,70,,214731,37,,,1,30,,214734,37,,,1,70,,214710,37,,,1,29,,157102,37,,,1,70,,214714,37,,,1,30,,214719,37,,,1,70,,214722,37,,,1,28,,214724,37,,,1,70,,214729,37,,,1,30,,214732,37,,,1,70,,214737,37,,,1,29,,214726,37,,,1,70,,214736,37,,,1
1001,'10',912,,214765,37,,,1,30,,214759,37,,,1,70,,214744,37,,,1,33,,214769,37,,,1,70,,214754,37,,,1,30,,214755,37,,,1,70,,214753,37,,,1,31,,214766,37,,,1,70,,214748,37,,,1,30,,214757,37,,,1,70,,214742,37,,,1,30,,214750,37,,,1,70,,214741,37,,,1,30,,214746,37,,,1,70,,214756,37,,,1,30,,32036,37,,,1,70,,214767,37,,,1,30,,8685,37,,,1,70,,214743,37,,,1,29,,214771,37,,,1,70,,214747,37,,,1,30,,174396,37,,,1,70,,214758,37,,,1,28,,214760,37,,,1,70,,214764,37,,,1,30,,214768,37,,,1,70,,150733,37,,,1,29,,214762,37,,,1,70,,214772,37,,,1
1001,'11',844,,214773,37,,,1,70,,54588,37,,,1,30,,214788,37,,,1,70,,214789,37,,,1,33,,214781,37,,,1,70,,214792,37,,,1,30,,177711,37,,,1,70,,214790,37,,,1,31,,214782,37,,,1,70,,98672,37,,,1,30,,214793,37,,,1,70,,214774,37,,,1,30,,157746,37,,,1,70,,214780,37,,,1,30,,214775,37,,,1,70,,214784,37,,,1,30,,187293,37,,,1,70,,135079,37,,,1,30,,214778,37,,,1,70,,214783,37,,,1,29,,214786,37,,,1
1001,'12',631,,214798,37,,,1,79,,214822,37,,,1,31,,191709,37,,,1,68,,214814,37,,,1,36,,214827,37,,,1,71,,214818,37,,,1,27,,214831,37,,,1,68,,214809,37,,,1,30,,171308,37,,,1,69,,196355,37,,,1,30,,172600,37,,,1,70,,214825,37,,,1,30,,214800,37,,,1,70,,214829,37,,,1,31,,214811,37,,,1,71,,214795,37,,,1,32,,199834,37,,,1,73,,84445,37,,,1,30,,214828,37,,,1,70,,214826,37,,,1,31,,214797,37,,,1,71,,214805,37,,,1,33,,71491,37,,,1,67,,214799,37,,,1,39,,214815,37,,,1,70,,166902,37,,,1,28,,214808,37,,,1,70,,214810,37,,,1,30,,138040,37,,,1,70,,214813,37,,,1,29,,214824,37,,,1,70,,214823,37,,,1,26,,214803,37,,,1,67,,214794,37,,,1,27,,214821,37,,,1
1001,'13',912,,214854,37,,,1,30,,214849,37,,,1,70,,214838,37,,,1,33,,168080,37,,,1,70,,156865,37,,,1,30,,214846,37,,,1,70,,214845,37,,,1,31,,214855,37,,,1,70,,214842,37,,,1,30,,214848,37,,,1,70,,128547,37,,,1,30,,214843,37,,,1,70,,214836,37,,,1,30,,214840,37,,,1,70,,214847,37,,,1,30,,214853,37,,,1,70,,214856,37,,,1,30,,214857,37,,,1,70,,214837,37,,,1,29,,214859,37,,,1,70,,214841,37,,,1,30,,214844,37,,,1,70,,172319,37,,,1,28,,214850,37,,,1,70,,157698,37,,,1,30,,165911,37,,,1,70,,214861,37,,,1,29,,214852,37,,,1,70,,214860,37,,,1
1001,'14',631,,214892,37,,,1,79,,214866,37,,,1,29,,214877,37,,,1,70,,122701,37,,,1,36,,214887,37,,,1,71,,214889,37,,,1,27,,132260,37,,,1,68,,214868,37,,,1,30,,214873,37,,,1,69,,129736,37,,,1,30,,176667,37,,,1,70,,214879,37,,,1,30,,129040,37,,,1,70,,63293,37,,,1,31,,214870,37,,,1,71,,214883,37,,,1,32,,214891,37,,,1,73,,214863,37,,,1,30,,214894,37,,,1,70,,214864,37,,,1,29,,214875,37,,,1,73,,214890,37,,,1,33,,214869,37,,,1,67,,214898,37,,,1,39,,214880,37,,,1,70,,214876,37,,,1,28,,214888,37,,,1,70,,98369,37,,,1,30,,133267,37,,,1,70,,44294,37,,,1,29,,13396,37,,,1,70,,96437,37,,,1,26,,192758,37,,,1,67,,214895,37,,,1,27,,214872,37,,,1
1001,'15',631,,214903,37,,,1,79,,214927,37,,,1,31,,191869,37,,,1,68,,214919,37,,,1,36,,214932,37,,,1,71,,214923,37,,,1,27,,214936,37,,,1,68,,214914,37,,,1,30,,171453,37,,,1,69,,196364,37,,,1,30,,172681,37,,,1,70,,214930,37,,,1,30,,214905,37,,,1,70,,214934,37,,,1,31,,214916,37,,,1,71,,214900,37,,,1,32,,199907,37,,,1,73,,85078,37,,,1,30,,214933,37,,,1,70,,214931,37,,,1,31,,214902,37,,,1,71,,214910,37,,,1,33,,71940,37,,,1,67,,214904,37,,,1,39,,214920,37,,,1,70,,167019,37,,,1,28,,214913,37,,,1,70,,214915,37,,,1,30,,138144,37,,,1,70,,214918,37,,,1,29,,214929,37,,,1,70,,214928,37,,,1,26,,214908,37,,,1,67,,214899,37,,,1,27,,214926,37,,,1
1001,'16',844,,214939,37,,,1,70,,214963,37,,,1,30,,214956,37,,,1,70,,214957,37,,,1,33,,214951,37,,,1,70,,214966,37,,,1,30,,214952,37,,,1,70,,214959,37,,,1,31,,214953,37,,,1,70,,214940,37,,,1,30,,214968,37,,,1,70,,214941,37,,,1,30,,214948,37,,,1,70,,92189,37,,,1,30,,214944,37,,,1,70,,193013,37,,,1,30,,214947,37,,,1,70,,214970,37,,,1,30,,214949,37,,,1,70,,184007,37,,,1,29,,214955,37,,,1
1001,'17',631,,215001,37,,,1,79,,214975,37,,,1,29,,214986,37,,,1,70,,122586,37,,,1,36,,214996,37,,,1,71,,214998,37,,,1,27,,132155,37,,,1,68,,214977,37,,,1,30,,214982,37,,,1,69,,129653,37,,,1,30,,69361,37,,,1,70,,214988,37,,,1,30,,128962,37,,,1,70,,174342,37,,,1,31,,214979,37,,,1,71,,214992,37,,,1,32,,215000,37,,,1,73,,214972,37,,,1,30,,215003,37,,,1,70,,214973,37,,,1,29,,214984,37,,,1,73,,214999,37,,,1,33,,214978,37,,,1,67,,215007,37,,,1,39,,214989,37,,,1,70,,214985,37,,,1,28,,214997,37,,,1,70,,147871,37,,,1,30,,133241,37,,,1,70,,128965,37,,,1,29,,130383,37,,,1,70,,128970,37,,,1,26,,192725,37,,,1,67,,215004,37,,,1,27,,214981,37,,,1
1001,'18',631,,215038,37,,,1,79,,215012,37,,,1,29,,215023,37,,,1,70,,122841,37,,,1,36,,215033,37,,,1,71,,215035,37,,,1,27,,132381,37,,,1,68,,215014,37,,,1,30,,215019,37,,,1,69,,129835,37,,,1,30,,176764,37,,,1,70,,215025,37,,,1,30,,129134,37,,,1,70,,174616,37,,,1,31,,215016,37,,,1,71,,215029,37,,,1,32,,215037,37,,,1,73,,215009,37,,,1,30,,215040,37,,,1,70,,215010,37,,,1,29,,215021,37,,,1,73,,215036,37,,,1,33,,215015,37,,,1,67,,215044,37,,,1,39,,215026,37,,,1,70,,215022,37,,,1,28,,215034,37,,,1,70,,148120,37,,,1,30,,133314,37,,,1,70,,129137,37,,,1,29,,130573,37,,,1,70,,129144,37,,,1,26,,192814,37,,,1,67,,215041,37,,,1,27,,215018,37,,,1
1001,'2',631,,215087,37,,,1,79,,138090,37,,,1,29,,215064,37,,,1,70,,215074,37,,,1,36,,215080,37,,,1,71,,215082,37,,,1,27,,215088,37,,,1,68,,215052,37,,,1,30,,127020,37,,,1,69,,215050,37,,,1,30,,215054,37,,,1,70,,215068,37,,,1,30,,215062,37,,,1,70,,215070,37,,,1,31,,215056,37,,,1,71,,215075,37,,,1,32,,215084,37,,,1,73,,138731,37,,,1,30,,215091,37,,,1,70,,215047,37,,,1,29,,215060,37,,,1,73,,215083,37,,,1,33,,215055,37,,,1,67,,215097,37,,,1,39,,215069,37,,,1,70,,215063,37,,,1,28,,215081,37,,,1,70,,215067,37,,,1,30,,215090,37,,,1,70,,215065,37,,,1,29,,215059,37,,,1,70,,215072,37,,,1,26,,215094,37,,,1,67,,215092,37,,,1,27,,215058,37,,,1
1001,'3',631,,141008,37,,,1,79,,215133,37,,,1,31,,215125,37,,,1,68,,215121,37,,,1,36,,215137,37,,,1,71,,215126,37,,,1,27,,5826,37,,,1,68,,215115,37,,,1,30,,215144,37,,,1,69,,215143,37,,,1,30,,215110,37,,,1,70,,43589,37,,,1,30,,215103,37,,,1,70,,215139,37,,,1,31,,215117,37,,,1,71,,215100,37,,,1,32,,215140,37,,,1,73,,215108,37,,,1,30,,215138,37,,,1,70,,215136,37,,,1,31,,215102,37,,,1,71,,215112,37,,,1,33,,215132,37,,,1,67,,50800,37,,,1,39,,76377,37,,,1,70,,215127,37,,,1,28,,84100,37,,,1,70,,215116,37,,,1,30,,215107,37,,,1,70,,215120,37,,,1,29,,215135,37,,,1,70,,215134,37,,,1,26,,215109,37,,,1,67,,215098,37,,,1,27,,215131,37,,,1
1001,'4',631,,215151,37,,,1,79,,215175,37,,,1,31,,191943,37,,,1,68,,215167,37,,,1,36,,215180,37,,,1,71,,215171,37,,,1,27,,215184,37,,,1,68,,215162,37,,,1,30,,171518,37,,,1,69,,196367,37,,,1,30,,172710,37,,,1,70,,215178,37,,,1,30,,215153,37,,,1,70,,215182,37,,,1,31,,215164,37,,,1,71,,215148,37,,,1,32,,199938,37,,,1,73,,85011,37,,,1,30,,215181,37,,,1,70,,215179,37,,,1,31,,215150,37,,,1,71,,215158,37,,,1,33,,71893,37,,,1,67,,215152,37,,,1,39,,215168,37,,,1,70,,167078,37,,,1,28,,215161,37,,,1,70,,215163,37,,,1,30,,138197,37,,,1,70,,215166,37,,,1,29,,215177,37,,,1,70,,215176,37,,,1,26,,215156,37,,,1,67,,215147,37,,,1,27,,215174,37,,,1
1001,'5',631,,215191,37,,,1,79,,215215,37,,,1,31,,191370,37,,,1,68,,215207,37,,,1,36,,215220,37,,,1,71,,215211,37,,,1,27,,215224,37,,,1,68,,215202,37,,,1,30,,170990,37,,,1,69,,196335,37,,,1,30,,172405,37,,,1,70,,215218,37,,,1,30,,215193,37,,,1,70,,215222,37,,,1,31,,215204,37,,,1,71,,215188,37,,,1,32,,199683,37,,,1,73,,84378,37,,,1,30,,215221,37,,,1,70,,215219,37,,,1,31,,215190,37,,,1,71,,215198,37,,,1,33,,71444,37,,,1,67,,215192,37,,,1,39,,215208,37,,,1,70,,166641,37,,,1,28,,215201,37,,,1,70,,215203,37,,,1,30,,137819,37,,,1,70,,215206,37,,,1,29,,215217,37,,,1,70,,215216,37,,,1,26,,215196,37,,,1,67,,215187,37,,,1,27,,215214,37,,,1
1001,'6',844,,215227,37,,,1,70,,215252,37,,,1,30,,215245,37,,,1,70,,215246,37,,,1,33,,129516,37,,,1,70,,215255,37,,,1,30,,215238,37,,,1,70,,215248,37,,,1,31,,215239,37,,,1,70,,215228,37,,,1,30,,215257,37,,,1,70,,147219,37,,,1,30,,215235,37,,,1,70,,215237,37,,,1,30,,215231,37,,,1,70,,215241,37,,,1,30,,215234,37,,,1,70,,215259,37,,,1,30,,157175,37,,,1,70,,215240,37,,,1,29,,215243,37,,,1
1001,'7',631,,215301,37,,,1,79,,215263,37,,,1,29,,215279,37,,,1,70,,215288,37,,,1,36,,215294,37,,,1,71,,215296,37,,,1,27,,215302,37,,,1,68,,125421,37,,,1,30,,215272,37,,,1,69,,215265,37,,,1,30,,215268,37,,,1,70,,215282,37,,,1,30,,215277,37,,,1,70,,215284,37,,,1,31,,215270,37,,,1,71,,177962,37,,,1,32,,215298,37,,,1,73,,215262,37,,,1,30,,215306,37,,,1,70,,17683,37,,,1,29,,215275,37,,,1,73,,215297,37,,,1,33,,215269,37,,,1,67,,215312,37,,,1,39,,215283,37,,,1,70,,215278,37,,,1,28,,215295,37,,,1,70,,215281,37,,,1,30,,215305,37,,,1,70,,215280,37,,,1,29,,215274,37,,,1,70,,215286,37,,,1,26,,215309,37,,,1,67,,215307,37,,,1,27,,197263,37,,,1
1001,'8',631,,215332,37,,,1,79,,215328,37,,,1,30,,215323,37,,,1,69,,215317,37,,,1,36,,215338,37,,,1,71,,215322,37,,,1,27,,215348,37,,,1,68,,215324,37,,,1,30,,215334,37,,,1,69,,215337,37,,,1,30,,215325,37,,,1,70,,215315,37,,,1,30,,215320,37,,,1,70,,215330,37,,,1,31,,215343,37,,,1,71,,215321,37,,,1,32,,215319,37,,,1,73,,215347,37,,,1,30,,215349,37,,,1,70,,215346,37,,,1,31,,215331,37,,,1,71,,215344,37,,,1,33,,215313,37,,,1,67,,215340,37,,,1,39,,215345,37,,,1,70,,215335,37,,,1,28,,215318,37,,,1,70,,215342,37,,,1,30,,215339,37,,,1,70,,215327,37,,,1,29,,215326,37,,,1,70,,215329,37,,,1,26,,215316,37,,,1,67,,215341,37,,,1,27,,215336,37,,,1
1001,'9',631,,215354,37,,,1,79,,215378,37,,,1,31,,191670,37,,,1,68,,215370,37,,,1,36,,215383,37,,,1,71,,215374,37,,,1,27,,215387,37,,,1,68,,215365,37,,,1,30,,171273,37,,,1,69,,196352,37,,,1,30,,172571,37,,,1,70,,215381,37,,,1,30,,215356,37,,,1,70,,215385,37,,,1,31,,215367,37,,,1,71,,215351,37,,,1,32,,199816,37,,,1,73,,84703,37,,,1,30,,215384,37,,,1,70,,215382,37,,,1,31,,215353,37,,,1,71,,215361,37,,,1,33,,71667,37,,,1,67,,215355,37,,,1,39,,215371,37,,,1,70,,166869,37,,,1,28,,215364,37,,,1,70,,215366,37,,,1,30,,138013,37,,,1,70,,215369,37,,,1,29,,215380,37,,,1,70,,215379,37,,,1,26,,215359,37,,,1,67,,215350,37,,,1,27,,215377,37,,,1
60601,'12',743,,294772,21,,,1
60601,'15',743,,294773,21,,,1
60601,'3',743,,294774,21,,,1
60601,'4',743,,294775,21,,,1
60601,'5',743,,294776,21,,,1
60601,'9',743,,294777,21,,,1
