2300,'1',711,,138295,12,,,1,30,,138293,12,,,1,70,,138292,12,,,1,722,,138289,12,,,1,70,,138294,12,,,1,30,,138291,12,,,1,70,,138290,12,,,1,30,,138296,12,,,1
2300,'10',711,,138297,12,,,1,100,,19526,12,,,1,722,,103738,12,,,1,100,,138298,12,,,1,100,,138299,12,,,1
2300,'12',711,,138305,12,,,1,30,,138301,12,,,1,70,,138306,12,,,1,722,,138304,12,,,1,70,,138300,12,,,1,30,,138302,12,,,1,70,,9211,12,,,1,30,,138303,12,,,1
2300,'14',711,,138310,12,,,1,30,,138307,12,,,1,70,,138312,12,,,1,722,,14636,12,,,1,70,,98357,12,,,1,30,,138308,12,,,1,70,,138311,12,,,1,30,,138309,12,,,1
2300,'15',711,,138316,12,,,1,30,,138313,12,,,1,70,,138318,12,,,1,722,,15076,12,,,1,70,,98576,12,,,1,30,,138314,12,,,1,70,,138317,12,,,1,30,,138315,12,,,1
2300,'16',711,,138323,12,,,1,30,,138320,12,,,1,70,,138325,12,,,1,722,,138322,12,,,1,70,,138319,12,,,1,30,,138321,12,,,1,70,,138324,12,,,1,30,,1306,12,,,1
2300,'17',711,,138332,12,,,1,30,,138330,12,,,1,70,,138329,12,,,1,722,,138326,12,,,1,70,,138331,12,,,1,30,,138328,12,,,1,70,,138327,12,,,1,30,,138333,12,,,1
2300,'2',711,,138340,12,,,1,30,,138338,12,,,1,70,,138337,12,,,1,722,,138334,12,,,1,70,,138339,12,,,1,30,,138336,12,,,1,70,,138335,12,,,1,30,,138341,12,,,1
2300,'3',711,,138345,12,,,1,30,,138342,12,,,1,70,,138347,12,,,1,722,,14922,12,,,1,70,,98500,12,,,1,30,,138343,12,,,1,70,,138346,12,,,1,30,,138344,12,,,1
2300,'5',711,,138353,12,,,1,30,,138352,12,,,1,70,,138351,12,,,1,722,,138348,12,,,1,70,,56303,12,,,1,30,,138350,12,,,1,70,,138349,12,,,1,30,,138354,12,,,1
2300,'6',711,,118127,12,,,1,30,,138359,12,,,1,70,,138358,12,,,1,722,,138355,12,,,1,70,,138360,12,,,1,30,,138357,12,,,1,70,,138356,12,,,1,30,,138361,12,,,1
2300,'8',711,,138368,12,,,1,30,,138366,12,,,1,70,,138365,12,,,1,722,,138362,12,,,1,70,,138367,12,,,1,30,,138364,12,,,1,70,,138363,12,,,1,30,,138369,12,,,1
