2600,'11',555,,579844,,,1,100,,579857,,,1,70,,579845,,,1,31,,579851,,,1,70,,579846,,,1,30,,452288,,,1,92,,579854,,,1,101,,579847,,,1,100,,514462,,,1,104,,579848,,,1,251,,356635,,,1,12,,532388,,,1,18,,579856,,,1,70,,579850,,,1,30,,517827,,,1,70,,579853,,,1,30,,579855,,,1,70,,579852,,,1
2600,'12',555,,579858,,,1,100,,466935,,,1,70,,579859,,,1,31,,579867,,,1,70,,579861,,,1,30,,579869,,,1,92,,579871,,,1,101,,579862,,,1,100,,579860,,,1,104,,448177,,,1,251,,579864,,,1,12,,579865,,,1,18,,579873,,,1,70,,579866,,,1,30,,579870,,,1,70,,579868,,,1,30,,579872,,,1,70,,384783,,,1
2600,'13',555,,579874,,,1,100,,466374,,,1,70,,579875,,,1,31,,579883,,,1,70,,579877,,,1,30,,579885,,,1,92,,579887,,,1,101,,579878,,,1,100,,579876,,,1,104,,504675,,,1,251,,579880,,,1,12,,579881,,,1,18,,579889,,,1,70,,579882,,,1,30,,579886,,,1,70,,579884,,,1,30,,579888,,,1,70,,459266,,,1
2600,'14',555,,579890,,,1,100,,466778,,,1,70,,579891,,,1,31,,579899,,,1,70,,579893,,,1,30,,579901,,,1,92,,579903,,,1,101,,579894,,,1,100,,579892,,,1,104,,504962,,,1,251,,579896,,,1,12,,579897,,,1,18,,579905,,,1,70,,579898,,,1,30,,579902,,,1,70,,579900,,,1,30,,579904,,,1,70,,459671,,,1
2600,'15',555,,579906,,,1,100,,466692,,,1,70,,579907,,,1,31,,579915,,,1,70,,579909,,,1,30,,579917,,,1,92,,579919,,,1,101,,579910,,,1,100,,579908,,,1,104,,504904,,,1,251,,579912,,,1,12,,579913,,,1,18,,579921,,,1,70,,579914,,,1,30,,579918,,,1,70,,579916,,,1,30,,579920,,,1,70,,459587,,,1
2600,'16',555,,579928,,,1,100,,579926,,,1,70,,579923,,,1,31,,579929,,,1,70,,440547,,,1,30,,579927,,,1,648,,579931,,,1,30,,579922,,,1,70,,579924,,,1,30,,579925,,,1,70,,579932,,,1,30,,501249,,,1,70,,579930,,,1
2600,'17',555,,579933,,,1,100,,466649,,,1,70,,579934,,,1,31,,579942,,,1,70,,579936,,,1,30,,579944,,,1,92,,579946,,,1,101,,579937,,,1,100,,579935,,,1,104,,504875,,,1,251,,579939,,,1,12,,579940,,,1,18,,579948,,,1,70,,579941,,,1,30,,579945,,,1,70,,579943,,,1,30,,579947,,,1,70,,459545,,,1
2600,'18',555,,579949,,,1,100,,467093,,,1,70,,579950,,,1,31,,579958,,,1,70,,579952,,,1,30,,579960,,,1,92,,579962,,,1,101,,579953,,,1,100,,579951,,,1,104,,505191,,,1,251,,579955,,,1,12,,579956,,,1,18,,579964,,,1,70,,579957,,,1,30,,579961,,,1,70,,579959,,,1,30,,579963,,,1,70,,460014,,,1
2600,'19',555,,579965,,,1,100,,579979,,,1,70,,543249,,,1,31,,579973,,,1,70,,359242,,,1,30,,579976,,,1,92,,485427,,,1,101,,579967,,,1,100,,579966,,,1,104,,579968,,,1,251,,579970,,,1,12,,579971,,,1,18,,579978,,,1,70,,579972,,,1,30,,579977,,,1,70,,579975,,,1,30,,528984,,,1,70,,579974,,,1
2600,'20',555,,579980,,,1,100,,466979,,,1,70,,579981,,,1,31,,579989,,,1,70,,579983,,,1,30,,579991,,,1,92,,579993,,,1,101,,579984,,,1,100,,579982,,,1,104,,505105,,,1,251,,579986,,,1,12,,579987,,,1,18,,579995,,,1,70,,579988,,,1,30,,579992,,,1,70,,579990,,,1,30,,579994,,,1,70,,459886,,,1
2600,'21',555,,580001,,,1,100,,579999,,,1,70,,482278,,,1,31,,580003,,,1,70,,579998,,,1,30,,580000,,,1,648,,580005,,,1,30,,579996,,,1,70,,579997,,,1,30,,417549,,,1,70,,580006,,,1,30,,580002,,,1,70,,580004,,,1
2600,'22',555,,580007,,,1,100,,580023,,,1,70,,580008,,,1,31,,580017,,,1,70,,580010,,,1,30,,580019,,,1,92,,580021,,,1,101,,580011,,,1,100,,580009,,,1,104,,580012,,,1,251,,580014,,,1,12,,580015,,,1,18,,478696,,,1,70,,580016,,,1,30,,580020,,,1,70,,515213,,,1,30,,580022,,,1,70,,580018,,,1
2600,'23',555,,580031,,,1,100,,580029,,,1,70,,580025,,,1,31,,580033,,,1,70,,580027,,,1,30,,580030,,,1,648,,580035,,,1,30,,580024,,,1,70,,580026,,,1,30,,580028,,,1,70,,580036,,,1,30,,580032,,,1,70,,580034,,,1
2600,'5',555,,580044,,,1,100,,580043,,,1,101,,580040,,,1,100,,580037,,,1,648,,580042,,,1,100,,580039,,,1,100,,580041,,,1,100,,580038,,,1
2600,'6',555,,146385,,,1,100,,580050,,,1,70,,580046,,,1,31,,580052,,,1,70,,580048,,,1,30,,400093,,,1,648,,467160,,,1,30,,580045,,,1,70,,580047,,,1,30,,580049,,,1,70,,580054,,,1,30,,580051,,,1,70,,580053,,,1
2600,'8',555,,580055,,,1,100,,466735,,,1,70,,580056,,,1,31,,580064,,,1,70,,580058,,,1,30,,580066,,,1,92,,580068,,,1,101,,580059,,,1,100,,580057,,,1,104,,504933,,,1,251,,580061,,,1,12,,580062,,,1,18,,580070,,,1,70,,580063,,,1,30,,580067,,,1,70,,580065,,,1,30,,580069,,,1,70,,459629,,,1
2600,'9',555,,146251,,,1,100,,580076,,,1,70,,580072,,,1,31,,580078,,,1,70,,580074,,,1,30,,399927,,,1,648,,467333,,,1,30,,580071,,,1,70,,580073,,,1,30,,580075,,,1,70,,580080,,,1,30,,580077,,,1,70,,580079,,,1
2601,'11',806,,518961,,,1
2601,'12',806,,580095,,,1
2601,'13',806,,580105,,,1
2601,'14',806,,580115,,,1
2601,'15',806,,580125,,,1
2601,'17',806,,580147,,,1
2601,'18',806,,580157,,,1
2601,'19',806,,580169,,,1
2601,'20',806,,580183,,,1
2601,'22',806,,580205,,,1
2601,'8',806,,580252,,,1
