11201,'1',554,,195330,29,,,1,70,,195329,29,,,1,32,,195305,29,,,1,70,,195327,29,,,1,75,,195326,29,,,1,33,,195324,29,,,1,67,,120793,29,,,1,28,,195319,29,,,1,30,,195310,29,,,1,69,,126,29,,,1,30,,195316,29,,,1,70,,195331,29,,,1,30,,195311,29,,,1,72,,195322,29,,,1,70,,64460,29,,,1,29,,195315,29,,,1,30,,195328,29,,,1,72,,195309,29,,,1,71,,195320,29,,,1,30,,195308,29,,,1,70,,195307,29,,,1,31,,195301,29,,,1,71,,99480,29,,,1,29,,195325,29,,,1,70,,195317,29,,,1,27,,195306,29,,,1,70,,195303,29,,,1,28,,195302,29,,,1,30,,195312,29,,,1,65,,195318,29,,,1,30,,195323,29,,,1,70,,195313,29,,,1,27,,70630,29,,,1,68,,195314,29,,,1,30,,195321,29,,,1,100,,195304,29,,,1
11201,'10',554,,195334,29,,,1,102,,195333,29,,,1,146,,195332,29,,,1,99,,195338,29,,,1,58,,195337,29,,,1,99,,195335,29,,,1,100,,195336,29,,,1,142,,58327,29,,,1,59,,195342,29,,,1,143,,45580,29,,,1,100,,195340,29,,,1,101,,195339,29,,,1,100,,47932,29,,,1,97,,195341,29,,,1,58,,60942,29,,,1,95,,44219,29,,,1,97,,73516,29,,,1,98,,19530,29,,,1,100,,195343,29,,,1
11201,'11',821,,104550,29,,,1,102,,114231,29,,,1,30,,195353,29,,,1,70,,93100,29,,,1,30,,195349,29,,,1,71,,5159,29,,,1,30,,195360,29,,,1,70,,195355,29,,,1,30,,195361,29,,,1,70,,195357,29,,,1,30,,195352,29,,,1,70,,195345,29,,,1,30,,195346,29,,,1,70,,195362,29,,,1,30,,195354,29,,,1,70,,195350,29,,,1,30,,195359,29,,,1,70,,42983,29,,,1,30,,195347,29,,,1,70,,195356,29,,,1,30,,195351,29,,,1,69,,84632,29,,,1,30,,195348,29,,,1,69,,96176,29,,,1,30,,44951,29,,,1,70,,20446,29,,,1,30,,195358,29,,,1,70,,65349,29,,,1,110,,195344,29,,,1
11201,'12',554,,195388,29,,,1,70,,106442,29,,,1,32,,195373,29,,,1,70,,195363,29,,,1,74,,195385,29,,,1,33,,195366,29,,,1,68,,195381,29,,,1,28,,195374,29,,,1,30,,195387,29,,,1,69,,195378,29,,,1,30,,7899,29,,,1,70,,60734,29,,,1,30,,195386,29,,,1,72,,195375,29,,,1,70,,195383,29,,,1,29,,195389,29,,,1,30,,117232,29,,,1,72,,2070,29,,,1,71,,195367,29,,,1,30,,195370,29,,,1,70,,195382,29,,,1,30,,195380,29,,,1,71,,195376,29,,,1,30,,195377,29,,,1,70,,195364,29,,,1,27,,195372,29,,,1,70,,195365,29,,,1,28,,195384,29,,,1,30,,58040,29,,,1,65,,95715,29,,,1,30,,195369,29,,,1,70,,53408,29,,,1,27,,41644,29,,,1,68,,195379,29,,,1,30,,195371,29,,,1,100,,195368,29,,,1
11201,'13',821,,195394,29,,,1,102,,195392,29,,,1,30,,195406,29,,,1,70,,195402,29,,,1,30,,195398,29,,,1,71,,195401,29,,,1,30,,106611,29,,,1,70,,195407,29,,,1,30,,195412,29,,,1,70,,195410,29,,,1,30,,115328,29,,,1,70,,195395,29,,,1,30,,84509,29,,,1,70,,195413,29,,,1,30,,87309,29,,,1,70,,195399,29,,,1,30,,21707,29,,,1,70,,195400,29,,,1,30,,195396,29,,,1,70,,195408,29,,,1,30,,195404,29,,,1,69,,195391,29,,,1,30,,195397,29,,,1,69,,195405,29,,,1,30,,195403,29,,,1,70,,195390,29,,,1,30,,195411,29,,,1,70,,195409,29,,,1,110,,195393,29,,,1
11201,'14',554,,39850,29,,,1,70,,195437,29,,,1,32,,195425,29,,,1,70,,195416,29,,,1,74,,195436,29,,,1,33,,195421,29,,,1,68,,195432,29,,,1,28,,195426,29,,,1,30,,195439,29,,,1,69,,195428,29,,,1,30,,195438,29,,,1,70,,195415,29,,,1,30,,56779,29,,,1,72,,55052,29,,,1,70,,195435,29,,,1,29,,195441,29,,,1,30,,195418,29,,,1,72,,195414,29,,,1,71,,195422,29,,,1,30,,195423,29,,,1,70,,195434,29,,,1,30,,195431,29,,,1,71,,114389,29,,,1,30,,195427,29,,,1,70,,195419,29,,,1,27,,195424,29,,,1,70,,195420,29,,,1,28,,55921,29,,,1,30,,195440,29,,,1,65,,195417,29,,,1,30,,57601,29,,,1,70,,195430,29,,,1,27,,195433,29,,,1,68,,195429,29,,,1,30,,99848,29,,,1,100,,81948,29,,,1
11201,'15',554,,40325,29,,,1,70,,195465,29,,,1,32,,195453,29,,,1,70,,195444,29,,,1,74,,195464,29,,,1,33,,195449,29,,,1,68,,195460,29,,,1,28,,195454,29,,,1,30,,195467,29,,,1,69,,195456,29,,,1,30,,195466,29,,,1,70,,195443,29,,,1,30,,57057,29,,,1,72,,55329,29,,,1,70,,195463,29,,,1,29,,195469,29,,,1,30,,195446,29,,,1,72,,195442,29,,,1,71,,195450,29,,,1,30,,195451,29,,,1,70,,195462,29,,,1,30,,195459,29,,,1,71,,114588,29,,,1,30,,195455,29,,,1,70,,195447,29,,,1,27,,195452,29,,,1,70,,195448,29,,,1,28,,56198,29,,,1,30,,195468,29,,,1,65,,195445,29,,,1,30,,57875,29,,,1,70,,195458,29,,,1,27,,195461,29,,,1,68,,195457,29,,,1,30,,100135,29,,,1,100,,82151,29,,,1
11201,'16',554,,195499,29,,,1,70,,195496,29,,,1,32,,195483,29,,,1,70,,195472,29,,,1,74,,195494,29,,,1,33,,44923,29,,,1,68,,195490,29,,,1,28,,195484,29,,,1,30,,195498,29,,,1,69,,195488,29,,,1,30,,195497,29,,,1,70,,195471,29,,,1,30,,195495,29,,,1,72,,195485,29,,,1,70,,106624,29,,,1,29,,195501,29,,,1,30,,195474,29,,,1,72,,195470,29,,,1,71,,195477,29,,,1,30,,195480,29,,,1,70,,195492,29,,,1,30,,112221,29,,,1,71,,195486,29,,,1,30,,195487,29,,,1,70,,195475,29,,,1,27,,195482,29,,,1,70,,195476,29,,,1,28,,195493,29,,,1,30,,195500,29,,,1,65,,195473,29,,,1,30,,195479,29,,,1,70,,195489,29,,,1,27,,195491,29,,,1,68,,110240,29,,,1,30,,195481,29,,,1,100,,195478,29,,,1
11201,'17',554,,195531,29,,,1,70,,195530,29,,,1,32,,195506,29,,,1,70,,195528,29,,,1,75,,195527,29,,,1,33,,195525,29,,,1,67,,120848,29,,,1,28,,195520,29,,,1,30,,195511,29,,,1,69,,404,29,,,1,30,,195517,29,,,1,70,,195532,29,,,1,30,,195512,29,,,1,72,,195523,29,,,1,70,,64644,29,,,1,29,,195516,29,,,1,30,,195529,29,,,1,72,,195510,29,,,1,71,,195521,29,,,1,30,,195509,29,,,1,70,,195508,29,,,1,31,,195502,29,,,1,71,,99718,29,,,1,29,,195526,29,,,1,70,,195518,29,,,1,27,,195507,29,,,1,70,,195504,29,,,1,28,,195503,29,,,1,30,,195513,29,,,1,65,,195519,29,,,1,30,,195524,29,,,1,70,,195514,29,,,1,27,,70851,29,,,1,68,,195515,29,,,1,30,,195522,29,,,1,100,,195505,29,,,1
11201,'2',554,,195562,29,,,1,70,,195561,29,,,1,32,,195537,29,,,1,70,,195559,29,,,1,75,,195558,29,,,1,33,,195556,29,,,1,67,,120805,29,,,1,28,,195551,29,,,1,30,,195542,29,,,1,69,,186,29,,,1,30,,195548,29,,,1,70,,195563,29,,,1,30,,195543,29,,,1,72,,195554,29,,,1,70,,64498,29,,,1,29,,195547,29,,,1,30,,195560,29,,,1,72,,195541,29,,,1,71,,195552,29,,,1,30,,195540,29,,,1,70,,195539,29,,,1,31,,195533,29,,,1,71,,99527,29,,,1,29,,195557,29,,,1,70,,195549,29,,,1,27,,195538,29,,,1,70,,195535,29,,,1,28,,195534,29,,,1,30,,195544,29,,,1,65,,195550,29,,,1,30,,195555,29,,,1,70,,195545,29,,,1,27,,70676,29,,,1,68,,195546,29,,,1,30,,195553,29,,,1,100,,195536,29,,,1
11201,'3',554,,40165,29,,,1,70,,195587,29,,,1,32,,195575,29,,,1,70,,195566,29,,,1,74,,195586,29,,,1,33,,195571,29,,,1,68,,195582,29,,,1,28,,195576,29,,,1,30,,195589,29,,,1,69,,195578,29,,,1,30,,195588,29,,,1,70,,195565,29,,,1,30,,56958,29,,,1,72,,55231,29,,,1,70,,195585,29,,,1,29,,195591,29,,,1,30,,195568,29,,,1,72,,195564,29,,,1,71,,195572,29,,,1,30,,195573,29,,,1,70,,195584,29,,,1,30,,195581,29,,,1,71,,114514,29,,,1,30,,195577,29,,,1,70,,195569,29,,,1,27,,195574,29,,,1,70,,195570,29,,,1,28,,56100,29,,,1,30,,195590,29,,,1,65,,195567,29,,,1,30,,57778,29,,,1,70,,195580,29,,,1,27,,195583,29,,,1,68,,195579,29,,,1,30,,100039,29,,,1,100,,82080,29,,,1
11201,'4',541,,195613,29,,,1,90,,195612,29,,,1,100,,55283,29,,,1,70,,195609,29,,,1,30,,195611,29,,,1,70,,195595,29,,,1,32,,195597,29,,,1,70,,195598,29,,,1,30,,195618,29,,,1,70,,93622,29,,,1,31,,86942,29,,,1,70,,195593,29,,,1,30,,195617,29,,,1,70,,195594,29,,,1,30,,195606,29,,,1,70,,195608,29,,,1,30,,195596,29,,,1,70,,195599,29,,,1,30,,195605,29,,,1,70,,195592,29,,,1,30,,72037,29,,,1,70,,195616,29,,,1,30,,94854,29,,,1,70,,195607,29,,,1,30,,195614,29,,,1,70,,195600,29,,,1,29,,195602,29,,,1,70,,195615,29,,,1,29,,14982,29,,,1,70,,195603,29,,,1,30,,195601,29,,,1,70,,61156,29,,,1,30,,118221,29,,,1,70,,195610,29,,,1,110,,195604,29,,,1
11201,'5',554,,112693,29,,,1,70,,195648,29,,,1,32,,195622,29,,,1,70,,195645,29,,,1,75,,195644,29,,,1,33,,195641,29,,,1,67,,195625,29,,,1,28,,195635,29,,,1,30,,78257,29,,,1,69,,195636,29,,,1,30,,195632,29,,,1,70,,195649,29,,,1,30,,195626,29,,,1,72,,195639,29,,,1,70,,195630,29,,,1,29,,195631,29,,,1,30,,195647,29,,,1,72,,99358,29,,,1,71,,195637,29,,,1,30,,195624,29,,,1,70,,195623,29,,,1,31,,195619,29,,,1,71,,195642,29,,,1,29,,195643,29,,,1,70,,195633,29,,,1,27,,105616,29,,,1,70,,195620,29,,,1,28,,53969,29,,,1,30,,195627,29,,,1,65,,195634,29,,,1,30,,195640,29,,,1,70,,195628,29,,,1,27,,195646,29,,,1,68,,195629,29,,,1,30,,195638,29,,,1,100,,195621,29,,,1
11201,'6',554,,195679,29,,,1,70,,195678,29,,,1,32,,195654,29,,,1,70,,195676,29,,,1,75,,195675,29,,,1,33,,195673,29,,,1,67,,120917,29,,,1,28,,195668,29,,,1,30,,195659,29,,,1,69,,726,29,,,1,30,,195665,29,,,1,70,,195680,29,,,1,30,,195660,29,,,1,72,,195671,29,,,1,70,,64864,29,,,1,29,,195664,29,,,1,30,,195677,29,,,1,72,,195658,29,,,1,71,,195669,29,,,1,30,,195657,29,,,1,70,,195656,29,,,1,31,,195650,29,,,1,71,,100007,29,,,1,29,,195674,29,,,1,70,,195666,29,,,1,27,,195655,29,,,1,70,,195652,29,,,1,28,,195651,29,,,1,30,,195661,29,,,1,65,,195667,29,,,1,30,,195672,29,,,1,70,,195662,29,,,1,27,,71121,29,,,1,68,,195663,29,,,1,30,,195670,29,,,1,100,,195653,29,,,1
11201,'7',541,,195707,29,,,1,90,,195706,29,,,1,100,,195694,29,,,1,70,,195703,29,,,1,30,,195705,29,,,1,70,,195685,29,,,1,32,,195688,29,,,1,70,,104913,29,,,1,30,,195712,29,,,1,70,,195686,29,,,1,31,,195682,29,,,1,70,,62652,29,,,1,30,,195711,29,,,1,70,,195684,29,,,1,30,,195700,29,,,1,70,,195702,29,,,1,30,,195687,29,,,1,70,,195689,29,,,1,30,,195697,29,,,1,70,,195681,29,,,1,30,,195699,29,,,1,70,,44734,29,,,1,30,,195683,29,,,1,70,,195701,29,,,1,30,,195708,29,,,1,70,,195690,29,,,1,29,,195692,29,,,1,70,,195709,29,,,1,29,,195696,29,,,1,70,,195693,29,,,1,30,,195691,29,,,1,70,,195698,29,,,1,30,,195710,29,,,1,70,,195704,29,,,1,110,,195695,29,,,1
11201,'8',554,,195742,29,,,1,70,,195741,29,,,1,32,,195717,29,,,1,70,,195739,29,,,1,75,,195738,29,,,1,33,,195736,29,,,1,67,,120905,29,,,1,28,,195731,29,,,1,30,,195722,29,,,1,69,,666,29,,,1,30,,195728,29,,,1,70,,195743,29,,,1,30,,195723,29,,,1,72,,195734,29,,,1,70,,64826,29,,,1,29,,195727,29,,,1,30,,195740,29,,,1,72,,195721,29,,,1,71,,195732,29,,,1,30,,195720,29,,,1,70,,195719,29,,,1,31,,195713,29,,,1,71,,99960,29,,,1,29,,195737,29,,,1,70,,195729,29,,,1,27,,195718,29,,,1,70,,195715,29,,,1,28,,195714,29,,,1,30,,195724,29,,,1,65,,195730,29,,,1,30,,195735,29,,,1,70,,195725,29,,,1,27,,71075,29,,,1,68,,195726,29,,,1,30,,195733,29,,,1,100,,195716,29,,,1
11201,'9',821,,195747,29,,,1,102,,195746,29,,,1,30,,195760,29,,,1,70,,195755,29,,,1,30,,195751,29,,,1,71,,195754,29,,,1,30,,195768,29,,,1,70,,195762,29,,,1,30,,195769,29,,,1,70,,195765,29,,,1,30,,195758,29,,,1,70,,195748,29,,,1,30,,195749,29,,,1,70,,195770,29,,,1,30,,195761,29,,,1,70,,195752,29,,,1,30,,195767,29,,,1,70,,195753,29,,,1,30,,195750,29,,,1,70,,195763,29,,,1,30,,195757,29,,,1,69,,195745,29,,,1,30,,10409,29,,,1,69,,195759,29,,,1,30,,195756,29,,,1,70,,195744,29,,,1,30,,195766,29,,,1,70,,195764,29,,,1,110,,21286,29,,,1
61001,'1',1514,,204770,31,,,1
61001,'17',1514,,204771,31,,,1
61001,'2',1514,,204772,31,,,1
61001,'5',1514,,204773,31,,,1
61001,'6',1514,,204774,31,,,1
61001,'8',1514,,204775,31,,,1
68801,'1',1431,,68241,4,0,13,1,0,,206001,4,,,1
68801,'17',1431,,68576,4,0,13,1,0,,206003,4,,,1
68801,'2',1431,,68310,4,0,13,1,0,,206005,4,,,1
68801,'5',1431,,206008,4,0,13,1,0,,206007,4,,,1
68801,'6',1431,,68972,4,0,13,1,0,,206010,4,,,1
68801,'8',1431,,68903,4,0,13,1,0,,206012,4,,,1
