2401,'10',926,,25020,18,,,1,30,,25039,18,,,1,70,,25032,18,,,1,30,,25019,18,,,1,69,,25042,18,,,1,30,,25017,18,,,1,70,,25054,18,,,1,30,,25045,18,,,1,69,,25016,18,,,1,30,,25035,18,,,1,70,,25055,18,,,1,25,,25015,18,,,1,74,,25048,18,,,1,30,,25061,18,,,1,71,,25025,18,,,1,101,,25044,18,,,1,30,,25023,18,,,1,60,,25065,18,,,1,25,,25022,18,,,1,70,,25063,18,,,1,100,,25046,18,,,1,91,,25018,18,,,1,100,,25049,18,,,1,105,,25034,18,,,1
2401,'11',926,,25072,18,,,1,30,,25091,18,,,1,70,,25084,18,,,1,30,,25071,18,,,1,69,,25094,18,,,1,30,,25069,18,,,1,70,,25106,18,,,1,30,,25097,18,,,1,69,,25068,18,,,1,30,,25087,18,,,1,70,,25107,18,,,1,25,,25067,18,,,1,74,,25100,18,,,1,30,,25113,18,,,1,71,,25077,18,,,1,101,,25096,18,,,1,30,,25075,18,,,1,60,,25117,18,,,1,25,,25074,18,,,1,70,,25115,18,,,1,100,,25098,18,,,1,91,,25070,18,,,1,100,,25101,18,,,1,105,,25086,18,,,1
2401,'12',926,,25124,18,,,1,30,,25143,18,,,1,70,,25136,18,,,1,30,,25123,18,,,1,69,,25146,18,,,1,30,,25121,18,,,1,70,,25158,18,,,1,30,,25149,18,,,1,69,,25120,18,,,1,30,,25139,18,,,1,70,,25159,18,,,1,25,,25119,18,,,1,74,,25152,18,,,1,30,,25165,18,,,1,71,,25129,18,,,1,101,,25148,18,,,1,30,,25127,18,,,1,60,,25169,18,,,1,25,,25126,18,,,1,70,,25167,18,,,1,100,,25150,18,,,1,91,,25122,18,,,1,100,,25153,18,,,1,105,,25138,18,,,1
2401,'13',926,,25185,18,,,1,30,,25215,18,,,1,70,,25206,18,,,1,30,,25178,18,,,1,69,,25191,18,,,1,30,,25198,18,,,1,70,,25199,18,,,1,30,,25211,18,,,1,69,,25188,18,,,1,30,,25176,18,,,1,70,,25187,18,,,1,26,,25213,18,,,1,74,,25200,18,,,1,27,,25179,18,,,1,72,,25207,18,,,1,30,,25208,18,,,1,72,,25172,18,,,1,30,,25175,18,,,1,60,,25210,18,,,1,25,,25209,18,,,1,70,,25174,18,,,1,100,,25183,18,,,1,91,,25194,18,,,1,100,,25173,18,,,1,105,,25205,18,,,1
2401,'15',926,,25254,18,,,1,30,,25273,18,,,1,70,,25266,18,,,1,30,,25253,18,,,1,69,,25276,18,,,1,30,,25251,18,,,1,70,,25288,18,,,1,30,,25279,18,,,1,69,,25250,18,,,1,30,,25269,18,,,1,70,,25289,18,,,1,25,,25249,18,,,1,74,,25282,18,,,1,30,,25295,18,,,1,71,,25259,18,,,1,101,,25278,18,,,1,30,,25257,18,,,1,60,,25299,18,,,1,25,,25256,18,,,1,70,,25297,18,,,1,100,,25280,18,,,1,91,,25252,18,,,1,100,,25283,18,,,1,105,,25268,18,,,1
2401,'16',926,,25306,18,,,1,30,,25325,18,,,1,70,,25318,18,,,1,30,,25305,18,,,1,69,,25328,18,,,1,30,,25303,18,,,1,70,,25340,18,,,1,30,,25331,18,,,1,69,,25302,18,,,1,30,,25321,18,,,1,70,,25341,18,,,1,25,,25301,18,,,1,74,,25334,18,,,1,30,,25347,18,,,1,71,,25311,18,,,1,101,,25330,18,,,1,30,,25309,18,,,1,60,,25351,18,,,1,25,,25308,18,,,1,70,,25349,18,,,1,100,,25332,18,,,1,91,,25304,18,,,1,100,,25335,18,,,1,105,,25320,18,,,1
2401,'17',926,,25367,18,,,1,30,,25397,18,,,1,70,,25388,18,,,1,30,,25360,18,,,1,69,,25373,18,,,1,30,,25380,18,,,1,70,,25381,18,,,1,30,,25393,18,,,1,69,,25370,18,,,1,30,,25358,18,,,1,70,,25369,18,,,1,26,,25395,18,,,1,74,,25382,18,,,1,27,,25361,18,,,1,72,,25389,18,,,1,30,,25390,18,,,1,72,,25354,18,,,1,30,,25357,18,,,1,60,,25392,18,,,1,25,,25391,18,,,1,70,,25356,18,,,1,100,,25365,18,,,1,91,,25376,18,,,1,100,,25355,18,,,1,105,,25387,18,,,1
2401,'18',926,,25403,18,,,1,100,,25398,18,,,1,99,,25407,18,,,1,100,,25414,18,,,1,99,,25409,18,,,1,98,,25406,18,,,1,101,,25416,18,,,1,101,,25402,18,,,1,101,,25413,18,,,1,90,,25399,18,,,1,100,,25412,18,,,1,96,,25408,18,,,1,95,,25410,18,,,1,100,,25415,18,,,1,100,,25401,18,,,1
2401,'19',926,,25433,18,,,1,30,,25463,18,,,1,70,,25454,18,,,1,30,,25426,18,,,1,69,,25439,18,,,1,30,,25446,18,,,1,70,,25447,18,,,1,30,,25459,18,,,1,69,,25436,18,,,1,30,,25424,18,,,1,70,,25435,18,,,1,26,,25461,18,,,1,74,,25448,18,,,1,27,,25427,18,,,1,72,,25455,18,,,1,30,,25456,18,,,1,72,,25420,18,,,1,30,,25423,18,,,1,60,,25458,18,,,1,25,,25457,18,,,1,70,,25422,18,,,1,100,,25431,18,,,1,91,,25442,18,,,1,100,,25421,18,,,1,105,,25453,18,,,1
2401,'3',926,,25495,18,,,1,30,,25514,18,,,1,70,,25507,18,,,1,30,,25494,18,,,1,69,,25517,18,,,1,30,,25492,18,,,1,70,,25529,18,,,1,30,,25520,18,,,1,69,,25491,18,,,1,30,,25510,18,,,1,70,,25530,18,,,1,25,,25490,18,,,1,74,,25523,18,,,1,30,,25536,18,,,1,71,,25500,18,,,1,101,,25519,18,,,1,30,,25498,18,,,1,60,,25540,18,,,1,25,,25497,18,,,1,70,,25538,18,,,1,100,,25521,18,,,1,91,,25493,18,,,1,100,,25524,18,,,1,105,,25509,18,,,1
2401,'4',926,,25547,18,,,1,30,,25566,18,,,1,70,,25559,18,,,1,30,,25546,18,,,1,69,,25569,18,,,1,30,,25544,18,,,1,70,,25581,18,,,1,30,,25572,18,,,1,69,,25543,18,,,1,30,,25562,18,,,1,70,,25582,18,,,1,25,,25542,18,,,1,74,,25575,18,,,1,30,,25588,18,,,1,71,,25552,18,,,1,101,,25571,18,,,1,30,,25550,18,,,1,60,,25592,18,,,1,25,,25549,18,,,1,70,,25590,18,,,1,100,,25573,18,,,1,91,,25545,18,,,1,100,,25576,18,,,1,105,,25561,18,,,1
2401,'5',926,,25608,18,,,1,30,,25638,18,,,1,70,,25629,18,,,1,30,,25601,18,,,1,69,,25614,18,,,1,30,,25621,18,,,1,70,,25622,18,,,1,30,,25634,18,,,1,69,,25611,18,,,1,30,,25599,18,,,1,70,,25610,18,,,1,26,,25636,18,,,1,74,,25623,18,,,1,27,,25602,18,,,1,72,,25630,18,,,1,30,,25631,18,,,1,72,,25595,18,,,1,30,,25598,18,,,1,60,,25633,18,,,1,25,,25632,18,,,1,70,,25597,18,,,1,100,,25606,18,,,1,91,,25617,18,,,1,100,,25596,18,,,1,105,,25628,18,,,1
2401,'6',926,,25645,18,,,1,30,,25664,18,,,1,70,,25657,18,,,1,30,,25644,18,,,1,69,,25667,18,,,1,30,,25642,18,,,1,70,,25679,18,,,1,30,,25670,18,,,1,69,,25641,18,,,1,30,,25660,18,,,1,70,,25680,18,,,1,25,,25640,18,,,1,74,,25673,18,,,1,30,,25686,18,,,1,71,,25650,18,,,1,101,,25669,18,,,1,30,,25648,18,,,1,60,,25690,18,,,1,25,,25647,18,,,1,70,,25688,18,,,1,100,,25671,18,,,1,91,,25643,18,,,1,100,,25674,18,,,1,105,,25659,18,,,1
2401,'7',926,,25706,18,,,1,30,,25736,18,,,1,70,,25727,18,,,1,30,,25699,18,,,1,69,,25712,18,,,1,30,,25719,18,,,1,70,,25720,18,,,1,30,,25732,18,,,1,69,,25709,18,,,1,30,,25697,18,,,1,70,,25708,18,,,1,26,,25734,18,,,1,74,,25721,18,,,1,27,,25700,18,,,1,72,,25728,18,,,1,30,,25729,18,,,1,72,,25693,18,,,1,30,,25696,18,,,1,60,,25731,18,,,1,25,,25730,18,,,1,70,,25695,18,,,1,100,,25704,18,,,1,91,,25715,18,,,1,100,,25694,18,,,1,105,,25726,18,,,1
2500,'1',731,,25794,28,0,29,1,74,,25824,28,0,29,1,30,,25808,28,0,42,1,70,,25817,28,0,42,1,30,,25801,28,0,42,1,70,,25803,28,0,42,1,31,,25823,28,0,42,1,70,,25806,28,0,42,1,31,,25821,28,0,42,1,70,,25825,28,0,42,1,30,,25799,28,0,42,1,70,,25811,28,0,42,1,30,,25796,28,0,42,1,70,,25818,28,0,42,1,30,,25804,28,0,42,1,70,,25816,28,0,42,1,30,,25820,28,0,42,1,70,,25819,28,0,42,1,29,,25797,28,0,42,1,70,,25810,28,0,42,1,30,,25815,28,0,42,1,70,,25805,28,0,42,1,30,,25802,28,0,42,1,70,,25813,28,0,29,1,28,,25826,28,0,42,1,70,,25807,28,0,29,1,30,,25812,28,0,42,1,70,,25822,28,0,29,1,35,,25795,28,0,42,1,75,,25814,28,0,29,1,33,,25798,28,0,29,1,69,,25809,28,0,29,1,30,,25800,28,0,29,1
2500,'10',448,,25833,28,0,29,1,70,,25837,28,0,29,1,31,,25873,28,0,29,1,55,,25886,28,,,1,16,,25831,28,,,1,15,,25879,28,,,1,16,,25881,28,,,1,56,,25868,28,,,1,33,,25870,28,,,1,15,,25847,28,,,1,56,,25842,28,,,1,14,,25888,28,,,1,17,,25862,28,,,1,11,,25869,28,,,1,56,,25860,28,,,1,14,,25866,28,,,1,15,,25844,28,,,1,16,,25836,28,,,1,55,,25855,28,,,1,15,,25874,28,,,1,14,,25876,28,,,1,16,,25867,28,,,1,55,,25878,28,,,1,15,,25884,28,,,1,15,,25828,28,,,1,15,,25859,28,,,1,55,,25854,28,,,1,15,,25832,28,,,1,15,,25845,28,,,1,15,,25856,28,,,1,55,,25848,28,,,1,15,,25830,28,,,1,15,,25885,28,,,1,14,,25864,28,,,1,54,,25849,28,,,1,19,,25841,28,,,1,15,,25889,28,,,1,15,,25846,28,,,1,55,,25890,28,,,1,14,,25827,28,,,1,16,,25865,28,,,1,15,,25838,28,,,1,55,,25883,28,,,1,15,,25882,28,,,1,14,,25850,28,,,1,14,,25851,28,,,1,56,,25835,28,,,1,15,,25877,28,,,1,15,,25872,28,,,1,15,,25853,28,,,1,55,,25857,28,,,1,30,,25829,28,,,1,66,,25880,28,,,1,30,,25887,28,,,1,69,,25839,28,,,1,30,,25858,28,,,1,70,,25840,28,,,1,31,,25834,28,,,1,70,,25863,28,,,1,30,,25861,28,,,1,69,,25852,28,,,1,26,,25843,28,0,29,1,70,,25875,28,0,29,1,30,,25871,28,0,29,1
2500,'11',448,,25897,28,0,29,1,70,,25901,28,0,29,1,31,,25937,28,0,29,1,55,,25950,28,,,1,16,,25895,28,,,1,15,,25943,28,,,1,16,,25945,28,,,1,56,,25932,28,,,1,33,,25934,28,,,1,15,,25911,28,,,1,56,,25906,28,,,1,14,,25952,28,,,1,17,,25926,28,,,1,11,,25933,28,,,1,56,,25924,28,,,1,14,,25930,28,,,1,15,,25908,28,,,1,16,,25900,28,,,1,55,,25919,28,,,1,15,,25938,28,,,1,14,,25940,28,,,1,16,,25931,28,,,1,55,,25942,28,,,1,15,,25948,28,,,1,15,,25892,28,,,1,15,,25923,28,,,1,55,,25918,28,,,1,15,,25896,28,,,1,15,,25909,28,,,1,15,,25920,28,,,1,55,,25912,28,,,1,15,,25894,28,,,1,15,,25949,28,,,1,14,,25928,28,,,1,54,,25913,28,,,1,19,,25905,28,,,1,15,,25953,28,,,1,15,,25910,28,,,1,55,,25954,28,,,1,14,,25891,28,,,1,16,,25929,28,,,1,15,,25902,28,,,1,55,,25947,28,,,1,15,,25946,28,,,1,14,,25914,28,,,1,14,,25915,28,,,1,56,,25899,28,,,1,15,,25941,28,,,1,15,,25936,28,,,1,15,,25917,28,,,1,55,,25921,28,,,1,30,,25893,28,,,1,66,,25944,28,,,1,30,,25951,28,,,1,69,,25903,28,,,1,30,,25922,28,,,1,70,,25904,28,,,1,31,,25898,28,,,1,70,,25927,28,,,1,30,,25925,28,,,1,69,,25916,28,,,1,26,,25907,28,0,29,1,70,,25939,28,0,29,1,30,,25935,28,0,29,1
2500,'12',448,,25961,28,0,29,1,70,,25965,28,0,29,1,31,,26001,28,0,29,1,55,,26014,28,,,1,16,,25959,28,,,1,15,,26007,28,,,1,16,,26009,28,,,1,56,,25996,28,,,1,33,,25998,28,,,1,15,,25975,28,,,1,56,,25970,28,,,1,14,,26016,28,,,1,17,,25990,28,,,1,11,,25997,28,,,1,56,,25988,28,,,1,14,,25994,28,,,1,15,,25972,28,,,1,16,,25964,28,,,1,55,,25983,28,,,1,15,,26002,28,,,1,14,,26004,28,,,1,16,,25995,28,,,1,55,,26006,28,,,1,15,,26012,28,,,1,15,,25956,28,,,1,15,,25987,28,,,1,55,,25982,28,,,1,15,,25960,28,,,1,15,,25973,28,,,1,15,,25984,28,,,1,55,,25976,28,,,1,15,,25958,28,,,1,15,,26013,28,,,1,14,,25992,28,,,1,54,,25977,28,,,1,19,,25969,28,,,1,15,,26017,28,,,1,15,,25974,28,,,1,55,,26018,28,,,1,14,,25955,28,,,1,16,,25993,28,,,1,15,,25966,28,,,1,55,,26011,28,,,1,15,,26010,28,,,1,14,,25978,28,,,1,14,,25979,28,,,1,56,,25963,28,,,1,15,,26005,28,,,1,15,,26000,28,,,1,15,,25981,28,,,1,55,,25985,28,,,1,30,,25957,28,,,1,66,,26008,28,,,1,30,,26015,28,,,1,69,,25967,28,,,1,30,,25986,28,,,1,70,,25968,28,,,1,31,,25962,28,,,1,70,,25991,28,,,1,30,,25989,28,,,1,69,,25980,28,,,1,26,,25971,28,0,29,1,70,,26003,28,0,29,1,30,,25999,28,0,29,1
2500,'13',448,,26038,28,0,29,1,70,,26039,28,0,29,1,31,,26067,28,0,29,1,55,,26045,28,,,1,16,,26059,28,,,1,15,,26021,28,,,1,16,,26063,28,,,1,54,,26074,28,,,1,19,,26070,28,,,1,13,,26033,28,,,1,18,,26073,28,,,1,54,,26037,28,,,1,16,,26047,28,,,1,17,,26075,28,,,1,11,,26054,28,,,1,55,,26071,28,,,1,17,,26040,28,,,1,13,,26041,28,0,29,1,16,,26035,28,,,1,55,,26050,28,0,29,1,15,,26019,28,,,1,14,,26066,28,0,29,1,16,,26072,28,,,1,55,,26030,28,0,29,1,15,,26082,28,,,1,15,,26061,28,0,29,1,15,,26036,28,,,1,55,,26026,28,0,29,1,15,,26068,28,,,1,15,,26052,28,0,29,1,15,,26048,28,,,1,55,,26055,28,0,29,1,15,,26029,28,,,1,15,,26028,28,0,29,1,14,,26042,28,,,1,54,,26069,28,0,29,1,19,,26065,28,,,1,15,,26044,28,0,29,1,15,,26060,28,,,1,55,,26076,28,0,29,1,13,,26031,28,,,1,16,,26025,28,,,1,15,,26027,28,,,1,56,,26058,28,,,1,14,,26057,28,,,1,16,,26024,28,,,1,14,,26056,28,,,1,55,,26080,28,,,1,16,,26049,28,,,1,15,,26079,28,,,1,16,,26051,28,,,1,54,,26083,28,,,1,29,,26081,28,,,1,66,,26034,28,,,1,30,,26077,28,,,1,69,,26020,28,,,1,30,,26043,28,,,1,70,,26053,28,,,1,31,,26023,28,,,1,70,,26062,28,,,1,30,,26032,28,,,1,69,,26046,28,,,1,26,,26064,28,0,29,1,70,,26078,28,0,29,1,30,,26022,28,0,29,1
2500,'14',538,,26117,28,0,29,1,76,,26086,28,0,29,1,31,,26108,28,0,29,1,70,,26103,28,0,29,1,32,,26097,28,0,29,1,70,,26122,28,0,42,1,30,,26093,28,0,42,1,70,,26105,28,0,42,1,30,,26100,28,0,42,1,70,,26092,28,0,42,1,31,,26116,28,0,42,1,70,,26121,28,0,42,1,31,,26115,28,0,42,1,70,,26106,28,0,42,1,30,,26101,28,0,42,1,70,,26089,28,0,42,1,30,,26120,28,0,42,1,70,,26091,28,0,42,1,30,,26084,28,0,42,1,70,,26113,28,0,42,1,30,,26118,28,0,42,1,70,,26112,28,0,42,1,29,,26099,28,0,42,1,70,,26096,28,0,42,1,30,,26088,28,0,42,1,70,,26123,28,0,42,1,30,,26109,28,0,42,1,70,,26119,28,0,29,1,29,,26090,28,0,42,1,70,,26085,28,0,29,1,30,,26104,28,0,42,1,70,,26094,28,0,29,1,30,,26124,28,0,42,1,70,,26102,28,0,29,1,28,,26110,28,0,42,1,70,,26087,28,0,29,1,29,,26098,28,0,29,1,70,,26111,28,0,29,1,30,,26095,28,0,29,1,70,,26107,28,0,29,1,30,,26114,28,0,29,1
2500,'15',448,,26131,28,0,29,1,70,,26135,28,0,29,1,31,,26171,28,0,29,1,55,,26184,28,,,1,16,,26129,28,,,1,15,,26177,28,,,1,16,,26179,28,,,1,56,,26166,28,,,1,33,,26168,28,,,1,15,,26145,28,,,1,56,,26140,28,,,1,14,,26186,28,,,1,17,,26160,28,,,1,11,,26167,28,,,1,56,,26158,28,,,1,14,,26164,28,,,1,15,,26142,28,,,1,16,,26134,28,,,1,55,,26153,28,,,1,15,,26172,28,,,1,14,,26174,28,,,1,16,,26165,28,,,1,55,,26176,28,,,1,15,,26182,28,,,1,15,,26126,28,,,1,15,,26157,28,,,1,55,,26152,28,,,1,15,,26130,28,,,1,15,,26143,28,,,1,15,,26154,28,,,1,55,,26146,28,,,1,15,,26128,28,,,1,15,,26183,28,,,1,14,,26162,28,,,1,54,,26147,28,,,1,19,,26139,28,,,1,15,,26187,28,,,1,15,,26144,28,,,1,55,,26188,28,,,1,14,,26125,28,,,1,16,,26163,28,,,1,15,,26136,28,,,1,55,,26181,28,,,1,15,,26180,28,,,1,14,,26148,28,,,1,14,,26149,28,,,1,56,,26133,28,,,1,15,,26175,28,,,1,15,,26170,28,,,1,15,,26151,28,,,1,55,,26155,28,,,1,30,,26127,28,,,1,66,,26178,28,,,1,30,,26185,28,,,1,69,,26137,28,,,1,30,,26156,28,,,1,70,,26138,28,,,1,31,,26132,28,,,1,70,,26161,28,,,1,30,,26159,28,,,1,69,,26150,28,,,1,26,,26141,28,0,29,1,70,,26173,28,0,29,1,30,,26169,28,0,29,1
2500,'16',448,,26195,28,0,29,1,70,,26199,28,0,29,1,31,,26235,28,0,29,1,55,,26248,28,,,1,16,,26193,28,,,1,15,,26241,28,,,1,16,,26243,28,,,1,56,,26230,28,,,1,33,,26232,28,,,1,15,,26209,28,,,1,56,,26204,28,,,1,14,,26250,28,,,1,17,,26224,28,,,1,11,,26231,28,,,1,56,,26222,28,,,1,14,,26228,28,,,1,15,,26206,28,,,1,16,,26198,28,,,1,55,,26217,28,,,1,15,,26236,28,,,1,14,,26238,28,,,1,16,,26229,28,,,1,55,,26240,28,,,1,15,,26246,28,,,1,15,,26190,28,,,1,15,,26221,28,,,1,55,,26216,28,,,1,15,,26194,28,,,1,15,,26207,28,,,1,15,,26218,28,,,1,55,,26210,28,,,1,15,,26192,28,,,1,15,,26247,28,,,1,14,,26226,28,,,1,54,,26211,28,,,1,19,,26203,28,,,1,15,,26251,28,,,1,15,,26208,28,,,1,55,,26252,28,,,1,14,,26189,28,,,1,16,,26227,28,,,1,15,,26200,28,,,1,55,,26245,28,,,1,15,,26244,28,,,1,14,,26212,28,,,1,14,,26213,28,,,1,56,,26197,28,,,1,15,,26239,28,,,1,15,,26234,28,,,1,15,,26215,28,,,1,55,,26219,28,,,1,30,,26191,28,,,1,66,,26242,28,,,1,30,,26249,28,,,1,69,,26201,28,,,1,30,,26220,28,,,1,70,,26202,28,,,1,31,,26196,28,,,1,70,,26225,28,,,1,30,,26223,28,,,1,69,,26214,28,,,1,26,,26205,28,0,29,1,70,,26237,28,0,29,1,30,,26233,28,0,29,1
2500,'17',448,,26272,28,0,29,1,70,,26273,28,0,29,1,31,,26301,28,0,29,1,55,,26279,28,,,1,16,,26293,28,,,1,15,,26255,28,,,1,16,,26297,28,,,1,54,,26308,28,,,1,19,,26304,28,,,1,13,,26267,28,,,1,18,,26307,28,,,1,54,,26271,28,,,1,16,,26281,28,,,1,17,,26309,28,,,1,11,,26288,28,,,1,55,,26305,28,,,1,17,,26274,28,,,1,13,,26275,28,0,29,1,16,,26269,28,,,1,55,,26284,28,0,29,1,15,,26253,28,,,1,14,,26300,28,0,29,1,16,,26306,28,,,1,55,,26264,28,0,29,1,15,,26316,28,,,1,15,,26295,28,0,29,1,15,,26270,28,,,1,55,,26260,28,0,29,1,15,,26302,28,,,1,15,,26286,28,0,29,1,15,,26282,28,,,1,55,,26289,28,0,29,1,15,,26263,28,,,1,15,,26262,28,0,29,1,14,,26276,28,,,1,54,,26303,28,0,29,1,19,,26299,28,,,1,15,,26278,28,0,29,1,15,,26294,28,,,1,55,,26310,28,0,29,1,13,,26265,28,,,1,16,,26259,28,,,1,15,,26261,28,,,1,56,,26292,28,,,1,14,,26291,28,,,1,16,,26258,28,,,1,14,,26290,28,,,1,55,,26314,28,,,1,16,,26283,28,,,1,15,,26313,28,,,1,16,,26285,28,,,1,54,,26317,28,,,1,29,,26315,28,,,1,66,,26268,28,,,1,30,,26311,28,,,1,69,,26254,28,,,1,30,,26277,28,,,1,70,,26287,28,,,1,31,,26257,28,,,1,70,,26296,28,,,1,30,,26266,28,,,1,69,,26280,28,,,1,26,,26298,28,0,29,1,70,,26312,28,0,29,1,30,,26256,28,0,29,1
2500,'18',448,,26358,28,0,29,1,70,,26366,28,0,29,1,31,,26318,28,0,29,1,55,,26339,28,,,1,16,,26332,28,,,1,15,,26344,28,,,1,16,,26322,28,,,1,56,,26335,28,,,1,17,,26364,28,,,1,14,,26337,28,,,1,17,,26380,28,,,1,54,,26363,28,,,1,16,,26342,28,,,1,17,,26330,28,,,1,11,,26329,28,,,1,55,,26374,28,,,1,17,,26351,28,,,1,13,,26321,28,,,1,16,,26347,28,,,1,55,,26362,28,,,1,15,,26334,28,,,1,14,,26333,28,,,1,16,,26343,28,,,1,55,,26382,28,,,1,15,,26357,28,,,1,15,,26368,28,,,1,15,,26324,28,,,1,55,,26372,28,,,1,15,,26361,28,,,1,15,,26370,28,,,1,15,,26349,28,,,1,55,,26377,28,,,1,15,,26336,28,,,1,15,,26373,28,,,1,14,,26360,28,,,1,54,,26359,28,,,1,19,,26379,28,,,1,15,,26323,28,,,1,13,,26326,28,,,1,57,,26354,28,,,1,13,,26328,28,,,1,17,,26327,28,,,1,15,,26365,28,,,1,56,,26378,28,,,1,13,,26381,28,,,1,16,,26325,28,,,1,13,,26331,28,,,1,56,,26367,28,,,1,15,,26341,28,,,1,17,,26338,28,,,1,13,,26356,28,,,1,56,,26320,28,,,1,29,,26348,28,,,1,66,,26371,28,,,1,30,,26346,28,,,1,69,,26355,28,,,1,30,,26345,28,,,1,70,,26375,28,,,1,31,,26352,28,,,1,70,,26340,28,,,1,30,,26353,28,,,1,69,,26350,28,,,1,26,,26369,28,0,29,1,70,,26319,28,0,29,1,30,,26376,28,0,29,1
2500,'19',448,,26402,28,0,29,1,70,,26403,28,0,29,1,31,,26431,28,0,29,1,55,,26409,28,,,1,16,,26423,28,,,1,15,,26385,28,,,1,16,,26427,28,,,1,54,,26438,28,,,1,19,,26434,28,,,1,13,,26397,28,,,1,18,,26437,28,,,1,54,,26401,28,,,1,16,,26411,28,,,1,17,,26439,28,,,1,11,,26418,28,,,1,55,,26435,28,,,1,17,,26404,28,,,1,13,,26405,28,0,29,1,16,,26399,28,,,1,55,,26414,28,0,29,1,15,,26383,28,,,1,14,,26430,28,0,29,1,16,,26436,28,,,1,55,,26394,28,0,29,1,15,,26446,28,,,1,15,,26425,28,0,29,1,15,,26400,28,,,1,55,,26390,28,0,29,1,15,,26432,28,,,1,15,,26416,28,0,29,1,15,,26412,28,,,1,55,,26419,28,0,29,1,15,,26393,28,,,1,15,,26392,28,0,29,1,14,,26406,28,,,1,54,,26433,28,0,29,1,19,,26429,28,,,1,15,,26408,28,0,29,1,15,,26424,28,,,1,55,,26440,28,0,29,1,13,,26395,28,,,1,16,,26389,28,,,1,15,,26391,28,,,1,56,,26422,28,,,1,14,,26421,28,,,1,16,,26388,28,,,1,14,,26420,28,,,1,55,,26444,28,,,1,16,,26413,28,,,1,15,,26443,28,,,1,16,,26415,28,,,1,54,,26447,28,,,1,29,,26445,28,,,1,66,,26398,28,,,1,30,,26441,28,,,1,69,,26384,28,,,1,30,,26407,28,,,1,70,,26417,28,,,1,31,,26387,28,,,1,70,,26426,28,,,1,30,,26396,28,,,1,69,,26410,28,,,1,26,,26428,28,0,29,1,70,,26442,28,0,29,1,30,,26386,28,0,29,1
2500,'2',731,,26448,28,0,29,1,74,,26478,28,0,29,1,30,,26462,28,0,42,1,70,,26471,28,0,42,1,30,,26455,28,0,42,1,70,,26457,28,0,42,1,31,,26477,28,0,42,1,70,,26460,28,0,42,1,31,,26475,28,0,42,1,70,,26479,28,0,42,1,30,,26453,28,0,42,1,70,,26465,28,0,42,1,30,,26450,28,0,42,1,70,,26472,28,0,42,1,30,,26458,28,0,42,1,70,,26470,28,0,42,1,30,,26474,28,0,42,1,70,,26473,28,0,42,1,29,,26451,28,0,42,1,70,,26464,28,0,42,1,30,,26469,28,0,42,1,70,,26459,28,0,42,1,30,,26456,28,0,42,1,70,,26467,28,0,29,1,28,,26480,28,0,42,1,70,,26461,28,0,29,1,30,,26466,28,0,42,1,70,,26476,28,0,29,1,35,,26449,28,0,42,1,75,,26468,28,0,29,1,33,,26452,28,0,29,1,69,,26463,28,0,29,1,30,,26454,28,0,29,1
2500,'3',448,,26487,28,0,29,1,70,,26491,28,0,29,1,31,,26527,28,0,29,1,55,,26540,28,,,1,16,,26485,28,,,1,15,,26533,28,,,1,16,,26535,28,,,1,56,,26522,28,,,1,33,,26524,28,,,1,15,,26501,28,,,1,56,,26496,28,,,1,14,,26542,28,,,1,17,,26516,28,,,1,11,,26523,28,,,1,56,,26514,28,,,1,14,,26520,28,,,1,15,,26498,28,,,1,16,,26490,28,,,1,55,,26509,28,,,1,15,,26528,28,,,1,14,,26530,28,,,1,16,,26521,28,,,1,55,,26532,28,,,1,15,,26538,28,,,1,15,,26482,28,,,1,15,,26513,28,,,1,55,,26508,28,,,1,15,,26486,28,,,1,15,,26499,28,,,1,15,,26510,28,,,1,55,,26502,28,,,1,15,,26484,28,,,1,15,,26539,28,,,1,14,,26518,28,,,1,54,,26503,28,,,1,19,,26495,28,,,1,15,,26543,28,,,1,15,,26500,28,,,1,55,,26544,28,,,1,14,,26481,28,,,1,16,,26519,28,,,1,15,,26492,28,,,1,55,,26537,28,,,1,15,,26536,28,,,1,14,,26504,28,,,1,14,,26505,28,,,1,56,,26489,28,,,1,15,,26531,28,,,1,15,,26526,28,,,1,15,,26507,28,,,1,55,,26511,28,,,1,30,,26483,28,,,1,66,,26534,28,,,1,30,,26541,28,,,1,69,,26493,28,,,1,30,,26512,28,,,1,70,,26494,28,,,1,31,,26488,28,,,1,70,,26517,28,,,1,30,,26515,28,,,1,69,,26506,28,,,1,26,,26497,28,0,29,1,70,,26529,28,0,29,1,30,,26525,28,0,29,1
2500,'4',448,,26551,28,0,29,1,70,,26555,28,0,29,1,31,,26591,28,0,29,1,55,,26604,28,,,1,16,,26549,28,,,1,15,,26597,28,,,1,16,,26599,28,,,1,56,,26586,28,,,1,33,,26588,28,,,1,15,,26565,28,,,1,56,,26560,28,,,1,14,,26606,28,,,1,17,,26580,28,,,1,11,,26587,28,,,1,56,,26578,28,,,1,14,,26584,28,,,1,15,,26562,28,,,1,16,,26554,28,,,1,55,,26573,28,,,1,15,,26592,28,,,1,14,,26594,28,,,1,16,,26585,28,,,1,55,,26596,28,,,1,15,,26602,28,,,1,15,,26546,28,,,1,15,,26577,28,,,1,55,,26572,28,,,1,15,,26550,28,,,1,15,,26563,28,,,1,15,,26574,28,,,1,55,,26566,28,,,1,15,,26548,28,,,1,15,,26603,28,,,1,14,,26582,28,,,1,54,,26567,28,,,1,19,,26559,28,,,1,15,,26607,28,,,1,15,,26564,28,,,1,55,,26608,28,,,1,14,,26545,28,,,1,16,,26583,28,,,1,15,,26556,28,,,1,55,,26601,28,,,1,15,,26600,28,,,1,14,,26568,28,,,1,14,,26569,28,,,1,56,,26553,28,,,1,15,,26595,28,,,1,15,,26590,28,,,1,15,,26571,28,,,1,55,,26575,28,,,1,30,,26547,28,,,1,66,,26598,28,,,1,30,,26605,28,,,1,69,,26557,28,,,1,30,,26576,28,,,1,70,,26558,28,,,1,31,,26552,28,,,1,70,,26581,28,,,1,30,,26579,28,,,1,69,,26570,28,,,1,26,,26561,28,0,29,1,70,,26593,28,0,29,1,30,,26589,28,0,29,1
2500,'5',448,,26628,28,0,29,1,70,,26629,28,0,29,1,31,,26657,28,0,29,1,55,,26635,28,,,1,16,,26649,28,,,1,15,,26611,28,,,1,16,,26653,28,,,1,54,,26664,28,,,1,19,,26660,28,,,1,13,,26623,28,,,1,18,,26663,28,,,1,54,,26627,28,,,1,16,,26637,28,,,1,17,,26665,28,,,1,11,,26644,28,,,1,55,,26661,28,,,1,17,,26630,28,,,1,13,,26631,28,0,29,1,16,,26625,28,,,1,55,,26640,28,0,29,1,15,,26609,28,,,1,14,,26656,28,0,29,1,16,,26662,28,,,1,55,,26620,28,0,29,1,15,,26672,28,,,1,15,,26651,28,0,29,1,15,,26626,28,,,1,55,,26616,28,0,29,1,15,,26658,28,,,1,15,,26642,28,0,29,1,15,,26638,28,,,1,55,,26645,28,0,29,1,15,,26619,28,,,1,15,,26618,28,0,29,1,14,,26632,28,,,1,54,,26659,28,0,29,1,19,,26655,28,,,1,15,,26634,28,0,29,1,15,,26650,28,,,1,55,,26666,28,0,29,1,13,,26621,28,,,1,16,,26615,28,,,1,15,,26617,28,,,1,56,,26648,28,,,1,14,,26647,28,,,1,16,,26614,28,,,1,14,,26646,28,,,1,55,,26670,28,,,1,16,,26639,28,,,1,15,,26669,28,,,1,16,,26641,28,,,1,54,,26673,28,,,1,29,,26671,28,,,1,66,,26624,28,,,1,30,,26667,28,,,1,69,,26610,28,,,1,30,,26633,28,,,1,70,,26643,28,,,1,31,,26613,28,,,1,70,,26652,28,,,1,30,,26622,28,,,1,69,,26636,28,,,1,26,,26654,28,0,29,1,70,,26668,28,0,29,1,30,,26612,28,0,29,1
2500,'6',448,,26680,28,0,29,1,70,,26684,28,0,29,1,31,,26720,28,0,29,1,55,,26733,28,,,1,16,,26678,28,,,1,15,,26726,28,,,1,16,,26728,28,,,1,56,,26715,28,,,1,33,,26717,28,,,1,15,,26694,28,,,1,56,,26689,28,,,1,14,,26735,28,,,1,17,,26709,28,,,1,11,,26716,28,,,1,56,,26707,28,,,1,14,,26713,28,,,1,15,,26691,28,,,1,16,,26683,28,,,1,55,,26702,28,,,1,15,,26721,28,,,1,14,,26723,28,,,1,16,,26714,28,,,1,55,,26725,28,,,1,15,,26731,28,,,1,15,,26675,28,,,1,15,,26706,28,,,1,55,,26701,28,,,1,15,,26679,28,,,1,15,,26692,28,,,1,15,,26703,28,,,1,55,,26695,28,,,1,15,,26677,28,,,1,15,,26732,28,,,1,14,,26711,28,,,1,54,,26696,28,,,1,19,,26688,28,,,1,15,,26736,28,,,1,15,,26693,28,,,1,55,,26737,28,,,1,14,,26674,28,,,1,16,,26712,28,,,1,15,,26685,28,,,1,55,,26730,28,,,1,15,,26729,28,,,1,14,,26697,28,,,1,14,,26698,28,,,1,56,,26682,28,,,1,15,,26724,28,,,1,15,,26719,28,,,1,15,,26700,28,,,1,55,,26704,28,,,1,30,,26676,28,,,1,66,,26727,28,,,1,30,,26734,28,,,1,69,,26686,28,,,1,30,,26705,28,,,1,70,,26687,28,,,1,31,,26681,28,,,1,70,,26710,28,,,1,30,,26708,28,,,1,69,,26699,28,,,1,26,,26690,28,0,29,1,70,,26722,28,0,29,1,30,,26718,28,0,29,1
2500,'7',448,,26757,28,0,29,1,70,,26758,28,0,29,1,31,,26786,28,0,29,1,55,,26764,28,,,1,16,,26778,28,,,1,15,,26740,28,,,1,16,,26782,28,,,1,54,,26793,28,,,1,19,,26789,28,,,1,13,,26752,28,,,1,18,,26792,28,,,1,54,,26756,28,,,1,16,,26766,28,,,1,17,,26794,28,,,1,11,,26773,28,,,1,55,,26790,28,,,1,17,,26759,28,,,1,13,,26760,28,0,29,1,16,,26754,28,,,1,55,,26769,28,0,29,1,15,,26738,28,,,1,14,,26785,28,0,29,1,16,,26791,28,,,1,55,,26749,28,0,29,1,15,,26801,28,,,1,15,,26780,28,0,29,1,15,,26755,28,,,1,55,,26745,28,0,29,1,15,,26787,28,,,1,15,,26771,28,0,29,1,15,,26767,28,,,1,55,,26774,28,0,29,1,15,,26748,28,,,1,15,,26747,28,0,29,1,14,,26761,28,,,1,54,,26788,28,0,29,1,19,,26784,28,,,1,15,,26763,28,0,29,1,15,,26779,28,,,1,55,,26795,28,0,29,1,13,,26750,28,,,1,16,,26744,28,,,1,15,,26746,28,,,1,56,,26777,28,,,1,14,,26776,28,,,1,16,,26743,28,,,1,14,,26775,28,,,1,55,,26799,28,,,1,16,,26768,28,,,1,15,,26798,28,,,1,16,,26770,28,,,1,54,,26802,28,,,1,29,,26800,28,,,1,66,,26753,28,,,1,30,,26796,28,,,1,69,,26739,28,,,1,30,,26762,28,,,1,70,,26772,28,,,1,31,,26742,28,,,1,70,,26781,28,,,1,30,,26751,28,,,1,69,,26765,28,,,1,26,,26783,28,0,29,1,70,,26797,28,0,29,1,30,,26741,28,0,29,1
2500,'8',538,,26836,28,0,29,1,76,,26805,28,0,29,1,31,,26827,28,0,29,1,70,,26822,28,0,29,1,32,,26816,28,0,29,1,70,,26841,28,0,42,1,30,,26812,28,0,42,1,70,,26824,28,0,42,1,30,,26819,28,0,42,1,70,,26811,28,0,42,1,31,,26835,28,0,42,1,70,,26840,28,0,42,1,31,,26834,28,0,42,1,70,,26825,28,0,42,1,30,,26820,28,0,42,1,70,,26808,28,0,42,1,30,,26839,28,0,42,1,70,,26810,28,0,42,1,30,,26803,28,0,42,1,70,,26832,28,0,42,1,30,,26837,28,0,42,1,70,,26831,28,0,42,1,29,,26818,28,0,42,1,70,,26815,28,0,42,1,30,,26807,28,0,42,1,70,,26842,28,0,42,1,30,,26828,28,0,42,1,70,,26838,28,0,29,1,29,,26809,28,0,42,1,70,,26804,28,0,29,1,30,,26823,28,0,42,1,70,,26813,28,0,29,1,30,,26843,28,0,42,1,70,,26821,28,0,29,1,28,,26829,28,0,42,1,70,,26806,28,0,29,1,29,,26817,28,0,29,1,70,,26830,28,0,29,1,30,,26814,28,0,29,1,70,,26826,28,0,29,1,30,,26833,28,0,29,1
2500,'9',731,,26844,28,0,29,1,74,,26874,28,0,29,1,30,,26858,28,0,42,1,70,,26867,28,0,42,1,30,,26851,28,0,42,1,70,,26853,28,0,42,1,31,,26873,28,0,42,1,70,,26856,28,0,42,1,31,,26871,28,0,42,1,70,,26875,28,0,42,1,30,,26849,28,0,42,1,70,,26861,28,0,42,1,30,,26846,28,0,42,1,70,,26868,28,0,42,1,30,,26854,28,0,42,1,70,,26866,28,0,42,1,30,,26870,28,0,42,1,70,,26869,28,0,42,1,29,,26847,28,0,42,1,70,,26860,28,0,42,1,30,,26865,28,0,42,1,70,,26855,28,0,42,1,30,,26852,28,0,42,1,70,,26863,28,0,29,1,28,,26876,28,0,42,1,70,,26857,28,0,29,1,30,,26862,28,0,42,1,70,,26872,28,0,29,1,35,,26845,28,0,42,1,75,,26864,28,0,29,1,33,,26848,28,0,29,1,69,,26859,28,0,29,1,30,,26850,28,0,29,1
22601,'10',550,,116043,18,,,1,70,,116046,18,,,1,30,,116048,18,,,1,70,,116047,18,,,1,30,,116044,18,,,1,72,,116045,18,,,1,34,,116042,18,,,1
22601,'11',550,,116050,18,,,1,70,,116053,18,,,1,30,,116055,18,,,1,70,,116054,18,,,1,30,,116051,18,,,1,72,,116052,18,,,1,34,,116049,18,,,1
22601,'12',550,,116057,18,,,1,70,,116060,18,,,1,30,,116062,18,,,1,70,,116061,18,,,1,30,,116058,18,,,1,72,,116059,18,,,1,34,,116056,18,,,1
22601,'13',550,,116069,18,,,1,70,,116067,18,,,1,30,,116065,18,,,1,70,,116063,18,,,1,30,,116066,18,,,1,72,,116064,18,,,1,34,,116068,18,,,1
22601,'15',550,,116071,18,,,1,70,,116074,18,,,1,30,,116076,18,,,1,70,,116075,18,,,1,30,,116072,18,,,1,72,,116073,18,,,1,34,,116070,18,,,1
22601,'16',550,,116078,18,,,1,70,,116081,18,,,1,30,,116083,18,,,1,70,,116082,18,,,1,30,,116079,18,,,1,72,,116080,18,,,1,34,,116077,18,,,1
22601,'17',550,,116090,18,,,1,70,,116088,18,,,1,30,,116086,18,,,1,70,,116084,18,,,1,30,,116087,18,,,1,72,,116085,18,,,1,34,,116089,18,,,1
22601,'18',550,,116092,18,,,1,100,,116091,18,,,1,100,,116093,18,,,1,106,,116094,18,,,1
22601,'19',550,,116101,18,,,1,70,,116099,18,,,1,30,,116097,18,,,1,70,,116095,18,,,1,30,,116098,18,,,1,72,,116096,18,,,1,34,,116100,18,,,1
22601,'3',550,,116103,18,,,1,70,,116106,18,,,1,30,,116108,18,,,1,70,,116107,18,,,1,30,,116104,18,,,1,72,,116105,18,,,1,34,,116102,18,,,1
22601,'4',550,,116110,18,,,1,70,,116113,18,,,1,30,,116115,18,,,1,70,,116114,18,,,1,30,,116111,18,,,1,72,,116112,18,,,1,34,,116109,18,,,1
22601,'5',550,,116122,18,,,1,70,,116120,18,,,1,30,,116118,18,,,1,70,,116116,18,,,1,30,,116119,18,,,1,72,,116117,18,,,1,34,,116121,18,,,1
22601,'6',550,,116124,18,,,1,70,,116127,18,,,1,30,,116129,18,,,1,70,,116128,18,,,1,30,,116125,18,,,1,72,,116126,18,,,1,34,,116123,18,,,1
22601,'7',550,,116136,18,,,1,70,,116134,18,,,1,30,,116132,18,,,1,70,,116130,18,,,1,30,,116133,18,,,1,72,,116131,18,,,1,34,,116135,18,,,1
62200,'10',810,,118478,26,0,83 84 85,1,27,,118479,26,,,1
62200,'11',810,,118480,26,0,83 84 85,1,27,,118481,26,,,1
62200,'12',810,,118482,26,0,83 84 85,1,27,,118483,26,,,1
62200,'15',810,,118484,26,0,83 84 85,1,27,,118485,26,,,1
62200,'16',810,,118486,26,0,83 84 85,1,27,,118487,26,,,1
62200,'3',810,,118488,26,0,83 84 85,1,27,,118489,26,,,1
62200,'4',810,,118490,26,0,83 84 85,1,27,,118491,26,,,1
62200,'6',810,,118492,26,0,83 84 85,1,27,,118493,26,,,1
62701,'10',1527,,118534,31,,,1
62701,'11',1527,,118535,31,,,1
62701,'12',1527,,118536,31,,,1
62701,'15',1527,,118537,31,,,1
62701,'16',1527,,118538,31,,,1
62701,'3',1527,,118539,31,,,1
62701,'4',1527,,118540,31,,,1
62701,'6',1527,,118541,31,,,1
64100,'10',818,,118782,27,,,1
64100,'11',818,,118783,27,,,1
64100,'12',818,,118784,27,,,1
64100,'15',818,,118785,27,,,1
64100,'16',818,,118786,27,,,1
64100,'3',818,,118787,27,,,1
64100,'4',818,,118788,27,,,1
64100,'6',818,,118789,27,,,1
64800,'10',816,,118934,28,,,1
64800,'11',816,,118935,28,,,1
64800,'12',816,,118936,28,,,1
64800,'15',816,,118937,28,,,1
64800,'16',816,,118938,28,,,1
64800,'3',816,,118939,28,,,1
64800,'4',816,,118940,28,,,1
64800,'6',816,,118941,28,,,1
