4201,'1',557,,327207,29,,,0,143,,327199,29,,,0,30,,255510,29,,,0,72,,327203,29,,,0,29,,327189,29,,,0,14,,327201,29,,,0,67,,327208,29,,,0,28,,327190,29,,,0,69,,327206,29,,,0,30,,260249,29,,,0,70,,327193,29,,,0,31,,327187,29,,,0,70,,327197,29,,,0,30,,327192,29,,,0,70,,327200,29,,,0,30,,327212,29,,,0,71,,327188,29,,,0,30,,327191,29,,,0,70,,327205,29,,,0,30,,327185,29,,,0,60,,327202,29,,,0,33,,276430,29,,,0,25,,327213,29,,,0,72,,327214,29,,,0,26,,327194,29,,,0,70,,327211,29,,,0,30,,327204,29,,,0,70,,327209,29,,,0,30,,327195,29,,,0,70,,327196,29,,,0,30,,327186,29,,,0,71,,327210,29,,,0,29,,327198,29,,,0
4201,'10',623,,327220,29,,,0,100,,327227,29,,,0,100,,327231,29,,,0,30,,290073,29,,,0,70,,152576,29,,,0,30,,327232,29,,,0,70,,327217,29,,,0,30,,327225,29,,,0,70,,294366,29,,,0,30,,327222,29,,,0,70,,231598,29,,,0,30,,327216,29,,,0,71,,254485,29,,,0,30,,327221,29,,,0,70,,327228,29,,,0,30,,327215,29,,,0,70,,327219,29,,,0,29,,327230,29,,,0,70,,327223,29,,,0,30,,219203,29,,,0,70,,327218,29,,,0,30,,327224,29,,,0,70,,327226,29,,,0,30,,257977,29,,,0,70,,327229,29,,,0
4201,'11',557,,327240,29,,,0,143,,327252,29,,,0,30,,208624,29,,,0,70,,327234,29,,,0,32,,327235,29,,,0,13,,327242,29,,,0,67,,209662,29,,,0,28,,256943,29,,,0,69,,327241,29,,,0,30,,273803,29,,,0,70,,142670,29,,,0,31,,327237,29,,,0,70,,327239,29,,,0,30,,327233,29,,,0,70,,221665,29,,,0,30,,327244,29,,,0,71,,327246,29,,,0,30,,327245,29,,,0,70,,224493,29,,,0,28,,327249,29,,,0,20,,327250,29,,,0,75,,253179,29,,,0,67,,270274,29,,,0,30,,264752,29,,,0,26,,81386,29,,,0,70,,327253,29,,,0,30,,327251,29,,,0,70,,327247,29,,,0,30,,327243,29,,,0,70,,327238,29,,,0,30,,327236,29,,,0,71,,289406,29,,,0,29,,327248,29,,,0
4201,'12',747,,327261,29,,,0,100,,327254,29,,,0,100,,327258,29,,,0,70,,327269,29,,,0,30,,236997,29,,,0,70,,327268,29,,,0,30,,327257,29,,,0,70,,327256,29,,,0,30,,327265,29,,,0,71,,327264,29,,,0,30,,327263,29,,,0,70,,327266,29,,,0,30,,327259,29,,,0,70,,327262,29,,,0,30,,327260,29,,,0,69,,327271,29,,,0,30,,327255,29,,,0,70,,327270,29,,,0,30,,327267,29,,,0,70,,269756,29,,,0
4201,'13',557,,327279,29,,,0,143,,327291,29,,,0,30,,208679,29,,,0,70,,327273,29,,,0,32,,327274,29,,,0,13,,327281,29,,,0,67,,209718,29,,,0,28,,256968,29,,,0,69,,327280,29,,,0,30,,273872,29,,,0,70,,142307,29,,,0,31,,327276,29,,,0,70,,327278,29,,,0,30,,327272,29,,,0,70,,221671,29,,,0,30,,327283,29,,,0,71,,327285,29,,,0,30,,327284,29,,,0,70,,224518,29,,,0,28,,327288,29,,,0,20,,327289,29,,,0,75,,253230,29,,,0,67,,270325,29,,,0,30,,264822,29,,,0,26,,81057,29,,,0,70,,327292,29,,,0,30,,327290,29,,,0,70,,327286,29,,,0,30,,327282,29,,,0,70,,327277,29,,,0,30,,327275,29,,,0,71,,289423,29,,,0,29,,327287,29,,,0
4201,'14',557,,327300,29,,,0,143,,327312,29,,,0,30,,208916,29,,,0,70,,327294,29,,,0,32,,327295,29,,,0,13,,327302,29,,,0,67,,209961,29,,,0,28,,257069,29,,,0,69,,327301,29,,,0,30,,274151,29,,,0,70,,142490,29,,,0,31,,327297,29,,,0,70,,327299,29,,,0,30,,327293,29,,,0,70,,221689,29,,,0,30,,327304,29,,,0,71,,327306,29,,,0,30,,327305,29,,,0,70,,224619,29,,,0,28,,327309,29,,,0,20,,327310,29,,,0,75,,253431,29,,,0,67,,270535,29,,,0,30,,265135,29,,,0,26,,81222,29,,,0,70,,327313,29,,,0,30,,327311,29,,,0,70,,327307,29,,,0,30,,327303,29,,,0,70,,327298,29,,,0,30,,327296,29,,,0,71,,289487,29,,,0,29,,327308,29,,,0
4201,'15',747,,327320,29,,,0,100,,327314,29,,,0,100,,327319,29,,,0,70,,327328,29,,,0,30,,327315,29,,,0,70,,327327,29,,,0,30,,226574,29,,,0,70,,327318,29,,,0,30,,327324,29,,,0,71,,327323,29,,,0,30,,327322,29,,,0,70,,327325,29,,,0,30,,230821,29,,,0,70,,327321,29,,,0,30,,289157,29,,,0,69,,327330,29,,,0,30,,327317,29,,,0,70,,327329,29,,,0,30,,327326,29,,,0,70,,327316,29,,,0
4201,'16',623,,327336,29,,,0,100,,327345,29,,,0,100,,287880,29,,,0,30,,327349,29,,,0,70,,327352,29,,,0,30,,327353,29,,,0,70,,327333,29,,,0,30,,327343,29,,,0,70,,327354,29,,,0,30,,327340,29,,,0,70,,327351,29,,,0,30,,327332,29,,,0,71,,327350,29,,,0,30,,327339,29,,,0,70,,327346,29,,,0,30,,327331,29,,,0,70,,327335,29,,,0,29,,327348,29,,,0,70,,327341,29,,,0,30,,327338,29,,,0,70,,327334,29,,,0,30,,327342,29,,,0,70,,327344,29,,,0,30,,327337,29,,,0,70,,327347,29,,,0
4201,'2',557,,327361,29,,,0,143,,251302,29,,,0,30,,327372,29,,,0,70,,327356,29,,,0,32,,327357,29,,,0,13,,327366,29,,,0,67,,327362,29,,,0,28,,327382,29,,,0,69,,327365,29,,,0,30,,327360,29,,,0,70,,327367,29,,,0,31,,327359,29,,,0,70,,118015,29,,,0,30,,327355,29,,,0,70,,327364,29,,,0,30,,327373,29,,,0,71,,286669,29,,,0,30,,327374,29,,,0,70,,327376,29,,,0,28,,327379,29,,,0,20,,327380,29,,,0,75,,327370,29,,,0,67,,327369,29,,,0,30,,327363,29,,,0,26,,327368,29,,,0,70,,327383,29,,,0,30,,327381,29,,,0,70,,327377,29,,,0,30,,327371,29,,,0,70,,153811,29,,,0,30,,327358,29,,,0,71,,327375,29,,,0,29,,327378,29,,,0
4201,'3',557,,206468,29,,,0,143,,327412,29,,,0,30,,327400,29,,,0,70,,327385,29,,,0,32,,222278,29,,,0,13,,327394,29,,,0,67,,327390,29,,,0,28,,327411,29,,,0,69,,327393,29,,,0,30,,327388,29,,,0,70,,327395,29,,,0,31,,233679,29,,,0,70,,327389,29,,,0,30,,327384,29,,,0,70,,327392,29,,,0,30,,327401,29,,,0,71,,327404,29,,,0,30,,327402,29,,,0,70,,327405,29,,,0,28,,327408,29,,,0,20,,327409,29,,,0,75,,327398,29,,,0,67,,327397,29,,,0,30,,327391,29,,,0,26,,327396,29,,,0,70,,327413,29,,,0,30,,327410,29,,,0,70,,327406,29,,,0,30,,327399,29,,,0,70,,327387,29,,,0,30,,327386,29,,,0,71,,327403,29,,,0,29,,327407,29,,,0
4201,'4',557,,327415,29,,,0,143,,327430,29,,,0,100,,327431,29,,,0,31,,327429,29,,,0,14,,327433,29,,,0,67,,327437,29,,,0,28,,327416,29,,,0,69,,327414,29,,,0,30,,327426,29,,,0,70,,327435,29,,,0,31,,327425,29,,,0,70,,283444,29,,,0,30,,327432,29,,,0,70,,327428,29,,,0,30,,264672,29,,,0,71,,327427,29,,,0,30,,327420,29,,,0,69,,264710,29,,,0,30,,327418,29,,,0,63,,327436,29,,,0,31,,327419,29,,,0,67,,327421,29,,,0,30,,327424,29,,,0,26,,327423,29,,,0,69,,327422,29,,,0,31,,180123,29,,,0,70,,327417,29,,,0,30,,242579,29,,,0,100,,265643,29,,,0,100,,327434,29,,,0
4201,'5',557,,203598,29,,,0,143,,327466,29,,,0,30,,327454,29,,,0,70,,327439,29,,,0,32,,222343,29,,,0,13,,327448,29,,,0,67,,327444,29,,,0,28,,327465,29,,,0,69,,327447,29,,,0,30,,327442,29,,,0,70,,327449,29,,,0,31,,233742,29,,,0,70,,327443,29,,,0,30,,327438,29,,,0,70,,327446,29,,,0,30,,327455,29,,,0,71,,327458,29,,,0,30,,327456,29,,,0,70,,327459,29,,,0,28,,327462,29,,,0,20,,327463,29,,,0,75,,327452,29,,,0,67,,327451,29,,,0,30,,327445,29,,,0,26,,327450,29,,,0,70,,327467,29,,,0,30,,327464,29,,,0,70,,327460,29,,,0,30,,327453,29,,,0,70,,327441,29,,,0,30,,327440,29,,,0,71,,327457,29,,,0,29,,327461,29,,,0
4201,'6',557,,327475,29,,,0,143,,327487,29,,,0,30,,208263,29,,,0,70,,327469,29,,,0,32,,327470,29,,,0,13,,327477,29,,,0,67,,209308,29,,,0,28,,256805,29,,,0,69,,327476,29,,,0,30,,273401,29,,,0,70,,142613,29,,,0,31,,327472,29,,,0,70,,327474,29,,,0,30,,327468,29,,,0,70,,221639,29,,,0,30,,327479,29,,,0,71,,327481,29,,,0,30,,327480,29,,,0,70,,224335,29,,,0,28,,327484,29,,,0,20,,327485,29,,,0,75,,252910,29,,,0,67,,269968,29,,,0,30,,264323,29,,,0,26,,81419,29,,,0,70,,327488,29,,,0,30,,327486,29,,,0,70,,327482,29,,,0,30,,327478,29,,,0,70,,327473,29,,,0,30,,327471,29,,,0,71,,289302,29,,,0,29,,327483,29,,,0
4201,'7',557,,327495,29,,,0,143,,251232,29,,,0,30,,327506,29,,,0,70,,327490,29,,,0,32,,327491,29,,,0,13,,327500,29,,,0,67,,327496,29,,,0,28,,327516,29,,,0,69,,327499,29,,,0,30,,327494,29,,,0,70,,327501,29,,,0,31,,327493,29,,,0,70,,167858,29,,,0,30,,327489,29,,,0,70,,327498,29,,,0,30,,327507,29,,,0,71,,286618,29,,,0,30,,327508,29,,,0,70,,327510,29,,,0,28,,327513,29,,,0,20,,327514,29,,,0,75,,327504,29,,,0,67,,327503,29,,,0,30,,327497,29,,,0,26,,327502,29,,,0,70,,327517,29,,,0,30,,327515,29,,,0,70,,327511,29,,,0,30,,327505,29,,,0,70,,153828,29,,,0,30,,327492,29,,,0,71,,327509,29,,,0,29,,327512,29,,,0
4201,'8',747,,327525,29,,,0,100,,327518,29,,,0,100,,327522,29,,,0,70,,327533,29,,,0,30,,237541,29,,,0,70,,327532,29,,,0,30,,327521,29,,,0,70,,327520,29,,,0,30,,327529,29,,,0,71,,327528,29,,,0,30,,327527,29,,,0,70,,327530,29,,,0,30,,327523,29,,,0,70,,327526,29,,,0,30,,327524,29,,,0,69,,327535,29,,,0,30,,327519,29,,,0,70,,327534,29,,,0,30,,327531,29,,,0,70,,270357,29,,,0
4201,'9',557,,327543,29,,,0,143,,327555,29,,,0,30,,208086,29,,,0,70,,327537,29,,,0,32,,327538,29,,,0,13,,327545,29,,,0,67,,209129,29,,,0,28,,256739,29,,,0,69,,327544,29,,,0,30,,273216,29,,,0,70,,142515,29,,,0,31,,327540,29,,,0,70,,327542,29,,,0,30,,327536,29,,,0,70,,221629,29,,,0,30,,327547,29,,,0,71,,327549,29,,,0,30,,327548,29,,,0,70,,224262,29,,,0,28,,327552,29,,,0,20,,327553,29,,,0,75,,252781,29,,,0,67,,269813,29,,,0,30,,264117,29,,,0,26,,81090,29,,,0,70,,327556,29,,,0,30,,327554,29,,,0,70,,327550,29,,,0,30,,327546,29,,,0,70,,327541,29,,,0,30,,327539,29,,,0,71,,289254,29,,,0,29,,327551,29,,,0
