8601,'12',641,,271273,32,0,11 2 12,1,71,,271288,32,0,11 2 12,1,31,,271287,32,0,11 2 12,1,73,,271283,32,0,11 2 12,1,31,,271267,32,0,11 2 12,1,69,,271291,32,0,11 2 12,1,617,,52136,32,0,11 2 12,1,70,,271296,32,0,11 2 12,1,33,,271265,32,0,11 2 12,1,97,,271262,32,0,11 2 12,1,70,,271285,32,0,11 2 12,1
8601,'14',641,,271351,32,0,11 2 12,1,71,,271337,32,0,11 2 12,1,31,,271347,32,0,11 2 12,1,73,,271358,32,0,11 2 12,1,31,,271327,32,0,11 2 12,1,69,,271330,32,0,11 2 12,1,617,,271357,32,0,11 2 12,1,70,,271353,32,0,11 2 12,1,31,,271345,32,0,11 2 12,1,70,,1578,32,0,11 2 12,1,29,,50439,32,0,11 2 12,1,71,,271354,32,0,11 2 12,1
8601,'15',641,,271373,32,0,11 2 12,1,71,,271388,32,0,11 2 12,1,31,,271387,32,0,11 2 12,1,73,,271383,32,0,11 2 12,1,31,,271367,32,0,11 2 12,1,69,,271391,32,0,11 2 12,1,617,,52568,32,0,11 2 12,1,70,,271396,32,0,11 2 12,1,33,,271365,32,0,11 2 12,1,97,,271362,32,0,11 2 12,1,70,,271385,32,0,11 2 12,1
8601,'17',641,,271455,32,0,11 2 12,1,71,,271441,32,0,11 2 12,1,31,,271451,32,0,11 2 12,1,73,,271462,32,0,11 2 12,1,31,,271431,32,0,11 2 12,1,69,,271434,32,0,11 2 12,1,617,,271461,32,0,11 2 12,1,70,,271457,32,0,11 2 12,1,31,,271449,32,0,11 2 12,1,70,,137436,32,0,11 2 12,1,29,,177343,32,0,11 2 12,1,71,,271458,32,0,11 2 12,1
8601,'18',641,,271495,32,0,11 2 12,1,71,,271481,32,0,11 2 12,1,31,,271491,32,0,11 2 12,1,73,,271502,32,0,11 2 12,1,31,,271471,32,0,11 2 12,1,69,,271474,32,0,11 2 12,1,617,,271501,32,0,11 2 12,1,70,,271497,32,0,11 2 12,1,31,,271489,32,0,11 2 12,1,70,,137547,32,0,11 2 12,1,29,,177521,32,0,11 2 12,1,71,,271498,32,0,11 2 12,1
8601,'2',641,,271539,32,0,11 2 12,1,71,,271521,32,0,11 2 12,1,31,,182558,32,0,11 2 12,1,73,,271548,32,0,11 2 12,1,31,,271511,32,0,11 2 12,1,69,,271513,32,0,11 2 12,1,617,,271547,32,0,11 2 12,1,70,,271541,32,0,11 2 12,1,31,,271531,32,0,11 2 12,1,70,,271533,32,0,11 2 12,1,29,,271543,32,0,11 2 12,1,71,,271542,32,0,11 2 12,1
8601,'3',641,,271566,32,0,11 2 12,1,71,,85311,32,0,11 2 12,1,31,,271580,32,0,11 2 12,1,73,,271577,32,0,11 2 12,1,31,,271559,32,0,11 2 12,1,69,,195465,32,0,11 2 12,1,617,,271586,32,0,11 2 12,1,70,,271591,32,0,11 2 12,1,33,,271555,32,0,11 2 12,1,97,,271551,32,0,11 2 12,1,70,,271579,32,0,11 2 12,1
8601,'4',641,,271604,32,0,11 2 12,1,71,,271619,32,0,11 2 12,1,31,,271618,32,0,11 2 12,1,73,,271614,32,0,11 2 12,1,31,,271598,32,0,11 2 12,1,69,,271622,32,0,11 2 12,1,617,,52522,32,0,11 2 12,1,70,,271627,32,0,11 2 12,1,33,,271596,32,0,11 2 12,1,97,,271593,32,0,11 2 12,1,70,,271616,32,0,11 2 12,1
8601,'5',641,,271640,32,0,11 2 12,1,71,,271655,32,0,11 2 12,1,31,,271654,32,0,11 2 12,1,73,,271650,32,0,11 2 12,1,31,,271634,32,0,11 2 12,1,69,,271658,32,0,11 2 12,1,617,,52090,32,0,11 2 12,1,70,,271663,32,0,11 2 12,1,33,,271632,32,0,11 2 12,1,97,,271629,32,0,11 2 12,1,70,,271652,32,0,11 2 12,1
8601,'7',641,,271724,32,0,11 2 12,1,71,,271707,32,0,11 2 12,1,31,,271721,32,0,11 2 12,1,73,,271732,32,0,11 2 12,1,31,,271696,32,0,11 2 12,1,69,,271699,32,0,11 2 12,1,617,,271731,32,0,11 2 12,1,70,,271725,32,0,11 2 12,1,31,,271716,32,0,11 2 12,1,70,,271718,32,0,11 2 12,1,29,,271727,32,0,11 2 12,1,71,,271726,32,0,11 2 12,1
8601,'9',641,,271796,32,0,11 2 12,1,71,,271811,32,0,11 2 12,1,31,,271810,32,0,11 2 12,1,73,,271806,32,0,11 2 12,1,31,,271790,32,0,11 2 12,1,69,,271814,32,0,11 2 12,1,617,,52312,32,0,11 2 12,1,70,,271819,32,0,11 2 12,1,33,,271788,32,0,11 2 12,1,97,,271785,32,0,11 2 12,1,70,,271808,32,0,11 2 12,1
18901,'1',634,,292251,10,,,1,100,,292249,10,,,1,100,,292257,10,,,1,100,,292250,10,,,1,100,,292256,10,,,1,100,,292246,10,,,1,100,,292247,10,,,1,100,,292255,10,,,1,100,,292253,10,,,1,100,,292252,10,,,1,100,,195233,10,,,1,100,,292248,10,,,1,100,,292254,10,,,1
18901,'10',634,,292263,10,,,1,100,,292261,10,,,1,100,,292270,10,,,1,100,,292262,10,,,1,100,,292269,10,,,1,100,,292258,10,,,1,100,,292259,10,,,1,100,,292268,10,,,1,100,,292266,10,,,1,100,,292265,10,,,1,100,,292264,10,,,1,100,,292260,10,,,1,100,,292267,10,,,1
18901,'11',634,,292271,10,,,1,100,,292274,10,,,1,100,,292282,10,,,1,100,,292280,10,,,1,100,,292281,10,,,1,100,,292276,10,,,1,100,,292273,10,,,1,100,,292284,10,,,1,100,,292277,10,,,1,100,,292278,10,,,1,100,,292283,10,,,1,100,,292279,10,,,1,100,,292272,10,,,1,100,,292275,10,,,1
18901,'12',509,,292311,10,,,1,43,,292309,10,,,1,71,,292293,10,,,1,30,,292299,10,,,1,70,,35707,10,,,1,36,,292303,10,,,1,70,,292298,10,,,1,29,,292289,10,,,1,65,,292294,10,,,1,30,,292297,10,,,1,70,,292304,10,,,1,30,,292302,10,,,1,70,,124919,10,,,1,31,,198481,10,,,1,70,,292285,10,,,1,30,,292305,10,,,1,70,,66017,10,,,1,30,,179788,10,,,1,71,,192348,10,,,1,34,,292307,10,,,1,70,,292287,10,,,1,30,,197436,10,,,1,70,,292295,10,,,1,30,,292300,10,,,1,70,,292288,10,,,1,30,,292301,10,,,1,70,,292306,10,,,1,25,,292292,10,,,1,70,,292296,10,,,1,30,,292308,10,,,1,70,,292310,10,,,1,30,,292290,10,,,1,70,,194496,10,,,1,30,,159122,10,,,1,70,,202492,10,,,1,30,,136662,10,,,1,70,,292291,10,,,1,25,,292312,10,,,1,95,,292286,10,,,1
18901,'13',634,,292317,10,,,1,100,,292315,10,,,1,100,,183729,10,,,1,100,,292316,10,,,1,100,,181229,10,,,1,100,,164638,10,,,1,100,,292313,10,,,1,100,,292321,10,,,1,100,,292319,10,,,1,100,,6873,10,,,1,100,,292318,10,,,1,100,,292314,10,,,1,100,,292320,10,,,1
18901,'14',509,,159452,10,,,1,43,,164969,10,,,1,71,,292343,10,,,1,30,,182895,10,,,1,70,,292330,10,,,1,36,,292340,10,,,1,69,,292326,10,,,1,30,,292338,10,,,1,65,,292323,10,,,1,30,,292327,10,,,1,70,,292345,10,,,1,30,,292342,10,,,1,70,,292341,10,,,1,31,,292348,10,,,1,70,,92330,10,,,1,30,,292350,10,,,1,70,,292328,10,,,1,30,,292337,10,,,1,71,,292334,10,,,1,34,,292329,10,,,1,70,,292336,10,,,1,30,,292351,10,,,1,70,,123716,10,,,1,30,,292349,10,,,1,70,,292347,10,,,1,30,,292332,10,,,1,70,,292346,10,,,1,25,,292331,10,,,1,70,,150016,10,,,1,30,,292324,10,,,1,70,,292335,10,,,1,30,,48001,10,,,1,70,,292325,10,,,1,30,,126353,10,,,1,70,,292333,10,,,1,30,,292339,10,,,1,70,,292322,10,,,1,25,,55052,10,,,1,95,,292344,10,,,1
18901,'15',509,,292378,10,,,1,43,,292376,10,,,1,71,,292360,10,,,1,30,,292366,10,,,1,70,,36029,10,,,1,36,,292370,10,,,1,70,,292365,10,,,1,29,,292356,10,,,1,65,,292361,10,,,1,30,,292364,10,,,1,70,,292371,10,,,1,30,,292369,10,,,1,70,,125131,10,,,1,31,,198554,10,,,1,70,,292352,10,,,1,30,,292372,10,,,1,70,,66484,10,,,1,30,,179802,10,,,1,71,,192507,10,,,1,34,,292374,10,,,1,70,,292354,10,,,1,30,,197538,10,,,1,70,,292362,10,,,1,30,,292367,10,,,1,70,,292355,10,,,1,30,,292368,10,,,1,70,,292373,10,,,1,25,,292359,10,,,1,70,,292363,10,,,1,30,,292375,10,,,1,70,,292377,10,,,1,30,,292357,10,,,1,70,,194693,10,,,1,30,,159220,10,,,1,70,,202603,10,,,1,30,,136777,10,,,1,70,,292358,10,,,1,25,,292379,10,,,1,95,,292353,10,,,1
18901,'16',634,,292380,10,,,1,100,,292383,10,,,1,100,,292389,10,,,1,100,,162209,10,,,1,100,,136939,10,,,1,100,,292385,10,,,1,100,,292382,10,,,1,100,,292390,10,,,1,100,,292386,10,,,1,100,,292387,10,,,1,100,,82552,10,,,1,100,,292388,10,,,1,100,,292381,10,,,1,100,,292384,10,,,1
18901,'17',509,,159401,10,,,1,43,,164894,10,,,1,71,,292412,10,,,1,30,,49769,10,,,1,70,,292399,10,,,1,36,,292409,10,,,1,69,,292395,10,,,1,30,,292407,10,,,1,65,,292392,10,,,1,30,,292396,10,,,1,70,,292414,10,,,1,30,,292411,10,,,1,70,,292410,10,,,1,31,,292417,10,,,1,70,,128969,10,,,1,30,,292419,10,,,1,70,,292397,10,,,1,30,,292406,10,,,1,71,,292403,10,,,1,34,,292398,10,,,1,70,,292405,10,,,1,30,,292420,10,,,1,70,,123604,10,,,1,30,,292418,10,,,1,70,,292416,10,,,1,30,,292401,10,,,1,70,,292415,10,,,1,25,,292400,10,,,1,70,,149933,10,,,1,30,,292393,10,,,1,70,,292404,10,,,1,30,,202315,10,,,1,70,,292394,10,,,1,30,,126297,10,,,1,70,,292402,10,,,1,30,,292408,10,,,1,70,,292391,10,,,1,25,,195375,10,,,1,95,,292413,10,,,1
18901,'18',509,,159509,10,,,1,43,,98211,10,,,1,71,,292442,10,,,1,30,,182970,10,,,1,70,,292429,10,,,1,36,,292439,10,,,1,69,,292425,10,,,1,30,,292437,10,,,1,65,,292422,10,,,1,30,,292426,10,,,1,70,,292444,10,,,1,30,,292441,10,,,1,70,,292440,10,,,1,31,,292447,10,,,1,70,,129143,10,,,1,30,,292449,10,,,1,70,,292427,10,,,1,30,,292436,10,,,1,71,,292433,10,,,1,34,,292428,10,,,1,70,,292435,10,,,1,30,,292450,10,,,1,70,,71577,10,,,1,30,,292448,10,,,1,70,,292446,10,,,1,30,,292431,10,,,1,70,,292445,10,,,1,25,,292430,10,,,1,70,,150121,10,,,1,30,,292423,10,,,1,70,,292434,10,,,1,30,,202419,10,,,1,70,,292424,10,,,1,30,,126412,10,,,1,70,,292432,10,,,1,30,,292438,10,,,1,70,,292421,10,,,1,25,,195485,10,,,1,95,,292443,10,,,1
18901,'2',509,,292462,10,,,1,43,,292480,10,,,1,71,,292477,10,,,1,30,,292454,10,,,1,70,,292459,10,,,1,36,,292470,10,,,1,69,,292456,10,,,1,30,,292467,10,,,1,65,,292453,10,,,1,30,,292457,10,,,1,70,,292479,10,,,1,30,,292476,10,,,1,70,,292474,10,,,1,31,,292482,10,,,1,70,,292472,10,,,1,30,,292484,10,,,1,70,,292458,10,,,1,30,,292466,10,,,1,71,,292463,10,,,1,34,,88642,10,,,1,70,,292465,10,,,1,30,,292485,10,,,1,70,,292468,10,,,1,30,,292483,10,,,1,70,,292481,10,,,1,30,,292461,10,,,1,70,,174901,10,,,1,25,,292460,10,,,1,70,,292473,10,,,1,30,,292455,10,,,1,70,,292464,10,,,1,30,,292452,10,,,1,70,,90032,10,,,1,30,,292475,10,,,1,70,,169820,10,,,1,30,,292469,10,,,1,70,,292451,10,,,1,25,,292471,10,,,1,95,,292478,10,,,1
18901,'3',509,,292514,10,,,1,43,,141177,10,,,1,71,,292500,10,,,1,30,,292505,10,,,1,70,,292509,10,,,1,36,,292506,10,,,1,70,,44674,10,,,1,29,,292494,10,,,1,65,,25716,10,,,1,30,,292504,10,,,1,70,,292507,10,,,1,30,,165735,10,,,1,70,,292508,10,,,1,31,,292513,10,,,1,70,,292487,10,,,1,30,,195038,10,,,1,70,,292493,10,,,1,30,,292499,10,,,1,71,,292489,10,,,1,34,,292510,10,,,1,70,,292492,10,,,1,30,,292501,10,,,1,70,,292502,10,,,1,30,,154232,10,,,1,70,,180101,10,,,1,30,,153676,10,,,1,70,,192785,10,,,1,25,,292498,10,,,1,70,,292503,10,,,1,30,,292511,10,,,1,70,,292512,10,,,1,30,,292496,10,,,1,70,,292486,10,,,1,30,,292490,10,,,1,70,,292495,10,,,1,30,,292491,10,,,1,70,,292497,10,,,1,25,,128388,10,,,1,95,,292488,10,,,1
18901,'4',509,,292541,10,,,1,43,,292539,10,,,1,71,,292523,10,,,1,30,,292529,10,,,1,70,,35995,10,,,1,36,,292533,10,,,1,70,,292528,10,,,1,29,,292519,10,,,1,65,,292524,10,,,1,30,,292527,10,,,1,70,,292534,10,,,1,30,,292532,10,,,1,70,,125239,10,,,1,31,,198588,10,,,1,70,,292515,10,,,1,30,,292535,10,,,1,70,,66434,10,,,1,30,,179805,10,,,1,71,,192576,10,,,1,34,,292537,10,,,1,70,,292517,10,,,1,30,,197581,10,,,1,70,,292525,10,,,1,30,,292530,10,,,1,70,,292518,10,,,1,30,,292531,10,,,1,70,,292536,10,,,1,25,,292522,10,,,1,70,,292526,10,,,1,30,,292538,10,,,1,70,,292540,10,,,1,30,,292520,10,,,1,70,,194786,10,,,1,30,,159272,10,,,1,70,,202643,10,,,1,30,,136837,10,,,1,70,,292521,10,,,1,25,,292542,10,,,1,95,,292516,10,,,1
18901,'5',509,,292569,10,,,1,43,,292567,10,,,1,71,,292551,10,,,1,30,,292557,10,,,1,70,,35673,10,,,1,36,,292561,10,,,1,70,,292556,10,,,1,29,,292547,10,,,1,65,,292552,10,,,1,30,,292555,10,,,1,70,,292562,10,,,1,30,,292560,10,,,1,70,,124463,10,,,1,31,,198328,10,,,1,70,,292543,10,,,1,30,,292563,10,,,1,70,,65967,10,,,1,30,,179755,10,,,1,71,,192000,10,,,1,34,,292565,10,,,1,70,,292545,10,,,1,30,,197225,10,,,1,70,,292553,10,,,1,30,,292558,10,,,1,70,,292546,10,,,1,30,,292559,10,,,1,70,,292564,10,,,1,25,,292550,10,,,1,70,,292554,10,,,1,30,,292566,10,,,1,70,,292568,10,,,1,30,,292548,10,,,1,70,,194091,10,,,1,30,,158888,10,,,1,70,,202247,10,,,1,30,,136409,10,,,1,70,,292549,10,,,1,25,,292570,10,,,1,95,,292544,10,,,1
18901,'6',634,,126156,10,,,1,100,,292572,10,,,1,100,,186069,10,,,1,100,,292577,10,,,1,100,,292578,10,,,1,100,,292574,10,,,1,100,,199659,10,,,1,100,,202676,10,,,1,100,,292575,10,,,1,100,,146764,10,,,1,100,,292579,10,,,1,100,,292576,10,,,1,100,,292571,10,,,1,100,,292573,10,,,1
18901,'7',509,,292591,10,,,1,43,,292607,10,,,1,71,,148891,10,,,1,30,,292583,10,,,1,70,,184078,10,,,1,36,,40857,10,,,1,69,,292586,10,,,1,30,,292596,10,,,1,65,,292582,10,,,1,30,,292587,10,,,1,70,,292606,10,,,1,30,,292604,10,,,1,70,,292602,10,,,1,31,,292610,10,,,1,70,,292600,10,,,1,30,,292612,10,,,1,70,,125420,10,,,1,30,,147814,10,,,1,71,,292593,10,,,1,34,,292588,10,,,1,70,,292595,10,,,1,30,,292613,10,,,1,70,,292597,10,,,1,30,,292611,10,,,1,70,,292609,10,,,1,30,,292590,10,,,1,70,,292608,10,,,1,25,,292589,10,,,1,70,,292601,10,,,1,30,,292584,10,,,1,70,,292594,10,,,1,30,,292581,10,,,1,70,,292585,10,,,1,30,,292603,10,,,1,70,,292592,10,,,1,30,,292598,10,,,1,70,,292580,10,,,1,25,,292599,10,,,1,95,,292605,10,,,1
18901,'8',509,,292650,10,,,1,43,,292623,10,,,1,71,,292637,10,,,1,30,,292618,10,,,1,70,,292639,10,,,1,36,,292643,10,,,1,70,,292619,10,,,1,29,,292624,10,,,1,65,,292647,10,,,1,30,,292640,10,,,1,70,,292652,10,,,1,30,,292616,10,,,1,70,,292626,10,,,1,31,,292632,10,,,1,70,,292645,10,,,1,30,,292642,10,,,1,70,,292651,10,,,1,30,,292614,10,,,1,71,,292615,10,,,1,34,,292649,10,,,1,70,,292641,10,,,1,30,,292633,10,,,1,68,,292625,10,,,1,32,,292636,10,,,1,70,,292631,10,,,1,30,,292621,10,,,1,70,,292646,10,,,1,25,,292638,10,,,1,70,,292635,10,,,1,30,,292630,10,,,1,70,,292648,10,,,1,30,,292644,10,,,1,70,,292629,10,,,1,30,,292620,10,,,1,70,,292622,10,,,1,30,,292628,10,,,1,70,,292634,10,,,1,25,,292617,10,,,1,95,,292627,10,,,1
18901,'9',509,,292679,10,,,1,43,,292677,10,,,1,71,,292661,10,,,1,30,,292667,10,,,1,70,,35839,10,,,1,36,,292671,10,,,1,70,,292666,10,,,1,29,,292657,10,,,1,65,,292662,10,,,1,30,,292665,10,,,1,70,,292672,10,,,1,30,,292670,10,,,1,70,,124873,10,,,1,31,,198461,10,,,1,70,,292653,10,,,1,30,,292673,10,,,1,70,,66202,10,,,1,30,,179785,10,,,1,71,,192315,10,,,1,34,,292675,10,,,1,70,,292655,10,,,1,30,,197406,10,,,1,70,,292663,10,,,1,30,,292668,10,,,1,70,,292656,10,,,1,30,,292669,10,,,1,70,,292674,10,,,1,25,,292660,10,,,1,70,,292664,10,,,1,30,,292676,10,,,1,70,,292678,10,,,1,30,,292658,10,,,1,70,,194438,10,,,1,30,,159096,10,,,1,70,,202462,10,,,1,30,,136631,10,,,1,70,,292659,10,,,1,25,,292680,10,,,1,95,,292654,10,,,1
