66100,'10',809,,119150,14,,,1
66100,'11',809,,119151,14,,,1
66100,'12',809,,119152,14,,,1
66100,'15',809,,119153,14,,,1
66100,'16',809,,119154,14,,,1
66100,'3',809,,119155,14,,,1
66100,'4',809,,119156,14,,,1
66100,'6',809,,119157,14,,,1
66300,'10',801,,119178,13,,,1,2,,119179,13,,,1,3,,119177,13,,,1
66300,'11',801,,119184,13,,,1,2,,119185,13,,,1,3,,119183,13,,,1
66300,'12',801,,119190,13,,,1,2,,119191,13,,,1,3,,119189,13,,,1
66300,'15',801,,119196,13,,,1,2,,119197,13,,,1,3,,119195,13,,,1
66300,'16',801,,119202,13,,,1,2,,119203,13,,,1,3,,119201,13,,,1
66300,'3',801,,119208,13,,,1,2,,119209,13,,,1,3,,119207,13,,,1
66300,'4',801,,119214,13,,,1,2,,119215,13,,,1,3,,119213,13,,,1
66300,'6',801,,119220,13,,,1,2,,119221,13,,,1,3,,119219,13,,,1
