9400,'12',549,,205938,1,,,1,78,,168019,1,,,1,30,,278228,1,,,1,70,,278229,1,,,1,30,,278230,1,,,1,70,,137134,1,,,1
9400,'14',549,,20617,1,,,1,78,,278233,1,,,1,30,,128340,1,,,1,70,,278232,1,,,1,30,,153303,1,,,1,70,,278231,1,,,1
9400,'15',549,,205947,1,,,1,78,,168163,1,,,1,30,,278234,1,,,1,70,,278235,1,,,1,30,,278236,1,,,1,70,,137250,1,,,1
9400,'17',549,,203804,1,,,1,78,,278239,1,,,1,30,,31939,1,,,1,70,,278238,1,,,1,30,,153257,1,,,1,70,,278237,1,,,1
9400,'18',549,,203813,1,,,1,78,,278242,1,,,1,30,,128437,1,,,1,70,,278241,1,,,1,30,,153360,1,,,1,70,,278240,1,,,1
9400,'2',549,,278247,1,,,1,78,,278246,1,,,1,30,,278248,1,,,1,70,,278244,1,,,1,30,,278245,1,,,1,70,,278243,1,,,1
9400,'3',549,,278251,1,,,1,78,,278249,1,,,1,30,,165710,1,,,1,70,,278252,1,,,1,30,,278253,1,,,1,70,,278250,1,,,1
9400,'4',549,,205951,1,,,1,78,,168230,1,,,1,30,,278254,1,,,1,70,,278255,1,,,1,30,,278256,1,,,1,70,,137308,1,,,1
9400,'5',549,,205930,1,,,1,78,,167692,1,,,1,30,,278257,1,,,1,70,,278258,1,,,1,30,,278259,1,,,1,70,,136890,1,,,1
9400,'7',549,,278264,1,,,1,78,,278263,1,,,1,30,,278265,1,,,1,70,,278261,1,,,1,30,,278262,1,,,1,70,,278260,1,,,1
9400,'8',549,,278269,1,,,1,78,,278271,1,,,1,30,,278267,1,,,1,70,,278266,1,,,1,30,,278270,1,,,1,70,,278268,1,,,1
9400,'9',549,,205934,1,,,1,78,,167983,1,,,1,30,,278272,1,,,1,70,,278273,1,,,1,30,,278274,1,,,1,70,,137103,1,,,1
