8101,'1',634,,351241,47,,,0,70,,351238,47,,,0,30,,351220,47,,,0,72,,351232,47,,,0,31,,242474,47,,,0,68,,351244,47,,,0,30,,351235,47,,,0,65,,351222,47,,,0,30,,351231,47,,,0,70,,351237,47,,,0,30,,351223,47,,,0,70,,293661,47,,,0,31,,351224,47,,,0,70,,351242,47,,,0,30,,351225,47,,,0,70,,351239,47,,,0,32,,257267,47,,,0,73,,351221,47,,,0,33,,351233,47,,,0,69,,250770,47,,,0,34,,351226,47,,,0,72,,351243,47,,,0,29,,351229,47,,,0,68,,351246,47,,,0,28,,351219,47,,,0,70,,351228,47,,,0,29,,351240,47,,,0,65,,248943,47,,,0,28,,351236,47,,,0,70,,351234,47,,,0,28,,351245,47,,,0,30,,351227,47,,,0,70,,351230,47,,,0,30,,294653,47,,,0,100,,288015,47,,,0
8101,'10',647,,351268,47,,,0,100,,238178,47,,,0,70,,351269,47,,,0,30,,351257,47,,,0,70,,351251,47,,,0,30,,351261,47,,,0,70,,351254,47,,,0,30,,266983,47,,,0,70,,351250,47,,,0,30,,351249,47,,,0,70,,351262,47,,,0,32,,351270,47,,,0,70,,287288,47,,,0,30,,351263,47,,,0,70,,351253,47,,,0,30,,351255,47,,,0,70,,351247,47,,,0,30,,351266,47,,,0,70,,351265,47,,,0,30,,351258,47,,,0,70,,351252,47,,,0,30,,351260,47,,,0,70,,351259,47,,,0,28,,351256,47,,,0,70,,351248,47,,,0,30,,351271,47,,,0,100,,259654,47,,,0,100,,351264,47,,,0,100,,351267,47,,,0,100,,292044,47,,,0,100,,261615,47,,,0
8101,'11',634,,351290,47,,,0,70,,351292,47,,,0,30,,235373,47,,,0,72,,351278,47,,,0,99,,351283,47,,,0,30,,351275,47,,,0,65,,351300,47,,,0,30,,351280,47,,,0,70,,351286,47,,,0,30,,351274,47,,,0,70,,351282,47,,,0,31,,351296,47,,,0,70,,351295,47,,,0,30,,236551,47,,,0,70,,351298,47,,,0,32,,351285,47,,,0,71,,351281,47,,,0,35,,266426,47,,,0,72,,351291,47,,,0,31,,351289,47,,,0,74,,351284,47,,,0,95,,351287,47,,,0,28,,351299,47,,,0,70,,351294,47,,,0,29,,351279,47,,,0,65,,351276,47,,,0,28,,351293,47,,,0,70,,351288,47,,,0,28,,351272,47,,,0,30,,351297,47,,,0,70,,351277,47,,,0,30,,259733,47,,,0,100,,351273,47,,,0
8101,'12',845,,351316,47,,,0,70,,351310,47,,,0,30,,242991,47,,,0,70,,351321,47,,,0,30,,351306,47,,,0,70,,351309,47,,,0,30,,351312,47,,,0,70,,351311,47,,,0,32,,351323,47,,,0,70,,219718,47,,,0,30,,351313,47,,,0,70,,351303,47,,,0,30,,351304,47,,,0,70,,351308,47,,,0,30,,351319,47,,,0,70,,351318,47,,,0,30,,351317,47,,,0,70,,351307,47,,,0,30,,351302,47,,,0,70,,351314,47,,,0,28,,351305,47,,,0,100,,351320,47,,,0,100,,351324,47,,,0,100,,351315,47,,,0,100,,351322,47,,,0,100,,351301,47,,,0
8101,'13',634,,351343,47,,,0,70,,351345,47,,,0,30,,235438,47,,,0,72,,351331,47,,,0,99,,351336,47,,,0,30,,351328,47,,,0,65,,351353,47,,,0,30,,351333,47,,,0,70,,351339,47,,,0,30,,351327,47,,,0,70,,351335,47,,,0,31,,351349,47,,,0,70,,351348,47,,,0,30,,236615,47,,,0,70,,351351,47,,,0,32,,351338,47,,,0,71,,351334,47,,,0,35,,266472,47,,,0,72,,351344,47,,,0,31,,351342,47,,,0,74,,351337,47,,,0,95,,351340,47,,,0,28,,351352,47,,,0,70,,351347,47,,,0,29,,351332,47,,,0,65,,351329,47,,,0,28,,351346,47,,,0,70,,351341,47,,,0,28,,351325,47,,,0,30,,351350,47,,,0,70,,351330,47,,,0,30,,259772,47,,,0,100,,351326,47,,,0
8101,'14',634,,351372,47,,,0,70,,351374,47,,,0,30,,235716,47,,,0,72,,351360,47,,,0,99,,351365,47,,,0,30,,351357,47,,,0,65,,351382,47,,,0,30,,351362,47,,,0,70,,351368,47,,,0,30,,351356,47,,,0,70,,351364,47,,,0,31,,351378,47,,,0,70,,351377,47,,,0,30,,236891,47,,,0,70,,351380,47,,,0,32,,351367,47,,,0,71,,351363,47,,,0,35,,266661,47,,,0,72,,351373,47,,,0,31,,351371,47,,,0,74,,351366,47,,,0,95,,351369,47,,,0,28,,351381,47,,,0,70,,351376,47,,,0,29,,351361,47,,,0,65,,351358,47,,,0,28,,351375,47,,,0,70,,351370,47,,,0,28,,351354,47,,,0,30,,351379,47,,,0,70,,351359,47,,,0,30,,259928,47,,,0,100,,351355,47,,,0
8101,'15',845,,351393,47,,,0,70,,279824,47,,,0,30,,351397,47,,,0,70,,351398,47,,,0,30,,276680,47,,,0,70,,351389,47,,,0,30,,351390,47,,,0,70,,216811,47,,,0,32,,351400,47,,,0,70,,351387,47,,,0,30,,351391,47,,,0,70,,264937,47,,,0,30,,351385,47,,,0,70,,279018,47,,,0,30,,351396,47,,,0,70,,351395,47,,,0,30,,351394,47,,,0,70,,351388,47,,,0,30,,351384,47,,,0,70,,351392,47,,,0,28,,351386,47,,,0,100,,212323,47,,,0,100,,351401,47,,,0,100,,291189,47,,,0,100,,351399,47,,,0,100,,351383,47,,,0
8101,'16',647,,351422,47,,,0,100,,351423,47,,,0,70,,351424,47,,,0,30,,219632,47,,,0,70,,351406,47,,,0,30,,240543,47,,,0,70,,351408,47,,,0,30,,351416,47,,,0,70,,351405,47,,,0,30,,351404,47,,,0,70,,351415,47,,,0,32,,351425,47,,,0,70,,351414,47,,,0,30,,351417,47,,,0,70,,351407,47,,,0,30,,273072,47,,,0,70,,351402,47,,,0,30,,351420,47,,,0,70,,351419,47,,,0,30,,351411,47,,,0,70,,214711,47,,,0,30,,210965,47,,,0,70,,351412,47,,,0,28,,351409,47,,,0,70,,351403,47,,,0,30,,351426,47,,,0,100,,351413,47,,,0,100,,351418,47,,,0,100,,351421,47,,,0,100,,351427,47,,,0,100,,351410,47,,,0
8101,'2',634,,351446,47,,,0,70,,351448,47,,,0,30,,351441,47,,,0,72,,351433,47,,,0,99,,351438,47,,,0,30,,351430,47,,,0,65,,270081,47,,,0,30,,351435,47,,,0,70,,351440,47,,,0,30,,188993,47,,,0,70,,249527,47,,,0,31,,218473,47,,,0,70,,351450,47,,,0,30,,351442,47,,,0,70,,351452,47,,,0,32,,351439,47,,,0,71,,351437,47,,,0,35,,351431,47,,,0,72,,351447,47,,,0,31,,351445,47,,,0,74,,276367,47,,,0,95,,351443,47,,,0,28,,191491,47,,,0,70,,351449,47,,,0,29,,351434,47,,,0,65,,46129,47,,,0,28,,170282,47,,,0,70,,351444,47,,,0,28,,351428,47,,,0,30,,351451,47,,,0,70,,351432,47,,,0,30,,351436,47,,,0,100,,351429,47,,,0
8101,'3',634,,351473,47,,,0,70,,351475,47,,,0,30,,351468,47,,,0,72,,351459,47,,,0,99,,254738,47,,,0,30,,351455,47,,,0,65,,351482,47,,,0,30,,351461,47,,,0,70,,351467,47,,,0,30,,351454,47,,,0,70,,351464,47,,,0,31,,351479,47,,,0,70,,351478,47,,,0,30,,351469,47,,,0,70,,282996,47,,,0,32,,351466,47,,,0,71,,351463,47,,,0,35,,351457,47,,,0,72,,351474,47,,,0,31,,351472,47,,,0,74,,351465,47,,,0,95,,351470,47,,,0,28,,351481,47,,,0,70,,351477,47,,,0,29,,351460,47,,,0,65,,351456,47,,,0,28,,351476,47,,,0,70,,351471,47,,,0,28,,210996,47,,,0,30,,351480,47,,,0,70,,351458,47,,,0,30,,351462,47,,,0,100,,351453,47,,,0
8101,'4',634,,351487,47,,,0,68,,351503,47,,,0,32,,351497,47,,,0,72,,351506,47,,,0,31,,351498,47,,,0,68,,351504,47,,,0,30,,351495,47,,,0,65,,351501,47,,,0,30,,351491,47,,,0,70,,351500,47,,,0,30,,351490,47,,,0,70,,245175,47,,,0,31,,351486,47,,,0,70,,351502,47,,,0,30,,351499,47,,,0,70,,241051,47,,,0,32,,351505,47,,,0,71,,351483,47,,,0,35,,351494,47,,,0,69,,351492,47,,,0,32,,289675,47,,,0,74,,351488,47,,,0,29,,165720,47,,,0,68,,226392,47,,,0,28,,351484,47,,,0,70,,254489,47,,,0,29,,80239,47,,,0,65,,351507,47,,,0,28,,351489,47,,,0,70,,351493,47,,,0,28,,351508,47,,,0,30,,351496,47,,,0,70,,351485,47,,,0,30,,242562,47,,,0,100,,256918,47,,,0
8101,'5',634,,351529,47,,,0,70,,351531,47,,,0,30,,351524,47,,,0,72,,351515,47,,,0,99,,254815,47,,,0,30,,351511,47,,,0,65,,351538,47,,,0,30,,351517,47,,,0,70,,351523,47,,,0,30,,351510,47,,,0,70,,351520,47,,,0,31,,351535,47,,,0,70,,351534,47,,,0,30,,351525,47,,,0,70,,283109,47,,,0,32,,351522,47,,,0,71,,351519,47,,,0,35,,351513,47,,,0,72,,351530,47,,,0,31,,351528,47,,,0,74,,351521,47,,,0,95,,351526,47,,,0,28,,351537,47,,,0,70,,351533,47,,,0,29,,351516,47,,,0,65,,351512,47,,,0,28,,351532,47,,,0,70,,351527,47,,,0,28,,211155,47,,,0,30,,351536,47,,,0,70,,351514,47,,,0,30,,351518,47,,,0,100,,351509,47,,,0
8101,'6',634,,351557,47,,,0,70,,351559,47,,,0,30,,234979,47,,,0,72,,351545,47,,,0,99,,351550,47,,,0,30,,351542,47,,,0,65,,351567,47,,,0,30,,351547,47,,,0,70,,351553,47,,,0,30,,351541,47,,,0,70,,351549,47,,,0,31,,351563,47,,,0,70,,351562,47,,,0,30,,236164,47,,,0,70,,351565,47,,,0,32,,351552,47,,,0,71,,351548,47,,,0,35,,266165,47,,,0,72,,351558,47,,,0,31,,351556,47,,,0,74,,351551,47,,,0,95,,351554,47,,,0,28,,351566,47,,,0,70,,351561,47,,,0,29,,351546,47,,,0,65,,351543,47,,,0,28,,351560,47,,,0,70,,351555,47,,,0,28,,351539,47,,,0,30,,351564,47,,,0,70,,351544,47,,,0,30,,259520,47,,,0,100,,351540,47,,,0
8101,'7',634,,351586,47,,,0,70,,351588,47,,,0,30,,351581,47,,,0,72,,351573,47,,,0,99,,351578,47,,,0,30,,351570,47,,,0,65,,269937,47,,,0,30,,351575,47,,,0,70,,351580,47,,,0,30,,189077,47,,,0,70,,249431,47,,,0,31,,218307,47,,,0,70,,351590,47,,,0,30,,351582,47,,,0,70,,351592,47,,,0,32,,351579,47,,,0,71,,351577,47,,,0,35,,351571,47,,,0,72,,351587,47,,,0,31,,351585,47,,,0,74,,276252,47,,,0,95,,351583,47,,,0,28,,95360,47,,,0,70,,351589,47,,,0,29,,351574,47,,,0,65,,175615,47,,,0,28,,170373,47,,,0,70,,351584,47,,,0,28,,351568,47,,,0,30,,351591,47,,,0,70,,351572,47,,,0,30,,351576,47,,,0,100,,351569,47,,,0
8101,'8',845,,351608,47,,,0,70,,351602,47,,,0,30,,243603,47,,,0,70,,351613,47,,,0,30,,351598,47,,,0,70,,351601,47,,,0,30,,351604,47,,,0,70,,351603,47,,,0,32,,351615,47,,,0,70,,220235,47,,,0,30,,351605,47,,,0,70,,351595,47,,,0,30,,351596,47,,,0,70,,351600,47,,,0,30,,351611,47,,,0,70,,351610,47,,,0,30,,351609,47,,,0,70,,351599,47,,,0,30,,351594,47,,,0,70,,351606,47,,,0,28,,351597,47,,,0,100,,351612,47,,,0,100,,351616,47,,,0,100,,351607,47,,,0,100,,351614,47,,,0,100,,351593,47,,,0
8101,'9',634,,351635,47,,,0,70,,351637,47,,,0,30,,234798,47,,,0,72,,351623,47,,,0,99,,351628,47,,,0,30,,351620,47,,,0,65,,351645,47,,,0,30,,351625,47,,,0,70,,351631,47,,,0,30,,351619,47,,,0,70,,351627,47,,,0,31,,351641,47,,,0,70,,351640,47,,,0,30,,235977,47,,,0,70,,351643,47,,,0,32,,351630,47,,,0,71,,351626,47,,,0,35,,266045,47,,,0,72,,351636,47,,,0,31,,351634,47,,,0,74,,351629,47,,,0,95,,351632,47,,,0,28,,351644,47,,,0,70,,351639,47,,,0,29,,351624,47,,,0,65,,351621,47,,,0,28,,351638,47,,,0,70,,351633,47,,,0,28,,351617,47,,,0,30,,351642,47,,,0,70,,351622,47,,,0,30,,259420,47,,,0,100,,351618,47,,,0
