8100,'1',626,,350800,75,,,0,30,,350805,75,,,0,70,,235170,75,,,0,28,,155000,75,,,0,72,,350795,75,,,0,32,,350809,75,,,0,69,,350810,75,,,0,29,,350811,75,,,0,70,,350806,75,,,0,30,,350813,75,,,0,70,,350799,75,,,0,30,,350798,75,,,0,70,,350817,75,,,0,32,,233888,75,,,0,70,,279520,75,,,0,30,,350803,75,,,0,72,,350807,75,,,0,70,,227655,75,,,0,30,,350797,75,,,0,76,,350814,75,,,0,32,,241705,75,,,0,70,,350792,75,,,0,29,,350818,75,,,0,68,,350794,75,,,0,27,,350796,75,,,0,70,,350808,75,,,0,25,,350793,75,,,0,29,,350815,75,,,0,70,,350819,75,,,0,30,,246669,75,,,0,66,,350812,75,,,0,30,,350801,75,,,0,70,,350816,75,,,0,30,,350802,75,,,0,100,,350804,75,,,0,85,,218496,75,,,0
8100,'10',812,,350833,75,,,0,30,,350836,75,,,0,70,,350827,75,,,0,30,,350821,75,,,0,70,,350838,75,,,0,30,,350822,75,,,0,72,,350825,75,,,0,30,,258919,75,,,0,70,,350839,75,,,0,30,,230200,75,,,0,72,,350831,75,,,0,30,,350837,75,,,0,70,,350832,75,,,0,30,,222998,75,,,0,70,,289658,75,,,0,30,,245165,75,,,0,70,,350830,75,,,0,30,,350834,75,,,0,70,,350820,75,,,0,30,,288032,75,,,0,70,,233933,75,,,0,30,,350826,75,,,0,68,,350824,75,,,0,30,,207555,75,,,0,70,,350835,75,,,0,100,,350823,75,,,0,98,,350829,75,,,0,100,,350828,75,,,0,100,,262301,75,,,0
8100,'11',626,,350857,75,,,0,30,,350840,75,,,0,70,,350842,75,,,0,28,,350845,75,,,0,67,,350861,75,,,0,35,,350848,75,,,0,72,,350854,75,,,0,28,,350852,75,,,0,70,,350864,75,,,0,30,,350849,75,,,0,70,,255045,75,,,0,30,,182098,75,,,0,70,,350859,75,,,0,32,,270985,75,,,0,70,,206920,75,,,0,30,,350862,75,,,0,72,,291576,75,,,0,70,,206073,75,,,0,30,,350860,75,,,0,76,,350865,75,,,0,34,,350847,75,,,0,97,,350850,75,,,0,68,,211573,75,,,0,27,,350846,75,,,0,70,,350855,75,,,0,25,,350841,75,,,0,29,,350856,75,,,0,70,,350858,75,,,0,30,,350843,75,,,0,66,,268478,75,,,0,30,,350863,75,,,0,70,,350851,75,,,0,30,,350844,75,,,0,100,,350853,75,,,0,85,,281410,75,,,0
8100,'12',809,,350867,75,,,0,30,,350886,75,,,0,70,,350889,75,,,0,30,,350876,75,,,0,70,,350890,75,,,0,30,,350879,75,,,0,72,,350881,75,,,0,30,,350885,75,,,0,70,,350883,75,,,0,30,,350877,75,,,0,72,,350868,75,,,0,30,,350882,75,,,0,70,,350887,75,,,0,30,,350880,75,,,0,70,,350874,75,,,0,30,,350884,75,,,0,70,,350869,75,,,0,30,,350888,75,,,0,70,,261314,75,,,0,30,,350866,75,,,0,70,,350870,75,,,0,30,,350871,75,,,0,68,,350891,75,,,0,100,,350873,75,,,0,100,,350872,75,,,0,98,,350875,75,,,0,100,,350878,75,,,0
8100,'13',626,,350909,75,,,0,30,,350892,75,,,0,70,,350894,75,,,0,28,,350897,75,,,0,67,,350913,75,,,0,35,,350900,75,,,0,72,,350906,75,,,0,28,,350904,75,,,0,70,,350916,75,,,0,30,,350901,75,,,0,70,,255073,75,,,0,30,,181558,75,,,0,70,,350911,75,,,0,32,,271022,75,,,0,70,,206967,75,,,0,30,,350914,75,,,0,72,,291603,75,,,0,70,,206063,75,,,0,30,,350912,75,,,0,76,,350917,75,,,0,34,,350899,75,,,0,97,,350902,75,,,0,68,,211620,75,,,0,27,,350898,75,,,0,70,,350907,75,,,0,25,,350893,75,,,0,29,,350908,75,,,0,70,,350910,75,,,0,30,,350895,75,,,0,66,,268508,75,,,0,30,,350915,75,,,0,70,,350903,75,,,0,30,,350896,75,,,0,100,,350905,75,,,0,85,,281445,75,,,0
8100,'14',626,,350935,75,,,0,30,,350918,75,,,0,70,,350920,75,,,0,28,,350923,75,,,0,67,,350939,75,,,0,35,,350926,75,,,0,72,,350932,75,,,0,28,,350930,75,,,0,70,,350942,75,,,0,30,,350927,75,,,0,70,,255200,75,,,0,30,,181843,75,,,0,70,,350937,75,,,0,32,,271182,75,,,0,70,,207142,75,,,0,30,,350940,75,,,0,72,,291706,75,,,0,70,,206065,75,,,0,30,,350938,75,,,0,76,,350943,75,,,0,34,,350925,75,,,0,97,,350928,75,,,0,68,,211844,75,,,0,27,,350924,75,,,0,70,,350933,75,,,0,25,,350919,75,,,0,29,,350934,75,,,0,70,,350936,75,,,0,30,,350921,75,,,0,66,,268631,75,,,0,30,,350941,75,,,0,70,,350929,75,,,0,30,,350922,75,,,0,100,,350931,75,,,0,85,,281611,75,,,0
8100,'15',809,,350945,75,,,0,30,,350964,75,,,0,70,,269528,75,,,0,30,,350954,75,,,0,70,,350967,75,,,0,30,,350957,75,,,0,72,,350959,75,,,0,30,,350963,75,,,0,70,,350960,75,,,0,30,,350955,75,,,0,72,,350946,75,,,0,30,,258283,75,,,0,70,,350965,75,,,0,30,,350958,75,,,0,70,,350952,75,,,0,30,,350961,75,,,0,70,,350947,75,,,0,30,,350966,75,,,0,70,,350962,75,,,0,30,,350944,75,,,0,70,,350948,75,,,0,30,,350949,75,,,0,68,,350968,75,,,0,100,,350951,75,,,0,100,,350950,75,,,0,98,,350953,75,,,0,100,,350956,75,,,0
8100,'16',812,,181424,75,,,0,30,,350989,75,,,0,70,,350981,75,,,0,30,,350971,75,,,0,70,,350991,75,,,0,30,,350972,75,,,0,72,,286218,75,,,0,30,,350985,75,,,0,70,,350993,75,,,0,30,,350973,75,,,0,72,,350986,75,,,0,30,,350990,75,,,0,70,,185951,75,,,0,30,,350980,75,,,0,70,,350978,75,,,0,30,,350992,75,,,0,70,,350984,75,,,0,30,,350987,75,,,0,70,,350970,75,,,0,30,,350974,75,,,0,70,,350994,75,,,0,30,,350979,75,,,0,68,,350976,75,,,0,30,,350977,75,,,0,70,,350988,75,,,0,100,,350975,75,,,0,98,,350983,75,,,0,100,,350982,75,,,0,100,,350969,75,,,0
8100,'2',626,,351013,75,,,0,30,,350995,75,,,0,70,,350998,75,,,0,28,,351000,75,,,0,67,,351017,75,,,0,35,,351002,75,,,0,72,,351009,75,,,0,28,,351008,75,,,0,70,,351021,75,,,0,30,,351003,75,,,0,70,,351011,75,,,0,30,,351018,75,,,0,70,,351015,75,,,0,32,,351024,75,,,0,70,,351006,75,,,0,30,,264471,75,,,0,72,,351004,75,,,0,70,,351019,75,,,0,30,,351016,75,,,0,76,,351022,75,,,0,34,,351001,75,,,0,97,,276360,75,,,0,68,,350997,75,,,0,27,,267404,75,,,0,70,,351010,75,,,0,25,,350996,75,,,0,29,,351012,75,,,0,70,,351014,75,,,0,30,,270808,75,,,0,66,,351005,75,,,0,30,,351020,75,,,0,70,,351007,75,,,0,30,,350999,75,,,0,100,,242406,75,,,0,85,,351023,75,,,0
8100,'3',626,,351042,75,,,0,30,,237744,75,,,0,70,,351027,75,,,0,28,,291823,75,,,0,67,,351044,75,,,0,35,,210071,75,,,0,72,,351038,75,,,0,28,,351036,75,,,0,70,,351049,75,,,0,30,,351031,75,,,0,70,,351040,75,,,0,30,,351045,75,,,0,70,,277254,75,,,0,32,,351052,75,,,0,70,,351035,75,,,0,30,,351047,75,,,0,72,,351032,75,,,0,70,,351046,75,,,0,30,,288495,75,,,0,76,,351050,75,,,0,34,,351030,75,,,0,97,,351033,75,,,0,68,,351026,75,,,0,27,,351029,75,,,0,70,,351039,75,,,0,25,,351025,75,,,0,29,,351041,75,,,0,70,,351043,75,,,0,30,,351028,75,,,0,66,,351034,75,,,0,30,,351048,75,,,0,70,,211018,75,,,0,30,,210062,75,,,0,100,,351037,75,,,0,85,,351051,75,,,0
8100,'4',626,,351057,75,,,0,30,,351060,75,,,0,70,,351076,75,,,0,29,,223021,75,,,0,69,,351078,75,,,0,34,,351070,75,,,0,70,,351082,75,,,0,28,,225077,75,,,0,70,,351079,75,,,0,30,,351071,75,,,0,70,,351066,75,,,0,30,,226375,75,,,0,70,,351064,75,,,0,32,,351067,75,,,0,70,,351056,75,,,0,30,,351075,75,,,0,72,,250261,75,,,0,70,,351058,75,,,0,30,,351055,75,,,0,76,,351069,75,,,0,32,,351062,75,,,0,70,,215892,75,,,0,29,,351077,75,,,0,68,,351074,75,,,0,27,,351081,75,,,0,70,,351061,75,,,0,25,,351068,75,,,0,29,,351072,75,,,0,70,,272777,75,,,0,30,,351080,75,,,0,66,,351053,75,,,0,30,,351073,75,,,0,70,,351065,75,,,0,30,,351059,75,,,0,100,,351063,75,,,0,85,,351054,75,,,0
8100,'5',626,,351100,75,,,0,30,,237854,75,,,0,70,,351085,75,,,0,28,,291873,75,,,0,67,,351102,75,,,0,35,,177633,75,,,0,72,,351096,75,,,0,28,,351094,75,,,0,70,,351107,75,,,0,30,,351089,75,,,0,70,,351098,75,,,0,30,,351103,75,,,0,70,,277338,75,,,0,32,,351110,75,,,0,70,,351093,75,,,0,30,,351105,75,,,0,72,,351090,75,,,0,70,,351104,75,,,0,30,,193815,75,,,0,76,,351108,75,,,0,34,,351088,75,,,0,97,,351091,75,,,0,68,,351084,75,,,0,27,,351087,75,,,0,70,,351097,75,,,0,25,,351083,75,,,0,29,,351099,75,,,0,70,,351101,75,,,0,30,,351086,75,,,0,66,,351092,75,,,0,30,,351106,75,,,0,70,,211173,75,,,0,30,,210211,75,,,0,100,,351095,75,,,0,85,,351109,75,,,0
8100,'6',626,,351128,75,,,0,30,,351111,75,,,0,70,,351113,75,,,0,28,,351116,75,,,0,67,,351132,75,,,0,35,,351119,75,,,0,72,,351125,75,,,0,28,,351123,75,,,0,70,,351135,75,,,0,30,,351120,75,,,0,70,,254867,75,,,0,30,,182030,75,,,0,70,,351130,75,,,0,32,,270773,75,,,0,70,,206648,75,,,0,30,,351133,75,,,0,72,,291412,75,,,0,70,,206071,75,,,0,30,,351131,75,,,0,76,,351136,75,,,0,34,,351118,75,,,0,97,,351121,75,,,0,68,,211269,75,,,0,27,,351117,75,,,0,70,,351126,75,,,0,25,,351112,75,,,0,29,,351127,75,,,0,70,,351129,75,,,0,30,,351114,75,,,0,66,,268310,75,,,0,30,,351134,75,,,0,70,,351122,75,,,0,30,,351115,75,,,0,100,,351124,75,,,0,85,,281189,75,,,0
8100,'7',626,,351155,75,,,0,30,,351137,75,,,0,70,,351140,75,,,0,28,,351142,75,,,0,67,,351159,75,,,0,35,,351144,75,,,0,72,,351151,75,,,0,28,,351150,75,,,0,70,,351163,75,,,0,30,,351145,75,,,0,70,,351153,75,,,0,30,,351160,75,,,0,70,,351157,75,,,0,32,,351166,75,,,0,70,,351148,75,,,0,30,,264268,75,,,0,72,,351146,75,,,0,70,,351161,75,,,0,30,,351158,75,,,0,76,,351164,75,,,0,34,,351143,75,,,0,97,,276245,75,,,0,68,,351139,75,,,0,27,,267331,75,,,0,70,,351152,75,,,0,25,,351138,75,,,0,29,,351154,75,,,0,70,,351156,75,,,0,30,,270709,75,,,0,66,,351147,75,,,0,30,,351162,75,,,0,70,,351149,75,,,0,30,,351141,75,,,0,100,,242271,75,,,0,85,,351165,75,,,0
8100,'8',809,,351168,75,,,0,30,,351187,75,,,0,70,,351190,75,,,0,30,,351177,75,,,0,70,,351191,75,,,0,30,,351180,75,,,0,72,,351182,75,,,0,30,,351186,75,,,0,70,,351184,75,,,0,30,,351178,75,,,0,72,,351169,75,,,0,30,,351183,75,,,0,70,,351188,75,,,0,30,,351181,75,,,0,70,,351175,75,,,0,30,,351185,75,,,0,70,,351170,75,,,0,30,,351189,75,,,0,70,,125287,75,,,0,30,,351167,75,,,0,70,,351171,75,,,0,30,,351172,75,,,0,68,,351192,75,,,0,100,,351174,75,,,0,100,,351173,75,,,0,98,,351176,75,,,0,100,,351179,75,,,0
8100,'9',626,,351210,75,,,0,30,,351193,75,,,0,70,,351195,75,,,0,28,,351198,75,,,0,67,,351214,75,,,0,35,,351201,75,,,0,72,,351207,75,,,0,28,,351205,75,,,0,70,,351217,75,,,0,30,,351202,75,,,0,70,,254782,75,,,0,30,,181882,75,,,0,70,,351212,75,,,0,32,,270676,75,,,0,70,,206528,75,,,0,30,,351215,75,,,0,72,,291333,75,,,0,70,,206067,75,,,0,30,,351213,75,,,0,76,,351218,75,,,0,34,,351200,75,,,0,97,,351203,75,,,0,68,,211110,75,,,0,27,,351199,75,,,0,70,,351208,75,,,0,25,,351194,75,,,0,29,,351209,75,,,0,70,,351211,75,,,0,30,,351196,75,,,0,66,,268225,75,,,0,30,,351216,75,,,0,70,,351204,75,,,0,30,,351197,75,,,0,100,,351206,75,,,0,85,,281081,75,,,0
