11701,'12',1557,,196391,27,,,1,69,,286170,27,,,1,30,,286171,27,,,1,70,,286172,27,,,1,29,,286169,27,,,1
11701,'14',1556,,162887,27,,,1,70,,286174,27,,,1,30,,286175,27,,,1,70,,286173,27,,,1,29,,286176,27,,,1
11701,'15',1557,,196401,27,,,1,69,,286178,27,,,1,30,,286179,27,,,1,70,,286180,27,,,1,29,,286177,27,,,1
11701,'17',1556,,162829,27,,,1,70,,286182,27,,,1,30,,286183,27,,,1,70,,286181,27,,,1,29,,286184,27,,,1
11701,'18',1556,,162964,27,,,1,70,,286186,27,,,1,30,,286187,27,,,1,70,,286185,27,,,1,29,,286188,27,,,1
11701,'2',1556,,286190,27,,,1,70,,182546,27,,,1,30,,193855,27,,,1,70,,286189,27,,,1,29,,286191,27,,,1
11701,'3',1557,,286193,27,,,1,69,,199768,27,,,1,30,,286194,27,,,1,70,,286195,27,,,1,29,,286192,27,,,1
11701,'4',1557,,196403,27,,,1,69,,286197,27,,,1,30,,286198,27,,,1,70,,286199,27,,,1,29,,286196,27,,,1
11701,'5',1557,,196369,27,,,1,69,,286201,27,,,1,30,,286202,27,,,1,70,,286203,27,,,1,29,,286200,27,,,1
11701,'7',1556,,286206,27,,,1,70,,286205,27,,,1,30,,286207,27,,,1,70,,286204,27,,,1,29,,286208,27,,,1
11701,'8',1557,,286209,27,,,1,99,,286211,27,,,1,99,,286210,27,,,1
11701,'9',1557,,196389,27,,,1,69,,286213,27,,,1,30,,286214,27,,,1,70,,286215,27,,,1,29,,286212,27,,,1
61701,'12',1538,,294869,22,,,1
61701,'15',1538,,294870,22,,,1
61701,'3',1538,,294871,22,,,1
61701,'4',1538,,294872,22,,,1
61701,'5',1538,,294873,22,,,1
61701,'9',1538,,294874,22,,,1
