4201,'1',738,,45315,14,,,1,100,,45310,14,,,1,100,,45319,14,,,1,70,,45307,14,,,1,30,,45311,14,,,1,70,,45306,14,,,1,30,,45318,14,,,1,70,,45313,14,,,1,30,,45322,14,,,1,70,,45314,14,,,1,30,,45317,14,,,1,70,,45325,14,,,1,30,,45320,14,,,1,70,,45316,14,,,1,30,,45321,14,,,1,70,,45309,14,,,1,30,,45312,14,,,1,70,,45308,14,,,1,30,,45323,14,,,1,70,,45324,14,,,1
4201,'10',547,,45334,14,,,1,100,,45327,14,,,1,70,,45353,14,,,1,30,,45331,14,,,1,73,,45332,14,,,1,13,,45348,14,,,1,67,,45335,14,,,1,28,,45326,14,,,1,30,,45347,14,,,1,70,,45356,14,,,1,30,,45349,14,,,1,70,,45354,14,,,1,30,,45355,14,,,1,70,,45329,14,,,1,30,,45337,14,,,1,70,,45343,14,,,1,31,,45346,14,,,1,70,,45344,14,,,1,30,,45338,14,,,1,68,,45341,14,,,1,20,,45357,14,,,1,72,,45342,14,,,1,30,,45351,14,,,1,70,,45336,14,,,1,27,,45350,14,,,1,70,,45328,14,,,1,30,,45358,14,,,1,70,,45339,14,,,1,30,,45352,14,,,1,70,,45330,14,,,1,30,,45333,14,,,1,72,,45345,14,,,1,30,,45340,14,,,1
4201,'11',547,,45367,14,,,1,100,,45360,14,,,1,70,,45386,14,,,1,30,,45364,14,,,1,73,,45365,14,,,1,13,,45381,14,,,1,67,,45368,14,,,1,28,,45359,14,,,1,30,,45380,14,,,1,70,,45389,14,,,1,30,,45382,14,,,1,70,,45387,14,,,1,30,,45388,14,,,1,70,,45362,14,,,1,30,,45370,14,,,1,70,,45376,14,,,1,31,,45379,14,,,1,70,,45377,14,,,1,30,,45371,14,,,1,68,,45374,14,,,1,20,,45390,14,,,1,72,,45375,14,,,1,30,,45384,14,,,1,70,,45369,14,,,1,27,,45383,14,,,1,70,,45361,14,,,1,30,,45391,14,,,1,70,,45372,14,,,1,30,,45385,14,,,1,70,,45363,14,,,1,30,,45366,14,,,1,72,,45378,14,,,1,30,,45373,14,,,1
4201,'12',547,,45400,14,,,1,100,,45393,14,,,1,70,,45419,14,,,1,30,,45397,14,,,1,73,,45398,14,,,1,13,,45414,14,,,1,67,,45401,14,,,1,28,,45392,14,,,1,30,,45413,14,,,1,70,,45422,14,,,1,30,,45415,14,,,1,70,,45420,14,,,1,30,,45421,14,,,1,70,,45395,14,,,1,30,,45403,14,,,1,70,,45409,14,,,1,31,,45412,14,,,1,70,,45410,14,,,1,30,,45404,14,,,1,68,,45407,14,,,1,20,,45423,14,,,1,72,,45408,14,,,1,30,,45417,14,,,1,70,,45402,14,,,1,27,,45416,14,,,1,70,,45394,14,,,1,30,,45424,14,,,1,70,,45405,14,,,1,30,,45418,14,,,1,70,,45396,14,,,1,30,,45399,14,,,1,72,,45411,14,,,1,30,,45406,14,,,1
4201,'13',547,,45438,14,,,1,100,,45450,14,,,1,70,,45445,14,,,1,32,,45443,14,,,1,70,,45454,14,,,1,14,,45453,14,,,1,67,,45439,14,,,1,28,,45456,14,,,1,30,,45437,14,,,1,70,,45452,14,,,1,30,,45434,14,,,1,70,,45431,14,,,1,30,,45448,14,,,1,70,,45435,14,,,1,30,,45451,14,,,1,70,,45426,14,,,1,31,,45455,14,,,1,70,,45432,14,,,1,30,,45446,14,,,1,70,,45425,14,,,1,20,,45442,14,,,1,70,,45427,14,,,1,28,,45428,14,,,1,72,,45429,14,,,1,27,,45436,14,,,1,70,,45457,14,,,1,30,,45444,14,,,1,70,,45440,14,,,1,30,,45433,14,,,1,70,,45447,14,,,1,30,,45430,14,,,1,72,,45441,14,,,1,30,,45449,14,,,1
4201,'14',614,,45464,14,,,1,100,,45472,14,,,1,100,,45477,14,,,1,30,,45466,14,,,1,70,,45482,14,,,1,30,,45458,14,,,1,70,,45461,14,,,1,30,,45470,14,,,1,70,,45459,14,,,1,30,,45478,14,,,1,70,,45480,14,,,1,30,,45481,14,,,1,70,,45479,14,,,1,30,,45467,14,,,1,70,,45473,14,,,1,30,,45460,14,,,1,70,,45463,14,,,1,30,,45465,14,,,1,70,,45468,14,,,1,30,,45476,14,,,1,70,,45462,14,,,1,30,,45469,14,,,1,70,,45471,14,,,1,30,,45475,14,,,1,70,,45474,14,,,1
4201,'15',547,,45491,14,,,1,100,,45484,14,,,1,70,,45510,14,,,1,30,,45488,14,,,1,73,,45489,14,,,1,13,,45505,14,,,1,67,,45492,14,,,1,28,,45483,14,,,1,30,,45504,14,,,1,70,,45513,14,,,1,30,,45506,14,,,1,70,,45511,14,,,1,30,,45512,14,,,1,70,,45486,14,,,1,30,,45494,14,,,1,70,,45500,14,,,1,31,,45503,14,,,1,70,,45501,14,,,1,30,,45495,14,,,1,68,,45498,14,,,1,20,,45514,14,,,1,72,,45499,14,,,1,30,,45508,14,,,1,70,,45493,14,,,1,27,,45507,14,,,1,70,,45485,14,,,1,30,,45515,14,,,1,70,,45496,14,,,1,30,,45509,14,,,1,70,,45487,14,,,1,30,,45490,14,,,1,72,,45502,14,,,1,30,,45497,14,,,1
4201,'16',547,,45524,14,,,1,100,,45517,14,,,1,70,,45543,14,,,1,30,,45521,14,,,1,73,,45522,14,,,1,13,,45538,14,,,1,67,,45525,14,,,1,28,,45516,14,,,1,30,,45537,14,,,1,70,,45546,14,,,1,30,,45539,14,,,1,70,,45544,14,,,1,30,,45545,14,,,1,70,,45519,14,,,1,30,,45527,14,,,1,70,,45533,14,,,1,31,,45536,14,,,1,70,,45534,14,,,1,30,,45528,14,,,1,68,,45531,14,,,1,20,,45547,14,,,1,72,,45532,14,,,1,30,,45541,14,,,1,70,,45526,14,,,1,27,,45540,14,,,1,70,,45518,14,,,1,30,,45548,14,,,1,70,,45529,14,,,1,30,,45542,14,,,1,70,,45520,14,,,1,30,,45523,14,,,1,72,,45535,14,,,1,30,,45530,14,,,1
4201,'17',547,,45562,14,,,1,100,,45574,14,,,1,70,,45569,14,,,1,32,,45567,14,,,1,70,,45578,14,,,1,14,,45577,14,,,1,67,,45563,14,,,1,28,,45580,14,,,1,30,,45561,14,,,1,70,,45576,14,,,1,30,,45558,14,,,1,70,,45555,14,,,1,30,,45572,14,,,1,70,,45559,14,,,1,30,,45575,14,,,1,70,,45550,14,,,1,31,,45579,14,,,1,70,,45556,14,,,1,30,,45570,14,,,1,70,,45549,14,,,1,20,,45566,14,,,1,70,,45551,14,,,1,28,,45552,14,,,1,72,,45553,14,,,1,27,,45560,14,,,1,70,,45581,14,,,1,30,,45568,14,,,1,70,,45564,14,,,1,30,,45557,14,,,1,70,,45571,14,,,1,30,,45554,14,,,1,72,,45565,14,,,1,30,,45573,14,,,1
4201,'18',547,,45587,14,,,1,100,,45599,14,,,1,100,,45600,14,,,1,72,,45597,14,,,1,14,,45605,14,,,1,67,,45585,14,,,1,28,,45582,14,,,1,30,,45586,14,,,1,70,,45595,14,,,1,30,,45610,14,,,1,70,,45593,14,,,1,30,,45601,14,,,1,70,,45598,14,,,1,30,,45604,14,,,1,70,,45608,14,,,1,31,,45596,14,,,1,70,,45607,14,,,1,29,,45606,14,,,1,70,,45588,14,,,1,23,,45583,14,,,1,68,,45589,14,,,1,30,,45590,14,,,1,70,,45594,14,,,1,27,,45591,14,,,1,69,,45592,14,,,1,31,,45603,14,,,1,70,,45584,14,,,1,30,,45602,14,,,1,100,,45611,14,,,1,102,,45609,14,,,1
4201,'19',547,,45625,14,,,1,100,,45637,14,,,1,70,,45632,14,,,1,32,,45630,14,,,1,70,,45641,14,,,1,14,,45640,14,,,1,67,,45626,14,,,1,28,,45643,14,,,1,30,,45624,14,,,1,70,,45639,14,,,1,30,,45621,14,,,1,70,,45618,14,,,1,30,,45635,14,,,1,70,,45622,14,,,1,30,,45638,14,,,1,70,,45613,14,,,1,31,,45642,14,,,1,70,,45619,14,,,1,30,,45633,14,,,1,70,,45612,14,,,1,20,,45629,14,,,1,70,,45614,14,,,1,28,,45615,14,,,1,72,,45616,14,,,1,27,,45623,14,,,1,70,,45644,14,,,1,30,,45631,14,,,1,70,,45627,14,,,1,30,,45620,14,,,1,70,,45634,14,,,1,30,,45617,14,,,1,72,,45628,14,,,1,30,,45636,14,,,1
4201,'2',738,,45654,14,,,1,100,,45649,14,,,1,100,,45658,14,,,1,70,,45646,14,,,1,30,,45650,14,,,1,70,,45645,14,,,1,30,,45657,14,,,1,70,,45652,14,,,1,30,,45661,14,,,1,70,,45653,14,,,1,30,,45656,14,,,1,70,,45664,14,,,1,30,,45659,14,,,1,70,,45655,14,,,1,30,,45660,14,,,1,70,,45648,14,,,1,30,,45651,14,,,1,70,,45647,14,,,1,30,,45662,14,,,1,70,,45663,14,,,1
4201,'3',547,,45673,14,,,1,100,,45666,14,,,1,70,,45692,14,,,1,30,,45670,14,,,1,73,,45671,14,,,1,13,,45687,14,,,1,67,,45674,14,,,1,28,,45665,14,,,1,30,,45686,14,,,1,70,,45695,14,,,1,30,,45688,14,,,1,70,,45693,14,,,1,30,,45694,14,,,1,70,,45668,14,,,1,30,,45676,14,,,1,70,,45682,14,,,1,31,,45685,14,,,1,70,,45683,14,,,1,30,,45677,14,,,1,68,,45680,14,,,1,20,,45696,14,,,1,72,,45681,14,,,1,30,,45690,14,,,1,70,,45675,14,,,1,27,,45689,14,,,1,70,,45667,14,,,1,30,,45697,14,,,1,70,,45678,14,,,1,30,,45691,14,,,1,70,,45669,14,,,1,30,,45672,14,,,1,72,,45684,14,,,1,30,,45679,14,,,1
4201,'4',547,,45706,14,,,1,100,,45699,14,,,1,70,,45725,14,,,1,30,,45703,14,,,1,73,,45704,14,,,1,13,,45720,14,,,1,67,,45707,14,,,1,28,,45698,14,,,1,30,,45719,14,,,1,70,,45728,14,,,1,30,,45721,14,,,1,70,,45726,14,,,1,30,,45727,14,,,1,70,,45701,14,,,1,30,,45709,14,,,1,70,,45715,14,,,1,31,,45718,14,,,1,70,,45716,14,,,1,30,,45710,14,,,1,68,,45713,14,,,1,20,,45729,14,,,1,72,,45714,14,,,1,30,,45723,14,,,1,70,,45708,14,,,1,27,,45722,14,,,1,70,,45700,14,,,1,30,,45730,14,,,1,70,,45711,14,,,1,30,,45724,14,,,1,70,,45702,14,,,1,30,,45705,14,,,1,72,,45717,14,,,1,30,,45712,14,,,1
4201,'5',547,,45744,14,,,1,100,,45756,14,,,1,70,,45751,14,,,1,32,,45749,14,,,1,70,,45760,14,,,1,14,,45759,14,,,1,67,,45745,14,,,1,28,,45762,14,,,1,30,,45743,14,,,1,70,,45758,14,,,1,30,,45740,14,,,1,70,,45737,14,,,1,30,,45754,14,,,1,70,,45741,14,,,1,30,,45757,14,,,1,70,,45732,14,,,1,31,,45761,14,,,1,70,,45738,14,,,1,30,,45752,14,,,1,70,,45731,14,,,1,20,,45748,14,,,1,70,,45733,14,,,1,28,,45734,14,,,1,72,,45735,14,,,1,27,,45742,14,,,1,70,,45763,14,,,1,30,,45750,14,,,1,70,,45746,14,,,1,30,,45739,14,,,1,70,,45753,14,,,1,30,,45736,14,,,1,72,,45747,14,,,1,30,,45755,14,,,1
4201,'6',547,,45772,14,,,1,100,,45765,14,,,1,70,,45791,14,,,1,30,,45769,14,,,1,73,,45770,14,,,1,13,,45786,14,,,1,67,,45773,14,,,1,28,,45764,14,,,1,30,,45785,14,,,1,70,,45794,14,,,1,30,,45787,14,,,1,70,,45792,14,,,1,30,,45793,14,,,1,70,,45767,14,,,1,30,,45775,14,,,1,70,,45781,14,,,1,31,,45784,14,,,1,70,,45782,14,,,1,30,,45776,14,,,1,68,,45779,14,,,1,20,,45795,14,,,1,72,,45780,14,,,1,30,,45789,14,,,1,70,,45774,14,,,1,27,,45788,14,,,1,70,,45766,14,,,1,30,,45796,14,,,1,70,,45777,14,,,1,30,,45790,14,,,1,70,,45768,14,,,1,30,,45771,14,,,1,72,,45783,14,,,1,30,,45778,14,,,1
4201,'7',547,,45810,14,,,1,100,,45822,14,,,1,70,,45817,14,,,1,32,,45815,14,,,1,70,,45826,14,,,1,14,,45825,14,,,1,67,,45811,14,,,1,28,,45828,14,,,1,30,,45809,14,,,1,70,,45824,14,,,1,30,,45806,14,,,1,70,,45803,14,,,1,30,,45820,14,,,1,70,,45807,14,,,1,30,,45823,14,,,1,70,,45798,14,,,1,31,,45827,14,,,1,70,,45804,14,,,1,30,,45818,14,,,1,70,,45797,14,,,1,20,,45814,14,,,1,70,,45799,14,,,1,28,,45800,14,,,1,72,,45801,14,,,1,27,,45808,14,,,1,70,,45829,14,,,1,30,,45816,14,,,1,70,,45812,14,,,1,30,,45805,14,,,1,70,,45819,14,,,1,30,,45802,14,,,1,72,,45813,14,,,1,30,,45821,14,,,1
4201,'8',614,,45836,14,,,1,100,,45844,14,,,1,100,,45849,14,,,1,30,,45838,14,,,1,70,,45854,14,,,1,30,,45830,14,,,1,70,,45833,14,,,1,30,,45842,14,,,1,70,,45831,14,,,1,30,,45850,14,,,1,70,,45852,14,,,1,30,,45853,14,,,1,70,,45851,14,,,1,30,,45839,14,,,1,70,,45845,14,,,1,30,,45832,14,,,1,70,,45835,14,,,1,30,,45837,14,,,1,70,,45840,14,,,1,30,,45848,14,,,1,70,,45834,14,,,1,30,,45841,14,,,1,70,,45843,14,,,1,30,,45847,14,,,1,70,,45846,14,,,1
4201,'9',738,,45864,14,,,1,100,,45859,14,,,1,100,,45868,14,,,1,70,,45856,14,,,1,30,,45860,14,,,1,70,,45855,14,,,1,30,,45867,14,,,1,70,,45862,14,,,1,30,,45871,14,,,1,70,,45863,14,,,1,30,,45866,14,,,1,70,,45874,14,,,1,30,,45869,14,,,1,70,,45865,14,,,1,30,,45870,14,,,1,70,,45858,14,,,1,30,,45861,14,,,1,70,,45857,14,,,1,30,,45872,14,,,1,70,,45873,14,,,1
