16100,'10',1459,,107670,1,,,1,50,,107665,1,,,1
16100,'11',1459,,107706,1,,,1,50,,107701,1,,,1
16100,'12',1459,,107742,1,,,1,50,,107737,1,,,1
16100,'15',1459,,107829,1,,,1,50,,107824,1,,,1
16100,'16',1459,,107865,1,,,1,50,,107860,1,,,1
16100,'3',1459,,108007,1,,,1,50,,108002,1,,,1
16100,'4',1459,,108043,1,,,1,50,,108038,1,,,1
16100,'6',1459,,108114,1,,,1,50,,108109,1,,,1
16101,'10',818,,108231,29,4,,1
16101,'11',818,,108266,29,4,,1
16101,'12',818,,108301,29,4,,1
16101,'15',818,,108388,29,4,,1
16101,'16',818,,108423,29,4,,1
16101,'3',818,,108564,29,4,,1
16101,'4',818,,108599,29,4,,1
16101,'6',818,,108669,29,4,,1
66300,'10',819,,119178,35,4,,1,2,,119179,35,4,,1,3,,119177,35,4,,1
66300,'11',819,,119184,35,4,,1,2,,119185,35,4,,1,3,,119183,35,4,,1
66300,'12',819,,119190,35,4,,1,2,,119191,35,4,,1,3,,119189,35,4,,1
66300,'15',819,,119196,35,4,,1,2,,119197,35,4,,1,3,,119195,35,4,,1
66300,'16',819,,119202,35,4,,1,2,,119203,35,4,,1,3,,119201,35,4,,1
66300,'3',819,,119208,35,4,,1,2,,119209,35,4,,1,3,,119207,35,4,,1
66300,'4',819,,119214,35,4,,1,2,,119215,35,4,,1,3,,119213,35,4,,1
66300,'6',819,,119220,35,4,,1,2,,119221,35,4,,1,3,,119219,35,4,,1
66301,'10',1459,,119225,2,,,1,50,,119226,2,,,1,1,,119224,2,,,1
66301,'11',1459,,119230,2,,,1,50,,119231,2,,,1,1,,119229,2,,,1
66301,'12',1459,,119235,2,,,1,50,,119236,2,,,1,1,,119234,2,,,1
66301,'15',1459,,119240,2,,,1,50,,119241,2,,,1,1,,119239,2,,,1
66301,'16',1459,,119245,2,,,1,50,,119246,2,,,1,1,,119244,2,,,1
66301,'3',1459,,119250,2,,,1,50,,119251,2,,,1,1,,119249,2,,,1
66301,'4',1459,,119255,2,,,1,50,,119256,2,,,1,1,,119254,2,,,1
66301,'6',1459,,119260,2,,,1,50,,119261,2,,,1,1,,119259,2,,,1
66400,'10',810,,119264,20,4,,1,4,,119263,20,4,,1,11,,119262,20,4,,1
66400,'11',810,,119267,20,4,,1,4,,119266,20,4,,1,11,,119265,20,4,,1
66400,'12',810,,119270,20,4,,1,4,,119269,20,4,,1,11,,119268,20,4,,1
66400,'15',810,,119273,20,4,,1,4,,119272,20,4,,1,11,,119271,20,4,,1
66400,'16',810,,119276,20,4,,1,4,,119275,20,4,,1,11,,119274,20,4,,1
66400,'3',810,,119279,20,4,,1,4,,119278,20,4,,1,11,,119277,20,4,,1
66400,'4',810,,119282,20,4,,1,4,,119281,20,4,,1,11,,119280,20,4,,1
66400,'6',810,,119285,20,4,,1,4,,119284,20,4,,1,11,,119283,20,4,,1
66401,'10',1509,,119288,2,,,1
66401,'11',1509,,119291,2,,,1
66401,'12',1509,,119294,2,,,1
66401,'15',1509,,119297,2,,,1
66401,'16',1509,,119300,2,,,1
66401,'3',1509,,119303,2,,,1
66401,'4',1509,,119306,2,,,1
66401,'6',1509,,119309,2,,,1
