23401,'1',1551,,203415,16,,,1,70,,203414,16,,,1,30,,203413,16,,,1,69,,203412,16,,,1,30,,10951,16,,,1,69,,203411,16,,,1,31,,91838,16,,,1
23401,'10',1551,,203419,16,,,1,100,,203416,16,,,1,99,,203418,16,,,1,100,,203417,16,,,1
23401,'12',1551,,203420,16,,,1,68,,203423,16,,,1,32,,203421,16,,,1,69,,203424,16,,,1,31,,203425,16,,,1,68,,67,16,,,1,31,,203422,16,,,1
23401,'14',1551,,203426,16,,,1,68,,203429,16,,,1,32,,203427,16,,,1,69,,203430,16,,,1,31,,203431,16,,,1,68,,203428,16,,,1,31,,56760,16,,,1
23401,'15',1551,,203432,16,,,1,68,,203435,16,,,1,32,,203433,16,,,1,69,,203436,16,,,1,31,,203437,16,,,1,68,,203434,16,,,1,31,,57038,16,,,1
23401,'16',1551,,203438,16,,,1,68,,203442,16,,,1,32,,203439,16,,,1,69,,75469,16,,,1,31,,203443,16,,,1,68,,203441,16,,,1,31,,203440,16,,,1
23401,'17',1551,,203448,16,,,1,70,,203447,16,,,1,30,,203446,16,,,1,69,,203445,16,,,1,30,,11217,16,,,1,69,,203444,16,,,1,31,,92113,16,,,1
23401,'2',1551,,203453,16,,,1,70,,203452,16,,,1,30,,203451,16,,,1,69,,203450,16,,,1,30,,11007,16,,,1,69,,203449,16,,,1,31,,91898,16,,,1
23401,'3',1551,,203454,16,,,1,68,,203457,16,,,1,32,,203455,16,,,1,69,,203458,16,,,1,31,,203459,16,,,1,68,,203456,16,,,1,31,,56939,16,,,1
23401,'5',1551,,203466,16,,,1,70,,203465,16,,,1,30,,203464,16,,,1,69,,203462,16,,,1,30,,203463,16,,,1,69,,203461,16,,,1,31,,203460,16,,,1
23401,'6',1551,,203471,16,,,1,70,,203470,16,,,1,30,,203469,16,,,1,69,,203468,16,,,1,30,,11520,16,,,1,69,,203467,16,,,1,31,,92449,16,,,1
23401,'8',1551,,203476,16,,,1,70,,203475,16,,,1,30,,203474,16,,,1,69,,203473,16,,,1,30,,11464,16,,,1,69,,203472,16,,,1,31,,92389,16,,,1
