18700,'1',646,,373348,13,,,0,70,,238125,13,,,0,29,,373347,13,,,0,72,,373349,13,,,0
18700,'11',646,,373350,13,,,0,70,,373351,13,,,0,29,,230271,13,,,0,71,,278869,13,,,0
18700,'13',646,,373352,13,,,0,70,,373353,13,,,0,29,,230301,13,,,0,71,,278920,13,,,0
18700,'14',646,,373354,13,,,0,70,,373355,13,,,0,29,,230417,13,,,0,71,,279097,13,,,0
18700,'2',646,,289613,13,,,0,70,,373358,13,,,0,29,,373357,13,,,0,71,,373356,13,,,0
18700,'3',646,,373359,13,,,0,70,,373362,13,,,0,29,,373361,13,,,0,71,,373360,13,,,0
18700,'4',644,,373364,13,,,0,72,,373363,13,,,0,100,,223044,13,,,0
18700,'5',646,,373365,13,,,0,70,,373368,13,,,0,29,,373367,13,,,0,71,,373366,13,,,0
18700,'6',646,,373369,13,,,0,70,,373370,13,,,0,29,,230108,13,,,0,71,,278557,13,,,0
18700,'7',646,,289566,13,,,0,70,,373373,13,,,0,29,,373372,13,,,0,71,,373371,13,,,0
18700,'9',646,,373374,13,,,0,70,,373375,13,,,0,29,,230026,13,,,0,71,,278421,13,,,0
67000,'11',725,,377397,10,,,0
67000,'13',725,,377398,10,,,0
67000,'14',725,,377399,10,,,0
67000,'2',725,,236274,10,,,0
67000,'3',725,,377400,10,,,0
67000,'5',725,,377401,10,,,0
67000,'6',725,,377402,10,,,0
67000,'7',725,,236082,10,,,0
67000,'9',725,,377403,10,,,0
67001,'11',1514,,377404,36,,,0
67001,'13',1514,,377405,36,,,0
67001,'14',1514,,377406,36,,,0
67001,'2',1514,,289333,36,,,0
67001,'3',1514,,377407,36,,,0
67001,'5',1514,,377408,36,,,0
67001,'6',1514,,377409,36,,,0
67001,'7',1514,,289289,36,,,0
67001,'9',1514,,377410,36,,,0
68700,'11',719,,378033,10,,,0
68700,'13',719,,378034,10,,,0
68700,'14',719,,378035,10,,,0
68700,'2',719,,265480,10,,,0
68700,'3',719,,378036,10,,,0
68700,'5',719,,378037,10,,,0
68700,'6',719,,378038,10,,,0
68700,'7',719,,265363,10,,,0
68700,'9',719,,378039,10,,,0
68701,'11',1455,,378040,34,,,0
68701,'13',1455,,378041,34,,,0
68701,'14',1455,,378042,34,,,0
68701,'2',1455,,378043,34,,,0
68701,'3',1455,,378044,34,,,0
68701,'5',1455,,378045,34,,,0
68701,'6',1455,,378046,34,,,0
68701,'7',1455,,378047,34,,,0
68701,'9',1455,,378048,34,,,0
