4701,'1',1503,,157276,2,,,1,33,,157280,2,,,1,69,,157278,2,,,1,30,,157277,2,,,1,65,,120097,2,,,1,35,,157279,2,,,1,20,,114117,2,,,1
4701,'10',1505,,157285,2,,,1,31,,157281,2,,,1,69,,157287,2,,,1,31,,157282,2,,,1,64,,157286,2,,,1,35,,157283,2,,,1,20,,157284,2,,,1
4701,'12',1505,,157291,2,,,1,30,,72644,2,,,1,68,,157288,2,,,1,32,,157289,2,,,1,65,,157290,2,,,1,37,,157292,2,,,1,18,,157293,2,,,1
4701,'14',1505,,157297,2,,,1,30,,157296,2,,,1,68,,157294,2,,,1,32,,157295,2,,,1,65,,78875,2,,,1,37,,10379,2,,,1,18,,157298,2,,,1
4701,'15',1505,,157302,2,,,1,30,,157301,2,,,1,68,,157299,2,,,1,32,,157300,2,,,1,65,,79225,2,,,1,37,,10719,2,,,1,18,,157303,2,,,1
4701,'16',1505,,157308,2,,,1,30,,157307,2,,,1,68,,157304,2,,,1,32,,157305,2,,,1,65,,157306,2,,,1,37,,157309,2,,,1,18,,157310,2,,,1
4701,'17',1503,,157311,2,,,1,33,,157315,2,,,1,69,,157313,2,,,1,30,,157312,2,,,1,65,,120103,2,,,1,35,,157314,2,,,1,20,,114278,2,,,1
4701,'2',1503,,157316,2,,,1,33,,157320,2,,,1,69,,157318,2,,,1,30,,157317,2,,,1,65,,120099,2,,,1,35,,157319,2,,,1,20,,114154,2,,,1
4701,'3',1505,,157324,2,,,1,30,,157323,2,,,1,68,,157321,2,,,1,32,,157322,2,,,1,65,,79094,2,,,1,37,,10598,2,,,1,18,,157325,2,,,1
4701,'5',1503,,157326,2,,,1,33,,157331,2,,,1,69,,157329,2,,,1,30,,157328,2,,,1,65,,157332,2,,,1,35,,157330,2,,,1,20,,157327,2,,,1
4701,'6',1503,,157333,2,,,1,33,,157337,2,,,1,69,,157335,2,,,1,30,,157334,2,,,1,65,,120107,2,,,1,35,,157336,2,,,1,20,,114477,2,,,1
4701,'8',1503,,157338,2,,,1,33,,157342,2,,,1,69,,157340,2,,,1,30,,157339,2,,,1,65,,120105,2,,,1,35,,157341,2,,,1,20,,114440,2,,,1
