1800,'1',550,,310178,8,,,0,66,,310171,8,,,0,30,,263273,8,,,0,68,,310173,8,,,0,33,,225011,8,,,0,72,,310166,8,,,0,30,,310175,8,,,0,68,,310160,8,,,0,30,,218536,8,,,0,70,,310174,8,,,0,30,,310179,8,,,0,70,,270093,8,,,0,30,,267894,8,,,0,71,,310180,8,,,0,30,,310159,8,,,0,70,,310182,8,,,0,30,,310181,8,,,0,70,,310170,8,,,0,29,,173715,8,,,0,72,,310168,8,,,0,30,,310161,8,,,0,72,,191640,8,,,0,31,,310163,8,,,0,72,,310169,8,,,0,32,,207515,8,,,0,67,,23025,8,,,0,27,,310176,8,,,0,69,,310165,8,,,0,28,,256109,8,,,0,69,,310158,8,,,0,28,,231110,8,,,0,70,,310183,8,,,0,27,,310162,8,,,0,71,,310167,8,,,0,100,,310172,8,,,0,38,,310177,8,,,0
1800,'10',728,,310185,8,,,0,30,,310187,8,,,0,70,,310196,8,,,0,30,,174855,8,,,0,70,,310194,8,,,0,30,,310184,8,,,0,71,,310205,8,,,0,30,,310203,8,,,0,70,,310189,8,,,0,30,,310200,8,,,0,70,,310201,8,,,0,30,,258896,8,,,0,70,,310209,8,,,0,30,,269234,8,,,0,70,,310190,8,,,0,30,,310207,8,,,0,70,,310188,8,,,0,30,,310202,8,,,0,70,,228579,8,,,0,30,,310193,8,,,0,70,,310208,8,,,0,30,,277513,8,,,0,70,,310206,8,,,0,30,,310191,8,,,0,70,,310199,8,,,0,30,,225647,8,,,0,69,,310192,8,,,0,30,,235210,8,,,0,70,,310198,8,,,0,30,,310197,8,,,0,70,,310186,8,,,0,108,,310204,8,,,0
1800,'11',550,,310210,8,,,0,66,,310238,8,,,0,30,,248426,8,,,0,70,,310239,8,,,0,31,,310225,8,,,0,53,,310228,8,0,99,0,19,,310224,8,,,0,30,,310236,8,,,0,68,,164075,8,,,0,30,,288729,8,,,0,70,,310218,8,,,0,30,,310229,8,,,0,70,,310237,8,,,0,30,,310230,8,,,0,71,,310214,8,,,0,30,,310213,8,,,0,70,,310220,8,,,0,30,,310223,8,,,0,70,,310215,8,,,0,29,,310232,8,,,0,72,,310235,8,,,0,30,,310233,8,,,0,103,,310231,8,,,0,72,,310234,8,,,0,32,,310211,8,,,0,67,,294820,8,,,0,27,,310212,8,,,0,69,,310240,8,,,0,28,,310217,8,,,0,69,,310227,8,,,0,28,,310226,8,,,0,70,,310216,8,,,0,27,,266423,8,,,0,71,,264759,8,,,0,100,,310219,8,,,0,38,,310222,8,,,0
1800,'12',808,,174969,8,,,0,100,,310243,8,,,0,100,,310255,8,,,0,30,,310263,8,,,0,70,,310258,8,,,0,30,,310250,8,,,0,70,,310254,8,,,0,30,,310245,8,,,0,70,,310260,8,,,0,30,,310259,8,,,0,70,,229989,8,,,0,30,,310251,8,,,0,70,,310262,8,,,0,30,,310253,8,,,0,70,,310247,8,,,0,30,,310244,8,,,0,70,,310252,8,,,0,30,,310248,8,,,0,70,,130081,8,,,0,30,,229991,8,,,0,71,,310256,8,,,0,30,,310264,8,,,0,70,,223753,8,,,0,30,,310246,8,,,0,70,,310257,8,,,0,30,,310242,8,,,0,105,,310249,8,,,0
1800,'13',550,,310265,8,,,0,66,,310293,8,,,0,30,,248461,8,,,0,70,,310294,8,,,0,31,,310280,8,,,0,53,,310283,8,0,99,0,19,,310279,8,,,0,30,,310291,8,,,0,68,,163724,8,,,0,30,,288751,8,,,0,70,,310273,8,,,0,30,,310284,8,,,0,70,,310292,8,,,0,30,,310285,8,,,0,71,,310269,8,,,0,30,,310268,8,,,0,70,,310275,8,,,0,30,,310278,8,,,0,70,,310270,8,,,0,29,,310287,8,,,0,72,,310290,8,,,0,30,,310288,8,,,0,103,,310286,8,,,0,72,,310289,8,,,0,32,,310266,8,,,0,67,,294823,8,,,0,27,,310267,8,,,0,69,,310295,8,,,0,28,,310272,8,,,0,69,,310282,8,,,0,28,,310281,8,,,0,70,,310271,8,,,0,27,,266469,8,,,0,71,,264829,8,,,0,100,,310274,8,,,0,38,,310277,8,,,0
1800,'14',550,,310296,8,,,0,66,,310324,8,,,0,30,,248621,8,,,0,70,,310325,8,,,0,31,,310311,8,,,0,53,,310314,8,0,99,0,19,,310310,8,,,0,30,,310322,8,,,0,68,,163908,8,,,0,30,,288840,8,,,0,70,,310304,8,,,0,30,,310315,8,,,0,70,,310323,8,,,0,30,,310316,8,,,0,71,,310300,8,,,0,30,,310299,8,,,0,70,,310306,8,,,0,30,,310309,8,,,0,70,,310301,8,,,0,29,,310318,8,,,0,72,,310321,8,,,0,30,,310319,8,,,0,103,,310317,8,,,0,72,,310320,8,,,0,32,,310297,8,,,0,67,,294826,8,,,0,27,,310298,8,,,0,69,,310326,8,,,0,28,,310303,8,,,0,69,,310313,8,,,0,28,,310312,8,,,0,70,,310302,8,,,0,27,,266658,8,,,0,71,,265142,8,,,0,100,,310305,8,,,0,38,,310308,8,,,0
1800,'15',808,,310341,8,,,0,100,,264941,8,,,0,100,,128937,8,,,0,30,,310348,8,,,0,70,,216822,8,,,0,30,,249787,8,,,0,70,,310340,8,,,0,30,,255709,8,,,0,70,,310345,8,,,0,30,,310344,8,,,0,70,,310329,8,,,0,30,,310336,8,,,0,70,,310347,8,,,0,30,,310339,8,,,0,70,,310333,8,,,0,30,,310331,8,,,0,70,,310337,8,,,0,30,,310334,8,,,0,70,,310338,8,,,0,30,,310330,8,,,0,71,,310342,8,,,0,30,,293189,8,,,0,70,,310327,8,,,0,30,,310332,8,,,0,70,,310343,8,,,0,30,,227723,8,,,0,105,,310335,8,,,0
1800,'16',728,,310350,8,,,0,30,,310355,8,,,0,70,,310363,8,,,0,30,,310352,8,,,0,70,,310361,8,,,0,30,,310349,8,,,0,71,,310372,8,,,0,30,,310369,8,,,0,70,,310358,8,,,0,30,,310366,8,,,0,70,,310367,8,,,0,30,,310356,8,,,0,70,,310375,8,,,0,30,,310353,8,,,0,70,,310359,8,,,0,30,,310373,8,,,0,70,,310357,8,,,0,30,,310368,8,,,0,70,,310374,8,,,0,30,,310360,8,,,0,70,,280437,8,,,0,30,,310370,8,,,0,70,,232291,8,,,0,30,,274225,8,,,0,70,,310365,8,,,0,30,,310376,8,,,0,69,,252655,8,,,0,30,,310354,8,,,0,70,,290284,8,,,0,30,,310364,8,,,0,70,,310351,8,,,0,108,,310371,8,,,0
1800,'2',550,,163352,8,,,0,66,,310404,8,,,0,30,,310406,8,,,0,70,,310405,8,,,0,31,,310392,8,,,0,53,,310395,8,0,99,0,19,,310391,8,,,0,30,,310402,8,,,0,68,,310407,8,,,0,30,,310386,8,,,0,70,,310383,8,,,0,30,,310396,8,,,0,70,,310403,8,,,0,30,,310397,8,,,0,71,,310379,8,,,0,30,,310378,8,,,0,70,,310385,8,,,0,30,,310390,8,,,0,70,,310380,8,,,0,29,,310398,8,,,0,72,,310401,8,,,0,30,,310399,8,,,0,103,,245699,8,,,0,72,,310400,8,,,0,32,,310377,8,,,0,67,,310393,8,,,0,27,,270034,8,,,0,69,,310408,8,,,0,28,,282692,8,,,0,69,,310394,8,,,0,28,,280648,8,,,0,70,,310382,8,,,0,27,,310381,8,,,0,71,,310389,8,,,0,100,,310384,8,,,0,38,,310388,8,,,0
1800,'3',550,,310409,8,,,0,66,,159919,8,,,0,30,,310435,8,,,0,70,,310434,8,,,0,31,,218085,8,,,0,53,,310426,8,0,99,0,19,,234674,8,,,0,30,,310432,8,,,0,68,,310436,8,,,0,30,,310418,8,,,0,70,,310416,8,,,0,30,,310427,8,,,0,70,,310433,8,,,0,30,,310428,8,,,0,71,,310412,8,,,0,30,,212422,8,,,0,70,,281673,8,,,0,30,,310422,8,,,0,70,,310413,8,,,0,29,,310430,8,,,0,72,,262787,8,,,0,30,,310431,8,,,0,103,,310429,8,,,0,72,,170325,8,,,0,32,,310410,8,,,0,67,,310424,8,,,0,27,,310411,8,,,0,69,,310437,8,,,0,28,,310415,8,,,0,69,,310425,8,,,0,28,,310423,8,,,0,70,,222282,8,,,0,27,,310414,8,,,0,71,,310421,8,,,0,100,,310417,8,,,0,38,,310420,8,,,0
1800,'4',550,,310455,8,,,0,66,,310449,8,,,0,30,,310451,8,,,0,69,,310446,8,,,0,32,,294834,8,,,0,72,,310458,8,,,0,30,,310464,8,,,0,68,,310468,8,,,0,30,,310438,8,,,0,70,,310457,8,,,0,30,,310460,8,,,0,70,,310459,8,,,0,30,,310465,8,,,0,71,,249010,8,,,0,30,,310447,8,,,0,70,,310456,8,,,0,30,,194337,8,,,0,70,,310462,8,,,0,29,,283427,8,,,0,74,,310441,8,,,0,28,,310448,8,,,0,72,,310444,8,,,0,31,,310453,8,,,0,72,,310445,8,,,0,32,,310452,8,,,0,67,,310439,8,,,0,27,,227687,8,,,0,69,,310450,8,,,0,28,,310461,8,,,0,69,,310463,8,,,0,28,,310440,8,,,0,70,,310443,8,,,0,27,,310466,8,,,0,71,,206871,8,,,0,100,,310467,8,,,0,38,,310454,8,,,0
1800,'5',550,,310469,8,,,0,66,,210250,8,,,0,30,,310495,8,,,0,70,,310494,8,,,0,31,,218252,8,,,0,53,,310486,8,0,99,0,19,,190686,8,,,0,30,,310492,8,,,0,68,,310496,8,,,0,30,,310478,8,,,0,70,,310476,8,,,0,30,,310487,8,,,0,70,,310493,8,,,0,30,,310488,8,,,0,71,,310472,8,,,0,30,,212512,8,,,0,70,,281781,8,,,0,30,,310482,8,,,0,70,,310473,8,,,0,29,,310490,8,,,0,72,,262978,8,,,0,30,,310491,8,,,0,103,,310489,8,,,0,72,,259465,8,,,0,32,,310470,8,,,0,67,,310484,8,,,0,27,,310471,8,,,0,69,,310497,8,,,0,28,,310475,8,,,0,69,,310485,8,,,0,28,,310483,8,,,0,70,,222345,8,,,0,27,,310474,8,,,0,71,,310481,8,,,0,100,,310477,8,,,0,38,,310480,8,,,0
1800,'6',550,,310498,8,,,0,66,,310526,8,,,0,30,,248207,8,,,0,70,,310527,8,,,0,31,,310513,8,,,0,53,,310516,8,0,99,0,19,,310512,8,,,0,30,,310524,8,,,0,68,,164026,8,,,0,30,,288592,8,,,0,70,,310506,8,,,0,30,,310517,8,,,0,70,,310525,8,,,0,30,,310518,8,,,0,71,,310502,8,,,0,30,,310501,8,,,0,70,,310508,8,,,0,30,,310511,8,,,0,70,,310503,8,,,0,29,,310520,8,,,0,72,,310523,8,,,0,30,,310521,8,,,0,103,,310519,8,,,0,72,,310522,8,,,0,32,,310499,8,,,0,67,,294815,8,,,0,27,,310500,8,,,0,69,,310528,8,,,0,28,,310505,8,,,0,69,,310515,8,,,0,28,,310514,8,,,0,70,,310504,8,,,0,27,,266162,8,,,0,71,,264330,8,,,0,100,,310507,8,,,0,38,,310510,8,,,0
1800,'7',550,,163402,8,,,0,66,,310556,8,,,0,30,,310558,8,,,0,70,,310557,8,,,0,31,,310544,8,,,0,53,,310547,8,0,99,0,19,,310543,8,,,0,30,,310554,8,,,0,68,,310559,8,,,0,30,,310538,8,,,0,70,,310535,8,,,0,30,,310548,8,,,0,70,,310555,8,,,0,30,,310549,8,,,0,71,,310531,8,,,0,30,,310530,8,,,0,70,,310537,8,,,0,30,,310542,8,,,0,70,,310532,8,,,0,29,,310550,8,,,0,72,,310553,8,,,0,30,,310551,8,,,0,103,,245602,8,,,0,72,,310552,8,,,0,32,,310529,8,,,0,67,,310545,8,,,0,27,,269890,8,,,0,69,,310560,8,,,0,28,,282636,8,,,0,69,,310546,8,,,0,28,,280564,8,,,0,70,,310534,8,,,0,27,,310533,8,,,0,71,,310541,8,,,0,100,,310536,8,,,0,38,,310540,8,,,0
1800,'8',808,,224091,8,,,0,100,,310563,8,,,0,100,,310575,8,,,0,30,,310583,8,,,0,70,,310578,8,,,0,30,,310570,8,,,0,70,,310574,8,,,0,30,,310565,8,,,0,70,,310580,8,,,0,30,,310579,8,,,0,70,,230312,8,,,0,30,,310571,8,,,0,70,,310582,8,,,0,30,,310573,8,,,0,70,,310567,8,,,0,30,,310564,8,,,0,70,,310572,8,,,0,30,,310568,8,,,0,70,,278125,8,,,0,30,,142271,8,,,0,71,,310576,8,,,0,30,,310584,8,,,0,70,,224074,8,,,0,30,,310566,8,,,0,70,,310577,8,,,0,30,,310562,8,,,0,105,,310569,8,,,0
1800,'9',550,,310585,8,,,0,66,,310613,8,,,0,30,,248106,8,,,0,70,,310614,8,,,0,31,,310600,8,,,0,53,,310603,8,0,99,0,19,,310599,8,,,0,30,,310611,8,,,0,68,,163932,8,,,0,30,,288530,8,,,0,70,,310593,8,,,0,30,,310604,8,,,0,70,,310612,8,,,0,30,,310605,8,,,0,71,,310589,8,,,0,30,,310588,8,,,0,70,,310595,8,,,0,30,,310598,8,,,0,70,,310590,8,,,0,29,,310607,8,,,0,72,,310610,8,,,0,30,,310608,8,,,0,103,,310606,8,,,0,72,,310609,8,,,0,32,,310586,8,,,0,67,,294812,8,,,0,27,,310587,8,,,0,69,,310615,8,,,0,28,,310592,8,,,0,69,,310602,8,,,0,28,,310601,8,,,0,70,,310591,8,,,0,27,,266042,8,,,0,71,,264124,8,,,0,100,,310594,8,,,0,38,,310597,8,,,0
