16800,'1',701,,111401,54,,,1,100,,111415,54,,,1,100,,111423,54,,,1,30,,111414,54,,,1,70,,111408,54,,,1,34,,111413,54,,,1,70,,111400,54,,,1,30,,111407,54,,,1,70,,111404,54,,,1,31,,111418,54,,,1,70,,111411,54,,,1,30,,111406,54,,,1,70,,111426,54,,,1,30,,111409,54,,,1,70,,111403,54,,,1,30,,111410,54,,,1,70,,111422,54,,,1,30,,111419,54,,,1,70,,111416,54,,,1,30,,111420,54,,,1,70,,111425,54,,,1,29,,111402,54,,,1,70,,111412,54,,,1,100,,111427,54,,,1,96,,111424,54,,,1,100,,111405,54,,,1,100,,111421,54,,,1,113,,111417,54,,,1
16800,'10',549,,111428,54,,,1,75,,111430,54,,,1,30,,111454,54,,,1,70,,111444,54,,,1,34,,111450,54,,,1,70,,111439,54,,,1,30,,111432,54,,,1,70,,111445,54,,,1,27,,111436,54,,,1,70,,111442,54,,,1,30,,111453,54,,,1,70,,111458,54,,,1,30,,111449,54,,,1,70,,111446,54,,,1,30,,111438,54,,,1,70,,111447,54,,,1,30,,111429,54,,,1,75,,111443,54,,,1,70,,111462,54,,,1,33,,111461,54,,,1,69,,111448,54,,,1,28,,111435,54,,,1,70,,111440,54,,,1,30,,111433,54,,,1,70,,111452,54,,,1,30,,111437,54,,,1,28,,111456,54,,,1,70,,111451,54,,,1,24,,111460,54,,,1,70,,111459,54,,,1,30,,111441,54,,,1,70,,111455,54,,,1,30,,111434,54,,,1,100,,111457,54,,,1,148,,111431,54,,,1
16800,'11',549,,111463,54,,,1,75,,111465,54,,,1,30,,111489,54,,,1,70,,111479,54,,,1,34,,111485,54,,,1,70,,111474,54,,,1,30,,111467,54,,,1,70,,111480,54,,,1,27,,111471,54,,,1,70,,111477,54,,,1,30,,111488,54,,,1,70,,111493,54,,,1,30,,111484,54,,,1,70,,111481,54,,,1,30,,111473,54,,,1,70,,111482,54,,,1,30,,111464,54,,,1,75,,111478,54,,,1,70,,111497,54,,,1,33,,111496,54,,,1,69,,111483,54,,,1,28,,111470,54,,,1,70,,111475,54,,,1,30,,111468,54,,,1,70,,111487,54,,,1,30,,111472,54,,,1,28,,111491,54,,,1,70,,111486,54,,,1,24,,111495,54,,,1,70,,111494,54,,,1,30,,111476,54,,,1,70,,111490,54,,,1,30,,111469,54,,,1,100,,111492,54,,,1,148,,111466,54,,,1
16800,'12',549,,111498,54,,,1,75,,111500,54,,,1,30,,111524,54,,,1,70,,111514,54,,,1,34,,111520,54,,,1,70,,111509,54,,,1,30,,111502,54,,,1,70,,111515,54,,,1,27,,111506,54,,,1,70,,111512,54,,,1,30,,111523,54,,,1,70,,111528,54,,,1,30,,111519,54,,,1,70,,111516,54,,,1,30,,111508,54,,,1,70,,111517,54,,,1,30,,111499,54,,,1,75,,111513,54,,,1,70,,111532,54,,,1,33,,111531,54,,,1,69,,111518,54,,,1,28,,111505,54,,,1,70,,111510,54,,,1,30,,111503,54,,,1,70,,111522,54,,,1,30,,111507,54,,,1,28,,111526,54,,,1,70,,111521,54,,,1,24,,111530,54,,,1,70,,111529,54,,,1,30,,111511,54,,,1,70,,111525,54,,,1,30,,111504,54,,,1,100,,111527,54,,,1,148,,111501,54,,,1
16800,'13',549,,111561,54,,,1,75,,111558,54,,,1,30,,111552,54,,,1,70,,111563,54,,,1,34,,111549,54,,,1,70,,111555,54,,,1,30,,111567,54,,,1,70,,111535,54,,,1,27,,111537,54,,,1,70,,111565,54,,,1,30,,111559,54,,,1,70,,111543,54,,,1,30,,111547,54,,,1,70,,111536,54,,,1,30,,111556,54,,,1,70,,111566,54,,,1,30,,111562,54,,,1,75,,111557,54,,,1,70,,111545,54,,,1,33,,111533,54,,,1,67,,111554,54,,,1,30,,111534,54,,,1,70,,111541,54,,,1,30,,111560,54,,,1,70,,111538,54,,,1,30,,111540,54,,,1,28,,111539,54,,,1,70,,111544,54,,,1,24,,111553,54,,,1,70,,111542,54,,,1,30,,111546,54,,,1,70,,111548,54,,,1,30,,111550,54,,,1,100,,111564,54,,,1,148,,111551,54,,,1
16800,'14',703,,111593,54,,,1,100,,111589,54,,,1,30,,111568,54,,,1,70,,111574,54,,,1,30,,111576,54,,,1,70,,111571,54,,,1,34,,111583,54,,,1,70,,111582,54,,,1,30,,111581,54,,,1,70,,111597,54,,,1,31,,111596,54,,,1,70,,111584,54,,,1,30,,111595,54,,,1,70,,111577,54,,,1,30,,111575,54,,,1,70,,111570,54,,,1,30,,111594,54,,,1,70,,111569,54,,,1,30,,111587,54,,,1,70,,111592,54,,,1,30,,111573,54,,,1,70,,111585,54,,,1,29,,111599,54,,,1,70,,111578,54,,,1,30,,111590,54,,,1,70,,111579,54,,,1,26,,111580,54,,,1,70,,111591,54,,,1,30,,111588,54,,,1,70,,111598,54,,,1,100,,111572,54,,,1,120,,111586,54,,,1
16800,'15',549,,111600,54,,,1,75,,111602,54,,,1,30,,111626,54,,,1,70,,111616,54,,,1,34,,111622,54,,,1,70,,111611,54,,,1,30,,111604,54,,,1,70,,111617,54,,,1,27,,111608,54,,,1,70,,111614,54,,,1,30,,111625,54,,,1,70,,111630,54,,,1,30,,111621,54,,,1,70,,111618,54,,,1,30,,111610,54,,,1,70,,111619,54,,,1,30,,111601,54,,,1,75,,111615,54,,,1,70,,111634,54,,,1,33,,111633,54,,,1,69,,111620,54,,,1,28,,111607,54,,,1,70,,111612,54,,,1,30,,111605,54,,,1,70,,111624,54,,,1,30,,111609,54,,,1,28,,111628,54,,,1,70,,111623,54,,,1,24,,111632,54,,,1,70,,111631,54,,,1,30,,111613,54,,,1,70,,111627,54,,,1,30,,111606,54,,,1,100,,111629,54,,,1,148,,111603,54,,,1
16800,'16',549,,111635,54,,,1,75,,111637,54,,,1,30,,111661,54,,,1,70,,111651,54,,,1,34,,111657,54,,,1,70,,111646,54,,,1,30,,111639,54,,,1,70,,111652,54,,,1,27,,111643,54,,,1,70,,111649,54,,,1,30,,111660,54,,,1,70,,111665,54,,,1,30,,111656,54,,,1,70,,111653,54,,,1,30,,111645,54,,,1,70,,111654,54,,,1,30,,111636,54,,,1,75,,111650,54,,,1,70,,111669,54,,,1,33,,111668,54,,,1,69,,111655,54,,,1,28,,111642,54,,,1,70,,111647,54,,,1,30,,111640,54,,,1,70,,111659,54,,,1,30,,111644,54,,,1,28,,111663,54,,,1,70,,111658,54,,,1,24,,111667,54,,,1,70,,111666,54,,,1,30,,111648,54,,,1,70,,111662,54,,,1,30,,111641,54,,,1,100,,111664,54,,,1,148,,111638,54,,,1
16800,'17',549,,111698,54,,,1,75,,111695,54,,,1,30,,111689,54,,,1,70,,111700,54,,,1,34,,111686,54,,,1,70,,111692,54,,,1,30,,111704,54,,,1,70,,111672,54,,,1,27,,111674,54,,,1,70,,111702,54,,,1,30,,111696,54,,,1,70,,111680,54,,,1,30,,111684,54,,,1,70,,111673,54,,,1,30,,111693,54,,,1,70,,111703,54,,,1,30,,111699,54,,,1,75,,111694,54,,,1,70,,111682,54,,,1,33,,111670,54,,,1,67,,111691,54,,,1,30,,111671,54,,,1,70,,111678,54,,,1,30,,111697,54,,,1,70,,111675,54,,,1,30,,111677,54,,,1,28,,111676,54,,,1,70,,111681,54,,,1,24,,111690,54,,,1,70,,111679,54,,,1,30,,111683,54,,,1,70,,111685,54,,,1,30,,111687,54,,,1,100,,111701,54,,,1,148,,111688,54,,,1
16800,'18',549,,111711,54,,,1,105,,111705,54,,,1,104,,111719,54,,,1,100,,111712,54,,,1,97,,111717,54,,,1,100,,111720,54,,,1,100,,111715,54,,,1,100,,111709,54,,,1,100,,111721,54,,,1,145,,111708,54,,,1,100,,111706,54,,,1,100,,111713,54,,,1,100,,111714,54,,,1,58,,111718,54,,,1,94,,111716,54,,,1,100,,111722,54,,,1,100,,111723,54,,,1,100,,111707,54,,,1,148,,111710,54,,,1
16800,'19',549,,111752,54,,,1,75,,111749,54,,,1,30,,111743,54,,,1,70,,111754,54,,,1,34,,111740,54,,,1,70,,111746,54,,,1,30,,111758,54,,,1,70,,111726,54,,,1,27,,111728,54,,,1,70,,111756,54,,,1,30,,111750,54,,,1,70,,111734,54,,,1,30,,111738,54,,,1,70,,111727,54,,,1,30,,111747,54,,,1,70,,111757,54,,,1,30,,111753,54,,,1,75,,111748,54,,,1,70,,111736,54,,,1,33,,111724,54,,,1,67,,111745,54,,,1,30,,111725,54,,,1,70,,111732,54,,,1,30,,111751,54,,,1,70,,111729,54,,,1,30,,111731,54,,,1,28,,111730,54,,,1,70,,111735,54,,,1,24,,111744,54,,,1,70,,111733,54,,,1,30,,111737,54,,,1,70,,111739,54,,,1,30,,111741,54,,,1,100,,111755,54,,,1,148,,111742,54,,,1
16800,'2',701,,111760,54,,,1,100,,111774,54,,,1,100,,111782,54,,,1,30,,111773,54,,,1,70,,111767,54,,,1,34,,111772,54,,,1,70,,111759,54,,,1,30,,111766,54,,,1,70,,111763,54,,,1,31,,111777,54,,,1,70,,111770,54,,,1,30,,111765,54,,,1,70,,111785,54,,,1,30,,111768,54,,,1,70,,111762,54,,,1,30,,111769,54,,,1,70,,111781,54,,,1,30,,111778,54,,,1,70,,111775,54,,,1,30,,111779,54,,,1,70,,111784,54,,,1,29,,111761,54,,,1,70,,111771,54,,,1,100,,111786,54,,,1,96,,111783,54,,,1,100,,111764,54,,,1,100,,111780,54,,,1,113,,111776,54,,,1
16800,'3',549,,111787,54,,,1,75,,111789,54,,,1,30,,111813,54,,,1,70,,111803,54,,,1,34,,111809,54,,,1,70,,111798,54,,,1,30,,111791,54,,,1,70,,111804,54,,,1,27,,111795,54,,,1,70,,111801,54,,,1,30,,111812,54,,,1,70,,111817,54,,,1,30,,111808,54,,,1,70,,111805,54,,,1,30,,111797,54,,,1,70,,111806,54,,,1,30,,111788,54,,,1,75,,111802,54,,,1,70,,111821,54,,,1,33,,111820,54,,,1,69,,111807,54,,,1,28,,111794,54,,,1,70,,111799,54,,,1,30,,111792,54,,,1,70,,111811,54,,,1,30,,111796,54,,,1,28,,111815,54,,,1,70,,111810,54,,,1,24,,111819,54,,,1,70,,111818,54,,,1,30,,111800,54,,,1,70,,111814,54,,,1,30,,111793,54,,,1,100,,111816,54,,,1,148,,111790,54,,,1
16800,'4',549,,111822,54,,,1,75,,111824,54,,,1,30,,111848,54,,,1,70,,111838,54,,,1,34,,111844,54,,,1,70,,111833,54,,,1,30,,111826,54,,,1,70,,111839,54,,,1,27,,111830,54,,,1,70,,111836,54,,,1,30,,111847,54,,,1,70,,111852,54,,,1,30,,111843,54,,,1,70,,111840,54,,,1,30,,111832,54,,,1,70,,111841,54,,,1,30,,111823,54,,,1,75,,111837,54,,,1,70,,111856,54,,,1,33,,111855,54,,,1,69,,111842,54,,,1,28,,111829,54,,,1,70,,111834,54,,,1,30,,111827,54,,,1,70,,111846,54,,,1,30,,111831,54,,,1,28,,111850,54,,,1,70,,111845,54,,,1,24,,111854,54,,,1,70,,111853,54,,,1,30,,111835,54,,,1,70,,111849,54,,,1,30,,111828,54,,,1,100,,111851,54,,,1,148,,111825,54,,,1
16800,'5',549,,111885,54,,,1,75,,111882,54,,,1,30,,111876,54,,,1,70,,111887,54,,,1,34,,111873,54,,,1,70,,111879,54,,,1,30,,111891,54,,,1,70,,111859,54,,,1,27,,111861,54,,,1,70,,111889,54,,,1,30,,111883,54,,,1,70,,111867,54,,,1,30,,111871,54,,,1,70,,111860,54,,,1,30,,111880,54,,,1,70,,111890,54,,,1,30,,111886,54,,,1,75,,111881,54,,,1,70,,111869,54,,,1,33,,111857,54,,,1,67,,111878,54,,,1,30,,111858,54,,,1,70,,111865,54,,,1,30,,111884,54,,,1,70,,111862,54,,,1,30,,111864,54,,,1,28,,111863,54,,,1,70,,111868,54,,,1,24,,111877,54,,,1,70,,111866,54,,,1,30,,111870,54,,,1,70,,111872,54,,,1,30,,111874,54,,,1,100,,111888,54,,,1,148,,111875,54,,,1
16800,'6',549,,111892,54,,,1,75,,111894,54,,,1,30,,111918,54,,,1,70,,111908,54,,,1,34,,111914,54,,,1,70,,111903,54,,,1,30,,111896,54,,,1,70,,111909,54,,,1,27,,111900,54,,,1,70,,111906,54,,,1,30,,111917,54,,,1,70,,111922,54,,,1,30,,111913,54,,,1,70,,111910,54,,,1,30,,111902,54,,,1,70,,111911,54,,,1,30,,111893,54,,,1,75,,111907,54,,,1,70,,111926,54,,,1,33,,111925,54,,,1,69,,111912,54,,,1,28,,111899,54,,,1,70,,111904,54,,,1,30,,111897,54,,,1,70,,111916,54,,,1,30,,111901,54,,,1,28,,111920,54,,,1,70,,111915,54,,,1,24,,111924,54,,,1,70,,111923,54,,,1,30,,111905,54,,,1,70,,111919,54,,,1,30,,111898,54,,,1,100,,111921,54,,,1,148,,111895,54,,,1
16800,'7',549,,111955,54,,,1,75,,111952,54,,,1,30,,111946,54,,,1,70,,111957,54,,,1,34,,111943,54,,,1,70,,111949,54,,,1,30,,111961,54,,,1,70,,111929,54,,,1,27,,111931,54,,,1,70,,111959,54,,,1,30,,111953,54,,,1,70,,111937,54,,,1,30,,111941,54,,,1,70,,111930,54,,,1,30,,111950,54,,,1,70,,111960,54,,,1,30,,111956,54,,,1,75,,111951,54,,,1,70,,111939,54,,,1,33,,111927,54,,,1,67,,111948,54,,,1,30,,111928,54,,,1,70,,111935,54,,,1,30,,111954,54,,,1,70,,111932,54,,,1,30,,111934,54,,,1,28,,111933,54,,,1,70,,111938,54,,,1,24,,111947,54,,,1,70,,111936,54,,,1,30,,111940,54,,,1,70,,111942,54,,,1,30,,111944,54,,,1,100,,111958,54,,,1,148,,111945,54,,,1
16800,'8',703,,111987,54,,,1,100,,111983,54,,,1,30,,111962,54,,,1,70,,111968,54,,,1,30,,111970,54,,,1,70,,111965,54,,,1,34,,111977,54,,,1,70,,111976,54,,,1,30,,111975,54,,,1,70,,111991,54,,,1,31,,111990,54,,,1,70,,111978,54,,,1,30,,111989,54,,,1,70,,111971,54,,,1,30,,111969,54,,,1,70,,111964,54,,,1,30,,111988,54,,,1,70,,111963,54,,,1,30,,111981,54,,,1,70,,111986,54,,,1,30,,111967,54,,,1,70,,111979,54,,,1,29,,111993,54,,,1,70,,111972,54,,,1,30,,111984,54,,,1,70,,111973,54,,,1,26,,111974,54,,,1,70,,111985,54,,,1,30,,111982,54,,,1,70,,111992,54,,,1,100,,111966,54,,,1,120,,111980,54,,,1
16800,'9',701,,111995,54,,,1,100,,112009,54,,,1,100,,112017,54,,,1,30,,112008,54,,,1,70,,112002,54,,,1,34,,112007,54,,,1,70,,111994,54,,,1,30,,112001,54,,,1,70,,111998,54,,,1,31,,112012,54,,,1,70,,112005,54,,,1,30,,112000,54,,,1,70,,112020,54,,,1,30,,112003,54,,,1,70,,111997,54,,,1,30,,112004,54,,,1,70,,112016,54,,,1,30,,112013,54,,,1,70,,112010,54,,,1,30,,112014,54,,,1,70,,112019,54,,,1,29,,111996,54,,,1,70,,112006,54,,,1,100,,112021,54,,,1,96,,112018,54,,,1,100,,111999,54,,,1,100,,112015,54,,,1,113,,112011,54,,,1
