4701,'1',1526,,157276,38,,,1,76,,157280,38,,,1,29,,157278,38,,,1,28,,157277,38,,,1,64,,120097,38,,,1,34,,157279,38,,,1,59,,114117,38,,,1
4701,'10',1528,,157285,38,,,1,74,,157281,38,,,1,29,,157287,38,,,1,69,,157282,38,,,1,23,,157286,38,,,1,34,,157283,38,,,1,59,,157284,38,,,1
4701,'12',1528,,157291,38,,,1,73,,72644,38,,,1,28,,157288,38,,,1,30,,157289,38,,,1,64,,157290,38,,,1,36,,157292,38,,,1,57,,157293,38,,,1
4701,'14',1528,,157297,38,,,1,73,,157296,38,,,1,28,,157294,38,,,1,30,,157295,38,,,1,64,,78875,38,,,1,36,,10379,38,,,1,57,,157298,38,,,1
4701,'15',1528,,157302,38,,,1,73,,157301,38,,,1,28,,157299,38,,,1,30,,157300,38,,,1,64,,79225,38,,,1,36,,10719,38,,,1,57,,157303,38,,,1
4701,'16',1528,,157308,38,,,1,73,,157307,38,,,1,28,,157304,38,,,1,30,,157305,38,,,1,64,,157306,38,,,1,36,,157309,38,,,1,57,,157310,38,,,1
4701,'17',1526,,157311,38,,,1,76,,157315,38,,,1,29,,157313,38,,,1,28,,157312,38,,,1,64,,120103,38,,,1,34,,157314,38,,,1,59,,114278,38,,,1
4701,'2',1526,,157316,38,,,1,76,,157320,38,,,1,29,,157318,38,,,1,28,,157317,38,,,1,64,,120099,38,,,1,34,,157319,38,,,1,59,,114154,38,,,1
4701,'3',1528,,157324,38,,,1,73,,157323,38,,,1,28,,157321,38,,,1,30,,157322,38,,,1,64,,79094,38,,,1,36,,10598,38,,,1,57,,157325,38,,,1
4701,'5',1526,,157326,38,,,1,76,,157331,38,,,1,29,,157329,38,,,1,28,,157328,38,,,1,64,,157332,38,,,1,34,,157330,38,,,1,59,,157327,38,,,1
4701,'6',1526,,157333,38,,,1,76,,157337,38,,,1,29,,157335,38,,,1,28,,157334,38,,,1,64,,120107,38,,,1,34,,157336,38,,,1,59,,114477,38,,,1
4701,'8',1526,,157338,38,,,1,76,,157342,38,,,1,29,,157340,38,,,1,28,,157339,38,,,1,64,,120105,38,,,1,34,,157341,38,,,1,59,,114440,38,,,1
