11001,'1',521,,365116,7,0,35,0,27,,365110,7,0,35,0,70,,365113,7,0,35,0,30,,365119,7,0,35,0,70,,365105,7,0,35,0,31,,365108,7,0,35,0,70,,365127,7,0,35,0,30,,286372,7,0,35,0,70,,273589,7,0,35,0,29,,365112,7,0,35,0,70,,365106,7,0,35,0,34,,365123,7,0,35,0,70,,283346,7,0,35,0,30,,365111,7,0,35,0,68,,246124,7,0,35,0,30,,365102,7,0,35,0,70,,365120,7,0,35,0,30,,365109,7,0,35,0,70,,277971,7,0,35,0,30,,365117,7,0,35,0,71,,365115,7,0,35,0,31,,238861,7,0,35,0,73,,365122,7,0,35,0,26,,365125,7,0,35,0,70,,365121,7,0,35,0,30,,365114,7,0,35,0,69,,365103,7,0,35,0,30,,365126,7,0,35,0,68,,365118,7,0,35,0,30,,365124,7,0,35,0,70,,365107,7,0,35,0
11001,'10',557,,365130,8,0,35,0,70,,365128,8,0,35,0,1030,,123104,8,0,35,0,70,,365131,8,0,35,0
11001,'11',521,,365138,7,0,35,0,97,,217643,7,0,35,0,30,,365133,7,0,35,0,70,,365134,7,0,35,0,25,,209663,8,0,54,0,6,,365140,7,0,35,0,70,,365147,7,0,35,0,30,,365152,7,0,35,0,70,,365144,7,0,35,0,29,,365148,7,0,35,0,104,,249692,7,0,35,0,70,,365153,7,0,35,0,30,,365136,7,0,35,0,68,,365155,7,0,35,0,30,,365154,7,0,35,0,98,,365139,7,0,35,0,72,,365146,7,0,35,0,30,,251845,7,0,35,0,71,,365141,7,0,35,0,104,,207664,7,0,35,0,26,,243472,7,0,35,0,70,,134123,7,0,35,0,30,,365137,7,0,35,0,69,,365149,7,0,35,0,30,,365145,7,0,35,0,68,,365142,7,0,35,0,30,,365135,7,0,35,0,70,,365156,7,0,35,0
11001,'12',557,,365160,8,0,35,0,70,,365158,8,0,35,0,1030,,365161,8,0,35,0,70,,365159,8,0,35,0
11001,'13',521,,365167,7,0,35,0,97,,217708,7,0,35,0,30,,365162,7,0,35,0,70,,365163,7,0,35,0,25,,209719,8,0,54,0,6,,365169,7,0,35,0,70,,365176,7,0,35,0,30,,365181,7,0,35,0,70,,365173,7,0,35,0,29,,365177,7,0,35,0,104,,249728,7,0,35,0,70,,365182,7,0,35,0,30,,365165,7,0,35,0,68,,365184,7,0,35,0,30,,365183,7,0,35,0,98,,365168,7,0,35,0,72,,365175,7,0,35,0,30,,251869,7,0,35,0,71,,365170,7,0,35,0,104,,207702,7,0,35,0,26,,243529,7,0,35,0,70,,133480,7,0,35,0,30,,365166,7,0,35,0,69,,365178,7,0,35,0,30,,365174,7,0,35,0,68,,365171,7,0,35,0,30,,365164,7,0,35,0,70,,365185,7,0,35,0
11001,'14',521,,365191,7,0,35,0,97,,217953,7,0,35,0,30,,365186,7,0,35,0,70,,365187,7,0,35,0,25,,209962,8,0,54,0,6,,365193,7,0,35,0,70,,365200,7,0,35,0,30,,365205,7,0,35,0,70,,365197,7,0,35,0,29,,365201,7,0,35,0,104,,249886,7,0,35,0,70,,365206,7,0,35,0,30,,365189,7,0,35,0,68,,365208,7,0,35,0,30,,365207,7,0,35,0,98,,365192,7,0,35,0,72,,365199,7,0,35,0,30,,251973,7,0,35,0,71,,365194,7,0,35,0,104,,207861,7,0,35,0,26,,243757,7,0,35,0,70,,133813,7,0,35,0,30,,365190,7,0,35,0,69,,365202,7,0,35,0,30,,365198,7,0,35,0,68,,365195,7,0,35,0,30,,365188,7,0,35,0,70,,365209,7,0,35,0
11001,'15',557,,239170,8,0,35,0,70,,365211,8,0,35,0,1030,,365213,8,0,35,0,70,,365212,8,0,35,0
11001,'16',557,,365216,8,0,35,0,70,,365214,8,0,35,0,1030,,365218,8,0,35,0,70,,365217,8,0,35,0
11001,'2',521,,365223,7,0,35,0,97,,365226,7,0,35,0,30,,263185,7,0,35,0,70,,365220,7,0,35,0,25,,365229,8,0,54,0,6,,240708,7,0,35,0,70,,365237,7,0,35,0,30,,365244,7,0,35,0,70,,365234,7,0,35,0,29,,365238,7,0,35,0,104,,365243,7,0,35,0,70,,365245,7,0,35,0,30,,365221,7,0,35,0,68,,365246,7,0,35,0,30,,139667,7,0,35,0,98,,365224,7,0,35,0,72,,365236,7,0,35,0,30,,365230,7,0,35,0,71,,365225,7,0,35,0,104,,365233,7,0,35,0,26,,365227,7,0,35,0,70,,365232,7,0,35,0,30,,365222,7,0,35,0,69,,365239,7,0,35,0,30,,365235,7,0,35,0,68,,365228,7,0,35,0,30,,283244,7,0,35,0,70,,365247,7,0,35,0
11001,'3',521,,365253,7,0,35,0,97,,365255,7,0,35,0,30,,365248,7,0,35,0,70,,365249,7,0,35,0,25,,365258,8,0,54,0,6,,365254,7,0,35,0,70,,262778,7,0,35,0,30,,365271,7,0,35,0,70,,365262,7,0,35,0,29,,365265,7,0,35,0,104,,365270,7,0,35,0,70,,365272,7,0,35,0,30,,365251,7,0,35,0,68,,365274,7,0,35,0,30,,365273,7,0,35,0,98,,246939,7,0,35,0,72,,365264,7,0,35,0,30,,365259,7,0,35,0,71,,251575,7,0,35,0,104,,365261,7,0,35,0,26,,365256,7,0,35,0,70,,365260,7,0,35,0,30,,365252,7,0,35,0,69,,365266,7,0,35,0,30,,365263,7,0,35,0,68,,365257,7,0,35,0,30,,365250,7,0,35,0,70,,365275,7,0,35,0
11001,'4',521,,365294,7,0,35,0,27,,365286,7,0,35,0,70,,265629,7,0,35,0,30,,365288,7,0,35,0,70,,365299,7,0,35,0,31,,294133,7,0,35,0,70,,191578,7,0,35,0,30,,365295,7,0,35,0,70,,286723,7,0,35,0,29,,365278,7,0,35,0,70,,365300,7,0,35,0,34,,365297,7,0,35,0,70,,365292,7,0,35,0,30,,365280,7,0,35,0,68,,195879,7,0,35,0,30,,365289,7,0,35,0,70,,216654,7,0,35,0,30,,365279,7,0,35,0,70,,365283,7,0,35,0,30,,365293,7,0,35,0,73,,365284,7,0,35,0,30,,365282,7,0,35,0,72,,365291,7,0,35,0,26,,365285,7,0,35,0,70,,365276,7,0,35,0,30,,365298,7,0,35,0,69,,229609,7,0,35,0,30,,365277,7,0,35,0,68,,365281,7,0,35,0,30,,365296,7,0,35,0,70,,365290,7,0,35,0
11001,'5',521,,365307,7,0,35,0,97,,365309,7,0,35,0,30,,365302,7,0,35,0,70,,365303,7,0,35,0,25,,365312,8,0,54,0,6,,365308,7,0,35,0,70,,262969,7,0,35,0,30,,365325,7,0,35,0,70,,365316,7,0,35,0,29,,365319,7,0,35,0,104,,365324,7,0,35,0,70,,365326,7,0,35,0,30,,365305,7,0,35,0,68,,365328,7,0,35,0,30,,365327,7,0,35,0,98,,247014,7,0,35,0,72,,365318,7,0,35,0,30,,365313,7,0,35,0,71,,251641,7,0,35,0,104,,365315,7,0,35,0,26,,365310,7,0,35,0,70,,365314,7,0,35,0,30,,365306,7,0,35,0,69,,365320,7,0,35,0,30,,365317,7,0,35,0,68,,365311,7,0,35,0,30,,365304,7,0,35,0,70,,365329,7,0,35,0
11001,'6',521,,365335,7,0,35,0,97,,217278,7,0,35,0,30,,365330,7,0,35,0,70,,365331,7,0,35,0,25,,209309,8,0,54,0,6,,365337,7,0,35,0,70,,365344,7,0,35,0,30,,365349,7,0,35,0,70,,365341,7,0,35,0,29,,365345,7,0,35,0,104,,249482,7,0,35,0,70,,365350,7,0,35,0,30,,365333,7,0,35,0,68,,365352,7,0,35,0,30,,365351,7,0,35,0,98,,365336,7,0,35,0,72,,365343,7,0,35,0,30,,251695,7,0,35,0,71,,365338,7,0,35,0,104,,207395,7,0,35,0,26,,243155,7,0,35,0,70,,134033,7,0,35,0,30,,365334,7,0,35,0,69,,365346,7,0,35,0,30,,365342,7,0,35,0,68,,365339,7,0,35,0,30,,365332,7,0,35,0,70,,365353,7,0,35,0
11001,'7',521,,365357,7,0,35,0,97,,365360,7,0,35,0,30,,262988,7,0,35,0,70,,365354,7,0,35,0,25,,365363,8,0,54,0,6,,240638,7,0,35,0,70,,365371,7,0,35,0,30,,365378,7,0,35,0,70,,365368,7,0,35,0,29,,365372,7,0,35,0,104,,365377,7,0,35,0,70,,365379,7,0,35,0,30,,365355,7,0,35,0,68,,365380,7,0,35,0,30,,139740,7,0,35,0,98,,365358,7,0,35,0,72,,365370,7,0,35,0,30,,365364,7,0,35,0,71,,365359,7,0,35,0,104,,365367,7,0,35,0,26,,365361,7,0,35,0,70,,365366,7,0,35,0,30,,365356,7,0,35,0,69,,365373,7,0,35,0,30,,365369,7,0,35,0,68,,365362,7,0,35,0,30,,283115,7,0,35,0,70,,365381,7,0,35,0
11001,'8',557,,365385,8,0,35,0,70,,365383,8,0,35,0,1030,,365386,8,0,35,0,70,,365384,8,0,35,0
11001,'9',521,,365392,7,0,35,0,97,,217096,7,0,35,0,30,,365387,7,0,35,0,70,,365388,7,0,35,0,25,,209130,8,0,54,0,6,,365394,7,0,35,0,70,,365401,7,0,35,0,30,,365406,7,0,35,0,70,,365398,7,0,35,0,29,,365402,7,0,35,0,104,,249384,7,0,35,0,70,,365407,7,0,35,0,30,,365390,7,0,35,0,68,,365409,7,0,35,0,30,,365408,7,0,35,0,98,,365393,7,0,35,0,72,,365400,7,0,35,0,30,,251621,7,0,35,0,71,,365395,7,0,35,0,104,,207278,7,0,35,0,26,,243010,7,0,35,0,70,,133860,7,0,35,0,30,,365391,7,0,35,0,69,,365403,7,0,35,0,30,,365399,7,0,35,0,68,,365396,7,0,35,0,30,,365389,7,0,35,0,70,,365410,7,0,35,0
66001,'11',1609,,376996,26,,,0
66001,'13',1609,,376997,26,,,0
66001,'14',1609,,376998,26,,,0
66001,'2',1609,,376999,26,,,0
66001,'3',1609,,377000,26,,,0
66001,'5',1609,,377001,26,,,0
66001,'6',1609,,377002,26,,,0
66001,'7',1609,,377003,26,,,0
66001,'9',1609,,377004,26,,,0
67401,'11',1458,,377612,25,,,0,42,,377609,25,,,0
67401,'13',1458,,377617,25,,,0,42,,377614,25,,,0
67401,'14',1458,,377622,25,,,0,42,,377619,25,,,0
67401,'2',1458,,377627,25,,,0,42,,193430,25,,,0
67401,'3',1458,,377632,25,,,0,42,,377628,25,,,0
67401,'5',1458,,377637,25,,,0,42,,377633,25,,,0
67401,'6',1458,,377642,25,,,0,42,,377639,25,,,0
67401,'7',1458,,377647,25,,,0,42,,193511,25,,,0
67401,'9',1458,,377652,25,,,0,42,,377649,25,,,0
