11000,'1',457,,88924,8,,,1,70,,192662,8,,,1,104,,192667,33,,,1,23,,192653,33,,,1,71,,88955,33,,,1,30,,192669,33,,,1,101,,192654,33,,,1,70,,192651,33,,,1,24,,192657,33,,,1,70,,192673,33,,,1,30,,192658,33,,,1,70,,192664,33,,,1,30,,192659,33,,,1,70,,192665,33,,,1,100,,192661,33,,,1,30,,192666,33,,,1,69,,192660,33,,,1,30,,192652,33,,,1,72,,192671,33,,,1,32,,192674,33,,,1,101,,192672,33,,,1,71,,192656,33,,,1,30,,192655,33,,,1,70,,192663,33,,,1,94,,35036,33,,,1,30,,192670,33,,,1,70,,192675,33,,,1,29,,192668,33,,,1
11000,'10',457,,192691,8,,,1,70,,192686,8,,,1,104,,192681,33,,,1,23,,192676,33,,,1,70,,192685,33,,,1,31,,6463,33,,,1,71,,192694,33,,,1,30,,192684,33,,,1,70,,192690,33,,,1,24,,192699,33,,,1,70,,192701,33,,,1,30,,192682,33,,,1,70,,192695,33,,,1,30,,192693,33,,,1,70,,192698,33,,,1,30,,192680,33,,,1,70,,192687,33,,,1,30,,43090,33,,,1,67,,192696,33,,,1,32,,192692,33,,,1,72,,192677,33,,,1,32,,93217,33,,,1,73,,192697,33,,,1,27,,192678,33,,,1,74,,192689,33,,,1,29,,83619,33,,,1,69,,192679,33,,,1,29,,192688,33,,,1,65,,192683,33,,,1,30,,192700,33,,,1,70,,28004,33,,,1,29,,39647,33,,,1
11000,'11',453,,192704,8,,,1,70,,192702,8,,,1,130,,40837,33,,,1,70,,35186,33,,,1,1031,,192703,33,,,1,70,,192705,33,,,1
11000,'12',457,,41614,8,,,1,70,,112715,8,,,1,104,,192714,33,,,1,23,,192726,33,,,1,70,,192718,33,,,1,31,,192711,33,,,1,71,,192706,33,,,1,30,,192712,33,,,1,70,,192707,33,,,1,24,,192721,33,,,1,70,,98718,33,,,1,30,,192716,33,,,1,70,,192715,33,,,1,30,,192725,33,,,1,70,,192717,33,,,1,30,,80400,33,,,1,70,,192722,33,,,1,30,,192710,33,,,1,69,,36238,33,,,1,30,,68156,33,,,1,72,,192724,33,,,1,32,,81633,33,,,1,71,,192723,33,,,1,29,,192709,33,,,1,72,,192719,33,,,1,30,,92805,33,,,1,70,,192720,33,,,1,29,,64441,33,,,1,65,,117736,33,,,1,30,,46127,33,,,1,70,,192708,33,,,1,29,,192713,33,,,1
11000,'13',453,,76992,8,,,1,70,,192728,8,,,1,130,,192727,33,,,1,70,,192730,33,,,1,1031,,192729,33,,,1,70,,96105,33,,,1
11000,'14',457,,192734,8,,,1,70,,192748,8,,,1,104,,192740,33,,,1,23,,192759,33,,,1,70,,192746,33,,,1,31,,192736,33,,,1,71,,192731,33,,,1,30,,192737,33,,,1,70,,111726,33,,,1,24,,192752,33,,,1,70,,192747,33,,,1,30,,192744,33,,,1,70,,192743,33,,,1,30,,192758,33,,,1,70,,192745,33,,,1,30,,192755,33,,,1,70,,192754,33,,,1,30,,192735,33,,,1,69,,192753,33,,,1,30,,192751,33,,,1,72,,192756,33,,,1,32,,192741,33,,,1,71,,13418,33,,,1,29,,192733,33,,,1,72,,192749,33,,,1,30,,192738,33,,,1,70,,192750,33,,,1,29,,192757,33,,,1,65,,192742,33,,,1,30,,192732,33,,,1,70,,56741,33,,,1,29,,192739,33,,,1
11000,'15',457,,192763,8,,,1,70,,192777,8,,,1,104,,192769,33,,,1,23,,192788,33,,,1,70,,192775,33,,,1,31,,192765,33,,,1,71,,192760,33,,,1,30,,192766,33,,,1,70,,111929,33,,,1,24,,192781,33,,,1,70,,192776,33,,,1,30,,192773,33,,,1,70,,192772,33,,,1,30,,192787,33,,,1,70,,192774,33,,,1,30,,192784,33,,,1,70,,192783,33,,,1,30,,192764,33,,,1,69,,192782,33,,,1,30,,192780,33,,,1,72,,192785,33,,,1,32,,192770,33,,,1,71,,13766,33,,,1,29,,192762,33,,,1,72,,192778,33,,,1,30,,192767,33,,,1,70,,192779,33,,,1,29,,192786,33,,,1,65,,192771,33,,,1,30,,192761,33,,,1,70,,57019,33,,,1,29,,192768,33,,,1
11000,'16',457,,192794,8,,,1,70,,192805,8,,,1,104,,192799,33,,,1,23,,50095,33,,,1,70,,192803,33,,,1,31,,192796,33,,,1,71,,192789,33,,,1,30,,192797,33,,,1,70,,192790,33,,,1,24,,103545,33,,,1,70,,192804,33,,,1,30,,192802,33,,,1,70,,12077,33,,,1,30,,192814,33,,,1,70,,75448,33,,,1,30,,192810,33,,,1,70,,69660,33,,,1,30,,192795,33,,,1,69,,192809,33,,,1,30,,192808,33,,,1,72,,192812,33,,,1,32,,192800,33,,,1,71,,192811,33,,,1,29,,192793,33,,,1,72,,192806,33,,,1,30,,192798,33,,,1,70,,192807,33,,,1,29,,192813,33,,,1,65,,192801,33,,,1,30,,192791,33,,,1,70,,192792,33,,,1,29,,63006,33,,,1
11000,'17',457,,89349,8,,,1,70,,192826,8,,,1,104,,192831,33,,,1,23,,192817,33,,,1,71,,89380,33,,,1,30,,192833,33,,,1,101,,192818,33,,,1,70,,192815,33,,,1,24,,192821,33,,,1,70,,192837,33,,,1,30,,192822,33,,,1,70,,192828,33,,,1,30,,192823,33,,,1,70,,192829,33,,,1,100,,192825,33,,,1,30,,192830,33,,,1,69,,192824,33,,,1,30,,192816,33,,,1,72,,192835,33,,,1,32,,192838,33,,,1,101,,192836,33,,,1,71,,192820,33,,,1,30,,192819,33,,,1,70,,192827,33,,,1,94,,35206,33,,,1,30,,192834,33,,,1,70,,192839,33,,,1,29,,192832,33,,,1
11000,'2',457,,89014,8,,,1,70,,192851,8,,,1,104,,192856,33,,,1,23,,192842,33,,,1,71,,89045,33,,,1,30,,192858,33,,,1,101,,192843,33,,,1,70,,192840,33,,,1,24,,192846,33,,,1,70,,192862,33,,,1,30,,192847,33,,,1,70,,192853,33,,,1,30,,192848,33,,,1,70,,192854,33,,,1,100,,192850,33,,,1,30,,192855,33,,,1,69,,192849,33,,,1,30,,192841,33,,,1,72,,192860,33,,,1,32,,192863,33,,,1,101,,192861,33,,,1,71,,192845,33,,,1,30,,192844,33,,,1,70,,192852,33,,,1,94,,35071,33,,,1,30,,192859,33,,,1,70,,192864,33,,,1,29,,192857,33,,,1
11000,'3',457,,192868,8,,,1,70,,192882,8,,,1,104,,192874,33,,,1,23,,192893,33,,,1,70,,192880,33,,,1,31,,192870,33,,,1,71,,192865,33,,,1,30,,192871,33,,,1,70,,111859,33,,,1,24,,192886,33,,,1,70,,192881,33,,,1,30,,192878,33,,,1,70,,192877,33,,,1,30,,192892,33,,,1,70,,192879,33,,,1,30,,192889,33,,,1,70,,192888,33,,,1,30,,192869,33,,,1,69,,192887,33,,,1,30,,192885,33,,,1,72,,192890,33,,,1,32,,192875,33,,,1,71,,13640,33,,,1,29,,192867,33,,,1,72,,192883,33,,,1,30,,192872,33,,,1,70,,192884,33,,,1,29,,192891,33,,,1,65,,192876,33,,,1,30,,192866,33,,,1,70,,56920,33,,,1,29,,192873,33,,,1
11000,'4',452,,192896,8,,,1,70,,192897,8,,,1,130,,192895,33,,,1,70,,16339,33,,,1,1031,,192894,33,,,1,70,,192898,33,,,1
11000,'5',457,,192904,8,,,1,70,,192909,8,,,1,104,,192915,33,,,1,23,,192901,33,,,1,71,,192911,33,,,1,30,,192917,33,,,1,101,,192902,33,,,1,70,,192899,33,,,1,24,,12826,33,,,1,70,,76664,33,,,1,30,,192905,33,,,1,70,,59605,33,,,1,30,,192906,33,,,1,70,,192913,33,,,1,100,,192908,33,,,1,30,,192914,33,,,1,69,,192907,33,,,1,30,,192900,33,,,1,72,,192919,33,,,1,32,,192920,33,,,1,101,,81615,33,,,1,71,,100262,33,,,1,30,,192903,33,,,1,70,,192910,33,,,1,94,,192912,33,,,1,30,,192918,33,,,1,70,,192921,33,,,1,29,,192916,33,,,1
11000,'6',457,,89851,8,,,1,70,,192933,8,,,1,104,,192938,33,,,1,23,,192924,33,,,1,71,,89882,33,,,1,30,,192940,33,,,1,101,,192925,33,,,1,70,,192922,33,,,1,24,,192928,33,,,1,70,,192944,33,,,1,30,,192929,33,,,1,70,,192935,33,,,1,30,,192930,33,,,1,70,,192936,33,,,1,100,,192932,33,,,1,30,,192937,33,,,1,69,,192931,33,,,1,30,,192923,33,,,1,72,,192942,33,,,1,32,,192945,33,,,1,101,,192943,33,,,1,71,,192927,33,,,1,30,,192926,33,,,1,70,,192934,33,,,1,94,,35407,33,,,1,30,,192941,33,,,1,70,,192946,33,,,1,29,,192939,33,,,1
11000,'7',452,,192949,8,,,1,70,,192950,8,,,1,130,,192948,33,,,1,70,,192947,33,,,1,1031,,44709,33,,,1,70,,67528,33,,,1
11000,'8',457,,89761,8,,,1,70,,192962,8,,,1,104,,192967,33,,,1,23,,192953,33,,,1,71,,89792,33,,,1,30,,192969,33,,,1,101,,192954,33,,,1,70,,192951,33,,,1,24,,192957,33,,,1,70,,192973,33,,,1,30,,192958,33,,,1,70,,192964,33,,,1,30,,192959,33,,,1,70,,192965,33,,,1,100,,192961,33,,,1,30,,192966,33,,,1,69,,192960,33,,,1,30,,192952,33,,,1,72,,192971,33,,,1,32,,192974,33,,,1,101,,192972,33,,,1,71,,192956,33,,,1,30,,192955,33,,,1,70,,192963,33,,,1,94,,35372,33,,,1,30,,192970,33,,,1,70,,192975,33,,,1,29,,192968,33,,,1
11000,'9',453,,192979,8,,,1,70,,192977,8,,,1,130,,192976,33,,,1,70,,192980,33,,,1,1031,,192978,33,,,1,70,,192981,33,,,1
