66500,'10',836,,119311,49,,,1,2,,119310,49,,,1
66500,'11',836,,119313,49,,,1,2,,119312,49,,,1
66500,'12',836,,119315,49,,,1,2,,119314,49,,,1
66500,'15',836,,119317,49,,,1,2,,119316,49,,,1
66500,'16',836,,119319,49,,,1,2,,119318,49,,,1
66500,'3',836,,119321,49,,,1,2,,119320,49,,,1
66500,'4',836,,119323,49,,,1,2,,119322,49,,,1
66500,'6',836,,119325,49,,,1,2,,119324,49,,,1
68100,'10',841,,120054,57,,,1
68100,'11',841,,120055,57,,,1
68100,'12',841,,120056,57,,,1
68100,'15',841,,120057,57,,,1
68100,'16',841,,120058,57,,,1
68100,'3',841,,120059,57,,,1
68100,'4',841,,120060,57,,,1
68100,'6',841,,120061,57,,,1
