6601,'1',606,,341702,11,,,0,25,,341698,11,,,0,70,,341697,11,,,0,30,,341700,11,,,0,70,,341703,11,,,0,17,,341696,11,,,0,29,,341695,11,,,0,70,,341701,11,,,0,21,,341699,11,,,0
6601,'11',606,,341708,11,,,0,25,,341709,11,,,0,70,,341707,11,,,0,30,,341710,11,,,0,70,,341706,11,,,0,17,,341704,11,,,0,30,,341711,11,,,0,69,,341705,11,,,0,21,,232586,11,,,0
6601,'13',606,,341716,11,,,0,25,,341717,11,,,0,70,,341715,11,,,0,30,,341718,11,,,0,70,,341714,11,,,0,17,,341712,11,,,0,30,,341719,11,,,0,69,,341713,11,,,0,21,,232611,11,,,0
6601,'14',606,,341724,11,,,0,25,,341725,11,,,0,70,,341723,11,,,0,30,,341726,11,,,0,70,,341722,11,,,0,17,,341720,11,,,0,30,,341727,11,,,0,69,,341721,11,,,0,21,,232716,11,,,0
6601,'2',606,,291001,11,,,0,25,,341733,11,,,0,70,,341731,11,,,0,30,,178441,11,,,0,70,,341730,11,,,0,17,,341728,11,,,0,30,,341734,11,,,0,69,,341729,11,,,0,21,,341732,11,,,0
6601,'3',606,,341737,11,,,0,25,,341739,11,,,0,70,,341736,11,,,0,30,,341740,11,,,0,70,,341735,11,,,0,17,,238542,11,,,0,30,,341741,11,,,0,69,,198685,11,,,0,21,,341738,11,,,0
6601,'4',606,,273750,11,,,0,25,,341745,11,,,0,70,,341747,11,,,0,30,,341742,11,,,0,69,,341743,11,,,0,19,,341748,11,,,0,29,,341744,11,,,0,69,,341746,11,,,0,21,,227167,11,,,0
6601,'5',606,,341751,11,,,0,25,,341753,11,,,0,70,,341750,11,,,0,30,,341754,11,,,0,70,,341749,11,,,0,17,,238649,11,,,0,30,,341755,11,,,0,69,,249396,11,,,0,21,,341752,11,,,0
6601,'6',606,,341760,11,,,0,25,,341761,11,,,0,70,,341759,11,,,0,30,,341762,11,,,0,70,,341758,11,,,0,17,,341756,11,,,0,30,,341763,11,,,0,69,,341757,11,,,0,21,,232435,11,,,0
6601,'7',606,,290926,11,,,0,25,,341769,11,,,0,70,,341767,11,,,0,30,,178486,11,,,0,70,,341766,11,,,0,17,,341764,11,,,0,30,,341770,11,,,0,69,,341765,11,,,0,21,,341768,11,,,0
6601,'9',606,,341775,11,,,0,25,,341776,11,,,0,70,,341774,11,,,0,30,,341777,11,,,0,70,,341773,11,,,0,17,,341771,11,,,0,30,,341778,11,,,0,69,,341772,11,,,0,21,,232362,11,,,0
