8700,'1',814,,194782,5,,,1,30,,183257,5,,,1,70,,271823,5,,,1,30,,271836,5,,,1,70,,271830,5,,,1,30,,271837,5,,,1,70,,271832,5,,,1,30,,157094,5,,,1,70,,271826,5,,,1,30,,271828,5,,,1,70,,271827,5,,,1,31,,271820,5,,,1,70,,271835,5,,,1,30,,271821,5,,,1,70,,141684,5,,,1,30,,271824,5,,,1,70,,271825,5,,,1,30,,271829,5,,,1,69,,136830,5,,,1,30,,271822,5,,,1,70,,271831,5,,,1,30,,271833,5,,,1
8700,'10',814,,271853,5,,,1,30,,271852,5,,,1,70,,271841,5,,,1,30,,271856,5,,,1,70,,271847,5,,,1,30,,271857,5,,,1,70,,271851,5,,,1,30,,271850,5,,,1,70,,271844,5,,,1,30,,126331,5,,,1,70,,271845,5,,,1,31,,271838,5,,,1,70,,271855,5,,,1,30,,178449,5,,,1,70,,271840,5,,,1,30,,271842,5,,,1,70,,271843,5,,,1,30,,271846,5,,,1,69,,271849,5,,,1,30,,271839,5,,,1,70,,271848,5,,,1,30,,106611,5,,,1
8700,'11',1037,,184784,5,,,1,70,,271859,5,,,1,30,,271871,5,,,1,70,,271860,5,,,1,30,,168147,5,,,1,70,,271868,5,,,1,30,,271858,5,,,1,70,,271863,5,,,1,30,,271870,5,,,1,70,,271865,5,,,1,30,,271866,5,,,1,70,,271869,5,,,1,30,,183780,5,,,1,69,,271861,5,,,1,30,,271867,5,,,1,70,,271864,5,,,1,30,,271862,5,,,1
8700,'12',745,,271881,5,,,1,70,,271886,5,,,1,34,,271882,5,,,1,55,,271899,5,,,1,14,,271906,5,,,1,15,,271902,5,,,1,15,,271884,5,,,1,55,,271890,5,,,1,15,,271880,5,,,1,15,,175951,5,,,1,15,,271895,5,,,1,55,,271901,5,,,1,15,,271879,5,,,1,15,,40672,5,,,1,15,,271876,5,,,1,55,,271878,5,,,1,15,,271872,5,,,1,15,,271907,5,,,1,15,,271910,5,,,1,55,,116827,5,,,1,15,,271903,5,,,1,15,,271897,5,,,1,15,,1168,5,,,1,55,,271885,5,,,1,15,,271894,5,,,1,15,,271896,5,,,1,15,,271893,5,,,1,55,,271883,5,,,1,16,,271873,5,,,1,15,,183059,5,,,1,18,,271874,5,,,1,53,,271891,5,,,1,15,,141556,5,,,1,15,,271887,5,,,1,16,,90577,5,,,1,69,,183096,5,,,1,30,,271909,5,,,1,69,,271888,5,,,1,30,,271908,5,,,1,69,,271892,5,,,1,28,,10004,5,,,1,73,,175903,5,,,1,30,,271905,5,,,1,70,,271898,5,,,1,31,,271904,5,,,1
8700,'13',814,,271926,5,,,1,30,,271925,5,,,1,70,,145270,5,,,1,30,,271928,5,,,1,70,,271919,5,,,1,30,,271929,5,,,1,70,,271923,5,,,1,30,,271922,5,,,1,70,,271915,5,,,1,30,,271917,5,,,1,70,,271916,5,,,1,31,,271911,5,,,1,70,,147068,5,,,1,30,,271912,5,,,1,70,,271914,5,,,1,30,,163938,5,,,1,70,,190134,5,,,1,30,,271918,5,,,1,69,,271921,5,,,1,30,,271913,5,,,1,70,,271920,5,,,1,30,,271924,5,,,1
8700,'14',745,,271962,5,,,1,72,,271945,5,,,1,16,,271943,5,,,1,16,,271956,5,,,1,55,,271960,5,,,1,14,,64767,5,,,1,15,,271930,5,,,1,15,,271959,5,,,1,55,,182911,5,,,1,15,,13374,5,,,1,15,,271961,5,,,1,15,,271935,5,,,1,55,,197316,5,,,1,15,,167866,5,,,1,15,,19576,5,,,1,15,,271950,5,,,1,55,,155667,5,,,1,15,,141405,5,,,1,15,,271936,5,,,1,15,,193071,5,,,1,55,,271933,5,,,1,15,,271932,5,,,1,15,,191560,5,,,1,15,,182304,5,,,1,55,,271947,5,,,1,15,,91116,5,,,1,15,,271957,5,,,1,15,,271946,5,,,1,55,,271954,5,,,1,16,,271952,5,,,1,15,,271937,5,,,1,16,,271939,5,,,1,55,,271942,5,,,1,15,,271955,5,,,1,14,,87593,5,,,1,17,,182900,5,,,1,71,,180062,5,,,1,28,,271963,5,,,1,69,,128307,5,,,1,30,,188436,5,,,1,69,,271931,5,,,1,28,,271949,5,,,1,73,,271941,5,,,1,30,,271940,5,,,1,70,,271953,5,,,1,31,,271964,5,,,1
8700,'15',745,,271974,5,,,1,70,,271979,5,,,1,34,,271975,5,,,1,55,,271992,5,,,1,14,,271999,5,,,1,15,,271995,5,,,1,15,,271977,5,,,1,55,,271983,5,,,1,15,,271973,5,,,1,15,,176233,5,,,1,15,,271988,5,,,1,55,,271994,5,,,1,15,,271972,5,,,1,15,,41245,5,,,1,15,,271969,5,,,1,55,,271971,5,,,1,15,,271965,5,,,1,15,,272000,5,,,1,15,,272003,5,,,1,55,,116859,5,,,1,15,,271996,5,,,1,15,,271990,5,,,1,15,,1699,5,,,1,55,,271978,5,,,1,15,,271987,5,,,1,15,,271989,5,,,1,15,,271986,5,,,1,55,,271976,5,,,1,16,,271966,5,,,1,15,,183205,5,,,1,18,,271967,5,,,1,53,,271984,5,,,1,15,,141674,5,,,1,15,,271980,5,,,1,16,,91360,5,,,1,69,,183242,5,,,1,30,,272002,5,,,1,69,,271981,5,,,1,30,,272001,5,,,1,69,,271985,5,,,1,28,,10543,5,,,1,73,,176185,5,,,1,30,,271998,5,,,1,70,,271991,5,,,1,31,,271997,5,,,1
8700,'16',1037,,272016,5,,,1,70,,272005,5,,,1,30,,272014,5,,,1,70,,272006,5,,,1,30,,272015,5,,,1,70,,272010,5,,,1,30,,272004,5,,,1,70,,142733,5,,,1,30,,272012,5,,,1,70,,272008,5,,,1,30,,192684,5,,,1,70,,272011,5,,,1,30,,272013,5,,,1,69,,162184,5,,,1,30,,272009,5,,,1,70,,272007,5,,,1,30,,185119,5,,,1
8700,'17',745,,272049,5,,,1,72,,272032,5,,,1,16,,272030,5,,,1,16,,272043,5,,,1,55,,272047,5,,,1,14,,206203,5,,,1,15,,272017,5,,,1,15,,272046,5,,,1,55,,43744,5,,,1,15,,156464,5,,,1,15,,272048,5,,,1,15,,272022,5,,,1,55,,197280,5,,,1,15,,167798,5,,,1,15,,182861,5,,,1,15,,272037,5,,,1,55,,155581,5,,,1,15,,141352,5,,,1,15,,272023,5,,,1,15,,193038,5,,,1,55,,272020,5,,,1,15,,272019,5,,,1,15,,191484,5,,,1,15,,182242,5,,,1,55,,272034,5,,,1,15,,145108,5,,,1,15,,272044,5,,,1,15,,272033,5,,,1,55,,272041,5,,,1,16,,272039,5,,,1,15,,272024,5,,,1,16,,272026,5,,,1,55,,272029,5,,,1,15,,272042,5,,,1,14,,134315,5,,,1,17,,182846,5,,,1,71,,179971,5,,,1,28,,272050,5,,,1,69,,128231,5,,,1,30,,114652,5,,,1,69,,272018,5,,,1,28,,272036,5,,,1,73,,272028,5,,,1,30,,272027,5,,,1,70,,272040,5,,,1,31,,272051,5,,,1
8700,'18',745,,272084,5,,,1,72,,272067,5,,,1,16,,272065,5,,,1,16,,272078,5,,,1,55,,272082,5,,,1,14,,206243,5,,,1,15,,272052,5,,,1,15,,272081,5,,,1,55,,182992,5,,,1,15,,156675,5,,,1,15,,272083,5,,,1,15,,272057,5,,,1,55,,197375,5,,,1,15,,6296,5,,,1,15,,182993,5,,,1,15,,272072,5,,,1,55,,155791,5,,,1,15,,141466,5,,,1,15,,272058,5,,,1,15,,55650,5,,,1,55,,272055,5,,,1,15,,272054,5,,,1,15,,191635,5,,,1,15,,182384,5,,,1,55,,272069,5,,,1,15,,145195,5,,,1,15,,272079,5,,,1,15,,272068,5,,,1,55,,272076,5,,,1,16,,272074,5,,,1,15,,272059,5,,,1,16,,272061,5,,,1,55,,272064,5,,,1,15,,272077,5,,,1,14,,134483,5,,,1,17,,182978,5,,,1,71,,180178,5,,,1,28,,272085,5,,,1,69,,128403,5,,,1,30,,188492,5,,,1,69,,272053,5,,,1,28,,272071,5,,,1,73,,272063,5,,,1,30,,272062,5,,,1,70,,272075,5,,,1,31,,272086,5,,,1
8700,'2',745,,272133,5,,,1,72,,196242,5,,,1,16,,272112,5,,,1,16,,272127,5,,,1,55,,272131,5,,,1,14,,272114,5,,,1,15,,272087,5,,,1,15,,272130,5,,,1,55,,272115,5,,,1,15,,272094,5,,,1,15,,272132,5,,,1,15,,192432,5,,,1,55,,272105,5,,,1,15,,272107,5,,,1,15,,272116,5,,,1,15,,272121,5,,,1,55,,272091,5,,,1,15,,272092,5,,,1,15,,272101,5,,,1,15,,272093,5,,,1,55,,272097,5,,,1,15,,272095,5,,,1,15,,272124,5,,,1,15,,272099,5,,,1,55,,160180,5,,,1,15,,272111,5,,,1,15,,272128,5,,,1,15,,272117,5,,,1,55,,272125,5,,,1,16,,272123,5,,,1,15,,272102,5,,,1,16,,272104,5,,,1,55,,272110,5,,,1,15,,272126,5,,,1,14,,272118,5,,,1,17,,272100,5,,,1,71,,272108,5,,,1,28,,149476,5,,,1,69,,272096,5,,,1,30,,272089,5,,,1,69,,272090,5,,,1,28,,272120,5,,,1,73,,272109,5,,,1,30,,272106,5,,,1,70,,160795,5,,,1,31,,272134,5,,,1
8700,'3',745,,189912,5,,,1,70,,272150,5,,,1,34,,272146,5,,,1,55,,272162,5,,,1,14,,272173,5,,,1,15,,272169,5,,,1,15,,54492,5,,,1,55,,272155,5,,,1,15,,272145,5,,,1,15,,272168,5,,,1,15,,55333,5,,,1,55,,272165,5,,,1,15,,272144,5,,,1,15,,272148,5,,,1,15,,272141,5,,,1,55,,272143,5,,,1,15,,272135,5,,,1,15,,272174,5,,,1,15,,272177,5,,,1,55,,272164,5,,,1,15,,272170,5,,,1,15,,272160,5,,,1,15,,272136,5,,,1,55,,272149,5,,,1,15,,272158,5,,,1,15,,272159,5,,,1,15,,272157,5,,,1,55,,272147,5,,,1,16,,176697,5,,,1,15,,272140,5,,,1,18,,272138,5,,,1,53,,140533,5,,,1,15,,272172,5,,,1,15,,188474,5,,,1,16,,272167,5,,,1,69,,272178,5,,,1,30,,196166,5,,,1,69,,272151,5,,,1,30,,272175,5,,,1,69,,272156,5,,,1,28,,272176,5,,,1,73,,272137,5,,,1,30,,185429,5,,,1,70,,272161,5,,,1,31,,272171,5,,,1
8700,'4',745,,272188,5,,,1,70,,272193,5,,,1,34,,272189,5,,,1,55,,272206,5,,,1,14,,272213,5,,,1,15,,272209,5,,,1,15,,272191,5,,,1,55,,272197,5,,,1,15,,272187,5,,,1,15,,176376,5,,,1,15,,272202,5,,,1,55,,272208,5,,,1,15,,272186,5,,,1,15,,41181,5,,,1,15,,272183,5,,,1,55,,272185,5,,,1,15,,272179,5,,,1,15,,272214,5,,,1,15,,272217,5,,,1,55,,116855,5,,,1,15,,272210,5,,,1,15,,272204,5,,,1,15,,1640,5,,,1,55,,272192,5,,,1,15,,272201,5,,,1,15,,272203,5,,,1,15,,272200,5,,,1,55,,272190,5,,,1,16,,272180,5,,,1,15,,183266,5,,,1,18,,272181,5,,,1,53,,272198,5,,,1,15,,141732,5,,,1,15,,272194,5,,,1,16,,91276,5,,,1,69,,183303,5,,,1,30,,272216,5,,,1,69,,272195,5,,,1,30,,272215,5,,,1,69,,272199,5,,,1,28,,10483,5,,,1,73,,176328,5,,,1,30,,272212,5,,,1,70,,272205,5,,,1,31,,272211,5,,,1
8700,'5',745,,272227,5,,,1,70,,272232,5,,,1,34,,272228,5,,,1,55,,272245,5,,,1,14,,272252,5,,,1,15,,272248,5,,,1,15,,272230,5,,,1,55,,272236,5,,,1,15,,272226,5,,,1,15,,175315,5,,,1,15,,272241,5,,,1,55,,272247,5,,,1,15,,272225,5,,,1,15,,40608,5,,,1,15,,272222,5,,,1,55,,272224,5,,,1,15,,272218,5,,,1,15,,272253,5,,,1,15,,272256,5,,,1,55,,116823,5,,,1,15,,272249,5,,,1,15,,272243,5,,,1,15,,1109,5,,,1,55,,272231,5,,,1,15,,272240,5,,,1,15,,272242,5,,,1,15,,272239,5,,,1,55,,272229,5,,,1,16,,272219,5,,,1,15,,182739,5,,,1,18,,272220,5,,,1,53,,272237,5,,,1,15,,141291,5,,,1,15,,272233,5,,,1,16,,90493,5,,,1,69,,182776,5,,,1,30,,272255,5,,,1,69,,272234,5,,,1,30,,272254,5,,,1,69,,272238,5,,,1,28,,9944,5,,,1,73,,175267,5,,,1,30,,272251,5,,,1,70,,272244,5,,,1,31,,272250,5,,,1
8700,'6',1037,,272271,5,,,1,70,,164078,5,,,1,30,,183317,5,,,1,70,,272258,5,,,1,30,,272270,5,,,1,70,,272266,5,,,1,30,,272257,5,,,1,70,,272261,5,,,1,30,,272268,5,,,1,70,,272263,5,,,1,30,,272264,5,,,1,70,,272267,5,,,1,30,,272269,5,,,1,69,,272259,5,,,1,30,,272265,5,,,1,70,,272262,5,,,1,30,,272260,5,,,1
8700,'7',745,,272317,5,,,1,72,,272298,5,,,1,16,,272296,5,,,1,16,,272313,5,,,1,55,,272315,5,,,1,14,,272299,5,,,1,15,,272272,5,,,1,15,,30623,5,,,1,55,,272300,5,,,1,15,,272279,5,,,1,15,,272316,5,,,1,15,,272285,5,,,1,55,,272290,5,,,1,15,,272291,5,,,1,15,,272301,5,,,1,15,,154068,5,,,1,55,,272276,5,,,1,15,,272277,5,,,1,15,,121059,5,,,1,15,,272278,5,,,1,55,,272282,5,,,1,15,,272280,5,,,1,15,,272310,5,,,1,15,,272284,5,,,1,55,,272304,5,,,1,15,,272295,5,,,1,15,,96199,5,,,1,15,,272302,5,,,1,55,,272311,5,,,1,16,,272308,5,,,1,15,,272287,5,,,1,16,,272289,5,,,1,55,,272294,5,,,1,15,,272312,5,,,1,14,,272303,5,,,1,17,,272286,5,,,1,71,,272292,5,,,1,28,,272318,5,,,1,69,,272281,5,,,1,30,,272274,5,,,1,69,,272275,5,,,1,28,,272306,5,,,1,73,,272293,5,,,1,30,,29998,5,,,1,70,,272309,5,,,1,31,,136488,5,,,1
8700,'8',745,,272370,5,,,1,70,,272348,5,,,1,17,,272368,5,,,1,17,,272359,5,,,1,55,,272350,5,,,1,14,,272328,5,,,1,15,,272343,5,,,1,15,,272329,5,,,1,55,,272371,5,,,1,15,,272344,5,,,1,15,,272322,5,,,1,15,,272358,5,,,1,55,,272352,5,,,1,15,,272339,5,,,1,15,,272334,5,,,1,15,,272327,5,,,1,55,,272367,5,,,1,15,,272337,5,,,1,15,,272362,5,,,1,15,,272356,5,,,1,55,,272333,5,,,1,15,,272326,5,,,1,15,,272336,5,,,1,15,,272330,5,,,1,55,,272331,5,,,1,15,,272365,5,,,1,15,,272321,5,,,1,15,,272347,5,,,1,55,,272338,5,,,1,16,,272340,5,,,1,15,,272345,5,,,1,17,,272335,5,,,1,54,,272354,5,,,1,15,,272320,5,,,1,13,,272324,5,,,1,18,,272323,5,,,1,69,,272360,5,,,1,30,,272361,5,,,1,69,,272319,5,,,1,30,,272342,5,,,1,69,,272325,5,,,1,28,,272357,5,,,1,73,,272364,5,,,1,30,,272341,5,,,1,70,,272349,5,,,1,31,,272369,5,,,1
8700,'9',745,,272381,5,,,1,70,,272386,5,,,1,34,,272382,5,,,1,55,,272399,5,,,1,14,,272406,5,,,1,15,,272402,5,,,1,15,,272384,5,,,1,55,,272390,5,,,1,15,,272380,5,,,1,15,,175881,5,,,1,15,,272395,5,,,1,55,,272401,5,,,1,15,,272379,5,,,1,15,,40907,5,,,1,15,,272376,5,,,1,55,,272378,5,,,1,15,,272372,5,,,1,15,,272407,5,,,1,15,,272410,5,,,1,55,,116839,5,,,1,15,,272403,5,,,1,15,,272397,5,,,1,15,,1384,5,,,1,55,,272385,5,,,1,15,,272394,5,,,1,15,,272396,5,,,1,15,,272393,5,,,1,55,,272383,5,,,1,16,,272373,5,,,1,15,,183017,5,,,1,18,,272374,5,,,1,53,,272391,5,,,1,15,,141525,5,,,1,15,,272387,5,,,1,16,,90892,5,,,1,69,,183054,5,,,1,30,,272409,5,,,1,69,,272388,5,,,1,30,,272408,5,,,1,69,,272392,5,,,1,28,,10226,5,,,1,73,,175833,5,,,1,30,,272405,5,,,1,70,,272398,5,,,1,31,,272404,5,,,1
40600,'11',1559,,294727,32,,,1
40600,'13',1759,,294728,32,,,1
40600,'17',1754,,294729,32,,,1
40600,'3',1754,,294730,32,,,1
