7001,'1',459,,73920,,,1,65,,73925,,,1,100,,73939,,,1,15,,73934,,,1,13,,73899,,,1,58,,73943,,,1,17,,73944,,,1,15,,73921,,,1,15,,73932,,,1,55,,73923,,,1,15,,73910,,,1,15,,73926,,,1,70,,73940,,,1,15,,73903,,,1,28,,73936,,,1,70,,73942,,,1,30,,73916,,,1,70,,73902,,,1,30,,73901,,,1,70,,73922,,,1,30,,73930,,,1,70,,73919,,,1,30,,73933,,,1,74,,73908,,,1,30,,73935,,,1,70,,73913,,,1,30,,73904,,,1,55,,73915,,,1,15,,73918,,,1,16,,73909,,,1,14,,73905,,,1,55,,73931,,,1,15,,73911,,,1,30,,73917,,,1,53,,73938,,,1,15,,73924,,,1,15,,73937,,,1,15,,73928,,,1,70,,73914,,,1,30,,73912,,,1,70,,73906,,,1,28,,73900,,,1,70,,73898,,,1,30,,73929,,,1,70,,73907,,,1,96,,73941,,,1
7001,'10',459,,73969,,,1,65,,73968,,,1,100,,73979,,,1,15,,73945,,,1,13,,73949,,,1,58,,73972,,,1,17,,73985,,,1,15,,73974,,,1,15,,73988,,,1,55,,73964,,,1,15,,73961,,,1,15,,73986,,,1,15,,73993,,,1,55,,73950,,,1,15,,73954,,,1,28,,73982,,,1,70,,73947,,,1,30,,73983,,,1,70,,73960,,,1,30,,73953,,,1,70,,73970,,,1,30,,73952,,,1,70,,73946,,,1,30,,73989,,,1,74,,73958,,,1,30,,73992,,,1,70,,73977,,,1,30,,73956,,,1,55,,73962,,,1,15,,73991,,,1,16,,73981,,,1,14,,73951,,,1,55,,73965,,,1,15,,73973,,,1,15,,73957,,,1,15,,73987,,,1,53,,73959,,,1,15,,73990,,,1,15,,73971,,,1,15,,73966,,,1,70,,73967,,,1,30,,73975,,,1,70,,73976,,,1,28,,73955,,,1,70,,73978,,,1,30,,73948,,,1,70,,73963,,,1,96,,73984,,,1
7001,'11',459,,74016,,,1,65,,74021,,,1,100,,74035,,,1,15,,74030,,,1,13,,73995,,,1,58,,74039,,,1,17,,74040,,,1,15,,74017,,,1,15,,74028,,,1,55,,74019,,,1,15,,74006,,,1,15,,74022,,,1,70,,74036,,,1,15,,73999,,,1,28,,74032,,,1,70,,74038,,,1,30,,74012,,,1,70,,73998,,,1,30,,73997,,,1,70,,74018,,,1,30,,74026,,,1,70,,74015,,,1,30,,74029,,,1,74,,74004,,,1,30,,74031,,,1,70,,74009,,,1,30,,74000,,,1,55,,74011,,,1,15,,74014,,,1,16,,74005,,,1,14,,74001,,,1,55,,74027,,,1,15,,74007,,,1,30,,74013,,,1,53,,74034,,,1,15,,74020,,,1,15,,74033,,,1,15,,74024,,,1,70,,74010,,,1,30,,74008,,,1,70,,74002,,,1,28,,73996,,,1,70,,73994,,,1,30,,74025,,,1,70,,74003,,,1,96,,74037,,,1
7001,'12',459,,74043,,,1,65,,74057,,,1,100,,74045,,,1,15,,74074,,,1,13,,74060,,,1,58,,74063,,,1,17,,74073,,,1,15,,74051,,,1,15,,74046,,,1,55,,74049,,,1,15,,74062,,,1,15,,74072,,,1,15,,74048,,,1,55,,74071,,,1,15,,74068,,,1,28,,74087,,,1,70,,74083,,,1,30,,74076,,,1,70,,74047,,,1,30,,74075,,,1,70,,74070,,,1,30,,74081,,,1,70,,74067,,,1,30,,74084,,,1,74,,74089,,,1,30,,74041,,,1,70,,74085,,,1,30,,74086,,,1,55,,74080,,,1,16,,74078,,,1,15,,74079,,,1,14,,74082,,,1,55,,74066,,,1,15,,74065,,,1,16,,74042,,,1,14,,74077,,,1,53,,74056,,,1,15,,74069,,,1,15,,74052,,,1,15,,74088,,,1,70,,74054,,,1,30,,74061,,,1,70,,74059,,,1,28,,74055,,,1,70,,74050,,,1,30,,74053,,,1,70,,74044,,,1,96,,74058,,,1
7001,'13',453,,74114,,,1,70,,74120,,,1,100,,74109,0,64 65,1,30,,74092,0,64 65,1,65,,74111,,,1,30,,74103,,,1,100,,74112,,,1,100,,74095,,,1,101,,74108,,,1,70,,74105,,,1,30,,74102,,,1,70,,74117,,,1,30,,74104,,,1,70,,74121,,,1,30,,74106,,,1,70,,74119,,,1,30,,74090,,,1,70,,74093,,,1,30,,74098,,,1,70,,74094,,,1,30,,74107,,,1,70,,74100,,,1,30,,74113,,,1,70,,74099,,,1,30,,74116,,,1,70,,74097,,,1,30,,74096,,,1,70,,74091,,,1,100,,74101,,,1,99,,74110,,,1,100,,74118,,,1,105,,74115,,,1
7001,'14',453,,74146,,,1,70,,74152,,,1,100,,74141,0,64 65,1,30,,74124,0,64 65,1,65,,74143,,,1,30,,74135,,,1,100,,74144,,,1,100,,74127,,,1,101,,74140,,,1,70,,74137,,,1,30,,74134,,,1,70,,74149,,,1,30,,74136,,,1,70,,74153,,,1,30,,74138,,,1,70,,74151,,,1,30,,74122,,,1,70,,74125,,,1,30,,74130,,,1,70,,74126,,,1,30,,74139,,,1,70,,74132,,,1,30,,74145,,,1,70,,74131,,,1,30,,74148,,,1,70,,74129,,,1,30,,74128,,,1,70,,74123,,,1,100,,74133,,,1,99,,74142,,,1,100,,74150,,,1,105,,74147,,,1
7001,'15',459,,74178,,,1,65,,74177,,,1,100,,74188,,,1,15,,74154,,,1,13,,74158,,,1,58,,74181,,,1,17,,74194,,,1,15,,74183,,,1,15,,74197,,,1,55,,74173,,,1,15,,74170,,,1,15,,74195,,,1,15,,74202,,,1,55,,74159,,,1,15,,74163,,,1,28,,74191,,,1,70,,74156,,,1,30,,74192,,,1,70,,74169,,,1,30,,74162,,,1,70,,74179,,,1,30,,74161,,,1,70,,74155,,,1,30,,74198,,,1,74,,74167,,,1,30,,74201,,,1,70,,74186,,,1,30,,74165,,,1,55,,74171,,,1,15,,74200,,,1,16,,74190,,,1,14,,74160,,,1,55,,74174,,,1,15,,74182,,,1,15,,74166,,,1,15,,74196,,,1,53,,74168,,,1,15,,74199,,,1,15,,74180,,,1,15,,74175,,,1,70,,74176,,,1,30,,74184,,,1,70,,74185,,,1,28,,74164,,,1,70,,74187,,,1,30,,74157,,,1,70,,74172,,,1,96,,74193,,,1
7001,'16',459,,74225,,,1,65,,74230,,,1,100,,74244,,,1,15,,74239,,,1,13,,74204,,,1,58,,74248,,,1,17,,74249,,,1,15,,74226,,,1,15,,74237,,,1,55,,74228,,,1,15,,74215,,,1,15,,74231,,,1,70,,74245,,,1,15,,74208,,,1,28,,74241,,,1,70,,74247,,,1,30,,74221,,,1,70,,74207,,,1,30,,74206,,,1,70,,74227,,,1,30,,74235,,,1,70,,74224,,,1,30,,74238,,,1,74,,74213,,,1,30,,74240,,,1,70,,74218,,,1,30,,74209,,,1,55,,74220,,,1,15,,74223,,,1,16,,74214,,,1,14,,74210,,,1,55,,74236,,,1,15,,74216,,,1,30,,74222,,,1,53,,74243,,,1,15,,74229,,,1,15,,74242,,,1,15,,74233,,,1,70,,74219,,,1,30,,74217,,,1,70,,74211,,,1,28,,74205,,,1,70,,74203,,,1,30,,74234,,,1,70,,74212,,,1,96,,74246,,,1
7001,'17',453,,74274,,,1,70,,74280,,,1,100,,74269,0,64 65,1,30,,74252,0,64 65,1,65,,74271,,,1,30,,74263,,,1,100,,74272,,,1,100,,74255,,,1,101,,74268,,,1,70,,74265,,,1,30,,74262,,,1,70,,74277,,,1,30,,74264,,,1,70,,74281,,,1,30,,74266,,,1,70,,74279,,,1,30,,74250,,,1,70,,74253,,,1,30,,74258,,,1,70,,74254,,,1,30,,74267,,,1,70,,74260,,,1,30,,74273,,,1,70,,74259,,,1,30,,74276,,,1,70,,74257,,,1,30,,74256,,,1,70,,74251,,,1,100,,74261,,,1,99,,74270,,,1,100,,74278,,,1,105,,74275,,,1
7001,'18',500,,74290,,,1,30,,74295,,,1,176,,74293,,,1,25,,74288,,,1,70,,74287,,,1,100,,74294,,,1,101,,74313,,,1,100,,74306,,,1,30,,74301,,,1,70,,74286,,,1,30,,74310,,,1,70,,74297,,,1,30,,74311,,,1,70,,74303,,,1,30,,74299,,,1,70,,74283,,,1,30,,74314,,,1,70,,74298,,,1,30,,74292,,,1,70,,74300,,,1,30,,74302,,,1,70,,74296,,,1,30,,74307,,,1,70,,74309,,,1,30,,74308,,,1,70,,74282,,,1,30,,74284,,,1,70,,74289,,,1,29,,74304,,,1,70,,74285,,,1,57,,74305,,,1,143,,74291,,,1,100,,74312,,,1
7001,'19',500,,74323,,,1,30,,74328,,,1,176,,74326,,,1,25,,74321,,,1,70,,74320,,,1,100,,74327,,,1,101,,74346,,,1,100,,74339,,,1,30,,74334,,,1,70,,74319,,,1,30,,74343,,,1,70,,74330,,,1,30,,74344,,,1,70,,74336,,,1,30,,74332,,,1,70,,74316,,,1,30,,74347,,,1,70,,74331,,,1,30,,74325,,,1,70,,74333,,,1,30,,74335,,,1,70,,74329,,,1,30,,74340,,,1,70,,74342,,,1,30,,74341,,,1,70,,74315,,,1,30,,74317,,,1,70,,74322,,,1,29,,74337,,,1,70,,74318,,,1,57,,74338,,,1,143,,74324,,,1,100,,74345,,,1
7001,'2',453,,74372,,,1,70,,74378,,,1,100,,74367,0,64 65,1,30,,74350,0,64 65,1,65,,74369,,,1,30,,74361,,,1,100,,74370,,,1,100,,74353,,,1,101,,74366,,,1,70,,74363,,,1,30,,74360,,,1,70,,74375,,,1,30,,74362,,,1,70,,74379,,,1,30,,74364,,,1,70,,74377,,,1,30,,74348,,,1,70,,74351,,,1,30,,74356,,,1,70,,74352,,,1,30,,74365,,,1,70,,74358,,,1,30,,74371,,,1,70,,74357,,,1,30,,74374,,,1,70,,74355,,,1,30,,74354,,,1,70,,74349,,,1,100,,74359,,,1,99,,74368,,,1,100,,74376,,,1,105,,74373,,,1
7001,'20',459,,74402,,,1,65,,74407,,,1,100,,74421,,,1,15,,74416,,,1,13,,74381,,,1,58,,74425,,,1,17,,74426,,,1,15,,74403,,,1,15,,74414,,,1,55,,74405,,,1,15,,74392,,,1,15,,74408,,,1,70,,74422,,,1,15,,74385,,,1,28,,74418,,,1,70,,74424,,,1,30,,74398,,,1,70,,74384,,,1,30,,74383,,,1,70,,74404,,,1,30,,74412,,,1,70,,74401,,,1,30,,74415,,,1,74,,74390,,,1,30,,74417,,,1,70,,74395,,,1,30,,74386,,,1,55,,74397,,,1,15,,74400,,,1,16,,74391,,,1,14,,74387,,,1,55,,74413,,,1,15,,74393,,,1,30,,74399,,,1,53,,74420,,,1,15,,74406,,,1,15,,74419,,,1,15,,74410,,,1,70,,74396,,,1,30,,74394,,,1,70,,74388,,,1,28,,74382,,,1,70,,74380,,,1,30,,74411,,,1,70,,74389,,,1,96,,74423,,,1
7001,'3',459,,74449,,,1,65,,74454,,,1,100,,74468,,,1,15,,74463,,,1,13,,74428,,,1,58,,74472,,,1,17,,74473,,,1,15,,74450,,,1,15,,74461,,,1,55,,74452,,,1,15,,74439,,,1,15,,74455,,,1,70,,74469,,,1,15,,74432,,,1,28,,74465,,,1,70,,74471,,,1,30,,74445,,,1,70,,74431,,,1,30,,74430,,,1,70,,74451,,,1,30,,74459,,,1,70,,74448,,,1,30,,74462,,,1,74,,74437,,,1,30,,74464,,,1,70,,74442,,,1,30,,74433,,,1,55,,74444,,,1,15,,74447,,,1,16,,74438,,,1,14,,74434,,,1,55,,74460,,,1,15,,74440,,,1,30,,74446,,,1,53,,74467,,,1,15,,74453,,,1,15,,74466,,,1,15,,74457,,,1,70,,74443,,,1,30,,74441,,,1,70,,74435,,,1,28,,74429,,,1,70,,74427,,,1,30,,74458,,,1,70,,74436,,,1,96,,74470,,,1
7001,'4',459,,74496,,,1,65,,74501,,,1,100,,74515,,,1,15,,74510,,,1,13,,74475,,,1,58,,74519,,,1,17,,74520,,,1,15,,74497,,,1,15,,74508,,,1,55,,74499,,,1,15,,74486,,,1,15,,74502,,,1,70,,74516,,,1,15,,74479,,,1,28,,74512,,,1,70,,74518,,,1,30,,74492,,,1,70,,74478,,,1,30,,74477,,,1,70,,74498,,,1,30,,74506,,,1,70,,74495,,,1,30,,74509,,,1,74,,74484,,,1,30,,74511,,,1,70,,74489,,,1,30,,74480,,,1,55,,74491,,,1,15,,74494,,,1,16,,74485,,,1,14,,74481,,,1,55,,74507,,,1,15,,74487,,,1,30,,74493,,,1,53,,74514,,,1,15,,74500,,,1,15,,74513,,,1,15,,74504,,,1,70,,74490,,,1,30,,74488,,,1,70,,74482,,,1,28,,74476,,,1,70,,74474,,,1,30,,74505,,,1,70,,74483,,,1,96,,74517,,,1
7001,'5',459,,74543,,,1,65,,74548,,,1,100,,74562,,,1,15,,74557,,,1,13,,74522,,,1,58,,74566,,,1,17,,74567,,,1,15,,74544,,,1,15,,74555,,,1,55,,74546,,,1,15,,74533,,,1,15,,74549,,,1,70,,74563,,,1,15,,74526,,,1,28,,74559,,,1,70,,74565,,,1,30,,74539,,,1,70,,74525,,,1,30,,74524,,,1,70,,74545,,,1,30,,74553,,,1,70,,74542,,,1,30,,74556,,,1,74,,74531,,,1,30,,74558,,,1,70,,74536,,,1,30,,74527,,,1,55,,74538,,,1,15,,74541,,,1,16,,74532,,,1,14,,74528,,,1,55,,74554,,,1,15,,74534,,,1,30,,74540,,,1,53,,74561,,,1,15,,74547,,,1,15,,74560,,,1,15,,74551,,,1,70,,74537,,,1,30,,74535,,,1,70,,74529,,,1,28,,74523,,,1,70,,74521,,,1,30,,74552,,,1,70,,74530,,,1,96,,74564,,,1
7001,'6',459,,74590,,,1,65,,74595,,,1,100,,74609,,,1,15,,74604,,,1,13,,74569,,,1,58,,74613,,,1,17,,74614,,,1,15,,74591,,,1,15,,74602,,,1,55,,74593,,,1,15,,74580,,,1,15,,74596,,,1,70,,74610,,,1,15,,74573,,,1,28,,74606,,,1,70,,74612,,,1,30,,74586,,,1,70,,74572,,,1,30,,74571,,,1,70,,74592,,,1,30,,74600,,,1,70,,74589,,,1,30,,74603,,,1,74,,74578,,,1,30,,74605,,,1,70,,74583,,,1,30,,74574,,,1,55,,74585,,,1,15,,74588,,,1,16,,74579,,,1,14,,74575,,,1,55,,74601,,,1,15,,74581,,,1,30,,74587,,,1,53,,74608,,,1,15,,74594,,,1,15,,74607,,,1,15,,74598,,,1,70,,74584,,,1,30,,74582,,,1,70,,74576,,,1,28,,74570,,,1,70,,74568,,,1,30,,74599,,,1,70,,74577,,,1,96,,74611,,,1
7001,'7',459,,74639,,,1,65,,74638,,,1,100,,74649,,,1,15,,74615,,,1,13,,74619,,,1,58,,74642,,,1,17,,74655,,,1,15,,74644,,,1,15,,74658,,,1,55,,74634,,,1,15,,74631,,,1,15,,74656,,,1,15,,74663,,,1,55,,74620,,,1,15,,74624,,,1,28,,74652,,,1,70,,74617,,,1,30,,74653,,,1,70,,74630,,,1,30,,74623,,,1,70,,74640,,,1,30,,74622,,,1,70,,74616,,,1,30,,74659,,,1,74,,74628,,,1,30,,74662,,,1,70,,74647,,,1,30,,74626,,,1,55,,74632,,,1,15,,74661,,,1,16,,74651,,,1,14,,74621,,,1,55,,74635,,,1,15,,74643,,,1,15,,74627,,,1,15,,74657,,,1,53,,74629,,,1,15,,74660,,,1,15,,74641,,,1,15,,74636,,,1,70,,74637,,,1,30,,74645,,,1,70,,74646,,,1,28,,74625,,,1,70,,74648,,,1,30,,74618,,,1,70,,74633,,,1,96,,74654,,,1
7001,'8',459,,74688,,,1,65,,74687,,,1,100,,74698,,,1,15,,74664,,,1,13,,74668,,,1,58,,74691,,,1,17,,74704,,,1,15,,74693,,,1,15,,74707,,,1,55,,74683,,,1,15,,74680,,,1,15,,74705,,,1,15,,74712,,,1,55,,74669,,,1,15,,74673,,,1,28,,74701,,,1,70,,74666,,,1,30,,74702,,,1,70,,74679,,,1,30,,74672,,,1,70,,74689,,,1,30,,74671,,,1,70,,74665,,,1,30,,74708,,,1,74,,74677,,,1,30,,74711,,,1,70,,74696,,,1,30,,74675,,,1,55,,74681,,,1,15,,74710,,,1,16,,74700,,,1,14,,74670,,,1,55,,74684,,,1,15,,74692,,,1,15,,74676,,,1,15,,74706,,,1,53,,74678,,,1,15,,74709,,,1,15,,74690,,,1,15,,74685,,,1,70,,74686,,,1,30,,74694,,,1,70,,74695,,,1,28,,74674,,,1,70,,74697,,,1,30,,74667,,,1,70,,74682,,,1,96,,74703,,,1
7001,'9',459,,74737,,,1,65,,74736,,,1,100,,74747,,,1,15,,74713,,,1,13,,74717,,,1,58,,74740,,,1,17,,74753,,,1,15,,74742,,,1,15,,74756,,,1,55,,74732,,,1,15,,74729,,,1,15,,74754,,,1,15,,74761,,,1,55,,74718,,,1,15,,74722,,,1,28,,74750,,,1,70,,74715,,,1,30,,74751,,,1,70,,74728,,,1,30,,74721,,,1,70,,74738,,,1,30,,74720,,,1,70,,74714,,,1,30,,74757,,,1,74,,74726,,,1,30,,74760,,,1,70,,74745,,,1,30,,74724,,,1,55,,74730,,,1,15,,74759,,,1,16,,74749,,,1,14,,74719,,,1,55,,74733,,,1,15,,74741,,,1,15,,74725,,,1,15,,74755,,,1,53,,74727,,,1,15,,74758,,,1,15,,74739,,,1,15,,74734,,,1,70,,74735,,,1,30,,74743,,,1,70,,74744,,,1,28,,74723,,,1,70,,74746,,,1,30,,74716,,,1,70,,74731,,,1,96,,74752,,,1
9900,'1',606,,101443,,,1,107,,101444,,,1,100,,101445,,,1,102,,101456,,,1,100,,101423,,,1,95,,101424,,,1,100,,101433,,,1,100,,101452,,,1,102,,101441,,,1,102,,101449,,,1,103,,101455,,,1,102,,101453,,,1,100,,101435,,,1
9900,'10',606,,101479,,,1,107,,101485,,,1,101,,101458,,,1,101,,101489,,,1,100,,101469,,,1,95,,101484,,,1,100,,101488,,,1,100,,101464,,,1,102,,101466,,,1,102,,101474,,,1,103,,101476,,,1,102,,101491,,,1,100,,101481,,,1
9900,'11',606,,101519,,,1,107,,101520,,,1,100,,101521,,,1,102,,101532,,,1,100,,101499,,,1,95,,101500,,,1,100,,101509,,,1,100,,101528,,,1,102,,101517,,,1,102,,101525,,,1,103,,101531,,,1,102,,101529,,,1,100,,101511,,,1
9900,'12',606,,101550,,,1,107,,101544,,,1,100,,101551,,,1,102,,101537,,,1,100,,101540,,,1,95,,101535,,,1,100,,101534,,,1,100,,101539,,,1,102,,101538,,,1,102,,101548,,,1,103,,101549,,,1,103,,101541,,,1,99,,101546,,,1
9900,'15',606,,101629,,,1,107,,101635,,,1,101,,101608,,,1,101,,101639,,,1,100,,101619,,,1,95,,101634,,,1,100,,101638,,,1,100,,101614,,,1,102,,101616,,,1,102,,101624,,,1,103,,101626,,,1,102,,101641,,,1,100,,101631,,,1
9900,'16',606,,101669,,,1,107,,101670,,,1,100,,101671,,,1,102,,101682,,,1,100,,101649,,,1,95,,101650,,,1,100,,101659,,,1,100,,101678,,,1,102,,101667,,,1,102,,101675,,,1,103,,101681,,,1,102,,101679,,,1,100,,101661,,,1
9900,'20',606,,101829,,,1,107,,101830,,,1,100,,101831,,,1,102,,101842,,,1,100,,101809,,,1,95,,101810,,,1,100,,101819,,,1,100,,101838,,,1,102,,101827,,,1,102,,101835,,,1,103,,101841,,,1,102,,101839,,,1,100,,101821,,,1
9900,'3',606,,101869,,,1,107,,101870,,,1,100,,101871,,,1,102,,101882,,,1,100,,101849,,,1,95,,101850,,,1,100,,101859,,,1,100,,101878,,,1,102,,101867,,,1,102,,101875,,,1,103,,101881,,,1,102,,101879,,,1,100,,101861,,,1
9900,'4',606,,101909,,,1,107,,101910,,,1,100,,101911,,,1,102,,101922,,,1,100,,101889,,,1,95,,101890,,,1,100,,101899,,,1,100,,101918,,,1,102,,101907,,,1,102,,101915,,,1,103,,101921,,,1,102,,101919,,,1,100,,101901,,,1
9900,'5',606,,101949,,,1,107,,101950,,,1,100,,101951,,,1,102,,101962,,,1,100,,101929,,,1,95,,101930,,,1,100,,101939,,,1,100,,101958,,,1,102,,101947,,,1,102,,101955,,,1,103,,101961,,,1,102,,101959,,,1,100,,101941,,,1
9900,'6',606,,101989,,,1,107,,101990,,,1,100,,101991,,,1,102,,102002,,,1,100,,101969,,,1,95,,101970,,,1,100,,101979,,,1,100,,101998,,,1,102,,101987,,,1,102,,101995,,,1,103,,102001,,,1,102,,101999,,,1,100,,101981,,,1
9900,'7',606,,102025,,,1,107,,102031,,,1,101,,102004,,,1,101,,102035,,,1,100,,102015,,,1,95,,102030,,,1,100,,102034,,,1,100,,102010,,,1,102,,102012,,,1,102,,102020,,,1,103,,102022,,,1,102,,102037,,,1,100,,102027,,,1
9900,'8',606,,102061,,,1,107,,102067,,,1,101,,102040,,,1,101,,102071,,,1,100,,102051,,,1,95,,102066,,,1,100,,102070,,,1,100,,102046,,,1,102,,102048,,,1,102,,102056,,,1,103,,102058,,,1,102,,102073,,,1,100,,102063,,,1
9900,'9',606,,102097,,,1,107,,102103,,,1,101,,102076,,,1,101,,102107,,,1,100,,102087,,,1,95,,102102,,,1,100,,102106,,,1,100,,102082,,,1,102,,102084,,,1,102,,102092,,,1,103,,102094,,,1,102,,102109,,,1,100,,102099,,,1
9901,'1',1553,,102142,,,1
9901,'11',1553,,102219,,,1
9901,'16',1553,,102372,,,1
9901,'20',1553,,102534,,,1
9901,'3',1553,,102574,,,1
9901,'4',1553,,102614,,,1
9901,'5',1553,,102654,,,1
9901,'6',1553,,102694,,,1
11001,'1',452,,105198,,,1,70,,105195,,,1,95,,105178,0,35,1,109,,105182,0,35,1,30,,105173,0,35,1,70,,105174,0,35,1,76,,105180,0,35,1,27,,105187,0,35,1,30,,105200,0,35,1,66,,105192,0,35,1,31,,105188,0,35,1,144,,105199,0,35,1,30,,105201,0,35,1,70,,105176,0,35,1,28,,105203,0,35,1,30,,105202,0,35,1,96,,105179,0,35,1,72,,105186,0,35,1,30,,105194,0,35,1,79,,105181,0,35,1,108,,105191,0,35,1,66,,105183,0,35,1,30,,105196,0,35,1,67,,105177,0,35,1,24,,105189,0,35,1,24,,105193,0,35,1,60,,105184,0,35,1,30,,105175,0,35,1,70,,105204,0,35,1
11001,'10',452,,105219,0,35,1,70,,105208,,,1,95,,105225,0,35,1,39,,105217,0,35,1,70,,105221,0,35,1,30,,105228,0,35,1,70,,105209,0,35,1,76,,105213,0,35,1,27,,105237,0,35,1,30,,105216,0,35,1,66,,105214,0,35,1,31,,105220,0,35,1,70,,105211,0,35,1,74,,105222,0,35,1,30,,105236,0,35,1,70,,105218,0,35,1,28,,105234,0,35,1,30,,105205,0,35,1,68,,105229,0,35,1,30,,105215,0,35,1,70,,105210,0,35,1,30,,105226,0,35,1,79,,105224,0,35,1,75,,105206,0,35,1,33,,105231,0,35,1,66,,105233,0,35,1,30,,105230,0,35,1,67,,105232,0,35,1,24,,105207,0,35,1,24,,105235,0,35,1,60,,105227,0,35,1,30,,105223,0,35,1,70,,105212,0,35,1
11001,'11',452,,105263,,,1,70,,105260,,,1,95,,105243,0,35,1,109,,105247,0,35,1,30,,105238,0,35,1,70,,105239,0,35,1,76,,105245,0,35,1,27,,105252,0,35,1,30,,105265,0,35,1,66,,105257,0,35,1,31,,105253,0,35,1,144,,105264,0,35,1,30,,105266,0,35,1,70,,105241,0,35,1,28,,105268,0,35,1,30,,105267,0,35,1,96,,105244,0,35,1,72,,105251,0,35,1,30,,105259,0,35,1,79,,105246,0,35,1,108,,105256,0,35,1,66,,105248,0,35,1,30,,105261,0,35,1,67,,105242,0,35,1,24,,105254,0,35,1,24,,105258,0,35,1,60,,105249,0,35,1,30,,105240,0,35,1,70,,105269,0,35,1
11001,'12',452,,105291,0,41,1,70,,105302,0,35,1,95,,105280,0,35,1,39,,105290,0,35,1,70,,105292,0,35,1,30,,105284,0,35,1,70,,105300,0,35,1,76,,105283,0,35,1,27,,105275,0,35,1,30,,105293,0,35,1,66,,105281,0,35,1,31,,105272,0,35,1,70,,105301,0,35,1,74,,105295,0,35,1,30,,105288,0,35,1,70,,105276,0,35,1,28,,105296,0,35,1,30,,105285,0,35,1,68,,105297,0,35,1,30,,105273,0,35,1,70,,105278,0,35,1,30,,105279,0,35,1,85,,105282,0,35,1,70,,105277,0,35,1,32,,105287,0,35,1,66,,105289,0,35,1,30,,105270,0,35,1,67,,105299,0,35,1,24,,105298,0,35,1,24,,105271,0,35,1,60,,105274,0,35,1,30,,105294,0,35,1,70,,105286,0,35,1
11001,'13',451,,105308,0,41,1,70,,105304,0,41,1,130,,105306,0,35,1,70,,105303,0,35,1,1032,,105307,0,35,1,70,,105305,0,35,1
11001,'14',451,,105314,0,41,1,70,,105310,0,41,1,130,,105312,0,35,1,70,,105309,0,35,1,1032,,105313,0,35,1,70,,105311,0,35,1
11001,'15',452,,105329,0,35,1,70,,105318,,,1,95,,105335,0,35,1,39,,105327,0,35,1,70,,105331,0,35,1,30,,105338,0,35,1,70,,105319,0,35,1,76,,105323,0,35,1,27,,105347,0,35,1,30,,105326,0,35,1,66,,105324,0,35,1,31,,105330,0,35,1,70,,105321,0,35,1,74,,105332,0,35,1,30,,105346,0,35,1,70,,105328,0,35,1,28,,105344,0,35,1,30,,105315,0,35,1,68,,105339,0,35,1,30,,105325,0,35,1,70,,105320,0,35,1,30,,105336,0,35,1,79,,105334,0,35,1,75,,105316,0,35,1,33,,105341,0,35,1,66,,105343,0,35,1,30,,105340,0,35,1,67,,105342,0,35,1,24,,105317,0,35,1,24,,105345,0,35,1,60,,105337,0,35,1,30,,105333,0,35,1,70,,105322,0,35,1
11001,'16',452,,105373,,,1,70,,105370,,,1,95,,105353,0,35,1,109,,105357,0,35,1,30,,105348,0,35,1,70,,105349,0,35,1,76,,105355,0,35,1,27,,105362,0,35,1,30,,105375,0,35,1,66,,105367,0,35,1,31,,105363,0,35,1,144,,105374,0,35,1,30,,105376,0,35,1,70,,105351,0,35,1,28,,105378,0,35,1,30,,105377,0,35,1,96,,105354,0,35,1,72,,105361,0,35,1,30,,105369,0,35,1,79,,105356,0,35,1,108,,105366,0,35,1,66,,105358,0,35,1,30,,105371,0,35,1,67,,105352,0,35,1,24,,105364,0,35,1,24,,105368,0,35,1,60,,105359,0,35,1,30,,105350,0,35,1,70,,105379,0,35,1
11001,'17',451,,105385,0,41,1,70,,105381,0,41,1,130,,105383,0,35,1,70,,105380,0,35,1,1032,,105384,0,35,1,70,,105382,0,35,1
11001,'18',451,,105391,,,1,70,,105387,,,1,130,,105388,0,35,1,70,,105386,0,35,1,1032,,105390,0,35,1,70,,105389,0,35,1
11001,'19',451,,105397,,,1,70,,105393,,,1,130,,105394,0,35,1,70,,105392,0,35,1,1032,,105396,0,35,1,70,,105395,0,35,1
11001,'2',451,,105403,0,41,1,70,,105399,0,41,1,130,,105401,0,35,1,70,,105398,0,35,1,1032,,105402,0,35,1,70,,105400,0,35,1
11001,'20',452,,105429,,,1,70,,105426,,,1,95,,105409,0,35,1,109,,105413,0,35,1,30,,105404,0,35,1,70,,105405,0,35,1,76,,105411,0,35,1,27,,105418,0,35,1,30,,105431,0,35,1,66,,105423,0,35,1,31,,105419,0,35,1,144,,105430,0,35,1,30,,105432,0,35,1,70,,105407,0,35,1,28,,105434,0,35,1,30,,105433,0,35,1,96,,105410,0,35,1,72,,105417,0,35,1,30,,105425,0,35,1,79,,105412,0,35,1,108,,105422,0,35,1,66,,105414,0,35,1,30,,105427,0,35,1,67,,105408,0,35,1,24,,105420,0,35,1,24,,105424,0,35,1,60,,105415,0,35,1,30,,105406,0,35,1,70,,105435,0,35,1
11001,'3',452,,105461,,,1,70,,105458,,,1,95,,105441,0,35,1,109,,105445,0,35,1,30,,105436,0,35,1,70,,105437,0,35,1,76,,105443,0,35,1,27,,105450,0,35,1,30,,105463,0,35,1,66,,105455,0,35,1,31,,105451,0,35,1,144,,105462,0,35,1,30,,105464,0,35,1,70,,105439,0,35,1,28,,105466,0,35,1,30,,105465,0,35,1,96,,105442,0,35,1,72,,105449,0,35,1,30,,105457,0,35,1,79,,105444,0,35,1,108,,105454,0,35,1,66,,105446,0,35,1,30,,105459,0,35,1,67,,105440,0,35,1,24,,105452,0,35,1,24,,105456,0,35,1,60,,105447,0,35,1,30,,105438,0,35,1,70,,105467,0,35,1
11001,'4',452,,105493,,,1,70,,105490,,,1,95,,105473,0,35,1,109,,105477,0,35,1,30,,105468,0,35,1,70,,105469,0,35,1,76,,105475,0,35,1,27,,105482,0,35,1,30,,105495,0,35,1,66,,105487,0,35,1,31,,105483,0,35,1,144,,105494,0,35,1,30,,105496,0,35,1,70,,105471,0,35,1,28,,105498,0,35,1,30,,105497,0,35,1,96,,105474,0,35,1,72,,105481,0,35,1,30,,105489,0,35,1,79,,105476,0,35,1,108,,105486,0,35,1,66,,105478,0,35,1,30,,105491,0,35,1,67,,105472,0,35,1,24,,105484,0,35,1,24,,105488,0,35,1,60,,105479,0,35,1,30,,105470,0,35,1,70,,105499,0,35,1
11001,'5',452,,105525,,,1,70,,105522,,,1,95,,105505,0,35,1,109,,105509,0,35,1,30,,105500,0,35,1,70,,105501,0,35,1,76,,105507,0,35,1,27,,105514,0,35,1,30,,105527,0,35,1,66,,105519,0,35,1,31,,105515,0,35,1,144,,105526,0,35,1,30,,105528,0,35,1,70,,105503,0,35,1,28,,105530,0,35,1,30,,105529,0,35,1,96,,105506,0,35,1,72,,105513,0,35,1,30,,105521,0,35,1,79,,105508,0,35,1,108,,105518,0,35,1,66,,105510,0,35,1,30,,105523,0,35,1,67,,105504,0,35,1,24,,105516,0,35,1,24,,105520,0,35,1,60,,105511,0,35,1,30,,105502,0,35,1,70,,105531,0,35,1
11001,'6',452,,105557,,,1,70,,105554,,,1,95,,105537,0,35,1,109,,105541,0,35,1,30,,105532,0,35,1,70,,105533,0,35,1,76,,105539,0,35,1,27,,105546,0,35,1,30,,105559,0,35,1,66,,105551,0,35,1,31,,105547,0,35,1,144,,105558,0,35,1,30,,105560,0,35,1,70,,105535,0,35,1,28,,105562,0,35,1,30,,105561,0,35,1,96,,105538,0,35,1,72,,105545,0,35,1,30,,105553,0,35,1,79,,105540,0,35,1,108,,105550,0,35,1,66,,105542,0,35,1,30,,105555,0,35,1,67,,105536,0,35,1,24,,105548,0,35,1,24,,105552,0,35,1,60,,105543,0,35,1,30,,105534,0,35,1,70,,105563,0,35,1
11001,'7',452,,105578,0,35,1,70,,105567,,,1,95,,105584,0,35,1,39,,105576,0,35,1,70,,105580,0,35,1,30,,105587,0,35,1,70,,105568,0,35,1,76,,105572,0,35,1,27,,105596,0,35,1,30,,105575,0,35,1,66,,105573,0,35,1,31,,105579,0,35,1,70,,105570,0,35,1,74,,105581,0,35,1,30,,105595,0,35,1,70,,105577,0,35,1,28,,105593,0,35,1,30,,105564,0,35,1,68,,105588,0,35,1,30,,105574,0,35,1,70,,105569,0,35,1,30,,105585,0,35,1,79,,105583,0,35,1,75,,105565,0,35,1,33,,105590,0,35,1,66,,105592,0,35,1,30,,105589,0,35,1,67,,105591,0,35,1,24,,105566,0,35,1,24,,105594,0,35,1,60,,105586,0,35,1,30,,105582,0,35,1,70,,105571,0,35,1
11001,'8',452,,105611,0,35,1,70,,105600,,,1,95,,105617,0,35,1,39,,105609,0,35,1,70,,105613,0,35,1,30,,105620,0,35,1,70,,105601,0,35,1,76,,105605,0,35,1,27,,105629,0,35,1,30,,105608,0,35,1,66,,105606,0,35,1,31,,105612,0,35,1,70,,105603,0,35,1,74,,105614,0,35,1,30,,105628,0,35,1,70,,105610,0,35,1,28,,105626,0,35,1,30,,105597,0,35,1,68,,105621,0,35,1,30,,105607,0,35,1,70,,105602,0,35,1,30,,105618,0,35,1,79,,105616,0,35,1,75,,105598,0,35,1,33,,105623,0,35,1,66,,105625,0,35,1,30,,105622,0,35,1,67,,105624,0,35,1,24,,105599,0,35,1,24,,105627,0,35,1,60,,105619,0,35,1,30,,105615,0,35,1,70,,105604,0,35,1
11001,'9',452,,105644,0,35,1,70,,105633,,,1,95,,105650,0,35,1,39,,105642,0,35,1,70,,105646,0,35,1,30,,105653,0,35,1,70,,105634,0,35,1,76,,105638,0,35,1,27,,105662,0,35,1,30,,105641,0,35,1,66,,105639,0,35,1,31,,105645,0,35,1,70,,105636,0,35,1,74,,105647,0,35,1,30,,105661,0,35,1,70,,105643,0,35,1,28,,105659,0,35,1,30,,105630,0,35,1,68,,105654,0,35,1,30,,105640,0,35,1,70,,105635,0,35,1,30,,105651,0,35,1,79,,105649,0,35,1,75,,105631,0,35,1,33,,105656,0,35,1,66,,105658,0,35,1,30,,105655,0,35,1,67,,105657,0,35,1,24,,105632,0,35,1,24,,105660,0,35,1,60,,105652,0,35,1,30,,105648,0,35,1,70,,105637,0,35,1
67300,'1',1556,,123805,,,1
67300,'11',1556,,123809,,,1
67300,'16',1556,,123813,,,1
67300,'20',1556,,123817,,,1
67300,'3',1556,,123821,,,1
67300,'4',1556,,123825,,,1
67300,'5',1556,,123829,,,1
67300,'6',1556,,123833,,,1
67900,'1',732,,124061,,,1,2,,124062,,,1,5,,124063,,,1
67900,'11',732,,124064,,,1,2,,124065,,,1,5,,124066,,,1
67900,'16',732,,124067,,,1,2,,124068,,,1,5,,124069,,,1
67900,'20',732,,124070,,,1,2,,124071,,,1,5,,124072,,,1
67900,'3',732,,124073,,,1,2,,124074,,,1,5,,124075,,,1
67900,'4',732,,124076,,,1,2,,124077,,,1,5,,124078,,,1
67900,'5',732,,124079,,,1,2,,124080,,,1,5,,124081,,,1
67900,'6',732,,124082,,,1,2,,124083,,,1,5,,124084,,,1
68301,'1',1611,,124298,,,1,3,,124297,,,1
68301,'11',1611,,124304,,,1,3,,124303,,,1
68301,'16',1611,,124310,,,1,3,,124309,,,1
68301,'20',1611,,124316,,,1,3,,124315,,,1
68301,'3',1611,,124322,,,1,3,,124321,,,1
68301,'4',1611,,124328,,,1,3,,124327,,,1
68301,'5',1611,,124334,,,1,3,,124333,,,1
68301,'6',1611,,124340,,,1,3,,124339,,,1
