9301,'1',755,,95006,10,,,1,100,,95004,10,,,1,70,,95002,10,,,1,30,,94995,10,,,1,70,,95013,10,,,1,30,,95011,10,,,1,48,,95010,10,,,1,22,,94994,10,,,1,30,,95009,10,,,1,70,,94999,10,,,1,30,,94998,10,,,1,70,,95014,10,,,1,30,,95000,10,,,1,70,,95001,10,,,1,23,,95015,10,,,1,7,,94996,10,,,1,70,,94992,10,,,1,30,,95003,10,,,1,70,,94988,10,,,1,30,,94997,10,,,1,70,,94989,10,,,1,30,,95008,10,,,1,70,,94991,10,,,1,30,,94990,10,,,1,70,,95017,10,,,1,30,,95018,10,,,1,70,,95016,10,,,1,30,,95007,10,,,1,70,,95005,10,,,1,30,,94993,10,,,1,100,,95012,10,,,1,100,,95019,10,,,1
9301,'10',536,,95050,10,,,1,83,,95025,10,,,1,30,,95020,10,,,1,70,,95036,10,,,1,31,,95028,10,,,1,68,,95021,10,,,1,33,,95022,10,,,1,69,,95030,10,,,1,30,,95049,10,,,1,69,,95052,10,,,1,30,,95037,10,,,1,70,,95034,10,,,1,30,,95026,10,,,1,70,,95044,10,,,1,30,,95033,10,,,1,70,,95041,10,,,1,30,,95043,10,,,1,70,,95027,10,,,1,30,,95023,10,,,1,100,,95038,10,,,1,74,,95045,10,,,1,97,,95032,10,,,1,100,,95029,10,,,1,30,,95042,10,,,1,70,,95048,10,,,1,30,,95039,10,,,1,70,,95024,10,,,1,29,,95035,10,,,1,70,,95047,10,,,1,30,,95040,10,,,1,70,,95046,10,,,1,30,,95031,10,,,1,102,,95051,10,,,1
9301,'11',536,,95083,10,,,1,83,,95058,10,,,1,30,,95053,10,,,1,70,,95069,10,,,1,31,,95061,10,,,1,68,,95054,10,,,1,33,,95055,10,,,1,69,,95063,10,,,1,30,,95082,10,,,1,69,,95085,10,,,1,30,,95070,10,,,1,70,,95067,10,,,1,30,,95059,10,,,1,70,,95077,10,,,1,30,,95066,10,,,1,70,,95074,10,,,1,30,,95076,10,,,1,70,,95060,10,,,1,30,,95056,10,,,1,100,,95071,10,,,1,74,,95078,10,,,1,97,,95065,10,,,1,100,,95062,10,,,1,30,,95075,10,,,1,70,,95081,10,,,1,30,,95072,10,,,1,70,,95057,10,,,1,29,,95068,10,,,1,70,,95080,10,,,1,30,,95073,10,,,1,70,,95079,10,,,1,30,,95064,10,,,1,102,,95084,10,,,1
9301,'12',536,,95116,10,,,1,83,,95091,10,,,1,30,,95086,10,,,1,70,,95102,10,,,1,31,,95094,10,,,1,68,,95087,10,,,1,33,,95088,10,,,1,69,,95096,10,,,1,30,,95115,10,,,1,69,,95118,10,,,1,30,,95103,10,,,1,70,,95100,10,,,1,30,,95092,10,,,1,70,,95110,10,,,1,30,,95099,10,,,1,70,,95107,10,,,1,30,,95109,10,,,1,70,,95093,10,,,1,30,,95089,10,,,1,100,,95104,10,,,1,74,,95111,10,,,1,97,,95098,10,,,1,100,,95095,10,,,1,30,,95108,10,,,1,70,,95114,10,,,1,30,,95105,10,,,1,70,,95090,10,,,1,29,,95101,10,,,1,70,,95113,10,,,1,30,,95106,10,,,1,70,,95112,10,,,1,30,,95097,10,,,1,102,,95117,10,,,1
9301,'13',536,,95150,10,,,1,83,,95126,10,,,1,30,,95120,10,,,1,70,,95135,10,,,1,31,,95142,10,,,1,68,,95140,10,,,1,33,,95148,10,,,1,69,,95141,10,,,1,30,,95133,10,,,1,69,,95125,10,,,1,30,,95143,10,,,1,70,,95128,10,,,1,30,,95145,10,,,1,70,,95151,10,,,1,30,,95123,10,,,1,70,,95146,10,,,1,30,,95129,10,,,1,70,,95153,10,,,1,30,,95147,10,,,1,72,,95154,10,,,1,30,,95138,10,,,1,70,,95144,10,,,1,30,,95139,10,,,1,69,,95149,10,,,1,30,,95134,10,,,1,70,,95124,10,,,1,30,,95152,10,,,1,70,,95119,10,,,1,30,,95137,10,,,1,70,,95130,10,,,1,29,,95132,10,,,1,70,,95127,10,,,1,30,,95136,10,,,1,70,,95131,10,,,1,30,,95121,10,,,1,102,,95122,10,,,1
9301,'14',656,,95182,10,,,1,91,,95162,10,,,1,100,,95187,10,,,1,70,,95161,10,,,1,30,,95185,10,,,1,70,,95179,10,,,1,31,,95183,10,,,1,70,,95163,10,,,1,30,,95186,10,,,1,70,,95168,10,,,1,30,,95172,10,,,1,70,,95170,10,,,1,30,,95171,10,,,1,70,,95155,10,,,1,30,,95164,10,,,1,70,,95180,10,,,1,30,,95166,10,,,1,70,,95169,10,,,1,30,,95159,10,,,1,70,,95167,10,,,1,30,,95176,10,,,1,70,,95181,10,,,1,30,,95158,10,,,1,70,,95160,10,,,1,30,,95173,10,,,1,70,,95175,10,,,1,29,,95184,10,,,1,70,,95156,10,,,1,30,,95177,10,,,1,70,,95174,10,,,1,30,,95165,10,,,1,100,,95178,10,,,1,100,,95157,10,,,1
9301,'15',536,,95218,10,,,1,83,,95193,10,,,1,30,,95188,10,,,1,70,,95204,10,,,1,31,,95196,10,,,1,68,,95189,10,,,1,33,,95190,10,,,1,69,,95198,10,,,1,30,,95217,10,,,1,69,,95220,10,,,1,30,,95205,10,,,1,70,,95202,10,,,1,30,,95194,10,,,1,70,,95212,10,,,1,30,,95201,10,,,1,70,,95209,10,,,1,30,,95211,10,,,1,70,,95195,10,,,1,30,,95191,10,,,1,100,,95206,10,,,1,74,,95213,10,,,1,97,,95200,10,,,1,100,,95197,10,,,1,30,,95210,10,,,1,70,,95216,10,,,1,30,,95207,10,,,1,70,,95192,10,,,1,29,,95203,10,,,1,70,,95215,10,,,1,30,,95208,10,,,1,70,,95214,10,,,1,30,,95199,10,,,1,102,,95219,10,,,1
9301,'16',536,,95251,10,,,1,83,,95226,10,,,1,30,,95221,10,,,1,70,,95237,10,,,1,31,,95229,10,,,1,68,,95222,10,,,1,33,,95223,10,,,1,69,,95231,10,,,1,30,,95250,10,,,1,69,,95253,10,,,1,30,,95238,10,,,1,70,,95235,10,,,1,30,,95227,10,,,1,70,,95245,10,,,1,30,,95234,10,,,1,70,,95242,10,,,1,30,,95244,10,,,1,70,,95228,10,,,1,30,,95224,10,,,1,100,,95239,10,,,1,74,,95246,10,,,1,97,,95233,10,,,1,100,,95230,10,,,1,30,,95243,10,,,1,70,,95249,10,,,1,30,,95240,10,,,1,70,,95225,10,,,1,29,,95236,10,,,1,70,,95248,10,,,1,30,,95241,10,,,1,70,,95247,10,,,1,30,,95232,10,,,1,102,,95252,10,,,1
9301,'17',536,,95285,10,,,1,83,,95261,10,,,1,30,,95255,10,,,1,70,,95270,10,,,1,31,,95277,10,,,1,68,,95275,10,,,1,33,,95283,10,,,1,69,,95276,10,,,1,30,,95268,10,,,1,69,,95260,10,,,1,30,,95278,10,,,1,70,,95263,10,,,1,30,,95280,10,,,1,70,,95286,10,,,1,30,,95258,10,,,1,70,,95281,10,,,1,30,,95264,10,,,1,70,,95288,10,,,1,30,,95282,10,,,1,72,,95289,10,,,1,30,,95273,10,,,1,70,,95279,10,,,1,30,,95274,10,,,1,69,,95284,10,,,1,30,,95269,10,,,1,70,,95259,10,,,1,30,,95287,10,,,1,70,,95254,10,,,1,30,,95272,10,,,1,70,,95265,10,,,1,29,,95267,10,,,1,70,,95262,10,,,1,30,,95271,10,,,1,70,,95266,10,,,1,30,,95256,10,,,1,102,,95257,10,,,1
9301,'18',536,,95313,10,,,1,83,,95317,10,,,1,28,,95311,10,,,1,70,,95290,10,,,1,33,,95292,10,,,1,68,,95298,10,,,1,33,,95297,10,,,1,69,,95310,10,,,1,30,,95307,10,,,1,69,,95325,10,,,1,30,,95295,10,,,1,70,,95301,10,,,1,30,,95303,10,,,1,70,,95324,10,,,1,30,,95314,10,,,1,70,,95319,10,,,1,30,,95323,10,,,1,70,,95315,10,,,1,30,,95302,10,,,1,70,,95300,10,,,1,34,,95294,10,,,1,68,,95316,10,,,1,29,,95321,10,,,1,70,,95296,10,,,1,28,,95322,10,,,1,72,,95293,10,,,1,30,,95309,10,,,1,70,,95318,10,,,1,30,,95291,10,,,1,70,,95306,10,,,1,29,,95308,10,,,1,70,,95299,10,,,1,30,,95304,10,,,1,70,,95312,10,,,1,30,,95320,10,,,1,102,,95305,10,,,1
9301,'19',536,,95357,10,,,1,83,,95333,10,,,1,30,,95327,10,,,1,70,,95342,10,,,1,31,,95349,10,,,1,68,,95347,10,,,1,33,,95355,10,,,1,69,,95348,10,,,1,30,,95340,10,,,1,69,,95332,10,,,1,30,,95350,10,,,1,70,,95335,10,,,1,30,,95352,10,,,1,70,,95358,10,,,1,30,,95330,10,,,1,70,,95353,10,,,1,30,,95336,10,,,1,70,,95360,10,,,1,30,,95354,10,,,1,72,,95361,10,,,1,30,,95345,10,,,1,70,,95351,10,,,1,30,,95346,10,,,1,69,,95356,10,,,1,30,,95341,10,,,1,70,,95331,10,,,1,30,,95359,10,,,1,70,,95326,10,,,1,30,,95344,10,,,1,70,,95337,10,,,1,29,,95339,10,,,1,70,,95334,10,,,1,30,,95343,10,,,1,70,,95338,10,,,1,30,,95328,10,,,1,102,,95329,10,,,1
9301,'2',755,,95380,10,,,1,100,,95378,10,,,1,70,,95376,10,,,1,30,,95369,10,,,1,70,,95387,10,,,1,30,,95385,10,,,1,48,,95384,10,,,1,22,,95368,10,,,1,30,,95383,10,,,1,70,,95373,10,,,1,30,,95372,10,,,1,70,,95388,10,,,1,30,,95374,10,,,1,70,,95375,10,,,1,23,,95389,10,,,1,7,,95370,10,,,1,70,,95366,10,,,1,30,,95377,10,,,1,70,,95362,10,,,1,30,,95371,10,,,1,70,,95363,10,,,1,30,,95382,10,,,1,70,,95365,10,,,1,30,,95364,10,,,1,70,,95391,10,,,1,30,,95392,10,,,1,70,,95390,10,,,1,30,,95381,10,,,1,70,,95379,10,,,1,30,,95367,10,,,1,100,,95386,10,,,1,100,,95393,10,,,1
9301,'3',536,,95424,10,,,1,83,,95399,10,,,1,30,,95394,10,,,1,70,,95410,10,,,1,31,,95402,10,,,1,68,,95395,10,,,1,33,,95396,10,,,1,69,,95404,10,,,1,30,,95423,10,,,1,69,,95426,10,,,1,30,,95411,10,,,1,70,,95408,10,,,1,30,,95400,10,,,1,70,,95418,10,,,1,30,,95407,10,,,1,70,,95415,10,,,1,30,,95417,10,,,1,70,,95401,10,,,1,30,,95397,10,,,1,100,,95412,10,,,1,74,,95419,10,,,1,97,,95406,10,,,1,100,,95403,10,,,1,30,,95416,10,,,1,70,,95422,10,,,1,30,,95413,10,,,1,70,,95398,10,,,1,29,,95409,10,,,1,70,,95421,10,,,1,30,,95414,10,,,1,70,,95420,10,,,1,30,,95405,10,,,1,102,,95425,10,,,1
9301,'4',536,,95457,10,,,1,83,,95432,10,,,1,30,,95427,10,,,1,70,,95443,10,,,1,31,,95435,10,,,1,68,,95428,10,,,1,33,,95429,10,,,1,69,,95437,10,,,1,30,,95456,10,,,1,69,,95459,10,,,1,30,,95444,10,,,1,70,,95441,10,,,1,30,,95433,10,,,1,70,,95451,10,,,1,30,,95440,10,,,1,70,,95448,10,,,1,30,,95450,10,,,1,70,,95434,10,,,1,30,,95430,10,,,1,100,,95445,10,,,1,74,,95452,10,,,1,97,,95439,10,,,1,100,,95436,10,,,1,30,,95449,10,,,1,70,,95455,10,,,1,30,,95446,10,,,1,70,,95431,10,,,1,29,,95442,10,,,1,70,,95454,10,,,1,30,,95447,10,,,1,70,,95453,10,,,1,30,,95438,10,,,1,102,,95458,10,,,1
9301,'5',536,,95491,10,,,1,83,,95467,10,,,1,30,,95461,10,,,1,70,,95476,10,,,1,31,,95483,10,,,1,68,,95481,10,,,1,33,,95489,10,,,1,69,,95482,10,,,1,30,,95474,10,,,1,69,,95466,10,,,1,30,,95484,10,,,1,70,,95469,10,,,1,30,,95486,10,,,1,70,,95492,10,,,1,30,,95464,10,,,1,70,,95487,10,,,1,30,,95470,10,,,1,70,,95494,10,,,1,30,,95488,10,,,1,72,,95495,10,,,1,30,,95479,10,,,1,70,,95485,10,,,1,30,,95480,10,,,1,69,,95490,10,,,1,30,,95475,10,,,1,70,,95465,10,,,1,30,,95493,10,,,1,70,,95460,10,,,1,30,,95478,10,,,1,70,,95471,10,,,1,29,,95473,10,,,1,70,,95468,10,,,1,30,,95477,10,,,1,70,,95472,10,,,1,30,,95462,10,,,1,102,,95463,10,,,1
9301,'6',536,,95526,10,,,1,83,,95501,10,,,1,30,,95496,10,,,1,70,,95512,10,,,1,31,,95504,10,,,1,68,,95497,10,,,1,33,,95498,10,,,1,69,,95506,10,,,1,30,,95525,10,,,1,69,,95528,10,,,1,30,,95513,10,,,1,70,,95510,10,,,1,30,,95502,10,,,1,70,,95520,10,,,1,30,,95509,10,,,1,70,,95517,10,,,1,30,,95519,10,,,1,70,,95503,10,,,1,30,,95499,10,,,1,100,,95514,10,,,1,74,,95521,10,,,1,97,,95508,10,,,1,100,,95505,10,,,1,30,,95518,10,,,1,70,,95524,10,,,1,30,,95515,10,,,1,70,,95500,10,,,1,29,,95511,10,,,1,70,,95523,10,,,1,30,,95516,10,,,1,70,,95522,10,,,1,30,,95507,10,,,1,102,,95527,10,,,1
9301,'7',536,,95560,10,,,1,83,,95536,10,,,1,30,,95530,10,,,1,70,,95545,10,,,1,31,,95552,10,,,1,68,,95550,10,,,1,33,,95558,10,,,1,69,,95551,10,,,1,30,,95543,10,,,1,69,,95535,10,,,1,30,,95553,10,,,1,70,,95538,10,,,1,30,,95555,10,,,1,70,,95561,10,,,1,30,,95533,10,,,1,70,,95556,10,,,1,30,,95539,10,,,1,70,,95563,10,,,1,30,,95557,10,,,1,72,,95564,10,,,1,30,,95548,10,,,1,70,,95554,10,,,1,30,,95549,10,,,1,69,,95559,10,,,1,30,,95544,10,,,1,70,,95534,10,,,1,30,,95562,10,,,1,70,,95529,10,,,1,30,,95547,10,,,1,70,,95540,10,,,1,29,,95542,10,,,1,70,,95537,10,,,1,30,,95546,10,,,1,70,,95541,10,,,1,30,,95531,10,,,1,102,,95532,10,,,1
9301,'8',656,,95592,10,,,1,91,,95572,10,,,1,100,,95597,10,,,1,70,,95571,10,,,1,30,,95595,10,,,1,70,,95589,10,,,1,31,,95593,10,,,1,70,,95573,10,,,1,30,,95596,10,,,1,70,,95578,10,,,1,30,,95582,10,,,1,70,,95580,10,,,1,30,,95581,10,,,1,70,,95565,10,,,1,30,,95574,10,,,1,70,,95590,10,,,1,30,,95576,10,,,1,70,,95579,10,,,1,30,,95569,10,,,1,70,,95577,10,,,1,30,,95586,10,,,1,70,,95591,10,,,1,30,,95568,10,,,1,70,,95570,10,,,1,30,,95583,10,,,1,70,,95585,10,,,1,29,,95594,10,,,1,70,,95566,10,,,1,30,,95587,10,,,1,70,,95584,10,,,1,30,,95575,10,,,1,100,,95588,10,,,1,100,,95567,10,,,1
9301,'9',755,,95616,10,,,1,100,,95614,10,,,1,70,,95612,10,,,1,30,,95605,10,,,1,70,,95623,10,,,1,30,,95621,10,,,1,48,,95620,10,,,1,22,,95604,10,,,1,30,,95619,10,,,1,70,,95609,10,,,1,30,,95608,10,,,1,70,,95624,10,,,1,30,,95610,10,,,1,70,,95611,10,,,1,23,,95625,10,,,1,7,,95606,10,,,1,70,,95602,10,,,1,30,,95613,10,,,1,70,,95598,10,,,1,30,,95607,10,,,1,70,,95599,10,,,1,30,,95618,10,,,1,70,,95601,10,,,1,30,,95600,10,,,1,70,,95627,10,,,1,30,,95628,10,,,1,70,,95626,10,,,1,30,,95617,10,,,1,70,,95615,10,,,1,30,,95603,10,,,1,100,,95622,10,,,1,100,,95629,10,,,1
69700,'10',1600,,120462,58,,,1
69700,'11',1600,,120464,58,,,1
69700,'12',1600,,120466,58,,,1
69700,'15',1600,,120468,58,,,1
69700,'16',1600,,120470,58,,,1
69700,'3',1600,,120472,58,,,1
69700,'4',1600,,120474,58,,,1
69700,'6',1600,,120476,58,,,1
69900,'10',817,,120583,7,,,1
69900,'11',817,,120585,7,,,1
69900,'12',817,,120587,7,,,1
69900,'15',817,,120589,7,,,1
69900,'16',817,,120591,7,,,1
69900,'3',817,,120593,7,,,1
69900,'4',817,,120595,7,,,1
69900,'6',817,,120597,7,,,1
