2600,'10',1529,,27895,24,,,1
2600,'11',1529,,27914,24,,,1
2600,'12',1529,,27933,24,,,1
2600,'15',1529,,27965,24,,,1
2600,'16',1529,,27984,24,,,1
2600,'3',1529,,28037,24,,,1
2600,'4',1529,,28056,24,,,1
2600,'6',1529,,28088,24,,,1
2601,'10',603,,28119,6,0,29,1,102,,28128,6,0,29,1,30,,28129,6,0,29,1,71,,28127,6,0,29,1,9,,28116,15,,,1,21,,28126,6,0,29,1,70,,28113,6,0,29,1,52,,28125,6,0,29,1,142,,28123,6,0,29,1,101,,28121,6,0,29,1,102,,28117,6,0,29,1,212,,28122,6,0,29,1,30,,28115,6,0,29,1,70,,28118,6,0,29,1,30,,28112,6,0,29,1,70,,28114,6,0,29,1,29,,28124,6,0,29,1,70,,28120,6,0,29,1
2601,'11',603,,28137,6,0,29,1,102,,28146,6,0,29,1,30,,28147,6,0,29,1,71,,28145,6,0,29,1,9,,28134,15,,,1,21,,28144,6,0,29,1,70,,28131,6,0,29,1,52,,28143,6,0,29,1,142,,28141,6,0,29,1,101,,28139,6,0,29,1,102,,28135,6,0,29,1,212,,28140,6,0,29,1,30,,28133,6,0,29,1,70,,28136,6,0,29,1,30,,28130,6,0,29,1,70,,28132,6,0,29,1,29,,28142,6,0,29,1,70,,28138,6,0,29,1
2601,'12',603,,28155,6,0,29,1,102,,28164,6,0,29,1,30,,28165,6,0,29,1,71,,28163,6,0,29,1,9,,28152,15,,,1,21,,28162,6,0,29,1,70,,28149,6,0,29,1,52,,28161,6,0,29,1,142,,28159,6,0,29,1,101,,28157,6,0,29,1,102,,28153,6,0,29,1,212,,28158,6,0,29,1,30,,28151,6,0,29,1,70,,28154,6,0,29,1,30,,28148,6,0,29,1,70,,28150,6,0,29,1,29,,28160,6,0,29,1,70,,28156,6,0,29,1
2601,'13',603,,28166,6,0,29,1,102,,28167,6,0,29,1,30,,28178,6,0,29,1,71,,28170,6,0,29,1,30,,28173,6,0,29,1,70,,28175,6,0,29,1,609,,28169,6,0,29,1,30,,28174,6,0,29,1,70,,28176,6,0,29,1,30,,28172,6,0,29,1,70,,28171,6,0,29,1,29,,28177,6,0,29,1,70,,28168,6,0,29,1
2601,'15',603,,28186,6,0,29,1,102,,28195,6,0,29,1,30,,28196,6,0,29,1,71,,28194,6,0,29,1,9,,28183,15,,,1,21,,28193,6,0,29,1,70,,28180,6,0,29,1,52,,28192,6,0,29,1,142,,28190,6,0,29,1,101,,28188,6,0,29,1,102,,28184,6,0,29,1,212,,28189,6,0,29,1,30,,28182,6,0,29,1,70,,28185,6,0,29,1,30,,28179,6,0,29,1,70,,28181,6,0,29,1,29,,28191,6,0,29,1,70,,28187,6,0,29,1
2601,'16',603,,28204,6,0,29,1,102,,28213,6,0,29,1,30,,28214,6,0,29,1,71,,28212,6,0,29,1,9,,28201,15,,,1,21,,28211,6,0,29,1,70,,28198,6,0,29,1,52,,28210,6,0,29,1,142,,28208,6,0,29,1,101,,28206,6,0,29,1,102,,28202,6,0,29,1,212,,28207,6,0,29,1,30,,28200,6,0,29,1,70,,28203,6,0,29,1,30,,28197,6,0,29,1,70,,28199,6,0,29,1,29,,28209,6,0,29,1,70,,28205,6,0,29,1
2601,'17',603,,28215,6,0,29,1,102,,28216,6,0,29,1,30,,28227,6,0,29,1,71,,28219,6,0,29,1,30,,28222,6,0,29,1,70,,28224,6,0,29,1,609,,28218,6,0,29,1,30,,28223,6,0,29,1,70,,28225,6,0,29,1,30,,28221,6,0,29,1,70,,28220,6,0,29,1,29,,28226,6,0,29,1,70,,28217,6,0,29,1
2601,'18',603,,28229,6,0,29,1,102,,28233,6,0,29,1,101,,28231,6,0,29,1,100,,28232,6,0,29,1,609,,28230,6,0,29,1,100,,28234,6,0,29,1,100,,28235,6,0,29,1,99,,28228,6,0,29,1
2601,'19',603,,28236,6,0,29,1,102,,28237,6,0,29,1,30,,28248,6,0,29,1,71,,28240,6,0,29,1,30,,28243,6,0,29,1,70,,28245,6,0,29,1,609,,28239,6,0,29,1,30,,28244,6,0,29,1,70,,28246,6,0,29,1,30,,28242,6,0,29,1,70,,28241,6,0,29,1,29,,28247,6,0,29,1,70,,28238,6,0,29,1
2601,'3',603,,28256,6,0,29,1,102,,28265,6,0,29,1,30,,28266,6,0,29,1,71,,28264,6,0,29,1,9,,28253,15,,,1,21,,28263,6,0,29,1,70,,28250,6,0,29,1,52,,28262,6,0,29,1,142,,28260,6,0,29,1,101,,28258,6,0,29,1,102,,28254,6,0,29,1,212,,28259,6,0,29,1,30,,28252,6,0,29,1,70,,28255,6,0,29,1,30,,28249,6,0,29,1,70,,28251,6,0,29,1,29,,28261,6,0,29,1,70,,28257,6,0,29,1
2601,'4',603,,28274,6,0,29,1,102,,28283,6,0,29,1,30,,28284,6,0,29,1,71,,28282,6,0,29,1,9,,28271,15,,,1,21,,28281,6,0,29,1,70,,28268,6,0,29,1,52,,28280,6,0,29,1,142,,28278,6,0,29,1,101,,28276,6,0,29,1,102,,28272,6,0,29,1,212,,28277,6,0,29,1,30,,28270,6,0,29,1,70,,28273,6,0,29,1,30,,28267,6,0,29,1,70,,28269,6,0,29,1,29,,28279,6,0,29,1,70,,28275,6,0,29,1
2601,'5',603,,28285,6,0,29,1,102,,28286,6,0,29,1,30,,28297,6,0,29,1,71,,28289,6,0,29,1,30,,28292,6,0,29,1,70,,28294,6,0,29,1,609,,28288,6,0,29,1,30,,28293,6,0,29,1,70,,28295,6,0,29,1,30,,28291,6,0,29,1,70,,28290,6,0,29,1,29,,28296,6,0,29,1,70,,28287,6,0,29,1
2601,'6',603,,28305,6,0,29,1,102,,28314,6,0,29,1,30,,28315,6,0,29,1,71,,28313,6,0,29,1,9,,28302,15,,,1,21,,28312,6,0,29,1,70,,28299,6,0,29,1,52,,28311,6,0,29,1,142,,28309,6,0,29,1,101,,28307,6,0,29,1,102,,28303,6,0,29,1,212,,28308,6,0,29,1,30,,28301,6,0,29,1,70,,28304,6,0,29,1,30,,28298,6,0,29,1,70,,28300,6,0,29,1,29,,28310,6,0,29,1,70,,28306,6,0,29,1
2601,'7',603,,28316,6,0,29,1,102,,28317,6,0,29,1,30,,28328,6,0,29,1,71,,28320,6,0,29,1,30,,28323,6,0,29,1,70,,28325,6,0,29,1,609,,28319,6,0,29,1,30,,28324,6,0,29,1,70,,28326,6,0,29,1,30,,28322,6,0,29,1,70,,28321,6,0,29,1,29,,28327,6,0,29,1,70,,28318,6,0,29,1
