11001,'1',634,,101603,67,0,35,1,70,,101606,67,0,35,1,1031,,101604,67,0,35,1,70,,101605,67,0,35,1
11001,'10',600,,101630,66,0,35,1,107,,101614,66,0,35,1,30,,101612,66,0,35,1,70,,101613,66,0,35,1,34,,101633,66,0,35,1,69,,101619,66,0,35,1,30,,101608,66,0,35,1,66,,101624,66,0,35,1,26,,101620,66,0,35,1,104,,101632,66,0,35,1,70,,101636,66,0,35,1,30,,101638,66,0,35,1,68,,101610,66,0,35,1,30,,101635,66,0,35,1,99,,101631,66,0,35,1,72,,101618,66,0,35,1,30,,101626,66,0,35,1,66,,101629,18,4,,1,11,,101634,66,0,35,1,107,,101623,66,0,35,1,26,,101615,66,0,35,1,70,,101628,66,0,35,1,28,,101637,66,0,35,1,66,,101621,66,0,35,1,26,,101625,66,0,35,1,22,,101616,66,0,35,1,70,,101609,66,0,35,1,30,,101611,66,0,35,1
11001,'11',600,,101662,66,0,35,1,107,,101646,66,0,35,1,30,,101644,66,0,35,1,70,,101645,66,0,35,1,34,,101665,66,0,35,1,69,,101651,66,0,35,1,30,,101640,66,0,35,1,66,,101656,66,0,35,1,26,,101652,66,0,35,1,104,,101664,66,0,35,1,70,,101668,66,0,35,1,30,,101670,66,0,35,1,68,,101642,66,0,35,1,30,,101667,66,0,35,1,99,,101663,66,0,35,1,72,,101650,66,0,35,1,30,,101658,66,0,35,1,66,,101661,18,4,,1,11,,101666,66,0,35,1,107,,101655,66,0,35,1,26,,101647,66,0,35,1,70,,101660,66,0,35,1,28,,101669,66,0,35,1,66,,101653,66,0,35,1,26,,101657,66,0,35,1,22,,101648,66,0,35,1,70,,101641,66,0,35,1,30,,101643,66,0,35,1
11001,'12',600,,101694,66,0,35,1,107,,101678,66,0,35,1,30,,101676,66,0,35,1,70,,101677,66,0,35,1,34,,101697,66,0,35,1,69,,101683,66,0,35,1,30,,101672,66,0,35,1,66,,101688,66,0,35,1,26,,101684,66,0,35,1,104,,101696,66,0,35,1,70,,101700,66,0,35,1,30,,101702,66,0,35,1,68,,101674,66,0,35,1,30,,101699,66,0,35,1,99,,101695,66,0,35,1,72,,101682,66,0,35,1,30,,101690,66,0,35,1,66,,101693,18,4,,1,11,,101698,66,0,35,1,107,,101687,66,0,35,1,26,,101679,66,0,35,1,70,,101692,66,0,35,1,28,,101701,66,0,35,1,66,,101685,66,0,35,1,26,,101689,66,0,35,1,22,,101680,66,0,35,1,70,,101673,66,0,35,1,30,,101675,66,0,35,1
11001,'13',600,,101722,66,0,35,1,37,,101713,66,0,35,1,70,,101718,66,0,35,1,30,,101724,66,0,35,1,70,,101730,66,0,35,1,34,,101733,66,0,35,1,69,,101705,66,0,35,1,30,,101715,66,0,35,1,66,,101710,66,0,35,1,26,,101717,66,0,35,1,70,,101732,66,0,35,1,34,,101719,66,0,35,1,70,,101704,66,0,35,1,30,,101714,66,0,35,1,68,,101734,66,0,35,1,30,,101735,66,0,35,1,71,,101725,66,0,35,1,30,,101711,66,0,35,1,70,,101731,66,0,35,1,30,,101709,66,0,35,1,77,,101721,66,0,35,1,34,,101706,66,0,35,1,73,,101727,66,0,35,1,26,,101729,66,0,35,1,70,,101726,66,0,35,1,28,,101728,66,0,35,1,66,,101707,66,0,35,1,26,,101703,66,0,35,1,22,,101723,66,0,35,1,70,,101720,66,0,35,1,30,,101712,66,0,35,1
11001,'14',634,,101737,67,0,35,1,70,,101741,67,0,35,1,1031,,101739,67,0,35,1,70,,101738,67,0,35,1
11001,'15',600,,101765,66,0,35,1,107,,101749,66,0,35,1,30,,101747,66,0,35,1,70,,101748,66,0,35,1,34,,101768,66,0,35,1,69,,101754,66,0,35,1,30,,101743,66,0,35,1,66,,101759,66,0,35,1,26,,101755,66,0,35,1,104,,101767,66,0,35,1,70,,101771,66,0,35,1,30,,101773,66,0,35,1,68,,101745,66,0,35,1,30,,101770,66,0,35,1,99,,101766,66,0,35,1,72,,101753,66,0,35,1,30,,101761,66,0,35,1,66,,101764,18,4,,1,11,,101769,66,0,35,1,107,,101758,66,0,35,1,26,,101750,66,0,35,1,70,,101763,66,0,35,1,28,,101772,66,0,35,1,66,,101756,66,0,35,1,26,,101760,66,0,35,1,22,,101751,66,0,35,1,70,,101744,66,0,35,1,30,,101746,66,0,35,1
11001,'16',600,,101797,66,0,35,1,107,,101781,66,0,35,1,30,,101779,66,0,35,1,70,,101780,66,0,35,1,34,,101800,66,0,35,1,69,,101786,66,0,35,1,30,,101775,66,0,35,1,66,,101791,66,0,35,1,26,,101787,66,0,35,1,104,,101799,66,0,35,1,70,,101803,66,0,35,1,30,,101805,66,0,35,1,68,,101777,66,0,35,1,30,,101802,66,0,35,1,99,,101798,66,0,35,1,72,,101785,66,0,35,1,30,,101793,66,0,35,1,66,,101796,18,4,,1,11,,101801,66,0,35,1,107,,101790,66,0,35,1,26,,101782,66,0,35,1,70,,101795,66,0,35,1,28,,101804,66,0,35,1,66,,101788,66,0,35,1,26,,101792,66,0,35,1,22,,101783,66,0,35,1,70,,101776,66,0,35,1,30,,101778,66,0,35,1
11001,'17',600,,101825,66,0,35,1,37,,101816,66,0,35,1,70,,101821,66,0,35,1,30,,101827,66,0,35,1,70,,101833,66,0,35,1,34,,101836,66,0,35,1,69,,101808,66,0,35,1,30,,101818,66,0,35,1,66,,101813,66,0,35,1,26,,101820,66,0,35,1,70,,101835,66,0,35,1,34,,101822,66,0,35,1,70,,101807,66,0,35,1,30,,101817,66,0,35,1,68,,101837,66,0,35,1,30,,101838,66,0,35,1,71,,101828,66,0,35,1,30,,101814,66,0,35,1,70,,101834,66,0,35,1,30,,101812,66,0,35,1,77,,101824,66,0,35,1,34,,101809,66,0,35,1,73,,101830,66,0,35,1,26,,101832,66,0,35,1,70,,101829,66,0,35,1,28,,101831,66,0,35,1,66,,101810,66,0,35,1,26,,101806,66,0,35,1,22,,101826,66,0,35,1,70,,101823,66,0,35,1,30,,101815,66,0,35,1
11001,'18',600,,101851,66,0,35,1,37,,101861,66,0,35,1,70,,101863,66,0,35,1,30,,101854,66,0,35,1,70,,101841,66,0,35,1,34,,101853,66,0,35,1,69,,101845,66,0,35,1,30,,101864,66,0,35,1,66,,101850,66,0,35,1,26,,101870,66,0,35,1,70,,101842,66,0,35,1,34,,101865,66,0,35,1,70,,101858,66,0,35,1,30,,101846,66,0,35,1,68,,101869,66,0,35,1,30,,101855,66,0,35,1,71,,101871,66,0,35,1,30,,101868,66,0,35,1,70,,101848,66,0,35,1,30,,101849,66,0,35,1,82,,101852,66,0,35,1,30,,101847,66,0,35,1,72,,101857,66,0,35,1,26,,101859,66,0,35,1,70,,101866,66,0,35,1,28,,101839,66,0,35,1,66,,101840,66,0,35,1,26,,101867,66,0,35,1,22,,101844,66,0,35,1,70,,101860,66,0,35,1,30,,101856,66,0,35,1
11001,'19',600,,101891,66,0,35,1,37,,101882,66,0,35,1,70,,101887,66,0,35,1,30,,101893,66,0,35,1,70,,101899,66,0,35,1,34,,101902,66,0,35,1,69,,101874,66,0,35,1,30,,101884,66,0,35,1,66,,101879,66,0,35,1,26,,101886,66,0,35,1,70,,101901,66,0,35,1,34,,101888,66,0,35,1,70,,101873,66,0,35,1,30,,101883,66,0,35,1,68,,101903,66,0,35,1,30,,101904,66,0,35,1,71,,101894,66,0,35,1,30,,101880,66,0,35,1,70,,101900,66,0,35,1,30,,101878,66,0,35,1,77,,101890,66,0,35,1,34,,101875,66,0,35,1,73,,101896,66,0,35,1,26,,101898,66,0,35,1,70,,101895,66,0,35,1,28,,101897,66,0,35,1,66,,101876,66,0,35,1,26,,101872,66,0,35,1,22,,101892,66,0,35,1,70,,101889,66,0,35,1,30,,101881,66,0,35,1
11001,'2',634,,101907,67,0,35,1,70,,101910,67,0,35,1,1031,,101908,67,0,35,1,70,,101909,67,0,35,1
11001,'3',600,,101934,66,0,35,1,107,,101918,66,0,35,1,30,,101916,66,0,35,1,70,,101917,66,0,35,1,34,,101937,66,0,35,1,69,,101923,66,0,35,1,30,,101912,66,0,35,1,66,,101928,66,0,35,1,26,,101924,66,0,35,1,104,,101936,66,0,35,1,70,,101940,66,0,35,1,30,,101942,66,0,35,1,68,,101914,66,0,35,1,30,,101939,66,0,35,1,99,,101935,66,0,35,1,72,,101922,66,0,35,1,30,,101930,66,0,35,1,66,,101933,18,4,,1,11,,101938,66,0,35,1,107,,101927,66,0,35,1,26,,101919,66,0,35,1,70,,101932,66,0,35,1,28,,101941,66,0,35,1,66,,101925,66,0,35,1,26,,101929,66,0,35,1,22,,101920,66,0,35,1,70,,101913,66,0,35,1,30,,101915,66,0,35,1
11001,'4',600,,101966,66,0,35,1,107,,101950,66,0,35,1,30,,101948,66,0,35,1,70,,101949,66,0,35,1,34,,101969,66,0,35,1,69,,101955,66,0,35,1,30,,101944,66,0,35,1,66,,101960,66,0,35,1,26,,101956,66,0,35,1,104,,101968,66,0,35,1,70,,101972,66,0,35,1,30,,101974,66,0,35,1,68,,101946,66,0,35,1,30,,101971,66,0,35,1,99,,101967,66,0,35,1,72,,101954,66,0,35,1,30,,101962,66,0,35,1,66,,101965,18,4,,1,11,,101970,66,0,35,1,107,,101959,66,0,35,1,26,,101951,66,0,35,1,70,,101964,66,0,35,1,28,,101973,66,0,35,1,66,,101957,66,0,35,1,26,,101961,66,0,35,1,22,,101952,66,0,35,1,70,,101945,66,0,35,1,30,,101947,66,0,35,1
11001,'5',600,,101994,66,0,35,1,37,,101985,66,0,35,1,70,,101990,66,0,35,1,30,,101996,66,0,35,1,70,,102002,66,0,35,1,34,,102005,66,0,35,1,69,,101977,66,0,35,1,30,,101987,66,0,35,1,66,,101982,66,0,35,1,26,,101989,66,0,35,1,70,,102004,66,0,35,1,34,,101991,66,0,35,1,70,,101976,66,0,35,1,30,,101986,66,0,35,1,68,,102006,66,0,35,1,30,,102007,66,0,35,1,71,,101997,66,0,35,1,30,,101983,66,0,35,1,70,,102003,66,0,35,1,30,,101981,66,0,35,1,77,,101993,66,0,35,1,34,,101978,66,0,35,1,73,,101999,66,0,35,1,26,,102001,66,0,35,1,70,,101998,66,0,35,1,28,,102000,66,0,35,1,66,,101979,66,0,35,1,26,,101975,66,0,35,1,22,,101995,66,0,35,1,70,,101992,66,0,35,1,30,,101984,66,0,35,1
11001,'6',600,,102031,66,0,35,1,107,,102015,66,0,35,1,30,,102013,66,0,35,1,70,,102014,66,0,35,1,34,,102034,66,0,35,1,69,,102020,66,0,35,1,30,,102009,66,0,35,1,66,,102025,66,0,35,1,26,,102021,66,0,35,1,104,,102033,66,0,35,1,70,,102037,66,0,35,1,30,,102039,66,0,35,1,68,,102011,66,0,35,1,30,,102036,66,0,35,1,99,,102032,66,0,35,1,72,,102019,66,0,35,1,30,,102027,66,0,35,1,66,,102030,18,4,,1,11,,102035,66,0,35,1,107,,102024,66,0,35,1,26,,102016,66,0,35,1,70,,102029,66,0,35,1,28,,102038,66,0,35,1,66,,102022,66,0,35,1,26,,102026,66,0,35,1,22,,102017,66,0,35,1,70,,102010,66,0,35,1,30,,102012,66,0,35,1
11001,'7',600,,102059,66,0,35,1,37,,102050,66,0,35,1,70,,102055,66,0,35,1,30,,102061,66,0,35,1,70,,102067,66,0,35,1,34,,102070,66,0,35,1,69,,102042,66,0,35,1,30,,102052,66,0,35,1,66,,102047,66,0,35,1,26,,102054,66,0,35,1,70,,102069,66,0,35,1,34,,102056,66,0,35,1,70,,102041,66,0,35,1,30,,102051,66,0,35,1,68,,102071,66,0,35,1,30,,102072,66,0,35,1,71,,102062,66,0,35,1,30,,102048,66,0,35,1,70,,102068,66,0,35,1,30,,102046,66,0,35,1,77,,102058,66,0,35,1,34,,102043,66,0,35,1,73,,102064,66,0,35,1,26,,102066,66,0,35,1,70,,102063,66,0,35,1,28,,102065,66,0,35,1,66,,102044,66,0,35,1,26,,102040,66,0,35,1,22,,102060,66,0,35,1,70,,102057,66,0,35,1,30,,102049,66,0,35,1
11001,'8',634,,102074,67,0,35,1,70,,102078,67,0,35,1,1031,,102076,67,0,35,1,70,,102075,67,0,35,1
11001,'9',634,,102081,67,0,35,1,70,,102084,67,0,35,1,1031,,102082,67,0,35,1,70,,102083,67,0,35,1
16800,'1',710,,111401,63,4,,1,100,,111415,63,4,,1,100,,111423,63,4,,1,30,,111414,63,4,,1,70,,111408,63,4,,1,35,,111413,63,4,,1,70,,111400,63,4,,1,30,,111407,63,4,,1,70,,111404,63,4,,1,31,,111418,63,4,,1,70,,111411,63,4,,1,30,,111406,63,4,,1,70,,111426,63,4,,1,30,,111409,63,4,,1,70,,111403,63,4,,1,30,,111410,63,4,,1,70,,111422,63,4,,1,30,,111419,63,4,,1,70,,111416,63,4,,1,30,,111420,63,4,,1,70,,111425,63,4,,1,29,,111402,63,4,,1,70,,111412,63,4,,1,100,,111427,63,4,,1,95,,111424,63,4,,1,100,,111405,63,4,,1,100,,111421,63,4,,1,113,,111417,63,4,,1
16800,'10',555,,111428,63,4,,1,75,,111430,63,4,,1,72,,111454,63,4,,1,30,,111444,63,4,,1,74,,111450,63,4,,1,30,,111439,63,4,,1,70,,111432,63,4,,1,30,,111445,63,4,,1,66,,111436,63,4,,1,30,,111442,63,4,,1,70,,111453,63,4,,1,30,,111458,63,4,,1,70,,111449,63,4,,1,30,,111446,63,4,,1,70,,111438,63,4,,1,30,,111447,63,4,,1,70,,111429,63,4,,1,35,,111443,63,4,,1,70,,111462,63,4,,1,34,,111461,63,4,,1,70,,111448,63,4,,1,28,,111435,63,4,,1,70,,111440,63,4,,1,30,,111433,63,4,,1,70,,111452,63,4,,1,30,,111437,63,4,,1,66,,111456,63,4,,1,30,,111451,63,4,,1,23,,111460,63,4,,1,70,,111459,63,4,,1,30,,111441,63,4,,1,70,,111455,63,4,,1,30,,111434,63,4,,1,100,,111457,63,4,,1,147,,111431,63,4,,1
16800,'11',555,,111463,63,4,,1,75,,111465,63,4,,1,72,,111489,63,4,,1,30,,111479,63,4,,1,74,,111485,63,4,,1,30,,111474,63,4,,1,70,,111467,63,4,,1,30,,111480,63,4,,1,66,,111471,63,4,,1,30,,111477,63,4,,1,70,,111488,63,4,,1,30,,111493,63,4,,1,70,,111484,63,4,,1,30,,111481,63,4,,1,70,,111473,63,4,,1,30,,111482,63,4,,1,70,,111464,63,4,,1,35,,111478,63,4,,1,70,,111497,63,4,,1,34,,111496,63,4,,1,70,,111483,63,4,,1,28,,111470,63,4,,1,70,,111475,63,4,,1,30,,111468,63,4,,1,70,,111487,63,4,,1,30,,111472,63,4,,1,66,,111491,63,4,,1,30,,111486,63,4,,1,23,,111495,63,4,,1,70,,111494,63,4,,1,30,,111476,63,4,,1,70,,111490,63,4,,1,30,,111469,63,4,,1,100,,111492,63,4,,1,147,,111466,63,4,,1
16800,'12',555,,111498,63,4,,1,75,,111500,63,4,,1,72,,111524,63,4,,1,30,,111514,63,4,,1,74,,111520,63,4,,1,30,,111509,63,4,,1,70,,111502,63,4,,1,30,,111515,63,4,,1,66,,111506,63,4,,1,30,,111512,63,4,,1,70,,111523,63,4,,1,30,,111528,63,4,,1,70,,111519,63,4,,1,30,,111516,63,4,,1,70,,111508,63,4,,1,30,,111517,63,4,,1,70,,111499,63,4,,1,35,,111513,63,4,,1,70,,111532,63,4,,1,34,,111531,63,4,,1,70,,111518,63,4,,1,28,,111505,63,4,,1,70,,111510,63,4,,1,30,,111503,63,4,,1,70,,111522,63,4,,1,30,,111507,63,4,,1,66,,111526,63,4,,1,30,,111521,63,4,,1,23,,111530,63,4,,1,70,,111529,63,4,,1,30,,111511,63,4,,1,70,,111525,63,4,,1,30,,111504,63,4,,1,100,,111527,63,4,,1,147,,111501,63,4,,1
16800,'13',555,,111561,63,4,,1,75,,111558,63,4,,1,72,,111552,63,4,,1,30,,111563,63,4,,1,74,,111549,63,4,,1,30,,111555,63,4,,1,70,,111567,63,4,,1,30,,111535,63,4,,1,66,,111537,63,4,,1,30,,111565,63,4,,1,70,,111559,63,4,,1,30,,111543,63,4,,1,70,,111547,63,4,,1,30,,111536,63,4,,1,70,,111556,63,4,,1,30,,111566,63,4,,1,70,,111562,63,4,,1,35,,111557,63,4,,1,70,,111545,63,4,,1,34,,111533,63,4,,1,68,,111554,63,4,,1,30,,111534,63,4,,1,70,,111541,63,4,,1,30,,111560,63,4,,1,70,,111538,63,4,,1,30,,111540,63,4,,1,66,,111539,63,4,,1,30,,111544,63,4,,1,23,,111553,63,4,,1,70,,111542,63,4,,1,30,,111546,63,4,,1,70,,111548,63,4,,1,30,,111550,63,4,,1,100,,111564,63,4,,1,147,,111551,63,4,,1
16800,'14',712,,111593,63,4,,1,100,,111589,63,4,,1,30,,111568,63,4,,1,70,,111574,63,4,,1,30,,111576,63,4,,1,70,,111571,63,4,,1,35,,111583,63,4,,1,70,,111582,63,4,,1,30,,111581,63,4,,1,70,,111597,63,4,,1,31,,111596,63,4,,1,70,,111584,63,4,,1,30,,111595,63,4,,1,70,,111577,63,4,,1,30,,111575,63,4,,1,70,,111570,63,4,,1,30,,111594,63,4,,1,70,,111569,63,4,,1,30,,111587,63,4,,1,70,,111592,63,4,,1,30,,111573,63,4,,1,70,,111585,63,4,,1,29,,111599,63,4,,1,70,,111578,63,4,,1,30,,111590,63,4,,1,70,,111579,63,4,,1,25,,111580,63,4,,1,70,,111591,63,4,,1,30,,111588,63,4,,1,70,,111598,63,4,,1,100,,111572,63,4,,1,120,,111586,63,4,,1
16800,'15',555,,111600,63,4,,1,75,,111602,63,4,,1,72,,111626,63,4,,1,30,,111616,63,4,,1,74,,111622,63,4,,1,30,,111611,63,4,,1,70,,111604,63,4,,1,30,,111617,63,4,,1,66,,111608,63,4,,1,30,,111614,63,4,,1,70,,111625,63,4,,1,30,,111630,63,4,,1,70,,111621,63,4,,1,30,,111618,63,4,,1,70,,111610,63,4,,1,30,,111619,63,4,,1,70,,111601,63,4,,1,35,,111615,63,4,,1,70,,111634,63,4,,1,34,,111633,63,4,,1,70,,111620,63,4,,1,28,,111607,63,4,,1,70,,111612,63,4,,1,30,,111605,63,4,,1,70,,111624,63,4,,1,30,,111609,63,4,,1,66,,111628,63,4,,1,30,,111623,63,4,,1,23,,111632,63,4,,1,70,,111631,63,4,,1,30,,111613,63,4,,1,70,,111627,63,4,,1,30,,111606,63,4,,1,100,,111629,63,4,,1,147,,111603,63,4,,1
16800,'16',555,,111635,63,4,,1,75,,111637,63,4,,1,72,,111661,63,4,,1,30,,111651,63,4,,1,74,,111657,63,4,,1,30,,111646,63,4,,1,70,,111639,63,4,,1,30,,111652,63,4,,1,66,,111643,63,4,,1,30,,111649,63,4,,1,70,,111660,63,4,,1,30,,111665,63,4,,1,70,,111656,63,4,,1,30,,111653,63,4,,1,70,,111645,63,4,,1,30,,111654,63,4,,1,70,,111636,63,4,,1,35,,111650,63,4,,1,70,,111669,63,4,,1,34,,111668,63,4,,1,70,,111655,63,4,,1,28,,111642,63,4,,1,70,,111647,63,4,,1,30,,111640,63,4,,1,70,,111659,63,4,,1,30,,111644,63,4,,1,66,,111663,63,4,,1,30,,111658,63,4,,1,23,,111667,63,4,,1,70,,111666,63,4,,1,30,,111648,63,4,,1,70,,111662,63,4,,1,30,,111641,63,4,,1,100,,111664,63,4,,1,147,,111638,63,4,,1
16800,'17',555,,111698,63,4,,1,75,,111695,63,4,,1,72,,111689,63,4,,1,30,,111700,63,4,,1,74,,111686,63,4,,1,30,,111692,63,4,,1,70,,111704,63,4,,1,30,,111672,63,4,,1,66,,111674,63,4,,1,30,,111702,63,4,,1,70,,111696,63,4,,1,30,,111680,63,4,,1,70,,111684,63,4,,1,30,,111673,63,4,,1,70,,111693,63,4,,1,30,,111703,63,4,,1,70,,111699,63,4,,1,35,,111694,63,4,,1,70,,111682,63,4,,1,34,,111670,63,4,,1,68,,111691,63,4,,1,30,,111671,63,4,,1,70,,111678,63,4,,1,30,,111697,63,4,,1,70,,111675,63,4,,1,30,,111677,63,4,,1,66,,111676,63,4,,1,30,,111681,63,4,,1,23,,111690,63,4,,1,70,,111679,63,4,,1,30,,111683,63,4,,1,70,,111685,63,4,,1,30,,111687,63,4,,1,100,,111701,63,4,,1,147,,111688,63,4,,1
16800,'18',555,,111711,63,4,,1,147,,111705,63,4,,1,104,,111719,63,4,,1,100,,111712,63,4,,1,96,,111717,63,4,,1,100,,111720,63,4,,1,100,,111715,63,4,,1,100,,111709,63,4,,1,100,,111721,63,4,,1,105,,111708,63,4,,1,102,,111706,63,4,,1,100,,111713,63,4,,1,100,,111714,63,4,,1,96,,111718,63,4,,1,53,,111716,63,4,,1,100,,111722,63,4,,1,100,,111723,63,4,,1,100,,111707,63,4,,1,147,,111710,63,4,,1
16800,'19',555,,111752,63,4,,1,75,,111749,63,4,,1,72,,111743,63,4,,1,30,,111754,63,4,,1,74,,111740,63,4,,1,30,,111746,63,4,,1,70,,111758,63,4,,1,30,,111726,63,4,,1,66,,111728,63,4,,1,30,,111756,63,4,,1,70,,111750,63,4,,1,30,,111734,63,4,,1,70,,111738,63,4,,1,30,,111727,63,4,,1,70,,111747,63,4,,1,30,,111757,63,4,,1,70,,111753,63,4,,1,35,,111748,63,4,,1,70,,111736,63,4,,1,34,,111724,63,4,,1,68,,111745,63,4,,1,30,,111725,63,4,,1,70,,111732,63,4,,1,30,,111751,63,4,,1,70,,111729,63,4,,1,30,,111731,63,4,,1,66,,111730,63,4,,1,30,,111735,63,4,,1,23,,111744,63,4,,1,70,,111733,63,4,,1,30,,111737,63,4,,1,70,,111739,63,4,,1,30,,111741,63,4,,1,100,,111755,63,4,,1,147,,111742,63,4,,1
16800,'2',710,,111760,63,4,,1,100,,111774,63,4,,1,100,,111782,63,4,,1,30,,111773,63,4,,1,70,,111767,63,4,,1,35,,111772,63,4,,1,70,,111759,63,4,,1,30,,111766,63,4,,1,70,,111763,63,4,,1,31,,111777,63,4,,1,70,,111770,63,4,,1,30,,111765,63,4,,1,70,,111785,63,4,,1,30,,111768,63,4,,1,70,,111762,63,4,,1,30,,111769,63,4,,1,70,,111781,63,4,,1,30,,111778,63,4,,1,70,,111775,63,4,,1,30,,111779,63,4,,1,70,,111784,63,4,,1,29,,111761,63,4,,1,70,,111771,63,4,,1,100,,111786,63,4,,1,95,,111783,63,4,,1,100,,111764,63,4,,1,100,,111780,63,4,,1,113,,111776,63,4,,1
16800,'3',555,,111787,63,4,,1,75,,111789,63,4,,1,72,,111813,63,4,,1,30,,111803,63,4,,1,74,,111809,63,4,,1,30,,111798,63,4,,1,70,,111791,63,4,,1,30,,111804,63,4,,1,66,,111795,63,4,,1,30,,111801,63,4,,1,70,,111812,63,4,,1,30,,111817,63,4,,1,70,,111808,63,4,,1,30,,111805,63,4,,1,70,,111797,63,4,,1,30,,111806,63,4,,1,70,,111788,63,4,,1,35,,111802,63,4,,1,70,,111821,63,4,,1,34,,111820,63,4,,1,70,,111807,63,4,,1,28,,111794,63,4,,1,70,,111799,63,4,,1,30,,111792,63,4,,1,70,,111811,63,4,,1,30,,111796,63,4,,1,66,,111815,63,4,,1,30,,111810,63,4,,1,23,,111819,63,4,,1,70,,111818,63,4,,1,30,,111800,63,4,,1,70,,111814,63,4,,1,30,,111793,63,4,,1,100,,111816,63,4,,1,147,,111790,63,4,,1
16800,'4',555,,111822,63,4,,1,75,,111824,63,4,,1,72,,111848,63,4,,1,30,,111838,63,4,,1,74,,111844,63,4,,1,30,,111833,63,4,,1,70,,111826,63,4,,1,30,,111839,63,4,,1,66,,111830,63,4,,1,30,,111836,63,4,,1,70,,111847,63,4,,1,30,,111852,63,4,,1,70,,111843,63,4,,1,30,,111840,63,4,,1,70,,111832,63,4,,1,30,,111841,63,4,,1,70,,111823,63,4,,1,35,,111837,63,4,,1,70,,111856,63,4,,1,34,,111855,63,4,,1,70,,111842,63,4,,1,28,,111829,63,4,,1,70,,111834,63,4,,1,30,,111827,63,4,,1,70,,111846,63,4,,1,30,,111831,63,4,,1,66,,111850,63,4,,1,30,,111845,63,4,,1,23,,111854,63,4,,1,70,,111853,63,4,,1,30,,111835,63,4,,1,70,,111849,63,4,,1,30,,111828,63,4,,1,100,,111851,63,4,,1,147,,111825,63,4,,1
16800,'5',555,,111885,63,4,,1,75,,111882,63,4,,1,72,,111876,63,4,,1,30,,111887,63,4,,1,74,,111873,63,4,,1,30,,111879,63,4,,1,70,,111891,63,4,,1,30,,111859,63,4,,1,66,,111861,63,4,,1,30,,111889,63,4,,1,70,,111883,63,4,,1,30,,111867,63,4,,1,70,,111871,63,4,,1,30,,111860,63,4,,1,70,,111880,63,4,,1,30,,111890,63,4,,1,70,,111886,63,4,,1,35,,111881,63,4,,1,70,,111869,63,4,,1,34,,111857,63,4,,1,68,,111878,63,4,,1,30,,111858,63,4,,1,70,,111865,63,4,,1,30,,111884,63,4,,1,70,,111862,63,4,,1,30,,111864,63,4,,1,66,,111863,63,4,,1,30,,111868,63,4,,1,23,,111877,63,4,,1,70,,111866,63,4,,1,30,,111870,63,4,,1,70,,111872,63,4,,1,30,,111874,63,4,,1,100,,111888,63,4,,1,147,,111875,63,4,,1
16800,'6',555,,111892,63,4,,1,75,,111894,63,4,,1,72,,111918,63,4,,1,30,,111908,63,4,,1,74,,111914,63,4,,1,30,,111903,63,4,,1,70,,111896,63,4,,1,30,,111909,63,4,,1,66,,111900,63,4,,1,30,,111906,63,4,,1,70,,111917,63,4,,1,30,,111922,63,4,,1,70,,111913,63,4,,1,30,,111910,63,4,,1,70,,111902,63,4,,1,30,,111911,63,4,,1,70,,111893,63,4,,1,35,,111907,63,4,,1,70,,111926,63,4,,1,34,,111925,63,4,,1,70,,111912,63,4,,1,28,,111899,63,4,,1,70,,111904,63,4,,1,30,,111897,63,4,,1,70,,111916,63,4,,1,30,,111901,63,4,,1,66,,111920,63,4,,1,30,,111915,63,4,,1,23,,111924,63,4,,1,70,,111923,63,4,,1,30,,111905,63,4,,1,70,,111919,63,4,,1,30,,111898,63,4,,1,100,,111921,63,4,,1,147,,111895,63,4,,1
16800,'7',555,,111955,63,4,,1,75,,111952,63,4,,1,72,,111946,63,4,,1,30,,111957,63,4,,1,74,,111943,63,4,,1,30,,111949,63,4,,1,70,,111961,63,4,,1,30,,111929,63,4,,1,66,,111931,63,4,,1,30,,111959,63,4,,1,70,,111953,63,4,,1,30,,111937,63,4,,1,70,,111941,63,4,,1,30,,111930,63,4,,1,70,,111950,63,4,,1,30,,111960,63,4,,1,70,,111956,63,4,,1,35,,111951,63,4,,1,70,,111939,63,4,,1,34,,111927,63,4,,1,68,,111948,63,4,,1,30,,111928,63,4,,1,70,,111935,63,4,,1,30,,111954,63,4,,1,70,,111932,63,4,,1,30,,111934,63,4,,1,66,,111933,63,4,,1,30,,111938,63,4,,1,23,,111947,63,4,,1,70,,111936,63,4,,1,30,,111940,63,4,,1,70,,111942,63,4,,1,30,,111944,63,4,,1,100,,111958,63,4,,1,147,,111945,63,4,,1
16800,'8',712,,111987,63,4,,1,100,,111983,63,4,,1,30,,111962,63,4,,1,70,,111968,63,4,,1,30,,111970,63,4,,1,70,,111965,63,4,,1,35,,111977,63,4,,1,70,,111976,63,4,,1,30,,111975,63,4,,1,70,,111991,63,4,,1,31,,111990,63,4,,1,70,,111978,63,4,,1,30,,111989,63,4,,1,70,,111971,63,4,,1,30,,111969,63,4,,1,70,,111964,63,4,,1,30,,111988,63,4,,1,70,,111963,63,4,,1,30,,111981,63,4,,1,70,,111986,63,4,,1,30,,111967,63,4,,1,70,,111979,63,4,,1,29,,111993,63,4,,1,70,,111972,63,4,,1,30,,111984,63,4,,1,70,,111973,63,4,,1,25,,111974,63,4,,1,70,,111985,63,4,,1,30,,111982,63,4,,1,70,,111992,63,4,,1,100,,111966,63,4,,1,120,,111980,63,4,,1
16800,'9',710,,111995,63,4,,1,100,,112009,63,4,,1,100,,112017,63,4,,1,30,,112008,63,4,,1,70,,112002,63,4,,1,35,,112007,63,4,,1,70,,111994,63,4,,1,30,,112001,63,4,,1,70,,111998,63,4,,1,31,,112012,63,4,,1,70,,112005,63,4,,1,30,,112000,63,4,,1,70,,112020,63,4,,1,30,,112003,63,4,,1,70,,111997,63,4,,1,30,,112004,63,4,,1,70,,112016,63,4,,1,30,,112013,63,4,,1,70,,112010,63,4,,1,30,,112014,63,4,,1,70,,112019,63,4,,1,29,,111996,63,4,,1,70,,112006,63,4,,1,100,,112021,63,4,,1,95,,112018,63,4,,1,100,,111999,63,4,,1,100,,112015,63,4,,1,113,,112011,63,4,,1
25600,'10',528,,116515,32,,,1,76,,116514,32,,,1,28,,116513,32,,,1,68,,116512,32,,,1,30,,116510,32,,,1,29,,116511,32,,,1,73,,116509,32,,,1
25600,'11',528,,116522,32,,,1,76,,116521,32,,,1,28,,116520,32,,,1,68,,116519,32,,,1,30,,116517,32,,,1,29,,116518,32,,,1,73,,116516,32,,,1
25600,'12',528,,116529,32,,,1,76,,116528,32,,,1,28,,116527,32,,,1,68,,116526,32,,,1,30,,116524,32,,,1,29,,116525,32,,,1,73,,116523,32,,,1
25600,'13',528,,116531,32,,,1,76,,116534,32,,,1,28,,116533,32,,,1,27,,116536,32,,,1,71,,116535,32,,,1,29,,116532,32,,,1,71,,116530,32,,,1
25600,'15',528,,116543,32,,,1,76,,116542,32,,,1,28,,116541,32,,,1,68,,116540,32,,,1,30,,116538,32,,,1,29,,116539,32,,,1,73,,116537,32,,,1
25600,'16',528,,116550,32,,,1,76,,116549,32,,,1,28,,116548,32,,,1,68,,116547,32,,,1,30,,116545,32,,,1,29,,116546,32,,,1,73,,116544,32,,,1
25600,'17',528,,116552,32,,,1,76,,116555,32,,,1,28,,116554,32,,,1,27,,116557,32,,,1,71,,116556,32,,,1,29,,116553,32,,,1,71,,116551,32,,,1
25600,'18',528,,116560,32,,,1,104,,116559,32,,,1,98,,116558,32,,,1,102,,116561,32,,,1
25600,'19',528,,116563,32,,,1,76,,116566,32,,,1,28,,116565,32,,,1,27,,116568,32,,,1,71,,116567,32,,,1,29,,116564,32,,,1,71,,116562,32,,,1
25600,'3',528,,116575,32,,,1,76,,116574,32,,,1,28,,116573,32,,,1,68,,116572,32,,,1,30,,116570,32,,,1,29,,116571,32,,,1,73,,116569,32,,,1
25600,'4',528,,116582,32,,,1,76,,116581,32,,,1,28,,116580,32,,,1,68,,116579,32,,,1,30,,116577,32,,,1,29,,116578,32,,,1,73,,116576,32,,,1
25600,'5',528,,116584,32,,,1,76,,116587,32,,,1,28,,116586,32,,,1,27,,116589,32,,,1,71,,116588,32,,,1,29,,116585,32,,,1,71,,116583,32,,,1
25600,'6',528,,116596,32,,,1,76,,116595,32,,,1,28,,116594,32,,,1,68,,116593,32,,,1,30,,116591,32,,,1,29,,116592,32,,,1,73,,116590,32,,,1
25600,'7',528,,116598,32,,,1,76,,116601,32,,,1,28,,116600,32,,,1,27,,116603,32,,,1,71,,116602,32,,,1,29,,116599,32,,,1,71,,116597,32,,,1
65600,'10',1604,,118974,48,4,,1
65600,'11',1604,,118975,48,4,,1
65600,'12',1604,,118976,48,4,,1
65600,'15',1604,,118977,48,4,,1
65600,'16',1604,,118978,48,4,,1
65600,'3',1604,,118979,48,4,,1
65600,'4',1604,,118980,48,4,,1
65600,'6',1604,,118981,48,4,,1
65700,'10',1601,,118991,46,4,,1
65700,'11',1601,,118993,46,4,,1
65700,'12',1601,,118995,46,4,,1
65700,'15',1601,,118997,46,4,,1
65700,'16',1601,,118999,46,4,,1
65700,'3',1601,,119001,46,4,,1
65700,'4',1601,,119003,46,4,,1
65700,'6',1601,,119005,46,4,,1
66701,'10',1454,,119395,38,4,,1,47,,119393,38,4,,1
66701,'11',1454,,119401,38,4,,1,47,,119399,38,4,,1
66701,'12',1454,,119407,38,4,,1,47,,119405,38,4,,1
66701,'15',1454,,119413,38,4,,1,47,,119411,38,4,,1
66701,'16',1454,,119419,38,4,,1,47,,119417,38,4,,1
66701,'3',1454,,119425,38,4,,1,47,,119423,38,4,,1
66701,'4',1454,,119431,38,4,,1,47,,119429,38,4,,1
66701,'6',1454,,119437,38,4,,1,47,,119435,38,4,,1
