5100,'1',825,,53367,39,,,1,100,,53360,39,,,1,30,,53387,39,,,1,71,,53365,39,,,1,30,,53383,39,,,1,70,,53381,39,,,1,30,,53375,39,,,1,70,,53369,39,,,1,30,,53361,39,,,1,70,,53377,39,,,1,30,,53376,39,,,1,71,,53362,39,,,1,30,,53385,39,,,1,70,,53374,39,,,1,30,,53370,39,,,1,69,,53363,39,,,1,30,,53366,39,,,1,70,,53378,39,,,1,30,,53382,39,,,1,69,,53371,39,,,1,30,,53364,39,,,1,70,,53380,39,,,1,30,,53384,39,,,1,69,,53368,39,,,1,31,,53373,19,,,1,69,,53386,39,,,1,100,,53372,39,,,1,100,,53379,39,,,1
5100,'10',606,,53400,47,,,1,101,,53411,47,,,1,107,,53389,47,,,1,30,,53396,47,,,1,98,,53407,47,,,1,70,,53388,47,,,1,32,,53419,39,,,1,70,,53420,39,,,1,30,,53391,39,,,1,70,,53397,39,,,1,30,,53410,39,,,1,70,,53390,39,,,1,30,,53402,39,,,1,70,,53412,39,,,1,30,,53401,39,,,1,70,,53406,6,,,1,1,,53417,39,,,1,36,,53398,39,,,1,75,,53416,39,,,1,25,,53413,39,,,1,70,,53403,39,,,1,30,,53415,39,,,1,70,,53418,39,,,1,27,,53404,39,,,1,70,,53393,39,,,1,22,,53399,39,,,1,69,,53408,39,,,1,28,,53394,39,,,1,69,,53409,39,,,1,30,,53392,39,,,1,70,,53405,39,,,1,30,,53414,39,,,1
5100,'11',606,,53433,47,,,1,101,,53444,47,,,1,107,,53422,47,,,1,30,,53429,47,,,1,98,,53440,47,,,1,70,,53421,47,,,1,32,,53452,39,,,1,70,,53453,39,,,1,30,,53424,39,,,1,70,,53430,39,,,1,30,,53443,39,,,1,70,,53423,39,,,1,30,,53435,39,,,1,70,,53445,39,,,1,30,,53434,39,,,1,70,,53439,6,,,1,1,,53450,39,,,1,36,,53431,39,,,1,75,,53449,39,,,1,25,,53446,39,,,1,70,,53436,39,,,1,30,,53448,39,,,1,70,,53451,39,,,1,27,,53437,39,,,1,70,,53426,39,,,1,22,,53432,39,,,1,69,,53441,39,,,1,28,,53427,39,,,1,69,,53442,39,,,1,30,,53425,39,,,1,70,,53438,39,,,1,30,,53447,39,,,1
5100,'12',606,,53466,47,,,1,101,,53477,47,,,1,107,,53455,47,,,1,30,,53462,47,,,1,98,,53473,47,,,1,70,,53454,47,,,1,32,,53485,39,,,1,70,,53486,39,,,1,30,,53457,39,,,1,70,,53463,39,,,1,30,,53476,39,,,1,70,,53456,39,,,1,30,,53468,39,,,1,70,,53478,39,,,1,30,,53467,39,,,1,70,,53472,6,,,1,1,,53483,39,,,1,36,,53464,39,,,1,75,,53482,39,,,1,25,,53479,39,,,1,70,,53469,39,,,1,30,,53481,39,,,1,70,,53484,39,,,1,27,,53470,39,,,1,70,,53459,39,,,1,22,,53465,39,,,1,69,,53474,39,,,1,28,,53460,39,,,1,69,,53475,39,,,1,30,,53458,39,,,1,70,,53471,39,,,1,30,,53480,39,,,1
5100,'13',606,,53499,47,,,1,101,,53491,47,,,1,28,,53514,47,,,1,79,,53515,47,,,1,30,,53505,47,,,1,70,,53495,47,,,1,28,,53489,47,,,1,70,,53518,47,,,1,32,,53513,39,,,1,70,,53509,39,,,1,30,,53498,39,,,1,70,,53501,39,,,1,30,,53497,39,,,1,70,,53487,39,,,1,30,,53507,39,,,1,70,,53511,39,,,1,30,,53517,39,,,1,71,,53490,39,,,1,36,,53502,39,,,1,75,,53519,39,,,1,25,,53494,39,,,1,70,,53510,39,,,1,30,,53516,39,,,1,70,,53504,39,,,1,27,,53493,39,,,1,70,,53500,39,,,1,22,,53508,39,,,1,69,,53503,39,,,1,28,,53488,39,,,1,69,,53506,39,,,1,30,,53512,39,,,1,70,,53496,39,,,1,30,,53492,39,,,1
5100,'14',659,,53527,39,,,1,100,,53525,39,,,1,71,,53544,39,,,1,70,,53541,39,,,1,30,,53528,39,,,1,70,,53535,39,,,1,31,,53530,39,,,1,70,,53538,39,,,1,30,,53543,39,,,1,70,,53537,39,,,1,30,,53539,39,,,1,70,,53549,39,,,1,30,,53533,39,,,1,70,,53548,39,,,1,31,,53523,39,,,1,70,,53542,39,,,1,30,,53534,39,,,1,70,,53545,39,,,1,29,,53546,39,,,1,70,,53524,39,,,1,30,,53540,39,,,1,70,,53522,39,,,1,29,,53536,39,,,1,70,,53547,39,,,1,30,,53532,24,,,1,70,,53526,39,,,1,29,,53531,24,,,1,30,,53520,39,,,1,100,,53550,39,,,1,70,,53521,24,,,1,72,,53529,39,,,1
5100,'15',606,,53563,47,,,1,101,,53574,47,,,1,107,,53552,47,,,1,30,,53559,47,,,1,98,,53570,47,,,1,70,,53551,47,,,1,32,,53582,39,,,1,70,,53583,39,,,1,30,,53554,39,,,1,70,,53560,39,,,1,30,,53573,39,,,1,70,,53553,39,,,1,30,,53565,39,,,1,70,,53575,39,,,1,30,,53564,39,,,1,70,,53569,6,,,1,1,,53580,39,,,1,36,,53561,39,,,1,75,,53579,39,,,1,25,,53576,39,,,1,70,,53566,39,,,1,30,,53578,39,,,1,70,,53581,39,,,1,27,,53567,39,,,1,70,,53556,39,,,1,22,,53562,39,,,1,69,,53571,39,,,1,28,,53557,39,,,1,69,,53572,39,,,1,30,,53555,39,,,1,70,,53568,39,,,1,30,,53577,39,,,1
5100,'16',606,,53596,47,,,1,101,,53607,47,,,1,107,,53585,47,,,1,30,,53592,47,,,1,98,,53603,47,,,1,70,,53584,47,,,1,32,,53615,39,,,1,70,,53616,39,,,1,30,,53587,39,,,1,70,,53593,39,,,1,30,,53606,39,,,1,70,,53586,39,,,1,30,,53598,39,,,1,70,,53608,39,,,1,30,,53597,39,,,1,70,,53602,6,,,1,1,,53613,39,,,1,36,,53594,39,,,1,75,,53612,39,,,1,25,,53609,39,,,1,70,,53599,39,,,1,30,,53611,39,,,1,70,,53614,39,,,1,27,,53600,39,,,1,70,,53589,39,,,1,22,,53595,39,,,1,69,,53604,39,,,1,28,,53590,39,,,1,69,,53605,39,,,1,30,,53588,39,,,1,70,,53601,39,,,1,30,,53610,39,,,1
5100,'17',606,,53629,47,,,1,101,,53621,47,,,1,28,,53644,47,,,1,79,,53645,47,,,1,30,,53635,47,,,1,70,,53625,47,,,1,28,,53619,47,,,1,70,,53648,47,,,1,32,,53643,39,,,1,70,,53639,39,,,1,30,,53628,39,,,1,70,,53631,39,,,1,30,,53627,39,,,1,70,,53617,39,,,1,30,,53637,39,,,1,70,,53641,39,,,1,30,,53647,39,,,1,71,,53620,39,,,1,36,,53632,39,,,1,75,,53649,39,,,1,25,,53624,39,,,1,70,,53640,39,,,1,30,,53646,39,,,1,70,,53634,39,,,1,27,,53623,39,,,1,70,,53630,39,,,1,22,,53638,39,,,1,69,,53633,39,,,1,28,,53618,39,,,1,69,,53636,39,,,1,30,,53642,39,,,1,70,,53626,39,,,1,30,,53622,39,,,1
5100,'18',606,,53652,47,,,1,101,,53650,47,,,1,28,,53672,47,,,1,78,,53666,47,,,1,31,,53667,47,,,1,69,,53660,47,,,1,29,,53656,47,,,1,70,,53659,47,,,1,32,,53651,39,,,1,70,,53677,39,,,1,30,,53681,39,,,1,70,,53663,39,,,1,30,,53664,39,,,1,70,,53673,39,,,1,30,,53669,39,,,1,70,,53670,39,,,1,30,,53679,39,,,1,71,,53680,39,,,1,36,,53671,39,,,1,75,,53676,39,,,1,25,,53661,39,,,1,70,,53682,39,,,1,30,,53662,39,,,1,70,,53654,39,,,1,27,,53678,39,,,1,70,,53657,39,,,1,22,,53675,39,,,1,69,,53655,39,,,1,28,,53658,39,,,1,69,,53668,39,,,1,30,,53674,39,,,1,70,,53665,39,,,1,30,,53653,39,,,1
5100,'19',606,,53695,47,,,1,101,,53687,47,,,1,28,,53710,47,,,1,79,,53711,47,,,1,30,,53701,47,,,1,70,,53691,47,,,1,28,,53685,47,,,1,70,,53714,47,,,1,32,,53709,39,,,1,70,,53705,39,,,1,30,,53694,39,,,1,70,,53697,39,,,1,30,,53693,39,,,1,70,,53683,39,,,1,30,,53703,39,,,1,70,,53707,39,,,1,30,,53713,39,,,1,71,,53686,39,,,1,36,,53698,39,,,1,75,,53715,39,,,1,25,,53690,39,,,1,70,,53706,39,,,1,30,,53712,39,,,1,70,,53700,39,,,1,27,,53689,39,,,1,70,,53696,39,,,1,22,,53704,39,,,1,69,,53699,39,,,1,28,,53684,39,,,1,69,,53702,39,,,1,30,,53708,39,,,1,70,,53692,39,,,1,30,,53688,39,,,1
5100,'2',825,,53723,39,,,1,100,,53716,39,,,1,30,,53743,39,,,1,71,,53721,39,,,1,30,,53739,39,,,1,70,,53737,39,,,1,30,,53731,39,,,1,70,,53725,39,,,1,30,,53717,39,,,1,70,,53733,39,,,1,30,,53732,39,,,1,71,,53718,39,,,1,30,,53741,39,,,1,70,,53730,39,,,1,30,,53726,39,,,1,69,,53719,39,,,1,30,,53722,39,,,1,70,,53734,39,,,1,30,,53738,39,,,1,69,,53727,39,,,1,30,,53720,39,,,1,70,,53736,39,,,1,30,,53740,39,,,1,69,,53724,39,,,1,31,,53729,19,,,1,69,,53742,39,,,1,100,,53728,39,,,1,100,,53735,39,,,1
5100,'3',606,,53756,47,,,1,101,,53767,47,,,1,107,,53745,47,,,1,30,,53752,47,,,1,98,,53763,47,,,1,70,,53744,47,,,1,32,,53775,39,,,1,70,,53776,39,,,1,30,,53747,39,,,1,70,,53753,39,,,1,30,,53766,39,,,1,70,,53746,39,,,1,30,,53758,39,,,1,70,,53768,39,,,1,30,,53757,39,,,1,70,,53762,6,,,1,1,,53773,39,,,1,36,,53754,39,,,1,75,,53772,39,,,1,25,,53769,39,,,1,70,,53759,39,,,1,30,,53771,39,,,1,70,,53774,39,,,1,27,,53760,39,,,1,70,,53749,39,,,1,22,,53755,39,,,1,69,,53764,39,,,1,28,,53750,39,,,1,69,,53765,39,,,1,30,,53748,39,,,1,70,,53761,39,,,1,30,,53770,39,,,1
5100,'4',606,,53789,47,,,1,101,,53800,47,,,1,107,,53778,47,,,1,30,,53785,47,,,1,98,,53796,47,,,1,70,,53777,47,,,1,32,,53808,39,,,1,70,,53809,39,,,1,30,,53780,39,,,1,70,,53786,39,,,1,30,,53799,39,,,1,70,,53779,39,,,1,30,,53791,39,,,1,70,,53801,39,,,1,30,,53790,39,,,1,70,,53795,6,,,1,1,,53806,39,,,1,36,,53787,39,,,1,75,,53805,39,,,1,25,,53802,39,,,1,70,,53792,39,,,1,30,,53804,39,,,1,70,,53807,39,,,1,27,,53793,39,,,1,70,,53782,39,,,1,22,,53788,39,,,1,69,,53797,39,,,1,28,,53783,39,,,1,69,,53798,39,,,1,30,,53781,39,,,1,70,,53794,39,,,1,30,,53803,39,,,1
5100,'5',606,,53822,47,,,1,101,,53814,47,,,1,28,,53837,47,,,1,79,,53838,47,,,1,30,,53828,47,,,1,70,,53818,47,,,1,28,,53812,47,,,1,70,,53841,47,,,1,32,,53836,39,,,1,70,,53832,39,,,1,30,,53821,39,,,1,70,,53824,39,,,1,30,,53820,39,,,1,70,,53810,39,,,1,30,,53830,39,,,1,70,,53834,39,,,1,30,,53840,39,,,1,71,,53813,39,,,1,36,,53825,39,,,1,75,,53842,39,,,1,25,,53817,39,,,1,70,,53833,39,,,1,30,,53839,39,,,1,70,,53827,39,,,1,27,,53816,39,,,1,70,,53823,39,,,1,22,,53831,39,,,1,69,,53826,39,,,1,28,,53811,39,,,1,69,,53829,39,,,1,30,,53835,39,,,1,70,,53819,39,,,1,30,,53815,39,,,1
5100,'6',606,,53855,47,,,1,101,,53866,47,,,1,107,,53844,47,,,1,30,,53851,47,,,1,98,,53862,47,,,1,70,,53843,47,,,1,32,,53874,39,,,1,70,,53875,39,,,1,30,,53846,39,,,1,70,,53852,39,,,1,30,,53865,39,,,1,70,,53845,39,,,1,30,,53857,39,,,1,70,,53867,39,,,1,30,,53856,39,,,1,70,,53861,6,,,1,1,,53872,39,,,1,36,,53853,39,,,1,75,,53871,39,,,1,25,,53868,39,,,1,70,,53858,39,,,1,30,,53870,39,,,1,70,,53873,39,,,1,27,,53859,39,,,1,70,,53848,39,,,1,22,,53854,39,,,1,69,,53863,39,,,1,28,,53849,39,,,1,69,,53864,39,,,1,30,,53847,39,,,1,70,,53860,39,,,1,30,,53869,39,,,1
5100,'7',606,,53888,47,,,1,101,,53880,47,,,1,28,,53903,47,,,1,79,,53904,47,,,1,30,,53894,47,,,1,70,,53884,47,,,1,28,,53878,47,,,1,70,,53907,47,,,1,32,,53902,39,,,1,70,,53898,39,,,1,30,,53887,39,,,1,70,,53890,39,,,1,30,,53886,39,,,1,70,,53876,39,,,1,30,,53896,39,,,1,70,,53900,39,,,1,30,,53906,39,,,1,71,,53879,39,,,1,36,,53891,39,,,1,75,,53908,39,,,1,25,,53883,39,,,1,70,,53899,39,,,1,30,,53905,39,,,1,70,,53893,39,,,1,27,,53882,39,,,1,70,,53889,39,,,1,22,,53897,39,,,1,69,,53892,39,,,1,28,,53877,39,,,1,69,,53895,39,,,1,30,,53901,39,,,1,70,,53885,39,,,1,30,,53881,39,,,1
5100,'8',659,,53916,39,,,1,100,,53914,39,,,1,71,,53933,39,,,1,70,,53930,39,,,1,30,,53917,39,,,1,70,,53924,39,,,1,31,,53919,39,,,1,70,,53927,39,,,1,30,,53932,39,,,1,70,,53926,39,,,1,30,,53928,39,,,1,70,,53938,39,,,1,30,,53922,39,,,1,70,,53937,39,,,1,31,,53912,39,,,1,70,,53931,39,,,1,30,,53923,39,,,1,70,,53934,39,,,1,29,,53935,39,,,1,70,,53913,39,,,1,30,,53929,39,,,1,70,,53911,39,,,1,29,,53925,39,,,1,70,,53936,39,,,1,30,,53921,24,,,1,70,,53915,39,,,1,29,,53920,24,,,1,30,,53909,39,,,1,100,,53939,39,,,1,70,,53910,24,,,1,72,,53918,39,,,1
5100,'9',825,,53947,39,,,1,100,,53940,39,,,1,30,,53967,39,,,1,71,,53945,39,,,1,30,,53963,39,,,1,70,,53961,39,,,1,30,,53955,39,,,1,70,,53949,39,,,1,30,,53941,39,,,1,70,,53957,39,,,1,30,,53956,39,,,1,71,,53942,39,,,1,30,,53965,39,,,1,70,,53954,39,,,1,30,,53950,39,,,1,69,,53943,39,,,1,30,,53946,39,,,1,70,,53958,39,,,1,30,,53962,39,,,1,69,,53951,39,,,1,30,,53944,39,,,1,70,,53960,39,,,1,30,,53964,39,,,1,69,,53948,39,,,1,31,,53953,19,,,1,69,,53966,39,,,1,100,,53952,39,,,1,100,,53959,39,,,1
