18901,'1',505,,202268,2,,,1,43,,202266,2,,,1,70,,68207,2,,,1,30,,202257,2,,,1,70,,35673,2,,,1,35,,202261,2,,,1,70,,202256,2,,,1,30,,202246,2,,,1,65,,202251,2,,,1,30,,202255,2,,,1,70,,202262,2,,,1,29,,202260,2,,,1,70,,2201,2,,,1,31,,39219,2,,,1,70,,202240,2,,,1,30,,202263,2,,,1,70,,202245,2,,,1,30,,202250,2,,,1,70,,202241,2,,,1,35,,202265,2,,,1,70,,94110,2,,,1,30,,202252,2,,,1,70,,202253,2,,,1,30,,202259,2,,,1,70,,202244,2,,,1,30,,202258,2,,,1,70,,202264,2,,,1,25,,76796,2,,,1,70,,202254,2,,,1,30,,118315,2,,,1,70,,202267,2,,,1,30,,202248,2,,,1,70,,202239,2,,,1,32,,202242,2,,,1,70,,202247,2,,,1,30,,202243,2,,,1,70,,202249,2,,,1,25,,74165,2,,,1,95,,60223,2,,,1
18901,'10',505,,110790,2,,,1,43,,202278,2,,,1,70,,202290,2,,,1,30,,202273,2,,,1,70,,202292,2,,,1,35,,202297,2,,,1,70,,202274,2,,,1,30,,202279,2,,,1,65,,202298,2,,,1,30,,202293,2,,,1,70,,202302,2,,,1,29,,202271,2,,,1,70,,202280,2,,,1,31,,202286,2,,,1,70,,84803,2,,,1,30,,202295,2,,,1,70,,202301,2,,,1,30,,202269,2,,,1,70,,202270,2,,,1,35,,202300,2,,,1,70,,202294,2,,,1,30,,202287,2,,,1,68,,73511,2,,,1,32,,202289,2,,,1,70,,202285,2,,,1,30,,202276,2,,,1,70,,18848,2,,,1,25,,202291,2,,,1,70,,202288,2,,,1,30,,202284,2,,,1,70,,202299,2,,,1,30,,202296,2,,,1,70,,202283,2,,,1,32,,202275,2,,,1,70,,202277,2,,,1,30,,202282,2,,,1,70,,70885,2,,,1,25,,202272,2,,,1,95,,202281,2,,,1
18901,'11',630,,202303,2,,,1,100,,202305,2,,,1,100,,202312,2,,,1,100,,202311,2,,,1,100,,117913,2,,,1,100,,202307,2,,,1,100,,202304,2,,,1,100,,202314,2,,,1,100,,202309,2,,,1,100,,202308,2,,,1,100,,202313,2,,,1,100,,202310,2,,,1,100,,7381,2,,,1,100,,202306,2,,,1
18901,'12',505,,45340,2,,,1,43,,74097,2,,,1,70,,202337,2,,,1,30,,202317,2,,,1,70,,202321,2,,,1,35,,40559,2,,,1,69,,47,2,,,1,31,,202328,2,,,1,65,,73117,2,,,1,30,,202319,2,,,1,70,,115953,2,,,1,29,,202336,2,,,1,70,,202333,2,,,1,31,,202340,2,,,1,70,,202331,2,,,1,30,,202342,2,,,1,70,,107663,2,,,1,30,,202327,2,,,1,70,,105641,2,,,1,35,,202320,2,,,1,70,,202326,2,,,1,30,,202343,2,,,1,70,,202329,2,,,1,30,,202341,2,,,1,70,,80402,2,,,1,30,,202323,2,,,1,70,,202339,2,,,1,25,,202322,2,,,1,70,,202332,2,,,1,30,,202318,2,,,1,70,,202325,2,,,1,30,,202316,2,,,1,70,,46448,2,,,1,32,,202335,2,,,1,70,,202324,2,,,1,30,,202330,2,,,1,70,,202315,2,,,1,25,,202334,2,,,1,95,,202338,2,,,1
18901,'13',630,,202344,2,,,1,100,,202347,2,,,1,100,,20084,2,,,1,100,,202352,2,,,1,100,,202353,2,,,1,100,,202348,2,,,1,100,,202346,2,,,1,100,,120833,2,,,1,100,,202350,2,,,1,100,,202349,2,,,1,100,,202354,2,,,1,100,,202351,2,,,1,100,,202345,2,,,1,100,,41819,2,,,1
18901,'14',505,,202365,2,,,1,43,,202381,2,,,1,70,,202378,2,,,1,30,,202356,2,,,1,70,,202362,2,,,1,35,,202374,2,,,1,69,,202359,2,,,1,31,,202371,2,,,1,65,,202355,2,,,1,30,,202360,2,,,1,70,,202380,2,,,1,29,,49201,2,,,1,70,,202376,2,,,1,31,,202383,2,,,1,70,,24195,2,,,1,30,,202385,2,,,1,70,,202361,2,,,1,30,,202370,2,,,1,70,,202367,2,,,1,35,,12351,2,,,1,70,,202369,2,,,1,30,,202386,2,,,1,70,,202372,2,,,1,30,,202384,2,,,1,70,,202382,2,,,1,30,,202364,2,,,1,70,,61028,2,,,1,25,,202363,2,,,1,70,,202375,2,,,1,30,,202357,2,,,1,70,,202368,2,,,1,30,,10340,2,,,1,70,,202358,2,,,1,32,,6630,2,,,1,70,,202366,2,,,1,30,,202373,2,,,1,70,,48001,2,,,1,25,,202377,2,,,1,95,,202379,2,,,1
18901,'15',505,,202397,2,,,1,43,,202413,2,,,1,70,,202410,2,,,1,30,,202388,2,,,1,70,,202394,2,,,1,35,,202406,2,,,1,69,,202391,2,,,1,31,,202403,2,,,1,65,,202387,2,,,1,30,,202392,2,,,1,70,,202412,2,,,1,29,,49609,2,,,1,70,,202408,2,,,1,31,,202415,2,,,1,70,,24235,2,,,1,30,,202417,2,,,1,70,,202393,2,,,1,30,,202402,2,,,1,70,,202399,2,,,1,35,,12697,2,,,1,70,,202401,2,,,1,30,,202418,2,,,1,70,,202404,2,,,1,30,,202416,2,,,1,70,,202414,2,,,1,30,,202396,2,,,1,70,,61197,2,,,1,25,,202395,2,,,1,70,,202407,2,,,1,30,,202389,2,,,1,70,,202400,2,,,1,30,,10680,2,,,1,70,,202390,2,,,1,32,,7006,2,,,1,70,,202398,2,,,1,30,,202405,2,,,1,70,,48353,2,,,1,25,,202409,2,,,1,95,,202411,2,,,1
18901,'16',505,,202431,2,,,1,43,,202447,2,,,1,70,,202444,2,,,1,30,,202422,2,,,1,70,,202428,2,,,1,35,,202437,2,,,1,69,,202425,2,,,1,31,,64582,2,,,1,65,,202421,2,,,1,30,,68400,2,,,1,70,,202446,2,,,1,29,,202443,2,,,1,70,,202440,2,,,1,31,,202450,2,,,1,70,,202438,2,,,1,30,,202452,2,,,1,70,,202426,2,,,1,30,,202434,2,,,1,70,,202432,2,,,1,35,,202427,2,,,1,70,,202433,2,,,1,30,,202453,2,,,1,70,,202435,2,,,1,30,,202451,2,,,1,70,,202449,2,,,1,30,,202430,2,,,1,70,,202448,2,,,1,25,,202429,2,,,1,70,,202439,2,,,1,30,,202423,2,,,1,70,,40798,2,,,1,30,,202420,2,,,1,70,,202424,2,,,1,32,,202442,2,,,1,70,,57370,2,,,1,30,,202436,2,,,1,70,,202419,2,,,1,25,,202441,2,,,1,95,,202445,2,,,1
18901,'17',505,,202483,2,,,1,43,,202481,2,,,1,70,,68542,2,,,1,30,,202472,2,,,1,70,,35839,2,,,1,35,,202476,2,,,1,70,,202471,2,,,1,30,,202461,2,,,1,65,,202466,2,,,1,30,,202470,2,,,1,70,,202477,2,,,1,29,,202475,2,,,1,70,,2576,2,,,1,31,,39617,2,,,1,70,,202455,2,,,1,30,,202478,2,,,1,70,,202460,2,,,1,30,,202465,2,,,1,70,,202456,2,,,1,35,,202480,2,,,1,70,,94185,2,,,1,30,,202467,2,,,1,70,,202468,2,,,1,30,,202474,2,,,1,70,,202459,2,,,1,30,,202473,2,,,1,70,,202479,2,,,1,25,,77239,2,,,1,70,,202469,2,,,1,30,,118324,2,,,1,70,,202482,2,,,1,30,,202463,2,,,1,70,,202454,2,,,1,32,,202457,2,,,1,70,,202462,2,,,1,30,,202458,2,,,1,70,,202464,2,,,1,25,,74432,2,,,1,95,,60375,2,,,1
18901,'2',505,,202513,2,,,1,43,,202511,2,,,1,70,,68276,2,,,1,30,,202502,2,,,1,70,,35707,2,,,1,35,,202506,2,,,1,70,,202501,2,,,1,30,,202491,2,,,1,65,,202496,2,,,1,30,,202500,2,,,1,70,,202507,2,,,1,29,,202505,2,,,1,70,,2275,2,,,1,31,,39299,2,,,1,70,,202485,2,,,1,30,,202508,2,,,1,70,,202490,2,,,1,30,,202495,2,,,1,70,,202486,2,,,1,35,,202510,2,,,1,70,,94129,2,,,1,30,,202497,2,,,1,70,,202498,2,,,1,30,,202504,2,,,1,70,,202489,2,,,1,30,,202503,2,,,1,70,,202509,2,,,1,25,,76885,2,,,1,70,,202499,2,,,1,30,,118318,2,,,1,70,,202512,2,,,1,30,,202493,2,,,1,70,,202484,2,,,1,32,,202487,2,,,1,70,,202492,2,,,1,30,,202488,2,,,1,70,,202494,2,,,1,25,,74223,2,,,1,95,,60253,2,,,1
18901,'3',505,,202524,2,,,1,43,,202540,2,,,1,70,,202537,2,,,1,30,,202515,2,,,1,70,,202521,2,,,1,35,,202533,2,,,1,69,,202518,2,,,1,31,,202530,2,,,1,65,,202514,2,,,1,30,,202519,2,,,1,70,,202539,2,,,1,29,,49463,2,,,1,70,,202535,2,,,1,31,,202542,2,,,1,70,,24219,2,,,1,30,,202544,2,,,1,70,,202520,2,,,1,30,,202529,2,,,1,70,,202526,2,,,1,35,,12572,2,,,1,70,,202528,2,,,1,30,,202545,2,,,1,70,,202531,2,,,1,30,,202543,2,,,1,70,,202541,2,,,1,30,,202523,2,,,1,70,,61129,2,,,1,25,,202522,2,,,1,70,,202534,2,,,1,30,,202516,2,,,1,70,,202527,2,,,1,30,,10559,2,,,1,70,,202517,2,,,1,32,,6878,2,,,1,70,,202525,2,,,1,30,,202532,2,,,1,70,,48225,2,,,1,25,,202536,2,,,1,95,,202538,2,,,1
18901,'4',630,,36074,2,,,1,100,,202549,2,,,1,100,,202557,2,,,1,100,,202550,2,,,1,100,,202556,2,,,1,100,,202546,2,,,1,100,,202547,2,,,1,100,,202555,2,,,1,100,,202553,2,,,1,100,,202552,2,,,1,100,,202551,2,,,1,100,,202548,2,,,1,100,,202554,2,,,1
18901,'5',505,,101160,2,,,1,43,,202592,2,,,1,70,,202573,2,,,1,30,,202580,2,,,1,70,,202589,2,,,1,35,,202584,2,,,1,70,,202579,2,,,1,30,,202567,2,,,1,65,,202574,2,,,1,30,,202578,2,,,1,70,,202585,2,,,1,29,,202583,2,,,1,70,,202587,2,,,1,31,,202593,2,,,1,70,,202559,2,,,1,30,,202586,2,,,1,70,,202566,2,,,1,30,,202572,2,,,1,70,,202561,2,,,1,35,,202590,2,,,1,70,,202564,2,,,1,30,,202575,2,,,1,70,,202576,2,,,1,30,,202582,2,,,1,70,,202565,2,,,1,30,,202581,2,,,1,70,,202588,2,,,1,25,,202571,2,,,1,70,,202577,2,,,1,30,,202591,2,,,1,70,,29074,2,,,1,30,,202569,2,,,1,70,,202558,2,,,1,32,,202562,2,,,1,70,,202568,2,,,1,30,,202563,2,,,1,70,,202570,2,,,1,25,,202594,2,,,1,95,,202560,2,,,1
18901,'6',505,,202624,2,,,1,43,,202622,2,,,1,70,,68938,2,,,1,30,,202613,2,,,1,70,,36029,2,,,1,35,,202617,2,,,1,70,,202612,2,,,1,30,,202602,2,,,1,65,,202607,2,,,1,30,,202611,2,,,1,70,,202618,2,,,1,29,,202616,2,,,1,70,,3010,2,,,1,31,,40092,2,,,1,70,,202596,2,,,1,30,,202619,2,,,1,70,,202601,2,,,1,30,,202606,2,,,1,70,,202597,2,,,1,35,,202621,2,,,1,70,,94277,2,,,1,30,,202608,2,,,1,70,,202609,2,,,1,30,,202615,2,,,1,70,,202600,2,,,1,30,,202614,2,,,1,70,,202620,2,,,1,25,,77772,2,,,1,70,,202610,2,,,1,30,,118330,2,,,1,70,,202623,2,,,1,30,,202604,2,,,1,70,,202595,2,,,1,32,,202598,2,,,1,70,,202603,2,,,1,30,,202599,2,,,1,70,,202605,2,,,1,25,,74751,2,,,1,95,,60557,2,,,1
18901,'7',630,,202630,2,,,1,100,,202628,2,,,1,100,,202634,2,,,1,100,,202629,2,,,1,100,,202633,2,,,1,100,,202625,2,,,1,100,,202626,2,,,1,100,,202632,2,,,1,100,,202631,2,,,1,100,,15142,2,,,1,100,,31837,2,,,1,100,,202627,2,,,1,100,,65840,2,,,1
18901,'8',505,,202664,2,,,1,43,,202662,2,,,1,70,,68869,2,,,1,30,,202653,2,,,1,70,,35995,2,,,1,35,,202657,2,,,1,70,,202652,2,,,1,30,,202642,2,,,1,65,,202647,2,,,1,30,,202651,2,,,1,70,,202658,2,,,1,29,,202656,2,,,1,70,,2936,2,,,1,31,,40012,2,,,1,70,,202636,2,,,1,30,,202659,2,,,1,70,,202641,2,,,1,30,,202646,2,,,1,70,,202637,2,,,1,35,,202661,2,,,1,70,,94258,2,,,1,30,,202648,2,,,1,70,,202649,2,,,1,30,,202655,2,,,1,70,,202640,2,,,1,30,,202654,2,,,1,70,,202660,2,,,1,25,,77683,2,,,1,70,,202650,2,,,1,30,,118327,2,,,1,70,,202663,2,,,1,30,,202644,2,,,1,70,,202635,2,,,1,32,,202638,2,,,1,70,,202643,2,,,1,30,,202639,2,,,1,70,,202645,2,,,1,25,,74693,2,,,1,95,,60527,2,,,1
18901,'9',630,,202665,2,,,1,100,,202668,2,,,1,100,,202674,2,,,1,100,,202672,2,,,1,100,,202673,2,,,1,100,,202670,2,,,1,100,,202667,2,,,1,100,,202676,2,,,1,100,,23825,2,,,1,100,,202671,2,,,1,100,,202675,2,,,1,100,,75985,2,,,1,100,,202666,2,,,1,100,,202669,2,,,1
