63300,'11',818,,210651,17,,,0
63300,'13',818,,210699,17,,,0
63300,'14',818,,210922,17,,,0
63300,'2',818,,376579,17,,,0
63300,'3',818,,376580,17,,,0
63300,'5',818,,376581,17,,,0
63300,'6',818,,210342,17,,,0
63300,'7',818,,376582,17,,,0
63300,'9',818,,210194,17,,,0
63301,'11',1516,,376583,19,,,0
63301,'13',1516,,376584,19,,,0
63301,'14',1516,,376585,19,,,0
63301,'2',1516,,376586,19,,,0
63301,'3',1516,,376587,19,,,0
63301,'5',1516,,376588,19,,,0
63301,'6',1516,,376589,19,,,0
63301,'7',1516,,376590,19,,,0
63301,'9',1516,,376591,19,,,0
