4000,'1',522,,42040,,,1,30,,42032,,,1,70,,42007,,,1,30,,42050,,,1,73,,42029,,,1,30,,42020,,,1,69,,42061,,,1,30,,42018,,,1,70,,42009,,,1,31,,42049,,,1,70,,42004,,,1,29,,42039,,,1,71,,42016,,,1,30,,42012,,,1,69,,42008,,,1,30,,42045,,,1,70,,42064,,,1,30,,42011,,,1,70,,42019,,,1,31,,42030,,,1,53,,42063,,,1,17,,42044,,,1,15,,42005,,,1,15,,42031,,,1,54,,42055,,,1,15,,42006,,,1,15,,42053,,,1,70,,42017,,,1,15,,42059,,,1,15,,42010,,,1,15,,42062,,,1,70,,42066,,,1,30,,42057,,,1,71,,42052,,,1,30,,42023,,,1,70,,42041,,,1,30,,42048,,,1,70,,42056,,,1,30,,42015,,,1,70,,42028,,,1,29,,42033,,,1,70,,42038,,,1,30,,42051,,,1,70,,42034,,,1,30,,42054,,,1
4000,'10',522,,42115,,,1,30,,42098,,,1,70,,42080,,,1,30,,42111,,,1,73,,42113,,,1,30,,42090,,,1,70,,42075,,,1,29,,42121,,,1,70,,42071,,,1,31,,42081,,,1,70,,42122,,,1,29,,42095,,,1,71,,42077,,,1,30,,42087,,,1,69,,42083,,,1,30,,42110,,,1,70,,42131,,,1,30,,42092,,,1,70,,42104,,,1,31,,42106,,,1,55,,42108,,,1,15,,42078,,,1,15,,42130,,,1,15,,42082,,,1,54,,42120,,,1,15,,42088,,,1,15,,42128,,,1,15,,42132,,,1,55,,42117,,,1,15,,42125,,,1,15,,42089,,,1,15,,42119,,,1,70,,42068,,,1,30,,42097,,,1,71,,42091,,,1,30,,42070,,,1,70,,42094,,,1,30,,42086,,,1,70,,42076,,,1,30,,42074,,,1,70,,42124,,,1,29,,42109,,,1,70,,42072,,,1,30,,42102,,,1,70,,42105,,,1,30,,42093,,,1
4000,'11',522,,42170,,,1,30,,42162,,,1,70,,42137,,,1,30,,42180,,,1,73,,42159,,,1,30,,42150,,,1,69,,42191,,,1,30,,42148,,,1,70,,42139,,,1,31,,42179,,,1,70,,42134,,,1,29,,42169,,,1,71,,42146,,,1,30,,42142,,,1,69,,42138,,,1,30,,42175,,,1,70,,42194,,,1,30,,42141,,,1,70,,42149,,,1,31,,42160,,,1,53,,42193,,,1,17,,42174,,,1,15,,42135,,,1,15,,42161,,,1,54,,42185,,,1,15,,42136,,,1,15,,42183,,,1,70,,42147,,,1,15,,42189,,,1,15,,42140,,,1,15,,42192,,,1,70,,42196,,,1,30,,42187,,,1,71,,42182,,,1,30,,42153,,,1,70,,42171,,,1,30,,42178,,,1,70,,42186,,,1,30,,42145,,,1,70,,42158,,,1,29,,42163,,,1,70,,42168,,,1,30,,42181,,,1,70,,42164,,,1,30,,42184,,,1
4000,'12',522,,42203,,,1,30,,42207,,,1,70,,42231,,,1,30,,42235,,,1,73,,42215,,,1,30,,42198,,,1,71,,42210,,,1,28,,42200,,,1,70,,42213,,,1,31,,42233,,,1,70,,42216,,,1,29,,42236,,,1,71,,42234,,,1,30,,42219,,,1,69,,42217,,,1,30,,42212,,,1,70,,42208,,,1,30,,42206,,,1,70,,42229,,,1,31,,42218,,,1,54,,42224,,,1,31,,42220,,,1,69,,42214,,,1,30,,42230,,,1,70,,42205,,,1,30,,42221,,,1,15,,42237,,,1,70,,42211,,,1,30,,42223,,,1,71,,42222,,,1,30,,42199,,,1,70,,42201,,,1,30,,42238,,,1,70,,42225,,,1,30,,42202,,,1,70,,42228,,,1,29,,42204,,,1,70,,42227,,,1,30,,42226,,,1,70,,42197,,,1,30,,42232,,,1
4000,'13',622,,42246,,,1,92,,42264,,,1,30,,42253,,,1,70,,42239,,,1,30,,42268,,,1,70,,42243,,,1,30,,42241,,,1,70,,42250,,,1,30,,42240,,,1,70,,42247,,,1,30,,42271,,,1,70,,42252,,,1,30,,42260,,,1,70,,42262,,,1,30,,42267,,,1,70,,42261,,,1,30,,42272,,,1,70,,42269,,,1,30,,42270,,,1,70,,42249,,,1,30,,42245,,,1,70,,42254,,,1,30,,42265,,,1,70,,42244,,,1,30,,42255,,,1,70,,42256,,,1,30,,42259,,,1,70,,42248,,,1,30,,42242,,,1,70,,42274,,,1,30,,42258,,,1,70,,42257,,,1,30,,42251,,,1,70,,42273,,,1
4000,'14',622,,42282,,,1,92,,42300,,,1,30,,42289,,,1,70,,42275,,,1,30,,42304,,,1,70,,42279,,,1,30,,42277,,,1,70,,42286,,,1,30,,42276,,,1,70,,42283,,,1,30,,42307,,,1,70,,42288,,,1,30,,42296,,,1,70,,42298,,,1,30,,42303,,,1,70,,42297,,,1,30,,42308,,,1,70,,42305,,,1,30,,42306,,,1,70,,42285,,,1,30,,42281,,,1,70,,42290,,,1,30,,42301,,,1,70,,42280,,,1,30,,42291,,,1,70,,42292,,,1,30,,42295,,,1,70,,42284,,,1,30,,42278,,,1,70,,42310,,,1,30,,42294,,,1,70,,42293,,,1,30,,42287,,,1,70,,42309,,,1
4000,'15',522,,42359,,,1,30,,42342,,,1,70,,42324,,,1,30,,42355,,,1,73,,42357,,,1,30,,42334,,,1,70,,42319,,,1,29,,42365,,,1,70,,42315,,,1,31,,42325,,,1,70,,42366,,,1,29,,42339,,,1,71,,42321,,,1,30,,42331,,,1,69,,42327,,,1,30,,42354,,,1,70,,42375,,,1,30,,42336,,,1,70,,42348,,,1,31,,42350,,,1,55,,42352,,,1,15,,42322,,,1,15,,42374,,,1,15,,42326,,,1,54,,42364,,,1,15,,42332,,,1,15,,42372,,,1,15,,42376,,,1,55,,42361,,,1,15,,42369,,,1,15,,42333,,,1,15,,42363,,,1,70,,42312,,,1,30,,42341,,,1,71,,42335,,,1,30,,42314,,,1,70,,42338,,,1,30,,42330,,,1,70,,42320,,,1,30,,42318,,,1,70,,42368,,,1,29,,42353,,,1,70,,42316,,,1,30,,42346,,,1,70,,42349,,,1,30,,42337,,,1
4000,'16',522,,42414,,,1,30,,42406,,,1,70,,42381,,,1,30,,42424,,,1,73,,42403,,,1,30,,42394,,,1,69,,42435,,,1,30,,42392,,,1,70,,42383,,,1,31,,42423,,,1,70,,42378,,,1,29,,42413,,,1,71,,42390,,,1,30,,42386,,,1,69,,42382,,,1,30,,42419,,,1,70,,42438,,,1,30,,42385,,,1,70,,42393,,,1,31,,42404,,,1,53,,42437,,,1,17,,42418,,,1,15,,42379,,,1,15,,42405,,,1,54,,42429,,,1,15,,42380,,,1,15,,42427,,,1,70,,42391,,,1,15,,42433,,,1,15,,42384,,,1,15,,42436,,,1,70,,42440,,,1,30,,42431,,,1,71,,42426,,,1,30,,42397,,,1,70,,42415,,,1,30,,42422,,,1,70,,42430,,,1,30,,42389,,,1,70,,42402,,,1,29,,42407,,,1,70,,42412,,,1,30,,42425,,,1,70,,42408,,,1,30,,42428,,,1
4000,'17',622,,42448,,,1,92,,42466,,,1,30,,42455,,,1,70,,42441,,,1,30,,42470,,,1,70,,42445,,,1,30,,42443,,,1,70,,42452,,,1,30,,42442,,,1,70,,42449,,,1,30,,42473,,,1,70,,42454,,,1,30,,42462,,,1,70,,42464,,,1,30,,42469,,,1,70,,42463,,,1,30,,42474,,,1,70,,42471,,,1,30,,42472,,,1,70,,42451,,,1,30,,42447,,,1,70,,42456,,,1,30,,42467,,,1,70,,42446,,,1,30,,42457,,,1,70,,42458,,,1,30,,42461,,,1,70,,42450,,,1,30,,42444,,,1,70,,42476,,,1,30,,42460,,,1,70,,42459,,,1,30,,42453,,,1,70,,42475,,,1
4000,'18',537,,42505,,,1,70,,42507,,,1,30,,42484,,,1,65,,42503,,,1,35,,42483,,,1,70,,42489,,,1,30,,42485,,,1,70,,42486,,,1,30,,42493,,,1,70,,42487,,,1,30,,42494,,,1,70,,42515,,,1,30,,42480,,,1,70,,42496,,,1,30,,42501,,,1,70,,42492,,,1,30,,42495,,,1,70,,42510,,,1,30,,42504,,,1,70,,42514,,,1,30,,42502,,,1,70,,42511,,,1,30,,42490,,,1,70,,42516,,,1,30,,42512,,,1,70,,42488,,,1,30,,42497,,,1,70,,42482,,,1,30,,42508,,,1,70,,42481,,,1,30,,42506,,,1,70,,42479,,,1,30,,42478,,,1,70,,42500,,,1,30,,42513,,,1,70,,42491,,,1,30,,42498,,,1,70,,42509,,,1,30,,42499,,,1
4000,'19',537,,42546,,,1,70,,42548,,,1,30,,42525,,,1,65,,42544,,,1,35,,42524,,,1,70,,42530,,,1,30,,42526,,,1,70,,42527,,,1,30,,42534,,,1,70,,42528,,,1,30,,42535,,,1,70,,42556,,,1,30,,42521,,,1,70,,42537,,,1,30,,42542,,,1,70,,42533,,,1,30,,42536,,,1,70,,42551,,,1,30,,42545,,,1,70,,42555,,,1,30,,42543,,,1,70,,42552,,,1,30,,42531,,,1,70,,42557,,,1,30,,42553,,,1,70,,42529,,,1,30,,42538,,,1,70,,42523,,,1,30,,42549,,,1,70,,42522,,,1,30,,42547,,,1,70,,42520,,,1,30,,42519,,,1,70,,42541,,,1,30,,42554,,,1,70,,42532,,,1,30,,42539,,,1,70,,42550,,,1,30,,42540,,,1
4000,'2',622,,42566,,,1,92,,42584,,,1,30,,42573,,,1,70,,42559,,,1,30,,42588,,,1,70,,42563,,,1,30,,42561,,,1,70,,42570,,,1,30,,42560,,,1,70,,42567,,,1,30,,42591,,,1,70,,42572,,,1,30,,42580,,,1,70,,42582,,,1,30,,42587,,,1,70,,42581,,,1,30,,42592,,,1,70,,42589,,,1,30,,42590,,,1,70,,42569,,,1,30,,42565,,,1,70,,42574,,,1,30,,42585,,,1,70,,42564,,,1,30,,42575,,,1,70,,42576,,,1,30,,42579,,,1,70,,42568,,,1,30,,42562,,,1,70,,42594,,,1,30,,42578,,,1,70,,42577,,,1,30,,42571,,,1,70,,42593,,,1
4000,'20',522,,42632,,,1,30,,42624,,,1,70,,42599,,,1,30,,42642,,,1,73,,42621,,,1,30,,42612,,,1,69,,42653,,,1,30,,42610,,,1,70,,42601,,,1,31,,42641,,,1,70,,42596,,,1,29,,42631,,,1,71,,42608,,,1,30,,42604,,,1,69,,42600,,,1,30,,42637,,,1,70,,42656,,,1,30,,42603,,,1,70,,42611,,,1,31,,42622,,,1,53,,42655,,,1,17,,42636,,,1,15,,42597,,,1,15,,42623,,,1,54,,42647,,,1,15,,42598,,,1,15,,42645,,,1,70,,42609,,,1,15,,42651,,,1,15,,42602,,,1,15,,42654,,,1,70,,42658,,,1,30,,42649,,,1,71,,42644,,,1,30,,42615,,,1,70,,42633,,,1,30,,42640,,,1,70,,42648,,,1,30,,42607,,,1,70,,42620,,,1,29,,42625,,,1,70,,42630,,,1,30,,42643,,,1,70,,42626,,,1,30,,42646,,,1
4000,'3',522,,42696,,,1,30,,42688,,,1,70,,42663,,,1,30,,42706,,,1,73,,42685,,,1,30,,42676,,,1,69,,42717,,,1,30,,42674,,,1,70,,42665,,,1,31,,42705,,,1,70,,42660,,,1,29,,42695,,,1,71,,42672,,,1,30,,42668,,,1,69,,42664,,,1,30,,42701,,,1,70,,42720,,,1,30,,42667,,,1,70,,42675,,,1,31,,42686,,,1,53,,42719,,,1,17,,42700,,,1,15,,42661,,,1,15,,42687,,,1,54,,42711,,,1,15,,42662,,,1,15,,42709,,,1,70,,42673,,,1,15,,42715,,,1,15,,42666,,,1,15,,42718,,,1,70,,42722,,,1,30,,42713,,,1,71,,42708,,,1,30,,42679,,,1,70,,42697,,,1,30,,42704,,,1,70,,42712,,,1,30,,42671,,,1,70,,42684,,,1,29,,42689,,,1,70,,42694,,,1,30,,42707,,,1,70,,42690,,,1,30,,42710,,,1
4000,'4',522,,42760,,,1,30,,42752,,,1,70,,42727,,,1,30,,42770,,,1,73,,42749,,,1,30,,42740,,,1,69,,42781,,,1,30,,42738,,,1,70,,42729,,,1,31,,42769,,,1,70,,42724,,,1,29,,42759,,,1,71,,42736,,,1,30,,42732,,,1,69,,42728,,,1,30,,42765,,,1,70,,42784,,,1,30,,42731,,,1,70,,42739,,,1,31,,42750,,,1,53,,42783,,,1,17,,42764,,,1,15,,42725,,,1,15,,42751,,,1,54,,42775,,,1,15,,42726,,,1,15,,42773,,,1,70,,42737,,,1,15,,42779,,,1,15,,42730,,,1,15,,42782,,,1,70,,42786,,,1,30,,42777,,,1,71,,42772,,,1,30,,42743,,,1,70,,42761,,,1,30,,42768,,,1,70,,42776,,,1,30,,42735,,,1,70,,42748,,,1,29,,42753,,,1,70,,42758,,,1,30,,42771,,,1,70,,42754,,,1,30,,42774,,,1
4000,'5',522,,42824,,,1,30,,42816,,,1,70,,42791,,,1,30,,42834,,,1,73,,42813,,,1,30,,42804,,,1,69,,42845,,,1,30,,42802,,,1,70,,42793,,,1,31,,42833,,,1,70,,42788,,,1,29,,42823,,,1,71,,42800,,,1,30,,42796,,,1,69,,42792,,,1,30,,42829,,,1,70,,42848,,,1,30,,42795,,,1,70,,42803,,,1,31,,42814,,,1,53,,42847,,,1,17,,42828,,,1,15,,42789,,,1,15,,42815,,,1,54,,42839,,,1,15,,42790,,,1,15,,42837,,,1,70,,42801,,,1,15,,42843,,,1,15,,42794,,,1,15,,42846,,,1,70,,42850,,,1,30,,42841,,,1,71,,42836,,,1,30,,42807,,,1,70,,42825,,,1,30,,42832,,,1,70,,42840,,,1,30,,42799,,,1,70,,42812,,,1,29,,42817,,,1,70,,42822,,,1,30,,42835,,,1,70,,42818,,,1,30,,42838,,,1
4000,'6',522,,42888,,,1,30,,42880,,,1,70,,42855,,,1,30,,42898,,,1,73,,42877,,,1,30,,42868,,,1,69,,42909,,,1,30,,42866,,,1,70,,42857,,,1,31,,42897,,,1,70,,42852,,,1,29,,42887,,,1,71,,42864,,,1,30,,42860,,,1,69,,42856,,,1,30,,42893,,,1,70,,42912,,,1,30,,42859,,,1,70,,42867,,,1,31,,42878,,,1,53,,42911,,,1,17,,42892,,,1,15,,42853,,,1,15,,42879,,,1,54,,42903,,,1,15,,42854,,,1,15,,42901,,,1,70,,42865,,,1,15,,42907,,,1,15,,42858,,,1,15,,42910,,,1,70,,42914,,,1,30,,42905,,,1,71,,42900,,,1,30,,42871,,,1,70,,42889,,,1,30,,42896,,,1,70,,42904,,,1,30,,42863,,,1,70,,42876,,,1,29,,42881,,,1,70,,42886,,,1,30,,42899,,,1,70,,42882,,,1,30,,42902,,,1
4000,'7',522,,42963,,,1,30,,42946,,,1,70,,42928,,,1,30,,42959,,,1,73,,42961,,,1,30,,42938,,,1,70,,42923,,,1,29,,42969,,,1,70,,42919,,,1,31,,42929,,,1,70,,42970,,,1,29,,42943,,,1,71,,42925,,,1,30,,42935,,,1,69,,42931,,,1,30,,42958,,,1,70,,42979,,,1,30,,42940,,,1,70,,42952,,,1,31,,42954,,,1,55,,42956,,,1,15,,42926,,,1,15,,42978,,,1,15,,42930,,,1,54,,42968,,,1,15,,42936,,,1,15,,42976,,,1,15,,42980,,,1,55,,42965,,,1,15,,42973,,,1,15,,42937,,,1,15,,42967,,,1,70,,42916,,,1,30,,42945,,,1,71,,42939,,,1,30,,42918,,,1,70,,42942,,,1,30,,42934,,,1,70,,42924,,,1,30,,42922,,,1,70,,42972,,,1,29,,42957,,,1,70,,42920,,,1,30,,42950,,,1,70,,42953,,,1,30,,42941,,,1
4000,'8',522,,43029,,,1,30,,43012,,,1,70,,42994,,,1,30,,43025,,,1,73,,43027,,,1,30,,43004,,,1,70,,42989,,,1,29,,43035,,,1,70,,42985,,,1,31,,42995,,,1,70,,43036,,,1,29,,43009,,,1,71,,42991,,,1,30,,43001,,,1,69,,42997,,,1,30,,43024,,,1,70,,43045,,,1,30,,43006,,,1,70,,43018,,,1,31,,43020,,,1,55,,43022,,,1,15,,42992,,,1,15,,43044,,,1,15,,42996,,,1,54,,43034,,,1,15,,43002,,,1,15,,43042,,,1,15,,43046,,,1,55,,43031,,,1,15,,43039,,,1,15,,43003,,,1,15,,43033,,,1,70,,42982,,,1,30,,43011,,,1,71,,43005,,,1,30,,42984,,,1,70,,43008,,,1,30,,43000,,,1,70,,42990,,,1,30,,42988,,,1,70,,43038,,,1,29,,43023,,,1,70,,42986,,,1,30,,43016,,,1,70,,43019,,,1,30,,43007,,,1
4000,'9',522,,43095,,,1,30,,43078,,,1,70,,43060,,,1,30,,43091,,,1,73,,43093,,,1,30,,43070,,,1,70,,43055,,,1,29,,43101,,,1,70,,43051,,,1,31,,43061,,,1,70,,43102,,,1,29,,43075,,,1,71,,43057,,,1,30,,43067,,,1,69,,43063,,,1,30,,43090,,,1,70,,43111,,,1,30,,43072,,,1,70,,43084,,,1,31,,43086,,,1,55,,43088,,,1,15,,43058,,,1,15,,43110,,,1,15,,43062,,,1,54,,43100,,,1,15,,43068,,,1,15,,43108,,,1,15,,43112,,,1,55,,43097,,,1,15,,43105,,,1,15,,43069,,,1,15,,43099,,,1,70,,43048,,,1,30,,43077,,,1,71,,43071,,,1,30,,43050,,,1,70,,43074,,,1,30,,43066,,,1,70,,43056,,,1,30,,43054,,,1,70,,43104,,,1,29,,43089,,,1,70,,43052,,,1,30,,43082,,,1,70,,43085,,,1,30,,43073,,,1
29401,'1',1612,,122018,,,1,30,,122017,,,1,70,,122019,,,1,30,,122020,,,1
29401,'10',1612,,122022,,,1,31,,122023,,,1,69,,122024,,,1,30,,122021,,,1
29401,'11',1612,,122026,,,1,30,,122025,,,1,70,,122027,,,1,30,,122028,,,1
29401,'12',1611,,122030,,,1,29,,122031,,,1,102,,122029,,,1
29401,'15',1612,,122033,,,1,31,,122034,,,1,69,,122035,,,1,30,,122032,,,1
29401,'16',1612,,122037,,,1,30,,122036,,,1,70,,122038,,,1,30,,122039,,,1
29401,'20',1612,,122041,,,1,30,,122040,,,1,70,,122042,,,1,30,,122043,,,1
29401,'3',1612,,122045,,,1,30,,122044,,,1,70,,122046,,,1,30,,122047,,,1
29401,'4',1612,,122049,,,1,30,,122048,,,1,70,,122050,,,1,30,,122051,,,1
29401,'5',1612,,122053,,,1,30,,122052,,,1,70,,122054,,,1,30,,122055,,,1
29401,'6',1612,,122057,,,1,30,,122056,,,1,70,,122058,,,1,30,,122059,,,1
29401,'7',1612,,122061,,,1,31,,122062,,,1,69,,122063,,,1,30,,122060,,,1
29401,'8',1612,,122065,,,1,31,,122066,,,1,69,,122067,,,1,30,,122064,,,1
29401,'9',1612,,122069,,,1,31,,122070,,,1,69,,122071,,,1,30,,122068,,,1
69700,'1',1532,,124582,0,91,1
69700,'11',1532,,124584,0,91,1
69700,'16',1532,,124586,0,91,1
69700,'20',1532,,124588,0,91,1
69700,'3',1532,,124590,0,91,1
69700,'4',1532,,124592,0,91,1
69700,'5',1532,,124594,0,91,1
69700,'6',1532,,124596,0,91,1
