22800,'10',556,,116139,29,,,1,72,,116137,29,,,1,78,,116138,29,,,1
22800,'11',556,,116142,29,,,1,72,,116140,29,,,1,78,,116141,29,,,1
22800,'12',556,,116145,29,,,1,72,,116143,29,,,1,78,,116144,29,,,1
22800,'13',556,,116147,29,,,1,72,,116148,29,,,1,76,,116146,29,,,1
22800,'15',556,,116151,29,,,1,72,,116149,29,,,1,78,,116150,29,,,1
22800,'16',556,,116154,29,,,1,72,,116152,29,,,1,78,,116153,29,,,1
22800,'17',556,,116156,29,,,1,72,,116157,29,,,1,76,,116155,29,,,1
22800,'18',556,,116158,29,,,1,150,,116159,29,,,1
22800,'19',556,,116161,29,,,1,72,,116162,29,,,1,76,,116160,29,,,1
22800,'3',556,,116165,29,,,1,72,,116163,29,,,1,78,,116164,29,,,1
22800,'4',556,,116168,29,,,1,72,,116166,29,,,1,78,,116167,29,,,1
22800,'5',556,,116170,29,,,1,72,,116171,29,,,1,76,,116169,29,,,1
22800,'6',556,,116174,29,,,1,72,,116172,29,,,1,78,,116173,29,,,1
22800,'7',556,,116176,29,,,1,72,,116177,29,,,1,76,,116175,29,,,1
30200,'16',918,,118121,24,,,1
30200,'5',918,,118122,24,,,1
