4300,'12',914,,240978,21,,,1,100,,240979,21,,,1,101,,240975,21,,,1,100,,240972,21,,,1,101,,176855,21,,,1,100,,205003,21,,,1,102,,240980,21,,,1,33,,27926,21,,,1,68,,240976,21,,,1,30,,202826,21,,,1,70,,160703,21,,,1,30,,240977,21,,,1,67,,240981,21,,,1,100,,240971,21,,,1,98,,153717,21,,,1,100,,240973,21,,,1,98,,240974,21,,,1,100,,136221,21,,,1
4300,'14',914,,240992,21,,,1,100,,240993,21,,,1,101,,240986,21,,,1,100,,240995,21,,,1,101,,169516,21,,,1,100,,240985,21,,,1,102,,240991,21,,,1,31,,240988,21,,,1,70,,240990,21,,,1,29,,240982,21,,,1,69,,240987,21,,,1,32,,240984,21,,,1,67,,152917,21,,,1,100,,240994,21,,,1,98,,240989,21,,,1,100,,202758,21,,,1,98,,240983,21,,,1,100,,150037,21,,,1
4300,'15',914,,241003,21,,,1,100,,241004,21,,,1,101,,241000,21,,,1,100,,240997,21,,,1,101,,177029,21,,,1,100,,205005,21,,,1,102,,241005,21,,,1,33,,28049,21,,,1,68,,241001,21,,,1,30,,202883,21,,,1,70,,160852,21,,,1,30,,241002,21,,,1,67,,241006,21,,,1,100,,240996,21,,,1,98,,153761,21,,,1,100,,240998,21,,,1,98,,240999,21,,,1,100,,136325,21,,,1
4300,'17',914,,241017,21,,,1,100,,241018,21,,,1,101,,241011,21,,,1,100,,241020,21,,,1,101,,75126,21,,,1,100,,241010,21,,,1,102,,241016,21,,,1,31,,241013,21,,,1,70,,241015,21,,,1,29,,241007,21,,,1,69,,241012,21,,,1,32,,241009,21,,,1,67,,152877,21,,,1,100,,241019,21,,,1,98,,241014,21,,,1,100,,202735,21,,,1,98,,241008,21,,,1,100,,114681,21,,,1
4300,'18',914,,241031,21,,,1,100,,241032,21,,,1,101,,241025,21,,,1,100,,241034,21,,,1,101,,169636,21,,,1,100,,241024,21,,,1,102,,241030,21,,,1,31,,241027,21,,,1,70,,241029,21,,,1,29,,241021,21,,,1,69,,241026,21,,,1,32,,241023,21,,,1,67,,40788,21,,,1,100,,241033,21,,,1,98,,241028,21,,,1,100,,202795,21,,,1,98,,241022,21,,,1,100,,150145,21,,,1
4300,'2',914,,241045,21,,,1,100,,241046,21,,,1,101,,241038,21,,,1,100,,241050,21,,,1,101,,241044,21,,,1,100,,241037,21,,,1,102,,241043,21,,,1,31,,169807,21,,,1,70,,241042,21,,,1,29,,241035,21,,,1,69,,241039,21,,,1,32,,241036,21,,,1,67,,241041,21,,,1,100,,241047,21,,,1,98,,241040,21,,,1,100,,241049,21,,,1,98,,71177,21,,,1,100,,241048,21,,,1
4300,'3',914,,241063,21,,,1,100,,241064,21,,,1,101,,241059,21,,,1,100,,241056,21,,,1,101,,241052,21,,,1,100,,241051,21,,,1,102,,241067,21,,,1,33,,241055,21,,,1,68,,241061,21,,,1,30,,241065,21,,,1,70,,241054,21,,,1,30,,241062,21,,,1,67,,241068,21,,,1,100,,241053,21,,,1,98,,241060,21,,,1,100,,241057,21,,,1,98,,241058,21,,,1,100,,241066,21,,,1
4300,'4',914,,241076,21,,,1,100,,241077,21,,,1,101,,241073,21,,,1,100,,241070,21,,,1,101,,177114,21,,,1,100,,205006,21,,,1,102,,241078,21,,,1,33,,28030,21,,,1,68,,241074,21,,,1,30,,202910,21,,,1,70,,160918,21,,,1,30,,241075,21,,,1,67,,241079,21,,,1,100,,241069,21,,,1,98,,153776,21,,,1,100,,241071,21,,,1,98,,241072,21,,,1,100,,136377,21,,,1
4300,'5',914,,241087,21,,,1,100,,241088,21,,,1,101,,241084,21,,,1,100,,241081,21,,,1,101,,176468,21,,,1,100,,205001,21,,,1,102,,241089,21,,,1,33,,27907,21,,,1,68,,241085,21,,,1,30,,202690,21,,,1,70,,160370,21,,,1,30,,241086,21,,,1,67,,241090,21,,,1,100,,241080,21,,,1,98,,153617,21,,,1,100,,241082,21,,,1,98,,241083,21,,,1,100,,135989,21,,,1
4300,'7',914,,241101,21,,,1,100,,241102,21,,,1,101,,241093,21,,,1,100,,241106,21,,,1,101,,241100,21,,,1,100,,45947,21,,,1,102,,241099,21,,,1,31,,241095,21,,,1,70,,241098,21,,,1,29,,241091,21,,,1,69,,241094,21,,,1,32,,171031,21,,,1,67,,241097,21,,,1,100,,241103,21,,,1,98,,241096,21,,,1,100,,241105,21,,,1,98,,241092,21,,,1,100,,241104,21,,,1
4300,'8',914,,241109,21,,,1,100,,241111,21,,,1,101,,241119,21,,,1,100,,241110,21,,,1,101,,241121,21,,,1,100,,241120,21,,,1,102,,241122,21,,,1,33,,241107,21,,,1,68,,241118,21,,,1,30,,241124,21,,,1,70,,241115,21,,,1,30,,241113,21,,,1,67,,241114,21,,,1,100,,241123,21,,,1,98,,241112,21,,,1,100,,241116,21,,,1,98,,241117,21,,,1,100,,241108,21,,,1
4300,'9',914,,241132,21,,,1,100,,241133,21,,,1,101,,241129,21,,,1,100,,241126,21,,,1,101,,176804,21,,,1,100,,205002,21,,,1,102,,241134,21,,,1,33,,27977,21,,,1,68,,241130,21,,,1,30,,202809,21,,,1,70,,160667,21,,,1,30,,241131,21,,,1,67,,241135,21,,,1,100,,241125,21,,,1,98,,153702,21,,,1,100,,241127,21,,,1,98,,241128,21,,,1,100,,136199,21,,,1
