5600,'1',616,,160981,24,,,1,27,,160999,24,,,1,77,,161005,24,,,1,36,,106041,24,,,1,72,,87180,24,,,1,31,,161007,24,,,1,94,,160991,24,,,1,70,,161011,24,,,1,487,,160998,24,,,1,33,,101210,24,,,1,57,,160996,24,,,1,15,,160986,24,,,1,9,,160997,24,,,1,14,,160982,24,,,1,16,,160995,24,,,1,54,,160989,24,,,1,30,,160984,24,,,1,21,,160994,24,,,1,98,,8612,24,,,1
5600,'10',616,,54978,24,,,1,27,,161012,24,,,1,77,,161026,24,,,1,36,,161022,24,,,1,71,,161028,24,,,1,32,,106164,24,,,1,70,,59852,24,,,1,24,,161047,24,,,1,70,,161043,24,,,1,430,,36467,24,,,1,57,,161018,24,,,1,31,,161046,24,,,1,59,,161048,24,,,1,15,,161042,24,,,1,9,,161034,24,,,1,13,,43111,24,,,1,18,,38166,24,,,1,53,,161032,24,,,1,30,,10239,24,,,1,21,,161021,24,,,1,68,,161031,24,,,1,30,,161041,24,,,1
5600,'11',734,,161049,24,,,1,100,,161062,24,,,1,101,,161059,24,,,1,101,,161055,24,,,1,100,,161063,24,,,1,100,,161064,24,,,1,100,,161070,24,,,1,100,,161054,24,,,1,101,,161056,24,,,1,100,,99656,24,,,1,99,,89272,24,,,1,100,,161057,24,,,1,98,,161066,24,,,1,100,,161058,24,,,1,100,,161052,24,,,1,84,,51438,24,,,1
5600,'12',616,,161107,24,,,1,27,,161114,24,,,1,77,,161075,24,,,1,36,,161093,24,,,1,72,,161090,24,,,1,31,,161116,24,,,1,70,,161097,24,,,1,24,,161113,24,,,1,70,,161079,24,,,1,430,,161092,24,,,1,59,,103251,24,,,1,33,,161109,24,,,1,55,,161094,24,,,1,14,,161083,24,,,1,11,,161076,24,,,1,11,,161101,24,,,1,17,,161111,24,,,1,55,,161096,24,,,1,30,,161074,24,,,1,62,,161104,24,,,1,27,,161095,24,,,1,30,,161084,24,,,1
5600,'13',734,,161118,24,,,1,100,,161135,24,,,1,101,,161133,24,,,1,101,,161125,24,,,1,100,,93020,24,,,1,100,,161136,24,,,1,100,,90680,24,,,1,100,,161124,24,,,1,101,,161127,24,,,1,100,,161129,24,,,1,99,,161126,24,,,1,100,,161130,24,,,1,98,,39369,24,,,1,100,,117447,24,,,1,100,,161121,24,,,1,84,,161132,24,,,1
5600,'14',616,,161167,24,,,1,27,,81962,24,,,1,77,,161144,24,,,1,36,,14618,24,,,1,72,,161154,24,,,1,31,,161176,24,,,1,70,,161158,24,,,1,24,,161174,24,,,1,70,,161146,24,,,1,430,,161156,24,,,1,59,,161153,24,,,1,33,,161169,24,,,1,55,,53224,24,,,1,14,,161149,24,,,1,11,,78849,24,,,1,11,,161162,24,,,1,17,,161172,24,,,1,55,,55898,24,,,1,30,,161143,24,,,1,62,,161164,24,,,1,27,,161157,24,,,1,30,,95333,24,,,1
5600,'15',616,,161204,24,,,1,27,,82165,24,,,1,77,,161181,24,,,1,36,,15058,24,,,1,72,,161191,24,,,1,31,,161213,24,,,1,70,,161195,24,,,1,24,,161211,24,,,1,70,,161183,24,,,1,430,,161193,24,,,1,59,,161190,24,,,1,33,,161206,24,,,1,55,,53329,24,,,1,14,,161186,24,,,1,11,,79199,24,,,1,11,,161199,24,,,1,17,,161209,24,,,1,55,,56175,24,,,1,30,,161180,24,,,1,62,,161201,24,,,1,27,,161194,24,,,1,30,,95536,24,,,1
5600,'16',616,,161248,24,,,1,27,,161256,24,,,1,77,,161218,24,,,1,36,,161235,24,,,1,72,,161232,24,,,1,31,,161258,24,,,1,70,,161239,24,,,1,24,,161254,24,,,1,70,,161222,24,,,1,430,,161234,24,,,1,59,,161231,24,,,1,33,,161250,24,,,1,55,,161236,24,,,1,14,,161225,24,,,1,11,,161219,24,,,1,11,,161242,24,,,1,17,,161253,24,,,1,55,,161238,24,,,1,30,,161217,24,,,1,62,,161245,24,,,1,27,,161237,24,,,1,30,,161226,24,,,1
5600,'17',616,,161264,24,,,1,27,,161282,24,,,1,77,,161288,24,,,1,36,,106143,24,,,1,72,,87412,24,,,1,31,,161290,24,,,1,94,,161274,24,,,1,70,,161294,24,,,1,487,,161281,24,,,1,33,,101332,24,,,1,57,,161279,24,,,1,15,,161269,24,,,1,9,,161280,24,,,1,14,,161265,24,,,1,16,,161278,24,,,1,54,,161272,24,,,1,30,,161267,24,,,1,21,,161277,24,,,1,98,,8783,24,,,1
5600,'2',616,,161298,24,,,1,27,,161316,24,,,1,77,,161322,24,,,1,36,,106061,24,,,1,72,,87232,24,,,1,31,,161324,24,,,1,94,,161308,24,,,1,70,,161328,24,,,1,487,,161315,24,,,1,33,,101238,24,,,1,57,,161313,24,,,1,15,,161303,24,,,1,9,,161314,24,,,1,14,,161299,24,,,1,16,,161312,24,,,1,54,,161306,24,,,1,30,,161301,24,,,1,21,,161311,24,,,1,98,,8647,24,,,1
5600,'3',616,,161354,24,,,1,27,,82094,24,,,1,77,,161331,24,,,1,36,,14904,24,,,1,72,,161341,24,,,1,31,,161363,24,,,1,70,,161345,24,,,1,24,,161361,24,,,1,70,,161333,24,,,1,430,,161343,24,,,1,59,,161340,24,,,1,33,,161356,24,,,1,55,,53291,24,,,1,14,,161336,24,,,1,11,,79068,24,,,1,11,,161349,24,,,1,17,,161359,24,,,1,55,,56077,24,,,1,30,,161330,24,,,1,62,,161351,24,,,1,27,,161344,24,,,1,30,,95467,24,,,1
5600,'4',722,,161372,24,,,1,100,,161392,24,,,1,101,,161390,24,,,1,101,,161366,24,,,1,100,,161386,24,,,1,100,,101549,24,,,1,100,,161375,24,,,1,100,,161373,24,,,1,101,,38679,24,,,1,100,,161391,24,,,1,100,,161387,24,,,1,99,,161371,24,,,1,98,,161367,24,,,1,100,,161368,24,,,1,100,,161374,24,,,1,99,,22093,24,,,1
5600,'5',616,,161395,24,,,1,27,,161418,24,,,1,77,,161427,24,,,1,36,,161402,24,,,1,72,,161404,24,,,1,31,,55449,24,,,1,94,,161407,24,,,1,70,,161435,24,,,1,487,,161417,24,,,1,33,,161430,24,,,1,57,,161414,24,,,1,15,,161401,24,,,1,9,,161415,24,,,1,14,,161396,24,,,1,16,,161413,24,,,1,54,,161405,24,,,1,30,,161399,24,,,1,21,,161411,24,,,1,98,,161428,24,,,1
5600,'6',616,,161439,24,,,1,27,,161457,24,,,1,77,,161463,24,,,1,36,,106261,24,,,1,72,,87692,24,,,1,31,,161465,24,,,1,94,,161449,24,,,1,70,,161469,24,,,1,487,,161456,24,,,1,33,,101490,24,,,1,57,,161454,24,,,1,15,,161444,24,,,1,9,,161455,24,,,1,14,,161440,24,,,1,16,,161453,24,,,1,54,,161447,24,,,1,30,,161442,24,,,1,21,,161452,24,,,1,98,,8981,24,,,1
5600,'7',722,,114608,24,,,1,100,,161496,24,,,1,101,,161494,24,,,1,101,,161470,24,,,1,100,,161490,24,,,1,100,,161492,24,,,1,100,,161478,24,,,1,100,,161476,24,,,1,101,,161477,24,,,1,100,,161495,24,,,1,100,,51935,24,,,1,99,,30346,24,,,1,98,,161471,24,,,1,100,,161473,24,,,1,100,,64319,24,,,1,99,,161488,24,,,1
5600,'8',616,,161500,24,,,1,27,,161518,24,,,1,77,,161524,24,,,1,36,,106241,24,,,1,72,,87640,24,,,1,31,,161526,24,,,1,94,,161510,24,,,1,70,,161530,24,,,1,487,,161517,24,,,1,33,,101462,24,,,1,57,,161515,24,,,1,15,,161505,24,,,1,9,,161516,24,,,1,14,,161501,24,,,1,16,,161514,24,,,1,54,,161508,24,,,1,30,,161503,24,,,1,21,,161513,24,,,1,98,,8946,24,,,1
5600,'9',734,,2820,24,,,1,100,,161549,24,,,1,101,,81361,24,,,1,101,,161538,24,,,1,100,,161550,24,,,1,100,,161551,24,,,1,100,,161559,24,,,1,100,,161537,24,,,1,101,,161540,24,,,1,100,,161542,24,,,1,99,,161539,24,,,1,100,,161543,24,,,1,98,,161553,24,,,1,100,,161545,24,,,1,100,,161534,24,,,1,84,,161546,24,,,1
