8600,'1',521,,88476,,,1,90,,88491,,,1,17,,88508,,,1,14,,88512,,,1,15,,88500,,,1,56,,88496,,,1,15,,88477,,,1,16,,88486,,,1,60,,88471,,,1,16,,88494,,,1,17,,88515,,,1,14,,88517,,,1,56,,88472,,,1,14,,88474,,,1,15,,88478,,,1,15,,88481,,,1,68,,88492,,,1,30,,88484,,,1,70,,88480,,,1,30,,88482,,,1,70,,88509,,,1,30,,88505,,,1,70,,88497,,,1,100,,88483,,,1,30,,88511,,,1,58,,88502,,,1,15,,88487,,,1,31,,88506,,,1,55,,88498,,,1,16,,88470,,,1,14,,88503,,,1,17,,88488,,,1,54,,88510,,,1,16,,88473,,,1,13,,88507,,,1,17,,88516,,,1,53,,88499,,,1,15,,88495,,,1,27,,88490,,,1,67,,88475,,,1,30,,88513,,,1,70,,88504,,,1,27,,88501,,,1,70,,88479,,,1,30,,88485,,,1,70,,88493,,,1,30,,88489,,,1,100,,88514,,,1
8600,'10',521,,88561,,,1,90,,88522,,,1,17,,88563,,,1,14,,88566,,,1,15,,88519,,,1,56,,88532,,,1,15,,88534,,,1,18,,88521,,,1,58,,88520,,,1,16,,88541,,,1,17,,88546,,,1,14,,88523,,,1,55,,88540,,,1,15,,88545,,,1,15,,88537,,,1,15,,88533,,,1,68,,88565,,,1,30,,88548,,,1,70,,88542,,,1,30,,88536,,,1,70,,88518,,,1,30,,88553,,,1,70,,88527,,,1,30,,88538,,,1,70,,88535,,,1,30,,88531,,,1,58,,88552,,,1,15,,88556,,,1,31,,88528,,,1,55,,88529,,,1,14,,88526,,,1,16,,88544,,,1,16,,88559,,,1,58,,88549,,,1,13,,88525,,,1,16,,88557,,,1,14,,88564,,,1,53,,88554,,,1,15,,88543,,,1,27,,88524,,,1,67,,88555,,,1,30,,88547,,,1,70,,88562,,,1,27,,88530,,,1,70,,88560,,,1,30,,88551,,,1,70,,88558,,,1,30,,88539,,,1,100,,88550,,,1
8600,'11',521,,88573,,,1,90,,88588,,,1,17,,88605,,,1,14,,88609,,,1,15,,88597,,,1,56,,88593,,,1,15,,88574,,,1,16,,88583,,,1,60,,88568,,,1,16,,88591,,,1,17,,88612,,,1,14,,88614,,,1,56,,88569,,,1,14,,88571,,,1,15,,88575,,,1,15,,88578,,,1,68,,88589,,,1,30,,88581,,,1,70,,88577,,,1,30,,88579,,,1,70,,88606,,,1,30,,88602,,,1,70,,88594,,,1,100,,88580,,,1,30,,88608,,,1,58,,88599,,,1,15,,88584,,,1,31,,88603,,,1,55,,88595,,,1,16,,88567,,,1,14,,88600,,,1,17,,88585,,,1,54,,88607,,,1,16,,88570,,,1,13,,88604,,,1,17,,88613,,,1,53,,88596,,,1,15,,88592,,,1,27,,88587,,,1,67,,88572,,,1,30,,88610,,,1,70,,88601,,,1,27,,88598,,,1,70,,88576,,,1,30,,88582,,,1,70,,88590,,,1,30,,88586,,,1,100,,88611,,,1
8600,'12',521,,88622,,,1,90,,88650,,,1,17,,88621,,,1,14,,88630,,,1,15,,88641,,,1,56,,88645,,,1,15,,88663,,,1,18,,88644,,,1,58,,88662,,,1,16,,88656,,,1,17,,88655,,,1,15,,88638,,,1,55,,88658,,,1,14,,88653,,,1,15,,88648,,,1,15,,88627,,,1,68,,88654,,,1,30,,88624,,,1,70,,88661,,,1,30,,88632,,,1,70,,88617,,,1,30,,88623,,,1,70,,88643,,,1,30,,88639,,,1,70,,88649,,,1,30,,88659,,,1,58,,88660,,,1,15,,88618,,,1,31,,88615,,,1,53,,88619,,,1,16,,88647,,,1,15,,88634,,,1,16,,88616,,,1,55,,88657,,,1,15,,88628,,,1,15,,88635,,,1,17,,88626,,,1,53,,88620,,,1,15,,88652,,,1,27,,88640,,,1,67,,88651,,,1,30,,88642,,,1,70,,88636,,,1,27,,88631,,,1,70,,88646,,,1,30,,88625,,,1,70,,88629,,,1,30,,88637,,,1,100,,88633,,,1
8600,'13',638,,88666,,,1,100,,88670,,,1,70,,88677,,,1,32,,88682,,,0,70,,88694,,,1,30,,88687,,,1,70,,88683,,,1,30,,88675,,,1,70,,88679,,,1,30,,88674,,,1,70,,88678,,,1,30,,88689,,,1,70,,88681,,,1,30,,88673,,,1,70,,88688,,,1,30,,88684,,,1,70,,88664,,,1,30,,88665,,,1,70,,88672,,,1,30,,88686,,,1,70,,88680,,,1,30,,88693,,,1,70,,88667,,,1,30,,88668,,,1,70,,88691,,,1,30,,88676,,,1,70,,88669,,,1,30,,88685,,,1,70,,88671,,,1,98,,88692,,,1,100,,88690,,,1
8600,'14',638,,88697,,,1,100,,88701,,,1,70,,88708,,,1,32,,88713,,,0,70,,88725,,,1,30,,88718,,,1,70,,88714,,,1,30,,88706,,,1,70,,88710,,,1,30,,88705,,,1,70,,88709,,,1,30,,88720,,,1,70,,88712,,,1,30,,88704,,,1,70,,88719,,,1,30,,88715,,,1,70,,88695,,,1,30,,88696,,,1,70,,88703,,,1,30,,88717,,,1,70,,88711,,,1,30,,88724,,,1,70,,88698,,,1,30,,88699,,,1,70,,88722,,,1,30,,88707,,,1,70,,88700,,,1,30,,88716,,,1,70,,88702,,,1,98,,88723,,,1,100,,88721,,,1
8600,'15',521,,88769,,,1,90,,88730,,,1,17,,88771,,,1,14,,88774,,,1,15,,88727,,,1,56,,88740,,,1,15,,88742,,,1,18,,88729,,,1,58,,88728,,,1,16,,88749,,,1,17,,88754,,,1,14,,88731,,,1,55,,88748,,,1,15,,88753,,,1,15,,88745,,,1,15,,88741,,,1,68,,88773,,,1,30,,88756,,,1,70,,88750,,,1,30,,88744,,,1,70,,88726,,,1,30,,88761,,,1,70,,88735,,,1,30,,88746,,,1,70,,88743,,,1,30,,88739,,,1,58,,88760,,,1,15,,88764,,,1,31,,88736,,,1,55,,88737,,,1,14,,88734,,,1,16,,88752,,,1,16,,88767,,,1,58,,88757,,,1,13,,88733,,,1,16,,88765,,,1,14,,88772,,,1,53,,88762,,,1,15,,88751,,,1,27,,88732,,,1,67,,88763,,,1,30,,88755,,,1,70,,88770,,,1,27,,88738,,,1,70,,88768,,,1,30,,88759,,,1,70,,88766,,,1,30,,88747,,,1,100,,88758,,,1
8600,'16',521,,88781,,,1,90,,88796,,,1,17,,88813,,,1,14,,88817,,,1,15,,88805,,,1,56,,88801,,,1,15,,88782,,,1,16,,88791,,,1,60,,88776,,,1,16,,88799,,,1,17,,88820,,,1,14,,88822,,,1,56,,88777,,,1,14,,88779,,,1,15,,88783,,,1,15,,88786,,,1,68,,88797,,,1,30,,88789,,,1,70,,88785,,,1,30,,88787,,,1,70,,88814,,,1,30,,88810,,,1,70,,88802,,,1,100,,88788,,,1,30,,88816,,,1,58,,88807,,,1,15,,88792,,,1,31,,88811,,,1,55,,88803,,,1,16,,88775,,,1,14,,88808,,,1,17,,88793,,,1,54,,88815,,,1,16,,88778,,,1,13,,88812,,,1,17,,88821,,,1,53,,88804,,,1,15,,88800,,,1,27,,88795,,,1,67,,88780,,,1,30,,88818,,,1,70,,88809,,,1,27,,88806,,,1,70,,88784,,,1,30,,88790,,,1,70,,88798,,,1,30,,88794,,,1,100,,88819,,,1
8600,'17',638,,88825,,,1,100,,88829,,,1,70,,88836,,,1,32,,88841,,,0,70,,88853,,,1,30,,88846,,,1,70,,88842,,,1,30,,88834,,,1,70,,88838,,,1,30,,88833,,,1,70,,88837,,,1,30,,88848,,,1,70,,88840,,,1,30,,88832,,,1,70,,88847,,,1,30,,88843,,,1,70,,88823,,,1,30,,88824,,,1,70,,88831,,,1,30,,88845,,,1,70,,88839,,,1,30,,88852,,,1,70,,88826,,,1,30,,88827,,,1,70,,88850,,,1,30,,88835,,,1,70,,88828,,,1,30,,88844,,,1,70,,88830,,,1,98,,88851,,,1,100,,88849,,,1
8600,'18',638,,88869,,,1,100,,88859,,,1,102,,88878,,,1,70,,88864,,,1,30,,88857,,,1,70,,88881,,,1,30,,88884,,,1,70,,88870,,,1,30,,88863,,,1,70,,88885,,,1,30,,88880,,,1,70,,88867,,,1,30,,88883,,,1,70,,88874,,,1,30,,88876,,,1,70,,88855,,,1,30,,88860,,,1,70,,88858,,,1,30,,88865,,,1,70,,88877,,,1,30,,88862,,,1,70,,88856,,,1,30,,88882,,,1,70,,88866,,,1,30,,88879,,,1,70,,88861,,,1,30,,88872,,,1,70,,88868,,,1,28,,88854,,,1,100,,88873,,,1,100,,88871,,,1,100,,88875,,,1
8600,'19',638,,88901,,,1,100,,88891,,,1,102,,88910,,,1,70,,88896,,,1,30,,88889,,,1,70,,88913,,,1,30,,88916,,,1,70,,88902,,,1,30,,88895,,,1,70,,88917,,,1,30,,88912,,,1,70,,88899,,,1,30,,88915,,,1,70,,88906,,,1,30,,88908,,,1,70,,88887,,,1,30,,88892,,,1,70,,88890,,,1,30,,88897,,,1,70,,88909,,,1,30,,88894,,,1,70,,88888,,,1,30,,88914,,,1,70,,88898,,,1,30,,88911,,,1,70,,88893,,,1,30,,88904,,,1,70,,88900,,,1,28,,88886,,,1,100,,88905,,,1,100,,88903,,,1,100,,88907,,,1
8600,'2',638,,88920,,,1,100,,88924,,,1,70,,88931,,,1,32,,88936,,,0,70,,88948,,,1,30,,88941,,,1,70,,88937,,,1,30,,88929,,,1,70,,88933,,,1,30,,88928,,,1,70,,88932,,,1,30,,88943,,,1,70,,88935,,,1,30,,88927,,,1,70,,88942,,,1,30,,88938,,,1,70,,88918,,,1,30,,88919,,,1,70,,88926,,,1,30,,88940,,,1,70,,88934,,,1,30,,88947,,,1,70,,88921,,,1,30,,88922,,,1,70,,88945,,,1,30,,88930,,,1,70,,88923,,,1,30,,88939,,,1,70,,88925,,,1,98,,88946,,,1,100,,88944,,,1
8600,'20',521,,88955,,,1,90,,88970,,,1,17,,88987,,,1,14,,88991,,,1,15,,88979,,,1,56,,88975,,,1,15,,88956,,,1,16,,88965,,,1,60,,88950,,,1,16,,88973,,,1,17,,88994,,,1,14,,88996,,,1,56,,88951,,,1,14,,88953,,,1,15,,88957,,,1,15,,88960,,,1,68,,88971,,,1,30,,88963,,,1,70,,88959,,,1,30,,88961,,,1,70,,88988,,,1,30,,88984,,,1,70,,88976,,,1,100,,88962,,,1,30,,88990,,,1,58,,88981,,,1,15,,88966,,,1,31,,88985,,,1,55,,88977,,,1,16,,88949,,,1,14,,88982,,,1,17,,88967,,,1,54,,88989,,,1,16,,88952,,,1,13,,88986,,,1,17,,88995,,,1,53,,88978,,,1,15,,88974,,,1,27,,88969,,,1,67,,88954,,,1,30,,88992,,,1,70,,88983,,,1,27,,88980,,,1,70,,88958,,,1,30,,88964,,,1,70,,88972,,,1,30,,88968,,,1,100,,88993,,,1
8600,'3',521,,89003,,,1,90,,89018,,,1,17,,89035,,,1,14,,89039,,,1,15,,89027,,,1,56,,89023,,,1,15,,89004,,,1,16,,89013,,,1,60,,88998,,,1,16,,89021,,,1,17,,89042,,,1,14,,89044,,,1,56,,88999,,,1,14,,89001,,,1,15,,89005,,,1,15,,89008,,,1,68,,89019,,,1,30,,89011,,,1,70,,89007,,,1,30,,89009,,,1,70,,89036,,,1,30,,89032,,,1,70,,89024,,,1,100,,89010,,,1,30,,89038,,,1,58,,89029,,,1,15,,89014,,,1,31,,89033,,,1,55,,89025,,,1,16,,88997,,,1,14,,89030,,,1,17,,89015,,,1,54,,89037,,,1,16,,89000,,,1,13,,89034,,,1,17,,89043,,,1,53,,89026,,,1,15,,89022,,,1,27,,89017,,,1,67,,89002,,,1,30,,89040,,,1,70,,89031,,,1,27,,89028,,,1,70,,89006,,,1,30,,89012,,,1,70,,89020,,,1,30,,89016,,,1,100,,89041,,,1
8600,'4',521,,89051,,,1,90,,89066,,,1,17,,89083,,,1,14,,89087,,,1,15,,89075,,,1,56,,89071,,,1,15,,89052,,,1,16,,89061,,,1,60,,89046,,,1,16,,89069,,,1,17,,89090,,,1,14,,89092,,,1,56,,89047,,,1,14,,89049,,,1,15,,89053,,,1,15,,89056,,,1,68,,89067,,,1,30,,89059,,,1,70,,89055,,,1,30,,89057,,,1,70,,89084,,,1,30,,89080,,,1,70,,89072,,,1,100,,89058,,,1,30,,89086,,,1,58,,89077,,,1,15,,89062,,,1,31,,89081,,,1,55,,89073,,,1,16,,89045,,,1,14,,89078,,,1,17,,89063,,,1,54,,89085,,,1,16,,89048,,,1,13,,89082,,,1,17,,89091,,,1,53,,89074,,,1,15,,89070,,,1,27,,89065,,,1,67,,89050,,,1,30,,89088,,,1,70,,89079,,,1,27,,89076,,,1,70,,89054,,,1,30,,89060,,,1,70,,89068,,,1,30,,89064,,,1,100,,89089,,,1
8600,'5',521,,89099,,,1,90,,89114,,,1,17,,89131,,,1,14,,89135,,,1,15,,89123,,,1,56,,89119,,,1,15,,89100,,,1,16,,89109,,,1,60,,89094,,,1,16,,89117,,,1,17,,89138,,,1,14,,89140,,,1,56,,89095,,,1,14,,89097,,,1,15,,89101,,,1,15,,89104,,,1,68,,89115,,,1,30,,89107,,,1,70,,89103,,,1,30,,89105,,,1,70,,89132,,,1,30,,89128,,,1,70,,89120,,,1,100,,89106,,,1,30,,89134,,,1,58,,89125,,,1,15,,89110,,,1,31,,89129,,,1,55,,89121,,,1,16,,89093,,,1,14,,89126,,,1,17,,89111,,,1,54,,89133,,,1,16,,89096,,,1,13,,89130,,,1,17,,89139,,,1,53,,89122,,,1,15,,89118,,,1,27,,89113,,,1,67,,89098,,,1,30,,89136,,,1,70,,89127,,,1,27,,89124,,,1,70,,89102,,,1,30,,89108,,,1,70,,89116,,,1,30,,89112,,,1,100,,89137,,,1
8600,'6',521,,89147,,,1,90,,89162,,,1,17,,89179,,,1,14,,89183,,,1,15,,89171,,,1,56,,89167,,,1,15,,89148,,,1,16,,89157,,,1,60,,89142,,,1,16,,89165,,,1,17,,89186,,,1,14,,89188,,,1,56,,89143,,,1,14,,89145,,,1,15,,89149,,,1,15,,89152,,,1,68,,89163,,,1,30,,89155,,,1,70,,89151,,,1,30,,89153,,,1,70,,89180,,,1,30,,89176,,,1,70,,89168,,,1,100,,89154,,,1,30,,89182,,,1,58,,89173,,,1,15,,89158,,,1,31,,89177,,,1,55,,89169,,,1,16,,89141,,,1,14,,89174,,,1,17,,89159,,,1,54,,89181,,,1,16,,89144,,,1,13,,89178,,,1,17,,89187,,,1,53,,89170,,,1,15,,89166,,,1,27,,89161,,,1,67,,89146,,,1,30,,89184,,,1,70,,89175,,,1,27,,89172,,,1,70,,89150,,,1,30,,89156,,,1,70,,89164,,,1,30,,89160,,,1,100,,89185,,,1
8600,'7',521,,89232,,,1,90,,89193,,,1,17,,89234,,,1,14,,89237,,,1,15,,89190,,,1,56,,89203,,,1,15,,89205,,,1,18,,89192,,,1,58,,89191,,,1,16,,89212,,,1,17,,89217,,,1,14,,89194,,,1,55,,89211,,,1,15,,89216,,,1,15,,89208,,,1,15,,89204,,,1,68,,89236,,,1,30,,89219,,,1,70,,89213,,,1,30,,89207,,,1,70,,89189,,,1,30,,89224,,,1,70,,89198,,,1,30,,89209,,,1,70,,89206,,,1,30,,89202,,,1,58,,89223,,,1,15,,89227,,,1,31,,89199,,,1,55,,89200,,,1,14,,89197,,,1,16,,89215,,,1,16,,89230,,,1,58,,89220,,,1,13,,89196,,,1,16,,89228,,,1,14,,89235,,,1,53,,89225,,,1,15,,89214,,,1,27,,89195,,,1,67,,89226,,,1,30,,89218,,,1,70,,89233,,,1,27,,89201,,,1,70,,89231,,,1,30,,89222,,,1,70,,89229,,,1,30,,89210,,,1,100,,89221,,,1
8600,'8',521,,89281,,,1,90,,89242,,,1,17,,89283,,,1,14,,89286,,,1,15,,89239,,,1,56,,89252,,,1,15,,89254,,,1,18,,89241,,,1,58,,89240,,,1,16,,89261,,,1,17,,89266,,,1,14,,89243,,,1,55,,89260,,,1,15,,89265,,,1,15,,89257,,,1,15,,89253,,,1,68,,89285,,,1,30,,89268,,,1,70,,89262,,,1,30,,89256,,,1,70,,89238,,,1,30,,89273,,,1,70,,89247,,,1,30,,89258,,,1,70,,89255,,,1,30,,89251,,,1,58,,89272,,,1,15,,89276,,,1,31,,89248,,,1,55,,89249,,,1,14,,89246,,,1,16,,89264,,,1,16,,89279,,,1,58,,89269,,,1,13,,89245,,,1,16,,89277,,,1,14,,89284,,,1,53,,89274,,,1,15,,89263,,,1,27,,89244,,,1,67,,89275,,,1,30,,89267,,,1,70,,89282,,,1,27,,89250,,,1,70,,89280,,,1,30,,89271,,,1,70,,89278,,,1,30,,89259,,,1,100,,89270,,,1
8600,'9',521,,89330,,,1,90,,89291,,,1,17,,89332,,,1,14,,89335,,,1,15,,89288,,,1,56,,89301,,,1,15,,89303,,,1,18,,89290,,,1,58,,89289,,,1,16,,89310,,,1,17,,89315,,,1,14,,89292,,,1,55,,89309,,,1,15,,89314,,,1,15,,89306,,,1,15,,89302,,,1,68,,89334,,,1,30,,89317,,,1,70,,89311,,,1,30,,89305,,,1,70,,89287,,,1,30,,89322,,,1,70,,89296,,,1,30,,89307,,,1,70,,89304,,,1,30,,89300,,,1,58,,89321,,,1,15,,89325,,,1,31,,89297,,,1,55,,89298,,,1,14,,89295,,,1,16,,89313,,,1,16,,89328,,,1,58,,89318,,,1,13,,89294,,,1,16,,89326,,,1,14,,89333,,,1,53,,89323,,,1,15,,89312,,,1,27,,89293,,,1,67,,89324,,,1,30,,89316,,,1,70,,89331,,,1,27,,89299,,,1,70,,89329,,,1,30,,89320,,,1,70,,89327,,,1,30,,89308,,,1,100,,89319,,,1
