901,'1',543,,302763,9,,,0,71,,302775,9,,,0,22,,302780,9,,,0,72,,302766,9,,,0,31,,302764,9,,,0,72,,273596,9,,,0,30,,302776,9,,,0,69,,302781,9,,,0,29,,302758,9,,,0,70,,302765,9,,,0,28,,236366,9,,,0,71,,302782,9,,,0,30,,302773,9,,,0,71,,250750,9,,,0,31,,302779,9,,,0,70,,302778,9,,,0,30,,302760,9,,,0,71,,302756,9,,,0,30,,217475,9,,,0,72,,302761,9,,,0,33,,302762,9,,,0,71,,226275,9,,,0,29,,302774,9,,,0,67,,302783,9,,,0,33,,302767,9,,,0,67,,302770,9,,,0,27,,302777,9,,,0,68,,302759,9,,,0,26,,302772,9,,,0,70,,293664,9,,,0,30,,191621,9,,,0,70,,302769,9,,,0,30,,302768,9,,,0,70,,302757,9,,,0,30,,302771,9,,,0,70,,248938,9,,,0
901,'10',654,,212686,9,,,0,70,,215071,9,,,0,100,,302794,9,,,0,30,,302799,9,,,0,70,,237349,9,,,0,30,,302795,9,,,0,70,,302789,9,,,0,30,,302803,9,,,0,70,,302786,9,,,0,30,,302793,9,,,0,70,,302797,9,,,0,30,,302806,9,,,0,70,,302792,9,,,0,30,,302805,9,,,0,70,,302784,9,,,0,30,,302802,9,,,0,70,,106304,9,,,0,30,,302787,9,,,0,70,,265569,9,,,0,30,,302791,9,,,0,70,,150319,9,,,0,30,,302785,9,,,0,70,,302800,9,,,0,30,,302798,9,,,0,70,,279566,9,,,0,30,,302796,9,,,0,70,,302788,9,,,0,30,,302790,9,,,0,100,,302801,9,,,0,100,,236392,9,,,0,100,,302804,9,,,0
901,'11',543,,302830,9,,,0,71,,133435,9,,,0,22,,302807,9,,,0,72,,302818,9,,,0,31,,258110,9,,,0,72,,302812,9,,,0,30,,302829,9,,,0,69,,302822,9,,,0,29,,253171,9,,,0,70,,302824,9,,,0,28,,302828,9,,,0,71,,302827,9,,,0,30,,232127,9,,,0,71,,85968,9,,,0,31,,302808,9,,,0,70,,302826,9,,,0,30,,302820,9,,,0,71,,302817,9,,,0,30,,302825,9,,,0,71,,302831,9,,,0,34,,302821,9,,,0,71,,302811,9,,,0,29,,302833,9,,,0,68,,302809,9,,,0,31,,302815,9,,,0,68,,302813,9,,,0,27,,302810,9,,,0,68,,254514,9,,,0,26,,302819,9,,,0,70,,175180,9,,,0,30,,302814,9,,,0,70,,302832,9,,,0,30,,240816,9,,,0,70,,286738,9,,,0,30,,302816,9,,,0,70,,302823,9,,,0
901,'12',749,,302845,9,,,0,110,,302849,9,,,0,70,,302836,9,,,0,30,,302841,9,,,0,70,,302837,9,,,0,30,,302834,9,,,0,70,,302843,9,,,0,30,,302840,9,,,0,70,,302851,9,,,0,30,,302859,9,,,0,70,,302835,9,,,0,30,,302839,9,,,0,70,,302847,9,,,0,30,,302850,9,,,0,70,,302858,9,,,0,30,,302857,9,,,0,70,,302844,9,,,0,30,,302855,9,,,0,70,,302838,9,,,0,30,,302842,9,,,0,70,,302856,9,,,0,30,,217070,9,,,0,70,,302848,9,,,0,30,,302846,9,,,0,70,,285588,9,,,0,30,,302854,9,,,0,100,,302852,9,,,0,100,,302853,9,,,0
901,'13',543,,302883,9,,,0,71,,133202,9,,,0,22,,302860,9,,,0,72,,302871,9,,,0,31,,258169,9,,,0,72,,302865,9,,,0,30,,302882,9,,,0,69,,302875,9,,,0,29,,253222,9,,,0,70,,302877,9,,,0,28,,302881,9,,,0,71,,302880,9,,,0,30,,232155,9,,,0,71,,85517,9,,,0,31,,302861,9,,,0,70,,302879,9,,,0,30,,302873,9,,,0,71,,302870,9,,,0,30,,302878,9,,,0,71,,302884,9,,,0,34,,302874,9,,,0,71,,302864,9,,,0,29,,302886,9,,,0,68,,302862,9,,,0,31,,302868,9,,,0,68,,302866,9,,,0,27,,302863,9,,,0,68,,254545,9,,,0,26,,302872,9,,,0,70,,174161,9,,,0,30,,302867,9,,,0,70,,302885,9,,,0,30,,240842,9,,,0,70,,286756,9,,,0,30,,302869,9,,,0,70,,302876,9,,,0
901,'14',543,,302910,9,,,0,71,,133320,9,,,0,22,,302887,9,,,0,72,,302898,9,,,0,31,,258406,9,,,0,72,,302892,9,,,0,30,,302909,9,,,0,69,,302902,9,,,0,29,,253423,9,,,0,70,,302904,9,,,0,28,,302908,9,,,0,71,,302907,9,,,0,30,,232270,9,,,0,71,,85742,9,,,0,31,,302888,9,,,0,70,,302906,9,,,0,30,,302900,9,,,0,71,,302897,9,,,0,30,,302905,9,,,0,71,,302911,9,,,0,34,,302901,9,,,0,71,,302891,9,,,0,29,,302913,9,,,0,68,,302889,9,,,0,31,,302895,9,,,0,68,,302893,9,,,0,27,,302890,9,,,0,68,,254671,9,,,0,26,,302899,9,,,0,70,,174698,9,,,0,30,,302894,9,,,0,70,,302912,9,,,0,30,,240945,9,,,0,70,,286826,9,,,0,30,,302896,9,,,0,70,,302903,9,,,0
901,'15',749,,210801,9,,,0,110,,236763,9,,,0,70,,302916,9,,,0,30,,302919,9,,,0,70,,302917,9,,,0,30,,302915,9,,,0,70,,302921,9,,,0,30,,302918,9,,,0,70,,302927,9,,,0,30,,302935,9,,,0,70,,225218,9,,,0,30,,215272,9,,,0,70,,302924,9,,,0,30,,302926,9,,,0,70,,216084,9,,,0,30,,302934,9,,,0,70,,302922,9,,,0,30,,302932,9,,,0,70,,263686,9,,,0,30,,302920,9,,,0,70,,302933,9,,,0,30,,302931,9,,,0,70,,302925,9,,,0,30,,302923,9,,,0,70,,302914,9,,,0,30,,302930,9,,,0,100,,302928,9,,,0,100,,302929,9,,,0
901,'16',654,,302939,9,,,0,70,,302954,9,,,0,100,,302947,9,,,0,30,,302956,9,,,0,70,,302948,9,,,0,30,,302951,9,,,0,70,,302943,9,,,0,30,,302961,9,,,0,70,,302940,9,,,0,30,,302946,9,,,0,70,,269675,9,,,0,30,,302964,9,,,0,70,,302945,9,,,0,30,,302963,9,,,0,70,,302936,9,,,0,30,,302959,9,,,0,70,,302950,9,,,0,30,,302941,9,,,0,70,,302949,9,,,0,30,,254704,9,,,0,70,,302960,9,,,0,30,,302937,9,,,0,70,,302957,9,,,0,30,,302955,9,,,0,70,,302953,9,,,0,30,,302952,9,,,0,70,,302942,9,,,0,30,,302944,9,,,0,100,,302958,9,,,0,100,,302938,9,,,0,100,,302962,9,,,0
901,'2',543,,302994,9,,,0,71,,302976,9,,,0,22,,302965,9,,,0,72,,302979,9,,,0,31,,302989,9,,,0,72,,302970,9,,,0,30,,302993,9,,,0,69,,111440,9,,,0,29,,302983,9,,,0,70,,302986,9,,,0,28,,302992,9,,,0,71,,302990,9,,,0,30,,302996,9,,,0,71,,302973,9,,,0,31,,302967,9,,,0,70,,302988,9,,,0,30,,302981,9,,,0,71,,302978,9,,,0,30,,302987,9,,,0,71,,302995,9,,,0,34,,302982,9,,,0,71,,302969,9,,,0,29,,212654,9,,,0,68,,241009,9,,,0,31,,302975,9,,,0,68,,302971,9,,,0,27,,302968,9,,,0,68,,302972,9,,,0,26,,302980,9,,,0,70,,302991,9,,,0,30,,302974,9,,,0,70,,204072,9,,,0,30,,302966,9,,,0,70,,302985,9,,,0,30,,302977,9,,,0,70,,302984,9,,,0
901,'3',543,,303021,9,,,0,71,,303006,9,,,0,22,,302997,9,,,0,72,,241367,9,,,0,31,,303017,9,,,0,72,,268830,9,,,0,30,,303020,9,,,0,69,,303011,9,,,0,29,,303012,9,,,0,70,,303014,9,,,0,28,,303019,9,,,0,71,,243865,9,,,0,30,,303023,9,,,0,71,,303003,9,,,0,31,,234638,9,,,0,70,,303016,9,,,0,30,,303009,9,,,0,71,,303008,9,,,0,30,,303015,9,,,0,71,,303022,9,,,0,34,,303010,9,,,0,71,,303000,9,,,0,29,,303025,9,,,0,68,,302999,9,,,0,31,,303005,9,,,0,68,,303001,9,,,0,27,,219665,9,,,0,68,,303002,9,,,0,26,,237751,9,,,0,70,,303018,9,,,0,30,,303004,9,,,0,70,,303024,9,,,0,30,,302998,9,,,0,70,,303013,9,,,0,30,,303007,9,,,0,70,,225935,9,,,0
901,'4',543,,303046,9,,,0,93,,303043,9,,,0,103,,303053,9,,,0,102,,303048,9,,,0,69,,303033,9,,,0,29,,303030,9,,,0,70,,303029,9,,,0,28,,303027,9,,,0,71,,303051,9,,,0,30,,303034,9,,,0,71,,303045,9,,,0,31,,303037,9,,,0,70,,303035,9,,,0,30,,303044,9,,,0,71,,270925,9,,,0,30,,303026,9,,,0,71,,303050,9,,,0,34,,295262,9,,,0,72,,303052,9,,,0,28,,303036,9,,,0,68,,303038,9,,,0,31,,303042,9,,,0,68,,303031,9,,,0,27,,303032,9,,,0,68,,303049,9,,,0,26,,303039,9,,,0,70,,209588,9,,,0,30,,303041,9,,,0,70,,303047,9,,,0,100,,303028,9,,,0,100,,303040,9,,,0
901,'5',543,,303078,9,,,0,71,,303063,9,,,0,22,,303054,9,,,0,72,,241468,9,,,0,31,,303074,9,,,0,72,,268965,9,,,0,30,,303077,9,,,0,69,,303068,9,,,0,29,,303069,9,,,0,70,,303071,9,,,0,28,,303076,9,,,0,71,,128575,9,,,0,30,,303080,9,,,0,71,,303060,9,,,0,31,,234835,9,,,0,70,,303073,9,,,0,30,,303066,9,,,0,71,,303065,9,,,0,30,,303072,9,,,0,71,,303079,9,,,0,34,,303067,9,,,0,71,,303057,9,,,0,29,,303082,9,,,0,68,,303056,9,,,0,31,,303062,9,,,0,68,,303058,9,,,0,27,,219778,9,,,0,68,,303059,9,,,0,26,,56928,9,,,0,70,,303075,9,,,0,30,,303061,9,,,0,70,,303081,9,,,0,30,,303055,9,,,0,70,,303070,9,,,0,30,,303064,9,,,0,70,,136700,9,,,0
901,'6',543,,303106,9,,,0,71,,133413,9,,,0,22,,303083,9,,,0,72,,303094,9,,,0,31,,257791,9,,,0,72,,303088,9,,,0,30,,303105,9,,,0,69,,303098,9,,,0,29,,252902,9,,,0,70,,303100,9,,,0,28,,303104,9,,,0,71,,303103,9,,,0,30,,231974,9,,,0,71,,86016,9,,,0,31,,303084,9,,,0,70,,303102,9,,,0,30,,303096,9,,,0,71,,303093,9,,,0,30,,303101,9,,,0,71,,303107,9,,,0,34,,303097,9,,,0,71,,303087,9,,,0,29,,303109,9,,,0,68,,303085,9,,,0,31,,303091,9,,,0,68,,303089,9,,,0,27,,303086,9,,,0,68,,254358,9,,,0,26,,303095,9,,,0,70,,175038,9,,,0,30,,303090,9,,,0,70,,303108,9,,,0,30,,240662,9,,,0,70,,286628,9,,,0,30,,303092,9,,,0,70,,303099,9,,,0
901,'7',543,,303139,9,,,0,71,,303121,9,,,0,22,,303110,9,,,0,72,,303124,9,,,0,31,,303134,9,,,0,72,,303115,9,,,0,30,,303138,9,,,0,69,,177394,9,,,0,29,,303128,9,,,0,70,,303131,9,,,0,28,,303137,9,,,0,71,,303135,9,,,0,30,,303141,9,,,0,71,,303118,9,,,0,31,,303112,9,,,0,70,,303133,9,,,0,30,,303126,9,,,0,71,,303123,9,,,0,30,,303132,9,,,0,71,,303140,9,,,0,34,,303127,9,,,0,71,,303114,9,,,0,29,,212566,9,,,0,68,,240984,9,,,0,31,,303120,9,,,0,68,,303116,9,,,0,27,,303113,9,,,0,68,,303117,9,,,0,26,,303125,9,,,0,70,,303136,9,,,0,30,,303119,9,,,0,70,,204073,9,,,0,30,,303111,9,,,0,70,,303130,9,,,0,30,,303122,9,,,0,70,,303129,9,,,0
901,'8',749,,303153,9,,,0,110,,303157,9,,,0,70,,303144,9,,,0,30,,303149,9,,,0,70,,303145,9,,,0,30,,303142,9,,,0,70,,303151,9,,,0,30,,303148,9,,,0,70,,303159,9,,,0,30,,303167,9,,,0,70,,303143,9,,,0,30,,303147,9,,,0,70,,303155,9,,,0,30,,303158,9,,,0,70,,303166,9,,,0,30,,303165,9,,,0,70,,303152,9,,,0,30,,303163,9,,,0,70,,303146,9,,,0,30,,303150,9,,,0,70,,303164,9,,,0,30,,131949,9,,,0,70,,303156,9,,,0,30,,303154,9,,,0,70,,285776,9,,,0,30,,303162,9,,,0,100,,303160,9,,,0,100,,303161,9,,,0
901,'9',543,,303191,9,,,0,71,,133342,9,,,0,22,,303168,9,,,0,72,,303179,9,,,0,31,,257646,9,,,0,72,,303173,9,,,0,30,,303190,9,,,0,69,,303183,9,,,0,29,,252773,9,,,0,70,,303185,9,,,0,28,,303189,9,,,0,71,,303188,9,,,0,30,,231895,9,,,0,71,,85565,9,,,0,31,,303169,9,,,0,70,,303187,9,,,0,30,,303181,9,,,0,71,,303178,9,,,0,30,,303186,9,,,0,71,,303192,9,,,0,34,,303182,9,,,0,71,,303172,9,,,0,29,,303194,9,,,0,68,,303170,9,,,0,31,,303176,9,,,0,68,,303174,9,,,0,27,,303171,9,,,0,68,,254276,9,,,0,26,,303180,9,,,0,70,,174765,9,,,0,30,,303175,9,,,0,70,,303193,9,,,0,30,,240588,9,,,0,70,,286574,9,,,0,30,,303177,9,,,0,70,,303184,9,,,0
