8100,'1',812,,266710,78,,,1,30,,266707,78,,,1,70,,266717,78,,,1,30,,266702,78,,,1,70,,266696,78,,,1,30,,266703,78,,,1,73,,266705,78,,,1,30,,266709,78,,,1,70,,266698,78,,,1,30,,266720,78,,,1,72,,266711,78,,,1,30,,196945,78,,,1,70,,266712,78,,,1,30,,266715,78,,,1,70,,266713,78,,,1,30,,266697,78,,,1,70,,148577,78,,,1,30,,266716,78,,,1,70,,266701,78,,,1,30,,266719,78,,,1,70,,266699,78,,,1,30,,266714,78,,,1,68,,266704,78,,,1,30,,266706,78,,,1,70,,266708,78,,,1,100,,266721,78,,,1,97,,266718,78,,,1,100,,182064,78,,,1,100,,266700,78,,,1
8100,'10',812,,266736,78,,,1,30,,266733,78,,,1,70,,266743,78,,,1,30,,266728,78,,,1,70,,266722,78,,,1,30,,266729,78,,,1,73,,266731,78,,,1,30,,125538,78,,,1,70,,266724,78,,,1,30,,266747,78,,,1,72,,266737,78,,,1,30,,266749,78,,,1,70,,266738,78,,,1,30,,266741,78,,,1,70,,266739,78,,,1,30,,266723,78,,,1,70,,266735,78,,,1,30,,266742,78,,,1,70,,266727,78,,,1,30,,266746,78,,,1,70,,266725,78,,,1,30,,266740,78,,,1,68,,266730,78,,,1,30,,266732,78,,,1,70,,266734,78,,,1,100,,266748,78,,,1,97,,266745,78,,,1,100,,266744,78,,,1,100,,266726,78,,,1
8100,'11',809,,266755,78,,,1,30,,266766,78,,,1,70,,266751,78,,,1,30,,266758,78,,,1,70,,266752,78,,,1,30,,266763,78,,,1,73,,266764,78,,,1,30,,194666,78,,,1,70,,266759,78,,,1,30,,266765,78,,,1,72,,266756,78,,,1,30,,172660,78,,,1,70,,266767,78,,,1,30,,130804,78,,,1,70,,266769,78,,,1,30,,266760,78,,,1,70,,266757,78,,,1,30,,266750,78,,,1,70,,266761,78,,,1,30,,266754,78,,,1,70,,266772,78,,,1,30,,266770,78,,,1,68,,266753,78,,,1,100,,266768,78,,,1,100,,171416,78,,,1,97,,266771,78,,,1,100,,266762,78,,,1
8100,'12',626,,197444,78,,,1,30,,266775,78,,,1,70,,266777,78,,,1,28,,149344,78,,,1,67,,166904,78,,,1,35,,266799,78,,,1,72,,266789,78,,,1,28,,82999,78,,,1,70,,266786,78,,,1,30,,266795,78,,,1,70,,266792,78,,,1,30,,266783,78,,,1,70,,152473,78,,,1,33,,266774,78,,,1,70,,266781,78,,,1,30,,266784,78,,,1,72,,266796,78,,,1,70,,266790,78,,,1,30,,266787,78,,,1,76,,266773,78,,,1,34,,266801,78,,,1,97,,266780,78,,,1,68,,178132,78,,,1,27,,266798,78,,,1,70,,266791,78,,,1,25,,266776,78,,,1,28,,266793,78,,,1,70,,266794,78,,,1,30,,266778,78,,,1,67,,266779,78,,,1,30,,266785,78,,,1,70,,266782,78,,,1,30,,266797,78,,,1,100,,266788,78,,,1,85,,266800,78,,,1
8100,'13',812,,266811,78,,,1,30,,131585,78,,,1,70,,266816,78,,,1,30,,161332,78,,,1,70,,266802,78,,,1,30,,266806,78,,,1,73,,200647,78,,,1,30,,266810,78,,,1,70,,266803,78,,,1,30,,266820,78,,,1,72,,266812,78,,,1,30,,266821,78,,,1,70,,266813,78,,,1,30,,266814,78,,,1,70,,176930,78,,,1,30,,178593,78,,,1,70,,266809,78,,,1,30,,266815,78,,,1,70,,158803,78,,,1,30,,266819,78,,,1,70,,266804,78,,,1,30,,118057,78,,,1,68,,31726,78,,,1,30,,266807,78,,,1,70,,266808,78,,,1,100,,177667,78,,,1,97,,266818,78,,,1,100,,266817,78,,,1,100,,266805,78,,,1
8100,'14',626,,266832,78,,,1,30,,266840,78,,,1,70,,266841,78,,,1,28,,266830,78,,,1,72,,266847,78,,,1,32,,266835,78,,,1,69,,266836,78,,,1,29,,266838,78,,,1,70,,266833,78,,,1,30,,149075,78,,,1,70,,266829,78,,,1,30,,266828,78,,,1,70,,185301,78,,,1,33,,45621,78,,,1,70,,266845,78,,,1,30,,266842,78,,,1,72,,266834,78,,,1,70,,178025,78,,,1,30,,266827,78,,,1,76,,266844,78,,,1,32,,152217,78,,,1,70,,266825,78,,,1,29,,266823,78,,,1,68,,266826,78,,,1,27,,266848,78,,,1,70,,266839,78,,,1,25,,266850,78,,,1,28,,266846,78,,,1,70,,266824,78,,,1,30,,266831,78,,,1,67,,266837,78,,,1,30,,189861,78,,,1,70,,266822,78,,,1,30,,153319,78,,,1,100,,266843,78,,,1,85,,266849,78,,,1
8100,'15',626,,197546,78,,,1,30,,266853,78,,,1,70,,266855,78,,,1,28,,149600,78,,,1,67,,167021,78,,,1,35,,266877,78,,,1,72,,266867,78,,,1,28,,83047,78,,,1,70,,266864,78,,,1,30,,266873,78,,,1,70,,266870,78,,,1,30,,266861,78,,,1,70,,152672,78,,,1,33,,266852,78,,,1,70,,266859,78,,,1,30,,266862,78,,,1,72,,266874,78,,,1,70,,266868,78,,,1,30,,266865,78,,,1,76,,266851,78,,,1,34,,266879,78,,,1,97,,266858,78,,,1,68,,178235,78,,,1,27,,266876,78,,,1,70,,266869,78,,,1,25,,266854,78,,,1,28,,266871,78,,,1,70,,266872,78,,,1,30,,266856,78,,,1,67,,266857,78,,,1,30,,266863,78,,,1,70,,266860,78,,,1,30,,266875,78,,,1,100,,266866,78,,,1,85,,266878,78,,,1
8100,'16',809,,266884,78,,,1,30,,266897,78,,,1,70,,266880,78,,,1,30,,266887,78,,,1,70,,266881,78,,,1,30,,266893,78,,,1,73,,266895,78,,,1,30,,266892,78,,,1,70,,38115,78,,,1,30,,266896,78,,,1,72,,266885,78,,,1,30,,266888,78,,,1,70,,266898,78,,,1,30,,266894,78,,,1,70,,266900,78,,,1,30,,266889,78,,,1,70,,266886,78,,,1,30,,157381,78,,,1,70,,266890,78,,,1,30,,266883,78,,,1,70,,266903,78,,,1,30,,266901,78,,,1,68,,266882,78,,,1,100,,266899,78,,,1,100,,266902,78,,,1,97,,176556,78,,,1,100,,266891,78,,,1
8100,'17',626,,266914,78,,,1,30,,266922,78,,,1,70,,266923,78,,,1,28,,266912,78,,,1,72,,266929,78,,,1,32,,266917,78,,,1,69,,266918,78,,,1,29,,266920,78,,,1,70,,266915,78,,,1,30,,148951,78,,,1,70,,266911,78,,,1,30,,266910,78,,,1,70,,185202,78,,,1,33,,150670,78,,,1,70,,266927,78,,,1,30,,266924,78,,,1,72,,266916,78,,,1,70,,177975,78,,,1,30,,266909,78,,,1,76,,266926,78,,,1,32,,87952,78,,,1,70,,266907,78,,,1,29,,266905,78,,,1,68,,266908,78,,,1,27,,266930,78,,,1,70,,266921,78,,,1,25,,266932,78,,,1,28,,266928,78,,,1,70,,266906,78,,,1,30,,266913,78,,,1,67,,266919,78,,,1,30,,73134,78,,,1,70,,266904,78,,,1,30,,153274,78,,,1,100,,266925,78,,,1,85,,266931,78,,,1
8100,'18',626,,266943,78,,,1,30,,266951,78,,,1,70,,266952,78,,,1,28,,266941,78,,,1,72,,266958,78,,,1,32,,266946,78,,,1,69,,266947,78,,,1,29,,266949,78,,,1,70,,266944,78,,,1,30,,149202,78,,,1,70,,266940,78,,,1,30,,266939,78,,,1,70,,105144,78,,,1,33,,150848,78,,,1,70,,266956,78,,,1,30,,266953,78,,,1,72,,266945,78,,,1,70,,103530,78,,,1,30,,266938,78,,,1,76,,266955,78,,,1,32,,152334,78,,,1,70,,266936,78,,,1,29,,266934,78,,,1,68,,266937,78,,,1,27,,266959,78,,,1,70,,266950,78,,,1,25,,266961,78,,,1,28,,266957,78,,,1,70,,266935,78,,,1,30,,266942,78,,,1,67,,266948,78,,,1,30,,189962,78,,,1,70,,266933,78,,,1,30,,307,78,,,1,100,,266954,78,,,1,85,,266960,78,,,1
8100,'2',626,,266975,78,,,1,30,,266982,78,,,1,70,,266983,78,,,1,28,,266971,78,,,1,72,,266988,78,,,1,32,,266978,78,,,1,69,,129313,78,,,1,29,,266980,78,,,1,70,,266976,78,,,1,30,,266981,78,,,1,70,,266970,78,,,1,30,,93623,78,,,1,70,,266963,78,,,1,33,,266973,78,,,1,70,,266987,78,,,1,30,,266985,78,,,1,72,,266977,78,,,1,70,,266968,78,,,1,30,,266969,78,,,1,76,,266986,78,,,1,32,,266964,78,,,1,70,,266966,78,,,1,29,,102994,78,,,1,68,,266967,78,,,1,27,,121478,78,,,1,70,,122166,78,,,1,25,,266990,78,,,1,28,,148393,78,,,1,70,,266965,78,,,1,30,,266972,78,,,1,67,,266979,78,,,1,30,,266974,78,,,1,70,,266962,78,,,1,30,,266984,78,,,1,100,,8409,78,,,1,85,,266989,78,,,1
8100,'3',626,,267010,78,,,1,30,,266991,78,,,1,70,,123760,78,,,1,28,,267012,78,,,1,67,,267006,78,,,1,35,,267016,78,,,1,72,,140540,78,,,1,28,,266999,78,,,1,70,,267003,78,,,1,30,,130532,78,,,1,70,,267009,78,,,1,30,,267000,78,,,1,70,,267005,78,,,1,33,,130500,78,,,1,70,,266997,78,,,1,30,,267001,78,,,1,72,,267013,78,,,1,70,,267008,78,,,1,30,,267004,78,,,1,76,,134409,78,,,1,34,,267018,78,,,1,97,,266996,78,,,1,68,,266993,78,,,1,27,,267015,78,,,1,70,,124762,78,,,1,25,,266992,78,,,1,28,,168614,78,,,1,70,,267011,78,,,1,30,,266994,78,,,1,67,,266995,78,,,1,30,,267002,78,,,1,70,,266998,78,,,1,30,,267014,78,,,1,100,,267007,78,,,1,85,,267017,78,,,1
8100,'4',626,,197589,78,,,1,30,,267021,78,,,1,70,,267023,78,,,1,28,,149727,78,,,1,67,,167080,78,,,1,35,,267045,78,,,1,72,,267035,78,,,1,28,,83041,78,,,1,70,,267032,78,,,1,30,,267041,78,,,1,70,,267038,78,,,1,30,,267029,78,,,1,70,,152762,78,,,1,33,,267020,78,,,1,70,,267027,78,,,1,30,,267030,78,,,1,72,,267042,78,,,1,70,,267036,78,,,1,30,,267033,78,,,1,76,,267019,78,,,1,34,,267047,78,,,1,97,,267026,78,,,1,68,,178290,78,,,1,27,,267044,78,,,1,70,,267037,78,,,1,25,,267022,78,,,1,28,,267039,78,,,1,70,,267040,78,,,1,30,,267024,78,,,1,67,,267025,78,,,1,30,,267031,78,,,1,70,,267028,78,,,1,30,,267043,78,,,1,100,,267034,78,,,1,85,,267046,78,,,1
8100,'5',626,,197233,78,,,1,30,,267050,78,,,1,70,,267052,78,,,1,28,,148793,78,,,1,67,,166643,78,,,1,35,,267074,78,,,1,72,,267064,78,,,1,28,,82993,78,,,1,70,,267061,78,,,1,30,,267070,78,,,1,70,,267067,78,,,1,30,,267058,78,,,1,70,,152051,78,,,1,33,,267049,78,,,1,70,,267056,78,,,1,30,,267059,78,,,1,72,,267071,78,,,1,70,,267065,78,,,1,30,,267062,78,,,1,76,,267048,78,,,1,34,,267076,78,,,1,97,,267055,78,,,1,68,,177899,78,,,1,27,,267073,78,,,1,70,,267066,78,,,1,25,,267051,78,,,1,28,,267068,78,,,1,70,,267069,78,,,1,30,,267053,78,,,1,67,,267054,78,,,1,30,,267060,78,,,1,70,,267057,78,,,1,30,,267072,78,,,1,100,,267063,78,,,1,85,,267075,78,,,1
8100,'6',809,,267079,78,,,1,30,,143121,78,,,1,70,,167660,78,,,1,30,,267081,78,,,1,70,,147220,78,,,1,30,,267087,78,,,1,73,,267089,78,,,1,30,,267086,78,,,1,70,,267083,78,,,1,30,,267090,78,,,1,72,,267080,78,,,1,30,,267082,78,,,1,70,,267091,78,,,1,30,,267088,78,,,1,70,,267093,78,,,1,30,,267084,78,,,1,70,,142273,78,,,1,30,,267077,78,,,1,70,,163259,78,,,1,30,,267078,78,,,1,70,,267097,78,,,1,30,,267094,78,,,1,68,,191328,78,,,1,100,,267092,78,,,1,100,,267095,78,,,1,97,,267096,78,,,1,100,,267085,78,,,1
8100,'7',626,,267112,78,,,1,30,,267121,78,,,1,70,,267122,78,,,1,28,,267108,78,,,1,72,,128213,78,,,1,32,,267115,78,,,1,69,,267116,78,,,1,29,,267118,78,,,1,70,,267113,78,,,1,30,,267120,78,,,1,70,,267107,78,,,1,30,,267106,78,,,1,70,,267099,78,,,1,33,,267110,78,,,1,70,,267127,78,,,1,30,,267124,78,,,1,72,,267114,78,,,1,70,,267104,78,,,1,30,,267105,78,,,1,76,,267126,78,,,1,32,,267100,78,,,1,70,,267102,78,,,1,29,,267101,78,,,1,68,,267103,78,,,1,27,,267129,78,,,1,70,,267119,78,,,1,25,,267131,78,,,1,28,,267128,78,,,1,70,,170212,78,,,1,30,,267109,78,,,1,67,,267117,78,,,1,30,,267111,78,,,1,70,,267098,78,,,1,30,,267123,78,,,1,100,,267125,78,,,1,85,,267130,78,,,1
8100,'8',626,,267167,78,,,1,30,,267143,78,,,1,70,,267147,78,,,1,29,,267164,78,,,1,69,,267150,78,,,1,34,,267152,78,,,1,70,,267135,78,,,1,28,,267139,78,,,1,70,,267163,78,,,1,30,,267153,78,,,1,70,,267160,78,,,1,30,,267159,78,,,1,70,,267157,78,,,1,33,,267161,78,,,1,70,,267166,78,,,1,30,,267148,78,,,1,72,,267136,78,,,1,70,,267165,78,,,1,30,,267140,78,,,1,76,,267151,78,,,1,32,,267145,78,,,1,70,,267133,78,,,1,29,,267149,78,,,1,68,,267155,78,,,1,27,,267134,78,,,1,70,,267144,78,,,1,25,,267162,78,,,1,28,,267154,78,,,1,70,,267141,78,,,1,30,,267132,78,,,1,67,,267137,78,,,1,30,,267156,78,,,1,70,,267158,78,,,1,30,,267142,78,,,1,100,,267146,78,,,1,85,,267138,78,,,1
8100,'9',626,,197414,78,,,1,30,,267170,78,,,1,70,,267172,78,,,1,28,,149286,78,,,1,67,,166871,78,,,1,35,,267194,78,,,1,72,,267184,78,,,1,28,,83017,78,,,1,70,,267181,78,,,1,30,,267190,78,,,1,70,,267187,78,,,1,30,,267178,78,,,1,70,,152420,78,,,1,33,,267169,78,,,1,70,,267176,78,,,1,30,,267179,78,,,1,72,,267191,78,,,1,70,,267185,78,,,1,30,,267182,78,,,1,76,,267168,78,,,1,34,,267196,78,,,1,97,,267175,78,,,1,68,,178102,78,,,1,27,,267193,78,,,1,70,,267186,78,,,1,25,,267171,78,,,1,28,,267188,78,,,1,70,,267189,78,,,1,30,,267173,78,,,1,67,,267174,78,,,1,30,,267180,78,,,1,70,,267177,78,,,1,30,,267192,78,,,1,100,,267183,78,,,1,85,,267195,78,,,1
