4301,'12',606,,241136,4,,,1,95,,241144,4,,,1,35,,241148,4,,,1,70,,241141,4,,,1,32,,241143,4,,,1,98,,155120,4,,,1,100,,241139,4,,,1,100,,241140,4,,,1,100,,241138,4,,,1,100,,241137,4,,,1,100,,241147,4,,,1,106,,241145,4,,,1,269,,241149,4,,,1,25,,68299,4,,,1,100,,173102,4,,,1,100,,241150,4,,,1,100,,241151,4,,,1,95,,241142,4,,,1,100,,241146,4,,,1
4301,'14',606,,241158,4,,,1,30,,241164,4,,,1,65,,241166,4,,,1,33,,154192,4,,,1,73,,175636,4,,,1,29,,241160,4,,,1,100,,153831,4,,,1,100,,164976,4,,,1,100,,241165,4,,,1,100,,241167,4,,,1,100,,241159,4,,,1,100,,241163,4,,,1,106,,241162,4,,,1,269,,241154,4,,,1,25,,241161,4,,,1,100,,241155,4,,,1,100,,241152,4,,,1,100,,241153,4,,,1,95,,241156,4,,,1,100,,241157,4,,,1
4301,'15',606,,241168,4,,,1,95,,241176,4,,,1,35,,241180,4,,,1,70,,241173,4,,,1,32,,241175,4,,,1,98,,155299,4,,,1,100,,241171,4,,,1,100,,241172,4,,,1,100,,241170,4,,,1,100,,241169,4,,,1,100,,241179,4,,,1,106,,241177,4,,,1,269,,241181,4,,,1,25,,68961,4,,,1,100,,173271,4,,,1,100,,241182,4,,,1,100,,241183,4,,,1,95,,241174,4,,,1,100,,241178,4,,,1
4301,'17',606,,241190,4,,,1,30,,241196,4,,,1,65,,241198,4,,,1,33,,154120,4,,,1,73,,49804,4,,,1,29,,241192,4,,,1,100,,98040,4,,,1,100,,164901,4,,,1,100,,241197,4,,,1,100,,241199,4,,,1,100,,241191,4,,,1,100,,241195,4,,,1,106,,241194,4,,,1,269,,241186,4,,,1,25,,241193,4,,,1,100,,241187,4,,,1,100,,241184,4,,,1,100,,241185,4,,,1,95,,241188,4,,,1,100,,241189,4,,,1
4301,'18',606,,241206,4,,,1,30,,241212,4,,,1,65,,241214,4,,,1,33,,23651,4,,,1,73,,175789,4,,,1,29,,241208,4,,,1,100,,153861,4,,,1,100,,165073,4,,,1,100,,241213,4,,,1,100,,241215,4,,,1,100,,241207,4,,,1,100,,241211,4,,,1,106,,241210,4,,,1,269,,241202,4,,,1,25,,241209,4,,,1,100,,241203,4,,,1,100,,241200,4,,,1,100,,241201,4,,,1,95,,241204,4,,,1,100,,241205,4,,,1
4301,'2',606,,241221,4,,,1,30,,241228,4,,,1,65,,241229,4,,,1,33,,241231,4,,,1,73,,241225,4,,,1,29,,241223,4,,,1,100,,241219,4,,,1,100,,241230,4,,,1,100,,169838,4,,,1,100,,241232,4,,,1,100,,241222,4,,,1,100,,241227,4,,,1,106,,241226,4,,,1,269,,176948,4,,,1,25,,241224,4,,,1,100,,241218,4,,,1,100,,241216,4,,,1,100,,241217,4,,,1,95,,241220,4,,,1,100,,145293,4,,,1
4301,'3',606,,105517,4,,,1,95,,241238,4,,,1,35,,241244,4,,,1,70,,152294,4,,,1,32,,241237,4,,,1,98,,241241,4,,,1,100,,135663,4,,,1,100,,241236,4,,,1,100,,241235,4,,,1,100,,241234,4,,,1,100,,241243,4,,,1,106,,241239,4,,,1,269,,241245,4,,,1,25,,241242,4,,,1,100,,241233,4,,,1,100,,241246,4,,,1,100,,241247,4,,,1,95,,174525,4,,,1,100,,241240,4,,,1
4301,'4',606,,241248,4,,,1,95,,241256,4,,,1,35,,241260,4,,,1,70,,241253,4,,,1,32,,241255,4,,,1,98,,155382,4,,,1,100,,241251,4,,,1,100,,241252,4,,,1,100,,241250,4,,,1,100,,241249,4,,,1,100,,241259,4,,,1,106,,241257,4,,,1,269,,241261,4,,,1,25,,68892,4,,,1,100,,173343,4,,,1,100,,241262,4,,,1,100,,241263,4,,,1,95,,241254,4,,,1,100,,241258,4,,,1
4301,'5',606,,241264,4,,,1,95,,241272,4,,,1,35,,241276,4,,,1,70,,241269,4,,,1,32,,241271,4,,,1,98,,154732,4,,,1,100,,241267,4,,,1,100,,241268,4,,,1,100,,241266,4,,,1,100,,241265,4,,,1,100,,241275,4,,,1,106,,241273,4,,,1,269,,241277,4,,,1,25,,68230,4,,,1,100,,172737,4,,,1,100,,241278,4,,,1,100,,241279,4,,,1,95,,241270,4,,,1,100,,241274,4,,,1
4301,'7',606,,124535,4,,,1,30,,241292,4,,,1,65,,241294,4,,,1,33,,241296,4,,,1,73,,241289,4,,,1,29,,241287,4,,,1,100,,241283,4,,,1,100,,241295,4,,,1,100,,241293,4,,,1,100,,191456,4,,,1,100,,241286,4,,,1,100,,241291,4,,,1,106,,241290,4,,,1,269,,241282,4,,,1,25,,241288,4,,,1,100,,181612,4,,,1,100,,241280,4,,,1,100,,241281,4,,,1,95,,241284,4,,,1,100,,241285,4,,,1
4301,'8',606,,241312,4,,,1,30,,241316,4,,,1,65,,241315,4,,,1,33,,241303,4,,,1,70,,241300,4,,,1,32,,241309,4,,,1,100,,241308,4,,,1,100,,241297,4,,,1,100,,241306,4,,,1,100,,241311,4,,,1,100,,241313,4,,,1,100,,241310,4,,,1,106,,241307,4,,,1,269,,241304,4,,,1,25,,241298,4,,,1,100,,241302,4,,,1,100,,241314,4,,,1,100,,241299,4,,,1,95,,241305,4,,,1,100,,241301,4,,,1
4301,'9',606,,241317,4,,,1,95,,241325,4,,,1,35,,241329,4,,,1,70,,241322,4,,,1,32,,241324,4,,,1,98,,155070,4,,,1,100,,241320,4,,,1,100,,241321,4,,,1,100,,241319,4,,,1,100,,241318,4,,,1,100,,241328,4,,,1,106,,241326,4,,,1,269,,241330,4,,,1,25,,68565,4,,,1,100,,173058,4,,,1,100,,241331,4,,,1,100,,241332,4,,,1,95,,241323,4,,,1,100,,241327,4,,,1
9800,'1',659,,278351,34,0,111,1,70,,278333,34,0,111,1,30,,278344,34,0,111,1,70,,278324,34,0,111,1,30,,278353,34,0,111,1,70,,278330,34,0,111,1,30,,278329,34,0,111,1,70,,278342,34,0,111,1,30,,197566,34,0,111,1,70,,278339,34,0,111,1,30,,278331,34,0,111,1,71,,278350,34,0,111,1,70,,278325,34,0,111,1,30,,278352,34,0,111,1,70,,128055,34,0,111,1,30,,278347,34,0,111,1,70,,278337,34,0,111,1,30,,278348,34,0,111,1,70,,278332,34,0,111,1,31,,278335,34,0,111,1,70,,278327,34,0,111,1,30,,278345,34,0,111,1,70,,278341,34,0,111,1,30,,278343,34,0,111,1,70,,278346,34,0,111,1,29,,278340,34,0,111,1,71,,278338,34,0,111,1,30,,278326,34,0,111,1,70,,278336,34,0,111,1,30,,124268,34,0,111,1,70,,278349,34,0,111,1,29,,128756,34,0,111,1,70,,278334,34,0,111,1,30,,278328,34,0,111,1,70,,147593,34,0,111,1,30,,183853,34,0,111,1
9800,'10',659,,278381,34,0,111,1,70,,278363,34,0,111,1,30,,278374,34,0,111,1,70,,278354,34,0,111,1,30,,278384,34,0,111,1,70,,278359,34,0,111,1,30,,278358,34,0,111,1,70,,278370,34,0,111,1,30,,278371,34,0,111,1,70,,278367,34,0,111,1,30,,278360,34,0,111,1,71,,278380,34,0,111,1,70,,278355,34,0,111,1,30,,278382,34,0,111,1,70,,278376,34,0,111,1,30,,278378,34,0,111,1,70,,278364,34,0,111,1,30,,178880,34,0,111,1,70,,278361,34,0,111,1,31,,134344,34,0,111,1,70,,140443,34,0,111,1,30,,278375,34,0,111,1,70,,278369,34,0,111,1,30,,278373,34,0,111,1,70,,278377,34,0,111,1,29,,278368,34,0,111,1,71,,278365,34,0,111,1,30,,278356,34,0,111,1,70,,161704,34,0,111,1,30,,278362,34,0,111,1,70,,278379,34,0,111,1,29,,278383,34,0,111,1,70,,142812,34,0,111,1,30,,278357,34,0,111,1,70,,278366,34,0,111,1,30,,278372,34,0,111,1
9800,'11',707,,278406,34,0,111,1,30,,278391,34,0,111,1,170,,278409,34,0,111,1,30,,278401,34,0,111,1,70,,278404,34,0,111,1,30,,278407,34,0,111,1,70,,278400,34,0,111,1,30,,177712,34,0,111,1,70,,278397,34,0,111,1,31,,79330,34,0,111,1,70,,278394,34,0,111,1,30,,278396,34,0,111,1,69,,278393,34,0,111,1,29,,278410,34,0,111,1,70,,278390,34,0,111,1,30,,278402,34,0,111,1,70,,278389,34,0,111,1,31,,278388,34,0,111,1,70,,278403,34,0,111,1,30,,55447,34,0,111,1,70,,278385,34,0,111,1,30,,278405,34,0,111,1,70,,278408,34,0,111,1,29,,278386,34,0,111,1,70,,170757,34,0,111,1,30,,278411,34,0,111,1,70,,278399,34,0,111,1,30,,158824,34,0,111,1,70,,278395,34,0,111,1,29,,278398,34,0,111,1,70,,278387,34,0,111,1,30,,278392,34,0,111,1
9800,'12',616,,278417,34,0,111,1,32,,127881,34,0,111,1,69,,278435,34,0,111,1,33,,278454,34,0,111,1,69,,70668,34,0,111,1,30,,278444,34,0,111,1,69,,278432,34,0,111,1,26,,278449,34,0,111,1,15,,170569,34,0,111,1,55,,278440,34,0,111,1,15,,278415,34,0,111,1,15,,278433,34,0,111,1,15,,278424,34,0,111,1,55,,278460,34,0,111,1,15,,144831,34,0,111,1,15,,278416,34,0,111,1,15,,61847,34,0,111,1,55,,278422,34,0,111,1,15,,278443,34,0,111,1,16,,56411,34,0,111,1,55,,202489,34,0,111,1,15,,278419,34,0,111,1,15,,177592,34,0,111,1,16,,278450,34,0,111,1,55,,278458,34,0,111,1,15,,90576,34,0,111,1,16,,278430,34,0,111,1,15,,278420,34,0,111,1,54,,278426,34,0,111,1,18,,278418,34,0,111,1,16,,278462,34,0,111,1,17,,185611,34,0,111,1,53,,205993,34,0,111,1,15,,278412,34,0,111,1,15,,173122,34,0,111,1,15,,173826,34,0,111,1,55,,278413,34,0,111,1,15,,278451,34,0,111,1,14,,278429,34,0,111,1,15,,122077,34,0,111,1,55,,278431,34,0,111,1,15,,166432,34,0,111,1,83,,278448,34,0,111,1,29,,278428,34,0,111,1,70,,278438,34,0,111,1,25,,278446,34,0,111,1,30,,278425,34,0,111,1,70,,153724,34,0,111,1,30,,136666,34,0,111,1,68,,278427,34,0,111,1,30,,278437,34,0,111,1,66,,278456,34,0,111,1,29,,278445,34,0,111,1,73,,278459,34,0,111,1
9800,'13',659,,199574,34,0,111,1,70,,160748,34,0,111,1,30,,278481,34,0,111,1,70,,164635,34,0,111,1,30,,278489,34,0,111,1,70,,179792,34,0,111,1,30,,278467,34,0,111,1,70,,278477,34,0,111,1,30,,278478,34,0,111,1,70,,125864,34,0,111,1,30,,278468,34,0,111,1,71,,278487,34,0,111,1,70,,278463,34,0,111,1,30,,166940,34,0,111,1,70,,278483,34,0,111,1,30,,202111,34,0,111,1,70,,278474,34,0,111,1,30,,278485,34,0,111,1,70,,278469,34,0,111,1,31,,278472,34,0,111,1,70,,278465,34,0,111,1,30,,278482,34,0,111,1,70,,125870,34,0,111,1,30,,278480,34,0,111,1,70,,278484,34,0,111,1,29,,278476,34,0,111,1,71,,62499,34,0,111,1,30,,278464,34,0,111,1,70,,278473,34,0,111,1,30,,278470,34,0,111,1,70,,278486,34,0,111,1,29,,278488,34,0,111,1,70,,278471,34,0,111,1,30,,278466,34,0,111,1,70,,278475,34,0,111,1,30,,278479,34,0,111,1
9800,'14',616,,56739,34,0,111,1,32,,278531,34,0,111,1,69,,278525,34,0,111,1,32,,278508,34,0,111,1,70,,278502,34,0,111,1,32,,278541,34,0,111,1,67,,278520,34,0,111,1,26,,278495,34,0,111,1,15,,278523,34,0,111,1,55,,278500,34,0,111,1,15,,278539,34,0,111,1,15,,278538,34,0,111,1,15,,278546,34,0,111,1,55,,195419,34,0,111,1,15,,278517,34,0,111,1,15,,278529,34,0,111,1,15,,278544,34,0,111,1,55,,278491,34,0,111,1,15,,278516,34,0,111,1,16,,278494,34,0,111,1,55,,278511,34,0,111,1,15,,278513,34,0,111,1,15,,278532,34,0,111,1,16,,143408,34,0,111,1,55,,194285,34,0,111,1,15,,278518,34,0,111,1,16,,278497,34,0,111,1,15,,278524,34,0,111,1,56,,278496,34,0,111,1,16,,278492,34,0,111,1,16,,278536,34,0,111,1,15,,96435,34,0,111,1,55,,144704,34,0,111,1,15,,278499,34,0,111,1,15,,195421,34,0,111,1,15,,204290,34,0,111,1,55,,278534,34,0,111,1,15,,278514,34,0,111,1,14,,278506,34,0,111,1,16,,278515,34,0,111,1,54,,278490,34,0,111,1,15,,278530,34,0,111,1,15,,133251,34,0,111,1,68,,278542,34,0,111,1,29,,278545,34,0,111,1,70,,278498,34,0,111,1,25,,278501,34,0,111,1,30,,278535,34,0,111,1,70,,278543,34,0,111,1,30,,278504,34,0,111,1,68,,278540,34,0,111,1,30,,278509,34,0,111,1,66,,71828,34,0,111,1,29,,278505,34,0,111,1,73,,278510,34,0,111,1
9800,'15',616,,278553,34,0,111,1,32,,127998,34,0,111,1,69,,278571,34,0,111,1,33,,278590,34,0,111,1,69,,71113,34,0,111,1,30,,278580,34,0,111,1,69,,278568,34,0,111,1,26,,278585,34,0,111,1,15,,170778,34,0,111,1,55,,278576,34,0,111,1,15,,278551,34,0,111,1,15,,278569,34,0,111,1,15,,278560,34,0,111,1,55,,278596,34,0,111,1,15,,144942,34,0,111,1,15,,278552,34,0,111,1,15,,62412,34,0,111,1,55,,278558,34,0,111,1,15,,278579,34,0,111,1,16,,56872,34,0,111,1,55,,202600,34,0,111,1,15,,278555,34,0,111,1,15,,177768,34,0,111,1,16,,278586,34,0,111,1,55,,278594,34,0,111,1,15,,91359,34,0,111,1,16,,278566,34,0,111,1,15,,278556,34,0,111,1,54,,278562,34,0,111,1,18,,278554,34,0,111,1,16,,278598,34,0,111,1,17,,185879,34,0,111,1,53,,205997,34,0,111,1,15,,278548,34,0,111,1,15,,173291,34,0,111,1,15,,174000,34,0,111,1,55,,278549,34,0,111,1,15,,278587,34,0,111,1,14,,278565,34,0,111,1,15,,122252,34,0,111,1,55,,278567,34,0,111,1,15,,166545,34,0,111,1,83,,278584,34,0,111,1,29,,278564,34,0,111,1,70,,278574,34,0,111,1,25,,278582,34,0,111,1,30,,278561,34,0,111,1,70,,153768,34,0,111,1,30,,136781,34,0,111,1,68,,278563,34,0,111,1,30,,278573,34,0,111,1,66,,278592,34,0,111,1,29,,278581,34,0,111,1,73,,278595,34,0,111,1
9800,'16',707,,278620,34,0,111,1,30,,278603,34,0,111,1,170,,278624,34,0,111,1,30,,278614,34,0,111,1,70,,278617,34,0,111,1,30,,278621,34,0,111,1,70,,278613,34,0,111,1,30,,278609,34,0,111,1,70,,278610,34,0,111,1,31,,278623,34,0,111,1,70,,278606,34,0,111,1,30,,278608,34,0,111,1,69,,278605,34,0,111,1,29,,278625,34,0,111,1,70,,278602,34,0,111,1,30,,278615,34,0,111,1,70,,152079,34,0,111,1,31,,64675,34,0,111,1,70,,278616,34,0,111,1,30,,278622,34,0,111,1,70,,278599,34,0,111,1,30,,278618,34,0,111,1,70,,172447,34,0,111,1,29,,173454,34,0,111,1,70,,278619,34,0,111,1,30,,278626,34,0,111,1,70,,278612,34,0,111,1,30,,278601,34,0,111,1,70,,278607,34,0,111,1,29,,278611,34,0,111,1,70,,278600,34,0,111,1,30,,278604,34,0,111,1
9800,'17',616,,193431,34,0,111,1,32,,278668,34,0,111,1,69,,278662,34,0,111,1,32,,278645,34,0,111,1,70,,278639,34,0,111,1,32,,278678,34,0,111,1,67,,278657,34,0,111,1,26,,278632,34,0,111,1,15,,278660,34,0,111,1,55,,278637,34,0,111,1,15,,278676,34,0,111,1,15,,278675,34,0,111,1,15,,278683,34,0,111,1,55,,195364,34,0,111,1,15,,278654,34,0,111,1,15,,278666,34,0,111,1,15,,278681,34,0,111,1,55,,278628,34,0,111,1,15,,278653,34,0,111,1,16,,278631,34,0,111,1,55,,278648,34,0,111,1,15,,278650,34,0,111,1,15,,278669,34,0,111,1,16,,96984,34,0,111,1,55,,194204,34,0,111,1,15,,278655,34,0,111,1,16,,278634,34,0,111,1,15,,278661,34,0,111,1,56,,278633,34,0,111,1,16,,278629,34,0,111,1,16,,278673,34,0,111,1,15,,151413,34,0,111,1,55,,144660,34,0,111,1,15,,278636,34,0,111,1,15,,195366,34,0,111,1,15,,204286,34,0,111,1,55,,278671,34,0,111,1,15,,278651,34,0,111,1,14,,278643,34,0,111,1,16,,278652,34,0,111,1,54,,278627,34,0,111,1,15,,278667,34,0,111,1,15,,58835,34,0,111,1,68,,278679,34,0,111,1,29,,278682,34,0,111,1,70,,278635,34,0,111,1,25,,278638,34,0,111,1,30,,278672,34,0,111,1,70,,278680,34,0,111,1,30,,278641,34,0,111,1,68,,278677,34,0,111,1,30,,278646,34,0,111,1,66,,170293,34,0,111,1,29,,278642,34,0,111,1,73,,278647,34,0,111,1
9800,'18',616,,193626,34,0,111,1,32,,278726,34,0,111,1,69,,278720,34,0,111,1,32,,278703,34,0,111,1,70,,278697,34,0,111,1,32,,278736,34,0,111,1,67,,278715,34,0,111,1,26,,278690,34,0,111,1,15,,278718,34,0,111,1,55,,278695,34,0,111,1,15,,278734,34,0,111,1,15,,278733,34,0,111,1,15,,278741,34,0,111,1,55,,195475,34,0,111,1,15,,278712,34,0,111,1,15,,278724,34,0,111,1,15,,278739,34,0,111,1,55,,278686,34,0,111,1,15,,278711,34,0,111,1,16,,278689,34,0,111,1,55,,278706,34,0,111,1,15,,278708,34,0,111,1,15,,278727,34,0,111,1,16,,143464,34,0,111,1,55,,14232,34,0,111,1,15,,278713,34,0,111,1,16,,278692,34,0,111,1,15,,278719,34,0,111,1,56,,278691,34,0,111,1,16,,278687,34,0,111,1,16,,278731,34,0,111,1,15,,151593,34,0,111,1,55,,103521,34,0,111,1,15,,278694,34,0,111,1,15,,44923,34,0,111,1,15,,204301,34,0,111,1,55,,278729,34,0,111,1,15,,278709,34,0,111,1,14,,278701,34,0,111,1,16,,278710,34,0,111,1,54,,278685,34,0,111,1,15,,278725,34,0,111,1,15,,133302,34,0,111,1,68,,278737,34,0,111,1,29,,278740,34,0,111,1,70,,278693,34,0,111,1,25,,278696,34,0,111,1,30,,278730,34,0,111,1,70,,278738,34,0,111,1,30,,278699,34,0,111,1,68,,278735,34,0,111,1,30,,278704,34,0,111,1,66,,170496,34,0,111,1,29,,278700,34,0,111,1,73,,278705,34,0,111,1
9800,'2',616,,278749,34,0,111,1,32,,278786,34,0,111,1,69,,278781,34,0,111,1,32,,173892,34,0,111,1,70,,278756,34,0,111,1,32,,278795,34,0,111,1,67,,278777,34,0,111,1,26,,58652,34,0,111,1,15,,278779,34,0,111,1,55,,278753,34,0,111,1,15,,149472,34,0,111,1,15,,278793,34,0,111,1,15,,278803,34,0,111,1,55,,278755,34,0,111,1,15,,278773,34,0,111,1,15,,278784,34,0,111,1,15,,278799,34,0,111,1,55,,278744,34,0,111,1,15,,278772,34,0,111,1,16,,278748,34,0,111,1,55,,148374,34,0,111,1,15,,278769,34,0,111,1,15,,278787,34,0,111,1,16,,278774,34,0,111,1,55,,278747,34,0,111,1,15,,167510,34,0,111,1,16,,278751,34,0,111,1,15,,278780,34,0,111,1,56,,278750,34,0,111,1,16,,190706,34,0,111,1,16,,278791,34,0,111,1,15,,278775,34,0,111,1,55,,278745,34,0,111,1,15,,278752,34,0,111,1,15,,278767,34,0,111,1,15,,278796,34,0,111,1,55,,278789,34,0,111,1,15,,278770,34,0,111,1,14,,278761,34,0,111,1,16,,278771,34,0,111,1,54,,278743,34,0,111,1,15,,278785,34,0,111,1,15,,278759,34,0,111,1,68,,278797,34,0,111,1,29,,278800,34,0,111,1,70,,144012,34,0,111,1,25,,278754,34,0,111,1,30,,278790,34,0,111,1,70,,278798,34,0,111,1,30,,278758,34,0,111,1,68,,278794,34,0,111,1,30,,278765,34,0,111,1,66,,278801,34,0,111,1,29,,278760,34,0,111,1,73,,278766,34,0,111,1
9800,'3',616,,278808,34,0,111,1,32,,278809,34,0,111,1,69,,278830,34,0,111,1,33,,113214,34,0,111,1,69,,278838,34,0,111,1,30,,278843,34,0,111,1,69,,278828,34,0,111,1,26,,278848,34,0,111,1,15,,278817,34,0,111,1,55,,278836,34,0,111,1,15,,127335,34,0,111,1,15,,182359,34,0,111,1,15,,278820,34,0,111,1,55,,278856,34,0,111,1,15,,278839,34,0,111,1,15,,278807,34,0,111,1,15,,278811,34,0,111,1,55,,278816,34,0,111,1,15,,278842,34,0,111,1,16,,278819,34,0,111,1,55,,278813,34,0,111,1,15,,278812,34,0,111,1,15,,278825,34,0,111,1,16,,278849,34,0,111,1,55,,278854,34,0,111,1,15,,278847,34,0,111,1,16,,278824,34,0,111,1,15,,278814,34,0,111,1,54,,174519,34,0,111,1,18,,278810,34,0,111,1,16,,121951,34,0,111,1,17,,278826,34,0,111,1,53,,278840,34,0,111,1,15,,149106,34,0,111,1,15,,278831,34,0,111,1,15,,278851,34,0,111,1,55,,278805,34,0,111,1,15,,155775,34,0,111,1,14,,278823,34,0,111,1,15,,278822,34,0,111,1,55,,278827,34,0,111,1,15,,278858,34,0,111,1,83,,278846,34,0,111,1,29,,152289,34,0,111,1,70,,278834,34,0,111,1,25,,278845,34,0,111,1,30,,159978,34,0,111,1,70,,278859,34,0,111,1,30,,278821,34,0,111,1,68,,136130,34,0,111,1,30,,278833,34,0,111,1,66,,278852,34,0,111,1,29,,278844,34,0,111,1,73,,278855,34,0,111,1
9800,'4',616,,278865,34,0,111,1,32,,128057,34,0,111,1,69,,278883,34,0,111,1,33,,278902,34,0,111,1,69,,71067,34,0,111,1,30,,278892,34,0,111,1,69,,278880,34,0,111,1,26,,278897,34,0,111,1,15,,170873,34,0,111,1,55,,278888,34,0,111,1,15,,278863,34,0,111,1,15,,278881,34,0,111,1,15,,278872,34,0,111,1,55,,278908,34,0,111,1,15,,144993,34,0,111,1,15,,278864,34,0,111,1,15,,62352,34,0,111,1,55,,278870,34,0,111,1,15,,278891,34,0,111,1,16,,56824,34,0,111,1,55,,202640,34,0,111,1,15,,278867,34,0,111,1,15,,177845,34,0,111,1,16,,278898,34,0,111,1,55,,278906,34,0,111,1,15,,91275,34,0,111,1,16,,278878,34,0,111,1,15,,278868,34,0,111,1,54,,278874,34,0,111,1,18,,278866,34,0,111,1,16,,278910,34,0,111,1,17,,186000,34,0,111,1,53,,205999,34,0,111,1,15,,278860,34,0,111,1,15,,173363,34,0,111,1,15,,174077,34,0,111,1,55,,278861,34,0,111,1,15,,278899,34,0,111,1,14,,278877,34,0,111,1,15,,122328,34,0,111,1,55,,278879,34,0,111,1,15,,166596,34,0,111,1,83,,278896,34,0,111,1,29,,278876,34,0,111,1,70,,278886,34,0,111,1,25,,278894,34,0,111,1,30,,278873,34,0,111,1,70,,153783,34,0,111,1,30,,136841,34,0,111,1,68,,278875,34,0,111,1,30,,278885,34,0,111,1,66,,278904,34,0,111,1,29,,278893,34,0,111,1,73,,278907,34,0,111,1
9800,'5',616,,278916,34,0,111,1,32,,127634,34,0,111,1,69,,278934,34,0,111,1,33,,278953,34,0,111,1,69,,70622,34,0,111,1,30,,278943,34,0,111,1,69,,278931,34,0,111,1,26,,278948,34,0,111,1,15,,170108,34,0,111,1,55,,278939,34,0,111,1,15,,278914,34,0,111,1,15,,278932,34,0,111,1,15,,278923,34,0,111,1,55,,278959,34,0,111,1,15,,144603,34,0,111,1,15,,278915,34,0,111,1,15,,61787,34,0,111,1,55,,278921,34,0,111,1,15,,278942,34,0,111,1,16,,56363,34,0,111,1,55,,202244,34,0,111,1,15,,278918,34,0,111,1,15,,177195,34,0,111,1,16,,278949,34,0,111,1,55,,278957,34,0,111,1,15,,90492,34,0,111,1,16,,278929,34,0,111,1,15,,278919,34,0,111,1,54,,278925,34,0,111,1,18,,278917,34,0,111,1,16,,278961,34,0,111,1,17,,185061,34,0,111,1,53,,205989,34,0,111,1,15,,278911,34,0,111,1,15,,172757,34,0,111,1,15,,173446,34,0,111,1,55,,278912,34,0,111,1,15,,278950,34,0,111,1,14,,278928,34,0,111,1,15,,121695,34,0,111,1,55,,278930,34,0,111,1,15,,166181,34,0,111,1,83,,278947,34,0,111,1,29,,278927,34,0,111,1,70,,278937,34,0,111,1,25,,278945,34,0,111,1,30,,278924,34,0,111,1,70,,153624,34,0,111,1,30,,136413,34,0,111,1,68,,278926,34,0,111,1,30,,278936,34,0,111,1,66,,278955,34,0,111,1,29,,278944,34,0,111,1,73,,278958,34,0,111,1
9800,'6',707,,278980,34,0,111,1,30,,278968,34,0,111,1,170,,278985,34,0,111,1,30,,278977,34,0,111,1,70,,278978,34,0,111,1,30,,278981,34,0,111,1,70,,278976,34,0,111,1,30,,278973,34,0,111,1,70,,278974,34,0,111,1,31,,278984,34,0,111,1,70,,189638,34,0,111,1,30,,278972,34,0,111,1,69,,278970,34,0,111,1,29,,278986,34,0,111,1,70,,189634,34,0,111,1,30,,98407,34,0,111,1,70,,278967,34,0,111,1,31,,278966,34,0,111,1,70,,132915,34,0,111,1,30,,278983,34,0,111,1,70,,278962,34,0,111,1,30,,167672,34,0,111,1,70,,278982,34,0,111,1,29,,278963,34,0,111,1,70,,278979,34,0,111,1,30,,164094,34,0,111,1,70,,188283,34,0,111,1,30,,278965,34,0,111,1,70,,278971,34,0,111,1,29,,278975,34,0,111,1,70,,278964,34,0,111,1,30,,278969,34,0,111,1
9800,'7',616,,278993,34,0,111,1,32,,279029,34,0,111,1,69,,279024,34,0,111,1,32,,279006,34,0,111,1,70,,279002,34,0,111,1,32,,279038,34,0,111,1,67,,185190,34,0,111,1,26,,278994,34,0,111,1,15,,279022,34,0,111,1,55,,278999,34,0,111,1,15,,279036,34,0,111,1,15,,279035,34,0,111,1,15,,279044,34,0,111,1,55,,279001,34,0,111,1,15,,279016,34,0,111,1,15,,279027,34,0,111,1,15,,152132,34,0,111,1,55,,151362,34,0,111,1,15,,279015,34,0,111,1,16,,278992,34,0,111,1,55,,279011,34,0,111,1,15,,279012,34,0,111,1,15,,150643,34,0,111,1,16,,279018,34,0,111,1,55,,278991,34,0,111,1,15,,279017,34,0,111,1,16,,278996,34,0,111,1,15,,279023,34,0,111,1,56,,278995,34,0,111,1,16,,278988,34,0,111,1,16,,279033,34,0,111,1,15,,279019,34,0,111,1,55,,278989,34,0,111,1,15,,278998,34,0,111,1,15,,279010,34,0,111,1,15,,279039,34,0,111,1,55,,279031,34,0,111,1,15,,279013,34,0,111,1,14,,279005,34,0,111,1,16,,279014,34,0,111,1,54,,278987,34,0,111,1,15,,279028,34,0,111,1,15,,279004,34,0,111,1,68,,279040,34,0,111,1,29,,279041,34,0,111,1,70,,278997,34,0,111,1,25,,279000,34,0,111,1,30,,279032,34,0,111,1,70,,158961,34,0,111,1,30,,193403,34,0,111,1,68,,279037,34,0,111,1,30,,198350,34,0,111,1,66,,279042,34,0,111,1,29,,39484,34,0,111,1,73,,279009,34,0,111,1
9800,'8',616,,279060,34,0,111,1,32,,279073,34,0,111,1,69,,279067,34,0,111,1,32,,279077,34,0,111,1,70,,279069,34,0,111,1,30,,279063,34,0,111,1,69,,279066,34,0,111,1,26,,279045,34,0,111,1,70,,279058,34,0,111,1,30,,279054,34,0,111,1,70,,279048,34,0,111,1,30,,279059,34,0,111,1,70,,279081,34,0,111,1,31,,279049,34,0,111,1,70,,279064,34,0,111,1,31,,279080,34,0,111,1,70,,279055,34,0,111,1,31,,279065,34,0,111,1,72,,279075,34,0,111,1,31,,279057,34,0,111,1,70,,279056,34,0,111,1,30,,279083,34,0,111,1,70,,279087,34,0,111,1,28,,279079,34,0,111,1,71,,279052,34,0,111,1,15,,279053,34,0,111,1,68,,279072,34,0,111,1,29,,279082,34,0,111,1,70,,279051,34,0,111,1,25,,279086,34,0,111,1,30,,279074,34,0,111,1,70,,279068,34,0,111,1,30,,279085,34,0,111,1,68,,279070,34,0,111,1,30,,279071,34,0,111,1,66,,279076,34,0,111,1,29,,279061,34,0,111,1,73,,279050,34,0,111,1
9800,'9',616,,279093,34,0,111,1,32,,127851,34,0,111,1,69,,279111,34,0,111,1,33,,279130,34,0,111,1,69,,70843,34,0,111,1,30,,279120,34,0,111,1,69,,279108,34,0,111,1,26,,279125,34,0,111,1,15,,170512,34,0,111,1,55,,279116,34,0,111,1,15,,279091,34,0,111,1,15,,279109,34,0,111,1,15,,279100,34,0,111,1,55,,279136,34,0,111,1,15,,144800,34,0,111,1,15,,279092,34,0,111,1,15,,62070,34,0,111,1,55,,279098,34,0,111,1,15,,279119,34,0,111,1,16,,56591,34,0,111,1,55,,202459,34,0,111,1,15,,279095,34,0,111,1,15,,177546,34,0,111,1,16,,279126,34,0,111,1,55,,279134,34,0,111,1,15,,90891,34,0,111,1,16,,279106,34,0,111,1,15,,279096,34,0,111,1,54,,279102,34,0,111,1,18,,279094,34,0,111,1,16,,279138,34,0,111,1,17,,185542,34,0,111,1,53,,205991,34,0,111,1,15,,279088,34,0,111,1,15,,173078,34,0,111,1,15,,173779,34,0,111,1,55,,279089,34,0,111,1,15,,279127,34,0,111,1,14,,279105,34,0,111,1,15,,122028,34,0,111,1,55,,279107,34,0,111,1,15,,166406,34,0,111,1,83,,279124,34,0,111,1,29,,279104,34,0,111,1,70,,279114,34,0,111,1,25,,279122,34,0,111,1,30,,279101,34,0,111,1,70,,153709,34,0,111,1,30,,136635,34,0,111,1,68,,279103,34,0,111,1,30,,279113,34,0,111,1,66,,279132,34,0,111,1,29,,279121,34,0,111,1,73,,279135,34,0,111,1
64400,'12',835,,295120,25,,,1,4,,156838,25,,,1
64400,'15',835,,295121,25,,,1,4,,157062,25,,,1
64400,'3',835,,195035,25,,,1,4,,295122,25,,,1
64400,'4',835,,295123,25,,,1,4,,157159,25,,,1
64400,'5',835,,295124,25,,,1,4,,156358,25,,,1
64400,'9',835,,295125,25,,,1,4,,156779,25,,,1
64900,'12',822,,295212,25,,,1
64900,'15',822,,295213,25,,,1
64900,'3',822,,295214,25,,,1
64900,'4',822,,295215,25,,,1
64900,'5',822,,295216,25,,,1
64900,'9',822,,295217,25,,,1
69801,'12',1551,,296154,35,0,112,1,52,,296157,35,0,112,1
69801,'15',1551,,296159,35,0,112,1,52,,296162,35,0,112,1
69801,'3',1551,,193577,35,0,112,1,52,,296166,35,0,112,1
69801,'4',1551,,296168,35,0,112,1,52,,296171,35,0,112,1
69801,'5',1551,,296173,35,0,112,1,52,,296176,35,0,112,1
69801,'9',1551,,296178,35,0,112,1,52,,296181,35,0,112,1
