66101,'1',1604,,205281,29,,,1
66101,'17',1604,,205282,29,,,1
66101,'2',1604,,205283,29,,,1
66101,'5',1604,,205284,29,,,1
66101,'6',1604,,205285,29,,,1
66101,'8',1604,,205286,29,,,1
66301,'1',1514,,205330,25,,,1,10,,205331,25,,,1,1,,205329,25,,,1
66301,'17',1514,,205335,25,,,1,10,,205336,25,,,1,1,,205334,25,,,1
66301,'2',1514,,205340,25,,,1,10,,205341,25,,,1,1,,205339,25,,,1
66301,'5',1514,,205345,25,,,1,10,,205346,25,,,1,1,,205344,25,,,1
66301,'6',1514,,205350,25,,,1,10,,205351,25,,,1,1,,205349,25,,,1
66301,'8',1514,,205355,25,,,1,10,,205356,25,,,1,1,,205354,25,,,1
