26501,'1',1608,,375414,21,,,0,32,,375413,21,,,0,70,,375418,21,,,0,30,,375415,21,,,0,70,,375417,21,,,0,30,,270111,21,,,0,68,,375416,21,,,0
26501,'11',1609,,375423,21,,,0,32,,375422,21,,,0,69,,375421,21,,,0,30,,375424,21,,,0,70,,375420,21,,,0,30,,375419,21,,,0,68,,187688,21,,,0
26501,'13',1609,,375429,21,,,0,32,,375428,21,,,0,69,,375427,21,,,0,30,,375430,21,,,0,70,,375426,21,,,0,30,,375425,21,,,0,68,,187504,21,,,0
26501,'14',1609,,375435,21,,,0,32,,375434,21,,,0,69,,375433,21,,,0,30,,375436,21,,,0,70,,375432,21,,,0,30,,375431,21,,,0,68,,187601,21,,,0
26501,'2',1609,,375439,21,,,0,32,,219958,21,,,0,69,,375438,21,,,0,30,,273553,21,,,0,70,,375437,21,,,0,30,,291957,21,,,0,68,,375440,21,,,0
26501,'3',1609,,224212,21,,,0,32,,375444,21,,,0,69,,375443,21,,,0,30,,375446,21,,,0,70,,375442,21,,,0,30,,375441,21,,,0,68,,375445,21,,,0
26501,'4',1608,,375448,21,,,0,103,,375449,21,,,0,101,,375450,21,,,0,96,,375447,21,,,0
26501,'5',1609,,184634,21,,,0,32,,375454,21,,,0,69,,375453,21,,,0,30,,375456,21,,,0,70,,375452,21,,,0,30,,375451,21,,,0,68,,375455,21,,,0
26501,'6',1609,,375461,21,,,0,32,,375460,21,,,0,69,,375459,21,,,0,30,,375462,21,,,0,70,,375458,21,,,0,30,,375457,21,,,0,68,,187671,21,,,0
26501,'7',1609,,375465,21,,,0,32,,219838,21,,,0,69,,375464,21,,,0,30,,273378,21,,,0,70,,375463,21,,,0,30,,291881,21,,,0,68,,375466,21,,,0
26501,'9',1609,,375471,21,,,0,32,,375470,21,,,0,69,,375469,21,,,0,30,,375472,21,,,0,70,,375468,21,,,0,30,,375467,21,,,0,68,,187618,21,,,0
66301,'11',1503,,377073,8,,,0,10,,377074,8,,,0,1,,377072,8,,,0
66301,'13',1503,,377078,8,,,0,10,,377079,8,,,0,1,,377077,8,,,0
66301,'14',1503,,377083,8,,,0,10,,377084,8,,,0,1,,377082,8,,,0
66301,'2',1503,,278239,8,,,0,10,,377087,8,,,0,1,,220707,8,,,0
66301,'3',1503,,377090,8,,,0,10,,377091,8,,,0,1,,377089,8,,,0
66301,'5',1503,,377094,8,,,0,10,,377095,8,,,0,1,,377093,8,,,0
66301,'6',1503,,377099,8,,,0,10,,377100,8,,,0,1,,377098,8,,,0
66301,'7',1503,,278233,8,,,0,10,,377103,8,,,0,1,,220589,8,,,0
66301,'9',1503,,377107,8,,,0,10,,377108,8,,,0,1,,377106,8,,,0
