901,'1',752,,9169,17,,,1,150,,9171,17,,,1,30,,9177,17,,,1,70,,9172,17,,,1,30,,9175,17,,,1,70,,9176,17,,,1,30,,9167,17,,,1,70,,9160,17,,,1,30,,9164,17,,,1,70,,9156,17,,,1,30,,9178,17,,,1,70,,9159,17,,,1,30,,9161,17,,,1,70,,9163,17,,,1,30,,9155,17,,,1,70,,9179,17,,,1,30,,9168,17,,,1,70,,9153,17,,,1,30,,9158,17,,,1,70,,9173,17,,,1,30,,9154,17,,,1,70,,9180,17,,,1,30,,9162,17,,,1,70,,9170,17,,,1,30,,9157,17,,,1,70,,9174,17,,,1,100,,9165,17,,,1,100,,9166,17,,,1
901,'10',547,,9208,17,,,1,71,,9188,17,,,1,22,,9183,17,,,1,73,,9192,17,,,1,31,,9198,17,,,1,71,,9214,17,,,1,30,,9202,17,,,1,69,,9199,17,,,1,29,,9197,17,,,1,70,,9203,17,,,1,28,,9201,17,,,1,71,,9200,17,,,1,30,,9181,17,,,1,71,,9189,17,,,1,30,,9186,17,,,1,70,,9196,17,,,1,31,,9193,17,,,1,71,,9191,17,,,1,30,,9204,17,,,1,72,,9216,17,,,1,34,,9195,17,,,1,71,,9212,17,,,1,28,,9182,17,,,1,68,,9187,17,,,1,31,,9210,17,,,1,68,,9209,17,,,1,27,,9190,17,,,1,68,,9185,17,,,1,26,,9194,17,,,1,70,,9207,17,,,1,30,,9213,17,,,1,70,,9215,17,,,1,30,,9184,17,,,1,70,,9206,17,,,1,29,,9211,17,,,1,70,,9205,17,,,1
901,'11',547,,9244,17,,,1,71,,9224,17,,,1,22,,9219,17,,,1,73,,9228,17,,,1,31,,9234,17,,,1,71,,9250,17,,,1,30,,9238,17,,,1,69,,9235,17,,,1,29,,9233,17,,,1,70,,9239,17,,,1,28,,9237,17,,,1,71,,9236,17,,,1,30,,9217,17,,,1,71,,9225,17,,,1,30,,9222,17,,,1,70,,9232,17,,,1,31,,9229,17,,,1,71,,9227,17,,,1,30,,9240,17,,,1,72,,9252,17,,,1,34,,9231,17,,,1,71,,9248,17,,,1,28,,9218,17,,,1,68,,9223,17,,,1,31,,9246,17,,,1,68,,9245,17,,,1,27,,9226,17,,,1,68,,9221,17,,,1,26,,9230,17,,,1,70,,9243,17,,,1,30,,9249,17,,,1,70,,9251,17,,,1,30,,9220,17,,,1,70,,9242,17,,,1,29,,9247,17,,,1,70,,9241,17,,,1
901,'12',547,,9280,17,,,1,71,,9260,17,,,1,22,,9255,17,,,1,73,,9264,17,,,1,31,,9270,17,,,1,71,,9286,17,,,1,30,,9274,17,,,1,69,,9271,17,,,1,29,,9269,17,,,1,70,,9275,17,,,1,28,,9273,17,,,1,71,,9272,17,,,1,30,,9253,17,,,1,71,,9261,17,,,1,30,,9258,17,,,1,70,,9268,17,,,1,31,,9265,17,,,1,71,,9263,17,,,1,30,,9276,17,,,1,72,,9288,17,,,1,34,,9267,17,,,1,71,,9284,17,,,1,28,,9254,17,,,1,68,,9259,17,,,1,31,,9282,17,,,1,68,,9281,17,,,1,27,,9262,17,,,1,68,,9257,17,,,1,26,,9266,17,,,1,70,,9279,17,,,1,30,,9285,17,,,1,70,,9287,17,,,1,30,,9256,17,,,1,70,,9278,17,,,1,29,,9283,17,,,1,70,,9277,17,,,1
901,'13',547,,9320,17,,,1,71,,9302,17,,,1,22,,9290,17,,,1,73,,9318,17,,,1,31,,9315,17,,,1,71,,9300,17,,,1,30,,9303,17,,,1,69,,9291,17,,,1,29,,9294,17,,,1,70,,9321,17,,,1,28,,9308,17,,,1,71,,9292,17,,,1,30,,9306,17,,,1,71,,9316,17,,,1,30,,9323,17,,,1,70,,9322,17,,,1,31,,9296,17,,,1,71,,9324,17,,,1,30,,9307,17,,,1,73,,9297,17,,,1,33,,9319,17,,,1,71,,9299,17,,,1,28,,9301,17,,,1,67,,9293,17,,,1,33,,9317,17,,,1,67,,9304,17,,,1,27,,9314,17,,,1,68,,9295,17,,,1,26,,9310,17,,,1,70,,9312,17,,,1,30,,9298,17,,,1,70,,9311,17,,,1,30,,9309,17,,,1,70,,9289,17,,,1,29,,9305,17,,,1,70,,9313,17,,,1
901,'14',657,,9330,17,,,1,70,,9350,17,,,1,100,,9336,17,,,1,30,,9342,17,,,1,70,,9335,17,,,1,30,,9347,17,,,1,70,,9353,17,,,1,30,,9338,17,,,1,70,,9326,17,,,1,30,,9333,17,,,1,70,,9340,17,,,1,30,,9325,17,,,1,70,,9331,17,,,1,30,,9351,17,,,1,70,,9327,17,,,1,30,,9345,17,,,1,70,,9337,17,,,1,30,,9352,17,,,1,70,,9334,17,,,1,30,,9332,17,,,1,70,,9346,17,,,1,30,,9328,17,,,1,70,,9343,17,,,1,30,,9341,17,,,1,70,,9349,17,,,1,30,,9348,17,,,1,70,,9355,17,,,1,30,,9354,17,,,1,100,,9344,17,,,1,100,,9329,17,,,1,100,,9339,17,,,1
901,'15',547,,9383,17,,,1,71,,9363,17,,,1,22,,9358,17,,,1,73,,9367,17,,,1,31,,9373,17,,,1,71,,9389,17,,,1,30,,9377,17,,,1,69,,9374,17,,,1,29,,9372,17,,,1,70,,9378,17,,,1,28,,9376,17,,,1,71,,9375,17,,,1,30,,9356,17,,,1,71,,9364,17,,,1,30,,9361,17,,,1,70,,9371,17,,,1,31,,9368,17,,,1,71,,9366,17,,,1,30,,9379,17,,,1,72,,9391,17,,,1,34,,9370,17,,,1,71,,9387,17,,,1,28,,9357,17,,,1,68,,9362,17,,,1,31,,9385,17,,,1,68,,9384,17,,,1,27,,9365,17,,,1,68,,9360,17,,,1,26,,9369,17,,,1,70,,9382,17,,,1,30,,9388,17,,,1,70,,9390,17,,,1,30,,9359,17,,,1,70,,9381,17,,,1,29,,9386,17,,,1,70,,9380,17,,,1
901,'16',547,,9419,17,,,1,71,,9399,17,,,1,22,,9394,17,,,1,73,,9403,17,,,1,31,,9409,17,,,1,71,,9425,17,,,1,30,,9413,17,,,1,69,,9410,17,,,1,29,,9408,17,,,1,70,,9414,17,,,1,28,,9412,17,,,1,71,,9411,17,,,1,30,,9392,17,,,1,71,,9400,17,,,1,30,,9397,17,,,1,70,,9407,17,,,1,31,,9404,17,,,1,71,,9402,17,,,1,30,,9415,17,,,1,72,,9427,17,,,1,34,,9406,17,,,1,71,,9423,17,,,1,28,,9393,17,,,1,68,,9398,17,,,1,31,,9421,17,,,1,68,,9420,17,,,1,27,,9401,17,,,1,68,,9396,17,,,1,26,,9405,17,,,1,70,,9418,17,,,1,30,,9424,17,,,1,70,,9426,17,,,1,30,,9395,17,,,1,70,,9417,17,,,1,29,,9422,17,,,1,70,,9416,17,,,1
901,'17',547,,9459,17,,,1,71,,9441,17,,,1,22,,9429,17,,,1,73,,9457,17,,,1,31,,9454,17,,,1,71,,9439,17,,,1,30,,9442,17,,,1,69,,9430,17,,,1,29,,9433,17,,,1,70,,9460,17,,,1,28,,9447,17,,,1,71,,9431,17,,,1,30,,9445,17,,,1,71,,9455,17,,,1,30,,9462,17,,,1,70,,9461,17,,,1,31,,9435,17,,,1,71,,9463,17,,,1,30,,9446,17,,,1,73,,9436,17,,,1,33,,9458,17,,,1,71,,9438,17,,,1,28,,9440,17,,,1,67,,9432,17,,,1,33,,9456,17,,,1,67,,9443,17,,,1,27,,9453,17,,,1,68,,9434,17,,,1,26,,9449,17,,,1,70,,9451,17,,,1,30,,9437,17,,,1,70,,9450,17,,,1,30,,9448,17,,,1,70,,9428,17,,,1,29,,9444,17,,,1,70,,9452,17,,,1
901,'18',547,,9481,17,,,1,93,,9477,17,,,1,104,,9466,17,,,1,101,,9483,17,,,1,69,,9474,17,,,1,29,,9493,17,,,1,70,,9494,17,,,1,28,,9468,17,,,1,71,,9464,17,,,1,30,,9475,17,,,1,71,,9480,17,,,1,30,,9487,17,,,1,70,,9486,17,,,1,31,,9478,17,,,1,71,,9473,17,,,1,30,,9467,17,,,1,72,,9492,17,,,1,34,,9479,17,,,1,72,,9465,17,,,1,27,,9476,17,,,1,68,,9488,17,,,1,31,,9485,17,,,1,68,,9471,17,,,1,27,,9472,17,,,1,68,,9491,17,,,1,26,,9489,17,,,1,70,,9470,17,,,1,30,,9484,17,,,1,70,,9482,17,,,1,100,,9469,17,,,1,99,,9490,17,,,1
901,'19',547,,9526,17,,,1,71,,9508,17,,,1,22,,9496,17,,,1,73,,9524,17,,,1,31,,9521,17,,,1,71,,9506,17,,,1,30,,9509,17,,,1,69,,9497,17,,,1,29,,9500,17,,,1,70,,9527,17,,,1,28,,9514,17,,,1,71,,9498,17,,,1,30,,9512,17,,,1,71,,9522,17,,,1,30,,9529,17,,,1,70,,9528,17,,,1,31,,9502,17,,,1,71,,9530,17,,,1,30,,9513,17,,,1,73,,9503,17,,,1,33,,9525,17,,,1,71,,9505,17,,,1,28,,9507,17,,,1,67,,9499,17,,,1,33,,9523,17,,,1,67,,9510,17,,,1,27,,9520,17,,,1,68,,9501,17,,,1,26,,9516,17,,,1,70,,9518,17,,,1,30,,9504,17,,,1,70,,9517,17,,,1,30,,9515,17,,,1,70,,9495,17,,,1,29,,9511,17,,,1,70,,9519,17,,,1
901,'2',752,,9547,17,,,1,150,,9549,17,,,1,30,,9555,17,,,1,70,,9550,17,,,1,30,,9553,17,,,1,70,,9554,17,,,1,30,,9545,17,,,1,70,,9538,17,,,1,30,,9542,17,,,1,70,,9534,17,,,1,30,,9556,17,,,1,70,,9537,17,,,1,30,,9539,17,,,1,70,,9541,17,,,1,30,,9533,17,,,1,70,,9557,17,,,1,30,,9546,17,,,1,70,,9531,17,,,1,30,,9536,17,,,1,70,,9551,17,,,1,30,,9532,17,,,1,70,,9558,17,,,1,30,,9540,17,,,1,70,,9548,17,,,1,30,,9535,17,,,1,70,,9552,17,,,1,100,,9543,17,,,1,100,,9544,17,,,1
901,'3',547,,9586,17,,,1,71,,9566,17,,,1,22,,9561,17,,,1,73,,9570,17,,,1,31,,9576,17,,,1,71,,9592,17,,,1,30,,9580,17,,,1,69,,9577,17,,,1,29,,9575,17,,,1,70,,9581,17,,,1,28,,9579,17,,,1,71,,9578,17,,,1,30,,9559,17,,,1,71,,9567,17,,,1,30,,9564,17,,,1,70,,9574,17,,,1,31,,9571,17,,,1,71,,9569,17,,,1,30,,9582,17,,,1,72,,9594,17,,,1,34,,9573,17,,,1,71,,9590,17,,,1,28,,9560,17,,,1,68,,9565,17,,,1,31,,9588,17,,,1,68,,9587,17,,,1,27,,9568,17,,,1,68,,9563,17,,,1,26,,9572,17,,,1,70,,9585,17,,,1,30,,9591,17,,,1,70,,9593,17,,,1,30,,9562,17,,,1,70,,9584,17,,,1,29,,9589,17,,,1,70,,9583,17,,,1
901,'4',547,,9622,17,,,1,71,,9602,17,,,1,22,,9597,17,,,1,73,,9606,17,,,1,31,,9612,17,,,1,71,,9628,17,,,1,30,,9616,17,,,1,69,,9613,17,,,1,29,,9611,17,,,1,70,,9617,17,,,1,28,,9615,17,,,1,71,,9614,17,,,1,30,,9595,17,,,1,71,,9603,17,,,1,30,,9600,17,,,1,70,,9610,17,,,1,31,,9607,17,,,1,71,,9605,17,,,1,30,,9618,17,,,1,72,,9630,17,,,1,34,,9609,17,,,1,71,,9626,17,,,1,28,,9596,17,,,1,68,,9601,17,,,1,31,,9624,17,,,1,68,,9623,17,,,1,27,,9604,17,,,1,68,,9599,17,,,1,26,,9608,17,,,1,70,,9621,17,,,1,30,,9627,17,,,1,70,,9629,17,,,1,30,,9598,17,,,1,70,,9620,17,,,1,29,,9625,17,,,1,70,,9619,17,,,1
901,'5',547,,9662,17,,,1,71,,9644,17,,,1,22,,9632,17,,,1,73,,9660,17,,,1,31,,9657,17,,,1,71,,9642,17,,,1,30,,9645,17,,,1,69,,9633,17,,,1,29,,9636,17,,,1,70,,9663,17,,,1,28,,9650,17,,,1,71,,9634,17,,,1,30,,9648,17,,,1,71,,9658,17,,,1,30,,9665,17,,,1,70,,9664,17,,,1,31,,9638,17,,,1,71,,9666,17,,,1,30,,9649,17,,,1,73,,9639,17,,,1,33,,9661,17,,,1,71,,9641,17,,,1,28,,9643,17,,,1,67,,9635,17,,,1,33,,9659,17,,,1,67,,9646,17,,,1,27,,9656,17,,,1,68,,9637,17,,,1,26,,9652,17,,,1,70,,9654,17,,,1,30,,9640,17,,,1,70,,9653,17,,,1,30,,9651,17,,,1,70,,9631,17,,,1,29,,9647,17,,,1,70,,9655,17,,,1
901,'6',547,,9694,17,,,1,71,,9674,17,,,1,22,,9669,17,,,1,73,,9678,17,,,1,31,,9684,17,,,1,71,,9700,17,,,1,30,,9688,17,,,1,69,,9685,17,,,1,29,,9683,17,,,1,70,,9689,17,,,1,28,,9687,17,,,1,71,,9686,17,,,1,30,,9667,17,,,1,71,,9675,17,,,1,30,,9672,17,,,1,70,,9682,17,,,1,31,,9679,17,,,1,71,,9677,17,,,1,30,,9690,17,,,1,72,,9702,17,,,1,34,,9681,17,,,1,71,,9698,17,,,1,28,,9668,17,,,1,68,,9673,17,,,1,31,,9696,17,,,1,68,,9695,17,,,1,27,,9676,17,,,1,68,,9671,17,,,1,26,,9680,17,,,1,70,,9693,17,,,1,30,,9699,17,,,1,70,,9701,17,,,1,30,,9670,17,,,1,70,,9692,17,,,1,29,,9697,17,,,1,70,,9691,17,,,1
901,'7',547,,9734,17,,,1,71,,9716,17,,,1,22,,9704,17,,,1,73,,9732,17,,,1,31,,9729,17,,,1,71,,9714,17,,,1,30,,9717,17,,,1,69,,9705,17,,,1,29,,9708,17,,,1,70,,9735,17,,,1,28,,9722,17,,,1,71,,9706,17,,,1,30,,9720,17,,,1,71,,9730,17,,,1,30,,9737,17,,,1,70,,9736,17,,,1,31,,9710,17,,,1,71,,9738,17,,,1,30,,9721,17,,,1,73,,9711,17,,,1,33,,9733,17,,,1,71,,9713,17,,,1,28,,9715,17,,,1,67,,9707,17,,,1,33,,9731,17,,,1,67,,9718,17,,,1,27,,9728,17,,,1,68,,9709,17,,,1,26,,9724,17,,,1,70,,9726,17,,,1,30,,9712,17,,,1,70,,9725,17,,,1,30,,9723,17,,,1,70,,9703,17,,,1,29,,9719,17,,,1,70,,9727,17,,,1
901,'8',657,,9744,17,,,1,70,,9764,17,,,1,100,,9750,17,,,1,30,,9756,17,,,1,70,,9749,17,,,1,30,,9761,17,,,1,70,,9767,17,,,1,30,,9752,17,,,1,70,,9740,17,,,1,30,,9747,17,,,1,70,,9754,17,,,1,30,,9739,17,,,1,70,,9745,17,,,1,30,,9765,17,,,1,70,,9741,17,,,1,30,,9759,17,,,1,70,,9751,17,,,1,30,,9766,17,,,1,70,,9748,17,,,1,30,,9746,17,,,1,70,,9760,17,,,1,30,,9742,17,,,1,70,,9757,17,,,1,30,,9755,17,,,1,70,,9763,17,,,1,30,,9762,17,,,1,70,,9769,17,,,1,30,,9768,17,,,1,100,,9758,17,,,1,100,,9743,17,,,1,100,,9753,17,,,1
901,'9',752,,9786,17,,,1,150,,9788,17,,,1,30,,9794,17,,,1,70,,9789,17,,,1,30,,9792,17,,,1,70,,9793,17,,,1,30,,9784,17,,,1,70,,9777,17,,,1,30,,9781,17,,,1,70,,9773,17,,,1,30,,9795,17,,,1,70,,9776,17,,,1,30,,9778,17,,,1,70,,9780,17,,,1,30,,9772,17,,,1,70,,9796,17,,,1,30,,9785,17,,,1,70,,9770,17,,,1,30,,9775,17,,,1,70,,9790,17,,,1,30,,9771,17,,,1,70,,9797,17,,,1,30,,9779,17,,,1,70,,9787,17,,,1,30,,9774,17,,,1,70,,9791,17,,,1,100,,9782,17,,,1,100,,9783,17,,,1
60901,'10',1537,,118255,3,,,1,14,,118256,3,,,1
60901,'11',1537,,118258,3,,,1,14,,118259,3,,,1
60901,'12',1537,,118261,3,,,1,14,,118262,3,,,1
60901,'15',1537,,118264,3,,,1,14,,118265,3,,,1
60901,'16',1537,,118267,3,,,1,14,,118268,3,,,1
60901,'3',1537,,118270,3,,,1,14,,118271,3,,,1
60901,'4',1537,,118273,3,,,1,14,,118274,3,,,1
60901,'6',1537,,118276,3,,,1,14,,118277,3,,,1
