2401,'1',926,,138932,19,,,1,30,,120288,19,,,1,70,,138941,19,,,1,30,,138931,19,,,1,69,,138947,19,,,1,30,,138930,19,,,1,70,,138957,19,,,1,30,,138950,19,,,1,69,,138929,19,,,1,30,,1136,19,,,1,70,,138958,19,,,1,25,,138928,19,,,1,74,,138952,19,,,1,30,,138963,19,,,1,71,,52063,19,,,1,101,,49884,19,,,1,30,,138935,19,,,1,60,,138967,19,,,1,25,,138934,19,,,1,70,,138965,19,,,1,100,,138949,19,,,1,92,,103314,19,,,1,100,,138953,19,,,1,105,,138942,19,,,1
2401,'10',926,,138972,19,,,1,100,,443,19,,,1,99,,138975,19,,,1,100,,138981,19,,,1,99,,138978,19,,,1,98,,138974,19,,,1,101,,138983,19,,,1,101,,61420,19,,,1,101,,138980,19,,,1,90,,138969,19,,,1,100,,120872,19,,,1,97,,138976,19,,,1,95,,138977,19,,,1,100,,138982,19,,,1,100,,138970,19,,,1
2401,'12',926,,39083,19,,,1,30,,85507,19,,,1,70,,139032,19,,,1,30,,139008,19,,,1,69,,139019,19,,,1,30,,41635,19,,,1,70,,139026,19,,,1,30,,139037,19,,,1,69,,139016,19,,,1,30,,139006,19,,,1,70,,15311,19,,,1,26,,139039,19,,,1,74,,139027,19,,,1,27,,139009,19,,,1,72,,139033,19,,,1,30,,139034,19,,,1,72,,139003,19,,,1,30,,21572,19,,,1,60,,139036,19,,,1,25,,139035,19,,,1,70,,139005,19,,,1,100,,139012,19,,,1,92,,139022,19,,,1,100,,139004,19,,,1,105,,139031,19,,,1
2401,'14',926,,139071,19,,,1,30,,139095,19,,,1,70,,139088,19,,,1,30,,77493,19,,,1,69,,139077,19,,,1,30,,139082,19,,,1,70,,89672,19,,,1,30,,112393,19,,,1,69,,139074,19,,,1,30,,139065,19,,,1,70,,139073,19,,,1,26,,139093,19,,,1,74,,139084,19,,,1,27,,139067,19,,,1,72,,139089,19,,,1,30,,107140,19,,,1,72,,139063,19,,,1,30,,139064,19,,,1,60,,139091,19,,,1,25,,139090,19,,,1,70,,71785,19,,,1,100,,52418,19,,,1,92,,21906,19,,,1,100,,103817,19,,,1,105,,26434,19,,,1
2401,'15',926,,139106,19,,,1,30,,139130,19,,,1,70,,139123,19,,,1,30,,78022,19,,,1,69,,139112,19,,,1,30,,139117,19,,,1,70,,90171,19,,,1,30,,112605,19,,,1,69,,139109,19,,,1,30,,139100,19,,,1,70,,139108,19,,,1,26,,139128,19,,,1,74,,139119,19,,,1,27,,139102,19,,,1,72,,139124,19,,,1,30,,107273,19,,,1,72,,139098,19,,,1,30,,139099,19,,,1,60,,139126,19,,,1,25,,139125,19,,,1,70,,72056,19,,,1,100,,52682,19,,,1,92,,22118,19,,,1,100,,104206,19,,,1,105,,26789,19,,,1
2401,'16',926,,139143,19,,,1,30,,139168,19,,,1,70,,45480,19,,,1,30,,139137,19,,,1,69,,139147,19,,,1,30,,139153,19,,,1,70,,139154,19,,,1,30,,139164,19,,,1,69,,97229,19,,,1,30,,139136,19,,,1,70,,139144,19,,,1,26,,139166,19,,,1,74,,139156,19,,,1,27,,139138,19,,,1,72,,139160,19,,,1,30,,139161,19,,,1,72,,6275,19,,,1,30,,139135,19,,,1,60,,139163,19,,,1,25,,139162,19,,,1,70,,139134,19,,,1,100,,139141,19,,,1,92,,139150,19,,,1,100,,139133,19,,,1,105,,139159,19,,,1
2401,'17',926,,139174,19,,,1,30,,120294,19,,,1,70,,139183,19,,,1,30,,139173,19,,,1,69,,139189,19,,,1,30,,139172,19,,,1,70,,139199,19,,,1,30,,139192,19,,,1,69,,139171,19,,,1,30,,1411,19,,,1,70,,139200,19,,,1,25,,139170,19,,,1,74,,139194,19,,,1,30,,139205,19,,,1,71,,52285,19,,,1,101,,50220,19,,,1,30,,139177,19,,,1,60,,139209,19,,,1,25,,139176,19,,,1,70,,139207,19,,,1,100,,139191,19,,,1,92,,103638,19,,,1,100,,139195,19,,,1,105,,139184,19,,,1
2401,'2',926,,139215,19,,,1,30,,120290,19,,,1,70,,139224,19,,,1,30,,139214,19,,,1,69,,139230,19,,,1,30,,139213,19,,,1,70,,139240,19,,,1,30,,139233,19,,,1,69,,139212,19,,,1,30,,1195,19,,,1,70,,139241,19,,,1,25,,139211,19,,,1,74,,139235,19,,,1,30,,139246,19,,,1,71,,52109,19,,,1,101,,49957,19,,,1,30,,139218,19,,,1,60,,139250,19,,,1,25,,139217,19,,,1,70,,139248,19,,,1,100,,139232,19,,,1,92,,103386,19,,,1,100,,139236,19,,,1,105,,139225,19,,,1
2401,'3',926,,139261,19,,,1,30,,139285,19,,,1,70,,139278,19,,,1,30,,77840,19,,,1,69,,139267,19,,,1,30,,139272,19,,,1,70,,89988,19,,,1,30,,112532,19,,,1,69,,139264,19,,,1,30,,139255,19,,,1,70,,139263,19,,,1,26,,139283,19,,,1,74,,139274,19,,,1,27,,139257,19,,,1,72,,139279,19,,,1,30,,107225,19,,,1,72,,139253,19,,,1,30,,139254,19,,,1,60,,139281,19,,,1,25,,139280,19,,,1,70,,71960,19,,,1,100,,52588,19,,,1,92,,22044,19,,,1,100,,104063,19,,,1,105,,26660,19,,,1
2401,'5',926,,139315,19,,,1,30,,139334,19,,,1,70,,139327,19,,,1,30,,139314,19,,,1,69,,139337,19,,,1,30,,139313,19,,,1,70,,139348,19,,,1,30,,139341,19,,,1,69,,139311,19,,,1,30,,139330,19,,,1,70,,139349,19,,,1,25,,139310,19,,,1,74,,58817,19,,,1,30,,139355,19,,,1,71,,139320,19,,,1,101,,139339,19,,,1,30,,139318,19,,,1,60,,139359,19,,,1,25,,139317,19,,,1,70,,139357,19,,,1,100,,139340,19,,,1,92,,139312,19,,,1,100,,139343,19,,,1,105,,139329,19,,,1
2401,'6',926,,139365,19,,,1,30,,120298,19,,,1,70,,139374,19,,,1,30,,139364,19,,,1,69,,139380,19,,,1,30,,139363,19,,,1,70,,139390,19,,,1,30,,139383,19,,,1,69,,139362,19,,,1,30,,1726,19,,,1,70,,139391,19,,,1,25,,139361,19,,,1,74,,139385,19,,,1,30,,139396,19,,,1,71,,52541,19,,,1,101,,50624,19,,,1,30,,139368,19,,,1,60,,139400,19,,,1,25,,139367,19,,,1,70,,139398,19,,,1,100,,139382,19,,,1,92,,103995,19,,,1,100,,139386,19,,,1,105,,139375,19,,,1
2401,'8',926,,139433,19,,,1,30,,120296,19,,,1,70,,139442,19,,,1,30,,139432,19,,,1,69,,139448,19,,,1,30,,139431,19,,,1,70,,139458,19,,,1,30,,139451,19,,,1,69,,139430,19,,,1,30,,1667,19,,,1,70,,139459,19,,,1,25,,139429,19,,,1,74,,139453,19,,,1,30,,139464,19,,,1,71,,52495,19,,,1,101,,50551,19,,,1,30,,139436,19,,,1,60,,139468,19,,,1,25,,139435,19,,,1,70,,139466,19,,,1,100,,139450,19,,,1,92,,103923,19,,,1,100,,139454,19,,,1,105,,139443,19,,,1
2500,'1',448,,139535,29,0,29,1,70,,139498,29,0,29,1,31,,139529,29,0,29,1,55,,139540,29,,,1,16,,139494,29,,,1,15,,139534,29,,,1,16,,55544,29,,,1,56,,139526,29,,,1,33,,139528,29,,,1,15,,139507,29,,,1,56,,139502,29,,,1,14,,139539,29,,,1,17,,31964,29,,,1,11,,139527,29,,,1,56,,19743,29,,,1,14,,139523,29,,,1,15,,139504,29,,,1,16,,139497,29,,,1,55,,139514,29,,,1,15,,139530,29,,,1,14,,139532,29,,,1,16,,139524,29,,,1,55,,14055,29,,,1,15,,139537,29,,,1,15,,139491,29,,,1,15,,139518,29,,,1,55,,139513,29,,,1,15,,139495,29,,,1,15,,139505,29,,,1,15,,139517,29,,,1,55,,139508,29,,,1,15,,139493,29,,,1,15,,139538,29,,,1,14,,139521,29,,,1,54,,139509,29,,,1,19,,139501,29,,,1,15,,139542,29,,,1,15,,139506,29,,,1,55,,19408,29,,,1,14,,139543,29,,,1,16,,139522,29,,,1,15,,65970,29,,,1,55,,139536,29,,,1,15,,84419,29,,,1,14,,118135,29,,,1,14,,139510,29,,,1,56,,98742,29,,,1,15,,139533,29,,,1,15,,61823,29,,,1,15,,139512,29,,,1,55,,139515,29,,,1,30,,139492,29,,,1,66,,91888,29,,,1,30,,139541,29,,,1,69,,139499,29,,,1,30,,139516,29,,,1,70,,139500,29,,,1,31,,139496,29,,,1,70,,139520,29,,,1,30,,139519,29,,,1,69,,139511,29,,,1,26,,139503,29,0,29,1,70,,139531,29,0,29,1,30,,139525,29,0,29,1
2500,'10',448,,90958,29,0,29,1,70,,139579,29,0,29,1,31,,81866,29,0,29,1,55,,139559,29,,,1,16,,139553,29,,,1,15,,139564,29,,,1,16,,139545,29,,,1,56,,139556,29,,,1,17,,38150,29,,,1,14,,139558,29,,,1,17,,139593,29,,,1,54,,139576,29,,,1,16,,139562,29,,,1,17,,5267,29,,,1,11,,139551,29,,,1,55,,139588,29,,,1,17,,139569,29,,,1,13,,95750,29,,,1,16,,55797,29,,,1,55,,139577,29,,,1,15,,139555,29,,,1,14,,139554,29,,,1,16,,139563,29,,,1,55,,139592,29,,,1,15,,61431,29,,,1,15,,139581,29,,,1,15,,139547,29,,,1,55,,139585,29,,,1,15,,139575,29,,,1,15,,139583,29,,,1,15,,68612,29,,,1,55,,139590,29,,,1,15,,139557,29,,,1,15,,93945,29,,,1,14,,21847,29,,,1,54,,139574,29,,,1,19,,15887,29,,,1,15,,139546,29,,,1,13,,139548,29,,,1,57,,139572,29,,,1,13,,139550,29,,,1,17,,139549,29,,,1,15,,139578,29,,,1,56,,139591,29,,,1,13,,139594,29,,,1,16,,51507,29,,,1,13,,139552,29,,,1,56,,139580,29,,,1,15,,139561,29,,,1,17,,40966,29,,,1,13,,139573,29,,,1,56,,139586,29,,,1,29,,139567,29,,,1,66,,139584,29,,,1,30,,139566,29,,,1,69,,33994,29,,,1,30,,139565,29,,,1,70,,139587,29,,,1,31,,139570,29,,,1,70,,139560,29,,,1,30,,139571,29,,,1,69,,139568,29,,,1,26,,139582,29,0,29,1,70,,139544,29,0,29,1,30,,139589,29,0,29,1
2500,'11',731,,139595,29,0,29,1,74,,139621,29,0,29,1,30,,139607,29,0,42,1,70,,139615,29,0,42,1,30,,139601,29,0,42,1,70,,60872,29,0,42,1,31,,1379,29,0,42,1,70,,139606,29,0,42,1,31,,139619,29,0,42,1,70,,139622,29,0,42,1,30,,139599,29,0,42,1,70,,22417,29,0,42,1,30,,139596,29,0,42,1,70,,139616,29,0,42,1,30,,139603,29,0,42,1,70,,139614,29,0,42,1,30,,139618,29,0,42,1,70,,139617,29,0,42,1,29,,139597,29,0,42,1,70,,139609,29,0,42,1,30,,139613,29,0,42,1,70,,139604,29,0,42,1,30,,139602,29,0,42,1,70,,139610,29,0,29,1,28,,139623,29,0,42,1,70,,139605,29,0,29,1,30,,139611,29,0,42,1,70,,139620,29,0,29,1,35,,65314,29,0,42,1,75,,139612,29,0,29,1,33,,139598,29,0,29,1,69,,139608,29,0,29,1,30,,139600,29,0,29,1
2500,'12',448,,139637,29,0,29,1,70,,139638,29,0,29,1,31,,112072,29,0,29,1,55,,139642,29,,,1,16,,139651,29,,,1,15,,95838,29,,,1,16,,139655,29,,,1,54,,139664,29,,,1,19,,139660,29,,,1,13,,90369,29,,,1,18,,139662,29,,,1,54,,47489,29,,,1,16,,102141,29,,,1,17,,139663,29,,,1,11,,3486,29,,,1,55,,139661,29,,,1,17,,139639,29,,,1,13,,139640,29,0,29,1,16,,139635,29,,,1,55,,139644,29,0,29,1,15,,139624,29,,,1,14,,139657,29,0,29,1,16,,1101,29,,,1,55,,139632,29,0,29,1,15,,139670,29,,,1,15,,139653,29,0,29,1,15,,2090,29,,,1,55,,139628,29,0,29,1,15,,139659,29,,,1,15,,139646,29,0,29,1,15,,83148,29,,,1,55,,100327,29,0,29,1,15,,139631,29,,,1,15,,139630,29,0,29,1,14,,2095,29,,,1,54,,97001,29,0,29,1,19,,139658,29,,,1,15,,51195,29,0,29,1,15,,139652,29,,,1,55,,139665,29,0,29,1,13,,139633,29,,,1,16,,139627,29,,,1,15,,139629,29,,,1,56,,139650,29,,,1,14,,139649,29,,,1,16,,139626,29,,,1,14,,139648,29,,,1,55,,139669,29,,,1,16,,45882,29,,,1,15,,139668,29,,,1,16,,139645,29,,,1,54,,55455,29,,,1,29,,104404,29,,,1,66,,139636,29,,,1,30,,139666,29,,,1,69,,139625,29,,,1,30,,139641,29,,,1,70,,139647,29,,,1,31,,37522,29,,,1,70,,139654,29,,,1,30,,139634,29,,,1,69,,139643,29,,,1,26,,139656,29,0,29,1,70,,139667,29,0,29,1,30,,10856,29,0,29,1
2500,'13',731,,74226,29,0,29,1,74,,139694,29,0,29,1,30,,139681,29,0,42,1,70,,139689,29,0,42,1,30,,139675,29,0,42,1,70,,139676,29,0,42,1,31,,139693,29,0,42,1,70,,139680,29,0,42,1,31,,139692,29,0,42,1,70,,139695,29,0,42,1,30,,92978,29,0,42,1,70,,139685,29,0,42,1,30,,139672,29,0,42,1,70,,139690,29,0,42,1,30,,139678,29,0,42,1,70,,139688,29,0,42,1,30,,54784,29,0,42,1,70,,139691,29,0,42,1,29,,139673,29,0,42,1,70,,139683,29,0,42,1,30,,139687,29,0,42,1,70,,42880,29,0,42,1,30,,139677,29,0,42,1,70,,112179,29,0,29,1,28,,85651,29,0,42,1,70,,139679,29,0,29,1,30,,139684,29,0,42,1,70,,55642,29,0,29,1,35,,139671,29,0,42,1,75,,139686,29,0,29,1,33,,139674,29,0,29,1,69,,139682,29,0,29,1,30,,114176,29,0,29,1
2500,'14',448,,139712,29,0,29,1,70,,53687,29,0,29,1,31,,139733,29,0,29,1,55,,139717,29,,,1,16,,59926,29,,,1,15,,139699,29,,,1,16,,139731,29,,,1,54,,81967,29,,,1,19,,46998,29,,,1,13,,139708,29,,,1,18,,139737,29,,,1,54,,139710,29,,,1,16,,139718,29,,,1,17,,139738,29,,,1,11,,139726,29,,,1,55,,16019,29,,,1,17,,139713,29,,,1,13,,139714,29,0,29,1,16,,110816,29,,,1,55,,139722,29,0,29,1,15,,139697,29,,,1,14,,139732,29,0,29,1,16,,139736,29,,,1,55,,139705,29,0,29,1,15,,139744,29,,,1,15,,34692,29,0,29,1,15,,139709,29,,,1,55,,95331,29,0,29,1,15,,21267,29,,,1,15,,113003,29,0,29,1,15,,139719,29,,,1,55,,139725,29,0,29,1,15,,83711,29,,,1,15,,94691,29,0,29,1,14,,139715,29,,,1,54,,139735,29,0,29,1,19,,139734,29,,,1,15,,139716,29,0,29,1,15,,12375,29,,,1,55,,591,29,0,29,1,13,,139706,29,,,1,16,,139703,29,,,1,15,,139704,29,,,1,56,,139729,29,,,1,14,,139728,29,,,1,16,,139702,29,,,1,14,,139727,29,,,1,55,,139742,29,,,1,16,,139721,29,,,1,15,,139741,29,,,1,16,,139723,29,,,1,54,,139696,29,,,1,29,,139743,29,,,1,66,,139711,29,,,1,30,,139739,29,,,1,69,,139698,29,,,1,30,,50412,29,,,1,70,,139724,29,,,1,31,,139701,29,,,1,70,,139730,29,,,1,30,,139707,29,,,1,69,,139720,29,,,1,26,,57615,29,0,29,1,70,,139740,29,0,29,1,30,,139700,29,0,29,1
2500,'15',448,,139761,29,0,29,1,70,,53880,29,0,29,1,31,,139782,29,0,29,1,55,,139766,29,,,1,16,,60110,29,,,1,15,,139748,29,,,1,16,,139780,29,,,1,54,,82170,29,,,1,19,,47349,29,,,1,13,,139757,29,,,1,18,,139786,29,,,1,54,,139759,29,,,1,16,,139767,29,,,1,17,,139787,29,,,1,11,,139775,29,,,1,55,,16459,29,,,1,17,,139762,29,,,1,13,,139763,29,0,29,1,16,,110944,29,,,1,55,,139771,29,0,29,1,15,,139746,29,,,1,14,,139781,29,0,29,1,16,,139785,29,,,1,55,,139754,29,0,29,1,15,,139793,29,,,1,15,,34894,29,0,29,1,15,,139758,29,,,1,55,,95534,29,0,29,1,15,,21470,29,,,1,15,,113203,29,0,29,1,15,,139768,29,,,1,55,,139774,29,0,29,1,15,,84089,29,,,1,15,,94894,29,0,29,1,14,,139764,29,,,1,54,,139784,29,0,29,1,19,,139783,29,,,1,15,,139765,29,0,29,1,15,,12721,29,,,1,55,,935,29,0,29,1,13,,139755,29,,,1,16,,139752,29,,,1,15,,139753,29,,,1,56,,139778,29,,,1,14,,139777,29,,,1,16,,139751,29,,,1,14,,139776,29,,,1,55,,139791,29,,,1,16,,139770,29,,,1,15,,139790,29,,,1,16,,139772,29,,,1,54,,139745,29,,,1,29,,139792,29,,,1,66,,139760,29,,,1,30,,139788,29,,,1,69,,139747,29,,,1,30,,50820,29,,,1,70,,139773,29,,,1,31,,139750,29,,,1,70,,139779,29,,,1,30,,139756,29,,,1,69,,139769,29,,,1,26,,57889,29,0,29,1,70,,139789,29,0,29,1,30,,139749,29,0,29,1
2500,'16',448,,139814,29,0,29,1,70,,139815,29,0,29,1,31,,139839,29,0,29,1,55,,139820,29,,,1,16,,139832,29,,,1,15,,139797,29,,,1,16,,139836,29,,,1,54,,139847,29,,,1,19,,139843,29,,,1,13,,139809,29,,,1,18,,79620,29,,,1,54,,139812,29,,,1,16,,139821,29,,,1,17,,139846,29,,,1,11,,139829,29,,,1,55,,139844,29,,,1,17,,139816,29,,,1,13,,93047,29,0,29,1,16,,139810,29,,,1,55,,139825,29,0,29,1,15,,139795,29,,,1,14,,139838,29,0,29,1,16,,139845,29,,,1,55,,139806,29,0,29,1,15,,139852,29,,,1,15,,139834,29,0,29,1,15,,139811,29,,,1,55,,139802,29,0,29,1,15,,139842,29,,,1,15,,139826,29,0,29,1,15,,139822,29,,,1,55,,139828,29,0,29,1,15,,139805,29,,,1,15,,139804,29,0,29,1,14,,139817,29,,,1,54,,139841,29,0,29,1,19,,139840,29,,,1,15,,139819,29,0,29,1,15,,139833,29,,,1,55,,139848,29,0,29,1,13,,139807,29,,,1,16,,139801,29,,,1,15,,139803,29,,,1,56,,81781,29,,,1,14,,139831,29,,,1,16,,139800,29,,,1,14,,139830,29,,,1,55,,139850,29,,,1,16,,139824,29,,,1,15,,62002,29,,,1,16,,23632,29,,,1,54,,139794,29,,,1,29,,139851,29,,,1,66,,139813,29,,,1,30,,139849,29,,,1,69,,139796,29,,,1,30,,139818,29,,,1,70,,139827,29,,,1,31,,139799,29,,,1,70,,139835,29,,,1,30,,139808,29,,,1,69,,139823,29,,,1,26,,139837,29,0,29,1,70,,33283,29,0,29,1,30,,139798,29,0,29,1
2500,'17',448,,139898,29,0,29,1,70,,139860,29,0,29,1,31,,139892,29,0,29,1,55,,139903,29,,,1,16,,139856,29,,,1,15,,139897,29,,,1,16,,55773,29,,,1,56,,139889,29,,,1,33,,139891,29,,,1,15,,139869,29,,,1,56,,139864,29,,,1,14,,139902,29,,,1,17,,32136,29,,,1,11,,139890,29,,,1,56,,19846,29,,,1,14,,139886,29,,,1,15,,139866,29,,,1,16,,139859,29,,,1,55,,139877,29,,,1,15,,139893,29,,,1,14,,139895,29,,,1,16,,139887,29,,,1,55,,14431,29,,,1,15,,139900,29,,,1,15,,139853,29,,,1,15,,139881,29,,,1,55,,139876,29,,,1,15,,139857,29,,,1,15,,139867,29,,,1,15,,139880,29,,,1,55,,139870,29,,,1,15,,139855,29,,,1,15,,139901,29,,,1,14,,139884,29,,,1,54,,139871,29,,,1,19,,139863,29,,,1,15,,139905,29,,,1,15,,139868,29,,,1,55,,19501,29,,,1,14,,139906,29,,,1,16,,139885,29,,,1,15,,66205,29,,,1,55,,139899,29,,,1,15,,84744,29,,,1,14,,139872,29,,,1,14,,139873,29,,,1,56,,98932,29,,,1,15,,139896,29,,,1,15,,62106,29,,,1,15,,139875,29,,,1,55,,139878,29,,,1,30,,139854,29,,,1,66,,92163,29,,,1,30,,139904,29,,,1,69,,139861,29,,,1,30,,139879,29,,,1,70,,139862,29,,,1,31,,139858,29,,,1,70,,139883,29,,,1,30,,139882,29,,,1,69,,139874,29,,,1,26,,139865,29,0,29,1,70,,139894,29,0,29,1,30,,139888,29,0,29,1
2500,'2',448,,139952,29,0,29,1,70,,139914,29,0,29,1,31,,139946,29,0,29,1,55,,139957,29,,,1,16,,139910,29,,,1,15,,139951,29,,,1,16,,55592,29,,,1,56,,139943,29,,,1,33,,139945,29,,,1,15,,139923,29,,,1,56,,139918,29,,,1,14,,139956,29,,,1,17,,32000,29,,,1,11,,139944,29,,,1,56,,19769,29,,,1,14,,139940,29,,,1,15,,139920,29,,,1,16,,139913,29,,,1,55,,139931,29,,,1,15,,139947,29,,,1,14,,139949,29,,,1,16,,139941,29,,,1,55,,14132,29,,,1,15,,139954,29,,,1,15,,139907,29,,,1,15,,139935,29,,,1,55,,139930,29,,,1,15,,139911,29,,,1,15,,139921,29,,,1,15,,139934,29,,,1,55,,139924,29,,,1,15,,139909,29,,,1,15,,139955,29,,,1,14,,139938,29,,,1,54,,139925,29,,,1,19,,139917,29,,,1,15,,139959,29,,,1,15,,139922,29,,,1,55,,19431,29,,,1,14,,139960,29,,,1,16,,139939,29,,,1,15,,66020,29,,,1,55,,139953,29,,,1,15,,84486,29,,,1,14,,139926,29,,,1,14,,139927,29,,,1,56,,98782,29,,,1,15,,139950,29,,,1,15,,61883,29,,,1,15,,139929,29,,,1,55,,139932,29,,,1,30,,139908,29,,,1,66,,91948,29,,,1,30,,139958,29,,,1,69,,139915,29,,,1,30,,139933,29,,,1,70,,139916,29,,,1,31,,139912,29,,,1,70,,139937,29,,,1,30,,139936,29,,,1,69,,139928,29,,,1,26,,139919,29,0,29,1,70,,139948,29,0,29,1,30,,139942,29,0,29,1
2500,'3',448,,139977,29,0,29,1,70,,53814,29,0,29,1,31,,139998,29,0,29,1,55,,139982,29,,,1,16,,60044,29,,,1,15,,139964,29,,,1,16,,139996,29,,,1,54,,82099,29,,,1,19,,47221,29,,,1,13,,139973,29,,,1,18,,140002,29,,,1,54,,139975,29,,,1,16,,139983,29,,,1,17,,140003,29,,,1,11,,139991,29,,,1,55,,16305,29,,,1,17,,139978,29,,,1,13,,139979,29,0,29,1,16,,110897,29,,,1,55,,139987,29,0,29,1,15,,139962,29,,,1,14,,139997,29,0,29,1,16,,140001,29,,,1,55,,139970,29,0,29,1,15,,140009,29,,,1,15,,34823,29,0,29,1,15,,139974,29,,,1,55,,95465,29,0,29,1,15,,21400,29,,,1,15,,113134,29,0,29,1,15,,139984,29,,,1,55,,139990,29,0,29,1,15,,83957,29,,,1,15,,94825,29,0,29,1,14,,139980,29,,,1,54,,140000,29,0,29,1,19,,139999,29,,,1,15,,139981,29,0,29,1,15,,12596,29,,,1,55,,811,29,0,29,1,13,,139971,29,,,1,16,,139968,29,,,1,15,,139969,29,,,1,56,,139994,29,,,1,14,,139993,29,,,1,16,,139967,29,,,1,14,,139992,29,,,1,55,,140007,29,,,1,16,,139986,29,,,1,15,,140006,29,,,1,16,,139988,29,,,1,54,,139961,29,,,1,29,,140008,29,,,1,66,,139976,29,,,1,30,,140004,29,,,1,69,,139963,29,,,1,30,,50674,29,,,1,70,,139989,29,,,1,31,,139966,29,,,1,70,,139995,29,,,1,30,,139972,29,,,1,69,,139985,29,,,1,26,,57792,29,0,29,1,70,,140005,29,0,29,1,30,,139965,29,0,29,1
2500,'4',538,,140035,29,0,29,1,76,,66580,29,0,29,1,31,,140027,29,0,29,1,70,,140022,29,0,29,1,32,,140019,29,0,29,1,70,,140040,29,0,42,1,30,,8388,29,0,42,1,70,,140025,29,0,42,1,30,,31112,29,0,42,1,70,,140016,29,0,42,1,31,,140034,29,0,42,1,70,,140039,29,0,42,1,31,,91539,29,0,42,1,70,,140024,29,0,42,1,30,,5719,29,0,42,1,70,,140014,29,0,42,1,30,,140038,29,0,42,1,70,,140015,29,0,42,1,30,,140010,29,0,42,1,70,,140032,29,0,42,1,30,,140036,29,0,42,1,70,,140031,29,0,42,1,29,,140021,29,0,42,1,70,,140018,29,0,42,1,30,,140013,29,0,42,1,70,,105933,29,0,42,1,30,,140028,29,0,42,1,70,,140037,29,0,29,1,29,,61617,29,0,42,1,70,,140011,29,0,29,1,30,,140023,29,0,42,1,70,,140017,29,0,29,1,30,,140041,29,0,42,1,70,,9035,29,0,29,1,28,,140029,29,0,42,1,70,,140012,29,0,29,1,29,,140020,29,0,29,1,70,,140030,29,0,29,1,30,,65729,29,0,29,1,70,,140026,29,0,29,1,30,,140033,29,0,29,1
2500,'5',448,,140089,29,0,29,1,70,,25800,29,0,29,1,31,,69324,29,0,29,1,55,,140095,29,,,1,16,,140046,29,,,1,15,,140088,29,,,1,16,,140090,29,,,1,56,,140078,29,,,1,33,,140081,29,,,1,15,,140059,29,,,1,56,,140054,29,,,1,14,,140094,29,,,1,17,,140072,29,,,1,11,,140080,29,,,1,56,,140070,29,,,1,14,,140075,29,,,1,15,,140056,29,,,1,16,,140050,29,,,1,55,,140065,29,,,1,15,,140082,29,,,1,14,,140084,29,,,1,16,,140076,29,,,1,55,,140086,29,,,1,15,,43702,29,,,1,15,,140043,29,,,1,15,,140069,29,,,1,55,,140064,29,,,1,15,,140047,29,,,1,15,,140057,29,,,1,15,,140068,29,,,1,55,,140060,29,,,1,15,,140045,29,,,1,15,,140093,29,,,1,14,,140073,29,,,1,54,,94999,29,,,1,19,,140053,29,,,1,15,,140097,29,,,1,15,,140058,29,,,1,55,,140042,29,,,1,14,,140098,29,,,1,16,,140074,29,,,1,15,,140051,29,,,1,55,,140092,29,,,1,15,,140091,29,,,1,14,,140061,29,,,1,14,,140062,29,,,1,56,,140049,29,,,1,15,,140085,29,,,1,15,,140079,29,,,1,15,,140063,29,,,1,55,,140066,29,,,1,30,,140044,29,,,1,66,,140087,29,,,1,30,,140096,29,,,1,69,,140052,29,,,1,30,,140067,29,,,1,70,,34333,29,,,1,31,,140048,29,,,1,70,,7851,29,,,1,30,,140071,29,,,1,69,,2036,29,,,1,26,,140055,29,0,29,1,70,,140083,29,0,29,1,30,,140077,29,0,29,1
2500,'6',448,,140144,29,0,29,1,70,,140106,29,0,29,1,31,,140138,29,0,29,1,55,,140149,29,,,1,16,,140102,29,,,1,15,,140143,29,,,1,16,,56052,29,,,1,56,,140135,29,,,1,33,,140137,29,,,1,15,,140115,29,,,1,56,,140110,29,,,1,14,,140148,29,,,1,17,,32332,29,,,1,11,,140136,29,,,1,56,,19969,29,,,1,14,,140132,29,,,1,15,,140112,29,,,1,16,,140105,29,,,1,55,,140123,29,,,1,15,,140139,29,,,1,14,,140141,29,,,1,16,,140133,29,,,1,55,,14865,29,,,1,15,,140146,29,,,1,15,,140099,29,,,1,15,,140127,29,,,1,55,,140122,29,,,1,15,,140103,29,,,1,15,,140113,29,,,1,15,,140126,29,,,1,55,,140116,29,,,1,15,,140101,29,,,1,15,,140147,29,,,1,14,,140130,29,,,1,54,,140117,29,,,1,19,,140109,29,,,1,15,,140151,29,,,1,15,,140114,29,,,1,55,,19610,29,,,1,14,,140152,29,,,1,16,,140131,29,,,1,15,,66487,29,,,1,55,,140145,29,,,1,15,,85119,29,,,1,14,,140118,29,,,1,14,,140119,29,,,1,56,,99134,29,,,1,15,,140142,29,,,1,15,,62448,29,,,1,15,,140121,29,,,1,55,,140124,29,,,1,30,,140100,29,,,1,66,,92499,29,,,1,30,,140150,29,,,1,69,,140107,29,,,1,30,,140125,29,,,1,70,,140108,29,,,1,31,,140104,29,,,1,70,,140129,29,,,1,30,,140128,29,,,1,69,,140120,29,,,1,26,,140111,29,0,29,1,70,,140140,29,0,29,1,30,,140134,29,0,29,1
2500,'7',538,,140183,29,0,29,1,76,,140155,29,0,29,1,31,,140175,29,0,29,1,70,,140171,29,0,29,1,32,,16494,29,0,29,1,70,,140188,29,0,42,1,30,,140161,29,0,42,1,70,,140173,29,0,42,1,30,,140169,29,0,42,1,70,,140162,29,0,42,1,31,,140182,29,0,42,1,70,,140187,29,0,42,1,31,,140181,29,0,42,1,70,,79271,29,0,42,1,30,,140168,29,0,42,1,70,,140158,29,0,42,1,30,,140186,29,0,42,1,70,,140160,29,0,42,1,30,,140153,29,0,42,1,70,,88755,29,0,42,1,30,,140184,29,0,42,1,70,,140179,29,0,42,1,29,,140167,29,0,42,1,70,,140165,29,0,42,1,30,,140157,29,0,42,1,70,,140189,29,0,42,1,30,,140176,29,0,42,1,70,,140185,29,0,29,1,29,,140159,29,0,42,1,70,,140154,29,0,29,1,30,,140172,29,0,42,1,70,,140163,29,0,29,1,30,,140190,29,0,42,1,70,,140170,29,0,29,1,28,,140177,29,0,42,1,70,,140156,29,0,29,1,29,,140166,29,0,29,1,70,,140178,29,0,29,1,30,,140164,29,0,29,1,70,,140174,29,0,29,1,30,,140180,29,0,29,1
2500,'8',448,,140236,29,0,29,1,70,,140198,29,0,29,1,31,,140230,29,0,29,1,55,,140241,29,,,1,16,,140194,29,,,1,15,,140235,29,,,1,16,,56004,29,,,1,56,,140227,29,,,1,33,,140229,29,,,1,15,,140207,29,,,1,56,,140202,29,,,1,14,,140240,29,,,1,17,,32296,29,,,1,11,,140228,29,,,1,56,,19943,29,,,1,14,,140224,29,,,1,15,,140204,29,,,1,16,,140197,29,,,1,55,,140215,29,,,1,15,,140231,29,,,1,14,,140233,29,,,1,16,,140225,29,,,1,55,,14788,29,,,1,15,,140238,29,,,1,15,,140191,29,,,1,15,,140219,29,,,1,55,,140214,29,,,1,15,,140195,29,,,1,15,,140205,29,,,1,15,,140218,29,,,1,55,,140208,29,,,1,15,,140193,29,,,1,15,,140239,29,,,1,14,,140222,29,,,1,54,,140209,29,,,1,19,,140201,29,,,1,15,,140243,29,,,1,15,,140206,29,,,1,55,,19587,29,,,1,14,,140244,29,,,1,16,,140223,29,,,1,15,,66437,29,,,1,55,,140237,29,,,1,15,,85052,29,,,1,14,,140210,29,,,1,14,,140211,29,,,1,56,,99094,29,,,1,15,,140234,29,,,1,15,,62388,29,,,1,15,,140213,29,,,1,55,,140216,29,,,1,30,,140192,29,,,1,66,,92439,29,,,1,30,,140242,29,,,1,69,,140199,29,,,1,30,,140217,29,,,1,70,,140200,29,,,1,31,,140196,29,,,1,70,,140221,29,,,1,30,,140220,29,,,1,69,,140212,29,,,1,26,,140203,29,0,29,1,70,,140232,29,0,29,1,30,,140226,29,0,29,1
2500,'9',731,,140245,29,0,29,1,74,,140274,29,0,29,1,30,,140258,29,0,42,1,70,,140267,29,0,42,1,30,,140252,29,0,42,1,70,,140253,29,0,42,1,31,,140273,29,0,42,1,70,,140257,29,0,42,1,31,,140271,29,0,42,1,70,,140275,29,0,42,1,30,,140250,29,0,42,1,70,,140263,29,0,42,1,30,,140247,29,0,42,1,70,,140268,29,0,42,1,30,,140254,29,0,42,1,70,,140266,29,0,42,1,30,,140270,29,0,42,1,70,,140269,29,0,42,1,29,,140248,29,0,42,1,70,,140260,29,0,42,1,30,,140265,29,0,42,1,70,,140255,29,0,42,1,30,,4197,29,0,42,1,70,,140261,29,0,29,1,28,,140276,29,0,42,1,70,,140256,29,0,29,1,30,,140262,29,0,42,1,70,,140272,29,0,29,1,35,,140246,29,0,42,1,75,,140264,29,0,29,1,33,,140249,29,0,29,1,69,,140259,29,0,29,1,30,,140251,29,0,29,1
22601,'1',550,,107700,19,,,1,70,,203238,19,,,1,30,,203239,19,,,1,70,,62877,19,,,1,30,,203236,19,,,1,72,,203237,19,,,1,34,,203235,19,,,1
22601,'10',550,,62161,19,,,1,100,,65416,19,,,1,100,,203240,19,,,1,106,,4038,19,,,1
22601,'12',550,,203247,19,,,1,70,,203245,19,,,1,30,,203243,19,,,1,70,,203241,19,,,1,30,,203244,19,,,1,72,,203242,19,,,1,34,,203246,19,,,1
22601,'14',550,,203254,19,,,1,70,,203252,19,,,1,30,,203250,19,,,1,70,,203248,19,,,1,30,,203251,19,,,1,72,,203249,19,,,1,34,,203253,19,,,1
22601,'15',550,,203261,19,,,1,70,,203259,19,,,1,30,,203257,19,,,1,70,,203255,19,,,1,30,,203258,19,,,1,72,,203256,19,,,1,34,,203260,19,,,1
22601,'16',550,,203265,19,,,1,70,,113472,19,,,1,30,,203263,19,,,1,70,,203262,19,,,1,30,,74292,19,,,1,72,,48822,19,,,1,34,,203264,19,,,1
22601,'17',550,,107859,19,,,1,70,,203269,19,,,1,30,,203270,19,,,1,70,,63139,19,,,1,30,,203267,19,,,1,72,,203268,19,,,1,34,,203266,19,,,1
22601,'2',550,,107736,19,,,1,70,,203274,19,,,1,30,,203275,19,,,1,70,,62931,19,,,1,30,,203272,19,,,1,72,,203273,19,,,1,34,,203271,19,,,1
22601,'3',550,,203282,19,,,1,70,,203280,19,,,1,30,,203278,19,,,1,70,,203276,19,,,1,30,,203279,19,,,1,72,,203277,19,,,1,34,,203281,19,,,1
22601,'5',550,,203284,19,,,1,70,,203287,19,,,1,30,,203289,19,,,1,70,,203288,19,,,1,30,,203285,19,,,1,72,,203286,19,,,1,34,,203283,19,,,1
22601,'6',550,,108037,19,,,1,70,,203293,19,,,1,30,,203294,19,,,1,70,,63458,19,,,1,30,,203291,19,,,1,72,,203292,19,,,1,34,,203290,19,,,1
22601,'8',550,,108001,19,,,1,70,,203298,19,,,1,30,,203299,19,,,1,70,,63404,19,,,1,30,,203296,19,,,1,72,,203297,19,,,1,34,,203295,19,,,1
62200,'1',811,,204883,27,0,83 84 85,1,26,,204884,27,,,1
62200,'17',811,,204885,27,0,83 84 85,1,26,,204886,27,,,1
62200,'2',811,,204887,27,0,83 84 85,1,26,,204888,27,,,1
62200,'5',811,,204889,27,0,83 84 85,1,26,,204890,27,,,1
62200,'6',811,,204891,27,0,83 84 85,1,26,,204892,27,,,1
62200,'8',811,,204893,27,0,83 84 85,1,26,,204894,27,,,1
62701,'1',1528,,81064,32,,,1
62701,'17',1528,,81229,32,,,1
62701,'2',1528,,81097,32,,,1
62701,'5',1528,,204910,32,,,1
62701,'6',1528,,81426,32,,,1
62701,'8',1528,,81393,32,,,1
64100,'1',819,,205044,28,,,1
64100,'17',819,,205045,28,,,1
64100,'2',819,,205046,28,,,1
64100,'5',819,,205047,28,,,1
64100,'6',819,,205048,28,,,1
64100,'8',819,,205049,28,,,1
64800,'1',817,,25914,29,,,1
64800,'17',817,,26212,29,,,1
64800,'2',817,,25978,29,,,1
64800,'5',817,,205136,29,,,1
64800,'6',817,,26568,29,,,1
64800,'8',817,,26504,29,,,1
