3500,'1',538,,155887,0,29,1,94,,155891,0,29,1,70,,155895,0,29,1,29,,155886,0,29,1,71,,155894,0,29,1,30,,155899,0,29,1,70,,64081,0,27 28,1,32,,155879,0,27 28,1,68,,155888,0,27 28,1,32,,76825,0,27 28,1,70,,155883,0,27 28,1,30,,155877,0,27 28,1,70,,155889,0,27 28,1,30,,93823,0,27 28,1,70,,155881,0,27 28,1,29,,155885,0,27 28,1,70,,155890,0,27 28,1,30,,155882,0,29,1,71,,155893,0,29,1,32,,155884,0,29,1,70,,155896,0,29,1,30,,113062,0,29,1,70,,155876,0,29,1,30,,155897,0,29,1,70,,155875,0,27 28,1,28,,12501,0,27 28,1,70,,155880,0,27 28,1,30,,155898,0,27 28,1,70,,155901,0,27 28,1,30,,50496,0,27 28,1,70,,155900,0,27 28,1,30,,155878,0,27 28,1,101,,155892,0,27 28,1
3500,'10',824,,155922,0,29,1,30,,155923,0,29,1,70,,44721,0,29,1,30,,155920,0,29,1,70,,155915,0,29,1,30,,155917,0,29,1,70,,155913,0,29,1,30,,155904,0,29,1,70,,155914,0,29,1,30,,155925,0,29,1,70,,155927,0,29,1,30,,155911,0,29,1,70,,81552,0,29,1,30,,155928,0,29,1,70,,155921,0,29,1,30,,155919,0,29,1,70,,155903,0,29,1,30,,155924,0,29,1,70,,155912,0,29,1,30,,155908,0,29,1,70,,155910,0,29,1,30,,155902,0,29,1,70,,155926,0,29,1,30,,155929,0,29,1,70,,155907,0,29,1,30,,155918,0,29,1,70,,155916,0,29,1,30,,155906,0,29,1,100,,155905,0,29,1,103,,155909,0,29,1
3500,'11',538,,155950,0,29,1,94,,155930,0,29,1,70,,155931,0,29,1,18,,155940,0,23 30,1,12,,155945,0,29,1,70,,155946,0,29,1,30,,155934,0,29,1,70,,155941,0,27 28,1,32,,119428,0,27 28,1,68,,155948,0,27 28,1,32,,58655,0,27 28,1,70,,155932,0,27 28,1,30,,78248,0,27 28,1,70,,155935,0,27 28,1,30,,155942,0,27 28,1,70,,155951,0,27 28,1,29,,155943,0,27 28,1,70,,6658,0,27 28,1,30,,155936,0,29,1,70,,155952,0,29,1,33,,155958,0,29,1,70,,155955,0,29,1,30,,155954,0,29,1,100,,155937,0,29,1,70,,61973,0,27 28,1,28,,155933,0,27 28,1,70,,155956,0,27 28,1,30,,155953,0,27 28,1,70,,61260,0,27 28,1,30,,155944,0,27 28,1,70,,155947,0,27 28,1,30,,155939,0,27 28,1,101,,155949,0,27 28,1
3500,'12',538,,91027,0,29,1,94,,155960,0,29,1,70,,155961,0,29,1,18,,116608,0,23 30,1,12,,155975,0,29,1,70,,155977,0,29,1,30,,116606,0,29,1,70,,155971,0,27 28,1,32,,155964,0,27 28,1,68,,155979,0,27 28,1,32,,155976,0,27 28,1,70,,103726,0,27 28,1,30,,155969,0,27 28,1,70,,76597,0,27 28,1,30,,155972,0,27 28,1,70,,155981,0,27 28,1,29,,155973,0,27 28,1,70,,155962,0,27 28,1,30,,155965,0,29,1,70,,155982,0,29,1,33,,155986,0,29,1,70,,103765,0,29,1,30,,3505,0,29,1,100,,36850,0,29,1,70,,155968,0,27 28,1,28,,155963,0,27 28,1,70,,155984,0,27 28,1,30,,155983,0,27 28,1,70,,155988,0,27 28,1,30,,155974,0,27 28,1,70,,155978,0,27 28,1,30,,155967,0,27 28,1,101,,155980,0,27 28,1
3500,'13',824,,156008,0,29,1,30,,68342,0,29,1,70,,155995,0,29,1,30,,156007,0,29,1,70,,156003,0,29,1,30,,156005,0,29,1,70,,156001,0,29,1,30,,112599,0,29,1,70,,156002,0,29,1,30,,113440,0,29,1,70,,156011,0,29,1,30,,155999,0,29,1,70,,155991,0,29,1,30,,156012,0,29,1,70,,82234,0,29,1,30,,156006,0,29,1,70,,155990,0,29,1,30,,156009,0,29,1,70,,156000,0,29,1,30,,155996,0,29,1,70,,155998,0,29,1,30,,155989,0,29,1,70,,156010,0,29,1,30,,26021,0,29,1,70,,155994,0,29,1,30,,36926,0,29,1,70,,156004,0,29,1,30,,155993,0,29,1,100,,155992,0,29,1,103,,155997,0,29,1
3500,'14',538,,156033,0,29,1,94,,156013,0,29,1,70,,156014,0,29,1,18,,156023,0,23 30,1,12,,156028,0,29,1,70,,156029,0,29,1,30,,156017,0,29,1,70,,156024,0,27 28,1,32,,119577,0,27 28,1,68,,156031,0,27 28,1,32,,59025,0,27 28,1,70,,156015,0,27 28,1,30,,78988,0,27 28,1,70,,156018,0,27 28,1,30,,156025,0,27 28,1,70,,156034,0,27 28,1,29,,156026,0,27 28,1,70,,7219,0,27 28,1,30,,156019,0,29,1,70,,156035,0,29,1,33,,156041,0,29,1,70,,156038,0,29,1,30,,156037,0,29,1,100,,156020,0,29,1,70,,62228,0,27 28,1,28,,156016,0,27 28,1,70,,156039,0,27 28,1,30,,156036,0,27 28,1,70,,61599,0,27 28,1,30,,156027,0,27 28,1,70,,156030,0,27 28,1,30,,156022,0,27 28,1,101,,156032,0,27 28,1
3500,'15',923,,156050,0,29,1,30,,156064,0,29,1,70,,156065,0,29,1,30,,156052,0,29,1,70,,156063,0,29,1,30,,156060,0,29,1,70,,156047,0,29,1,30,,156043,0,29,1,70,,156053,0,29,1,30,,156046,0,29,1,70,,156066,0,29,1,30,,156044,0,29,1,70,,156054,0,29,1,30,,156055,0,29,1,70,,156048,0,29,1,30,,156056,0,29,1,70,,156051,0,29,1,30,,156049,0,29,1,70,,156059,0,29,1,100,,156057,0,29,1,100,,156062,0,29,1,100,,156058,0,29,1,100,,156045,0,29,1,100,,156061,0,29,1
3500,'16',923,,156074,0,29,1,30,,156084,0,29,1,70,,156085,0,29,1,30,,156076,0,29,1,70,,156083,0,29,1,30,,156081,0,29,1,70,,156071,0,29,1,30,,156067,0,29,1,70,,57907,0,29,1,30,,156070,0,29,1,70,,156086,0,29,1,30,,156068,0,29,1,70,,156077,0,29,1,30,,156078,0,29,1,70,,156072,0,29,1,30,,156079,0,29,1,70,,156075,0,29,1,30,,156073,0,29,1,70,,107394,0,29,1,100,,156080,0,29,1,100,,156082,0,29,1,100,,44776,0,29,1,100,,156069,0,29,1,100,,39740,0,29,1
3500,'17',538,,156100,0,29,1,94,,156103,0,29,1,70,,156109,0,29,1,29,,156099,0,29,1,71,,156108,0,29,1,30,,156111,0,29,1,70,,156091,0,27 28,1,32,,14325,0,27 28,1,68,,156101,0,27 28,1,32,,156090,0,27 28,1,70,,156095,0,27 28,1,30,,156089,0,27 28,1,70,,156102,0,27 28,1,30,,156113,0,27 28,1,70,,156093,0,27 28,1,29,,156098,0,27 28,1,70,,21630,0,27 28,1,30,,156094,0,29,1,71,,156105,0,29,1,32,,156096,0,29,1,70,,156110,0,29,1,30,,156107,0,29,1,70,,156088,0,29,1,30,,67362,0,29,1,70,,156087,0,27 28,1,28,,156106,0,27 28,1,70,,80913,0,27 28,1,30,,9514,0,27 28,1,70,,156114,0,27 28,1,30,,156097,0,27 28,1,70,,156112,0,27 28,1,30,,156092,0,27 28,1,101,,156104,0,27 28,1
3500,'18',824,,156133,0,29,1,30,,156134,0,29,1,70,,156121,0,29,1,30,,156131,0,29,1,70,,156127,0,29,1,30,,156128,0,29,1,70,,156125,0,29,1,30,,156118,0,29,1,70,,156126,0,29,1,30,,156136,0,29,1,70,,68840,0,29,1,30,,156124,0,29,1,70,,156117,0,29,1,30,,118444,0,29,1,70,,156132,0,29,1,30,,156130,0,29,1,70,,156116,0,29,1,30,,156135,0,29,1,70,,70321,0,29,1,30,,156122,0,29,1,70,,156123,0,29,1,30,,156115,0,29,1,70,,156137,0,29,1,30,,156138,0,29,1,70,,8638,0,29,1,30,,156129,0,29,1,70,,65638,0,29,1,30,,156120,0,29,1,100,,156119,0,29,1,103,,106338,0,29,1
3500,'19',538,,156152,0,29,1,94,,156155,0,29,1,70,,156161,0,29,1,29,,156151,0,29,1,71,,156160,0,29,1,30,,156163,0,29,1,70,,156143,0,27 28,1,32,,13681,0,27 28,1,68,,156153,0,27 28,1,32,,156142,0,27 28,1,70,,156147,0,27 28,1,30,,156141,0,27 28,1,70,,156154,0,27 28,1,30,,156165,0,27 28,1,70,,156145,0,27 28,1,29,,156150,0,27 28,1,70,,21210,0,27 28,1,30,,156146,0,29,1,71,,156157,0,29,1,32,,156148,0,29,1,70,,156162,0,29,1,30,,156159,0,29,1,70,,156140,0,29,1,30,,66934,0,29,1,70,,156139,0,27 28,1,28,,156158,0,27 28,1,70,,79875,0,27 28,1,30,,9118,0,27 28,1,70,,156166,0,27 28,1,30,,156149,0,27 28,1,70,,156164,0,27 28,1,30,,156144,0,27 28,1,101,,156156,0,27 28,1
3500,'2',538,,156187,0,29,1,94,,156167,0,29,1,70,,156168,0,29,1,18,,156177,0,23 30,1,12,,156182,0,29,1,70,,156183,0,29,1,30,,156171,0,29,1,70,,156178,0,27 28,1,32,,119493,0,27 28,1,68,,156185,0,27 28,1,32,,58833,0,27 28,1,70,,156169,0,27 28,1,30,,78652,0,27 28,1,70,,156172,0,27 28,1,30,,156179,0,27 28,1,70,,156188,0,27 28,1,29,,156180,0,27 28,1,70,,6983,0,27 28,1,30,,156173,0,29,1,70,,156189,0,29,1,33,,156195,0,29,1,70,,156192,0,29,1,30,,156191,0,29,1,100,,156174,0,29,1,70,,62104,0,27 28,1,28,,156170,0,27 28,1,70,,156193,0,27 28,1,30,,156190,0,27 28,1,70,,61411,0,27 28,1,30,,156181,0,27 28,1,70,,156184,0,27 28,1,30,,156176,0,27 28,1,101,,156186,0,27 28,1
3500,'20',923,,156204,0,29,1,30,,156214,0,29,1,70,,156215,0,29,1,30,,156206,0,29,1,70,,156213,0,29,1,30,,156211,0,29,1,70,,156201,0,29,1,30,,156197,0,29,1,70,,57640,0,29,1,30,,156200,0,29,1,70,,156216,0,29,1,30,,156198,0,29,1,70,,156207,0,29,1,30,,156208,0,29,1,70,,156202,0,29,1,30,,156209,0,29,1,70,,156205,0,29,1,30,,156203,0,29,1,70,,107084,0,29,1,100,,156210,0,29,1,100,,156212,0,29,1,100,,44480,0,29,1,100,,156199,0,29,1,100,,39186,0,29,1
3500,'21',538,,156230,0,29,1,94,,156233,0,29,1,70,,156239,0,29,1,29,,156229,0,29,1,71,,156238,0,29,1,30,,156241,0,29,1,70,,156221,0,27 28,1,32,,14259,0,27 28,1,68,,156231,0,27 28,1,32,,156220,0,27 28,1,70,,156225,0,27 28,1,30,,156219,0,27 28,1,70,,156232,0,27 28,1,30,,156243,0,27 28,1,70,,156223,0,27 28,1,29,,156228,0,27 28,1,70,,21593,0,27 28,1,30,,156224,0,29,1,71,,156235,0,29,1,32,,156226,0,29,1,70,,156240,0,29,1,30,,156237,0,29,1,70,,156218,0,29,1,30,,67324,0,29,1,70,,156217,0,27 28,1,28,,156236,0,27 28,1,70,,80820,0,27 28,1,30,,9479,0,27 28,1,70,,156244,0,27 28,1,30,,156227,0,27 28,1,70,,156242,0,27 28,1,30,,156222,0,27 28,1,101,,156234,0,27 28,1
3500,'22',824,,156265,0,29,1,30,,156266,0,29,1,70,,44682,0,29,1,30,,156263,0,29,1,70,,156258,0,29,1,30,,156260,0,29,1,70,,156256,0,29,1,30,,156247,0,29,1,70,,156257,0,29,1,30,,156268,0,29,1,70,,156270,0,29,1,30,,156254,0,29,1,70,,81516,0,29,1,30,,156271,0,29,1,70,,156264,0,29,1,30,,156262,0,29,1,70,,156246,0,29,1,30,,156267,0,29,1,70,,156255,0,29,1,30,,156251,0,29,1,70,,156253,0,29,1,30,,156245,0,29,1,70,,156269,0,29,1,30,,156272,0,29,1,70,,156250,0,29,1,30,,156261,0,29,1,70,,156259,0,29,1,30,,156249,0,29,1,100,,156248,0,29,1,103,,156252,0,29,1
3500,'3',923,,56653,0,29,1,30,,20194,0,29,1,70,,156287,0,29,1,30,,156278,0,29,1,70,,7577,0,29,1,30,,5120,0,29,1,70,,156275,0,29,1,30,,61819,0,29,1,70,,156279,0,29,1,30,,77814,0,29,1,70,,156288,0,29,1,30,,156273,0,29,1,70,,156280,0,29,1,30,,156281,0,29,1,70,,156276,0,29,1,30,,75300,0,29,1,70,,156277,0,29,1,30,,92111,0,29,1,70,,156284,0,29,1,100,,156282,0,29,1,100,,156286,0,29,1,100,,156283,0,29,1,100,,156274,0,29,1,100,,156285,0,29,1
3500,'4',538,,156309,0,29,1,94,,156289,0,29,1,70,,156290,0,29,1,18,,156299,0,23 30,1,12,,156304,0,29,1,70,,156305,0,29,1,30,,156293,0,29,1,70,,156300,0,27 28,1,32,,119535,0,27 28,1,68,,156307,0,27 28,1,32,,58929,0,27 28,1,70,,156291,0,27 28,1,30,,78820,0,27 28,1,70,,156294,0,27 28,1,30,,156301,0,27 28,1,70,,156310,0,27 28,1,29,,156302,0,27 28,1,70,,7101,0,27 28,1,30,,156295,0,29,1,70,,156311,0,29,1,33,,156317,0,29,1,70,,156314,0,29,1,30,,156313,0,29,1,100,,156296,0,29,1,70,,62166,0,27 28,1,28,,156292,0,27 28,1,70,,156315,0,27 28,1,30,,156312,0,27 28,1,70,,61505,0,27 28,1,30,,156303,0,27 28,1,70,,156306,0,27 28,1,30,,156298,0,27 28,1,101,,156308,0,27 28,1
3500,'5',538,,156339,0,29,1,94,,156319,0,29,1,70,,156320,0,29,1,18,,156329,0,23 30,1,12,,156334,0,29,1,70,,156335,0,29,1,30,,156323,0,29,1,70,,156330,0,27 28,1,32,,119556,0,27 28,1,68,,156337,0,27 28,1,32,,58977,0,27 28,1,70,,156321,0,27 28,1,30,,78904,0,27 28,1,70,,156324,0,27 28,1,30,,156331,0,27 28,1,70,,156340,0,27 28,1,29,,156332,0,27 28,1,70,,7160,0,27 28,1,30,,156325,0,29,1,70,,156341,0,29,1,33,,156347,0,29,1,70,,156344,0,29,1,30,,156343,0,29,1,100,,156326,0,29,1,70,,62197,0,27 28,1,28,,156322,0,27 28,1,70,,156345,0,27 28,1,30,,156342,0,27 28,1,70,,61552,0,27 28,1,30,,156333,0,27 28,1,70,,156336,0,27 28,1,30,,156328,0,27 28,1,101,,156338,0,27 28,1
3500,'6',538,,156369,0,29,1,94,,156349,0,29,1,70,,156350,0,29,1,18,,156359,0,23 30,1,12,,156364,0,29,1,70,,156365,0,29,1,30,,156353,0,29,1,70,,156360,0,27 28,1,32,,119301,0,27 28,1,68,,156367,0,27 28,1,32,,58342,0,27 28,1,70,,156351,0,27 28,1,30,,77661,0,27 28,1,70,,156354,0,27 28,1,30,,156361,0,27 28,1,70,,156370,0,27 28,1,29,,156362,0,27 28,1,70,,6219,0,27 28,1,30,,156355,0,29,1,70,,156371,0,29,1,33,,156377,0,29,1,70,,156374,0,29,1,30,,156373,0,29,1,100,,156356,0,29,1,70,,61764,0,27 28,1,28,,156352,0,27 28,1,70,,156375,0,27 28,1,30,,156372,0,27 28,1,70,,60963,0,27 28,1,30,,156363,0,27 28,1,70,,156366,0,27 28,1,30,,156358,0,27 28,1,101,,156368,0,27 28,1
3500,'7',538,,156384,0,29,1,94,,156386,0,29,1,70,,156404,0,29,1,28,,156408,0,29,1,72,,156387,0,29,1,31,,156411,0,29,1,69,,156383,0,27 28,1,32,,156390,0,27 28,1,68,,156379,0,27 28,1,32,,156380,0,27 28,1,70,,156392,0,27 28,1,30,,156403,0,27 28,1,70,,156394,0,27 28,1,30,,156385,0,27 28,1,70,,156407,0,27 28,1,29,,156395,0,27 28,1,70,,156409,0,27 28,1,30,,156398,0,29,1,71,,156399,0,29,1,32,,156402,0,29,1,70,,156389,0,29,1,30,,156400,0,29,1,70,,156397,0,29,1,30,,156381,0,29,1,70,,156405,0,27 28,1,28,,156382,0,27 28,1,70,,156406,0,27 28,1,30,,156388,0,27 28,1,70,,156410,0,27 28,1,30,,156391,0,27 28,1,70,,156401,0,27 28,1,30,,156393,0,27 28,1,101,,156396,0,27 28,1
3500,'8',923,,156419,0,29,1,30,,156429,0,29,1,70,,156430,0,29,1,30,,156421,0,29,1,70,,156428,0,29,1,30,,156426,0,29,1,70,,156416,0,29,1,30,,156412,0,29,1,70,,57804,0,29,1,30,,156415,0,29,1,70,,156431,0,29,1,30,,156413,0,29,1,70,,156422,0,29,1,30,,156423,0,29,1,70,,156417,0,29,1,30,,156424,0,29,1,70,,156420,0,29,1,30,,156418,0,29,1,70,,107289,0,29,1,100,,156425,0,29,1,100,,156427,0,29,1,100,,44668,0,29,1,100,,156414,0,29,1,100,,39504,0,29,1
3500,'9',538,,156446,0,29,1,94,,156450,0,29,1,70,,57688,0,29,1,29,,22525,0,29,1,71,,156454,0,29,1,30,,37054,0,29,1,70,,156436,0,27 28,1,32,,156438,0,27 28,1,68,,156447,0,27 28,1,32,,156435,0,27 28,1,70,,156442,0,27 28,1,30,,156434,0,27 28,1,70,,156448,0,27 28,1,30,,156459,0,27 28,1,70,,156440,0,27 28,1,29,,156445,0,27 28,1,70,,156449,0,27 28,1,30,,156441,0,29,1,71,,99455,0,29,1,32,,156443,0,29,1,70,,156455,0,29,1,30,,156453,0,29,1,70,,156433,0,29,1,30,,156456,0,29,1,70,,156432,0,27 28,1,28,,156452,0,27 28,1,70,,156439,0,27 28,1,30,,156457,0,27 28,1,70,,156460,0,27 28,1,30,,156444,0,27 28,1,70,,156458,0,27 28,1,30,,156437,0,27 28,1,101,,156451,0,27 28,1
3501,'1',651,,156481,4,,1,101,,156465,4,,1,104,,156487,4,,1,72,,156476,4,,1,27,,156475,4,,1,70,,156464,4,,1,31,,156463,4,,1,71,,156473,4,,1,29,,156470,4,,1,70,,156480,4,,1,30,,156485,4,,1,69,,156486,4,,1,29,,156474,4,,1,69,,156467,4,,1,30,,86260,4,,1,74,,156468,4,,1,30,,35688,4,,1,70,,156483,4,,1,30,,156484,4,,1,70,,156469,4,,1,30,,156466,4,,1,69,,156477,4,,1,30,,156482,4,,1,70,,36333,4,,1,30,,156461,4,,1,70,,69311,4,,1,30,,43323,4,,1,70,,156478,4,,1,29,,53996,4,,1,72,,156479,4,,1,28,,156462,4,,1,97,,156471,4,,1,97,,156472,4,,1
3501,'10',850,,156501,4,,1,70,,156510,4,,1,30,,156515,4,,1,70,,6845,4,,1,31,,156508,4,,1,70,,156493,4,,1,30,,156488,4,,1,70,,156513,4,,1,30,,156504,4,,1,70,,156498,4,,1,30,,156512,4,,1,70,,156507,4,,1,30,,156495,4,,1,70,,156505,4,,1,30,,156500,4,,1,70,,156514,4,,1,30,,156497,4,,1,70,,156496,4,,1,30,,156511,4,,1,70,,156491,4,,1,29,,156502,4,,1,70,,156506,4,,1,30,,156494,4,,1,70,,156516,4,,1,30,,156509,4,,1,70,,156503,4,,1,30,,156490,4,,1,70,,156499,4,,1,100,,156489,4,,1,114,,156492,4,,1
3501,'11',651,,156545,4,,1,101,,156530,4,,1,103,,156518,4,,1,71,,156517,4,,1,29,,156528,4,,1,70,,156533,4,,1,31,,156543,4,,1,71,,156523,4,,1,29,,156524,4,,1,70,,156539,4,,1,30,,156526,4,,1,69,,156537,4,,1,29,,4078,4,,1,69,,156521,4,,1,14,,156541,4,,1,16,,27186,4,,1,74,,156532,4,,1,30,,156522,4,,1,72,,156527,4,,1,98,,2604,4,,1,30,,156531,4,,1,69,,156544,4,,1,30,,156538,4,,1,70,,114624,4,,1,30,,5404,4,,1,70,,6663,4,,1,30,,56145,4,,1,70,,156536,4,,1,29,,156520,4,,1,72,,156519,4,,1,28,,119426,4,,1,97,,156542,4,,1,97,,156535,4,,1
3501,'12',651,,156575,4,,1,101,,156561,4,,1,103,,17209,4,,1,71,,156546,4,,1,29,,156560,4,,1,70,,43079,4,,1,31,,156572,4,,1,71,,156552,4,,1,29,,156555,4,,1,70,,156570,4,,1,30,,49116,4,,1,69,,156568,4,,1,29,,156573,4,,1,69,,156549,4,,1,14,,65994,4,,1,16,,156567,4,,1,74,,156563,4,,1,30,,156550,4,,1,72,,156558,4,,1,98,,156559,4,,1,30,,156562,4,,1,69,,156574,4,,1,30,,156569,4,,1,70,,156548,4,,1,30,,156553,4,,1,70,,156551,4,,1,30,,156557,4,,1,70,,156566,4,,1,29,,112965,4,,1,72,,23671,4,,1,28,,156554,4,,1,97,,71774,4,,1,97,,156565,4,,1
3501,'13',850,,156586,4,,1,70,,156594,4,,1,30,,156597,4,,1,70,,156578,4,,1,31,,156592,4,,1,70,,156580,4,,1,30,,156576,4,,1,70,,156595,4,,1,30,,156588,4,,1,70,,156583,4,,1,30,,12402,4,,1,70,,156591,4,,1,30,,105216,4,,1,70,,156589,4,,1,30,,156585,4,,1,70,,156596,4,,1,30,,156582,4,,1,70,,98351,4,,1,30,,8251,4,,1,70,,115345,4,,1,29,,156587,4,,1,70,,156590,4,,1,30,,156581,4,,1,70,,156598,4,,1,30,,156593,4,,1,70,,66056,4,,1,30,,49229,4,,1,70,,156584,4,,1,100,,156577,4,,1,114,,156579,4,,1
3501,'14',651,,156627,4,,1,101,,156612,4,,1,103,,156600,4,,1,71,,156599,4,,1,29,,156610,4,,1,70,,156615,4,,1,31,,156625,4,,1,71,,156605,4,,1,29,,156606,4,,1,70,,156621,4,,1,30,,156608,4,,1,69,,156619,4,,1,29,,4712,4,,1,69,,156603,4,,1,14,,156623,4,,1,16,,27654,4,,1,74,,156614,4,,1,30,,156604,4,,1,72,,156609,4,,1,98,,3242,4,,1,30,,156613,4,,1,69,,156626,4,,1,30,,156620,4,,1,70,,114793,4,,1,30,,5970,4,,1,70,,7224,4,,1,30,,56428,4,,1,70,,156618,4,,1,29,,156602,4,,1,72,,156601,4,,1,28,,119575,4,,1,97,,156624,4,,1,97,,156617,4,,1
3501,'15',1017,,156637,4,,1,32,,156647,4,,1,70,,156630,4,,1,30,,156628,4,,1,70,,156636,4,,1,31,,156635,4,,1,70,,156631,4,,1,30,,156632,4,,1,70,,156640,4,,1,30,,156646,4,,1,70,,156638,4,,1,30,,156643,4,,1,70,,156645,4,,1,30,,156644,4,,1,70,,156633,4,,1,30,,156642,4,,1,70,,156634,4,,1,98,,156629,4,,1,100,,156639,4,,1,100,,156641,4,,1,100,,156648,4,,1,100,,156649,4,,1
3501,'16',1017,,156659,4,,1,32,,156668,4,,1,70,,156652,4,,1,30,,156650,4,,1,70,,156658,4,,1,31,,156657,4,,1,70,,156653,4,,1,30,,156654,4,,1,70,,156662,4,,1,30,,156667,4,,1,70,,156660,4,,1,30,,89798,4,,1,70,,156666,4,,1,30,,156665,4,,1,70,,156655,4,,1,30,,156664,4,,1,70,,156656,4,,1,98,,156651,4,,1,100,,156661,4,,1,100,,156663,4,,1,100,,80320,4,,1,100,,55651,4,,1
3501,'17',651,,63361,4,,1,101,,119723,4,,1,104,,156691,4,,1,72,,120871,4,,1,27,,156683,4,,1,70,,117217,4,,1,31,,156671,4,,1,71,,156681,4,,1,29,,156678,4,,1,70,,49087,4,,1,30,,51437,4,,1,69,,156690,4,,1,29,,156682,4,,1,69,,156675,4,,1,30,,156685,4,,1,74,,156677,4,,1,30,,156670,4,,1,70,,156688,4,,1,30,,156689,4,,1,70,,57356,4,,1,30,,156674,4,,1,69,,119867,4,,1,30,,156687,4,,1,70,,156673,4,,1,30,,156669,4,,1,70,,156680,4,,1,30,,156676,4,,1,70,,156684,4,,1,29,,156672,4,,1,72,,156686,4,,1,28,,45169,4,,1,97,,156679,4,,1,97,,76554,4,,1
3501,'18',850,,156703,4,,1,70,,156709,4,,1,30,,156714,4,,1,70,,156694,4,,1,31,,156707,4,,1,70,,156697,4,,1,30,,156692,4,,1,70,,156712,4,,1,30,,92911,4,,1,70,,5794,4,,1,30,,156711,4,,1,70,,156706,4,,1,30,,156699,4,,1,70,,122785,4,,1,30,,156702,4,,1,70,,156713,4,,1,30,,91554,4,,1,70,,156700,4,,1,30,,156710,4,,1,70,,156696,4,,1,29,,55700,4,,1,70,,156705,4,,1,30,,156698,4,,1,70,,156715,4,,1,30,,156708,4,,1,70,,156704,4,,1,30,,156695,4,,1,70,,156701,4,,1,100,,156693,4,,1,114,,124827,4,,1
3501,'19',651,,63093,4,,1,101,,119683,4,,1,104,,156738,4,,1,72,,120839,4,,1,27,,156730,4,,1,70,,116823,4,,1,31,,156718,4,,1,71,,156728,4,,1,29,,156725,4,,1,70,,48441,4,,1,30,,50679,4,,1,69,,156737,4,,1,29,,156729,4,,1,69,,156722,4,,1,30,,156732,4,,1,74,,156724,4,,1,30,,156717,4,,1,70,,156735,4,,1,30,,156736,4,,1,70,,56830,4,,1,30,,156721,4,,1,69,,119835,4,,1,30,,156734,4,,1,70,,156720,4,,1,30,,156716,4,,1,70,,156727,4,,1,30,,156723,4,,1,70,,156731,4,,1,29,,156719,4,,1,72,,156733,4,,1,28,,44523,4,,1,97,,156726,4,,1,97,,75988,4,,1
3501,'2',651,,156767,4,,1,101,,156752,4,,1,103,,156740,4,,1,71,,156739,4,,1,29,,156750,4,,1,70,,156755,4,,1,31,,156765,4,,1,71,,156745,4,,1,29,,156746,4,,1,70,,156761,4,,1,30,,156748,4,,1,69,,156759,4,,1,29,,4417,4,,1,69,,156743,4,,1,14,,156763,4,,1,16,,27398,4,,1,74,,156754,4,,1,30,,156744,4,,1,72,,156749,4,,1,98,,2944,4,,1,30,,156753,4,,1,69,,156766,4,,1,30,,156760,4,,1,70,,114701,4,,1,30,,5730,4,,1,70,,6988,4,,1,30,,56296,4,,1,70,,156758,4,,1,29,,156742,4,,1,72,,156741,4,,1,28,,119491,4,,1,97,,156764,4,,1,97,,156757,4,,1
3501,'20',1017,,156777,4,,1,32,,156786,4,,1,70,,156770,4,,1,30,,156768,4,,1,70,,156776,4,,1,31,,156775,4,,1,70,,156771,4,,1,30,,156772,4,,1,70,,156780,4,,1,30,,156785,4,,1,70,,156778,4,,1,30,,89548,4,,1,70,,156784,4,,1,30,,156783,4,,1,70,,156773,4,,1,30,,156782,4,,1,70,,156774,4,,1,98,,156769,4,,1,100,,156779,4,,1,100,,156781,4,,1,100,,79744,4,,1,100,,55439,4,,1
3501,'21',651,,63326,4,,1,101,,119718,4,,1,104,,156809,4,,1,72,,120867,4,,1,27,,156801,4,,1,70,,117182,4,,1,31,,156789,4,,1,71,,156799,4,,1,29,,156796,4,,1,70,,49021,4,,1,30,,51364,4,,1,69,,156808,4,,1,29,,156800,4,,1,69,,156793,4,,1,30,,156803,4,,1,74,,156795,4,,1,30,,156788,4,,1,70,,156806,4,,1,30,,156807,4,,1,70,,57307,4,,1,30,,156792,4,,1,69,,119863,4,,1,30,,156805,4,,1,70,,156791,4,,1,30,,156787,4,,1,70,,156798,4,,1,30,,156794,4,,1,70,,156802,4,,1,29,,156790,4,,1,72,,156804,4,,1,28,,45104,4,,1,97,,156797,4,,1,97,,76496,4,,1
3501,'22',850,,156823,4,,1,70,,156832,4,,1,30,,156837,4,,1,70,,6773,4,,1,31,,156830,4,,1,70,,156815,4,,1,30,,156810,4,,1,70,,156835,4,,1,30,,156826,4,,1,70,,156820,4,,1,30,,156834,4,,1,70,,156829,4,,1,30,,156817,4,,1,70,,156827,4,,1,30,,156822,4,,1,70,,156836,4,,1,30,,156819,4,,1,70,,156818,4,,1,30,,156833,4,,1,70,,156813,4,,1,29,,156824,4,,1,70,,156828,4,,1,30,,156816,4,,1,70,,156838,4,,1,30,,156831,4,,1,70,,156825,4,,1,30,,156812,4,,1,70,,156821,4,,1,100,,156811,4,,1,114,,156814,4,,1
3501,'3',1017,,156846,4,,1,32,,156855,4,,1,70,,156841,4,,1,30,,156839,4,,1,70,,124374,4,,1,31,,156845,4,,1,70,,156842,4,,1,30,,35653,4,,1,70,,156849,4,,1,30,,115398,4,,1,70,,156847,4,,1,30,,156852,4,,1,70,,156854,4,,1,30,,156853,4,,1,70,,156843,4,,1,30,,156851,4,,1,70,,156844,4,,1,98,,156840,4,,1,100,,156848,4,,1,100,,156850,4,,1,100,,156856,4,,1,100,,156857,4,,1
3501,'4',651,,156886,4,,1,101,,156871,4,,1,103,,156859,4,,1,71,,156858,4,,1,29,,156869,4,,1,70,,156874,4,,1,31,,156884,4,,1,71,,156864,4,,1,29,,156865,4,,1,70,,156880,4,,1,30,,156867,4,,1,69,,156878,4,,1,29,,4566,4,,1,69,,156862,4,,1,14,,156882,4,,1,16,,27526,4,,1,74,,156873,4,,1,30,,156863,4,,1,72,,156868,4,,1,98,,3094,4,,1,30,,156872,4,,1,69,,156885,4,,1,30,,156879,4,,1,70,,114747,4,,1,30,,5850,4,,1,70,,7106,4,,1,30,,56362,4,,1,70,,156877,4,,1,29,,156861,4,,1,72,,156860,4,,1,28,,119533,4,,1,97,,156883,4,,1,97,,156876,4,,1
3501,'5',651,,156915,4,,1,101,,156900,4,,1,103,,156888,4,,1,71,,156887,4,,1,29,,156898,4,,1,70,,156903,4,,1,31,,156913,4,,1,71,,156893,4,,1,29,,156894,4,,1,70,,156909,4,,1,30,,156896,4,,1,69,,156907,4,,1,29,,4639,4,,1,69,,156891,4,,1,14,,156911,4,,1,16,,27590,4,,1,74,,156902,4,,1,30,,156892,4,,1,72,,156897,4,,1,98,,3168,4,,1,30,,156901,4,,1,69,,156914,4,,1,30,,156908,4,,1,70,,114770,4,,1,30,,5910,4,,1,70,,7165,4,,1,30,,56395,4,,1,70,,156906,4,,1,29,,156890,4,,1,72,,156889,4,,1,28,,119554,4,,1,97,,156912,4,,1,97,,156905,4,,1
3501,'6',651,,156944,4,,1,101,,156929,4,,1,103,,156917,4,,1,71,,156916,4,,1,29,,156927,4,,1,70,,156932,4,,1,31,,156942,4,,1,71,,156922,4,,1,29,,156923,4,,1,70,,156938,4,,1,30,,156925,4,,1,69,,156936,4,,1,29,,3592,4,,1,69,,156920,4,,1,14,,156940,4,,1,16,,26797,4,,1,74,,156931,4,,1,30,,156921,4,,1,72,,156926,4,,1,98,,2111,4,,1,30,,156930,4,,1,69,,156943,4,,1,30,,156937,4,,1,70,,114491,4,,1,30,,4964,4,,1,70,,6224,4,,1,30,,55927,4,,1,70,,156935,4,,1,29,,156919,4,,1,72,,156918,4,,1,28,,119299,4,,1,97,,156941,4,,1,97,,156934,4,,1
3501,'7',651,,156964,4,,1,101,,156971,4,,1,104,,156947,4,,1,70,,156962,4,,1,29,,156969,4,,1,70,,156945,4,,1,31,,156974,4,,1,71,,156977,4,,1,29,,156952,4,,1,70,,156950,4,,1,30,,156955,4,,1,69,,156953,4,,1,29,,156946,4,,1,69,,156961,4,,1,30,,156948,4,,1,74,,156963,4,,1,30,,156967,4,,1,70,,156975,4,,1,30,,156968,4,,1,70,,156970,4,,1,30,,156959,4,,1,69,,156973,4,,1,30,,156949,4,,1,70,,156960,4,,1,30,,156956,4,,1,70,,156965,4,,1,30,,156954,4,,1,70,,156951,4,,1,29,,156976,4,,1,72,,156966,4,,1,28,,156957,4,,1,97,,156958,4,,1,97,,156972,4,,1
3501,'8',1017,,156987,4,,1,32,,156996,4,,1,70,,156980,4,,1,30,,156978,4,,1,70,,156986,4,,1,31,,156985,4,,1,70,,156981,4,,1,30,,156982,4,,1,70,,156990,4,,1,30,,156995,4,,1,70,,156988,4,,1,30,,89706,4,,1,70,,156994,4,,1,30,,156993,4,,1,70,,156983,4,,1,30,,156992,4,,1,70,,156984,4,,1,98,,156979,4,,1,100,,156989,4,,1,100,,156991,4,,1,100,,80078,4,,1,100,,55561,4,,1
3501,'9',651,,157022,4,,1,101,,157004,4,,1,104,,157025,4,,1,72,,157016,4,,1,27,,157015,4,,1,70,,157002,4,,1,31,,157000,4,,1,71,,157013,4,,1,29,,157010,4,,1,70,,157021,4,,1,30,,157024,4,,1,69,,100605,4,,1,29,,157014,4,,1,69,,157006,4,,1,30,,157019,4,,1,74,,157008,4,,1,30,,156999,4,,1,70,,110360,4,,1,30,,157023,4,,1,70,,157009,4,,1,30,,157005,4,,1,69,,157017,4,,1,30,,61922,4,,1,70,,157003,4,,1,30,,156997,4,,1,70,,157011,4,,1,30,,157007,4,,1,70,,157018,4,,1,29,,157001,4,,1,72,,157020,4,,1,28,,156998,4,,1,97,,39247,4,,1,97,,157012,4,,1
