6200,'11',708,,254252,8,,,1,30,,254267,8,,,1,70,,254257,8,,,1,30,,25803,8,,,1,70,,254258,8,,,1,30,,254254,8,,,1,70,,140093,8,,,1,30,,75020,8,,,1,70,,254265,8,,,1,30,,140764,8,,,1,70,,254249,8,,,1,30,,254268,8,,,1,70,,135860,8,,,1,30,,254250,8,,,1,70,,254247,8,,,1,30,,254251,8,,,1,70,,254248,8,,,1,30,,158619,8,,,1,70,,34333,8,,,1,30,,254269,8,,,1,70,,254255,8,,,1,30,,254262,8,,,1,70,,254261,8,,,1,30,,254264,8,,,1,70,,254260,8,,,1,30,,254253,8,,,1,70,,254270,8,,,1,30,,254256,8,,,1,70,,254266,8,,,1,30,,176106,8,,,1,70,,254259,8,,,1
6200,'12',1204,,254275,8,,,1,35,,254300,8,,,1,70,,254274,8,,,1,30,,254291,8,,,1,70,,254281,8,,,1,28,,254301,8,,,1,72,,254290,8,,,1,31,,254292,8,,,1,73,,254285,8,,,1,32,,254293,8,,,1,70,,254276,8,,,1,29,,254272,8,,,1,70,,254294,8,,,1,25,,254288,8,,,1,70,,173121,8,,,1,30,,254280,8,,,1
6200,'14',1204,,254327,8,,,1,35,,254344,8,,,1,70,,254345,8,,,1,30,,254338,8,,,1,69,,201945,8,,,1,31,,129033,8,,,1,71,,254332,8,,,1,30,,254330,8,,,1,72,,254352,8,,,1,33,,254343,8,,,1,70,,254350,8,,,1,29,,254342,8,,,1,70,,254351,8,,,1,25,,254346,8,,,1,70,,203637,8,,,1,30,,254348,8,,,1
6200,'15',1204,,254357,8,,,1,35,,254382,8,,,1,70,,254356,8,,,1,30,,254373,8,,,1,70,,254363,8,,,1,28,,254383,8,,,1,72,,254372,8,,,1,31,,254374,8,,,1,73,,254367,8,,,1,32,,254375,8,,,1,70,,254358,8,,,1,29,,254354,8,,,1,70,,254376,8,,,1,25,,254370,8,,,1,70,,173290,8,,,1,30,,254362,8,,,1
6200,'16',708,,254391,8,,,1,30,,179257,8,,,1,70,,254397,8,,,1,30,,254392,8,,,1,70,,174190,8,,,1,30,,254395,8,,,1,70,,254405,8,,,1,30,,254399,8,,,1,70,,81880,8,,,1,30,,254385,8,,,1,70,,254388,8,,,1,30,,131094,8,,,1,70,,254407,8,,,1,30,,254389,8,,,1,70,,254386,8,,,1,30,,254390,8,,,1,70,,254387,8,,,1,30,,254398,8,,,1,70,,254393,8,,,1,30,,156412,8,,,1,70,,198629,8,,,1,30,,254402,8,,,1,70,,254401,8,,,1,30,,254403,8,,,1,70,,254400,8,,,1,30,,254394,8,,,1,70,,254406,8,,,1,30,,254396,8,,,1,70,,254404,8,,,1,30,,254384,8,,,1,70,,160416,8,,,1
6200,'17',1204,,254408,8,,,1,35,,254425,8,,,1,70,,254426,8,,,1,30,,254419,8,,,1,69,,201900,8,,,1,31,,118815,8,,,1,71,,254413,8,,,1,30,,254411,8,,,1,72,,254433,8,,,1,33,,254424,8,,,1,70,,254431,8,,,1,29,,254423,8,,,1,70,,254432,8,,,1,25,,254427,8,,,1,70,,50,8,,,1,30,,254429,8,,,1
6200,'18',1204,,254434,8,,,1,35,,254451,8,,,1,70,,254452,8,,,1,30,,254445,8,,,1,69,,11084,8,,,1,31,,129124,8,,,1,71,,254439,8,,,1,30,,254437,8,,,1,72,,254459,8,,,1,33,,254450,8,,,1,70,,254457,8,,,1,29,,254449,8,,,1,70,,254458,8,,,1,25,,254453,8,,,1,70,,203647,8,,,1,30,,254455,8,,,1
6200,'2',1204,,254460,8,,,1,35,,177691,8,,,1,70,,254480,8,,,1,30,,254473,8,,,1,69,,254465,8,,,1,31,,254474,8,,,1,71,,146617,8,,,1,30,,254463,8,,,1,72,,254487,8,,,1,33,,125912,8,,,1,70,,254485,8,,,1,29,,254477,8,,,1,70,,254486,8,,,1,25,,254481,8,,,1,70,,254471,8,,,1,30,,139303,8,,,1
6200,'3',1204,,22759,8,,,1,35,,254507,8,,,1,70,,182932,8,,,1,30,,254499,8,,,1,70,,254494,8,,,1,28,,132327,8,,,1,72,,137516,8,,,1,31,,124759,8,,,1,73,,254496,8,,,1,32,,254500,8,,,1,70,,104218,8,,,1,29,,174504,8,,,1,70,,254501,8,,,1,25,,254497,8,,,1,70,,254495,8,,,1,30,,254493,8,,,1
6200,'4',1204,,254513,8,,,1,35,,254538,8,,,1,70,,254512,8,,,1,30,,254529,8,,,1,70,,254519,8,,,1,28,,254539,8,,,1,72,,254528,8,,,1,31,,254530,8,,,1,73,,254523,8,,,1,32,,254531,8,,,1,70,,254514,8,,,1,29,,254510,8,,,1,70,,254532,8,,,1,25,,254526,8,,,1,70,,173362,8,,,1,30,,254518,8,,,1
6200,'5',1204,,254544,8,,,1,35,,254569,8,,,1,70,,254543,8,,,1,30,,254560,8,,,1,70,,254550,8,,,1,28,,254570,8,,,1,72,,254559,8,,,1,31,,254561,8,,,1,73,,254554,8,,,1,32,,254562,8,,,1,70,,254545,8,,,1,29,,254541,8,,,1,70,,254563,8,,,1,25,,254557,8,,,1,70,,172756,8,,,1,30,,254549,8,,,1
6200,'6',708,,254574,8,,,1,30,,254590,8,,,1,70,,166608,8,,,1,30,,254575,8,,,1,70,,254580,8,,,1,30,,198974,8,,,1,70,,254593,8,,,1,30,,254582,8,,,1,70,,254588,8,,,1,30,,254572,8,,,1,70,,35328,8,,,1,30,,254591,8,,,1,70,,254595,8,,,1,30,,156270,8,,,1,70,,254573,8,,,1,30,,175208,8,,,1,70,,161534,8,,,1,30,,254579,8,,,1,70,,254576,8,,,1,30,,254592,8,,,1,70,,254577,8,,,1,30,,254585,8,,,1,70,,254584,8,,,1,30,,254587,8,,,1,70,,254583,8,,,1,30,,136386,8,,,1,70,,254594,8,,,1,30,,254578,8,,,1,70,,254589,8,,,1,30,,254571,8,,,1,70,,254581,8,,,1
6200,'7',1204,,254596,8,,,1,35,,254619,8,,,1,70,,254620,8,,,1,30,,254610,8,,,1,69,,254600,8,,,1,31,,254611,8,,,1,71,,254603,8,,,1,30,,254599,8,,,1,72,,254628,8,,,1,33,,254618,8,,,1,70,,254626,8,,,1,29,,254615,8,,,1,70,,254627,8,,,1,25,,254621,8,,,1,70,,254607,8,,,1,30,,254624,8,,,1
6200,'8',1204,,254635,8,,,1,35,,254658,8,,,1,70,,254638,8,,,1,30,,254647,8,,,1,68,,254660,8,,,1,30,,254632,8,,,1,72,,254637,8,,,1,31,,254657,8,,,1,72,,254651,8,,,1,32,,254639,8,,,1,71,,254649,8,,,1,29,,254665,8,,,1,70,,254663,8,,,1,25,,254662,8,,,1,70,,254659,8,,,1,30,,254640,8,,,1
6200,'9',1204,,254670,8,,,1,35,,254695,8,,,1,70,,254669,8,,,1,30,,254686,8,,,1,70,,254676,8,,,1,28,,254696,8,,,1,72,,254685,8,,,1,31,,254687,8,,,1,73,,254680,8,,,1,32,,254688,8,,,1,70,,254671,8,,,1,29,,254667,8,,,1,70,,254689,8,,,1,25,,254683,8,,,1,70,,173077,8,,,1,30,,254675,8,,,1
