16800,'1',548,,199953,52,,,1,75,,58048,52,,,1,30,,47575,52,,,1,70,,75190,52,,,1,34,,199966,52,,,1,70,,14013,52,,,1,30,,199956,52,,,1,70,,199964,52,,,1,27,,199960,52,,,1,70,,199962,52,,,1,30,,199969,52,,,1,70,,199972,52,,,1,30,,24336,52,,,1,70,,11909,52,,,1,30,,199961,52,,,1,70,,199965,52,,,1,30,,199954,52,,,1,75,,111478,52,,,1,30,,199977,52,,,1,73,,199976,52,,,1,69,,120123,52,,,1,28,,199959,52,,,1,30,,199963,52,,,1,70,,199957,52,,,1,30,,199968,52,,,1,70,,42755,52,,,1,28,,199970,52,,,1,70,,199967,52,,,1,24,,199975,52,,,1,70,,199974,52,,,1,30,,42758,52,,,1,70,,199971,52,,,1,30,,199958,52,,,1,100,,199973,52,,,1,149,,199955,52,,,1
16800,'10',548,,199983,52,,,1,105,,105260,52,,,1,104,,199989,52,,,1,100,,199984,52,,,1,97,,199987,52,,,1,100,,199990,52,,,1,100,,21838,52,,,1,100,,199981,52,,,1,100,,199991,52,,,1,105,,199980,52,,,1,100,,199978,52,,,1,100,,50275,52,,,1,100,,199985,52,,,1,98,,199988,52,,,1,94,,199986,52,,,1,100,,199992,52,,,1,100,,199993,52,,,1,100,,199979,52,,,1,149,,199982,52,,,1
16800,'11',659,,199995,52,,,1,100,,200006,52,,,1,100,,200012,52,,,1,70,,200005,52,,,1,30,,200001,52,,,1,74,,200004,52,,,1,70,,199994,52,,,1,30,,200000,52,,,1,70,,199997,52,,,1,31,,200008,52,,,1,70,,28580,52,,,1,30,,199999,52,,,1,70,,200015,52,,,1,30,,200002,52,,,1,70,,199996,52,,,1,30,,120040,52,,,1,70,,200011,52,,,1,30,,200009,52,,,1,70,,200007,52,,,1,30,,200010,52,,,1,70,,200014,52,,,1,29,,100545,52,,,1,70,,200003,52,,,1,100,,200016,52,,,1,56,,200013,52,,,1,100,,199998,52,,,1,100,,30619,52,,,1,153,,56561,52,,,1
16800,'12',548,,39127,52,,,1,75,,200037,52,,,1,30,,200032,52,,,1,70,,200041,52,,,1,34,,200029,52,,,1,70,,200034,52,,,1,30,,200044,52,,,1,70,,200018,52,,,1,27,,200020,52,,,1,70,,200042,52,,,1,30,,200039,52,,,1,70,,200025,52,,,1,30,,46461,52,,,1,70,,76678,52,,,1,30,,200036,52,,,1,70,,200043,52,,,1,30,,55495,52,,,1,75,,200038,52,,,1,30,,200027,52,,,1,73,,200017,52,,,1,27,,200035,52,,,1,70,,82258,52,,,1,30,,200023,52,,,1,70,,200040,52,,,1,30,,200019,52,,,1,70,,200022,52,,,1,28,,200021,52,,,1,70,,200026,52,,,1,24,,200033,52,,,1,70,,200024,52,,,1,30,,102146,52,,,1,70,,200028,52,,,1,30,,200030,52,,,1,100,,78329,52,,,1,149,,200031,52,,,1
16800,'13',659,,200046,52,,,1,100,,200055,52,,,1,100,,200062,52,,,1,70,,35111,52,,,1,30,,7993,52,,,1,74,,200053,52,,,1,70,,200045,52,,,1,30,,200049,52,,,1,70,,102339,52,,,1,31,,72741,52,,,1,70,,200054,52,,,1,30,,200048,52,,,1,70,,59006,52,,,1,30,,200050,52,,,1,70,,72267,52,,,1,30,,200051,52,,,1,70,,200061,52,,,1,30,,200058,52,,,1,70,,200056,52,,,1,30,,200059,52,,,1,70,,6261,52,,,1,29,,200047,52,,,1,70,,200052,52,,,1,100,,200063,52,,,1,56,,14210,52,,,1,100,,36329,52,,,1,100,,200060,52,,,1,153,,200057,52,,,1
16800,'14',548,,200086,52,,,1,75,,200082,52,,,1,30,,109374,52,,,1,70,,200088,52,,,1,34,,17215,52,,,1,70,,200079,52,,,1,30,,71831,52,,,1,70,,200066,52,,,1,27,,12338,52,,,1,70,,63310,52,,,1,30,,200084,52,,,1,70,,38274,52,,,1,30,,200075,52,,,1,70,,200067,52,,,1,30,,200081,52,,,1,70,,12392,52,,,1,30,,200087,52,,,1,75,,200083,52,,,1,30,,200073,52,,,1,73,,200064,52,,,1,27,,200080,52,,,1,70,,200065,52,,,1,30,,200071,52,,,1,70,,200085,52,,,1,30,,200068,52,,,1,70,,200070,52,,,1,28,,200069,52,,,1,70,,200072,52,,,1,24,,200078,52,,,1,70,,10356,52,,,1,30,,200074,52,,,1,70,,200076,52,,,1,30,,200077,52,,,1,100,,200089,52,,,1,149,,6631,52,,,1
16800,'15',548,,200112,52,,,1,75,,200108,52,,,1,30,,109500,52,,,1,70,,200114,52,,,1,34,,17355,52,,,1,70,,200105,52,,,1,30,,72102,52,,,1,70,,200092,52,,,1,27,,12684,52,,,1,70,,63627,52,,,1,30,,200110,52,,,1,70,,38765,52,,,1,30,,200101,52,,,1,70,,200093,52,,,1,30,,200107,52,,,1,70,,12738,52,,,1,30,,200113,52,,,1,75,,200109,52,,,1,30,,200099,52,,,1,73,,200090,52,,,1,27,,200106,52,,,1,70,,200091,52,,,1,30,,200097,52,,,1,70,,200111,52,,,1,30,,200094,52,,,1,70,,200096,52,,,1,28,,200095,52,,,1,70,,200098,52,,,1,24,,200104,52,,,1,70,,10696,52,,,1,30,,200100,52,,,1,70,,200102,52,,,1,30,,200103,52,,,1,100,,200115,52,,,1,149,,7007,52,,,1
16800,'16',548,,200137,52,,,1,75,,105169,52,,,1,30,,200129,52,,,1,70,,200139,52,,,1,34,,200126,52,,,1,70,,200131,52,,,1,30,,200143,52,,,1,70,,56506,52,,,1,27,,200119,52,,,1,70,,200141,52,,,1,30,,200135,52,,,1,70,,200122,52,,,1,30,,200125,52,,,1,70,,200118,52,,,1,30,,200133,52,,,1,70,,200142,52,,,1,30,,200138,52,,,1,75,,200134,52,,,1,30,,200123,52,,,1,73,,200116,52,,,1,27,,200132,52,,,1,70,,200117,52,,,1,30,,68399,52,,,1,70,,200136,52,,,1,30,,82412,52,,,1,70,,50059,52,,,1,28,,200120,52,,,1,70,,63007,52,,,1,24,,200130,52,,,1,70,,200121,52,,,1,30,,200124,52,,,1,70,,99607,52,,,1,30,,200127,52,,,1,100,,200140,52,,,1,149,,200128,52,,,1
16800,'17',548,,200144,52,,,1,75,,58270,52,,,1,30,,47867,52,,,1,70,,75615,52,,,1,34,,200157,52,,,1,70,,14389,52,,,1,30,,200147,52,,,1,70,,200155,52,,,1,27,,200151,52,,,1,70,,200153,52,,,1,30,,200160,52,,,1,70,,200163,52,,,1,30,,24550,52,,,1,70,,12194,52,,,1,30,,200152,52,,,1,70,,200156,52,,,1,30,,200145,52,,,1,75,,111650,52,,,1,30,,200168,52,,,1,73,,200167,52,,,1,69,,120147,52,,,1,28,,200150,52,,,1,30,,200154,52,,,1,70,,200148,52,,,1,30,,200159,52,,,1,70,,43048,52,,,1,28,,200161,52,,,1,70,,200158,52,,,1,24,,200166,52,,,1,70,,200165,52,,,1,30,,43051,52,,,1,70,,200162,52,,,1,30,,200149,52,,,1,100,,200164,52,,,1,149,,200146,52,,,1
16800,'2',548,,200169,52,,,1,75,,58097,52,,,1,30,,47638,52,,,1,70,,75274,52,,,1,34,,200182,52,,,1,70,,14090,52,,,1,30,,200172,52,,,1,70,,200180,52,,,1,27,,200176,52,,,1,70,,200178,52,,,1,30,,200185,52,,,1,70,,200188,52,,,1,30,,24382,52,,,1,70,,11969,52,,,1,30,,200177,52,,,1,70,,200181,52,,,1,30,,200170,52,,,1,75,,111513,52,,,1,30,,200193,52,,,1,73,,200192,52,,,1,69,,120131,52,,,1,28,,200175,52,,,1,30,,200179,52,,,1,70,,200173,52,,,1,30,,200184,52,,,1,70,,42818,52,,,1,28,,200186,52,,,1,70,,200183,52,,,1,24,,200191,52,,,1,70,,200190,52,,,1,30,,42821,52,,,1,70,,200187,52,,,1,30,,200174,52,,,1,100,,200189,52,,,1,149,,200171,52,,,1
16800,'3',548,,200216,52,,,1,75,,200212,52,,,1,30,,109456,52,,,1,70,,200218,52,,,1,34,,17299,52,,,1,70,,200209,52,,,1,30,,72006,52,,,1,70,,200196,52,,,1,27,,12559,52,,,1,70,,63517,52,,,1,30,,200214,52,,,1,70,,38599,52,,,1,30,,200205,52,,,1,70,,200197,52,,,1,30,,200211,52,,,1,70,,12613,52,,,1,30,,200217,52,,,1,75,,200213,52,,,1,30,,200203,52,,,1,73,,200194,52,,,1,27,,200210,52,,,1,70,,200195,52,,,1,30,,200201,52,,,1,70,,200215,52,,,1,30,,200198,52,,,1,70,,200200,52,,,1,28,,200199,52,,,1,70,,200202,52,,,1,24,,200208,52,,,1,70,,10575,52,,,1,30,,200204,52,,,1,70,,200206,52,,,1,30,,200207,52,,,1,100,,200219,52,,,1,149,,6879,52,,,1
16800,'4',701,,200240,52,,,1,100,,200237,52,,,1,30,,100965,52,,,1,70,,200223,52,,,1,30,,27717,52,,,1,70,,200221,52,,,1,34,,200230,52,,,1,70,,200229,52,,,1,30,,200228,52,,,1,70,,200244,52,,,1,31,,200243,52,,,1,70,,200231,52,,,1,30,,200242,52,,,1,70,,200224,52,,,1,30,,73028,52,,,1,70,,40178,52,,,1,30,,200241,52,,,1,70,,200220,52,,,1,30,,200233,52,,,1,70,,200239,52,,,1,30,,34209,52,,,1,70,,200232,52,,,1,29,,11646,52,,,1,70,,200225,52,,,1,30,,200236,52,,,1,70,,200226,52,,,1,26,,200227,52,,,1,70,,200238,52,,,1,30,,200235,52,,,1,70,,67993,52,,,1,100,,200222,52,,,1,120,,200234,52,,,1
16800,'5',548,,200245,52,,,1,75,,200247,52,,,1,30,,200267,52,,,1,70,,200259,52,,,1,34,,200263,52,,,1,70,,200254,52,,,1,30,,109162,52,,,1,70,,100279,52,,,1,27,,200251,52,,,1,70,,200256,52,,,1,30,,200268,52,,,1,70,,200270,52,,,1,30,,200264,52,,,1,70,,200260,52,,,1,30,,200253,52,,,1,70,,200261,52,,,1,30,,200246,52,,,1,75,,200258,52,,,1,30,,200275,52,,,1,73,,200274,52,,,1,69,,200262,52,,,1,28,,39004,52,,,1,30,,200257,52,,,1,70,,200249,52,,,1,30,,200266,52,,,1,70,,200252,52,,,1,28,,65901,52,,,1,70,,200265,52,,,1,24,,200273,52,,,1,70,,200272,52,,,1,30,,200255,52,,,1,70,,200269,52,,,1,30,,200250,52,,,1,100,,200271,52,,,1,149,,200248,52,,,1
16800,'6',548,,200276,52,,,1,75,,58546,52,,,1,30,,48196,52,,,1,70,,76126,52,,,1,34,,200289,52,,,1,70,,14823,52,,,1,30,,200279,52,,,1,70,,200287,52,,,1,27,,200283,52,,,1,70,,200285,52,,,1,30,,200292,52,,,1,70,,200295,52,,,1,30,,24776,52,,,1,70,,12521,52,,,1,30,,200284,52,,,1,70,,200288,52,,,1,30,,200277,52,,,1,75,,111837,52,,,1,30,,200300,52,,,1,73,,200299,52,,,1,69,,120163,52,,,1,28,,200282,52,,,1,30,,200286,52,,,1,70,,200280,52,,,1,30,,200291,52,,,1,70,,43374,52,,,1,28,,200293,52,,,1,70,,200290,52,,,1,24,,200298,52,,,1,70,,200297,52,,,1,30,,43377,52,,,1,70,,200294,52,,,1,30,,200281,52,,,1,100,,200296,52,,,1,149,,200278,52,,,1
16800,'7',701,,113245,52,,,1,100,,5871,52,,,1,30,,200301,52,,,1,70,,200307,52,,,1,30,,200309,52,,,1,70,,200304,52,,,1,34,,200314,52,,,1,70,,200313,52,,,1,30,,200312,52,,,1,70,,200321,52,,,1,31,,200320,52,,,1,70,,200315,52,,,1,30,,79278,52,,,1,70,,200310,52,,,1,30,,200308,52,,,1,70,,200303,52,,,1,30,,200319,52,,,1,70,,200302,52,,,1,30,,65834,52,,,1,70,,200318,52,,,1,30,,200306,52,,,1,70,,72121,52,,,1,29,,200323,52,,,1,70,,200311,52,,,1,30,,27837,52,,,1,70,,85341,52,,,1,26,,107280,52,,,1,70,,24951,52,,,1,30,,200317,52,,,1,70,,200322,52,,,1,100,,200305,52,,,1,120,,200316,52,,,1
16800,'8',548,,200324,52,,,1,75,,58497,52,,,1,30,,48133,52,,,1,70,,76042,52,,,1,34,,200337,52,,,1,70,,14746,52,,,1,30,,200327,52,,,1,70,,200335,52,,,1,27,,200331,52,,,1,70,,200333,52,,,1,30,,200340,52,,,1,70,,200343,52,,,1,30,,24730,52,,,1,70,,12461,52,,,1,30,,200332,52,,,1,70,,200336,52,,,1,30,,200325,52,,,1,75,,111802,52,,,1,30,,200348,52,,,1,73,,200347,52,,,1,69,,120155,52,,,1,28,,200330,52,,,1,30,,200334,52,,,1,70,,200328,52,,,1,30,,200339,52,,,1,70,,43311,52,,,1,28,,200341,52,,,1,70,,200338,52,,,1,24,,200346,52,,,1,70,,200345,52,,,1,30,,43314,52,,,1,70,,200342,52,,,1,30,,200329,52,,,1,100,,200344,52,,,1,149,,200326,52,,,1
16800,'9',659,,200350,52,,,1,100,,200363,52,,,1,100,,200368,52,,,1,70,,200362,52,,,1,30,,200356,52,,,1,74,,200360,52,,,1,70,,200349,52,,,1,30,,200355,52,,,1,70,,200353,52,,,1,31,,200365,52,,,1,70,,200361,52,,,1,30,,35338,52,,,1,70,,200371,52,,,1,30,,200357,52,,,1,70,,200352,52,,,1,30,,200358,52,,,1,70,,86788,52,,,1,30,,48079,52,,,1,70,,100801,52,,,1,30,,200366,52,,,1,70,,200370,52,,,1,29,,200351,52,,,1,70,,200359,52,,,1,100,,200372,52,,,1,56,,200369,52,,,1,100,,200354,52,,,1,100,,200367,52,,,1,153,,200364,52,,,1
65600,'1',1559,,205155,43,,,1
65600,'17',1559,,205156,43,,,1
65600,'2',1559,,205157,43,,,1
65600,'5',1559,,205158,43,,,1
65600,'6',1559,,205159,43,,,1
65600,'8',1559,,205160,43,,,1
65700,'1',1556,,1142,41,,,1
65700,'17',1556,,1417,41,,,1
65700,'2',1556,,1201,41,,,1
65700,'5',1556,,205171,41,,,1
65700,'6',1556,,1732,41,,,1
65700,'8',1556,,1673,41,,,1
66701,'1',1445,,205444,33,,,1,7,,205442,33,,,1
66701,'17',1445,,205448,33,,,1,7,,205446,33,,,1
66701,'2',1445,,205452,33,,,1,7,,205450,33,,,1
66701,'5',1445,,205458,33,,,1,7,,205456,33,,,1
66701,'6',1445,,205462,33,,,1,7,,205460,33,,,1
66701,'8',1445,,205466,33,,,1,7,,205464,33,,,1
66801,'1',1452,,205500,48,4,,1,7,,205498,48,4,,1,47,,205501,48,4,,1
66801,'17',1452,,205505,48,4,,1,7,,205503,48,4,,1,47,,205506,48,4,,1
66801,'2',1452,,205510,48,4,,1,7,,205508,48,4,,1,47,,205511,48,4,,1
66801,'5',1452,,205515,48,4,,1,7,,205513,48,4,,1,47,,205516,48,4,,1
66801,'6',1452,,205520,48,4,,1,7,,205518,48,4,,1,47,,205521,48,4,,1
66801,'8',1452,,205525,48,4,,1,7,,205523,48,4,,1,47,,205526,48,4,,1
68100,'1',807,,205856,20,,,1
68100,'17',807,,205857,20,,,1
68100,'2',807,,205858,20,,,1
68100,'5',807,,205859,20,,,1
68100,'6',807,,205860,20,,,1
68100,'8',807,,205861,20,,,1
