801,'1',722,,7858,19,,,1,90,,7863,19,,,1,46,,7841,19,,,1,70,,7851,19,,,1,30,,7857,19,,,1,72,,7849,19,,,1,70,,7842,19,,,1,30,,7861,19,,,1,70,,7845,19,,,1,30,,7864,19,,,1,70,,7846,19,,,1,30,,7847,19,,,1,70,,7860,19,,,1,30,,7854,19,,,1,70,,7856,19,,,1,30,,7865,19,,,1,70,,7855,19,,,1,30,,7839,19,,,1,70,,7838,19,,,1,30,,7853,19,,,1,70,,7859,19,,,1,29,,7843,19,,,1,30,,7850,19,,,1,70,,7844,19,,,1,30,,7867,19,,,1,69,,7862,19,,,1,30,,7852,14,,,1,70,,7837,14,,,1,100,,7848,14,,,1,100,,7866,14,,,1,100,,7840,14,,,1
801,'10',448,,7874,14,,,1,73,,7901,14,,,1,101,,7904,19,,,1,30,,7896,19,,,1,70,,7868,19,,,1,30,,7873,19,,,1,70,,7899,19,,,1,31,,7887,19,,,1,70,,7903,19,,,1,27,,7888,19,,,1,70,,7875,19,,,1,30,,7872,19,,,1,70,,7876,19,,,1,30,,7892,19,,,1,70,,7886,19,,,1,30,,7879,19,,,1,71,,7884,19,,,1,30,,7890,19,,,1,70,,7900,19,,,1,104,,7894,19,,,1,30,,7898,19,,,1,70,,7889,19,,,1,30,,7902,19,,,1,70,,7871,19,,,1,30,,7877,19,,,1,70,,7880,19,,,1,27,,7895,19,,,1,69,,7883,19,,,1,30,,7878,19,,,1,68,,7870,14,,,1,30,,7882,14,,,1,70,,7885,14,,,1,30,,7869,14,,,1,70,,7897,14,,,1,30,,7893,14,,,1,100,,7891,14,,,1,108,,7881,14,,,1
801,'11',448,,7911,14,,,1,73,,7938,14,,,1,101,,7941,19,,,1,30,,7933,19,,,1,70,,7905,19,,,1,30,,7910,19,,,1,70,,7936,19,,,1,31,,7924,19,,,1,70,,7940,19,,,1,27,,7925,19,,,1,70,,7912,19,,,1,30,,7909,19,,,1,70,,7913,19,,,1,30,,7929,19,,,1,70,,7923,19,,,1,30,,7916,19,,,1,71,,7921,19,,,1,30,,7927,19,,,1,70,,7937,19,,,1,104,,7931,19,,,1,30,,7935,19,,,1,70,,7926,19,,,1,30,,7939,19,,,1,70,,7908,19,,,1,30,,7914,19,,,1,70,,7917,19,,,1,27,,7932,19,,,1,69,,7920,19,,,1,30,,7915,19,,,1,68,,7907,14,,,1,30,,7919,14,,,1,70,,7922,14,,,1,30,,7906,14,,,1,70,,7934,14,,,1,30,,7930,14,,,1,100,,7928,14,,,1,108,,7918,14,,,1
801,'12',448,,7948,14,,,1,73,,7975,14,,,1,101,,7978,19,,,1,30,,7970,19,,,1,70,,7942,19,,,1,30,,7947,19,,,1,70,,7973,19,,,1,31,,7961,19,,,1,70,,7977,19,,,1,27,,7962,19,,,1,70,,7949,19,,,1,30,,7946,19,,,1,70,,7950,19,,,1,30,,7966,19,,,1,70,,7960,19,,,1,30,,7953,19,,,1,71,,7958,19,,,1,30,,7964,19,,,1,70,,7974,19,,,1,104,,7968,19,,,1,30,,7972,19,,,1,70,,7963,19,,,1,30,,7976,19,,,1,70,,7945,19,,,1,30,,7951,19,,,1,70,,7954,19,,,1,27,,7969,19,,,1,69,,7957,19,,,1,30,,7952,19,,,1,68,,7944,14,,,1,30,,7956,14,,,1,70,,7959,14,,,1,30,,7943,14,,,1,70,,7971,14,,,1,30,,7967,14,,,1,100,,7965,14,,,1,108,,7955,14,,,1
801,'13',448,,7993,14,,,1,73,,7996,14,,,1,101,,8013,19,,,1,30,,7999,19,,,1,70,,8016,19,,,1,28,,7984,19,,,1,72,,8002,19,,,1,33,,8012,19,,,1,68,,8005,19,,,1,27,,8004,19,,,1,70,,7990,19,,,1,30,,7991,19,,,1,70,,7986,19,,,1,30,,7998,19,,,1,70,,7992,19,,,1,30,,8011,19,,,1,71,,8007,19,,,1,30,,7994,19,,,1,70,,7985,19,,,1,31,,7987,19,,,1,73,,7982,19,,,1,30,,8000,19,,,1,70,,7980,19,,,1,30,,7979,19,,,1,70,,7981,19,,,1,31,,7983,19,,,1,69,,8014,19,,,1,27,,8006,19,,,1,69,,7995,19,,,1,30,,8008,19,,,1,68,,8001,14,,,1,30,,7997,14,,,1,70,,7989,14,,,1,30,,8003,14,,,1,70,,8010,14,,,1,30,,8009,14,,,1,100,,7988,14,,,1,108,,8015,14,,,1
801,'14',518,,8028,14,,,1,100,,8045,19,,,1,100,,8024,19,,,1,100,,8023,19,,,1,30,,8031,19,,,1,70,,8020,19,,,1,30,,8038,19,,,1,72,,8029,19,,,1,30,,8039,19,,,1,70,,8030,19,,,1,30,,8047,19,,,1,70,,8044,19,,,1,30,,8051,19,,,1,70,,8048,19,,,1,30,,8025,19,,,1,70,,8046,19,,,1,30,,8017,19,,,1,70,,8021,19,,,1,30,,8027,19,,,1,70,,8040,19,,,1,30,,8042,19,,,1,70,,8035,19,,,1,30,,8018,19,,,1,69,,8041,19,,,1,30,,8049,19,,,1,70,,8026,19,,,1,30,,8036,19,,,1,69,,8022,19,,,1,30,,8034,14,,,1,70,,8032,14,,,1,30,,8037,14,,,1,70,,8033,14,,,1,100,,8019,14,,,1,100,,8052,14,,,1,100,,8050,14,,,1,30,,8043,14,,,1
801,'15',448,,8059,14,,,1,73,,8086,14,,,1,101,,8089,19,,,1,30,,8081,19,,,1,70,,8053,19,,,1,30,,8058,19,,,1,70,,8084,19,,,1,31,,8072,19,,,1,70,,8088,19,,,1,27,,8073,19,,,1,70,,8060,19,,,1,30,,8057,19,,,1,70,,8061,19,,,1,30,,8077,19,,,1,70,,8071,19,,,1,30,,8064,19,,,1,71,,8069,19,,,1,30,,8075,19,,,1,70,,8085,19,,,1,104,,8079,19,,,1,30,,8083,19,,,1,70,,8074,19,,,1,30,,8087,19,,,1,70,,8056,19,,,1,30,,8062,19,,,1,70,,8065,19,,,1,27,,8080,19,,,1,69,,8068,19,,,1,30,,8063,19,,,1,68,,8055,14,,,1,30,,8067,14,,,1,70,,8070,14,,,1,30,,8054,14,,,1,70,,8082,14,,,1,30,,8078,14,,,1,100,,8076,14,,,1,108,,8066,14,,,1
801,'16',448,,8096,14,,,1,73,,8123,14,,,1,101,,8126,19,,,1,30,,8118,19,,,1,70,,8090,19,,,1,30,,8095,19,,,1,70,,8121,19,,,1,31,,8109,19,,,1,70,,8125,19,,,1,27,,8110,19,,,1,70,,8097,19,,,1,30,,8094,19,,,1,70,,8098,19,,,1,30,,8114,19,,,1,70,,8108,19,,,1,30,,8101,19,,,1,71,,8106,19,,,1,30,,8112,19,,,1,70,,8122,19,,,1,104,,8116,19,,,1,30,,8120,19,,,1,70,,8111,19,,,1,30,,8124,19,,,1,70,,8093,19,,,1,30,,8099,19,,,1,70,,8102,19,,,1,27,,8117,19,,,1,69,,8105,19,,,1,30,,8100,19,,,1,68,,8092,14,,,1,30,,8104,14,,,1,70,,8107,14,,,1,30,,8091,14,,,1,70,,8119,14,,,1,30,,8115,14,,,1,100,,8113,14,,,1,108,,8103,14,,,1
801,'17',448,,8141,14,,,1,73,,8144,14,,,1,101,,8161,19,,,1,30,,8147,19,,,1,70,,8164,19,,,1,28,,8132,19,,,1,72,,8150,19,,,1,33,,8160,19,,,1,68,,8153,19,,,1,27,,8152,19,,,1,70,,8138,19,,,1,30,,8139,19,,,1,70,,8134,19,,,1,30,,8146,19,,,1,70,,8140,19,,,1,30,,8159,19,,,1,71,,8155,19,,,1,30,,8142,19,,,1,70,,8133,19,,,1,31,,8135,19,,,1,73,,8130,19,,,1,30,,8148,19,,,1,70,,8128,19,,,1,30,,8127,19,,,1,70,,8129,19,,,1,31,,8131,19,,,1,69,,8162,19,,,1,27,,8154,19,,,1,69,,8143,19,,,1,30,,8156,19,,,1,68,,8149,14,,,1,30,,8145,14,,,1,70,,8137,14,,,1,30,,8151,14,,,1,70,,8158,14,,,1,30,,8157,14,,,1,100,,8136,14,,,1,108,,8163,14,,,1
801,'18',448,,8200,14,,,1,73,,8173,14,,,1,101,,8185,19,,,1,100,,8194,19,,,1,99,,8190,19,,,1,34,,8171,19,,,1,68,,8168,19,,,1,27,,8177,19,,,1,70,,8180,19,,,1,30,,8196,19,,,1,70,,8197,19,,,1,30,,8181,19,,,1,70,,8182,19,,,1,30,,8187,19,,,1,71,,8165,19,,,1,30,,8170,19,,,1,70,,8198,19,,,1,31,,8169,19,,,1,73,,8188,19,,,1,30,,8189,19,,,1,70,,8192,19,,,1,30,,8199,19,,,1,70,,8174,19,,,1,30,,8195,19,,,1,70,,8183,19,,,1,27,,8167,19,,,1,69,,8176,19,,,1,30,,8186,19,,,1,68,,8175,14,,,1,30,,8172,14,,,1,70,,8178,14,,,1,30,,8179,14,,,1,70,,8191,14,,,1,30,,8166,14,,,1,100,,8184,14,,,1,108,,8193,14,,,1
801,'19',448,,8215,14,,,1,73,,8218,14,,,1,101,,8235,19,,,1,30,,8221,19,,,1,70,,8238,19,,,1,28,,8206,19,,,1,72,,8224,19,,,1,33,,8234,19,,,1,68,,8227,19,,,1,27,,8226,19,,,1,70,,8212,19,,,1,30,,8213,19,,,1,70,,8208,19,,,1,30,,8220,19,,,1,70,,8214,19,,,1,30,,8233,19,,,1,71,,8229,19,,,1,30,,8216,19,,,1,70,,8207,19,,,1,31,,8209,19,,,1,73,,8204,19,,,1,30,,8222,19,,,1,70,,8202,19,,,1,30,,8201,19,,,1,70,,8203,19,,,1,31,,8205,19,,,1,69,,8236,19,,,1,27,,8228,19,,,1,69,,8217,19,,,1,30,,8230,19,,,1,68,,8223,14,,,1,30,,8219,14,,,1,70,,8211,14,,,1,30,,8225,14,,,1,70,,8232,14,,,1,30,,8231,14,,,1,100,,8210,14,,,1,108,,8237,14,,,1
801,'2',722,,8260,19,,,1,90,,8265,19,,,1,46,,8243,19,,,1,70,,8253,19,,,1,30,,8259,19,,,1,72,,8251,19,,,1,70,,8244,19,,,1,30,,8263,19,,,1,70,,8247,19,,,1,30,,8266,19,,,1,70,,8248,19,,,1,30,,8249,19,,,1,70,,8262,19,,,1,30,,8256,19,,,1,70,,8258,19,,,1,30,,8267,19,,,1,70,,8257,19,,,1,30,,8241,19,,,1,70,,8240,19,,,1,30,,8255,19,,,1,70,,8261,19,,,1,29,,8245,19,,,1,30,,8252,19,,,1,70,,8246,19,,,1,30,,8269,19,,,1,69,,8264,19,,,1,30,,8254,14,,,1,70,,8239,14,,,1,100,,8250,14,,,1,100,,8268,14,,,1,100,,8242,14,,,1
801,'3',448,,8276,14,,,1,73,,8303,14,,,1,101,,8306,19,,,1,30,,8298,19,,,1,70,,8270,19,,,1,30,,8275,19,,,1,70,,8301,19,,,1,31,,8289,19,,,1,70,,8305,19,,,1,27,,8290,19,,,1,70,,8277,19,,,1,30,,8274,19,,,1,70,,8278,19,,,1,30,,8294,19,,,1,70,,8288,19,,,1,30,,8281,19,,,1,71,,8286,19,,,1,30,,8292,19,,,1,70,,8302,19,,,1,104,,8296,19,,,1,30,,8300,19,,,1,70,,8291,19,,,1,30,,8304,19,,,1,70,,8273,19,,,1,30,,8279,19,,,1,70,,8282,19,,,1,27,,8297,19,,,1,69,,8285,19,,,1,30,,8280,19,,,1,68,,8272,14,,,1,30,,8284,14,,,1,70,,8287,14,,,1,30,,8271,14,,,1,70,,8299,14,,,1,30,,8295,14,,,1,100,,8293,14,,,1,108,,8283,14,,,1
801,'4',448,,8313,14,,,1,73,,8340,14,,,1,101,,8343,19,,,1,30,,8335,19,,,1,70,,8307,19,,,1,30,,8312,19,,,1,70,,8338,19,,,1,31,,8326,19,,,1,70,,8342,19,,,1,27,,8327,19,,,1,70,,8314,19,,,1,30,,8311,19,,,1,70,,8315,19,,,1,30,,8331,19,,,1,70,,8325,19,,,1,30,,8318,19,,,1,71,,8323,19,,,1,30,,8329,19,,,1,70,,8339,19,,,1,104,,8333,19,,,1,30,,8337,19,,,1,70,,8328,19,,,1,30,,8341,19,,,1,70,,8310,19,,,1,30,,8316,19,,,1,70,,8319,19,,,1,27,,8334,19,,,1,69,,8322,19,,,1,30,,8317,19,,,1,68,,8309,14,,,1,30,,8321,14,,,1,70,,8324,14,,,1,30,,8308,14,,,1,70,,8336,14,,,1,30,,8332,14,,,1,100,,8330,14,,,1,108,,8320,14,,,1
801,'5',448,,8358,14,,,1,73,,8361,14,,,1,101,,8378,19,,,1,30,,8364,19,,,1,70,,8381,19,,,1,28,,8349,19,,,1,72,,8367,19,,,1,33,,8377,19,,,1,68,,8370,19,,,1,27,,8369,19,,,1,70,,8355,19,,,1,30,,8356,19,,,1,70,,8351,19,,,1,30,,8363,19,,,1,70,,8357,19,,,1,30,,8376,19,,,1,71,,8372,19,,,1,30,,8359,19,,,1,70,,8350,19,,,1,31,,8352,19,,,1,73,,8347,19,,,1,30,,8365,19,,,1,70,,8345,19,,,1,30,,8344,19,,,1,70,,8346,19,,,1,31,,8348,19,,,1,69,,8379,19,,,1,27,,8371,19,,,1,69,,8360,19,,,1,30,,8373,19,,,1,68,,8366,14,,,1,30,,8362,14,,,1,70,,8354,14,,,1,30,,8368,14,,,1,70,,8375,14,,,1,30,,8374,14,,,1,100,,8353,14,,,1,108,,8380,14,,,1
801,'6',448,,8388,14,,,1,73,,8415,14,,,1,101,,8418,19,,,1,30,,8410,19,,,1,70,,8382,19,,,1,30,,8387,19,,,1,70,,8413,19,,,1,31,,8401,19,,,1,70,,8417,19,,,1,27,,8402,19,,,1,70,,8389,19,,,1,30,,8386,19,,,1,70,,8390,19,,,1,30,,8406,19,,,1,70,,8400,19,,,1,30,,8393,19,,,1,71,,8398,19,,,1,30,,8404,19,,,1,70,,8414,19,,,1,104,,8408,19,,,1,30,,8412,19,,,1,70,,8403,19,,,1,30,,8416,19,,,1,70,,8385,19,,,1,30,,8391,19,,,1,70,,8394,19,,,1,27,,8409,19,,,1,69,,8397,19,,,1,30,,8392,19,,,1,68,,8384,14,,,1,30,,8396,14,,,1,70,,8399,14,,,1,30,,8383,14,,,1,70,,8411,14,,,1,30,,8407,14,,,1,100,,8405,14,,,1,108,,8395,14,,,1
801,'7',448,,8433,14,,,1,73,,8436,14,,,1,101,,8453,19,,,1,30,,8439,19,,,1,70,,8456,19,,,1,28,,8424,19,,,1,72,,8442,19,,,1,33,,8452,19,,,1,68,,8445,19,,,1,27,,8444,19,,,1,70,,8430,19,,,1,30,,8431,19,,,1,70,,8426,19,,,1,30,,8438,19,,,1,70,,8432,19,,,1,30,,8451,19,,,1,71,,8447,19,,,1,30,,8434,19,,,1,70,,8425,19,,,1,31,,8427,19,,,1,73,,8422,19,,,1,30,,8440,19,,,1,70,,8420,19,,,1,30,,8419,19,,,1,70,,8421,19,,,1,31,,8423,19,,,1,69,,8454,19,,,1,27,,8446,19,,,1,69,,8435,19,,,1,30,,8448,19,,,1,68,,8441,14,,,1,30,,8437,14,,,1,70,,8429,14,,,1,30,,8443,14,,,1,70,,8450,14,,,1,30,,8449,14,,,1,100,,8428,14,,,1,108,,8455,14,,,1
801,'8',518,,8468,14,,,1,100,,8485,19,,,1,100,,8464,19,,,1,100,,8463,19,,,1,30,,8471,19,,,1,70,,8460,19,,,1,30,,8478,19,,,1,72,,8469,19,,,1,30,,8479,19,,,1,70,,8470,19,,,1,30,,8487,19,,,1,70,,8484,19,,,1,30,,8491,19,,,1,70,,8488,19,,,1,30,,8465,19,,,1,70,,8486,19,,,1,30,,8457,19,,,1,70,,8461,19,,,1,30,,8467,19,,,1,70,,8480,19,,,1,30,,8482,19,,,1,70,,8475,19,,,1,30,,8458,19,,,1,69,,8481,19,,,1,30,,8489,19,,,1,70,,8466,19,,,1,30,,8476,19,,,1,69,,8462,19,,,1,30,,8474,14,,,1,70,,8472,14,,,1,30,,8477,14,,,1,70,,8473,14,,,1,100,,8459,14,,,1,100,,8492,14,,,1,100,,8490,14,,,1,30,,8483,14,,,1
801,'9',722,,8514,19,,,1,90,,8519,19,,,1,46,,8497,19,,,1,70,,8507,19,,,1,30,,8513,19,,,1,72,,8505,19,,,1,70,,8498,19,,,1,30,,8517,19,,,1,70,,8501,19,,,1,30,,8520,19,,,1,70,,8502,19,,,1,30,,8503,19,,,1,70,,8516,19,,,1,30,,8510,19,,,1,70,,8512,19,,,1,30,,8521,19,,,1,70,,8511,19,,,1,30,,8495,19,,,1,70,,8494,19,,,1,30,,8509,19,,,1,70,,8515,19,,,1,29,,8499,19,,,1,30,,8506,19,,,1,70,,8500,19,,,1,30,,8523,19,,,1,69,,8518,19,,,1,30,,8508,14,,,1,70,,8493,14,,,1,100,,8504,14,,,1,100,,8522,14,,,1,100,,8496,14,,,1
