11101,'1',738,,194101,25,0,17,1,3,,194131,25,0,17,1
11101,'17',738,,194448,25,0,17,1,3,,194478,25,0,17,1
11101,'2',738,,194506,25,0,17,1,3,,194536,25,0,17,1
11101,'5',738,,194648,25,0,17,1,3,,49749,25,0,17,1
11101,'6',738,,194703,25,0,17,1,3,,194733,25,0,17,1
11101,'8',738,,194796,25,0,17,1,3,,194826,25,0,17,1
18900,'1',526,,201844,12,,,1,103,,201834,12,,,1,30,,112099,12,,,1,73,,201845,12,,,1,70,,201833,12,,,1,30,,49845,12,,,1,69,,201829,12,,,1,29,,201856,12,,,1,70,,201854,12,,,1,30,,87205,12,,,1,70,,201849,12,,,1,31,,101643,12,,,1,70,,201853,12,,,1,29,,20163,12,,,1,70,,201830,12,,,1,30,,201841,12,,,1,70,,201832,12,,,1,31,,4941,12,,,1,70,,201842,12,,,1,30,,201831,12,,,1,70,,201851,12,,,1,31,,201850,12,,,1,70,,201839,12,,,1,30,,201855,12,,,1,70,,201847,12,,,1,29,,201846,12,,,1,70,,69442,12,,,1,29,,201857,12,,,1,70,,201838,12,,,1,30,,201836,12,,,1,70,,201840,12,,,1,30,,201852,12,,,1,70,,23551,12,,,1,30,,201837,12,,,1,28,,201843,12,,,1,69,,201835,12,,,1,100,,201848,12,,,1
18900,'10',526,,201858,12,,,1,103,,201884,12,,,1,30,,201869,12,,,1,73,,201888,12,,,1,70,,201862,12,,,1,31,,201886,12,,,1,69,,201868,12,,,1,28,,39683,12,,,1,70,,201887,12,,,1,30,,201885,12,,,1,70,,201882,12,,,1,31,,102577,12,,,1,70,,201878,12,,,1,29,,201861,12,,,1,70,,23739,12,,,1,30,,201865,12,,,1,70,,201883,12,,,1,31,,201881,12,,,1,70,,201873,12,,,1,30,,201860,12,,,1,70,,18808,12,,,1,31,,201870,12,,,1,72,,201864,12,,,1,28,,201871,12,,,1,70,,112339,12,,,1,29,,201874,12,,,1,70,,201872,12,,,1,29,,201867,12,,,1,70,,201875,12,,,1,30,,201880,12,,,1,70,,28661,12,,,1,30,,201876,12,,,1,70,,201866,12,,,1,30,,201863,12,,,1,28,,201859,12,,,1,69,,201877,12,,,1,100,,201879,12,,,1
18900,'11',709,,201890,12,,,1,100,,96200,12,,,1,101,,201896,12,,,1,100,,201891,12,,,1,100,,81185,12,,,1,100,,201897,12,,,1,102,,201895,12,,,1,100,,102447,12,,,1,100,,201894,12,,,1,100,,3829,12,,,1,100,,201892,12,,,1,99,,100563,12,,,1,100,,201893,12,,,1,100,,201889,12,,,1
18900,'12',526,,201907,12,,,1,103,,201911,12,,,1,30,,201921,12,,,1,73,,201909,12,,,1,72,,201900,12,,,1,28,,68,12,,,1,68,,201912,12,,,1,30,,201898,12,,,1,70,,201916,12,,,1,30,,201928,12,,,1,70,,201922,12,,,1,31,,49812,12,,,1,70,,201901,12,,,1,29,,201914,12,,,1,70,,201918,12,,,1,30,,201926,12,,,1,70,,201925,12,,,1,31,,120399,12,,,1,70,,201923,12,,,1,30,,201908,12,,,1,70,,201927,12,,,1,31,,201903,12,,,1,70,,201902,12,,,1,31,,41619,12,,,1,70,,201899,12,,,1,28,,201904,12,,,1,70,,201919,12,,,1,29,,201905,12,,,1,70,,201929,12,,,1,30,,201924,12,,,1,70,,201906,12,,,1,30,,39069,12,,,1,70,,201917,12,,,1,30,,201915,12,,,1,28,,201913,12,,,1,69,,201910,12,,,1,100,,201920,12,,,1
18900,'13',709,,201932,12,,,1,100,,201940,12,,,1,101,,201941,12,,,1,100,,201935,12,,,1,100,,201933,12,,,1,100,,201942,12,,,1,102,,201939,12,,,1,100,,201931,12,,,1,100,,201938,12,,,1,100,,201930,12,,,1,100,,201936,12,,,1,99,,201934,12,,,1,100,,201937,12,,,1,100,,2321,12,,,1
18900,'14',526,,201952,12,,,1,103,,201956,12,,,1,30,,27477,12,,,1,73,,201954,12,,,1,72,,201945,12,,,1,28,,201955,12,,,1,68,,60493,12,,,1,30,,201943,12,,,1,70,,201959,12,,,1,30,,201968,12,,,1,70,,201963,12,,,1,31,,201958,12,,,1,70,,201947,12,,,1,29,,51014,12,,,1,70,,111749,12,,,1,30,,6649,12,,,1,70,,201966,12,,,1,31,,201960,12,,,1,70,,201964,12,,,1,30,,201953,12,,,1,70,,201967,12,,,1,31,,201950,12,,,1,70,,201949,12,,,1,31,,201948,12,,,1,70,,201944,12,,,1,28,,100740,12,,,1,70,,201962,12,,,1,29,,201951,12,,,1,70,,201969,12,,,1,30,,201965,12,,,1,70,,93347,12,,,1,30,,201946,12,,,1,70,,201961,12,,,1,30,,201957,12,,,1,28,,19574,12,,,1,69,,44298,12,,,1,100,,78888,12,,,1
18900,'15',526,,201979,12,,,1,103,,201983,12,,,1,30,,27809,12,,,1,73,,201981,12,,,1,72,,201972,12,,,1,28,,201982,12,,,1,68,,60671,12,,,1,30,,201970,12,,,1,70,,201986,12,,,1,30,,201995,12,,,1,70,,201990,12,,,1,31,,201985,12,,,1,70,,201974,12,,,1,29,,51049,12,,,1,70,,111952,12,,,1,30,,7025,12,,,1,70,,201993,12,,,1,31,,201987,12,,,1,70,,201991,12,,,1,30,,201980,12,,,1,70,,201994,12,,,1,31,,201977,12,,,1,70,,201976,12,,,1,31,,201975,12,,,1,70,,201971,12,,,1,28,,101023,12,,,1,70,,201989,12,,,1,29,,201978,12,,,1,70,,201996,12,,,1,30,,201992,12,,,1,70,,93692,12,,,1,30,,201973,12,,,1,70,,201988,12,,,1,30,,201984,12,,,1,28,,19691,12,,,1,69,,44668,12,,,1,100,,79238,12,,,1
18900,'16',526,,202007,12,,,1,103,,39425,12,,,1,30,,202023,12,,,1,73,,202009,12,,,1,72,,11084,12,,,1,28,,202011,12,,,1,68,,202012,12,,,1,30,,201997,12,,,1,70,,202017,12,,,1,30,,202029,12,,,1,70,,202024,12,,,1,31,,202016,12,,,1,70,,202000,12,,,1,29,,202014,12,,,1,70,,202020,12,,,1,30,,202027,12,,,1,70,,202026,12,,,1,31,,202018,12,,,1,70,,101740,12,,,1,30,,202008,12,,,1,70,,202028,12,,,1,31,,202003,12,,,1,70,,202002,12,,,1,31,,202001,12,,,1,70,,201998,12,,,1,28,,202004,12,,,1,70,,202021,12,,,1,29,,202005,12,,,1,70,,202030,12,,,1,30,,202025,12,,,1,70,,202006,12,,,1,30,,201999,12,,,1,70,,202019,12,,,1,30,,202015,12,,,1,28,,202013,12,,,1,69,,202010,12,,,1,100,,202022,12,,,1
18900,'17',526,,202046,12,,,1,103,,202036,12,,,1,30,,112278,12,,,1,73,,202047,12,,,1,70,,202035,12,,,1,30,,50181,12,,,1,69,,202031,12,,,1,29,,202058,12,,,1,70,,202056,12,,,1,30,,87437,12,,,1,70,,202051,12,,,1,31,,101778,12,,,1,70,,202055,12,,,1,29,,20184,12,,,1,70,,202032,12,,,1,30,,202043,12,,,1,70,,202034,12,,,1,31,,5258,12,,,1,70,,202044,12,,,1,30,,202033,12,,,1,70,,202053,12,,,1,31,,202052,12,,,1,70,,202041,12,,,1,30,,202057,12,,,1,70,,202049,12,,,1,29,,202048,12,,,1,70,,69773,12,,,1,29,,202059,12,,,1,70,,202040,12,,,1,30,,202038,12,,,1,70,,202042,12,,,1,30,,202054,12,,,1,70,,23717,12,,,1,30,,202039,12,,,1,28,,202045,12,,,1,69,,202037,12,,,1,100,,202050,12,,,1
18900,'2',526,,202075,12,,,1,103,,202065,12,,,1,30,,112136,12,,,1,73,,202076,12,,,1,70,,202064,12,,,1,30,,49918,12,,,1,69,,202060,12,,,1,29,,202087,12,,,1,70,,202085,12,,,1,30,,87257,12,,,1,70,,202080,12,,,1,31,,101675,12,,,1,70,,202084,12,,,1,29,,20168,12,,,1,70,,202061,12,,,1,30,,202072,12,,,1,70,,202063,12,,,1,31,,5001,12,,,1,70,,202073,12,,,1,30,,202062,12,,,1,70,,202082,12,,,1,31,,202081,12,,,1,70,,202070,12,,,1,30,,202086,12,,,1,70,,202078,12,,,1,29,,202077,12,,,1,70,,69511,12,,,1,29,,202088,12,,,1,70,,202069,12,,,1,30,,202067,12,,,1,70,,202071,12,,,1,30,,202083,12,,,1,70,,23585,12,,,1,30,,202068,12,,,1,28,,202074,12,,,1,69,,202066,12,,,1,100,,202079,12,,,1
18900,'3',526,,202098,12,,,1,103,,202102,12,,,1,30,,27690,12,,,1,73,,202100,12,,,1,72,,202091,12,,,1,28,,202101,12,,,1,68,,60607,12,,,1,30,,202089,12,,,1,70,,202105,12,,,1,30,,202114,12,,,1,70,,202109,12,,,1,31,,202104,12,,,1,70,,202093,12,,,1,29,,51035,12,,,1,70,,111882,12,,,1,30,,6897,12,,,1,70,,202112,12,,,1,31,,202106,12,,,1,70,,202110,12,,,1,30,,202099,12,,,1,70,,202113,12,,,1,31,,202096,12,,,1,70,,202095,12,,,1,31,,202094,12,,,1,70,,202090,12,,,1,28,,100929,12,,,1,70,,202108,12,,,1,29,,202097,12,,,1,70,,202115,12,,,1,30,,202111,12,,,1,70,,93567,12,,,1,30,,202092,12,,,1,70,,202107,12,,,1,30,,202103,12,,,1,28,,19644,12,,,1,69,,44532,12,,,1,100,,79107,12,,,1
18900,'4',709,,202119,12,,,1,100,,202124,12,,,1,101,,202116,12,,,1,100,,202122,12,,,1,100,,202125,12,,,1,100,,94059,12,,,1,102,,202123,12,,,1,100,,202118,12,,,1,100,,102013,12,,,1,100,,202121,12,,,1,100,,202117,12,,,1,99,,202126,12,,,1,100,,202120,12,,,1
18900,'5',526,,202145,12,,,1,103,,202134,12,,,1,30,,202143,12,,,1,73,,202146,12,,,1,70,,202133,12,,,1,30,,202132,12,,,1,69,,202127,12,,,1,29,,110997,12,,,1,70,,202157,12,,,1,30,,202155,12,,,1,70,,202151,12,,,1,31,,202131,12,,,1,70,,202156,12,,,1,29,,202137,12,,,1,70,,202128,12,,,1,30,,202142,12,,,1,70,,202130,12,,,1,31,,202160,12,,,1,70,,41576,12,,,1,30,,202129,12,,,1,70,,202153,12,,,1,31,,202152,12,,,1,70,,202140,12,,,1,30,,98696,12,,,1,70,,202149,12,,,1,29,,202147,12,,,1,70,,202148,12,,,1,29,,202159,12,,,1,70,,202139,12,,,1,30,,202136,12,,,1,70,,202141,12,,,1,30,,202154,12,,,1,70,,202158,12,,,1,30,,202138,12,,,1,28,,202144,12,,,1,69,,202135,12,,,1,100,,202150,12,,,1
18900,'6',526,,202176,12,,,1,103,,202166,12,,,1,30,,112473,12,,,1,73,,202177,12,,,1,70,,202165,12,,,1,30,,50585,12,,,1,69,,202161,12,,,1,29,,202188,12,,,1,70,,202186,12,,,1,30,,87717,12,,,1,70,,202181,12,,,1,31,,101947,12,,,1,70,,202185,12,,,1,29,,20212,12,,,1,70,,202162,12,,,1,30,,202173,12,,,1,70,,202164,12,,,1,31,,5635,12,,,1,70,,202174,12,,,1,30,,202163,12,,,1,70,,202183,12,,,1,31,,202182,12,,,1,70,,202171,12,,,1,30,,202187,12,,,1,70,,202179,12,,,1,29,,202178,12,,,1,70,,70172,12,,,1,29,,202189,12,,,1,70,,202170,12,,,1,30,,202168,12,,,1,70,,202172,12,,,1,30,,202184,12,,,1,70,,23899,12,,,1,30,,202169,12,,,1,28,,202175,12,,,1,69,,202167,12,,,1,100,,202180,12,,,1
18900,'7',709,,202192,12,,,1,100,,202196,12,,,1,101,,51916,12,,,1,100,,202194,12,,,1,100,,202197,12,,,1,100,,202193,12,,,1,102,,202195,12,,,1,100,,93744,12,,,1,100,,202190,12,,,1,100,,3302,12,,,1,100,,202191,12,,,1,99,,202198,12,,,1,100,,50890,12,,,1
18900,'8',526,,202214,12,,,1,103,,202204,12,,,1,30,,112436,12,,,1,73,,202215,12,,,1,70,,202203,12,,,1,30,,50512,12,,,1,69,,202199,12,,,1,29,,202226,12,,,1,70,,202224,12,,,1,30,,87665,12,,,1,70,,202219,12,,,1,31,,101915,12,,,1,70,,202223,12,,,1,29,,20207,12,,,1,70,,202200,12,,,1,30,,202211,12,,,1,70,,202202,12,,,1,31,,5575,12,,,1,70,,202212,12,,,1,30,,202201,12,,,1,70,,202221,12,,,1,31,,202220,12,,,1,70,,202209,12,,,1,30,,202225,12,,,1,70,,202217,12,,,1,29,,202216,12,,,1,70,,70103,12,,,1,29,,202227,12,,,1,70,,202208,12,,,1,30,,202206,12,,,1,70,,202210,12,,,1,30,,202222,12,,,1,70,,23865,12,,,1,30,,202207,12,,,1,28,,202213,12,,,1,69,,202205,12,,,1,100,,202218,12,,,1
18900,'9',709,,202231,12,,,1,100,,202237,12,,,1,101,,113043,12,,,1,100,,14700,12,,,1,100,,202232,12,,,1,100,,202238,12,,,1,102,,110842,12,,,1,100,,202229,12,,,1,100,,202236,12,,,1,100,,202228,12,,,1,100,,202234,12,,,1,99,,202233,12,,,1,100,,202235,12,,,1,100,,202230,12,,,1
61001,'1',1505,,204770,18,,,1
61001,'17',1505,,204771,18,,,1
61001,'2',1505,,204772,18,,,1
61001,'5',1505,,204773,18,,,1
61001,'6',1505,,204774,18,,,1
61001,'8',1505,,204775,18,,,1
68901,'1',840,,101665,55,,,1
68901,'17',840,,101800,55,,,1
68901,'2',840,,101697,55,,,1
68901,'5',840,,206030,55,,,1
68901,'6',840,,101969,55,,,1
68901,'8',840,,101937,55,,,1
