4700,'1',604,,157208,36,,,1,31,,157205,36,,,1,72,,157203,36,,,1,30,,157206,36,,,1,18,,157207,36,,,1,71,,157202,36,,,1,30,,157204,36,,,1
4700,'10',604,,157209,36,,,1,31,,96328,36,,,1,72,,157210,36,,,1,30,,157212,36,,,1,19,,157211,36,,,1,70,,157214,36,,,1,30,,157213,36,,,1
4700,'12',604,,157218,36,,,1,31,,157217,36,,,1,72,,25852,36,,,1,30,,65130,36,,,1,19,,157216,36,,,1,70,,86338,36,,,1,30,,157215,36,,,1
4700,'14',604,,21914,36,,,1,31,,43221,36,,,1,72,,157221,36,,,1,30,,157222,36,,,1,19,,157220,36,,,1,70,,157223,36,,,1,30,,157219,36,,,1
4700,'15',604,,22126,36,,,1,31,,43570,36,,,1,72,,157226,36,,,1,30,,157227,36,,,1,19,,157225,36,,,1,70,,157228,36,,,1,30,,157224,36,,,1
4700,'16',604,,157233,36,,,1,31,,157232,36,,,1,72,,157231,36,,,1,30,,157234,36,,,1,19,,157230,36,,,1,70,,157235,36,,,1,30,,157229,36,,,1
4700,'17',604,,157242,36,,,1,31,,157239,36,,,1,72,,157237,36,,,1,30,,157240,36,,,1,18,,157241,36,,,1,71,,157236,36,,,1,30,,157238,36,,,1
4700,'2',604,,157249,36,,,1,31,,157246,36,,,1,72,,157244,36,,,1,30,,157247,36,,,1,18,,157248,36,,,1,71,,157243,36,,,1,30,,157245,36,,,1
4700,'3',604,,22052,36,,,1,31,,43442,36,,,1,72,,157252,36,,,1,30,,157253,36,,,1,19,,157251,36,,,1,70,,157254,36,,,1,30,,157250,36,,,1
4700,'5',604,,157261,36,,,1,31,,157258,36,,,1,72,,157256,36,,,1,30,,157259,36,,,1,18,,157260,36,,,1,71,,157255,36,,,1,30,,157257,36,,,1
4700,'6',604,,157268,36,,,1,31,,157265,36,,,1,72,,157263,36,,,1,30,,157266,36,,,1,18,,157267,36,,,1,71,,157262,36,,,1,30,,157264,36,,,1
4700,'8',604,,157275,36,,,1,31,,157272,36,,,1,72,,157270,36,,,1,30,,157273,36,,,1,18,,157274,36,,,1,71,,157269,36,,,1,30,,157271,36,,,1
