22200,'10',622,,115865,25,,,1,33,,115864,25,,,1,68,,115866,25,,,1
22200,'11',622,,115868,25,,,1,33,,115867,25,,,1,68,,115869,25,,,1
22200,'12',622,,115871,25,,,1,33,,115870,25,,,1,68,,115872,25,,,1
22200,'13',622,,115874,25,,,1,33,,115875,25,,,1,68,,115873,25,,,1
22200,'15',622,,115877,25,,,1,33,,115876,25,,,1,68,,115878,25,,,1
22200,'16',622,,115880,25,,,1,33,,115879,25,,,1,68,,115881,25,,,1
22200,'17',622,,115883,25,,,1,33,,115884,25,,,1,68,,115882,25,,,1
22200,'18',622,,115886,25,,,1,101,,115885,25,,,1
22200,'19',622,,115888,25,,,1,33,,115889,25,,,1,68,,115887,25,,,1
22200,'3',622,,115891,25,,,1,33,,115890,25,,,1,68,,115892,25,,,1
22200,'4',622,,115894,25,,,1,33,,115893,25,,,1,68,,115895,25,,,1
22200,'5',622,,115897,25,,,1,33,,115898,25,,,1,68,,115896,25,,,1
22200,'6',622,,115900,25,,,1,33,,115899,25,,,1,68,,115901,25,,,1
22200,'7',622,,115903,25,,,1,33,,115904,25,,,1,68,,115902,25,,,1
