22800,'10',600,,116139,38,,,1,32,,116137,38,,,1,78,,116138,38,,,1
22800,'11',600,,116142,38,,,1,32,,116140,38,,,1,78,,116141,38,,,1
22800,'12',600,,116145,38,,,1,32,,116143,38,,,1,78,,116144,38,,,1
22800,'13',600,,116147,38,,,1,32,,116148,38,,,1,76,,116146,38,,,1
22800,'15',600,,116151,38,,,1,32,,116149,38,,,1,78,,116150,38,,,1
22800,'16',600,,116154,38,,,1,32,,116152,38,,,1,78,,116153,38,,,1
22800,'17',600,,116156,38,,,1,32,,116157,38,,,1,76,,116155,38,,,1
22800,'18',600,,116158,38,,,1,110,,116159,38,,,1
22800,'19',600,,116161,38,,,1,32,,116162,38,,,1,76,,116160,38,,,1
22800,'3',600,,116165,38,,,1,32,,116163,38,,,1,78,,116164,38,,,1
22800,'4',600,,116168,38,,,1,32,,116166,38,,,1,78,,116167,38,,,1
22800,'5',600,,116170,38,,,1,32,,116171,38,,,1,76,,116169,38,,,1
22800,'6',600,,116174,38,,,1,32,,116172,38,,,1,78,,116173,38,,,1
22800,'7',600,,116176,38,,,1,32,,116177,38,,,1,76,,116175,38,,,1
30200,'16',923,,118121,34,,,1
30200,'5',923,,118122,34,,,1
