28301,'10',1703,,117835,32,,,1,32,,117836,32,,,1,73,,117837,32,0,80,1,93,,117834,32,0,80,1
28301,'11',1703,,117839,32,,,1,32,,117840,32,,,1,73,,117841,32,0,80,1,93,,117838,32,0,80,1
28301,'12',1703,,117843,32,,,1,32,,117844,32,,,1,73,,117845,32,0,80,1,93,,117842,32,0,80,1
28301,'13',1703,,117847,32,,,1,32,,117846,32,,,1,73,,117849,32,0,80,1,93,,117848,32,0,80,1
28301,'15',1703,,117851,32,,,1,32,,117852,32,,,1,73,,117853,32,0,80,1,93,,117850,32,0,80,1
28301,'16',1703,,117855,32,,,1,32,,117856,32,,,1,73,,117857,32,0,80,1,93,,117854,32,0,80,1
28301,'17',1703,,117859,32,,,1,32,,117858,32,,,1,73,,117861,32,0,80,1,93,,117860,32,0,80,1
28301,'18',1701,,117865,32,,,1,34,,117864,32,,,1,73,,117862,32,0,80,1,93,,117863,32,0,80,1
28301,'19',1703,,117867,32,,,1,32,,117866,32,,,1,73,,117869,32,0,80,1,93,,117868,32,0,80,1
28301,'3',1703,,117871,32,,,1,32,,117872,32,,,1,73,,117873,32,0,80,1,93,,117870,32,0,80,1
28301,'4',1703,,117875,32,,,1,32,,117876,32,,,1,73,,117877,32,0,80,1,93,,117874,32,0,80,1
28301,'5',1703,,117879,32,,,1,32,,117878,32,,,1,73,,117881,32,0,80,1,93,,117880,32,0,80,1
28301,'6',1703,,117883,32,,,1,32,,117884,32,,,1,73,,117885,32,0,80,1,93,,117882,32,0,80,1
28301,'7',1703,,117887,32,,,1,32,,117886,32,,,1,73,,117889,32,0,80,1,93,,117888,32,0,80,1
30101,'19',1530,,118119,82,,,1
30101,'3',1530,,118120,82,,,1
