11000,'1',500,,364823,12,,,0,30,,364837,12,,,0,104,,364833,37,,,0,23,,364841,37,,,0,70,,229050,37,,,0,31,,364825,37,,,0,71,,364842,37,,,0,30,,364826,37,,,0,70,,364843,37,,,0,24,,364834,37,,,0,70,,364836,37,,,0,30,,364839,37,,,0,70,,364838,37,,,0,30,,364840,37,,,0,70,,239710,37,,,0,30,,364829,37,,,0,70,,364830,37,,,0,30,,364824,37,,,0,69,,364835,37,,,0,30,,236355,37,,,0,72,,364828,37,,,0,32,,290525,37,,,0,71,,364831,37,,,0,29,,364822,37,,,0,72,,259619,37,,,0,30,,180173,37,,,0,70,,218508,37,,,0,29,,364827,37,,,0,65,,248283,37,,,0,30,,174644,37,,,0,70,,364821,37,,,0,29,,364832,37,,,0
11000,'10',454,,364847,12,,,0,70,,364848,12,,,0,130,,364849,37,,,0,70,,364845,37,,,0,1031,,364844,37,,,0,70,,364846,37,,,0
11000,'11',500,,364857,12,,,0,30,,222577,12,,,0,104,,364859,37,,,0,23,,364850,37,,,0,71,,364864,37,,,0,30,,246749,37,,,0,101,,364851,37,,,0,70,,364869,37,,,0,24,,364853,37,,,0,70,,283505,37,,,0,30,,364858,37,,,0,70,,364860,37,,,0,30,,219246,37,,,0,70,,364861,37,,,0,100,,132848,37,,,0,30,,364862,37,,,0,69,,218698,37,,,0,30,,364870,37,,,0,72,,364855,37,,,0,32,,364866,37,,,0,101,,364854,37,,,0,71,,364852,37,,,0,30,,226417,37,,,0,70,,364863,37,,,0,94,,364865,37,,,0,30,,364868,37,,,0,70,,364867,37,,,0,29,,364856,37,,,0
11000,'12',455,,364873,12,,,0,70,,364874,12,,,0,130,,364871,37,,,0,70,,364875,37,,,0,1031,,364872,37,,,0,70,,364876,37,,,0
11000,'13',500,,364884,12,,,0,30,,222599,12,,,0,104,,364886,37,,,0,23,,364877,37,,,0,71,,364891,37,,,0,30,,246774,37,,,0,101,,364878,37,,,0,70,,364896,37,,,0,24,,364880,37,,,0,70,,283555,37,,,0,30,,364885,37,,,0,70,,364887,37,,,0,30,,219275,37,,,0,70,,364888,37,,,0,100,,131987,37,,,0,30,,364889,37,,,0,69,,218763,37,,,0,30,,364897,37,,,0,72,,364882,37,,,0,32,,364893,37,,,0,101,,364881,37,,,0,71,,364879,37,,,0,30,,226469,37,,,0,70,,364890,37,,,0,94,,364892,37,,,0,30,,364895,37,,,0,70,,364894,37,,,0,29,,364883,37,,,0
11000,'14',500,,364905,12,,,0,30,,222711,12,,,0,104,,364907,37,,,0,23,,364898,37,,,0,71,,364912,37,,,0,30,,246885,37,,,0,101,,364899,37,,,0,70,,364917,37,,,0,24,,364901,37,,,0,70,,283732,37,,,0,30,,364906,37,,,0,70,,364908,37,,,0,30,,219333,37,,,0,70,,364909,37,,,0,100,,132428,37,,,0,30,,364910,37,,,0,69,,219010,37,,,0,30,,364918,37,,,0,72,,364903,37,,,0,32,,364914,37,,,0,101,,364902,37,,,0,71,,364900,37,,,0,30,,226671,37,,,0,70,,364911,37,,,0,94,,364913,37,,,0,30,,364916,37,,,0,70,,364915,37,,,0,29,,364904,37,,,0
11000,'15',455,,364921,12,,,0,70,,364922,12,,,0,130,,364919,37,,,0,70,,270438,37,,,0,1031,,364920,37,,,0,70,,364923,37,,,0
11000,'16',454,,226729,12,,,0,70,,364927,12,,,0,130,,364928,37,,,0,70,,364925,37,,,0,1031,,364924,37,,,0,70,,364926,37,,,0
11000,'2',500,,364937,12,,,0,30,,364946,12,,,0,104,,364942,37,,,0,23,,364929,37,,,0,71,,364948,37,,,0,30,,364936,37,,,0,101,,364930,37,,,0,70,,364953,37,,,0,24,,364933,37,,,0,70,,364950,37,,,0,30,,364940,37,,,0,70,,364943,37,,,0,30,,364939,37,,,0,70,,364944,37,,,0,100,,364941,37,,,0,30,,364945,37,,,0,69,,364938,37,,,0,30,,364954,37,,,0,72,,256831,37,,,0,32,,274682,37,,,0,101,,364934,37,,,0,71,,364932,37,,,0,30,,364931,37,,,0,70,,364947,37,,,0,94,,364949,37,,,0,30,,364952,37,,,0,70,,364951,37,,,0,29,,364935,37,,,0
11000,'3',500,,364963,12,,,0,30,,364968,12,,,0,104,,250509,37,,,0,23,,364955,37,,,0,71,,364970,37,,,0,30,,364962,37,,,0,101,,364956,37,,,0,70,,364976,37,,,0,24,,216986,37,,,0,70,,364972,37,,,0,30,,219676,37,,,0,70,,228853,37,,,0,30,,364965,37,,,0,70,,258497,37,,,0,100,,364966,37,,,0,30,,364967,37,,,0,69,,364964,37,,,0,30,,364977,37,,,0,72,,364960,37,,,0,32,,364973,37,,,0,101,,364959,37,,,0,71,,364958,37,,,0,30,,364957,37,,,0,70,,364969,37,,,0,94,,364971,37,,,0,30,,364975,37,,,0,70,,364974,37,,,0,29,,364961,37,,,0
11000,'4',500,,364989,12,,,0,30,,364994,12,,,0,104,,364985,37,,,0,23,,365004,37,,,0,70,,220893,37,,,0,31,,365003,37,,,0,71,,364992,37,,,0,30,,364988,37,,,0,70,,364993,37,,,0,24,,364984,37,,,0,70,,364999,37,,,0,30,,227160,37,,,0,70,,258998,37,,,0,30,,364991,37,,,0,70,,364982,37,,,0,30,,364981,37,,,0,70,,364997,37,,,0,30,,365002,37,,,0,67,,365000,37,,,0,32,,289072,37,,,0,72,,364979,37,,,0,32,,364987,37,,,0,73,,365001,37,,,0,27,,364978,37,,,0,74,,364998,37,,,0,29,,364983,37,,,0,69,,364980,37,,,0,29,,364996,37,,,0,65,,364986,37,,,0,30,,236459,37,,,0,70,,364990,37,,,0,29,,364995,37,,,0
11000,'5',500,,365013,12,,,0,30,,365018,12,,,0,104,,250594,37,,,0,23,,365005,37,,,0,71,,365020,37,,,0,30,,365012,37,,,0,101,,365006,37,,,0,70,,365026,37,,,0,24,,131562,37,,,0,70,,365022,37,,,0,30,,219785,37,,,0,70,,228930,37,,,0,30,,365015,37,,,0,70,,258620,37,,,0,100,,365016,37,,,0,30,,365017,37,,,0,69,,365014,37,,,0,30,,365027,37,,,0,72,,365010,37,,,0,32,,365023,37,,,0,101,,365009,37,,,0,71,,365008,37,,,0,30,,365007,37,,,0,70,,365019,37,,,0,94,,365021,37,,,0,30,,365025,37,,,0,70,,365024,37,,,0,29,,365011,37,,,0
11000,'6',500,,365035,12,,,0,30,,222411,12,,,0,104,,365037,37,,,0,23,,365028,37,,,0,71,,365042,37,,,0,30,,246595,37,,,0,101,,365029,37,,,0,70,,365047,37,,,0,24,,365031,37,,,0,70,,283208,37,,,0,30,,365036,37,,,0,70,,365038,37,,,0,30,,219116,37,,,0,70,,365039,37,,,0,100,,132729,37,,,0,30,,365040,37,,,0,69,,218348,37,,,0,30,,365048,37,,,0,72,,365033,37,,,0,32,,365044,37,,,0,101,,365032,37,,,0,71,,365030,37,,,0,30,,226125,37,,,0,70,,365041,37,,,0,94,,365043,37,,,0,30,,365046,37,,,0,70,,365045,37,,,0,29,,365034,37,,,0
11000,'7',500,,365057,12,,,0,30,,365066,12,,,0,104,,365062,37,,,0,23,,365049,37,,,0,71,,365068,37,,,0,30,,365056,37,,,0,101,,365050,37,,,0,70,,365073,37,,,0,24,,365053,37,,,0,70,,365070,37,,,0,30,,365060,37,,,0,70,,365063,37,,,0,30,,365059,37,,,0,70,,365064,37,,,0,100,,365061,37,,,0,30,,365065,37,,,0,69,,365058,37,,,0,30,,365074,37,,,0,72,,256766,37,,,0,32,,274517,37,,,0,101,,365054,37,,,0,71,,365052,37,,,0,30,,365051,37,,,0,70,,365067,37,,,0,94,,365069,37,,,0,30,,365072,37,,,0,70,,365071,37,,,0,29,,365055,37,,,0
11000,'8',455,,365077,12,,,0,70,,365078,12,,,0,130,,365075,37,,,0,70,,365079,37,,,0,1031,,365076,37,,,0,70,,365080,37,,,0
11000,'9',500,,365088,12,,,0,30,,222335,12,,,0,104,,365090,37,,,0,23,,365081,37,,,0,71,,365095,37,,,0,30,,246525,37,,,0,101,,365082,37,,,0,70,,365100,37,,,0,24,,365084,37,,,0,70,,283068,37,,,0,30,,365089,37,,,0,70,,365091,37,,,0,30,,219061,37,,,0,70,,365092,37,,,0,100,,132491,37,,,0,30,,365093,37,,,0,69,,218170,37,,,0,30,,365101,37,,,0,72,,365086,37,,,0,32,,365097,37,,,0,101,,365085,37,,,0,71,,365083,37,,,0,30,,225983,37,,,0,70,,365094,37,,,0,94,,365096,37,,,0,30,,365099,37,,,0,70,,365098,37,,,0,29,,365087,37,,,0
16801,'1',538,,372052,22,,,0,77,,372033,22,,,0,35,,372039,22,,,0,70,,263289,22,,,0,30,,372054,22,,,0,75,,372041,22,,,0,30,,372057,22,,,0,70,,264551,22,,,0,28,,372050,22,,,0,65,,372048,22,,,0,30,,372051,22,,,0,70,,372049,22,,,0,30,,125706,22,,,0,70,,372031,22,,,0,30,,372056,22,,,0,70,,372032,22,,,0,30,,372037,22,,,0,70,,372035,22,,,0,37,,372042,22,,,0,70,,254449,22,,,0,32,,242455,22,,,0,69,,372046,22,,,0,30,,208428,22,,,0,70,,372044,22,,,0,30,,372038,22,,,0,67,,281949,22,,,0,30,,244207,22,,,0,69,,372036,22,,,0,30,,372047,22,,,0,64,,372045,22,,,0,25,,372053,22,,,0,70,,372055,22,,,0,30,,372040,22,,,0,70,,372043,22,,,0,100,,219471,22,,,0,107,,372034,22,,,0
16801,'10',630,,372060,22,,,0,110,,372075,22,,,0,100,,372073,22,,,0,70,,213211,22,,,0,30,,372081,22,,,0,70,,372058,22,,,0,32,,372071,22,,,0,70,,372078,22,,,0,30,,372062,22,,,0,70,,372069,22,,,0,31,,237362,22,,,0,70,,372074,22,,,0,30,,372080,22,,,0,70,,372072,22,,,0,30,,372064,22,,,0,70,,372068,22,,,0,30,,372077,22,,,0,70,,372066,22,,,0,30,,372076,22,,,0,70,,372079,22,,,0,30,,93621,22,,,0,70,,372070,22,,,0,29,,283405,22,,,0,70,,372059,22,,,0,30,,372063,22,,,0,70,,372067,22,,,0,30,,231128,22,,,0,70,,253882,22,,,0,30,,372061,22,,,0,70,,372065,22,,,0,28,,177691,22,,,0,100,,263350,22,,,0
16801,'11',538,,372097,22,,,0,77,,372110,22,,,0,35,,154646,22,,,0,70,,372096,22,,,0,30,,234420,22,,,0,75,,372091,22,,,0,12,,372087,15,0,44,0,18,,372107,22,,,0,70,,372101,22,,,0,28,,372100,22,,,0,65,,372090,22,,,0,30,,372093,22,,,0,70,,372106,22,,,0,30,,372088,22,,,0,70,,372099,22,,,0,30,,372092,22,,,0,70,,372083,22,,,0,30,,372084,22,,,0,70,,127154,22,,,0,37,,372098,22,,,0,70,,372111,22,,,0,32,,372109,22,,,0,71,,372085,22,,,0,28,,372082,22,,,0,70,,283473,22,,,0,30,,372094,22,,,0,67,,372102,22,,,0,30,,372086,22,,,0,69,,222091,22,,,0,30,,372103,22,,,0,64,,257354,22,,,0,25,,372105,22,,,0,70,,372095,22,,,0,30,,372108,22,,,0,70,,372089,22,,,0,100,,233043,22,,,0,107,,372104,22,,,0
16801,'12',635,,372125,22,,,0,100,,372129,22,,,0,100,,372117,22,,,0,72,,372126,22,,,0,30,,372133,22,,,0,70,,372118,22,,,0,32,,372127,22,,,0,70,,372136,22,,,0,30,,372116,22,,,0,70,,372124,22,,,0,31,,372130,22,,,0,70,,372122,22,,,0,30,,372123,22,,,0,70,,372132,22,,,0,30,,372139,22,,,0,70,,372131,22,,,0,30,,372134,22,,,0,70,,372138,22,,,0,30,,372135,22,,,0,70,,372113,22,,,0,30,,289863,22,,,0,70,,372128,22,,,0,29,,372115,22,,,0,70,,372114,22,,,0,30,,372120,22,,,0,100,,372112,22,,,0,98,,372121,22,,,0,98,,372119,22,,,0,100,,372137,22,,,0
16801,'13',538,,372155,22,,,0,77,,372168,22,,,0,35,,153994,22,,,0,70,,372154,22,,,0,30,,234444,22,,,0,75,,372149,22,,,0,12,,372145,15,0,44,0,18,,372165,22,,,0,70,,372159,22,,,0,28,,372158,22,,,0,65,,372148,22,,,0,30,,372151,22,,,0,70,,372164,22,,,0,30,,372146,22,,,0,70,,372157,22,,,0,30,,372150,22,,,0,70,,372141,22,,,0,30,,372142,22,,,0,70,,126727,22,,,0,37,,372156,22,,,0,70,,372169,22,,,0,32,,372167,22,,,0,71,,372143,22,,,0,28,,372140,22,,,0,70,,283523,22,,,0,30,,372152,22,,,0,67,,372160,22,,,0,30,,372144,22,,,0,69,,222118,22,,,0,30,,372161,22,,,0,64,,257379,22,,,0,25,,372163,22,,,0,70,,372153,22,,,0,30,,372166,22,,,0,70,,372147,22,,,0,100,,233072,22,,,0,107,,372162,22,,,0
16801,'14',538,,372185,22,,,0,77,,372198,22,,,0,35,,154336,22,,,0,70,,372184,22,,,0,30,,234550,22,,,0,75,,372179,22,,,0,12,,372175,15,0,44,0,18,,372195,22,,,0,70,,372189,22,,,0,28,,372188,22,,,0,65,,372178,22,,,0,30,,372181,22,,,0,70,,372194,22,,,0,30,,372176,22,,,0,70,,372187,22,,,0,30,,372180,22,,,0,70,,372171,22,,,0,30,,372172,22,,,0,70,,126949,22,,,0,37,,372186,22,,,0,70,,372199,22,,,0,32,,372197,22,,,0,71,,372173,22,,,0,28,,372170,22,,,0,70,,283700,22,,,0,30,,372182,22,,,0,67,,372190,22,,,0,30,,372174,22,,,0,69,,222237,22,,,0,30,,372191,22,,,0,64,,257480,22,,,0,25,,372193,22,,,0,70,,372183,22,,,0,30,,372196,22,,,0,70,,372177,22,,,0,100,,233190,22,,,0,107,,372192,22,,,0
16801,'15',635,,267584,22,,,0,100,,372213,22,,,0,100,,372205,22,,,0,72,,372211,22,,,0,30,,372217,22,,,0,70,,212838,22,,,0,32,,372212,22,,,0,70,,372220,22,,,0,30,,372204,22,,,0,70,,372210,22,,,0,31,,216064,22,,,0,70,,372208,22,,,0,30,,372209,22,,,0,70,,372216,22,,,0,30,,372221,22,,,0,70,,372215,22,,,0,30,,372218,22,,,0,70,,252250,22,,,0,30,,372219,22,,,0,70,,372201,22,,,0,30,,372214,22,,,0,70,,258257,22,,,0,29,,372203,22,,,0,70,,372202,22,,,0,30,,238382,22,,,0,100,,372200,22,,,0,98,,372207,22,,,0,98,,372206,22,,,0,100,,275146,22,,,0
16801,'16',630,,372225,22,,,0,110,,372245,22,,,0,100,,372242,22,,,0,70,,372240,22,,,0,30,,372252,22,,,0,70,,372222,22,,,0,32,,372238,22,,,0,70,,372248,22,,,0,30,,372227,22,,,0,70,,372235,22,,,0,31,,372243,22,,,0,70,,372244,22,,,0,30,,372250,22,,,0,70,,372239,22,,,0,30,,372229,22,,,0,70,,372234,22,,,0,30,,372247,22,,,0,70,,372232,22,,,0,30,,372246,22,,,0,70,,372249,22,,,0,30,,372230,22,,,0,70,,372237,22,,,0,29,,372253,22,,,0,70,,372224,22,,,0,30,,372228,22,,,0,70,,372233,22,,,0,30,,372223,22,,,0,70,,372251,22,,,0,30,,372226,22,,,0,70,,372231,22,,,0,28,,372241,22,,,0,100,,372236,22,,,0
16801,'2',538,,372269,22,,,0,77,,265492,22,,,0,35,,372267,22,,,0,70,,372268,22,,,0,30,,372264,22,,,0,75,,270817,22,,,0,12,,372259,15,0,44,0,18,,372278,22,,,0,70,,372272,22,,,0,28,,372271,22,,,0,65,,232464,22,,,0,30,,372265,22,,,0,70,,372277,22,,,0,30,,372260,22,,,0,70,,372270,22,,,0,30,,372263,22,,,0,70,,372255,22,,,0,30,,372256,22,,,0,70,,372280,22,,,0,37,,251737,22,,,0,70,,247639,22,,,0,32,,287637,22,,,0,71,,372257,22,,,0,28,,372254,22,,,0,70,,372261,22,,,0,30,,227016,22,,,0,67,,372273,22,,,0,30,,221956,22,,,0,69,,372266,22,,,0,30,,372274,22,,,0,64,,372281,22,,,0,25,,372276,22,,,0,70,,209420,22,,,0,30,,372279,22,,,0,70,,372262,22,,,0,100,,372258,22,,,0,107,,372275,22,,,0
16801,'3',538,,209029,22,,,0,77,,372311,22,,,0,35,,372298,22,,,0,70,,61930,22,,,0,30,,372294,22,,,0,75,,372292,22,,,0,12,,372288,15,0,44,0,18,,372308,22,,,0,70,,372303,22,,,0,28,,372302,22,,,0,65,,372291,22,,,0,30,,372295,22,,,0,70,,372307,22,,,0,30,,372289,22,,,0,70,,372301,22,,,0,30,,372293,22,,,0,70,,372283,22,,,0,30,,372284,22,,,0,70,,372313,22,,,0,37,,372300,22,,,0,70,,372312,22,,,0,32,,372310,22,,,0,71,,372285,22,,,0,28,,372282,22,,,0,70,,372290,22,,,0,30,,372297,22,,,0,67,,372304,22,,,0,30,,372287,22,,,0,69,,372296,22,,,0,30,,372305,22,,,0,64,,372314,22,,,0,25,,271849,22,,,0,70,,372299,22,,,0,30,,372309,22,,,0,70,,238546,22,,,0,100,,372286,22,,,0,107,,372306,22,,,0
16801,'4',538,,372321,22,,,0,112,,372316,22,,,0,100,,296116,22,,,0,105,,130512,22,,,0,98,,372315,22,,,0,95,,372320,22,,,0,100,,372322,22,,,0,100,,372326,22,,,0,100,,181765,22,,,0,107,,372325,22,,,0,102,,372317,22,,,0,99,,372318,22,,,0,100,,284868,22,,,0,97,,213734,22,,,0,99,,295842,22,,,0,89,,267948,22,,,0,100,,372319,22,,,0,100,,372323,22,,,0,100,,372324,22,,,0,77,,372327,22,,,0
16801,'5',538,,209198,22,,,0,77,,372357,22,,,0,35,,372344,22,,,0,70,,224277,22,,,0,30,,372340,22,,,0,75,,372338,22,,,0,12,,372334,15,0,44,0,18,,372354,22,,,0,70,,372349,22,,,0,28,,372348,22,,,0,65,,372337,22,,,0,30,,372341,22,,,0,70,,372353,22,,,0,30,,372335,22,,,0,70,,372347,22,,,0,30,,372339,22,,,0,70,,372329,22,,,0,30,,372330,22,,,0,70,,372359,22,,,0,37,,372346,22,,,0,70,,372358,22,,,0,32,,372356,22,,,0,71,,372331,22,,,0,28,,372328,22,,,0,70,,372336,22,,,0,30,,372343,22,,,0,67,,372350,22,,,0,30,,372333,22,,,0,69,,372342,22,,,0,30,,372351,22,,,0,64,,372360,22,,,0,25,,271921,22,,,0,70,,372345,22,,,0,30,,372355,22,,,0,70,,238654,22,,,0,100,,372332,22,,,0,107,,372352,22,,,0
16801,'6',538,,372376,22,,,0,77,,372389,22,,,0,35,,154564,22,,,0,70,,372375,22,,,0,30,,234275,22,,,0,75,,372370,22,,,0,12,,372366,15,0,44,0,18,,372386,22,,,0,70,,372380,22,,,0,28,,372379,22,,,0,65,,372369,22,,,0,30,,372372,22,,,0,70,,372385,22,,,0,30,,372367,22,,,0,70,,372378,22,,,0,30,,372371,22,,,0,70,,372362,22,,,0,30,,372363,22,,,0,70,,127097,22,,,0,37,,372377,22,,,0,70,,372390,22,,,0,32,,372388,22,,,0,71,,372364,22,,,0,28,,372361,22,,,0,70,,283176,22,,,0,30,,372373,22,,,0,67,,372381,22,,,0,30,,372365,22,,,0,69,,221914,22,,,0,30,,372382,22,,,0,64,,257220,22,,,0,25,,372384,22,,,0,70,,372374,22,,,0,30,,372387,22,,,0,70,,372368,22,,,0,100,,232868,22,,,0,107,,372383,22,,,0
16801,'7',538,,372406,22,,,0,77,,265375,22,,,0,35,,372404,22,,,0,70,,372405,22,,,0,30,,372401,22,,,0,75,,270718,22,,,0,12,,372396,15,0,44,0,18,,372415,22,,,0,70,,372409,22,,,0,28,,372408,22,,,0,65,,232395,22,,,0,30,,372402,22,,,0,70,,372414,22,,,0,30,,372397,22,,,0,70,,372407,22,,,0,30,,372400,22,,,0,70,,372392,22,,,0,30,,372393,22,,,0,70,,372417,22,,,0,37,,251669,22,,,0,70,,247544,22,,,0,32,,287569,22,,,0,71,,372394,22,,,0,28,,372391,22,,,0,70,,372398,22,,,0,30,,226899,22,,,0,67,,372410,22,,,0,30,,221874,22,,,0,69,,372403,22,,,0,30,,372411,22,,,0,64,,372418,22,,,0,25,,372413,22,,,0,70,,209254,22,,,0,30,,372416,22,,,0,70,,372399,22,,,0,100,,372395,22,,,0,107,,372412,22,,,0
16801,'8',635,,372432,22,,,0,100,,372436,22,,,0,100,,372424,22,,,0,72,,372433,22,,,0,30,,372440,22,,,0,70,,372425,22,,,0,32,,372434,22,,,0,70,,372443,22,,,0,30,,372423,22,,,0,70,,372431,22,,,0,31,,372437,22,,,0,70,,372429,22,,,0,30,,372430,22,,,0,70,,372439,22,,,0,30,,372446,22,,,0,70,,372438,22,,,0,30,,372441,22,,,0,70,,372445,22,,,0,30,,372442,22,,,0,70,,372420,22,,,0,30,,176433,22,,,0,70,,372435,22,,,0,29,,372422,22,,,0,70,,372421,22,,,0,30,,372427,22,,,0,100,,372419,22,,,0,98,,372428,22,,,0,98,,372426,22,,,0,100,,372444,22,,,0
16801,'9',538,,372462,22,,,0,77,,372475,22,,,0,35,,154385,22,,,0,70,,372461,22,,,0,30,,234199,22,,,0,75,,372456,22,,,0,12,,372452,15,0,44,0,18,,372472,22,,,0,70,,372466,22,,,0,28,,372465,22,,,0,65,,372455,22,,,0,30,,372458,22,,,0,70,,372471,22,,,0,30,,372453,22,,,0,70,,372464,22,,,0,30,,372457,22,,,0,70,,372448,22,,,0,30,,372449,22,,,0,70,,126977,22,,,0,37,,372463,22,,,0,70,,372476,22,,,0,32,,372474,22,,,0,71,,372450,22,,,0,28,,372447,22,,,0,70,,283036,22,,,0,30,,372459,22,,,0,67,,372467,22,,,0,30,,372451,22,,,0,69,,221829,22,,,0,30,,372468,22,,,0,64,,257151,22,,,0,25,,372470,22,,,0,70,,372460,22,,,0,30,,372473,22,,,0,70,,372454,22,,,0,100,,232787,22,,,0,107,,372469,22,,,0
66800,'11',714,,377272,9,,,0,3,,377270,9,,,0,2,,377269,9,,,0
66800,'13',714,,377277,9,,,0,3,,377275,9,,,0,2,,377274,9,,,0
66800,'14',714,,377282,9,,,0,3,,377280,9,,,0,2,,377279,9,,,0
66800,'2',714,,377286,9,,,0,3,,377285,9,,,0,2,,377284,9,,,0
66800,'3',714,,377291,9,,,0,3,,377289,9,,,0,2,,377288,9,,,0
66800,'5',714,,377296,9,,,0,3,,377294,9,,,0,2,,377293,9,,,0
66800,'6',714,,377301,9,,,0,3,,377299,9,,,0,2,,377298,9,,,0
66800,'7',714,,377305,9,,,0,3,,377304,9,,,0,2,,377303,9,,,0
66800,'9',714,,377310,9,,,0,3,,377308,9,,,0,2,,377307,9,,,0
