26301,'1',1634,,203864,33,,,1,90,,203865,33,,,1,102,,12927,33,,,1,89,,203863,33,,,1
26301,'10',1632,,203868,33,,,1,94,,203867,33,,,1,103,,203869,33,,,1,86,,203866,33,,,1
26301,'12',1632,,203871,33,,,1,92,,203870,33,,,1,102,,203872,33,,,1,89,,9841,33,,,1
26301,'14',1632,,203874,33,,,1,92,,55037,33,,,1,102,,203875,33,,,1,89,,203873,33,,,1
26301,'15',1632,,203877,33,,,1,92,,55314,33,,,1,102,,203878,33,,,1,89,,203876,33,,,1
26301,'16',1632,,203881,33,,,1,92,,203880,33,,,1,102,,203882,33,,,1,89,,203879,33,,,1
26301,'17',1634,,203884,33,,,1,90,,203885,33,,,1,102,,13213,33,,,1,89,,203883,33,,,1
26301,'2',1634,,203887,33,,,1,90,,203888,33,,,1,102,,12987,33,,,1,89,,203886,33,,,1
26301,'3',1632,,203890,33,,,1,92,,55216,33,,,1,102,,203891,33,,,1,89,,203889,33,,,1
26301,'5',1634,,203893,33,,,1,90,,203895,33,,,1,102,,203894,33,,,1,89,,203892,33,,,1
26301,'6',1634,,203897,33,,,1,90,,203898,33,,,1,102,,13543,33,,,1,89,,203896,33,,,1
26301,'8',1634,,203900,33,,,1,90,,203901,33,,,1,102,,13483,33,,,1,89,,203899,33,,,1
30101,'16',1515,,204644,58,,,1
30101,'8',1515,,89781,58,,,1
