801,'1',717,,7858,14,,,1,90,,7863,14,,,1,46,,7841,14,,,1,70,,7851,14,,,1,30,,7857,14,,,1,71,,7849,14,,,1,30,,7842,14,,,1,70,,7861,14,,,1,30,,7845,14,,,1,70,,7864,14,,,1,30,,7846,14,,,1,70,,7847,14,,,1,30,,7860,14,,,1,70,,7854,14,,,1,30,,7856,14,,,1,70,,7865,14,,,1,30,,7855,14,,,1,70,,7839,14,,,1,30,,7838,14,,,1,70,,7853,14,,,1,30,,7859,14,,,1,69,,7843,14,,,1,30,,7850,14,,,1,70,,7844,14,,,1,30,,7867,14,,,1,70,,7862,14,,,1,30,,7852,9,,,1,70,,7837,9,,,1,100,,7848,9,,,1,100,,7866,9,,,1,100,,7840,9,,,1
801,'10',443,,7874,9,,,1,73,,7901,9,,,1,101,,7904,14,,,1,30,,7896,14,,,1,70,,7868,14,,,1,30,,7873,14,,,1,70,,7899,14,,,1,31,,7887,14,,,1,70,,7903,14,,,1,27,,7888,14,,,1,70,,7875,14,,,1,30,,7872,14,,,1,70,,7876,14,,,1,30,,7892,14,,,1,70,,7886,14,,,1,30,,7879,14,,,1,71,,7884,14,,,1,30,,7890,14,,,1,70,,7900,14,,,1,103,,7894,14,,,1,30,,7898,14,,,1,70,,7889,14,,,1,30,,7902,14,,,1,70,,7871,14,,,1,30,,7877,14,,,1,70,,7880,14,,,1,27,,7895,14,,,1,69,,7883,14,,,1,30,,7878,14,,,1,69,,7870,9,,,1,30,,7882,9,,,1,70,,7885,9,,,1,30,,7869,9,,,1,70,,7897,9,,,1,30,,7893,9,,,1,100,,7891,9,,,1,108,,7881,9,,,1
801,'11',443,,7911,9,,,1,73,,7938,9,,,1,101,,7941,14,,,1,30,,7933,14,,,1,70,,7905,14,,,1,30,,7910,14,,,1,70,,7936,14,,,1,31,,7924,14,,,1,70,,7940,14,,,1,27,,7925,14,,,1,70,,7912,14,,,1,30,,7909,14,,,1,70,,7913,14,,,1,30,,7929,14,,,1,70,,7923,14,,,1,30,,7916,14,,,1,71,,7921,14,,,1,30,,7927,14,,,1,70,,7937,14,,,1,103,,7931,14,,,1,30,,7935,14,,,1,70,,7926,14,,,1,30,,7939,14,,,1,70,,7908,14,,,1,30,,7914,14,,,1,70,,7917,14,,,1,27,,7932,14,,,1,69,,7920,14,,,1,30,,7915,14,,,1,69,,7907,9,,,1,30,,7919,9,,,1,70,,7922,9,,,1,30,,7906,9,,,1,70,,7934,9,,,1,30,,7930,9,,,1,100,,7928,9,,,1,108,,7918,9,,,1
801,'12',443,,7948,9,,,1,73,,7975,9,,,1,101,,7978,14,,,1,30,,7970,14,,,1,70,,7942,14,,,1,30,,7947,14,,,1,70,,7973,14,,,1,31,,7961,14,,,1,70,,7977,14,,,1,27,,7962,14,,,1,70,,7949,14,,,1,30,,7946,14,,,1,70,,7950,14,,,1,30,,7966,14,,,1,70,,7960,14,,,1,30,,7953,14,,,1,71,,7958,14,,,1,30,,7964,14,,,1,70,,7974,14,,,1,103,,7968,14,,,1,30,,7972,14,,,1,70,,7963,14,,,1,30,,7976,14,,,1,70,,7945,14,,,1,30,,7951,14,,,1,70,,7954,14,,,1,27,,7969,14,,,1,69,,7957,14,,,1,30,,7952,14,,,1,69,,7944,9,,,1,30,,7956,9,,,1,70,,7959,9,,,1,30,,7943,9,,,1,70,,7971,9,,,1,30,,7967,9,,,1,100,,7965,9,,,1,108,,7955,9,,,1
801,'13',443,,7993,9,,,1,73,,7996,9,,,1,101,,8013,14,,,1,30,,7999,14,,,1,70,,8016,14,,,1,28,,7984,14,,,1,72,,8002,14,,,1,33,,8012,14,,,1,68,,8005,14,,,1,27,,8004,14,,,1,70,,7990,14,,,1,30,,7991,14,,,1,70,,7986,14,,,1,30,,7998,14,,,1,70,,7992,14,,,1,30,,8011,14,,,1,71,,8007,14,,,1,30,,7994,14,,,1,70,,7985,14,,,1,31,,7987,14,,,1,72,,7982,14,,,1,30,,8000,14,,,1,70,,7980,14,,,1,30,,7979,14,,,1,70,,7981,14,,,1,31,,7983,14,,,1,69,,8014,14,,,1,27,,8006,14,,,1,69,,7995,14,,,1,30,,8008,14,,,1,69,,8001,9,,,1,30,,7997,9,,,1,70,,7989,9,,,1,30,,8003,9,,,1,70,,8010,9,,,1,30,,8009,9,,,1,100,,7988,9,,,1,108,,8015,9,,,1
801,'14',513,,8028,9,,,1,100,,8045,14,,,1,100,,8024,14,,,1,100,,8023,14,,,1,30,,8031,14,,,1,70,,8020,14,,,1,30,,8038,14,,,1,71,,8029,14,,,1,30,,8039,14,,,1,70,,8030,14,,,1,30,,8047,14,,,1,70,,8044,14,,,1,30,,8051,14,,,1,70,,8048,14,,,1,30,,8025,14,,,1,70,,8046,14,,,1,30,,8017,14,,,1,70,,8021,14,,,1,30,,8027,14,,,1,70,,8040,14,,,1,30,,8042,14,,,1,70,,8035,14,,,1,30,,8018,14,,,1,69,,8041,14,,,1,30,,8049,14,,,1,70,,8026,14,,,1,30,,8036,14,,,1,70,,8022,14,,,1,30,,8034,9,,,1,70,,8032,9,,,1,30,,8037,9,,,1,70,,8033,9,,,1,100,,8019,9,,,1,100,,8052,9,,,1,100,,8050,9,,,1,30,,8043,9,,,1
801,'15',443,,8059,9,,,1,73,,8086,9,,,1,101,,8089,14,,,1,30,,8081,14,,,1,70,,8053,14,,,1,30,,8058,14,,,1,70,,8084,14,,,1,31,,8072,14,,,1,70,,8088,14,,,1,27,,8073,14,,,1,70,,8060,14,,,1,30,,8057,14,,,1,70,,8061,14,,,1,30,,8077,14,,,1,70,,8071,14,,,1,30,,8064,14,,,1,71,,8069,14,,,1,30,,8075,14,,,1,70,,8085,14,,,1,103,,8079,14,,,1,30,,8083,14,,,1,70,,8074,14,,,1,30,,8087,14,,,1,70,,8056,14,,,1,30,,8062,14,,,1,70,,8065,14,,,1,27,,8080,14,,,1,69,,8068,14,,,1,30,,8063,14,,,1,69,,8055,9,,,1,30,,8067,9,,,1,70,,8070,9,,,1,30,,8054,9,,,1,70,,8082,9,,,1,30,,8078,9,,,1,100,,8076,9,,,1,108,,8066,9,,,1
801,'16',443,,8096,9,,,1,73,,8123,9,,,1,101,,8126,14,,,1,30,,8118,14,,,1,70,,8090,14,,,1,30,,8095,14,,,1,70,,8121,14,,,1,31,,8109,14,,,1,70,,8125,14,,,1,27,,8110,14,,,1,70,,8097,14,,,1,30,,8094,14,,,1,70,,8098,14,,,1,30,,8114,14,,,1,70,,8108,14,,,1,30,,8101,14,,,1,71,,8106,14,,,1,30,,8112,14,,,1,70,,8122,14,,,1,103,,8116,14,,,1,30,,8120,14,,,1,70,,8111,14,,,1,30,,8124,14,,,1,70,,8093,14,,,1,30,,8099,14,,,1,70,,8102,14,,,1,27,,8117,14,,,1,69,,8105,14,,,1,30,,8100,14,,,1,69,,8092,9,,,1,30,,8104,9,,,1,70,,8107,9,,,1,30,,8091,9,,,1,70,,8119,9,,,1,30,,8115,9,,,1,100,,8113,9,,,1,108,,8103,9,,,1
801,'17',443,,8141,9,,,1,73,,8144,9,,,1,101,,8161,14,,,1,30,,8147,14,,,1,70,,8164,14,,,1,28,,8132,14,,,1,72,,8150,14,,,1,33,,8160,14,,,1,68,,8153,14,,,1,27,,8152,14,,,1,70,,8138,14,,,1,30,,8139,14,,,1,70,,8134,14,,,1,30,,8146,14,,,1,70,,8140,14,,,1,30,,8159,14,,,1,71,,8155,14,,,1,30,,8142,14,,,1,70,,8133,14,,,1,31,,8135,14,,,1,72,,8130,14,,,1,30,,8148,14,,,1,70,,8128,14,,,1,30,,8127,14,,,1,70,,8129,14,,,1,31,,8131,14,,,1,69,,8162,14,,,1,27,,8154,14,,,1,69,,8143,14,,,1,30,,8156,14,,,1,69,,8149,9,,,1,30,,8145,9,,,1,70,,8137,9,,,1,30,,8151,9,,,1,70,,8158,9,,,1,30,,8157,9,,,1,100,,8136,9,,,1,108,,8163,9,,,1
801,'18',443,,8200,9,,,1,73,,8173,9,,,1,101,,8185,14,,,1,100,,8194,14,,,1,99,,8190,14,,,1,34,,8171,14,,,1,68,,8168,14,,,1,27,,8177,14,,,1,70,,8180,14,,,1,30,,8196,14,,,1,70,,8197,14,,,1,30,,8181,14,,,1,70,,8182,14,,,1,30,,8187,14,,,1,71,,8165,14,,,1,30,,8170,14,,,1,70,,8198,14,,,1,31,,8169,14,,,1,72,,8188,14,,,1,30,,8189,14,,,1,70,,8192,14,,,1,30,,8199,14,,,1,70,,8174,14,,,1,30,,8195,14,,,1,70,,8183,14,,,1,27,,8167,14,,,1,69,,8176,14,,,1,30,,8186,14,,,1,69,,8175,9,,,1,30,,8172,9,,,1,70,,8178,9,,,1,30,,8179,9,,,1,70,,8191,9,,,1,30,,8166,9,,,1,100,,8184,9,,,1,108,,8193,9,,,1
801,'19',443,,8215,9,,,1,73,,8218,9,,,1,101,,8235,14,,,1,30,,8221,14,,,1,70,,8238,14,,,1,28,,8206,14,,,1,72,,8224,14,,,1,33,,8234,14,,,1,68,,8227,14,,,1,27,,8226,14,,,1,70,,8212,14,,,1,30,,8213,14,,,1,70,,8208,14,,,1,30,,8220,14,,,1,70,,8214,14,,,1,30,,8233,14,,,1,71,,8229,14,,,1,30,,8216,14,,,1,70,,8207,14,,,1,31,,8209,14,,,1,72,,8204,14,,,1,30,,8222,14,,,1,70,,8202,14,,,1,30,,8201,14,,,1,70,,8203,14,,,1,31,,8205,14,,,1,69,,8236,14,,,1,27,,8228,14,,,1,69,,8217,14,,,1,30,,8230,14,,,1,69,,8223,9,,,1,30,,8219,9,,,1,70,,8211,9,,,1,30,,8225,9,,,1,70,,8232,9,,,1,30,,8231,9,,,1,100,,8210,9,,,1,108,,8237,9,,,1
801,'2',717,,8260,14,,,1,90,,8265,14,,,1,46,,8243,14,,,1,70,,8253,14,,,1,30,,8259,14,,,1,71,,8251,14,,,1,30,,8244,14,,,1,70,,8263,14,,,1,30,,8247,14,,,1,70,,8266,14,,,1,30,,8248,14,,,1,70,,8249,14,,,1,30,,8262,14,,,1,70,,8256,14,,,1,30,,8258,14,,,1,70,,8267,14,,,1,30,,8257,14,,,1,70,,8241,14,,,1,30,,8240,14,,,1,70,,8255,14,,,1,30,,8261,14,,,1,69,,8245,14,,,1,30,,8252,14,,,1,70,,8246,14,,,1,30,,8269,14,,,1,70,,8264,14,,,1,30,,8254,9,,,1,70,,8239,9,,,1,100,,8250,9,,,1,100,,8268,9,,,1,100,,8242,9,,,1
801,'3',443,,8276,9,,,1,73,,8303,9,,,1,101,,8306,14,,,1,30,,8298,14,,,1,70,,8270,14,,,1,30,,8275,14,,,1,70,,8301,14,,,1,31,,8289,14,,,1,70,,8305,14,,,1,27,,8290,14,,,1,70,,8277,14,,,1,30,,8274,14,,,1,70,,8278,14,,,1,30,,8294,14,,,1,70,,8288,14,,,1,30,,8281,14,,,1,71,,8286,14,,,1,30,,8292,14,,,1,70,,8302,14,,,1,103,,8296,14,,,1,30,,8300,14,,,1,70,,8291,14,,,1,30,,8304,14,,,1,70,,8273,14,,,1,30,,8279,14,,,1,70,,8282,14,,,1,27,,8297,14,,,1,69,,8285,14,,,1,30,,8280,14,,,1,69,,8272,9,,,1,30,,8284,9,,,1,70,,8287,9,,,1,30,,8271,9,,,1,70,,8299,9,,,1,30,,8295,9,,,1,100,,8293,9,,,1,108,,8283,9,,,1
801,'4',443,,8313,9,,,1,73,,8340,9,,,1,101,,8343,14,,,1,30,,8335,14,,,1,70,,8307,14,,,1,30,,8312,14,,,1,70,,8338,14,,,1,31,,8326,14,,,1,70,,8342,14,,,1,27,,8327,14,,,1,70,,8314,14,,,1,30,,8311,14,,,1,70,,8315,14,,,1,30,,8331,14,,,1,70,,8325,14,,,1,30,,8318,14,,,1,71,,8323,14,,,1,30,,8329,14,,,1,70,,8339,14,,,1,103,,8333,14,,,1,30,,8337,14,,,1,70,,8328,14,,,1,30,,8341,14,,,1,70,,8310,14,,,1,30,,8316,14,,,1,70,,8319,14,,,1,27,,8334,14,,,1,69,,8322,14,,,1,30,,8317,14,,,1,69,,8309,9,,,1,30,,8321,9,,,1,70,,8324,9,,,1,30,,8308,9,,,1,70,,8336,9,,,1,30,,8332,9,,,1,100,,8330,9,,,1,108,,8320,9,,,1
801,'5',443,,8358,9,,,1,73,,8361,9,,,1,101,,8378,14,,,1,30,,8364,14,,,1,70,,8381,14,,,1,28,,8349,14,,,1,72,,8367,14,,,1,33,,8377,14,,,1,68,,8370,14,,,1,27,,8369,14,,,1,70,,8355,14,,,1,30,,8356,14,,,1,70,,8351,14,,,1,30,,8363,14,,,1,70,,8357,14,,,1,30,,8376,14,,,1,71,,8372,14,,,1,30,,8359,14,,,1,70,,8350,14,,,1,31,,8352,14,,,1,72,,8347,14,,,1,30,,8365,14,,,1,70,,8345,14,,,1,30,,8344,14,,,1,70,,8346,14,,,1,31,,8348,14,,,1,69,,8379,14,,,1,27,,8371,14,,,1,69,,8360,14,,,1,30,,8373,14,,,1,69,,8366,9,,,1,30,,8362,9,,,1,70,,8354,9,,,1,30,,8368,9,,,1,70,,8375,9,,,1,30,,8374,9,,,1,100,,8353,9,,,1,108,,8380,9,,,1
801,'6',443,,8388,9,,,1,73,,8415,9,,,1,101,,8418,14,,,1,30,,8410,14,,,1,70,,8382,14,,,1,30,,8387,14,,,1,70,,8413,14,,,1,31,,8401,14,,,1,70,,8417,14,,,1,27,,8402,14,,,1,70,,8389,14,,,1,30,,8386,14,,,1,70,,8390,14,,,1,30,,8406,14,,,1,70,,8400,14,,,1,30,,8393,14,,,1,71,,8398,14,,,1,30,,8404,14,,,1,70,,8414,14,,,1,103,,8408,14,,,1,30,,8412,14,,,1,70,,8403,14,,,1,30,,8416,14,,,1,70,,8385,14,,,1,30,,8391,14,,,1,70,,8394,14,,,1,27,,8409,14,,,1,69,,8397,14,,,1,30,,8392,14,,,1,69,,8384,9,,,1,30,,8396,9,,,1,70,,8399,9,,,1,30,,8383,9,,,1,70,,8411,9,,,1,30,,8407,9,,,1,100,,8405,9,,,1,108,,8395,9,,,1
801,'7',443,,8433,9,,,1,73,,8436,9,,,1,101,,8453,14,,,1,30,,8439,14,,,1,70,,8456,14,,,1,28,,8424,14,,,1,72,,8442,14,,,1,33,,8452,14,,,1,68,,8445,14,,,1,27,,8444,14,,,1,70,,8430,14,,,1,30,,8431,14,,,1,70,,8426,14,,,1,30,,8438,14,,,1,70,,8432,14,,,1,30,,8451,14,,,1,71,,8447,14,,,1,30,,8434,14,,,1,70,,8425,14,,,1,31,,8427,14,,,1,72,,8422,14,,,1,30,,8440,14,,,1,70,,8420,14,,,1,30,,8419,14,,,1,70,,8421,14,,,1,31,,8423,14,,,1,69,,8454,14,,,1,27,,8446,14,,,1,69,,8435,14,,,1,30,,8448,14,,,1,69,,8441,9,,,1,30,,8437,9,,,1,70,,8429,9,,,1,30,,8443,9,,,1,70,,8450,9,,,1,30,,8449,9,,,1,100,,8428,9,,,1,108,,8455,9,,,1
801,'8',513,,8468,9,,,1,100,,8485,14,,,1,100,,8464,14,,,1,100,,8463,14,,,1,30,,8471,14,,,1,70,,8460,14,,,1,30,,8478,14,,,1,71,,8469,14,,,1,30,,8479,14,,,1,70,,8470,14,,,1,30,,8487,14,,,1,70,,8484,14,,,1,30,,8491,14,,,1,70,,8488,14,,,1,30,,8465,14,,,1,70,,8486,14,,,1,30,,8457,14,,,1,70,,8461,14,,,1,30,,8467,14,,,1,70,,8480,14,,,1,30,,8482,14,,,1,70,,8475,14,,,1,30,,8458,14,,,1,69,,8481,14,,,1,30,,8489,14,,,1,70,,8466,14,,,1,30,,8476,14,,,1,70,,8462,14,,,1,30,,8474,9,,,1,70,,8472,9,,,1,30,,8477,9,,,1,70,,8473,9,,,1,100,,8459,9,,,1,100,,8492,9,,,1,100,,8490,9,,,1,30,,8483,9,,,1
801,'9',717,,8514,14,,,1,90,,8519,14,,,1,46,,8497,14,,,1,70,,8507,14,,,1,30,,8513,14,,,1,71,,8505,14,,,1,30,,8498,14,,,1,70,,8517,14,,,1,30,,8501,14,,,1,70,,8520,14,,,1,30,,8502,14,,,1,70,,8503,14,,,1,30,,8516,14,,,1,70,,8510,14,,,1,30,,8512,14,,,1,70,,8521,14,,,1,30,,8511,14,,,1,70,,8495,14,,,1,30,,8494,14,,,1,70,,8509,14,,,1,30,,8515,14,,,1,69,,8499,14,,,1,30,,8506,14,,,1,70,,8500,14,,,1,30,,8523,14,,,1,70,,8518,14,,,1,30,,8508,9,,,1,70,,8493,9,,,1,100,,8504,9,,,1,100,,8522,9,,,1,100,,8496,9,,,1
1100,'1',657,,11813,45,,,1,70,,11791,45,,,1,30,,11815,45,,,1,70,,11796,45,,,1,30,,11801,45,,,1,70,,11803,45,,,1,28,,11810,61,,,1,70,,11788,45,,,1,32,,11809,61,,,1,70,,11794,61,,,1,30,,11817,61,,,1,70,,11800,61,,,1,31,,11783,61,,,1,70,,11808,61,,,1,30,,11797,61,,,1,70,,11806,61,,,1,30,,11789,61,,,1,70,,11805,61,,,1,30,,11782,61,,,1,70,,11799,61,,,1,28,,11792,61,,,1,70,,11790,61,,,1,30,,11785,61,,,1,70,,11793,61,,,1,28,,11802,61,,,1,70,,11786,61,,,1,25,,11804,45,,,1,70,,11814,45,,,1,28,,11784,45,,,1,70,,11798,45,,,1,30,,11787,45,,,1,70,,11795,45,,,1,30,,11812,45,,,1,70,,11807,45,,,1,30,,11811,45,,,1,70,,11816,45,,,1
1100,'10',448,,11854,45,,,1,76,,11848,45,,,1,28,,11831,45,,,1,55,,11855,45,,,1,15,,11866,45,,,1,16,,11836,45,,,1,15,,11857,45,,,1,53,,11861,45,,,1,15,,11875,45,,,1,28,,11832,45,,,1,73,,11826,45,,,1,15,,11853,45,,,1,16,,11839,45,,,1,57,,11821,61,,,1,17,,11859,45,,,1,15,,11845,61,,,1,68,,11842,61,,,1,16,,11819,45,,,1,31,,11840,45,,,1,54,,11847,61,,,1,15,,11877,45,,,1,14,,11868,61,,,1,17,,11870,45,,,1,55,,11841,61,,,1,15,,11858,45,,,1,15,,11820,61,,,1,15,,11862,45,,,1,55,,11827,61,,,1,15,,11822,45,,,1,30,,11876,45,,,1,55,,11874,61,,,1,14,,11852,45,,,1,15,,11825,61,,,1,15,,11851,45,,,1,55,,11860,61,,,1,16,,11833,45,,,1,13,,11869,61,,,1,18,,11856,45,,,1,54,,11828,61,,,1,18,,11834,45,,,1,11,,11843,61,,,1,16,,11863,45,,,1,53,,11871,61,,,1,17,,11849,45,,,1,17,,11823,61,,,1,58,,11844,45,,,1,12,,11837,61,,,1,17,,11872,61,,,1,25,,11864,61,,,1,67,,11835,61,,,1,29,,11873,61,,,1,72,,11829,61,,,1,30,,11850,61,,,1,70,,11867,61,,,1,31,,11824,61,,,1,74,,11838,45,,,1,30,,11830,45,,,1,70,,11865,45,,,1,30,,11846,45,,,1,70,,11818,45,,,1
1100,'11',448,,11914,45,,,1,76,,11908,45,,,1,28,,11891,45,,,1,55,,11915,45,,,1,15,,11926,45,,,1,16,,11896,45,,,1,15,,11917,45,,,1,53,,11921,45,,,1,15,,11935,45,,,1,28,,11892,45,,,1,73,,11886,45,,,1,15,,11913,45,,,1,16,,11899,45,,,1,57,,11881,61,,,1,17,,11919,45,,,1,15,,11905,61,,,1,68,,11902,61,,,1,16,,11879,45,,,1,31,,11900,45,,,1,54,,11907,61,,,1,15,,11937,45,,,1,14,,11928,61,,,1,17,,11930,45,,,1,55,,11901,61,,,1,15,,11918,45,,,1,15,,11880,61,,,1,15,,11922,45,,,1,55,,11887,61,,,1,15,,11882,45,,,1,30,,11936,45,,,1,55,,11934,61,,,1,14,,11912,45,,,1,15,,11885,61,,,1,15,,11911,45,,,1,55,,11920,61,,,1,16,,11893,45,,,1,13,,11929,61,,,1,18,,11916,45,,,1,54,,11888,61,,,1,18,,11894,45,,,1,11,,11903,61,,,1,16,,11923,45,,,1,53,,11931,61,,,1,17,,11909,45,,,1,17,,11883,61,,,1,58,,11904,45,,,1,12,,11897,61,,,1,17,,11932,61,,,1,25,,11924,61,,,1,67,,11895,61,,,1,29,,11933,61,,,1,72,,11889,61,,,1,30,,11910,61,,,1,70,,11927,61,,,1,31,,11884,61,,,1,74,,11898,45,,,1,30,,11890,45,,,1,70,,11925,45,,,1,30,,11906,45,,,1,70,,11878,45,,,1
1100,'12',448,,11974,45,,,1,76,,11968,45,,,1,28,,11951,45,,,1,55,,11975,45,,,1,15,,11986,45,,,1,16,,11956,45,,,1,15,,11977,45,,,1,53,,11981,45,,,1,15,,11995,45,,,1,28,,11952,45,,,1,73,,11946,45,,,1,15,,11973,45,,,1,16,,11959,45,,,1,57,,11941,61,,,1,17,,11979,45,,,1,15,,11965,61,,,1,68,,11962,61,,,1,16,,11939,45,,,1,31,,11960,45,,,1,54,,11967,61,,,1,15,,11997,45,,,1,14,,11988,61,,,1,17,,11990,45,,,1,55,,11961,61,,,1,15,,11978,45,,,1,15,,11940,61,,,1,15,,11982,45,,,1,55,,11947,61,,,1,15,,11942,45,,,1,30,,11996,45,,,1,55,,11994,61,,,1,14,,11972,45,,,1,15,,11945,61,,,1,15,,11971,45,,,1,55,,11980,61,,,1,16,,11953,45,,,1,13,,11989,61,,,1,18,,11976,45,,,1,54,,11948,61,,,1,18,,11954,45,,,1,11,,11963,61,,,1,16,,11983,45,,,1,53,,11991,61,,,1,17,,11969,45,,,1,17,,11943,61,,,1,58,,11964,45,,,1,12,,11957,61,,,1,17,,11992,61,,,1,25,,11984,61,,,1,67,,11955,61,,,1,29,,11993,61,,,1,72,,11949,61,,,1,30,,11970,61,,,1,70,,11987,61,,,1,31,,11944,61,,,1,74,,11958,45,,,1,30,,11950,45,,,1,70,,11985,45,,,1,30,,11966,45,,,1,70,,11938,45,,,1
1100,'13',448,,12001,45,,,1,76,,12009,45,,,1,28,,12029,45,,,1,55,,12012,45,,,1,15,,12050,45,,,1,16,,12062,45,,,1,15,,12008,45,,,1,53,,11999,45,,,1,15,,12056,45,,,1,13,,12011,45,,,1,15,,12038,45,,,1,55,,12057,45,,,1,18,,12019,45,,,1,15,,12006,45,,,1,16,,12025,45,,,1,57,,12040,61,,,1,17,,12004,45,,,1,15,,12042,61,,,1,15,,12046,45,,,1,53,,12015,61,,,1,16,,12032,45,,,1,15,,12010,61,,,1,16,,12016,45,,,1,54,,12002,61,,,1,15,,12052,45,,,1,14,,12058,61,,,1,17,,12022,45,,,1,55,,12030,61,,,1,15,,12024,45,,,1,15,,12000,61,,,1,15,,12049,45,,,1,55,,12036,61,,,1,15,,12013,45,,,1,15,,12035,61,,,1,15,,12027,45,,,1,55,,12044,61,,,1,14,,12037,45,,,1,15,,12061,61,,,1,16,,12031,45,,,1,54,,12014,61,,,1,16,,12021,45,,,1,13,,12055,61,,,1,17,,12048,45,,,1,53,,11998,61,,,1,17,,12003,45,,,1,14,,12005,61,,,1,16,,12043,45,,,1,53,,12041,61,,,1,17,,12033,45,,,1,18,,12039,61,,,1,59,,12047,45,,,1,11,,12023,61,,,1,16,,12007,61,,,1,25,,12020,61,,,1,67,,12026,61,,,1,29,,12034,61,,,1,72,,12060,61,,,1,30,,12054,61,,,1,70,,12028,61,,,1,31,,12018,61,,,1,74,,12053,45,,,1,30,,12059,45,,,1,70,,12051,45,,,1,30,,12045,45,,,1,70,,12017,45,,,1
1100,'14',600,,12082,45,,,1,30,,12078,45,,,1,70,,12098,45,,,1,30,,12072,45,,,1,70,,12087,45,,,1,30,,12086,45,,,1,70,,12102,45,,,1,26,,12081,61,,,1,31,,12090,61,,,1,70,,12101,61,,,1,32,,12094,61,,,1,70,,12075,61,,,1,30,,12068,61,,,1,70,,12089,61,,,1,71,,12096,61,,,1,30,,12093,61,,,1,70,,12066,61,,,1,30,,12076,61,,,1,70,,12085,61,,,1,30,,12100,61,,,1,70,,12083,61,,,1,30,,12063,61,,,1,28,,12077,61,,,1,70,,12065,61,,,1,30,,12079,61,,,1,70,,12084,61,,,1,28,,12067,61,,,1,70,,12088,61,,,1,29,,12091,61,,,1,70,,12070,61,,,1,27,,12069,61,,,1,61,,12073,45,,,1,30,,12080,45,,,1,70,,12099,45,,,1,30,,12074,45,,,1,70,,12071,45,,,1,30,,12092,45,,,1,70,,12097,45,,,1,30,,12064,45,,,1,70,,12095,45,,,1
1100,'15',448,,12139,45,,,1,76,,12133,45,,,1,28,,12116,45,,,1,55,,12140,45,,,1,15,,12151,45,,,1,16,,12121,45,,,1,15,,12142,45,,,1,53,,12146,45,,,1,15,,12160,45,,,1,28,,12117,45,,,1,73,,12111,45,,,1,15,,12138,45,,,1,16,,12124,45,,,1,57,,12106,61,,,1,17,,12144,45,,,1,15,,12130,61,,,1,68,,12127,61,,,1,16,,12104,45,,,1,31,,12125,45,,,1,54,,12132,61,,,1,15,,12162,45,,,1,14,,12153,61,,,1,17,,12155,45,,,1,55,,12126,61,,,1,15,,12143,45,,,1,15,,12105,61,,,1,15,,12147,45,,,1,55,,12112,61,,,1,15,,12107,45,,,1,30,,12161,45,,,1,55,,12159,61,,,1,14,,12137,45,,,1,15,,12110,61,,,1,15,,12136,45,,,1,55,,12145,61,,,1,16,,12118,45,,,1,13,,12154,61,,,1,18,,12141,45,,,1,54,,12113,61,,,1,18,,12119,45,,,1,11,,12128,61,,,1,16,,12148,45,,,1,53,,12156,61,,,1,17,,12134,45,,,1,17,,12108,61,,,1,58,,12129,45,,,1,12,,12122,61,,,1,17,,12157,61,,,1,25,,12149,61,,,1,67,,12120,61,,,1,29,,12158,61,,,1,72,,12114,61,,,1,30,,12135,61,,,1,70,,12152,61,,,1,31,,12109,61,,,1,74,,12123,45,,,1,30,,12115,45,,,1,70,,12150,45,,,1,30,,12131,45,,,1,70,,12103,45,,,1
1100,'16',448,,12199,45,,,1,76,,12193,45,,,1,28,,12176,45,,,1,55,,12200,45,,,1,15,,12211,45,,,1,16,,12181,45,,,1,15,,12202,45,,,1,53,,12206,45,,,1,15,,12220,45,,,1,28,,12177,45,,,1,73,,12171,45,,,1,15,,12198,45,,,1,16,,12184,45,,,1,57,,12166,61,,,1,17,,12204,45,,,1,15,,12190,61,,,1,68,,12187,61,,,1,16,,12164,45,,,1,31,,12185,45,,,1,54,,12192,61,,,1,15,,12222,45,,,1,14,,12213,61,,,1,17,,12215,45,,,1,55,,12186,61,,,1,15,,12203,45,,,1,15,,12165,61,,,1,15,,12207,45,,,1,55,,12172,61,,,1,15,,12167,45,,,1,30,,12221,45,,,1,55,,12219,61,,,1,14,,12197,45,,,1,15,,12170,61,,,1,15,,12196,45,,,1,55,,12205,61,,,1,16,,12178,45,,,1,13,,12214,61,,,1,18,,12201,45,,,1,54,,12173,61,,,1,18,,12179,45,,,1,11,,12188,61,,,1,16,,12208,45,,,1,53,,12216,61,,,1,17,,12194,45,,,1,17,,12168,61,,,1,58,,12189,45,,,1,12,,12182,61,,,1,17,,12217,61,,,1,25,,12209,61,,,1,67,,12180,61,,,1,29,,12218,61,,,1,72,,12174,61,,,1,30,,12195,61,,,1,70,,12212,61,,,1,31,,12169,61,,,1,74,,12183,45,,,1,30,,12175,45,,,1,70,,12210,45,,,1,30,,12191,45,,,1,70,,12163,45,,,1
1100,'17',448,,12226,45,,,1,76,,12234,45,,,1,28,,12254,45,,,1,55,,12237,45,,,1,15,,12275,45,,,1,16,,12287,45,,,1,15,,12233,45,,,1,53,,12224,45,,,1,15,,12281,45,,,1,13,,12236,45,,,1,15,,12263,45,,,1,55,,12282,45,,,1,18,,12244,45,,,1,15,,12231,45,,,1,16,,12250,45,,,1,57,,12265,61,,,1,17,,12229,45,,,1,15,,12267,61,,,1,15,,12271,45,,,1,53,,12240,61,,,1,16,,12257,45,,,1,15,,12235,61,,,1,16,,12241,45,,,1,54,,12227,61,,,1,15,,12277,45,,,1,14,,12283,61,,,1,17,,12247,45,,,1,55,,12255,61,,,1,15,,12249,45,,,1,15,,12225,61,,,1,15,,12274,45,,,1,55,,12261,61,,,1,15,,12238,45,,,1,15,,12260,61,,,1,15,,12252,45,,,1,55,,12269,61,,,1,14,,12262,45,,,1,15,,12286,61,,,1,16,,12256,45,,,1,54,,12239,61,,,1,16,,12246,45,,,1,13,,12280,61,,,1,17,,12273,45,,,1,53,,12223,61,,,1,17,,12228,45,,,1,14,,12230,61,,,1,16,,12268,45,,,1,53,,12266,61,,,1,17,,12258,45,,,1,18,,12264,61,,,1,59,,12272,45,,,1,11,,12248,61,,,1,16,,12232,61,,,1,25,,12245,61,,,1,67,,12251,61,,,1,29,,12259,61,,,1,72,,12285,61,,,1,30,,12279,61,,,1,70,,12253,61,,,1,31,,12243,61,,,1,74,,12278,45,,,1,30,,12284,45,,,1,70,,12276,45,,,1,30,,12270,45,,,1,70,,12242,45,,,1
1100,'18',448,,12293,45,,,1,76,,12307,45,,,1,28,,12301,45,,,1,70,,12311,45,,,1,31,,12302,45,,,1,68,,12305,45,,,1,28,,12313,45,,,1,57,,12328,45,,,1,32,,12294,45,,,1,72,,12296,61,,,1,32,,12318,61,,,1,68,,12289,61,,,1,31,,12299,61,,,1,70,,12288,61,,,1,29,,12323,61,,,1,72,,12306,61,,,1,30,,12303,61,,,1,70,,12322,61,,,1,30,,12315,61,,,1,70,,12319,61,,,1,29,,12300,61,,,1,70,,12304,61,,,1,29,,12295,61,,,1,72,,12320,61,,,1,29,,12290,61,,,1,69,,12297,61,,,1,35,,12321,61,,,1,70,,12326,61,,,1,24,,12327,61,,,1,17,,12291,61,,,1,67,,12298,61,,,1,29,,12292,61,,,1,72,,12310,61,,,1,30,,12312,61,,,1,70,,12316,61,,,1,31,,12325,61,,,1,74,,12309,45,,,1,30,,12317,45,,,1,70,,12308,45,,,1,30,,12314,45,,,1,70,,12324,45,,,1
1100,'19',448,,12332,45,,,1,76,,12340,45,,,1,28,,12360,45,,,1,55,,12343,45,,,1,15,,12381,45,,,1,16,,12393,45,,,1,15,,12339,45,,,1,53,,12330,45,,,1,15,,12387,45,,,1,13,,12342,45,,,1,15,,12369,45,,,1,55,,12388,45,,,1,18,,12350,45,,,1,15,,12337,45,,,1,16,,12356,45,,,1,57,,12371,61,,,1,17,,12335,45,,,1,15,,12373,61,,,1,15,,12377,45,,,1,53,,12346,61,,,1,16,,12363,45,,,1,15,,12341,61,,,1,16,,12347,45,,,1,54,,12333,61,,,1,15,,12383,45,,,1,14,,12389,61,,,1,17,,12353,45,,,1,55,,12361,61,,,1,15,,12355,45,,,1,15,,12331,61,,,1,15,,12380,45,,,1,55,,12367,61,,,1,15,,12344,45,,,1,15,,12366,61,,,1,15,,12358,45,,,1,55,,12375,61,,,1,14,,12368,45,,,1,15,,12392,61,,,1,16,,12362,45,,,1,54,,12345,61,,,1,16,,12352,45,,,1,13,,12386,61,,,1,17,,12379,45,,,1,53,,12329,61,,,1,17,,12334,45,,,1,14,,12336,61,,,1,16,,12374,45,,,1,53,,12372,61,,,1,17,,12364,45,,,1,18,,12370,61,,,1,59,,12378,45,,,1,11,,12354,61,,,1,16,,12338,61,,,1,25,,12351,61,,,1,67,,12357,61,,,1,29,,12365,61,,,1,72,,12391,61,,,1,30,,12385,61,,,1,70,,12359,61,,,1,31,,12349,61,,,1,74,,12384,45,,,1,30,,12390,45,,,1,70,,12382,45,,,1,30,,12376,45,,,1,70,,12348,45,,,1
1100,'2',657,,12425,45,,,1,70,,12403,45,,,1,30,,12427,45,,,1,70,,12408,45,,,1,30,,12413,45,,,1,70,,12415,45,,,1,28,,12422,61,,,1,70,,12400,45,,,1,32,,12421,61,,,1,70,,12406,61,,,1,30,,12429,61,,,1,70,,12412,61,,,1,31,,12395,61,,,1,70,,12420,61,,,1,30,,12409,61,,,1,70,,12418,61,,,1,30,,12401,61,,,1,70,,12417,61,,,1,30,,12394,61,,,1,70,,12411,61,,,1,28,,12404,61,,,1,70,,12402,61,,,1,30,,12397,61,,,1,70,,12405,61,,,1,28,,12414,61,,,1,70,,12398,61,,,1,25,,12416,45,,,1,70,,12426,45,,,1,28,,12396,45,,,1,70,,12410,45,,,1,30,,12399,45,,,1,70,,12407,45,,,1,30,,12424,45,,,1,70,,12419,45,,,1,30,,12423,45,,,1,70,,12428,45,,,1
1100,'3',448,,12466,45,,,1,76,,12460,45,,,1,28,,12443,45,,,1,55,,12467,45,,,1,15,,12478,45,,,1,16,,12448,45,,,1,15,,12469,45,,,1,53,,12473,45,,,1,15,,12487,45,,,1,28,,12444,45,,,1,73,,12438,45,,,1,15,,12465,45,,,1,16,,12451,45,,,1,57,,12433,61,,,1,17,,12471,45,,,1,15,,12457,61,,,1,68,,12454,61,,,1,16,,12431,45,,,1,31,,12452,45,,,1,54,,12459,61,,,1,15,,12489,45,,,1,14,,12480,61,,,1,17,,12482,45,,,1,55,,12453,61,,,1,15,,12470,45,,,1,15,,12432,61,,,1,15,,12474,45,,,1,55,,12439,61,,,1,15,,12434,45,,,1,30,,12488,45,,,1,55,,12486,61,,,1,14,,12464,45,,,1,15,,12437,61,,,1,15,,12463,45,,,1,55,,12472,61,,,1,16,,12445,45,,,1,13,,12481,61,,,1,18,,12468,45,,,1,54,,12440,61,,,1,18,,12446,45,,,1,11,,12455,61,,,1,16,,12475,45,,,1,53,,12483,61,,,1,17,,12461,45,,,1,17,,12435,61,,,1,58,,12456,45,,,1,12,,12449,61,,,1,17,,12484,61,,,1,25,,12476,61,,,1,67,,12447,61,,,1,29,,12485,61,,,1,72,,12441,61,,,1,30,,12462,61,,,1,70,,12479,61,,,1,31,,12436,61,,,1,74,,12450,45,,,1,30,,12442,45,,,1,70,,12477,45,,,1,30,,12458,45,,,1,70,,12430,45,,,1
1100,'4',448,,12526,45,,,1,76,,12520,45,,,1,28,,12503,45,,,1,55,,12527,45,,,1,15,,12538,45,,,1,16,,12508,45,,,1,15,,12529,45,,,1,53,,12533,45,,,1,15,,12547,45,,,1,28,,12504,45,,,1,73,,12498,45,,,1,15,,12525,45,,,1,16,,12511,45,,,1,57,,12493,61,,,1,17,,12531,45,,,1,15,,12517,61,,,1,68,,12514,61,,,1,16,,12491,45,,,1,31,,12512,45,,,1,54,,12519,61,,,1,15,,12549,45,,,1,14,,12540,61,,,1,17,,12542,45,,,1,55,,12513,61,,,1,15,,12530,45,,,1,15,,12492,61,,,1,15,,12534,45,,,1,55,,12499,61,,,1,15,,12494,45,,,1,30,,12548,45,,,1,55,,12546,61,,,1,14,,12524,45,,,1,15,,12497,61,,,1,15,,12523,45,,,1,55,,12532,61,,,1,16,,12505,45,,,1,13,,12541,61,,,1,18,,12528,45,,,1,54,,12500,61,,,1,18,,12506,45,,,1,11,,12515,61,,,1,16,,12535,45,,,1,53,,12543,61,,,1,17,,12521,45,,,1,17,,12495,61,,,1,58,,12516,45,,,1,12,,12509,61,,,1,17,,12544,61,,,1,25,,12536,61,,,1,67,,12507,61,,,1,29,,12545,61,,,1,72,,12501,61,,,1,30,,12522,61,,,1,70,,12539,61,,,1,31,,12496,61,,,1,74,,12510,45,,,1,30,,12502,45,,,1,70,,12537,45,,,1,30,,12518,45,,,1,70,,12490,45,,,1
1100,'5',448,,12553,45,,,1,76,,12561,45,,,1,28,,12581,45,,,1,55,,12564,45,,,1,15,,12602,45,,,1,16,,12614,45,,,1,15,,12560,45,,,1,53,,12551,45,,,1,15,,12608,45,,,1,13,,12563,45,,,1,15,,12590,45,,,1,55,,12609,45,,,1,18,,12571,45,,,1,15,,12558,45,,,1,16,,12577,45,,,1,57,,12592,61,,,1,17,,12556,45,,,1,15,,12594,61,,,1,15,,12598,45,,,1,53,,12567,61,,,1,16,,12584,45,,,1,15,,12562,61,,,1,16,,12568,45,,,1,54,,12554,61,,,1,15,,12604,45,,,1,14,,12610,61,,,1,17,,12574,45,,,1,55,,12582,61,,,1,15,,12576,45,,,1,15,,12552,61,,,1,15,,12601,45,,,1,55,,12588,61,,,1,15,,12565,45,,,1,15,,12587,61,,,1,15,,12579,45,,,1,55,,12596,61,,,1,14,,12589,45,,,1,15,,12613,61,,,1,16,,12583,45,,,1,54,,12566,61,,,1,16,,12573,45,,,1,13,,12607,61,,,1,17,,12600,45,,,1,53,,12550,61,,,1,17,,12555,45,,,1,14,,12557,61,,,1,16,,12595,45,,,1,53,,12593,61,,,1,17,,12585,45,,,1,18,,12591,61,,,1,59,,12599,45,,,1,11,,12575,61,,,1,16,,12559,61,,,1,25,,12572,61,,,1,67,,12578,61,,,1,29,,12586,61,,,1,72,,12612,61,,,1,30,,12606,61,,,1,70,,12580,61,,,1,31,,12570,61,,,1,74,,12605,45,,,1,30,,12611,45,,,1,70,,12603,45,,,1,30,,12597,45,,,1,70,,12569,45,,,1
1100,'6',448,,12651,45,,,1,76,,12645,45,,,1,28,,12628,45,,,1,55,,12652,45,,,1,15,,12663,45,,,1,16,,12633,45,,,1,15,,12654,45,,,1,53,,12658,45,,,1,15,,12672,45,,,1,28,,12629,45,,,1,73,,12623,45,,,1,15,,12650,45,,,1,16,,12636,45,,,1,57,,12618,61,,,1,17,,12656,45,,,1,15,,12642,61,,,1,68,,12639,61,,,1,16,,12616,45,,,1,31,,12637,45,,,1,54,,12644,61,,,1,15,,12674,45,,,1,14,,12665,61,,,1,17,,12667,45,,,1,55,,12638,61,,,1,15,,12655,45,,,1,15,,12617,61,,,1,15,,12659,45,,,1,55,,12624,61,,,1,15,,12619,45,,,1,30,,12673,45,,,1,55,,12671,61,,,1,14,,12649,45,,,1,15,,12622,61,,,1,15,,12648,45,,,1,55,,12657,61,,,1,16,,12630,45,,,1,13,,12666,61,,,1,18,,12653,45,,,1,54,,12625,61,,,1,18,,12631,45,,,1,11,,12640,61,,,1,16,,12660,45,,,1,53,,12668,61,,,1,17,,12646,45,,,1,17,,12620,61,,,1,58,,12641,45,,,1,12,,12634,61,,,1,17,,12669,61,,,1,25,,12661,61,,,1,67,,12632,61,,,1,29,,12670,61,,,1,72,,12626,61,,,1,30,,12647,61,,,1,70,,12664,61,,,1,31,,12621,61,,,1,74,,12635,45,,,1,30,,12627,45,,,1,70,,12662,45,,,1,30,,12643,45,,,1,70,,12615,45,,,1
1100,'7',448,,12678,45,,,1,76,,12686,45,,,1,28,,12706,45,,,1,55,,12689,45,,,1,15,,12727,45,,,1,16,,12739,45,,,1,15,,12685,45,,,1,53,,12676,45,,,1,15,,12733,45,,,1,13,,12688,45,,,1,15,,12715,45,,,1,55,,12734,45,,,1,18,,12696,45,,,1,15,,12683,45,,,1,16,,12702,45,,,1,57,,12717,61,,,1,17,,12681,45,,,1,15,,12719,61,,,1,15,,12723,45,,,1,53,,12692,61,,,1,16,,12709,45,,,1,15,,12687,61,,,1,16,,12693,45,,,1,54,,12679,61,,,1,15,,12729,45,,,1,14,,12735,61,,,1,17,,12699,45,,,1,55,,12707,61,,,1,15,,12701,45,,,1,15,,12677,61,,,1,15,,12726,45,,,1,55,,12713,61,,,1,15,,12690,45,,,1,15,,12712,61,,,1,15,,12704,45,,,1,55,,12721,61,,,1,14,,12714,45,,,1,15,,12738,61,,,1,16,,12708,45,,,1,54,,12691,61,,,1,16,,12698,45,,,1,13,,12732,61,,,1,17,,12725,45,,,1,53,,12675,61,,,1,17,,12680,45,,,1,14,,12682,61,,,1,16,,12720,45,,,1,53,,12718,61,,,1,17,,12710,45,,,1,18,,12716,61,,,1,59,,12724,45,,,1,11,,12700,61,,,1,16,,12684,61,,,1,25,,12697,61,,,1,67,,12703,61,,,1,29,,12711,61,,,1,72,,12737,61,,,1,30,,12731,61,,,1,70,,12705,61,,,1,31,,12695,61,,,1,74,,12730,45,,,1,30,,12736,45,,,1,70,,12728,45,,,1,30,,12722,45,,,1,70,,12694,45,,,1
1100,'8',600,,12759,45,,,1,30,,12755,45,,,1,70,,12775,45,,,1,30,,12749,45,,,1,70,,12764,45,,,1,30,,12763,45,,,1,70,,12779,45,,,1,26,,12758,61,,,1,31,,12767,61,,,1,70,,12778,61,,,1,32,,12771,61,,,1,70,,12752,61,,,1,30,,12745,61,,,1,70,,12766,61,,,1,71,,12773,61,,,1,30,,12770,61,,,1,70,,12743,61,,,1,30,,12753,61,,,1,70,,12762,61,,,1,30,,12777,61,,,1,70,,12760,61,,,1,30,,12740,61,,,1,28,,12754,61,,,1,70,,12742,61,,,1,30,,12756,61,,,1,70,,12761,61,,,1,28,,12744,61,,,1,70,,12765,61,,,1,29,,12768,61,,,1,70,,12747,61,,,1,27,,12746,61,,,1,61,,12750,45,,,1,30,,12757,45,,,1,70,,12776,45,,,1,30,,12751,45,,,1,70,,12748,45,,,1,30,,12769,45,,,1,70,,12774,45,,,1,30,,12741,45,,,1,70,,12772,45,,,1
1100,'9',657,,12811,45,,,1,70,,12789,45,,,1,30,,12813,45,,,1,70,,12794,45,,,1,30,,12799,45,,,1,70,,12801,45,,,1,28,,12808,61,,,1,70,,12786,45,,,1,32,,12807,61,,,1,70,,12792,61,,,1,30,,12815,61,,,1,70,,12798,61,,,1,31,,12781,61,,,1,70,,12806,61,,,1,30,,12795,61,,,1,70,,12804,61,,,1,30,,12787,61,,,1,70,,12803,61,,,1,30,,12780,61,,,1,70,,12797,61,,,1,28,,12790,61,,,1,70,,12788,61,,,1,30,,12783,61,,,1,70,,12791,61,,,1,28,,12800,61,,,1,70,,12784,61,,,1,25,,12802,45,,,1,70,,12812,45,,,1,28,,12782,45,,,1,70,,12796,45,,,1,30,,12785,45,,,1,70,,12793,45,,,1,30,,12810,45,,,1,70,,12805,45,,,1,30,,12809,45,,,1,70,,12814,45,,,1
