3400,'1',543,,318497,21,,,0,75,,282409,18,,,0,30,,318503,18,,,0,71,,318496,18,,,0,31,,318490,18,,,0,70,,318510,18,,,0,29,,318511,18,,,0,70,,318487,18,,,0,29,,318491,18,,,0,69,,318488,18,,,0,30,,318508,18,,,0,70,,318505,18,,,0,30,,318513,18,,,0,70,,318506,18,,,0,31,,318514,18,,,0,70,,318499,18,,,0,30,,318494,18,,,0,70,,318516,18,,,0,30,,318515,18,,,0,72,,318502,18,,,0,30,,318498,18,,,0,70,,318500,18,,,0,29,,318492,18,,,0,70,,318504,18,,,0,29,,318489,18,,,0,70,,318493,18,,,0,30,,232503,18,,,0,70,,318507,18,,,0,30,,318512,18,,,0,70,,318495,18,,,0,30,,318501,18,,,0,70,,229527,18,,,0,30,,318509,18,,,0
3400,'10',700,,318532,18,,,0,100,,318526,18,,,0,30,,318528,18,,,0,70,,318524,18,,,0,30,,284861,18,,,0,70,,318522,18,,,0,30,,318534,18,,,0,70,,210560,18,,,0,30,,283363,18,,,0,70,,251347,18,,,0,30,,318527,18,,,0,70,,287064,18,,,0,30,,318531,18,,,0,70,,242498,18,,,0,30,,318518,18,,,0,70,,318519,18,,,0,30,,318521,18,,,0,70,,220066,18,,,0,30,,318529,18,,,0,70,,318523,18,,,0,30,,318533,18,,,0,70,,264622,18,,,0,30,,318530,18,,,0,70,,318520,18,,,0,30,,318517,18,,,0,75,,318525,18,,,0
3400,'11',543,,272843,21,,,0,75,,318538,18,,,0,30,,318537,18,,,0,71,,318558,18,,,0,31,,318550,18,,,0,9,,278064,21,0,23 24,0,61,,318560,18,,,0,29,,318549,18,,,0,70,,318541,18,,,0,29,,318553,18,,,0,69,,266438,18,,,0,30,,291592,18,,,0,70,,215171,18,,,0,30,,318543,18,,,0,70,,318547,18,,,0,31,,318546,18,,,0,70,,318535,18,,,0,30,,318542,18,,,0,70,,318539,18,,,0,30,,318544,18,,,0,72,,318554,18,,,0,30,,203679,18,,,0,70,,232575,18,,,0,29,,318557,18,,,0,70,,318559,18,,,0,29,,318556,18,,,0,70,,318536,18,,,0,30,,225725,18,,,0,70,,295994,18,,,0,30,,318551,18,,,0,70,,318545,18,,,0,30,,318552,18,,,0,70,,318555,18,,,0,30,,318548,18,,,0
3400,'12',750,,290336,18,,,0,100,,318572,18,,,0,96,,318565,18,,,0,70,,318579,18,,,0,30,,318580,18,,,0,70,,318568,18,,,0,30,,318566,18,,,0,70,,318574,18,,,0,30,,318569,18,,,0,70,,318563,18,,,0,30,,318576,18,,,0,70,,318577,18,,,0,30,,318570,18,,,0,70,,318575,18,,,0,42,,318573,18,,,0,58,,318562,18,,,0,30,,318571,18,,,0,70,,318564,18,,,0,30,,318567,18,,,0,70,,318578,18,,,0,43,,318561,18,,,0
3400,'13',543,,272886,21,,,0,75,,318584,18,,,0,30,,318583,18,,,0,71,,318604,18,,,0,31,,318596,18,,,0,9,,278090,21,0,23 24,0,61,,318606,18,,,0,29,,318595,18,,,0,70,,318587,18,,,0,29,,318599,18,,,0,69,,266484,18,,,0,30,,291619,18,,,0,70,,215211,18,,,0,30,,318589,18,,,0,70,,318593,18,,,0,31,,318592,18,,,0,70,,318581,18,,,0,30,,318588,18,,,0,70,,318585,18,,,0,30,,318590,18,,,0,72,,318600,18,,,0,30,,203622,18,,,0,70,,232600,18,,,0,29,,318603,18,,,0,70,,318605,18,,,0,29,,318602,18,,,0,70,,318582,18,,,0,30,,225763,18,,,0,70,,295995,18,,,0,30,,318597,18,,,0,70,,318591,18,,,0,30,,318598,18,,,0,70,,318601,18,,,0,30,,318594,18,,,0
3400,'14',543,,273048,21,,,0,75,,318610,18,,,0,30,,318609,18,,,0,71,,318630,18,,,0,31,,318622,18,,,0,9,,278212,21,0,23 24,0,61,,318632,18,,,0,29,,318621,18,,,0,70,,318613,18,,,0,29,,318625,18,,,0,69,,266673,18,,,0,30,,291722,18,,,0,70,,215374,18,,,0,30,,318615,18,,,0,70,,318619,18,,,0,31,,318618,18,,,0,70,,318607,18,,,0,30,,318614,18,,,0,70,,318611,18,,,0,30,,318616,18,,,0,72,,318626,18,,,0,30,,203654,18,,,0,70,,232705,18,,,0,29,,318629,18,,,0,70,,318631,18,,,0,29,,318628,18,,,0,70,,318608,18,,,0,30,,225882,18,,,0,70,,295996,18,,,0,30,,318623,18,,,0,70,,318617,18,,,0,30,,318624,18,,,0,70,,318627,18,,,0,30,,318620,18,,,0
3400,'15',750,,318638,18,,,0,100,,318642,18,,,0,96,,318637,18,,,0,70,,318649,18,,,0,30,,247904,18,,,0,70,,318639,18,,,0,30,,240891,18,,,0,70,,318644,18,,,0,30,,280854,18,,,0,70,,318635,18,,,0,30,,318646,18,,,0,70,,318647,18,,,0,30,,318640,18,,,0,70,,318645,18,,,0,42,,318643,18,,,0,58,,318634,18,,,0,30,,318641,18,,,0,70,,318636,18,,,0,30,,244504,18,,,0,70,,318648,18,,,0,43,,318633,18,,,0
3400,'16',700,,318667,18,,,0,100,,318658,18,,,0,30,,318663,18,,,0,70,,318656,18,,,0,30,,318672,18,,,0,70,,228292,18,,,0,30,,318670,18,,,0,70,,318671,18,,,0,30,,318652,18,,,0,70,,318660,18,,,0,30,,318661,18,,,0,70,,318662,18,,,0,30,,318666,18,,,0,70,,318650,18,,,0,30,,318651,18,,,0,70,,246453,18,,,0,30,,318654,18,,,0,70,,318659,18,,,0,30,,318664,18,,,0,70,,318655,18,,,0,30,,318669,18,,,0,70,,318668,18,,,0,30,,318665,18,,,0,70,,318653,18,,,0,30,,237711,18,,,0,75,,318657,18,,,0
3400,'2',543,,318697,21,,,0,75,,216474,18,,,0,30,,318675,18,,,0,71,,318701,18,,,0,31,,318692,18,,,0,9,,318682,21,0,23 24,0,61,,318704,18,,,0,29,,318691,18,,,0,70,,318679,18,,,0,29,,318695,18,,,0,69,,318687,18,,,0,30,,318700,18,,,0,70,,318690,18,,,0,30,,318681,18,,,0,70,,318686,18,,,0,31,,318685,18,,,0,70,,318673,18,,,0,30,,318680,18,,,0,70,,318676,18,,,0,30,,318683,18,,,0,72,,318696,18,,,0,30,,318693,18,,,0,70,,318689,18,,,0,29,,318699,18,,,0,70,,318702,18,,,0,29,,318698,18,,,0,70,,318674,18,,,0,30,,318703,18,,,0,70,,318678,18,,,0,30,,245083,18,,,0,70,,318684,18,,,0,30,,318694,18,,,0,70,,224992,18,,,0,30,,318688,18,,,0
3400,'3',543,,318727,21,,,0,75,,318708,18,,,0,30,,318707,18,,,0,71,,318731,18,,,0,31,,211036,18,,,0,9,,318715,21,0,23 24,0,61,,318734,18,,,0,29,,318721,18,,,0,70,,318712,18,,,0,29,,318725,18,,,0,69,,318718,18,,,0,30,,318730,18,,,0,70,,318720,18,,,0,30,,318714,18,,,0,70,,234667,18,,,0,31,,181685,18,,,0,70,,318705,18,,,0,30,,318713,18,,,0,70,,318709,18,,,0,30,,318716,18,,,0,72,,318726,18,,,0,30,,318722,18,,,0,70,,318719,18,,,0,29,,266008,18,,,0,70,,318732,18,,,0,29,,318729,18,,,0,70,,318706,18,,,0,30,,318733,18,,,0,70,,318711,18,,,0,30,,318723,18,,,0,70,,318717,18,,,0,30,,318724,18,,,0,70,,318728,18,,,0,30,,266000,18,,,0
3400,'4',543,,318753,21,,,0,75,,318757,18,,,0,30,,318735,18,,,0,71,,318761,18,,,0,31,,223524,18,,,0,70,,268442,18,,,0,29,,318750,18,,,0,70,,318740,18,,,0,29,,318744,18,,,0,69,,318738,18,,,0,30,,318748,18,,,0,70,,281355,18,,,0,30,,318751,18,,,0,70,,318741,18,,,0,31,,318749,18,,,0,70,,318747,18,,,0,30,,252153,18,,,0,70,,318756,18,,,0,30,,318746,18,,,0,72,,318759,18,,,0,30,,318754,18,,,0,70,,318743,18,,,0,29,,318736,18,,,0,70,,263445,18,,,0,29,,318745,18,,,0,70,,318760,18,,,0,30,,318742,18,,,0,70,,318758,18,,,0,30,,318737,18,,,0,70,,318752,18,,,0,30,,318739,18,,,0,70,,275750,18,,,0,30,,318755,18,,,0
3400,'5',543,,318784,21,,,0,75,,318765,18,,,0,30,,318764,18,,,0,71,,318788,18,,,0,31,,211189,18,,,0,9,,318772,21,0,23 24,0,61,,318791,18,,,0,29,,318778,18,,,0,70,,318769,18,,,0,29,,318782,18,,,0,69,,318775,18,,,0,30,,318787,18,,,0,70,,318777,18,,,0,30,,318771,18,,,0,70,,122125,18,,,0,31,,262948,18,,,0,70,,318762,18,,,0,30,,318770,18,,,0,70,,318766,18,,,0,30,,318773,18,,,0,72,,318783,18,,,0,30,,318779,18,,,0,70,,318776,18,,,0,29,,266105,18,,,0,70,,318789,18,,,0,29,,318786,18,,,0,70,,318763,18,,,0,30,,318790,18,,,0,70,,318768,18,,,0,30,,318780,18,,,0,70,,318774,18,,,0,30,,318781,18,,,0,70,,318785,18,,,0,30,,266097,18,,,0
3400,'6',543,,272607,21,,,0,75,,318795,18,,,0,30,,318794,18,,,0,71,,318815,18,,,0,31,,318807,18,,,0,9,,277894,21,0,23 24,0,61,,318817,18,,,0,29,,318806,18,,,0,70,,318798,18,,,0,29,,318810,18,,,0,69,,266177,18,,,0,30,,291428,18,,,0,70,,214923,18,,,0,30,,318800,18,,,0,70,,318804,18,,,0,31,,318803,18,,,0,70,,318792,18,,,0,30,,318799,18,,,0,70,,318796,18,,,0,30,,318801,18,,,0,72,,318811,18,,,0,30,,203674,18,,,0,70,,232424,18,,,0,29,,318814,18,,,0,70,,318816,18,,,0,29,,318813,18,,,0,70,,318793,18,,,0,30,,225510,18,,,0,70,,295992,18,,,0,30,,318808,18,,,0,70,,318802,18,,,0,30,,318809,18,,,0,70,,318812,18,,,0,30,,318805,18,,,0
3400,'7',543,,318842,21,,,0,75,,216354,18,,,0,30,,318820,18,,,0,71,,318846,18,,,0,31,,318837,18,,,0,9,,318827,21,0,23 24,0,61,,318849,18,,,0,29,,318836,18,,,0,70,,318824,18,,,0,29,,318840,18,,,0,69,,318832,18,,,0,30,,318845,18,,,0,70,,318835,18,,,0,30,,318826,18,,,0,70,,318831,18,,,0,31,,318830,18,,,0,70,,318818,18,,,0,30,,318825,18,,,0,70,,318821,18,,,0,30,,318828,18,,,0,72,,318841,18,,,0,30,,318838,18,,,0,70,,318834,18,,,0,29,,318844,18,,,0,70,,318847,18,,,0,29,,318843,18,,,0,70,,318819,18,,,0,30,,318848,18,,,0,70,,318823,18,,,0,30,,244986,18,,,0,70,,318829,18,,,0,30,,318839,18,,,0,70,,224902,18,,,0,30,,318833,18,,,0
3400,'8',750,,290673,18,,,0,100,,318861,18,,,0,96,,318854,18,,,0,70,,318868,18,,,0,30,,318869,18,,,0,70,,318857,18,,,0,30,,318855,18,,,0,70,,318863,18,,,0,30,,318858,18,,,0,70,,318852,18,,,0,30,,318865,18,,,0,70,,318866,18,,,0,30,,318859,18,,,0,70,,318864,18,,,0,42,,318862,18,,,0,58,,318851,18,,,0,30,,318860,18,,,0,70,,318853,18,,,0,30,,318856,18,,,0,70,,318867,18,,,0,43,,318850,18,,,0
3400,'9',543,,272499,21,,,0,75,,318873,18,,,0,30,,318872,18,,,0,71,,318893,18,,,0,31,,318885,18,,,0,9,,277814,21,0,23 24,0,61,,318895,18,,,0,29,,318884,18,,,0,70,,318876,18,,,0,29,,318888,18,,,0,69,,266057,18,,,0,30,,291349,18,,,0,70,,214818,18,,,0,30,,318878,18,,,0,70,,318882,18,,,0,31,,318881,18,,,0,70,,318870,18,,,0,30,,318877,18,,,0,70,,318874,18,,,0,30,,318879,18,,,0,72,,318889,18,,,0,30,,203659,18,,,0,70,,232351,18,,,0,29,,318892,18,,,0,70,,318894,18,,,0,29,,318891,18,,,0,70,,318871,18,,,0,30,,225406,18,,,0,70,,295991,18,,,0,30,,318886,18,,,0,70,,318880,18,,,0,30,,318887,18,,,0,70,,318890,18,,,0,30,,318883,18,,,0
61200,'11',725,,376250,20,0,52 53,0,105,,376251,20,,,0,3,,259725,20,,,0
61200,'13',725,,376252,20,0,52 53,0,105,,376253,20,,,0,3,,259764,20,,,0
61200,'14',725,,376254,20,0,52 53,0,105,,376255,20,,,0,3,,259920,20,,,0
61200,'2',725,,220737,20,0,52 53,0,105,,376257,20,,,0,3,,376256,20,,,0
61200,'3',725,,376259,20,0,52 53,0,105,,376260,20,,,0,3,,376258,20,,,0
61200,'5',725,,376262,20,0,52 53,0,105,,376263,20,,,0,3,,376261,20,,,0
61200,'6',725,,376264,20,0,52 53,0,105,,376265,20,,,0,3,,259512,20,,,0
61200,'7',725,,220619,20,0,52 53,0,105,,376267,20,,,0,3,,376266,20,,,0
61200,'9',725,,376268,20,0,52 53,0,105,,376269,20,,,0,3,,259412,20,,,0
62200,'11',804,,376401,20,0,83 84 85,0,27,,206926,20,,,0
62200,'13',804,,376402,20,0,83 84 85,0,27,,206973,20,,,0
62200,'14',804,,376403,20,0,83 84 85,0,27,,207148,20,,,0
62200,'2',804,,150670,20,0,83 84 85,0,27,,376404,20,,,0
62200,'3',804,,376405,20,0,83 84 85,0,27,,376406,20,,,0
62200,'5',804,,376407,20,0,83 84 85,0,27,,376408,20,,,0
62200,'6',804,,376409,20,0,83 84 85,0,27,,206654,20,,,0
62200,'7',804,,45621,20,0,83 84 85,0,27,,376410,20,,,0
62200,'9',804,,376411,20,0,83 84 85,0,27,,206534,20,,,0
63401,'11',1444,,376601,22,,,0
63401,'13',1444,,376602,22,,,0
63401,'14',1444,,376603,22,,,0
63401,'2',1444,,376604,22,,,0
63401,'3',1444,,376605,22,,,0
63401,'5',1444,,376606,22,,,0
63401,'6',1444,,376607,22,,,0
63401,'7',1444,,376608,22,,,0
63401,'9',1444,,376609,22,,,0
64100,'11',811,,376668,21,,,0
64100,'13',811,,376669,21,,,0
64100,'14',811,,376670,21,,,0
64100,'2',811,,376671,21,,,0
64100,'3',811,,376672,21,,,0
64100,'5',811,,376673,21,,,0
64100,'6',811,,376674,21,,,0
64100,'7',811,,376675,21,,,0
64100,'9',811,,376676,21,,,0
