5701,'1',931,,58793,21,,,1,100,,58799,21,,,1,102,,58812,21,,,1,100,,58792,21,,,1,100,,58806,21,,,1,100,,58797,21,,,1,100,,58800,21,,,1,100,,58819,21,,,1,100,,58814,21,,,1
5701,'10',623,,58821,22,,,1,10,,58856,21,,,1,15,,58824,21,,,1,55,,58848,21,,,1,15,,58858,21,,,1,15,,58864,21,,,1,14,,58829,21,,,1,70,,58847,21,,,1,18,,58841,21,,,1,13,,58855,21,,,1,70,,58836,21,,,1,32,,58840,21,,,1,70,,58832,21,,,1,30,,58850,21,,,1,70,,58825,21,,,1,30,,58842,21,,,1,70,,58852,21,,,1,28,,58860,21,,,1,70,,58866,21,,,1,99,,58863,21,,,1,30,,58830,21,,,1,71,,58820,21,,,1,29,,58862,21,,,1,71,,58859,21,,,1,31,,58823,21,,,1,70,,58833,21,,,1,30,,58838,21,,,1,72,,58843,21,,,1,33,,58851,21,,,1,66,,58845,21,,,1,30,,58849,21,,,1,70,,58853,21,,,1,30,,58865,21,,,1,70,,58837,21,,,1,28,,58857,21,,,1,70,,58846,21,,,1,28,,58822,21,,,1,74,,58839,21,,,1,82,,58831,22,,,1
5701,'11',623,,58868,22,,,1,10,,58903,21,,,1,15,,58871,21,,,1,55,,58895,21,,,1,15,,58905,21,,,1,15,,58911,21,,,1,14,,58876,21,,,1,70,,58894,21,,,1,18,,58888,21,,,1,13,,58902,21,,,1,70,,58883,21,,,1,32,,58887,21,,,1,70,,58879,21,,,1,30,,58897,21,,,1,70,,58872,21,,,1,30,,58889,21,,,1,70,,58899,21,,,1,28,,58907,21,,,1,70,,58913,21,,,1,99,,58910,21,,,1,30,,58877,21,,,1,71,,58867,21,,,1,29,,58909,21,,,1,71,,58906,21,,,1,31,,58870,21,,,1,70,,58880,21,,,1,30,,58885,21,,,1,72,,58890,21,,,1,33,,58898,21,,,1,66,,58892,21,,,1,30,,58896,21,,,1,70,,58900,21,,,1,30,,58912,21,,,1,70,,58884,21,,,1,28,,58904,21,,,1,70,,58893,21,,,1,28,,58869,21,,,1,74,,58886,21,,,1,82,,58878,22,,,1
5701,'12',623,,58915,22,,,1,10,,58950,21,,,1,15,,58918,21,,,1,55,,58942,21,,,1,15,,58952,21,,,1,15,,58958,21,,,1,14,,58923,21,,,1,70,,58941,21,,,1,18,,58935,21,,,1,13,,58949,21,,,1,70,,58930,21,,,1,32,,58934,21,,,1,70,,58926,21,,,1,30,,58944,21,,,1,70,,58919,21,,,1,30,,58936,21,,,1,70,,58946,21,,,1,28,,58954,21,,,1,70,,58960,21,,,1,99,,58957,21,,,1,30,,58924,21,,,1,71,,58914,21,,,1,29,,58956,21,,,1,71,,58953,21,,,1,31,,58917,21,,,1,70,,58927,21,,,1,30,,58932,21,,,1,72,,58937,21,,,1,33,,58945,21,,,1,66,,58939,21,,,1,30,,58943,21,,,1,70,,58947,21,,,1,30,,58959,21,,,1,70,,58931,21,,,1,28,,58951,21,,,1,70,,58940,21,,,1,28,,58916,21,,,1,74,,58933,21,,,1,82,,58925,22,,,1
5701,'13',623,,59000,22,,,1,10,,58965,21,,,1,15,,58992,21,,,1,55,,58969,21,,,1,15,,58966,21,,,1,15,,58990,21,,,1,14,,59005,21,,,1,57,,59001,21,,,1,13,,59003,21,,,1,18,,58991,21,,,1,13,,58987,21,,,1,70,,59006,21,,,1,32,,58970,21,,,1,70,,58971,21,,,1,30,,58974,21,,,1,70,,58984,21,,,1,30,,59004,21,,,1,70,,58993,21,,,1,28,,58978,21,,,1,70,,58994,21,,,1,30,,59009,21,,,1,69,,58967,21,,,1,30,,59007,21,,,1,71,,58982,21,,,1,29,,58975,21,,,1,71,,58996,21,,,1,31,,58983,21,,,1,70,,58973,21,,,1,30,,58972,21,,,1,72,,58963,21,,,1,33,,59008,21,,,1,66,,58995,21,,,1,30,,59002,21,,,1,70,,58968,21,,,1,30,,58986,21,,,1,70,,58961,21,,,1,28,,58999,21,,,1,70,,58997,21,,,1,28,,58998,21,,,1,74,,58962,21,,,1,82,,58980,22,,,1
5701,'14',802,,59023,21,0,59 60,1,32,,59017,21,,,1,100,,59010,21,,,1,100,,59021,21,,,1,102,,59022,21,,,1,100,,59019,21,,,1,100,,59015,21,,,1,100,,59014,21,,,1,100,,59032,21,,,1,100,,59029,21,,,1,100,,59013,21,,,1,100,,59025,21,,,1,99,,59030,21,,,1,99,,59011,21,,,1,100,,59027,21,,,1,100,,59026,21,,,1
5701,'15',623,,59035,22,,,1,10,,59070,21,,,1,15,,59038,21,,,1,55,,59062,21,,,1,15,,59072,21,,,1,15,,59078,21,,,1,14,,59043,21,,,1,70,,59061,21,,,1,18,,59055,21,,,1,13,,59069,21,,,1,70,,59050,21,,,1,32,,59054,21,,,1,70,,59046,21,,,1,30,,59064,21,,,1,70,,59039,21,,,1,30,,59056,21,,,1,70,,59066,21,,,1,28,,59074,21,,,1,70,,59080,21,,,1,99,,59077,21,,,1,30,,59044,21,,,1,71,,59034,21,,,1,29,,59076,21,,,1,71,,59073,21,,,1,31,,59037,21,,,1,70,,59047,21,,,1,30,,59052,21,,,1,72,,59057,21,,,1,33,,59065,21,,,1,66,,59059,21,,,1,30,,59063,21,,,1,70,,59067,21,,,1,30,,59079,21,,,1,70,,59051,21,,,1,28,,59071,21,,,1,70,,59060,21,,,1,28,,59036,21,,,1,74,,59053,21,,,1,82,,59045,22,,,1
5701,'16',623,,59082,22,,,1,10,,59117,21,,,1,15,,59085,21,,,1,55,,59109,21,,,1,15,,59119,21,,,1,15,,59125,21,,,1,14,,59090,21,,,1,70,,59108,21,,,1,18,,59102,21,,,1,13,,59116,21,,,1,70,,59097,21,,,1,32,,59101,21,,,1,70,,59093,21,,,1,30,,59111,21,,,1,70,,59086,21,,,1,30,,59103,21,,,1,70,,59113,21,,,1,28,,59121,21,,,1,70,,59127,21,,,1,99,,59124,21,,,1,30,,59091,21,,,1,71,,59081,21,,,1,29,,59123,21,,,1,71,,59120,21,,,1,31,,59084,21,,,1,70,,59094,21,,,1,30,,59099,21,,,1,72,,59104,21,,,1,33,,59112,21,,,1,66,,59106,21,,,1,30,,59110,21,,,1,70,,59114,21,,,1,30,,59126,21,,,1,70,,59098,21,,,1,28,,59118,21,,,1,70,,59107,21,,,1,28,,59083,21,,,1,74,,59100,21,,,1,82,,59092,22,,,1
5701,'17',623,,59167,22,,,1,10,,59132,21,,,1,15,,59159,21,,,1,55,,59136,21,,,1,15,,59133,21,,,1,15,,59157,21,,,1,14,,59172,21,,,1,57,,59168,21,,,1,13,,59170,21,,,1,18,,59158,21,,,1,13,,59154,21,,,1,70,,59173,21,,,1,32,,59137,21,,,1,70,,59138,21,,,1,30,,59141,21,,,1,70,,59151,21,,,1,30,,59171,21,,,1,70,,59160,21,,,1,28,,59145,21,,,1,70,,59161,21,,,1,30,,59176,21,,,1,69,,59134,21,,,1,30,,59174,21,,,1,71,,59149,21,,,1,29,,59142,21,,,1,71,,59163,21,,,1,31,,59150,21,,,1,70,,59140,21,,,1,30,,59139,21,,,1,72,,59130,21,,,1,33,,59175,21,,,1,66,,59162,21,,,1,30,,59169,21,,,1,70,,59135,21,,,1,30,,59153,21,,,1,70,,59128,21,,,1,28,,59166,21,,,1,70,,59164,21,,,1,28,,59165,21,,,1,74,,59129,21,,,1,82,,59147,22,,,1
5701,'18',623,,59191,22,,,1,10,,59205,21,,,1,15,,59200,21,,,1,55,,59215,21,,,1,15,,59198,21,,,1,15,,59187,21,,,1,14,,59182,21,,,1,56,,59207,21,,,1,14,,59202,21,,,1,16,,59206,21,,,1,15,,59223,21,,,1,70,,59217,21,,,1,32,,59204,21,,,1,70,,59177,21,,,1,30,,59189,21,,,1,70,,59188,21,,,1,30,,59208,21,,,1,70,,59179,21,,,1,28,,59178,21,,,1,70,,59186,21,,,1,30,,59218,21,,,1,69,,59222,21,,,1,29,,59209,21,,,1,71,,59210,21,,,1,30,,59193,21,,,1,72,,59220,21,,,1,30,,59180,21,,,1,70,,59197,21,,,1,30,,59184,21,,,1,72,,59213,21,,,1,33,,59219,21,,,1,66,,59194,21,,,1,30,,59195,21,,,1,70,,59216,21,,,1,30,,59224,21,,,1,70,,59181,21,,,1,28,,59214,21,,,1,70,,59185,21,,,1,28,,59212,21,,,1,74,,59190,21,,,1,82,,59203,22,,,1
5701,'19',623,,59265,22,,,1,10,,59230,21,,,1,15,,59257,21,,,1,55,,59234,21,,,1,15,,59231,21,,,1,15,,59255,21,,,1,14,,59270,21,,,1,57,,59266,21,,,1,13,,59268,21,,,1,18,,59256,21,,,1,13,,59252,21,,,1,70,,59271,21,,,1,32,,59235,21,,,1,70,,59236,21,,,1,30,,59239,21,,,1,70,,59249,21,,,1,30,,59269,21,,,1,70,,59258,21,,,1,28,,59243,21,,,1,70,,59259,21,,,1,30,,59274,21,,,1,69,,59232,21,,,1,30,,59272,21,,,1,71,,59247,21,,,1,29,,59240,21,,,1,71,,59261,21,,,1,31,,59248,21,,,1,70,,59238,21,,,1,30,,59237,21,,,1,72,,59228,21,,,1,33,,59273,21,,,1,66,,59260,21,,,1,30,,59267,21,,,1,70,,59233,21,,,1,30,,59251,21,,,1,70,,59226,21,,,1,28,,59264,21,,,1,70,,59262,21,,,1,28,,59263,21,,,1,74,,59227,21,,,1,82,,59245,22,,,1
5701,'2',931,,59276,21,,,1,100,,59282,21,,,1,102,,59295,21,,,1,100,,59275,21,,,1,100,,59289,21,,,1,100,,59280,21,,,1,100,,59283,21,,,1,100,,59302,21,,,1,100,,59297,21,,,1
5701,'3',623,,59304,22,,,1,10,,59339,21,,,1,15,,59307,21,,,1,55,,59331,21,,,1,15,,59341,21,,,1,15,,59347,21,,,1,14,,59312,21,,,1,70,,59330,21,,,1,18,,59324,21,,,1,13,,59338,21,,,1,70,,59319,21,,,1,32,,59323,21,,,1,70,,59315,21,,,1,30,,59333,21,,,1,70,,59308,21,,,1,30,,59325,21,,,1,70,,59335,21,,,1,28,,59343,21,,,1,70,,59349,21,,,1,99,,59346,21,,,1,30,,59313,21,,,1,71,,59303,21,,,1,29,,59345,21,,,1,71,,59342,21,,,1,31,,59306,21,,,1,70,,59316,21,,,1,30,,59321,21,,,1,72,,59326,21,,,1,33,,59334,21,,,1,66,,59328,21,,,1,30,,59332,21,,,1,70,,59336,21,,,1,30,,59348,21,,,1,70,,59320,21,,,1,28,,59340,21,,,1,70,,59329,21,,,1,28,,59305,21,,,1,74,,59322,21,,,1,82,,59314,22,,,1
5701,'4',623,,59351,22,,,1,10,,59386,21,,,1,15,,59354,21,,,1,55,,59378,21,,,1,15,,59388,21,,,1,15,,59394,21,,,1,14,,59359,21,,,1,70,,59377,21,,,1,18,,59371,21,,,1,13,,59385,21,,,1,70,,59366,21,,,1,32,,59370,21,,,1,70,,59362,21,,,1,30,,59380,21,,,1,70,,59355,21,,,1,30,,59372,21,,,1,70,,59382,21,,,1,28,,59390,21,,,1,70,,59396,21,,,1,99,,59393,21,,,1,30,,59360,21,,,1,71,,59350,21,,,1,29,,59392,21,,,1,71,,59389,21,,,1,31,,59353,21,,,1,70,,59363,21,,,1,30,,59368,21,,,1,72,,59373,21,,,1,33,,59381,21,,,1,66,,59375,21,,,1,30,,59379,21,,,1,70,,59383,21,,,1,30,,59395,21,,,1,70,,59367,21,,,1,28,,59387,21,,,1,70,,59376,21,,,1,28,,59352,21,,,1,74,,59369,21,,,1,82,,59361,22,,,1
5701,'5',623,,59436,22,,,1,10,,59401,21,,,1,15,,59428,21,,,1,55,,59405,21,,,1,15,,59402,21,,,1,15,,59426,21,,,1,14,,59441,21,,,1,57,,59437,21,,,1,13,,59439,21,,,1,18,,59427,21,,,1,13,,59423,21,,,1,70,,59442,21,,,1,32,,59406,21,,,1,70,,59407,21,,,1,30,,59410,21,,,1,70,,59420,21,,,1,30,,59440,21,,,1,70,,59429,21,,,1,28,,59414,21,,,1,70,,59430,21,,,1,30,,59445,21,,,1,69,,59403,21,,,1,30,,59443,21,,,1,71,,59418,21,,,1,29,,59411,21,,,1,71,,59432,21,,,1,31,,59419,21,,,1,70,,59409,21,,,1,30,,59408,21,,,1,72,,59399,21,,,1,33,,59444,21,,,1,66,,59431,21,,,1,30,,59438,21,,,1,70,,59404,21,,,1,30,,59422,21,,,1,70,,59397,21,,,1,28,,59435,21,,,1,70,,59433,21,,,1,28,,59434,21,,,1,74,,59398,21,,,1,82,,59416,22,,,1
5701,'6',623,,59447,22,,,1,10,,59482,21,,,1,15,,59450,21,,,1,55,,59474,21,,,1,15,,59484,21,,,1,15,,59490,21,,,1,14,,59455,21,,,1,70,,59473,21,,,1,18,,59467,21,,,1,13,,59481,21,,,1,70,,59462,21,,,1,32,,59466,21,,,1,70,,59458,21,,,1,30,,59476,21,,,1,70,,59451,21,,,1,30,,59468,21,,,1,70,,59478,21,,,1,28,,59486,21,,,1,70,,59492,21,,,1,99,,59489,21,,,1,30,,59456,21,,,1,71,,59446,21,,,1,29,,59488,21,,,1,71,,59485,21,,,1,31,,59449,21,,,1,70,,59459,21,,,1,30,,59464,21,,,1,72,,59469,21,,,1,33,,59477,21,,,1,66,,59471,21,,,1,30,,59475,21,,,1,70,,59479,21,,,1,30,,59491,21,,,1,70,,59463,21,,,1,28,,59483,21,,,1,70,,59472,21,,,1,28,,59448,21,,,1,74,,59465,21,,,1,82,,59457,22,,,1
5701,'7',623,,59532,22,,,1,10,,59497,21,,,1,15,,59524,21,,,1,55,,59501,21,,,1,15,,59498,21,,,1,15,,59522,21,,,1,14,,59537,21,,,1,57,,59533,21,,,1,13,,59535,21,,,1,18,,59523,21,,,1,13,,59519,21,,,1,70,,59538,21,,,1,32,,59502,21,,,1,70,,59503,21,,,1,30,,59506,21,,,1,70,,59516,21,,,1,30,,59536,21,,,1,70,,59525,21,,,1,28,,59510,21,,,1,70,,59526,21,,,1,30,,59541,21,,,1,69,,59499,21,,,1,30,,59539,21,,,1,71,,59514,21,,,1,29,,59507,21,,,1,71,,59528,21,,,1,31,,59515,21,,,1,70,,59505,21,,,1,30,,59504,21,,,1,72,,59495,21,,,1,33,,59540,21,,,1,66,,59527,21,,,1,30,,59534,21,,,1,70,,59500,21,,,1,30,,59518,21,,,1,70,,59493,21,,,1,28,,59531,21,,,1,70,,59529,21,,,1,28,,59530,21,,,1,74,,59494,21,,,1,82,,59512,22,,,1
5701,'8',802,,59555,21,0,59 60,1,32,,59549,21,,,1,100,,59542,21,,,1,100,,59553,21,,,1,102,,59554,21,,,1,100,,59551,21,,,1,100,,59547,21,,,1,100,,59546,21,,,1,100,,59564,21,,,1,100,,59561,21,,,1,100,,59545,21,,,1,100,,59557,21,,,1,99,,59562,21,,,1,99,,59543,21,,,1,100,,59559,21,,,1,100,,59558,21,,,1
5701,'9',931,,59567,21,,,1,100,,59573,21,,,1,102,,59586,21,,,1,100,,59566,21,,,1,100,,59580,21,,,1,100,,59571,21,,,1,100,,59574,21,,,1,100,,59593,21,,,1,100,,59588,21,,,1
6800,'1',551,,68088,35,,,1,100,,68090,35,,,1,70,,68074,35,,,1,30,,68092,35,,,1,70,,68098,35,,,1,31,,68093,35,,,1,70,,68113,35,,,1,30,,68095,35,,,1,70,,68110,35,,,1,31,,68083,35,,,1,60,,68107,35,,,1,20,,68082,35,,,1,20,,68080,35,,,1,60,,68079,35,,,1,22,,68094,35,,,1,20,,68081,35,,,1,60,,68106,35,,,1,20,,68087,35,,,1,20,,68089,35,,,1,60,,68105,35,,,1,20,,68077,35,,,1,20,,68102,35,,,1,60,,68100,35,,,1,20,,68086,35,,,1,20,,68108,35,,,1,60,,68104,35,,,1,19,,68097,35,,,1,20,,68103,35,,,1,60,,68101,35,,,1,23,,68085,35,,,1,70,,68072,35,,,1,30,,68112,35,,,1,70,,68111,35,,,1,30,,68078,35,,,1,70,,68076,35,,,1,29,,68099,35,,,1,70,,68084,35,,,1,30,,68109,35,,,1,70,,68075,35,,,1,29,,68073,35,,,1,70,,68096,35,,,1,30,,68091,35,,,1
6800,'10',455,,68167,41,,,1,61,,68134,41,,,1,27,,68147,35,,,1,12,,68174,14,,,1,55,,68141,35,,,1,13,,68181,14,,,1,13,,68123,35,,,1,12,,68161,14,,,1,52,,68178,35,,,1,13,,68129,14,,,1,7,,68142,17,,,1,8,,68148,35,,,1,11,,68164,14,,,1,10,,68166,35,,,1,51,,68151,14,,,1,12,,68140,35,,,1,13,,68130,14,,,1,14,,68124,35,,,1,7,,68152,14,,,1,9,,68126,35,,,1,53,,68155,35,,,1,15,,68115,35,,,1,15,,68156,35,,,1,15,,68144,35,,,1,55,,68128,35,,,1,15,,68169,35,,,1,15,,68176,35,,,1,15,,68182,35,,,1,57,,68114,35,,,1,15,,68122,35,,,1,15,,68125,35,,,1,15,,68173,35,,,1,56,,68165,35,,,1,16,,68168,35,,,1,15,,68171,35,,,1,15,,68137,35,,,1,53,,68162,35,,,1,14,,68153,35,,,1,15,,68172,35,,,1,15,,68117,35,,,1,56,,68158,35,,,1,17,,68119,35,,,1,22,,68120,35,,,1,59,,68136,35,,,1,22,,68163,35,,,1,23,,68139,35,,,1,78,,68175,35,,,1,23,,68132,35,,,1,57,,68131,35,,,1,19,,68149,35,,,1,19,,68150,35,,,1,78,,68145,35,,,1,16,,68177,35,,,1,16,,68157,35,,,1,55,,68133,35,,,1,12,,68118,35,,,1,16,,68179,35,,,1,15,,68160,35,,,1,69,,68146,35,,,1,15,,68143,35,,,1,60,,68116,35,,,1,20,,68159,35,,,1,20,,68170,35,,,1,80,,68154,35,,,1,24,,68121,35,,,1,68,,68127,35,,,1,30,,68135,35,,,1,75,,68180,35,,,1,31,,68138,35,,,1
6800,'11',455,,68236,41,,,1,61,,68203,41,,,1,27,,68216,35,,,1,12,,68243,14,,,1,55,,68210,35,,,1,13,,68250,14,,,1,13,,68192,35,,,1,12,,68230,14,,,1,52,,68247,35,,,1,13,,68198,14,,,1,7,,68211,17,,,1,8,,68217,35,,,1,11,,68233,14,,,1,10,,68235,35,,,1,51,,68220,14,,,1,12,,68209,35,,,1,13,,68199,14,,,1,14,,68193,35,,,1,7,,68221,14,,,1,9,,68195,35,,,1,53,,68224,35,,,1,15,,68184,35,,,1,15,,68225,35,,,1,15,,68213,35,,,1,55,,68197,35,,,1,15,,68238,35,,,1,15,,68245,35,,,1,15,,68251,35,,,1,57,,68183,35,,,1,15,,68191,35,,,1,15,,68194,35,,,1,15,,68242,35,,,1,56,,68234,35,,,1,16,,68237,35,,,1,15,,68240,35,,,1,15,,68206,35,,,1,53,,68231,35,,,1,14,,68222,35,,,1,15,,68241,35,,,1,15,,68186,35,,,1,56,,68227,35,,,1,17,,68188,35,,,1,22,,68189,35,,,1,59,,68205,35,,,1,22,,68232,35,,,1,23,,68208,35,,,1,78,,68244,35,,,1,23,,68201,35,,,1,57,,68200,35,,,1,19,,68218,35,,,1,19,,68219,35,,,1,78,,68214,35,,,1,16,,68246,35,,,1,16,,68226,35,,,1,55,,68202,35,,,1,12,,68187,35,,,1,16,,68248,35,,,1,15,,68229,35,,,1,69,,68215,35,,,1,15,,68212,35,,,1,60,,68185,35,,,1,20,,68228,35,,,1,20,,68239,35,,,1,80,,68223,35,,,1,24,,68190,35,,,1,68,,68196,35,,,1,30,,68204,35,,,1,75,,68249,35,,,1,31,,68207,35,,,1
6800,'12',455,,68305,41,,,1,61,,68272,41,,,1,27,,68285,35,,,1,12,,68312,14,,,1,55,,68279,35,,,1,13,,68319,14,,,1,13,,68261,35,,,1,12,,68299,14,,,1,52,,68316,35,,,1,13,,68267,14,,,1,7,,68280,17,,,1,8,,68286,35,,,1,11,,68302,14,,,1,10,,68304,35,,,1,51,,68289,14,,,1,12,,68278,35,,,1,13,,68268,14,,,1,14,,68262,35,,,1,7,,68290,14,,,1,9,,68264,35,,,1,53,,68293,35,,,1,15,,68253,35,,,1,15,,68294,35,,,1,15,,68282,35,,,1,55,,68266,35,,,1,15,,68307,35,,,1,15,,68314,35,,,1,15,,68320,35,,,1,57,,68252,35,,,1,15,,68260,35,,,1,15,,68263,35,,,1,15,,68311,35,,,1,56,,68303,35,,,1,16,,68306,35,,,1,15,,68309,35,,,1,15,,68275,35,,,1,53,,68300,35,,,1,14,,68291,35,,,1,15,,68310,35,,,1,15,,68255,35,,,1,56,,68296,35,,,1,17,,68257,35,,,1,22,,68258,35,,,1,59,,68274,35,,,1,22,,68301,35,,,1,23,,68277,35,,,1,78,,68313,35,,,1,23,,68270,35,,,1,57,,68269,35,,,1,19,,68287,35,,,1,19,,68288,35,,,1,78,,68283,35,,,1,16,,68315,35,,,1,16,,68295,35,,,1,55,,68271,35,,,1,12,,68256,35,,,1,16,,68317,35,,,1,15,,68298,35,,,1,69,,68284,35,,,1,15,,68281,35,,,1,60,,68254,35,,,1,20,,68297,35,,,1,20,,68308,35,,,1,80,,68292,35,,,1,24,,68259,35,,,1,68,,68265,35,,,1,30,,68273,35,,,1,75,,68318,35,,,1,31,,68276,35,,,1
6800,'13',455,,68376,41,,,1,61,,68387,41,,,1,27,,68339,35,,,1,12,,68325,14,,,1,55,,68364,35,,,1,13,,68332,14,,,1,13,,68335,35,,,1,12,,68334,14,,,1,52,,68323,35,,,1,13,,68392,14,,,1,15,,68372,35,,,1,11,,68370,14,,,1,10,,68365,35,,,1,51,,68348,14,,,1,12,,68363,35,,,1,13,,68388,14,,,1,14,,68351,35,,,1,9,,68375,14,,,1,8,,68389,35,,,1,52,,68354,35,,,1,16,,68358,35,,,1,14,,68359,35,,,1,15,,68346,35,,,1,55,,68361,35,,,1,15,,68391,35,,,1,15,,68378,35,,,1,15,,68384,35,,,1,57,,68371,35,,,1,15,,68328,35,,,1,15,,68373,35,,,1,15,,68330,35,,,1,56,,68367,35,,,1,16,,68369,35,,,1,15,,68337,35,,,1,15,,68383,35,,,1,53,,68357,35,,,1,14,,68390,35,,,1,15,,68336,35,,,1,15,,68379,35,,,1,56,,68338,35,,,1,17,,68349,35,,,1,22,,68362,35,,,1,60,,68321,35,,,1,21,,68385,35,,,1,21,,68345,35,,,1,60,,68342,35,,,1,20,,68366,35,,,1,21,,68368,35,,,1,58,,68322,35,,,1,20,,68341,35,,,1,19,,68331,35,,,1,57,,68343,35,,,1,21,,68356,35,,,1,16,,68329,35,,,1,16,,68381,35,,,1,55,,68324,35,,,1,12,,68327,35,,,1,16,,68360,35,,,1,15,,68380,35,,,1,55,,68386,35,,,1,14,,68333,35,,,1,15,,68377,35,,,1,60,,68352,35,,,1,20,,68350,35,,,1,20,,68347,35,,,1,60,,68382,35,,,1,20,,68340,35,,,1,24,,68326,35,,,1,68,,68374,35,,,1,30,,68353,35,,,1,75,,68344,35,,,1,31,,68355,35,,,1
6800,'14',458,,68426,13,,,1,70,,68422,13,,,1,21,,68417,35,,,1,70,,68413,35,,,1,30,,68410,35,,,1,70,,68432,35,,,1,30,,68436,35,,,1,70,,68442,35,,,1,31,,68431,35,,,1,70,,68401,35,,,1,30,,68443,35,,,1,60,,68408,35,,,1,15,,68403,35,,,1,16,,68427,35,,,1,15,,68448,35,,,1,55,,68433,35,,,1,15,,68439,35,,,1,15,,68395,35,,,1,15,,68399,35,,,1,55,,68407,35,,,1,15,,68411,35,,,1,17,,68400,35,,,1,15,,68421,35,,,1,55,,68416,35,,,1,15,,68405,35,,,1,15,,68424,35,,,1,15,,68394,35,,,1,55,,68437,35,,,1,15,,68398,35,,,1,15,,68434,35,,,1,15,,68435,35,,,1,55,,68420,35,,,1,15,,68409,35,,,1,15,,68415,35,,,1,15,,68445,35,,,1,55,,68423,35,,,1,15,,68444,35,,,1,14,,68397,35,,,1,15,,68447,35,,,1,55,,68430,35,,,1,15,,68441,35,,,1,15,,68393,35,,,1,59,,68414,35,,,1,30,,68429,35,,,1,70,,68404,35,,,1,30,,68428,35,,,1,70,,68406,35,,,1,29,,68412,35,,,1,70,,68446,35,,,1,30,,68396,35,,,1,70,,68440,35,,,1,29,,68402,35,,,1,30,,68418,35,,,1,70,,68419,35,,,1,30,,68438,35,,,1,70,,68425,35,,,1
6800,'15',455,,68502,41,,,1,61,,68469,41,,,1,27,,68482,35,,,1,12,,68509,14,,,1,55,,68476,35,,,1,13,,68516,14,,,1,13,,68458,35,,,1,12,,68496,14,,,1,52,,68513,35,,,1,13,,68464,14,,,1,7,,68477,17,,,1,8,,68483,35,,,1,11,,68499,14,,,1,10,,68501,35,,,1,51,,68486,14,,,1,12,,68475,35,,,1,13,,68465,14,,,1,14,,68459,35,,,1,7,,68487,14,,,1,9,,68461,35,,,1,53,,68490,35,,,1,15,,68450,35,,,1,15,,68491,35,,,1,15,,68479,35,,,1,55,,68463,35,,,1,15,,68504,35,,,1,15,,68511,35,,,1,15,,68517,35,,,1,57,,68449,35,,,1,15,,68457,35,,,1,15,,68460,35,,,1,15,,68508,35,,,1,56,,68500,35,,,1,16,,68503,35,,,1,15,,68506,35,,,1,15,,68472,35,,,1,53,,68497,35,,,1,14,,68488,35,,,1,15,,68507,35,,,1,15,,68452,35,,,1,56,,68493,35,,,1,17,,68454,35,,,1,22,,68455,35,,,1,59,,68471,35,,,1,22,,68498,35,,,1,23,,68474,35,,,1,78,,68510,35,,,1,23,,68467,35,,,1,57,,68466,35,,,1,19,,68484,35,,,1,19,,68485,35,,,1,78,,68480,35,,,1,16,,68512,35,,,1,16,,68492,35,,,1,55,,68468,35,,,1,12,,68453,35,,,1,16,,68514,35,,,1,15,,68495,35,,,1,69,,68481,35,,,1,15,,68478,35,,,1,60,,68451,35,,,1,20,,68494,35,,,1,20,,68505,35,,,1,80,,68489,35,,,1,24,,68456,35,,,1,68,,68462,35,,,1,30,,68470,35,,,1,75,,68515,35,,,1,31,,68473,35,,,1
6800,'16',455,,68571,41,,,1,61,,68538,41,,,1,27,,68551,35,,,1,12,,68578,14,,,1,55,,68545,35,,,1,13,,68585,14,,,1,13,,68527,35,,,1,12,,68565,14,,,1,52,,68582,35,,,1,13,,68533,14,,,1,7,,68546,17,,,1,8,,68552,35,,,1,11,,68568,14,,,1,10,,68570,35,,,1,51,,68555,14,,,1,12,,68544,35,,,1,13,,68534,14,,,1,14,,68528,35,,,1,7,,68556,14,,,1,9,,68530,35,,,1,53,,68559,35,,,1,15,,68519,35,,,1,15,,68560,35,,,1,15,,68548,35,,,1,55,,68532,35,,,1,15,,68573,35,,,1,15,,68580,35,,,1,15,,68586,35,,,1,57,,68518,35,,,1,15,,68526,35,,,1,15,,68529,35,,,1,15,,68577,35,,,1,56,,68569,35,,,1,16,,68572,35,,,1,15,,68575,35,,,1,15,,68541,35,,,1,53,,68566,35,,,1,14,,68557,35,,,1,15,,68576,35,,,1,15,,68521,35,,,1,56,,68562,35,,,1,17,,68523,35,,,1,22,,68524,35,,,1,59,,68540,35,,,1,22,,68567,35,,,1,23,,68543,35,,,1,78,,68579,35,,,1,23,,68536,35,,,1,57,,68535,35,,,1,19,,68553,35,,,1,19,,68554,35,,,1,78,,68549,35,,,1,16,,68581,35,,,1,16,,68561,35,,,1,55,,68537,35,,,1,12,,68522,35,,,1,16,,68583,35,,,1,15,,68564,35,,,1,69,,68550,35,,,1,15,,68547,35,,,1,60,,68520,35,,,1,20,,68563,35,,,1,20,,68574,35,,,1,80,,68558,35,,,1,24,,68525,35,,,1,68,,68531,35,,,1,30,,68539,35,,,1,75,,68584,35,,,1,31,,68542,35,,,1
6800,'17',455,,68642,41,,,1,61,,68653,41,,,1,27,,68605,35,,,1,12,,68591,14,,,1,55,,68630,35,,,1,13,,68598,14,,,1,13,,68601,35,,,1,12,,68600,14,,,1,52,,68589,35,,,1,13,,68658,14,,,1,15,,68638,35,,,1,11,,68636,14,,,1,10,,68631,35,,,1,51,,68614,14,,,1,12,,68629,35,,,1,13,,68654,14,,,1,14,,68617,35,,,1,9,,68641,14,,,1,8,,68655,35,,,1,52,,68620,35,,,1,16,,68624,35,,,1,14,,68625,35,,,1,15,,68612,35,,,1,55,,68627,35,,,1,15,,68657,35,,,1,15,,68644,35,,,1,15,,68650,35,,,1,57,,68637,35,,,1,15,,68594,35,,,1,15,,68639,35,,,1,15,,68596,35,,,1,56,,68633,35,,,1,16,,68635,35,,,1,15,,68603,35,,,1,15,,68649,35,,,1,53,,68623,35,,,1,14,,68656,35,,,1,15,,68602,35,,,1,15,,68645,35,,,1,56,,68604,35,,,1,17,,68615,35,,,1,22,,68628,35,,,1,60,,68587,35,,,1,21,,68651,35,,,1,21,,68611,35,,,1,60,,68608,35,,,1,20,,68632,35,,,1,21,,68634,35,,,1,58,,68588,35,,,1,20,,68607,35,,,1,19,,68597,35,,,1,57,,68609,35,,,1,21,,68622,35,,,1,16,,68595,35,,,1,16,,68647,35,,,1,55,,68590,35,,,1,12,,68593,35,,,1,16,,68626,35,,,1,15,,68646,35,,,1,55,,68652,35,,,1,14,,68599,35,,,1,15,,68643,35,,,1,60,,68618,35,,,1,20,,68616,35,,,1,20,,68613,35,,,1,60,,68648,35,,,1,20,,68606,35,,,1,24,,68592,35,,,1,68,,68640,35,,,1,30,,68619,35,,,1,75,,68610,35,,,1,31,,68621,35,,,1
6800,'18',455,,68659,41,,,1,61,,68674,41,,,1,27,,68701,35,,,1,12,,68695,14,,,1,55,,68664,35,,,1,13,,68694,14,,,1,13,,68673,35,,,1,12,,68710,14,,,1,6,,68680,35,,,1,59,,68722,14,,,1,15,,68668,35,,,1,9,,68697,14,,,1,10,,68720,35,,,1,57,,68715,14,,,1,8,,68698,35,,,1,14,,68675,14,,,1,13,,68729,35,,,1,9,,68699,14,,,1,8,,68709,35,,,1,54,,68728,35,,,1,14,,68678,35,,,1,14,,68663,35,,,1,15,,68714,35,,,1,55,,68662,35,,,1,15,,68691,35,,,1,15,,68711,35,,,1,15,,68677,35,,,1,57,,68672,35,,,1,15,,68730,35,,,1,15,,68683,35,,,1,15,,68690,35,,,1,56,,68661,35,,,1,16,,68670,35,,,1,15,,68718,35,,,1,15,,68692,35,,,1,53,,68665,35,,,1,14,,68671,35,,,1,15,,68679,35,,,1,15,,68684,35,,,1,56,,68666,35,,,1,17,,68706,35,,,1,22,,68686,35,,,1,58,,68707,35,,,1,23,,68687,35,,,1,23,,68719,35,,,1,58,,68716,35,,,1,20,,68704,35,,,1,22,,68726,35,,,1,62,,68669,35,,,1,15,,68688,35,,,1,21,,68723,35,,,1,55,,68660,35,,,1,21,,68712,35,,,1,16,,68667,35,,,1,16,,68717,35,,,1,55,,68708,35,,,1,12,,68676,35,,,1,16,,68685,35,,,1,15,,68689,35,,,1,55,,68705,35,,,1,14,,68696,35,,,1,15,,68682,35,,,1,60,,68725,35,,,1,20,,68721,35,,,1,20,,68681,35,,,1,60,,68724,35,,,1,20,,68702,35,,,1,24,,68727,35,,,1,68,,68703,35,,,1,30,,68713,35,,,1,75,,68693,35,,,1,31,,68700,35,,,1
6800,'19',455,,68786,41,,,1,61,,68797,41,,,1,27,,68749,35,,,1,12,,68735,14,,,1,55,,68774,35,,,1,13,,68742,14,,,1,13,,68745,35,,,1,12,,68744,14,,,1,52,,68733,35,,,1,13,,68802,14,,,1,15,,68782,35,,,1,11,,68780,14,,,1,10,,68775,35,,,1,51,,68758,14,,,1,12,,68773,35,,,1,13,,68798,14,,,1,14,,68761,35,,,1,9,,68785,14,,,1,8,,68799,35,,,1,52,,68764,35,,,1,16,,68768,35,,,1,14,,68769,35,,,1,15,,68756,35,,,1,55,,68771,35,,,1,15,,68801,35,,,1,15,,68788,35,,,1,15,,68794,35,,,1,57,,68781,35,,,1,15,,68738,35,,,1,15,,68783,35,,,1,15,,68740,35,,,1,56,,68777,35,,,1,16,,68779,35,,,1,15,,68747,35,,,1,15,,68793,35,,,1,53,,68767,35,,,1,14,,68800,35,,,1,15,,68746,35,,,1,15,,68789,35,,,1,56,,68748,35,,,1,17,,68759,35,,,1,22,,68772,35,,,1,60,,68731,35,,,1,21,,68795,35,,,1,21,,68755,35,,,1,60,,68752,35,,,1,20,,68776,35,,,1,21,,68778,35,,,1,58,,68732,35,,,1,20,,68751,35,,,1,19,,68741,35,,,1,57,,68753,35,,,1,21,,68766,35,,,1,16,,68739,35,,,1,16,,68791,35,,,1,55,,68734,35,,,1,12,,68737,35,,,1,16,,68770,35,,,1,15,,68790,35,,,1,55,,68796,35,,,1,14,,68743,35,,,1,15,,68787,35,,,1,60,,68762,35,,,1,20,,68760,35,,,1,20,,68757,35,,,1,60,,68792,35,,,1,20,,68750,35,,,1,24,,68736,35,,,1,68,,68784,35,,,1,30,,68763,35,,,1,75,,68754,35,,,1,31,,68765,35,,,1
6800,'2',551,,68819,35,,,1,100,,68821,35,,,1,70,,68805,35,,,1,30,,68823,35,,,1,70,,68829,35,,,1,31,,68824,35,,,1,70,,68844,35,,,1,30,,68826,35,,,1,70,,68841,35,,,1,31,,68814,35,,,1,60,,68838,35,,,1,20,,68813,35,,,1,20,,68811,35,,,1,60,,68810,35,,,1,22,,68825,35,,,1,20,,68812,35,,,1,60,,68837,35,,,1,20,,68818,35,,,1,20,,68820,35,,,1,60,,68836,35,,,1,20,,68808,35,,,1,20,,68833,35,,,1,60,,68831,35,,,1,20,,68817,35,,,1,20,,68839,35,,,1,60,,68835,35,,,1,19,,68828,35,,,1,20,,68834,35,,,1,60,,68832,35,,,1,23,,68816,35,,,1,70,,68803,35,,,1,30,,68843,35,,,1,70,,68842,35,,,1,30,,68809,35,,,1,70,,68807,35,,,1,29,,68830,35,,,1,70,,68815,35,,,1,30,,68840,35,,,1,70,,68806,35,,,1,29,,68804,35,,,1,70,,68827,35,,,1,30,,68822,35,,,1
6800,'3',455,,68898,41,,,1,61,,68865,41,,,1,27,,68878,35,,,1,12,,68905,14,,,1,55,,68872,35,,,1,13,,68912,14,,,1,13,,68854,35,,,1,12,,68892,14,,,1,52,,68909,35,,,1,13,,68860,14,,,1,7,,68873,17,,,1,8,,68879,35,,,1,11,,68895,14,,,1,10,,68897,35,,,1,51,,68882,14,,,1,12,,68871,35,,,1,13,,68861,14,,,1,14,,68855,35,,,1,7,,68883,14,,,1,9,,68857,35,,,1,53,,68886,35,,,1,15,,68846,35,,,1,15,,68887,35,,,1,15,,68875,35,,,1,55,,68859,35,,,1,15,,68900,35,,,1,15,,68907,35,,,1,15,,68913,35,,,1,57,,68845,35,,,1,15,,68853,35,,,1,15,,68856,35,,,1,15,,68904,35,,,1,56,,68896,35,,,1,16,,68899,35,,,1,15,,68902,35,,,1,15,,68868,35,,,1,53,,68893,35,,,1,14,,68884,35,,,1,15,,68903,35,,,1,15,,68848,35,,,1,56,,68889,35,,,1,17,,68850,35,,,1,22,,68851,35,,,1,59,,68867,35,,,1,22,,68894,35,,,1,23,,68870,35,,,1,78,,68906,35,,,1,23,,68863,35,,,1,57,,68862,35,,,1,19,,68880,35,,,1,19,,68881,35,,,1,78,,68876,35,,,1,16,,68908,35,,,1,16,,68888,35,,,1,55,,68864,35,,,1,12,,68849,35,,,1,16,,68910,35,,,1,15,,68891,35,,,1,69,,68877,35,,,1,15,,68874,35,,,1,60,,68847,35,,,1,20,,68890,35,,,1,20,,68901,35,,,1,80,,68885,35,,,1,24,,68852,35,,,1,68,,68858,35,,,1,30,,68866,35,,,1,75,,68911,35,,,1,31,,68869,35,,,1
6800,'4',455,,68967,41,,,1,61,,68934,41,,,1,27,,68947,35,,,1,12,,68974,14,,,1,55,,68941,35,,,1,13,,68981,14,,,1,13,,68923,35,,,1,12,,68961,14,,,1,52,,68978,35,,,1,13,,68929,14,,,1,7,,68942,17,,,1,8,,68948,35,,,1,11,,68964,14,,,1,10,,68966,35,,,1,51,,68951,14,,,1,12,,68940,35,,,1,13,,68930,14,,,1,14,,68924,35,,,1,7,,68952,14,,,1,9,,68926,35,,,1,53,,68955,35,,,1,15,,68915,35,,,1,15,,68956,35,,,1,15,,68944,35,,,1,55,,68928,35,,,1,15,,68969,35,,,1,15,,68976,35,,,1,15,,68982,35,,,1,57,,68914,35,,,1,15,,68922,35,,,1,15,,68925,35,,,1,15,,68973,35,,,1,56,,68965,35,,,1,16,,68968,35,,,1,15,,68971,35,,,1,15,,68937,35,,,1,53,,68962,35,,,1,14,,68953,35,,,1,15,,68972,35,,,1,15,,68917,35,,,1,56,,68958,35,,,1,17,,68919,35,,,1,22,,68920,35,,,1,59,,68936,35,,,1,22,,68963,35,,,1,23,,68939,35,,,1,78,,68975,35,,,1,23,,68932,35,,,1,57,,68931,35,,,1,19,,68949,35,,,1,19,,68950,35,,,1,78,,68945,35,,,1,16,,68977,35,,,1,16,,68957,35,,,1,55,,68933,35,,,1,12,,68918,35,,,1,16,,68979,35,,,1,15,,68960,35,,,1,69,,68946,35,,,1,15,,68943,35,,,1,60,,68916,35,,,1,20,,68959,35,,,1,20,,68970,35,,,1,80,,68954,35,,,1,24,,68921,35,,,1,68,,68927,35,,,1,30,,68935,35,,,1,75,,68980,35,,,1,31,,68938,35,,,1
6800,'5',455,,69038,41,,,1,61,,69049,41,,,1,27,,69001,35,,,1,12,,68987,14,,,1,55,,69026,35,,,1,13,,68994,14,,,1,13,,68997,35,,,1,12,,68996,14,,,1,52,,68985,35,,,1,13,,69054,14,,,1,15,,69034,35,,,1,11,,69032,14,,,1,10,,69027,35,,,1,51,,69010,14,,,1,12,,69025,35,,,1,13,,69050,14,,,1,14,,69013,35,,,1,9,,69037,14,,,1,8,,69051,35,,,1,52,,69016,35,,,1,16,,69020,35,,,1,14,,69021,35,,,1,15,,69008,35,,,1,55,,69023,35,,,1,15,,69053,35,,,1,15,,69040,35,,,1,15,,69046,35,,,1,57,,69033,35,,,1,15,,68990,35,,,1,15,,69035,35,,,1,15,,68992,35,,,1,56,,69029,35,,,1,16,,69031,35,,,1,15,,68999,35,,,1,15,,69045,35,,,1,53,,69019,35,,,1,14,,69052,35,,,1,15,,68998,35,,,1,15,,69041,35,,,1,56,,69000,35,,,1,17,,69011,35,,,1,22,,69024,35,,,1,60,,68983,35,,,1,21,,69047,35,,,1,21,,69007,35,,,1,60,,69004,35,,,1,20,,69028,35,,,1,21,,69030,35,,,1,58,,68984,35,,,1,20,,69003,35,,,1,19,,68993,35,,,1,57,,69005,35,,,1,21,,69018,35,,,1,16,,68991,35,,,1,16,,69043,35,,,1,55,,68986,35,,,1,12,,68989,35,,,1,16,,69022,35,,,1,15,,69042,35,,,1,55,,69048,35,,,1,14,,68995,35,,,1,15,,69039,35,,,1,60,,69014,35,,,1,20,,69012,35,,,1,20,,69009,35,,,1,60,,69044,35,,,1,20,,69002,35,,,1,24,,68988,35,,,1,68,,69036,35,,,1,30,,69015,35,,,1,75,,69006,35,,,1,31,,69017,35,,,1
6800,'6',455,,69108,41,,,1,61,,69075,41,,,1,27,,69088,35,,,1,12,,69115,14,,,1,55,,69082,35,,,1,13,,69122,14,,,1,13,,69064,35,,,1,12,,69102,14,,,1,52,,69119,35,,,1,13,,69070,14,,,1,7,,69083,17,,,1,8,,69089,35,,,1,11,,69105,14,,,1,10,,69107,35,,,1,51,,69092,14,,,1,12,,69081,35,,,1,13,,69071,14,,,1,14,,69065,35,,,1,7,,69093,14,,,1,9,,69067,35,,,1,53,,69096,35,,,1,15,,69056,35,,,1,15,,69097,35,,,1,15,,69085,35,,,1,55,,69069,35,,,1,15,,69110,35,,,1,15,,69117,35,,,1,15,,69123,35,,,1,57,,69055,35,,,1,15,,69063,35,,,1,15,,69066,35,,,1,15,,69114,35,,,1,56,,69106,35,,,1,16,,69109,35,,,1,15,,69112,35,,,1,15,,69078,35,,,1,53,,69103,35,,,1,14,,69094,35,,,1,15,,69113,35,,,1,15,,69058,35,,,1,56,,69099,35,,,1,17,,69060,35,,,1,22,,69061,35,,,1,59,,69077,35,,,1,22,,69104,35,,,1,23,,69080,35,,,1,78,,69116,35,,,1,23,,69073,35,,,1,57,,69072,35,,,1,19,,69090,35,,,1,19,,69091,35,,,1,78,,69086,35,,,1,16,,69118,35,,,1,16,,69098,35,,,1,55,,69074,35,,,1,12,,69059,35,,,1,16,,69120,35,,,1,15,,69101,35,,,1,69,,69087,35,,,1,15,,69084,35,,,1,60,,69057,35,,,1,20,,69100,35,,,1,20,,69111,35,,,1,80,,69095,35,,,1,24,,69062,35,,,1,68,,69068,35,,,1,30,,69076,35,,,1,75,,69121,35,,,1,31,,69079,35,,,1
6800,'7',455,,69179,41,,,1,61,,69190,41,,,1,27,,69142,35,,,1,12,,69128,14,,,1,55,,69167,35,,,1,13,,69135,14,,,1,13,,69138,35,,,1,12,,69137,14,,,1,52,,69126,35,,,1,13,,69195,14,,,1,15,,69175,35,,,1,11,,69173,14,,,1,10,,69168,35,,,1,51,,69151,14,,,1,12,,69166,35,,,1,13,,69191,14,,,1,14,,69154,35,,,1,9,,69178,14,,,1,8,,69192,35,,,1,52,,69157,35,,,1,16,,69161,35,,,1,14,,69162,35,,,1,15,,69149,35,,,1,55,,69164,35,,,1,15,,69194,35,,,1,15,,69181,35,,,1,15,,69187,35,,,1,57,,69174,35,,,1,15,,69131,35,,,1,15,,69176,35,,,1,15,,69133,35,,,1,56,,69170,35,,,1,16,,69172,35,,,1,15,,69140,35,,,1,15,,69186,35,,,1,53,,69160,35,,,1,14,,69193,35,,,1,15,,69139,35,,,1,15,,69182,35,,,1,56,,69141,35,,,1,17,,69152,35,,,1,22,,69165,35,,,1,60,,69124,35,,,1,21,,69188,35,,,1,21,,69148,35,,,1,60,,69145,35,,,1,20,,69169,35,,,1,21,,69171,35,,,1,58,,69125,35,,,1,20,,69144,35,,,1,19,,69134,35,,,1,57,,69146,35,,,1,21,,69159,35,,,1,16,,69132,35,,,1,16,,69184,35,,,1,55,,69127,35,,,1,12,,69130,35,,,1,16,,69163,35,,,1,15,,69183,35,,,1,55,,69189,35,,,1,14,,69136,35,,,1,15,,69180,35,,,1,60,,69155,35,,,1,20,,69153,35,,,1,20,,69150,35,,,1,60,,69185,35,,,1,20,,69143,35,,,1,24,,69129,35,,,1,68,,69177,35,,,1,30,,69156,35,,,1,75,,69147,35,,,1,31,,69158,35,,,1
6800,'8',458,,69229,13,,,1,70,,69225,13,,,1,21,,69220,35,,,1,70,,69216,35,,,1,30,,69213,35,,,1,70,,69235,35,,,1,30,,69239,35,,,1,70,,69245,35,,,1,31,,69234,35,,,1,70,,69204,35,,,1,30,,69246,35,,,1,60,,69211,35,,,1,15,,69206,35,,,1,16,,69230,35,,,1,15,,69251,35,,,1,55,,69236,35,,,1,15,,69242,35,,,1,15,,69198,35,,,1,15,,69202,35,,,1,55,,69210,35,,,1,15,,69214,35,,,1,17,,69203,35,,,1,15,,69224,35,,,1,55,,69219,35,,,1,15,,69208,35,,,1,15,,69227,35,,,1,15,,69197,35,,,1,55,,69240,35,,,1,15,,69201,35,,,1,15,,69237,35,,,1,15,,69238,35,,,1,55,,69223,35,,,1,15,,69212,35,,,1,15,,69218,35,,,1,15,,69248,35,,,1,55,,69226,35,,,1,15,,69247,35,,,1,14,,69200,35,,,1,15,,69250,35,,,1,55,,69233,35,,,1,15,,69244,35,,,1,15,,69196,35,,,1,59,,69217,35,,,1,30,,69232,35,,,1,70,,69207,35,,,1,30,,69231,35,,,1,70,,69209,35,,,1,29,,69215,35,,,1,70,,69249,35,,,1,30,,69199,35,,,1,70,,69243,35,,,1,29,,69205,35,,,1,30,,69221,35,,,1,70,,69222,35,,,1,30,,69241,35,,,1,70,,69228,35,,,1
6800,'9',551,,69268,35,,,1,100,,69270,35,,,1,70,,69254,35,,,1,30,,69272,35,,,1,70,,69278,35,,,1,31,,69273,35,,,1,70,,69293,35,,,1,30,,69275,35,,,1,70,,69290,35,,,1,31,,69263,35,,,1,60,,69287,35,,,1,20,,69262,35,,,1,20,,69260,35,,,1,60,,69259,35,,,1,22,,69274,35,,,1,20,,69261,35,,,1,60,,69286,35,,,1,20,,69267,35,,,1,20,,69269,35,,,1,60,,69285,35,,,1,20,,69257,35,,,1,20,,69282,35,,,1,60,,69280,35,,,1,20,,69266,35,,,1,20,,69288,35,,,1,60,,69284,35,,,1,19,,69277,35,,,1,20,,69283,35,,,1,60,,69281,35,,,1,23,,69265,35,,,1,70,,69252,35,,,1,30,,69292,35,,,1,70,,69291,35,,,1,30,,69258,35,,,1,70,,69256,35,,,1,29,,69279,35,,,1,70,,69264,35,,,1,30,,69289,35,,,1,70,,69255,35,,,1,29,,69253,35,,,1,70,,69276,35,,,1,30,,69271,35,,,1
8800,'1',558,,88795,4,,,1,70,,88797,4,,,1,30,,88777,4,,,1,70,,88794,4,,,1,30,,88780,4,,,1,70,,88813,4,,,1,30,,88793,4,,,1,70,,88798,4,,,1,30,,88819,4,,,1,70,,88778,4,,,1,30,,88785,4,,,1,62,,88800,4,,,1,20,,88791,4,,,1,60,,88817,4,,,1,20,,88792,4,,,1,20,,88781,4,,,1,60,,88803,4,,,1,20,,88788,4,,,1,20,,88814,4,,,1,60,,88787,4,,,1,20,,88804,4,,,1,20,,88809,4,,,1,60,,88815,4,,,1,20,,88811,4,,,1,20,,88783,4,,,1,60,,88796,4,,,1,20,,88782,4,,,1,20,,88805,4,,,1,60,,88806,4,,,1,20,,88779,4,,,1,21,,88818,4,,,1,70,,88810,4,,,1,30,,88812,4,,,1,70,,88790,4,,,1,30,,88808,4,,,1,70,,88807,4,,,1,30,,88802,4,,,1,70,,88801,4,,,1,30,,88816,4,,,1,70,,88784,4,,,1,30,,88799,4,,,1,70,,88786,4,,,1,30,,88789,4,,,1
8800,'10',423,,88821,4,,,1,30,,88865,4,,,1,70,,88826,4,,,1,28,,88875,4,,,1,50,,88825,4,,,1,11,,88873,4,,,1,9,,88877,4,,,1,10,,88853,4,,,1,10,,88847,4,,,1,10,,88869,4,,,1,50,,88891,4,,,1,11,,88909,4,,,1,6,,88885,20,0,63,1,5,,88870,4,,,1,10,,88850,4,,,1,10,,88848,4,,,1,11,,88842,4,,,1,49,,88881,4,,,1,12,,88849,4,,,1,15,,88859,4,,,1,15,,88854,4,,,1,14,,88864,4,,,1,55,,88880,4,,,1,30,,88872,4,,,1,70,,88867,4,,,1,29,,88895,4,,,1,70,,88862,4,,,1,30,,88878,4,,,1,70,,88871,4,,,1,30,,88887,4,,,1,70,,88843,4,,,1,31,,88829,4,,,1,70,,88845,4,,,1,30,,88866,4,,,1,71,,88888,4,,,1,12,,88827,4,,,1,10,,88903,4,,,1,8,,88852,4,,,1,10,,88900,4,,,1,50,,88836,4,,,1,20,,88851,4,,,1,10,,88876,4,,,1,20,,88874,4,,,1,50,,88898,4,,,1,10,,88890,4,,,1,10,,88840,4,,,1,10,,88831,4,,,1,9,,88907,4,,,1,10,,88902,4,,,1,50,,88894,4,,,1,15,,88863,4,,,1,15,,88896,4,,,1,70,,88861,4,,,1,29,,88835,4,,,1,70,,88908,4,,,1,30,,88855,4,,,1,15,,88838,4,,,1,60,,88883,4,,,1,20,,88846,4,,,1,20,,88841,4,,,1,60,,88837,4,,,1,20,,88882,4,,,1,20,,88905,4,,,1,70,,88897,4,,,1,30,,88830,4,,,1,70,,88879,4,,,1,30,,88856,4,,,1
8800,'11',423,,88911,4,,,1,30,,88955,4,,,1,70,,88916,4,,,1,28,,88965,4,,,1,50,,88915,4,,,1,11,,88963,4,,,1,9,,88967,4,,,1,10,,88943,4,,,1,10,,88937,4,,,1,10,,88959,4,,,1,50,,88981,4,,,1,11,,88999,4,,,1,6,,88975,20,0,63,1,5,,88960,4,,,1,10,,88940,4,,,1,10,,88938,4,,,1,11,,88932,4,,,1,49,,88971,4,,,1,12,,88939,4,,,1,15,,88949,4,,,1,15,,88944,4,,,1,14,,88954,4,,,1,55,,88970,4,,,1,30,,88962,4,,,1,70,,88957,4,,,1,29,,88985,4,,,1,70,,88952,4,,,1,30,,88968,4,,,1,70,,88961,4,,,1,30,,88977,4,,,1,70,,88933,4,,,1,31,,88919,4,,,1,70,,88935,4,,,1,30,,88956,4,,,1,71,,88978,4,,,1,12,,88917,4,,,1,10,,88993,4,,,1,8,,88942,4,,,1,10,,88990,4,,,1,50,,88926,4,,,1,20,,88941,4,,,1,10,,88966,4,,,1,20,,88964,4,,,1,50,,88988,4,,,1,10,,88980,4,,,1,10,,88930,4,,,1,10,,88921,4,,,1,9,,88997,4,,,1,10,,88992,4,,,1,50,,88984,4,,,1,15,,88953,4,,,1,15,,88986,4,,,1,70,,88951,4,,,1,29,,88925,4,,,1,70,,88998,4,,,1,30,,88945,4,,,1,15,,88928,4,,,1,60,,88973,4,,,1,20,,88936,4,,,1,20,,88931,4,,,1,60,,88927,4,,,1,20,,88972,4,,,1,20,,88995,4,,,1,70,,88987,4,,,1,30,,88920,4,,,1,70,,88969,4,,,1,30,,88946,4,,,1
8800,'12',423,,89001,4,,,1,30,,89045,4,,,1,70,,89006,4,,,1,28,,89055,4,,,1,50,,89005,4,,,1,11,,89053,4,,,1,9,,89057,4,,,1,10,,89033,4,,,1,10,,89027,4,,,1,10,,89049,4,,,1,50,,89071,4,,,1,11,,89089,4,,,1,6,,89065,20,0,63,1,5,,89050,4,,,1,10,,89030,4,,,1,10,,89028,4,,,1,11,,89022,4,,,1,49,,89061,4,,,1,12,,89029,4,,,1,15,,89039,4,,,1,15,,89034,4,,,1,14,,89044,4,,,1,55,,89060,4,,,1,30,,89052,4,,,1,70,,89047,4,,,1,29,,89075,4,,,1,70,,89042,4,,,1,30,,89058,4,,,1,70,,89051,4,,,1,30,,89067,4,,,1,70,,89023,4,,,1,31,,89009,4,,,1,70,,89025,4,,,1,30,,89046,4,,,1,71,,89068,4,,,1,12,,89007,4,,,1,10,,89083,4,,,1,8,,89032,4,,,1,10,,89080,4,,,1,50,,89016,4,,,1,20,,89031,4,,,1,10,,89056,4,,,1,20,,89054,4,,,1,50,,89078,4,,,1,10,,89070,4,,,1,10,,89020,4,,,1,10,,89011,4,,,1,9,,89087,4,,,1,10,,89082,4,,,1,50,,89074,4,,,1,15,,89043,4,,,1,15,,89076,4,,,1,70,,89041,4,,,1,29,,89015,4,,,1,70,,89088,4,,,1,30,,89035,4,,,1,15,,89018,4,,,1,60,,89063,4,,,1,20,,89026,4,,,1,20,,89021,4,,,1,60,,89017,4,,,1,20,,89062,4,,,1,20,,89085,4,,,1,70,,89077,4,,,1,30,,89010,4,,,1,70,,89059,4,,,1,30,,89036,4,,,1
8800,'13',423,,89115,4,,,1,30,,89123,4,,,1,70,,89158,4,,,1,28,,89129,4,,,1,50,,89105,4,,,1,11,,89117,4,,,1,9,,89178,4,,,1,10,,89166,4,,,1,10,,89108,4,,,1,10,,89134,4,,,1,50,,89153,4,,,1,9,,89165,4,,,1,13,,89139,4,,,1,10,,89157,4,,,1,10,,89170,4,,,1,11,,89155,4,,,1,50,,89181,4,,,1,11,,89111,4,,,1,14,,89172,4,,,1,16,,89141,4,,,1,14,,89120,4,,,1,55,,89176,4,,,1,30,,89112,4,,,1,70,,89114,4,,,1,29,,89110,4,,,1,70,,89135,4,,,1,30,,89169,4,,,1,70,,89179,4,,,1,30,,89127,4,,,1,70,,89174,4,,,1,31,,89150,4,,,1,70,,89119,4,,,1,31,,89103,4,,,1,70,,89099,4,,,1,10,,89146,4,,,1,10,,89162,4,,,1,9,,89151,4,,,1,11,,89100,4,,,1,50,,89136,4,,,1,8,,89177,4,,,1,10,,89147,4,,,1,12,,89138,4,,,1,10,,89095,4,,,1,10,,89106,4,,,1,50,,89130,4,,,1,11,,89173,4,,,1,9,,89124,4,,,1,11,,89092,4,,,1,8,,89149,4,,,1,10,,89128,4,,,1,50,,89171,4,,,1,15,,89148,4,,,1,15,,89137,4,,,1,70,,89093,4,,,1,29,,89159,4,,,1,70,,89107,4,,,1,30,,89154,4,,,1,15,,89125,4,,,1,60,,89142,4,,,1,20,,89152,4,,,1,20,,89131,4,,,1,60,,89098,4,,,1,20,,89096,4,,,1,20,,89097,4,,,1,70,,89140,4,,,1,30,,89113,4,,,1,70,,89180,4,,,1,30,,89091,4,,,1
8800,'14',507,,89225,4,,,1,28,,89211,4,,,1,70,,89206,4,,,1,30,,89214,4,,,1,70,,89229,4,,,1,30,,89192,4,,,1,70,,89217,4,,,1,30,,89243,4,,,1,70,,89208,4,,,1,32,,89227,4,,,1,72,,89216,4,,,1,30,,89199,4,,,1,71,,89220,4,,,1,30,,89205,4,,,1,71,,89210,4,,,1,32,,89184,4,,,1,70,,89244,4,,,1,30,,89198,4,,,1,70,,89239,4,,,1,30,,89233,4,,,1,70,,89194,4,,,1,30,,89240,4,,,1,70,,89235,4,,,1,30,,89202,4,,,1,70,,89188,4,,,1,30,,89190,4,,,1,70,,89224,4,,,1,30,,89242,4,,,1,70,,89186,4,,,1,30,,89189,4,,,1,70,,89237,4,,,1,30,,89195,4,,,1,70,,89183,4,,,1,30,,89219,4,,,1,70,,89197,4,,,1,30,,89187,4,,,1,70,,89185,4,,,1,30,,89207,4,,,1,70,,89193,4,,,1,41,,89241,4,,,1
8800,'15',423,,89246,4,,,1,30,,89290,4,,,1,70,,89251,4,,,1,28,,89300,4,,,1,50,,89250,4,,,1,11,,89298,4,,,1,9,,89302,4,,,1,10,,89278,4,,,1,10,,89272,4,,,1,10,,89294,4,,,1,50,,89316,4,,,1,11,,89334,4,,,1,6,,89310,20,0,63,1,5,,89295,4,,,1,10,,89275,4,,,1,10,,89273,4,,,1,11,,89267,4,,,1,49,,89306,4,,,1,12,,89274,4,,,1,15,,89284,4,,,1,15,,89279,4,,,1,14,,89289,4,,,1,55,,89305,4,,,1,30,,89297,4,,,1,70,,89292,4,,,1,29,,89320,4,,,1,70,,89287,4,,,1,30,,89303,4,,,1,70,,89296,4,,,1,30,,89312,4,,,1,70,,89268,4,,,1,31,,89254,4,,,1,70,,89270,4,,,1,30,,89291,4,,,1,71,,89313,4,,,1,12,,89252,4,,,1,10,,89328,4,,,1,8,,89277,4,,,1,10,,89325,4,,,1,50,,89261,4,,,1,20,,89276,4,,,1,10,,89301,4,,,1,20,,89299,4,,,1,50,,89323,4,,,1,10,,89315,4,,,1,10,,89265,4,,,1,10,,89256,4,,,1,9,,89332,4,,,1,10,,89327,4,,,1,50,,89319,4,,,1,15,,89288,4,,,1,15,,89321,4,,,1,70,,89286,4,,,1,29,,89260,4,,,1,70,,89333,4,,,1,30,,89280,4,,,1,15,,89263,4,,,1,60,,89308,4,,,1,20,,89271,4,,,1,20,,89266,4,,,1,60,,89262,4,,,1,20,,89307,4,,,1,20,,89330,4,,,1,70,,89322,4,,,1,30,,89255,4,,,1,70,,89304,4,,,1,30,,89281,4,,,1
8800,'16',423,,89336,4,,,1,30,,89380,4,,,1,70,,89341,4,,,1,28,,89390,4,,,1,50,,89340,4,,,1,11,,89388,4,,,1,9,,89392,4,,,1,10,,89368,4,,,1,10,,89362,4,,,1,10,,89384,4,,,1,50,,89406,4,,,1,11,,89424,4,,,1,6,,89400,20,0,63,1,5,,89385,4,,,1,10,,89365,4,,,1,10,,89363,4,,,1,11,,89357,4,,,1,49,,89396,4,,,1,12,,89364,4,,,1,15,,89374,4,,,1,15,,89369,4,,,1,14,,89379,4,,,1,55,,89395,4,,,1,30,,89387,4,,,1,70,,89382,4,,,1,29,,89410,4,,,1,70,,89377,4,,,1,30,,89393,4,,,1,70,,89386,4,,,1,30,,89402,4,,,1,70,,89358,4,,,1,31,,89344,4,,,1,70,,89360,4,,,1,30,,89381,4,,,1,71,,89403,4,,,1,12,,89342,4,,,1,10,,89418,4,,,1,8,,89367,4,,,1,10,,89415,4,,,1,50,,89351,4,,,1,20,,89366,4,,,1,10,,89391,4,,,1,20,,89389,4,,,1,50,,89413,4,,,1,10,,89405,4,,,1,10,,89355,4,,,1,10,,89346,4,,,1,9,,89422,4,,,1,10,,89417,4,,,1,50,,89409,4,,,1,15,,89378,4,,,1,15,,89411,4,,,1,70,,89376,4,,,1,29,,89350,4,,,1,70,,89423,4,,,1,30,,89370,4,,,1,15,,89353,4,,,1,60,,89398,4,,,1,20,,89361,4,,,1,20,,89356,4,,,1,60,,89352,4,,,1,20,,89397,4,,,1,20,,89420,4,,,1,70,,89412,4,,,1,30,,89345,4,,,1,70,,89394,4,,,1,30,,89371,4,,,1
8800,'17',423,,89450,4,,,1,30,,89458,4,,,1,70,,89493,4,,,1,28,,89464,4,,,1,50,,89440,4,,,1,11,,89452,4,,,1,9,,89513,4,,,1,10,,89501,4,,,1,10,,89443,4,,,1,10,,89469,4,,,1,50,,89488,4,,,1,9,,89500,4,,,1,13,,89474,4,,,1,10,,89492,4,,,1,10,,89505,4,,,1,11,,89490,4,,,1,50,,89516,4,,,1,11,,89446,4,,,1,14,,89507,4,,,1,16,,89476,4,,,1,14,,89455,4,,,1,55,,89511,4,,,1,30,,89447,4,,,1,70,,89449,4,,,1,29,,89445,4,,,1,70,,89470,4,,,1,30,,89504,4,,,1,70,,89514,4,,,1,30,,89462,4,,,1,70,,89509,4,,,1,31,,89485,4,,,1,70,,89454,4,,,1,31,,89438,4,,,1,70,,89434,4,,,1,10,,89481,4,,,1,10,,89497,4,,,1,9,,89486,4,,,1,11,,89435,4,,,1,50,,89471,4,,,1,8,,89512,4,,,1,10,,89482,4,,,1,12,,89473,4,,,1,10,,89430,4,,,1,10,,89441,4,,,1,50,,89465,4,,,1,11,,89508,4,,,1,9,,89459,4,,,1,11,,89427,4,,,1,8,,89484,4,,,1,10,,89463,4,,,1,50,,89506,4,,,1,15,,89483,4,,,1,15,,89472,4,,,1,70,,89428,4,,,1,29,,89494,4,,,1,70,,89442,4,,,1,30,,89489,4,,,1,15,,89460,4,,,1,60,,89477,4,,,1,20,,89487,4,,,1,20,,89466,4,,,1,60,,89433,4,,,1,20,,89431,4,,,1,20,,89432,4,,,1,70,,89475,4,,,1,30,,89448,4,,,1,70,,89515,4,,,1,30,,89426,4,,,1
8800,'18',423,,89581,4,,,1,30,,89574,4,,,1,70,,89530,4,,,1,28,,89545,4,,,1,50,,89569,4,,,1,11,,89526,4,,,1,9,,89556,4,,,1,10,,89576,4,,,1,10,,89564,4,,,1,10,,89590,4,,,1,50,,89599,4,,,1,9,,89587,4,,,1,13,,89582,4,,,1,10,,89588,4,,,1,10,,89596,4,,,1,11,,89537,4,,,1,52,,89583,4,,,1,9,,89602,4,,,1,15,,89579,4,,,1,15,,89605,4,,,1,14,,89538,4,,,1,55,,89546,4,,,1,30,,89544,4,,,1,70,,89597,4,,,1,29,,89607,4,,,1,70,,89577,4,,,1,30,,89529,4,,,1,70,,89551,4,,,1,30,,89586,4,,,1,70,,89592,4,,,1,31,,89522,4,,,1,70,,89580,4,,,1,29,,89559,4,,,1,74,,89567,4,,,1,10,,89523,4,,,1,10,,89535,4,,,1,8,,89555,4,,,1,10,,89542,4,,,1,50,,89539,4,,,1,10,,89593,4,,,1,10,,89549,4,,,1,10,,89536,4,,,1,10,,89532,4,,,1,10,,89585,4,,,1,50,,89608,4,,,1,10,,89527,4,,,1,11,,89578,4,,,1,10,,89533,4,,,1,8,,89566,4,,,1,10,,89528,4,,,1,50,,89543,4,,,1,15,,89572,4,,,1,15,,89571,4,,,1,70,,89550,4,,,1,29,,89610,4,,,1,70,,89548,4,,,1,30,,89595,4,,,1,15,,89540,4,,,1,60,,89561,4,,,1,20,,89589,4,,,1,20,,89568,4,,,1,60,,89553,4,,,1,20,,89600,4,,,1,20,,89557,4,,,1,70,,89524,4,,,1,30,,89562,4,,,1,70,,89518,4,,,1,30,,89563,4,,,1
8800,'19',423,,89636,4,,,1,30,,89644,4,,,1,70,,89679,4,,,1,28,,89650,4,,,1,50,,89626,4,,,1,11,,89638,4,,,1,9,,89699,4,,,1,10,,89687,4,,,1,10,,89629,4,,,1,10,,89655,4,,,1,50,,89674,4,,,1,9,,89686,4,,,1,13,,89660,4,,,1,10,,89678,4,,,1,10,,89691,4,,,1,11,,89676,4,,,1,50,,89702,4,,,1,11,,89632,4,,,1,14,,89693,4,,,1,16,,89662,4,,,1,14,,89641,4,,,1,55,,89697,4,,,1,30,,89633,4,,,1,70,,89635,4,,,1,29,,89631,4,,,1,70,,89656,4,,,1,30,,89690,4,,,1,70,,89700,4,,,1,30,,89648,4,,,1,70,,89695,4,,,1,31,,89671,4,,,1,70,,89640,4,,,1,31,,89624,4,,,1,70,,89620,4,,,1,10,,89667,4,,,1,10,,89683,4,,,1,9,,89672,4,,,1,11,,89621,4,,,1,50,,89657,4,,,1,8,,89698,4,,,1,10,,89668,4,,,1,12,,89659,4,,,1,10,,89616,4,,,1,10,,89627,4,,,1,50,,89651,4,,,1,11,,89694,4,,,1,9,,89645,4,,,1,11,,89613,4,,,1,8,,89670,4,,,1,10,,89649,4,,,1,50,,89692,4,,,1,15,,89669,4,,,1,15,,89658,4,,,1,70,,89614,4,,,1,29,,89680,4,,,1,70,,89628,4,,,1,30,,89675,4,,,1,15,,89646,4,,,1,60,,89663,4,,,1,20,,89673,4,,,1,20,,89652,4,,,1,60,,89619,4,,,1,20,,89617,4,,,1,20,,89618,4,,,1,70,,89661,4,,,1,30,,89634,4,,,1,70,,89701,4,,,1,30,,89612,4,,,1
8800,'2',558,,89722,4,,,1,70,,89724,4,,,1,30,,89704,4,,,1,70,,89721,4,,,1,30,,89707,4,,,1,70,,89740,4,,,1,30,,89720,4,,,1,70,,89725,4,,,1,30,,89746,4,,,1,70,,89705,4,,,1,30,,89712,4,,,1,62,,89727,4,,,1,20,,89718,4,,,1,60,,89744,4,,,1,20,,89719,4,,,1,20,,89708,4,,,1,60,,89730,4,,,1,20,,89715,4,,,1,20,,89741,4,,,1,60,,89714,4,,,1,20,,89731,4,,,1,20,,89736,4,,,1,60,,89742,4,,,1,20,,89738,4,,,1,20,,89710,4,,,1,60,,89723,4,,,1,20,,89709,4,,,1,20,,89732,4,,,1,60,,89733,4,,,1,20,,89706,4,,,1,21,,89745,4,,,1,70,,89737,4,,,1,30,,89739,4,,,1,70,,89717,4,,,1,30,,89735,4,,,1,70,,89734,4,,,1,30,,89729,4,,,1,70,,89728,4,,,1,30,,89743,4,,,1,70,,89711,4,,,1,30,,89726,4,,,1,70,,89713,4,,,1,30,,89716,4,,,1
8800,'3',423,,89748,4,,,1,30,,89792,4,,,1,70,,89753,4,,,1,28,,89802,4,,,1,50,,89752,4,,,1,11,,89800,4,,,1,9,,89804,4,,,1,10,,89780,4,,,1,10,,89774,4,,,1,10,,89796,4,,,1,50,,89818,4,,,1,11,,89836,4,,,1,6,,89812,20,0,63,1,5,,89797,4,,,1,10,,89777,4,,,1,10,,89775,4,,,1,11,,89769,4,,,1,49,,89808,4,,,1,12,,89776,4,,,1,15,,89786,4,,,1,15,,89781,4,,,1,14,,89791,4,,,1,55,,89807,4,,,1,30,,89799,4,,,1,70,,89794,4,,,1,29,,89822,4,,,1,70,,89789,4,,,1,30,,89805,4,,,1,70,,89798,4,,,1,30,,89814,4,,,1,70,,89770,4,,,1,31,,89756,4,,,1,70,,89772,4,,,1,30,,89793,4,,,1,71,,89815,4,,,1,12,,89754,4,,,1,10,,89830,4,,,1,8,,89779,4,,,1,10,,89827,4,,,1,50,,89763,4,,,1,20,,89778,4,,,1,10,,89803,4,,,1,20,,89801,4,,,1,50,,89825,4,,,1,10,,89817,4,,,1,10,,89767,4,,,1,10,,89758,4,,,1,9,,89834,4,,,1,10,,89829,4,,,1,50,,89821,4,,,1,15,,89790,4,,,1,15,,89823,4,,,1,70,,89788,4,,,1,29,,89762,4,,,1,70,,89835,4,,,1,30,,89782,4,,,1,15,,89765,4,,,1,60,,89810,4,,,1,20,,89773,4,,,1,20,,89768,4,,,1,60,,89764,4,,,1,20,,89809,4,,,1,20,,89832,4,,,1,70,,89824,4,,,1,30,,89757,4,,,1,70,,89806,4,,,1,30,,89783,4,,,1
8800,'4',423,,89838,4,,,1,30,,89882,4,,,1,70,,89843,4,,,1,28,,89892,4,,,1,50,,89842,4,,,1,11,,89890,4,,,1,9,,89894,4,,,1,10,,89870,4,,,1,10,,89864,4,,,1,10,,89886,4,,,1,50,,89908,4,,,1,11,,89926,4,,,1,6,,89902,20,0,63,1,5,,89887,4,,,1,10,,89867,4,,,1,10,,89865,4,,,1,11,,89859,4,,,1,49,,89898,4,,,1,12,,89866,4,,,1,15,,89876,4,,,1,15,,89871,4,,,1,14,,89881,4,,,1,55,,89897,4,,,1,30,,89889,4,,,1,70,,89884,4,,,1,29,,89912,4,,,1,70,,89879,4,,,1,30,,89895,4,,,1,70,,89888,4,,,1,30,,89904,4,,,1,70,,89860,4,,,1,31,,89846,4,,,1,70,,89862,4,,,1,30,,89883,4,,,1,71,,89905,4,,,1,12,,89844,4,,,1,10,,89920,4,,,1,8,,89869,4,,,1,10,,89917,4,,,1,50,,89853,4,,,1,20,,89868,4,,,1,10,,89893,4,,,1,20,,89891,4,,,1,50,,89915,4,,,1,10,,89907,4,,,1,10,,89857,4,,,1,10,,89848,4,,,1,9,,89924,4,,,1,10,,89919,4,,,1,50,,89911,4,,,1,15,,89880,4,,,1,15,,89913,4,,,1,70,,89878,4,,,1,29,,89852,4,,,1,70,,89925,4,,,1,30,,89872,4,,,1,15,,89855,4,,,1,60,,89900,4,,,1,20,,89863,4,,,1,20,,89858,4,,,1,60,,89854,4,,,1,20,,89899,4,,,1,20,,89922,4,,,1,70,,89914,4,,,1,30,,89847,4,,,1,70,,89896,4,,,1,30,,89873,4,,,1
8800,'5',423,,89952,4,,,1,30,,89960,4,,,1,70,,89995,4,,,1,28,,89966,4,,,1,50,,89942,4,,,1,11,,89954,4,,,1,9,,90015,4,,,1,10,,90003,4,,,1,10,,89945,4,,,1,10,,89971,4,,,1,50,,89990,4,,,1,9,,90002,4,,,1,13,,89976,4,,,1,10,,89994,4,,,1,10,,90007,4,,,1,11,,89992,4,,,1,50,,90018,4,,,1,11,,89948,4,,,1,14,,90009,4,,,1,16,,89978,4,,,1,14,,89957,4,,,1,55,,90013,4,,,1,30,,89949,4,,,1,70,,89951,4,,,1,29,,89947,4,,,1,70,,89972,4,,,1,30,,90006,4,,,1,70,,90016,4,,,1,30,,89964,4,,,1,70,,90011,4,,,1,31,,89987,4,,,1,70,,89956,4,,,1,31,,89940,4,,,1,70,,89936,4,,,1,10,,89983,4,,,1,10,,89999,4,,,1,9,,89988,4,,,1,11,,89937,4,,,1,50,,89973,4,,,1,8,,90014,4,,,1,10,,89984,4,,,1,12,,89975,4,,,1,10,,89932,4,,,1,10,,89943,4,,,1,50,,89967,4,,,1,11,,90010,4,,,1,9,,89961,4,,,1,11,,89929,4,,,1,8,,89986,4,,,1,10,,89965,4,,,1,50,,90008,4,,,1,15,,89985,4,,,1,15,,89974,4,,,1,70,,89930,4,,,1,29,,89996,4,,,1,70,,89944,4,,,1,30,,89991,4,,,1,15,,89962,4,,,1,60,,89979,4,,,1,20,,89989,4,,,1,20,,89968,4,,,1,60,,89935,4,,,1,20,,89933,4,,,1,20,,89934,4,,,1,70,,89977,4,,,1,30,,89950,4,,,1,70,,90017,4,,,1,30,,89928,4,,,1
8800,'6',423,,90021,4,,,1,30,,90065,4,,,1,70,,90026,4,,,1,28,,90075,4,,,1,50,,90025,4,,,1,11,,90073,4,,,1,9,,90077,4,,,1,10,,90053,4,,,1,10,,90047,4,,,1,10,,90069,4,,,1,50,,90091,4,,,1,11,,90109,4,,,1,6,,90085,20,0,63,1,5,,90070,4,,,1,10,,90050,4,,,1,10,,90048,4,,,1,11,,90042,4,,,1,49,,90081,4,,,1,12,,90049,4,,,1,15,,90059,4,,,1,15,,90054,4,,,1,14,,90064,4,,,1,55,,90080,4,,,1,30,,90072,4,,,1,70,,90067,4,,,1,29,,90095,4,,,1,70,,90062,4,,,1,30,,90078,4,,,1,70,,90071,4,,,1,30,,90087,4,,,1,70,,90043,4,,,1,31,,90029,4,,,1,70,,90045,4,,,1,30,,90066,4,,,1,71,,90088,4,,,1,12,,90027,4,,,1,10,,90103,4,,,1,8,,90052,4,,,1,10,,90100,4,,,1,50,,90036,4,,,1,20,,90051,4,,,1,10,,90076,4,,,1,20,,90074,4,,,1,50,,90098,4,,,1,10,,90090,4,,,1,10,,90040,4,,,1,10,,90031,4,,,1,9,,90107,4,,,1,10,,90102,4,,,1,50,,90094,4,,,1,15,,90063,4,,,1,15,,90096,4,,,1,70,,90061,4,,,1,29,,90035,4,,,1,70,,90108,4,,,1,30,,90055,4,,,1,15,,90038,4,,,1,60,,90083,4,,,1,20,,90046,4,,,1,20,,90041,4,,,1,60,,90037,4,,,1,20,,90082,4,,,1,20,,90105,4,,,1,70,,90097,4,,,1,30,,90030,4,,,1,70,,90079,4,,,1,30,,90056,4,,,1
8800,'7',423,,90135,4,,,1,30,,90143,4,,,1,70,,90178,4,,,1,28,,90149,4,,,1,50,,90125,4,,,1,11,,90137,4,,,1,9,,90198,4,,,1,10,,90186,4,,,1,10,,90128,4,,,1,10,,90154,4,,,1,50,,90173,4,,,1,9,,90185,4,,,1,13,,90159,4,,,1,10,,90177,4,,,1,10,,90190,4,,,1,11,,90175,4,,,1,50,,90201,4,,,1,11,,90131,4,,,1,14,,90192,4,,,1,16,,90161,4,,,1,14,,90140,4,,,1,55,,90196,4,,,1,30,,90132,4,,,1,70,,90134,4,,,1,29,,90130,4,,,1,70,,90155,4,,,1,30,,90189,4,,,1,70,,90199,4,,,1,30,,90147,4,,,1,70,,90194,4,,,1,31,,90170,4,,,1,70,,90139,4,,,1,31,,90123,4,,,1,70,,90119,4,,,1,10,,90166,4,,,1,10,,90182,4,,,1,9,,90171,4,,,1,11,,90120,4,,,1,50,,90156,4,,,1,8,,90197,4,,,1,10,,90167,4,,,1,12,,90158,4,,,1,10,,90115,4,,,1,10,,90126,4,,,1,50,,90150,4,,,1,11,,90193,4,,,1,9,,90144,4,,,1,11,,90112,4,,,1,8,,90169,4,,,1,10,,90148,4,,,1,50,,90191,4,,,1,15,,90168,4,,,1,15,,90157,4,,,1,70,,90113,4,,,1,29,,90179,4,,,1,70,,90127,4,,,1,30,,90174,4,,,1,15,,90145,4,,,1,60,,90162,4,,,1,20,,90172,4,,,1,20,,90151,4,,,1,60,,90118,4,,,1,20,,90116,4,,,1,20,,90117,4,,,1,70,,90160,4,,,1,30,,90133,4,,,1,70,,90200,4,,,1,30,,90111,4,,,1
8800,'8',507,,90245,4,,,1,28,,90231,4,,,1,70,,90226,4,,,1,30,,90234,4,,,1,70,,90249,4,,,1,30,,90212,4,,,1,70,,90237,4,,,1,30,,90263,4,,,1,70,,90228,4,,,1,32,,90247,4,,,1,72,,90236,4,,,1,30,,90219,4,,,1,71,,90240,4,,,1,30,,90225,4,,,1,71,,90230,4,,,1,32,,90204,4,,,1,70,,90264,4,,,1,30,,90218,4,,,1,70,,90259,4,,,1,30,,90253,4,,,1,70,,90214,4,,,1,30,,90260,4,,,1,70,,90255,4,,,1,30,,90222,4,,,1,70,,90208,4,,,1,30,,90210,4,,,1,70,,90244,4,,,1,30,,90262,4,,,1,70,,90206,4,,,1,30,,90209,4,,,1,70,,90257,4,,,1,30,,90215,4,,,1,70,,90203,4,,,1,30,,90239,4,,,1,70,,90217,4,,,1,30,,90207,4,,,1,70,,90205,4,,,1,30,,90227,4,,,1,70,,90213,4,,,1,41,,90261,4,,,1
8800,'9',558,,90283,4,,,1,70,,90285,4,,,1,30,,90265,4,,,1,70,,90282,4,,,1,30,,90268,4,,,1,70,,90301,4,,,1,30,,90281,4,,,1,70,,90286,4,,,1,30,,90307,4,,,1,70,,90266,4,,,1,30,,90273,4,,,1,62,,90288,4,,,1,20,,90279,4,,,1,60,,90305,4,,,1,20,,90280,4,,,1,20,,90269,4,,,1,60,,90291,4,,,1,20,,90276,4,,,1,20,,90302,4,,,1,60,,90275,4,,,1,20,,90292,4,,,1,20,,90297,4,,,1,60,,90303,4,,,1,20,,90299,4,,,1,20,,90271,4,,,1,60,,90284,4,,,1,20,,90270,4,,,1,20,,90293,4,,,1,60,,90294,4,,,1,20,,90267,4,,,1,21,,90306,4,,,1,70,,90298,4,,,1,30,,90300,4,,,1,70,,90278,4,,,1,30,,90296,4,,,1,70,,90295,4,,,1,30,,90290,4,,,1,70,,90289,4,,,1,30,,90304,4,,,1,70,,90272,4,,,1,30,,90287,4,,,1,70,,90274,4,,,1,30,,90277,4,,,1
