23700,'10',558,,116398,4,,,1,92,,116397,4,,,1,68,,116399,4,,,1,102,,116400,4,,,1
23700,'11',558,,116402,4,,,1,92,,116401,4,,,1,68,,116403,4,,,1,102,,116404,4,,,1
23700,'12',558,,116406,4,,,1,92,,116405,4,,,1,68,,116407,4,,,1,102,,116408,4,,,1
23700,'13',558,,116410,4,,,1,92,,116411,4,,,1,68,,116412,4,,,1,104,,116409,4,,,1
23700,'15',558,,116414,4,,,1,92,,116413,4,,,1,68,,116415,4,,,1,102,,116416,4,,,1
23700,'16',558,,116418,4,,,1,92,,116417,4,,,1,68,,116419,4,,,1,102,,116420,4,,,1
23700,'17',558,,116422,4,,,1,92,,116423,4,,,1,68,,116424,4,,,1,104,,116421,4,,,1
23700,'18',558,,116425,4,,,1,92,,116427,4,,,1,68,,116426,4,,,1,102,,116428,4,,,1
23700,'19',558,,116430,4,,,1,92,,116431,4,,,1,68,,116432,4,,,1,104,,116429,4,,,1
23700,'3',558,,116434,4,,,1,92,,116433,4,,,1,68,,116435,4,,,1,102,,116436,4,,,1
23700,'4',558,,116438,4,,,1,92,,116437,4,,,1,68,,116439,4,,,1,102,,116440,4,,,1
23700,'5',558,,116442,4,,,1,92,,116443,4,,,1,68,,116444,4,,,1,104,,116441,4,,,1
23700,'6',558,,116446,4,,,1,92,,116445,4,,,1,68,,116447,4,,,1,102,,116448,4,,,1
23700,'7',558,,116450,4,,,1,92,,116451,4,,,1,68,,116452,4,,,1,104,,116449,4,,,1
