22801,'12',1638,,293353,36,,,1,81,,293354,36,,,1,98,,293352,36,,,1
22801,'14',1637,,293356,36,,,1,83,,293357,36,,,1,97,,293355,36,,,1
22801,'15',1638,,293359,36,,,1,81,,293360,36,,,1,98,,293358,36,,,1
22801,'17',1637,,293362,36,,,1,83,,293363,36,,,1,97,,293361,36,,,1
22801,'18',1637,,293365,36,,,1,83,,293366,36,,,1,97,,293364,36,,,1
22801,'2',1637,,293367,36,,,1,83,,293368,36,,,1,97,,72563,36,,,1
22801,'3',1638,,198119,36,,,1,81,,293369,36,,,1,98,,141940,36,,,1
22801,'4',1638,,293371,36,,,1,81,,293372,36,,,1,98,,293370,36,,,1
22801,'5',1638,,293374,36,,,1,81,,293375,36,,,1,98,,293373,36,,,1
22801,'7',1637,,293377,36,,,1,83,,293378,36,,,1,97,,293376,36,,,1
22801,'8',1638,,293380,36,,,1,81,,293379,36,,,1,98,,293381,36,,,1
22801,'9',1638,,293383,36,,,1,81,,293384,36,,,1,98,,293382,36,,,1
30201,'7',1507,,294681,43,,,1
30201,'9',1507,,294682,43,,,1
