8100,'1',610,,350800,47,,,0,30,,350805,47,,,0,70,,235170,47,,,0,28,,155000,47,,,0,72,,350795,47,,,0,32,,350809,47,,,0,69,,350810,47,,,0,29,,350811,47,,,0,70,,350806,47,,,0,30,,350813,47,,,0,70,,350799,47,,,0,30,,350798,47,,,0,70,,350817,47,,,0,31,,233888,47,,,0,70,,279520,47,,,0,30,,350803,47,,,0,71,,350807,47,,,0,30,,227655,47,,,0,70,,350797,47,,,0,35,,350814,47,,,0,72,,241705,47,,,0,30,,350792,47,,,0,69,,350818,47,,,0,29,,350794,47,,,0,68,,350796,47,,,0,30,,350808,47,,,0,66,,350793,47,,,0,29,,350815,47,,,0,70,,350819,47,,,0,30,,246669,47,,,0,68,,350812,47,,,0,30,,350801,47,,,0,70,,350816,47,,,0,30,,350802,47,,,0,100,,350804,47,,,0,85,,218496,47,,,0
8100,'10',755,,350833,47,,,0,70,,350836,47,,,0,30,,350827,47,,,0,70,,350821,47,,,0,30,,350838,47,,,0,70,,350822,47,,,0,32,,350825,47,,,0,70,,258919,47,,,0,30,,350839,47,,,0,70,,230200,47,,,0,31,,350831,47,,,0,70,,350837,47,,,0,30,,350832,47,,,0,70,,222998,47,,,0,30,,289658,47,,,0,70,,245165,47,,,0,30,,350830,47,,,0,70,,350834,47,,,0,30,,350820,47,,,0,70,,288032,47,,,0,30,,233933,47,,,0,70,,350826,47,,,0,29,,350824,47,,,0,70,,207555,47,,,0,30,,350835,47,,,0,100,,350823,47,,,0,98,,350829,47,,,0,100,,350828,47,,,0,100,,262301,47,,,0
8100,'11',610,,350857,47,,,0,30,,350840,47,,,0,70,,350842,47,,,0,28,,350845,47,,,0,67,,350861,47,,,0,35,,350848,47,,,0,72,,350854,47,,,0,28,,350852,47,,,0,70,,350864,47,,,0,30,,350849,47,,,0,70,,255045,47,,,0,30,,182098,47,,,0,70,,350859,47,,,0,31,,270985,47,,,0,70,,206920,47,,,0,30,,350862,47,,,0,71,,291576,47,,,0,30,,206073,47,,,0,70,,350860,47,,,0,35,,350865,47,,,0,74,,350847,47,,,0,97,,350850,47,,,0,29,,211573,47,,,0,68,,350846,47,,,0,30,,350855,47,,,0,66,,350841,47,,,0,29,,350856,47,,,0,70,,350858,47,,,0,30,,350843,47,,,0,68,,268478,47,,,0,30,,350863,47,,,0,70,,350851,47,,,0,30,,350844,47,,,0,100,,350853,47,,,0,85,,281410,47,,,0
8100,'12',752,,350867,47,,,0,70,,350886,47,,,0,30,,350889,47,,,0,70,,350876,47,,,0,30,,350890,47,,,0,70,,350879,47,,,0,32,,350881,47,,,0,70,,350885,47,,,0,30,,350883,47,,,0,70,,350877,47,,,0,31,,350868,47,,,0,70,,350882,47,,,0,30,,350887,47,,,0,70,,350880,47,,,0,30,,350874,47,,,0,70,,350884,47,,,0,30,,350869,47,,,0,70,,350888,47,,,0,30,,261314,47,,,0,70,,350866,47,,,0,30,,350870,47,,,0,70,,350871,47,,,0,29,,350891,47,,,0,100,,350873,47,,,0,100,,350872,47,,,0,98,,350875,47,,,0,100,,350878,47,,,0
8100,'13',610,,350909,47,,,0,30,,350892,47,,,0,70,,350894,47,,,0,28,,350897,47,,,0,67,,350913,47,,,0,35,,350900,47,,,0,72,,350906,47,,,0,28,,350904,47,,,0,70,,350916,47,,,0,30,,350901,47,,,0,70,,255073,47,,,0,30,,181558,47,,,0,70,,350911,47,,,0,31,,271022,47,,,0,70,,206967,47,,,0,30,,350914,47,,,0,71,,291603,47,,,0,30,,206063,47,,,0,70,,350912,47,,,0,35,,350917,47,,,0,74,,350899,47,,,0,97,,350902,47,,,0,29,,211620,47,,,0,68,,350898,47,,,0,30,,350907,47,,,0,66,,350893,47,,,0,29,,350908,47,,,0,70,,350910,47,,,0,30,,350895,47,,,0,68,,268508,47,,,0,30,,350915,47,,,0,70,,350903,47,,,0,30,,350896,47,,,0,100,,350905,47,,,0,85,,281445,47,,,0
8100,'14',610,,350935,47,,,0,30,,350918,47,,,0,70,,350920,47,,,0,28,,350923,47,,,0,67,,350939,47,,,0,35,,350926,47,,,0,72,,350932,47,,,0,28,,350930,47,,,0,70,,350942,47,,,0,30,,350927,47,,,0,70,,255200,47,,,0,30,,181843,47,,,0,70,,350937,47,,,0,31,,271182,47,,,0,70,,207142,47,,,0,30,,350940,47,,,0,71,,291706,47,,,0,30,,206065,47,,,0,70,,350938,47,,,0,35,,350943,47,,,0,74,,350925,47,,,0,97,,350928,47,,,0,29,,211844,47,,,0,68,,350924,47,,,0,30,,350933,47,,,0,66,,350919,47,,,0,29,,350934,47,,,0,70,,350936,47,,,0,30,,350921,47,,,0,68,,268631,47,,,0,30,,350941,47,,,0,70,,350929,47,,,0,30,,350922,47,,,0,100,,350931,47,,,0,85,,281611,47,,,0
8100,'15',752,,350945,47,,,0,70,,350964,47,,,0,30,,269528,47,,,0,70,,350954,47,,,0,30,,350967,47,,,0,70,,350957,47,,,0,32,,350959,47,,,0,70,,350963,47,,,0,30,,350960,47,,,0,70,,350955,47,,,0,31,,350946,47,,,0,70,,258283,47,,,0,30,,350965,47,,,0,70,,350958,47,,,0,30,,350952,47,,,0,70,,350961,47,,,0,30,,350947,47,,,0,70,,350966,47,,,0,30,,350962,47,,,0,70,,350944,47,,,0,30,,350948,47,,,0,70,,350949,47,,,0,29,,350968,47,,,0,100,,350951,47,,,0,100,,350950,47,,,0,98,,350953,47,,,0,100,,350956,47,,,0
8100,'16',755,,181424,47,,,0,70,,350989,47,,,0,30,,350981,47,,,0,70,,350971,47,,,0,30,,350991,47,,,0,70,,350972,47,,,0,32,,286218,47,,,0,70,,350985,47,,,0,30,,350993,47,,,0,70,,350973,47,,,0,31,,350986,47,,,0,70,,350990,47,,,0,30,,185951,47,,,0,70,,350980,47,,,0,30,,350978,47,,,0,70,,350992,47,,,0,30,,350984,47,,,0,70,,350987,47,,,0,30,,350970,47,,,0,70,,350974,47,,,0,30,,350994,47,,,0,70,,350979,47,,,0,29,,350976,47,,,0,70,,350977,47,,,0,30,,350988,47,,,0,100,,350975,47,,,0,98,,350983,47,,,0,100,,350982,47,,,0,100,,350969,47,,,0
8100,'2',610,,351013,47,,,0,30,,350995,47,,,0,70,,350998,47,,,0,28,,351000,47,,,0,67,,351017,47,,,0,35,,351002,47,,,0,72,,351009,47,,,0,28,,351008,47,,,0,70,,351021,47,,,0,30,,351003,47,,,0,70,,351011,47,,,0,30,,351018,47,,,0,70,,351015,47,,,0,31,,351024,47,,,0,70,,351006,47,,,0,30,,264471,47,,,0,71,,351004,47,,,0,30,,351019,47,,,0,70,,351016,47,,,0,35,,351022,47,,,0,74,,351001,47,,,0,97,,276360,47,,,0,29,,350997,47,,,0,68,,267404,47,,,0,30,,351010,47,,,0,66,,350996,47,,,0,29,,351012,47,,,0,70,,351014,47,,,0,30,,270808,47,,,0,68,,351005,47,,,0,30,,351020,47,,,0,70,,351007,47,,,0,30,,350999,47,,,0,100,,242406,47,,,0,85,,351023,47,,,0
8100,'3',610,,351042,47,,,0,30,,237744,47,,,0,70,,351027,47,,,0,28,,291823,47,,,0,67,,351044,47,,,0,35,,210071,47,,,0,72,,351038,47,,,0,28,,351036,47,,,0,70,,351049,47,,,0,30,,351031,47,,,0,70,,351040,47,,,0,30,,351045,47,,,0,70,,277254,47,,,0,31,,351052,47,,,0,70,,351035,47,,,0,30,,351047,47,,,0,71,,351032,47,,,0,30,,351046,47,,,0,70,,288495,47,,,0,35,,351050,47,,,0,74,,351030,47,,,0,97,,351033,47,,,0,29,,351026,47,,,0,68,,351029,47,,,0,30,,351039,47,,,0,66,,351025,47,,,0,29,,351041,47,,,0,70,,351043,47,,,0,30,,351028,47,,,0,68,,351034,47,,,0,30,,351048,47,,,0,70,,211018,47,,,0,30,,210062,47,,,0,100,,351037,47,,,0,85,,351051,47,,,0
8100,'4',610,,351057,47,,,0,30,,351060,47,,,0,70,,351076,47,,,0,29,,223021,47,,,0,69,,351078,47,,,0,34,,351070,47,,,0,70,,351082,47,,,0,28,,225077,47,,,0,70,,351079,47,,,0,30,,351071,47,,,0,70,,351066,47,,,0,30,,226375,47,,,0,70,,351064,47,,,0,31,,351067,47,,,0,70,,351056,47,,,0,30,,351075,47,,,0,71,,250261,47,,,0,30,,351058,47,,,0,70,,351055,47,,,0,35,,351069,47,,,0,72,,351062,47,,,0,30,,215892,47,,,0,69,,351077,47,,,0,29,,351074,47,,,0,68,,351081,47,,,0,30,,351061,47,,,0,66,,351068,47,,,0,29,,351072,47,,,0,70,,272777,47,,,0,30,,351080,47,,,0,68,,351053,47,,,0,30,,351073,47,,,0,70,,351065,47,,,0,30,,351059,47,,,0,100,,351063,47,,,0,85,,351054,47,,,0
8100,'5',610,,351100,47,,,0,30,,237854,47,,,0,70,,351085,47,,,0,28,,291873,47,,,0,67,,351102,47,,,0,35,,177633,47,,,0,72,,351096,47,,,0,28,,351094,47,,,0,70,,351107,47,,,0,30,,351089,47,,,0,70,,351098,47,,,0,30,,351103,47,,,0,70,,277338,47,,,0,31,,351110,47,,,0,70,,351093,47,,,0,30,,351105,47,,,0,71,,351090,47,,,0,30,,351104,47,,,0,70,,193815,47,,,0,35,,351108,47,,,0,74,,351088,47,,,0,97,,351091,47,,,0,29,,351084,47,,,0,68,,351087,47,,,0,30,,351097,47,,,0,66,,351083,47,,,0,29,,351099,47,,,0,70,,351101,47,,,0,30,,351086,47,,,0,68,,351092,47,,,0,30,,351106,47,,,0,70,,211173,47,,,0,30,,210211,47,,,0,100,,351095,47,,,0,85,,351109,47,,,0
8100,'6',610,,351128,47,,,0,30,,351111,47,,,0,70,,351113,47,,,0,28,,351116,47,,,0,67,,351132,47,,,0,35,,351119,47,,,0,72,,351125,47,,,0,28,,351123,47,,,0,70,,351135,47,,,0,30,,351120,47,,,0,70,,254867,47,,,0,30,,182030,47,,,0,70,,351130,47,,,0,31,,270773,47,,,0,70,,206648,47,,,0,30,,351133,47,,,0,71,,291412,47,,,0,30,,206071,47,,,0,70,,351131,47,,,0,35,,351136,47,,,0,74,,351118,47,,,0,97,,351121,47,,,0,29,,211269,47,,,0,68,,351117,47,,,0,30,,351126,47,,,0,66,,351112,47,,,0,29,,351127,47,,,0,70,,351129,47,,,0,30,,351114,47,,,0,68,,268310,47,,,0,30,,351134,47,,,0,70,,351122,47,,,0,30,,351115,47,,,0,100,,351124,47,,,0,85,,281189,47,,,0
8100,'7',610,,351155,47,,,0,30,,351137,47,,,0,70,,351140,47,,,0,28,,351142,47,,,0,67,,351159,47,,,0,35,,351144,47,,,0,72,,351151,47,,,0,28,,351150,47,,,0,70,,351163,47,,,0,30,,351145,47,,,0,70,,351153,47,,,0,30,,351160,47,,,0,70,,351157,47,,,0,31,,351166,47,,,0,70,,351148,47,,,0,30,,264268,47,,,0,71,,351146,47,,,0,30,,351161,47,,,0,70,,351158,47,,,0,35,,351164,47,,,0,74,,351143,47,,,0,97,,276245,47,,,0,29,,351139,47,,,0,68,,267331,47,,,0,30,,351152,47,,,0,66,,351138,47,,,0,29,,351154,47,,,0,70,,351156,47,,,0,30,,270709,47,,,0,68,,351147,47,,,0,30,,351162,47,,,0,70,,351149,47,,,0,30,,351141,47,,,0,100,,242271,47,,,0,85,,351165,47,,,0
8100,'8',752,,351168,47,,,0,70,,351187,47,,,0,30,,351190,47,,,0,70,,351177,47,,,0,30,,351191,47,,,0,70,,351180,47,,,0,32,,351182,47,,,0,70,,351186,47,,,0,30,,351184,47,,,0,70,,351178,47,,,0,31,,351169,47,,,0,70,,351183,47,,,0,30,,351188,47,,,0,70,,351181,47,,,0,30,,351175,47,,,0,70,,351185,47,,,0,30,,351170,47,,,0,70,,351189,47,,,0,30,,125287,47,,,0,70,,351167,47,,,0,30,,351171,47,,,0,70,,351172,47,,,0,29,,351192,47,,,0,100,,351174,47,,,0,100,,351173,47,,,0,98,,351176,47,,,0,100,,351179,47,,,0
8100,'9',610,,351210,47,,,0,30,,351193,47,,,0,70,,351195,47,,,0,28,,351198,47,,,0,67,,351214,47,,,0,35,,351201,47,,,0,72,,351207,47,,,0,28,,351205,47,,,0,70,,351217,47,,,0,30,,351202,47,,,0,70,,254782,47,,,0,30,,181882,47,,,0,70,,351212,47,,,0,31,,270676,47,,,0,70,,206528,47,,,0,30,,351215,47,,,0,71,,291333,47,,,0,30,,206067,47,,,0,70,,351213,47,,,0,35,,351218,47,,,0,74,,351200,47,,,0,97,,351203,47,,,0,29,,211110,47,,,0,68,,351199,47,,,0,30,,351208,47,,,0,66,,351194,47,,,0,29,,351209,47,,,0,70,,351211,47,,,0,30,,351196,47,,,0,68,,268225,47,,,0,30,,351216,47,,,0,70,,351204,47,,,0,30,,351197,47,,,0,100,,351206,47,,,0,85,,281081,47,,,0
