1800,'1',729,,252264,,,1,28,,252283,,,1,70,,252268,,,1,31,,252274,,,1,70,,252273,,,1,30,,252287,,,1,70,,252263,,,1,73,,252279,,,1,30,,252291,,,1,70,,252267,,,1,30,,252280,,,1,71,,252282,,,1,30,,252277,,,1,70,,252278,,,1,30,,178358,,,1,70,,252288,,,1,30,,252290,,,1,70,,252276,,,1,30,,252270,,,1,70,,125755,,,1,30,,252281,,,1,70,,252275,,,1,30,,252289,,,1,70,,252265,,,1,30,,124630,,,1,68,,252269,,,1,30,,252286,,,1,27,,252272,,,1,70,,252271,,,1,30,,252285,,,1,70,,252262,,,1,30,,252284,,,1,148,,252266,,,1
1800,'10',516,,130434,,,1,100,,194308,,,1,27,,3571,,,1,70,,252301,,,1,30,,252298,,,1,75,,79311,,,1,33,,252313,,,1,70,,252312,,,1,27,,252294,,,1,68,,252315,,,1,30,,252317,,,1,70,,252316,,,1,30,,121660,,,1,70,,252305,,,1,32,,252311,,,1,70,,252309,,,1,30,,227471,,,1,70,,252297,,,1,30,,252300,,,1,73,,76654,,,1,32,,252319,,,1,72,,252296,,,1,103,,252303,,,1,72,,252299,,,1,30,,252310,,,1,25,,252314,,,1,66,,169177,,,1,29,,252306,,,1,64,,252308,,,1,29,,252318,,,1,68,,252302,,,1,30,,86037,,,1,67,,252295,,,1,31,,252292,,,1,100,,252293,,,1,77,,252304,,,1
1800,'11',838,,252328,,,1,100,,252323,,,1,71,,252335,,,1,31,,136394,,,1,70,,252325,,,1,30,,252320,,,1,70,,252338,,,1,31,,252339,,,1,70,,252340,,,1,30,,252336,,,1,70,,252329,,,1,30,,252330,,,1,70,,252322,,,1,30,,252337,,,1,70,,146224,,,1,30,,252342,,,1,70,,252343,,,1,30,,252324,,,1,70,,252334,,,1,30,,252327,,,1,70,,252326,,,1,29,,252321,,,1,70,,103384,,,1,28,,252341,,,1,70,,216114,,,1,30,,252331,,,1,70,,169701,,,1,105,,252332,,,1,93,,252333,,,1
1800,'12',516,,129599,,,1,100,,193218,,,1,27,,4057,,,1,70,,252353,,,1,30,,252350,,,1,75,,79920,,,1,33,,252365,,,1,70,,252364,,,1,27,,252346,,,1,68,,252367,,,1,30,,252369,,,1,70,,252368,,,1,30,,121692,,,1,70,,252357,,,1,32,,252363,,,1,70,,252361,,,1,30,,227053,,,1,70,,252349,,,1,30,,252352,,,1,73,,76999,,,1,32,,252371,,,1,72,,252348,,,1,103,,252355,,,1,72,,252351,,,1,30,,252362,,,1,25,,252366,,,1,66,,168513,,,1,29,,252358,,,1,64,,252360,,,1,29,,252370,,,1,68,,252354,,,1,30,,86466,,,1,67,,252347,,,1,31,,252344,,,1,100,,252345,,,1,77,,252356,,,1
1800,'13',838,,252380,,,1,100,,252375,,,1,71,,252387,,,1,31,,136361,,,1,70,,252377,,,1,30,,252372,,,1,70,,252390,,,1,31,,252391,,,1,70,,252392,,,1,30,,252388,,,1,70,,252381,,,1,30,,252382,,,1,70,,252374,,,1,30,,252389,,,1,70,,146199,,,1,30,,252394,,,1,70,,252395,,,1,30,,252376,,,1,70,,252386,,,1,30,,252379,,,1,70,,252378,,,1,29,,252373,,,1,70,,143783,,,1,28,,252393,,,1,70,,216065,,,1,30,,252383,,,1,70,,169662,,,1,105,,252384,,,1,93,,252385,,,1
1800,'14',516,,130076,,,1,100,,193839,,,1,27,,4396,,,1,70,,252405,,,1,30,,252402,,,1,75,,80327,,,1,33,,252417,,,1,70,,252416,,,1,27,,252398,,,1,68,,252419,,,1,30,,252421,,,1,70,,252420,,,1,30,,121699,,,1,70,,252409,,,1,32,,252415,,,1,70,,252413,,,1,30,,227290,,,1,70,,252401,,,1,30,,252404,,,1,73,,77177,,,1,32,,252423,,,1,72,,252400,,,1,103,,252407,,,1,72,,252403,,,1,30,,252414,,,1,25,,252418,,,1,66,,168885,,,1,29,,252410,,,1,64,,252412,,,1,29,,252422,,,1,68,,252406,,,1,30,,86739,,,1,67,,252399,,,1,31,,252396,,,1,100,,252397,,,1,77,,252408,,,1
1800,'15',516,,252430,,,1,100,,252446,,,1,27,,252427,,,1,70,,252431,,,1,29,,252433,,,1,76,,252437,,,1,33,,252440,,,1,70,,202389,,,1,27,,252444,,,1,68,,252428,,,1,30,,252436,,,1,70,,252424,,,1,30,,252443,,,1,70,,168288,,,1,32,,142848,,,1,70,,252449,,,1,30,,252447,,,1,70,,252450,,,1,30,,252438,,,1,73,,205446,,,1,34,,206703,,,1,70,,252429,,,1,32,,252435,,,1,71,,252432,,,1,72,,129343,,,1,30,,252448,,,1,25,,190522,,,1,66,,135121,,,1,29,,252445,,,1,64,,252441,,,1,29,,144128,,,1,68,,252425,,,1,30,,252442,,,1,67,,252426,,,1,31,,252439,,,1,100,,252434,,,1,77,,228656,,,1
1800,'16',729,,252453,,,1,28,,155204,,,1,70,,252457,,,1,31,,252462,,,1,70,,252461,,,1,30,,137783,,,1,70,,252452,,,1,73,,252469,,,1,30,,142759,,,1,70,,252456,,,1,30,,252470,,,1,71,,252472,,,1,30,,252466,,,1,70,,252468,,,1,30,,252451,,,1,70,,252475,,,1,30,,252477,,,1,70,,252465,,,1,30,,154055,,,1,70,,252464,,,1,30,,252471,,,1,70,,252463,,,1,30,,252476,,,1,70,,252454,,,1,30,,252467,,,1,68,,252458,,,1,30,,188896,,,1,27,,252460,,,1,70,,252459,,,1,30,,252474,,,1,70,,230974,,,1,30,,252473,,,1,148,,252455,,,1
1800,'17',516,,252489,,,1,100,,252494,,,1,27,,161365,,,1,70,,169724,,,1,28,,252498,,,1,77,,252492,,,1,33,,30060,,,1,70,,252499,,,1,27,,214595,,,1,68,,252496,,,1,30,,252491,,,1,70,,252482,,,1,30,,252484,,,1,70,,252497,,,1,32,,196409,,,1,70,,252495,,,1,30,,134647,,,1,70,,252493,,,1,30,,127419,,,1,73,,252487,,,1,32,,252483,,,1,72,,252478,,,1,32,,252490,,,1,71,,173851,,,1,72,,252500,,,1,30,,149089,,,1,25,,252481,,,1,66,,197274,,,1,29,,169756,,,1,64,,252486,,,1,29,,252501,,,1,68,,252485,,,1,30,,252488,,,1,67,,252480,,,1,31,,217175,,,1,100,,189416,,,1,77,,252479,,,1
1800,'18',516,,130340,,,1,100,,194176,,,1,27,,4545,,,1,70,,252511,,,1,30,,252508,,,1,75,,80505,,,1,33,,252523,,,1,70,,252522,,,1,27,,252504,,,1,68,,252525,,,1,30,,252527,,,1,70,,252526,,,1,30,,121713,,,1,70,,252515,,,1,32,,252521,,,1,70,,252519,,,1,30,,227421,,,1,70,,252507,,,1,30,,252510,,,1,73,,77293,,,1,32,,252529,,,1,72,,252506,,,1,103,,252513,,,1,72,,252509,,,1,30,,252520,,,1,25,,252524,,,1,66,,169073,,,1,29,,252516,,,1,64,,252518,,,1,29,,252528,,,1,68,,252512,,,1,30,,86869,,,1,67,,252505,,,1,31,,252502,,,1,100,,252503,,,1,77,,252514,,,1
1800,'19',516,,252541,,,1,100,,252546,,,1,27,,161689,,,1,70,,169964,,,1,28,,252550,,,1,77,,252544,,,1,33,,30021,,,1,70,,252551,,,1,27,,214742,,,1,68,,252548,,,1,30,,252543,,,1,70,,252534,,,1,30,,252536,,,1,70,,252549,,,1,32,,196605,,,1,70,,252547,,,1,30,,134857,,,1,70,,252545,,,1,30,,127718,,,1,73,,252539,,,1,32,,252535,,,1,72,,252530,,,1,32,,252542,,,1,71,,173981,,,1,72,,252552,,,1,30,,149308,,,1,25,,252533,,,1,66,,197481,,,1,29,,169996,,,1,64,,252538,,,1,29,,252553,,,1,68,,252537,,,1,30,,252540,,,1,67,,252532,,,1,31,,217267,,,1,100,,189585,,,1,77,,252531,,,1
1800,'2',838,,252562,,,1,100,,252558,,,1,71,,252570,,,1,31,,252567,,,1,70,,252560,,,1,30,,252554,,,1,70,,252573,,,1,31,,252575,,,1,70,,252576,,,1,30,,252571,,,1,70,,189286,,,1,30,,252564,,,1,70,,252557,,,1,30,,252572,,,1,70,,252568,,,1,30,,252577,,,1,70,,252578,,,1,30,,252559,,,1,70,,252569,,,1,30,,197157,,,1,70,,252561,,,1,29,,252556,,,1,70,,252574,,,1,28,,224341,,,1,70,,252555,,,1,30,,252565,,,1,70,,252563,,,1,105,,252566,,,1,93,,92065,,,1
1800,'20',516,,252590,,,1,100,,252595,,,1,27,,87465,,,1,70,,169337,,,1,28,,252599,,,1,77,,252593,,,1,33,,163310,,,1,70,,252600,,,1,27,,214357,,,1,68,,252597,,,1,30,,252592,,,1,70,,252583,,,1,30,,252585,,,1,70,,252598,,,1,32,,196113,,,1,70,,252596,,,1,30,,134306,,,1,70,,252594,,,1,30,,126962,,,1,73,,252588,,,1,32,,252584,,,1,72,,252579,,,1,32,,252591,,,1,71,,173640,,,1,72,,252601,,,1,30,,148744,,,1,25,,252582,,,1,66,,196969,,,1,29,,169371,,,1,64,,252587,,,1,29,,252602,,,1,68,,252586,,,1,30,,252589,,,1,67,,252581,,,1,31,,34413,,,1,100,,189147,,,1,77,,252580,,,1
1800,'21',516,,129758,,,1,100,,193418,,,1,27,,4691,,,1,70,,252612,,,1,30,,252609,,,1,75,,80683,,,1,33,,252624,,,1,70,,252623,,,1,27,,252605,,,1,68,,252626,,,1,30,,252628,,,1,70,,252627,,,1,30,,121727,,,1,70,,252616,,,1,32,,252622,,,1,70,,252620,,,1,30,,227127,,,1,70,,252608,,,1,30,,252611,,,1,73,,77409,,,1,32,,252630,,,1,72,,252607,,,1,103,,252614,,,1,72,,252610,,,1,30,,252621,,,1,25,,252625,,,1,66,,168640,,,1,29,,252617,,,1,64,,252619,,,1,29,,252629,,,1,68,,252613,,,1,30,,86999,,,1,67,,252606,,,1,31,,252603,,,1,100,,252604,,,1,77,,252615,,,1
1800,'22',516,,129648,,,1,100,,193288,,,1,27,,205790,,,1,70,,252640,,,1,30,,252637,,,1,75,,170578,,,1,33,,252652,,,1,70,,252651,,,1,27,,252633,,,1,68,,252654,,,1,30,,252656,,,1,70,,252655,,,1,30,,200528,,,1,70,,252644,,,1,32,,252650,,,1,70,,252648,,,1,30,,227081,,,1,70,,252636,,,1,30,,252639,,,1,73,,221110,,,1,32,,252658,,,1,72,,252635,,,1,103,,252642,,,1,72,,252638,,,1,30,,252649,,,1,25,,252653,,,1,66,,168559,,,1,29,,252645,,,1,64,,252647,,,1,29,,252657,,,1,68,,252641,,,1,30,,205766,,,1,67,,252634,,,1,31,,252631,,,1,100,,252632,,,1,77,,252643,,,1
1800,'3',729,,252662,,,1,28,,252679,,,1,70,,252665,,,1,31,,252670,,,1,70,,252669,,,1,30,,252683,,,1,70,,252661,,,1,73,,252676,,,1,30,,252687,,,1,70,,252664,,,1,30,,252677,,,1,71,,210845,,,1,30,,252673,,,1,70,,252675,,,1,30,,252659,,,1,70,,252684,,,1,30,,252686,,,1,70,,252672,,,1,30,,252667,,,1,70,,252671,,,1,30,,252678,,,1,70,,109912,,,1,30,,252685,,,1,70,,195547,,,1,30,,252674,,,1,68,,252666,,,1,30,,252682,,,1,27,,252668,,,1,70,,166413,,,1,30,,252681,,,1,70,,252660,,,1,30,,252680,,,1,148,,252663,,,1
1800,'4',516,,252700,,,1,100,,252718,,,1,27,,252710,,,1,70,,252702,,,1,30,,252696,,,1,75,,252688,,,1,33,,252713,,,1,70,,252712,,,1,27,,252691,,,1,68,,252715,,,1,30,,195448,,,1,70,,252716,,,1,30,,252698,,,1,70,,186206,,,1,32,,252711,,,1,70,,252709,,,1,30,,252707,,,1,70,,252695,,,1,30,,252701,,,1,73,,252693,,,1,32,,252719,,,1,72,,252694,,,1,103,,252705,,,1,72,,252697,,,1,30,,130141,,,1,25,,252714,,,1,66,,252699,,,1,29,,145163,,,1,64,,131310,,,1,29,,252717,,,1,68,,252704,,,1,30,,252703,,,1,67,,252692,,,1,31,,252689,,,1,100,,252690,,,1,77,,252706,,,1
1800,'5',838,,252728,,,1,100,,252724,,,1,71,,252736,,,1,31,,252733,,,1,70,,252726,,,1,30,,252720,,,1,70,,252739,,,1,31,,252741,,,1,70,,252742,,,1,30,,252737,,,1,70,,189189,,,1,30,,252730,,,1,70,,252723,,,1,30,,252738,,,1,70,,252734,,,1,30,,252743,,,1,70,,252744,,,1,30,,252725,,,1,70,,252735,,,1,30,,197029,,,1,70,,252727,,,1,29,,252722,,,1,70,,252740,,,1,28,,224271,,,1,70,,252721,,,1,30,,252731,,,1,70,,252729,,,1,105,,252732,,,1,93,,223091,,,1
1800,'6',838,,252753,,,1,100,,252748,,,1,71,,252760,,,1,31,,136963,,,1,70,,252750,,,1,30,,252745,,,1,70,,252763,,,1,31,,252764,,,1,70,,252765,,,1,30,,252761,,,1,70,,252754,,,1,30,,252755,,,1,70,,252747,,,1,30,,252762,,,1,70,,146559,,,1,30,,252767,,,1,70,,252768,,,1,30,,252749,,,1,70,,252759,,,1,30,,252752,,,1,70,,252751,,,1,29,,252746,,,1,70,,103240,,,1,28,,252766,,,1,70,,216594,,,1,30,,252756,,,1,70,,170339,,,1,105,,252757,,,1,93,,252758,,,1
1800,'7',516,,252780,,,1,100,,252785,,,1,27,,162217,,,1,70,,170362,,,1,28,,252789,,,1,77,,252783,,,1,33,,164204,,,1,70,,252790,,,1,27,,214967,,,1,68,,252787,,,1,30,,252782,,,1,70,,252773,,,1,30,,252775,,,1,70,,252788,,,1,32,,196925,,,1,70,,252786,,,1,30,,135194,,,1,70,,252784,,,1,30,,128176,,,1,73,,252778,,,1,32,,252774,,,1,72,,252769,,,1,32,,252781,,,1,71,,23213,,,1,72,,252791,,,1,30,,149673,,,1,25,,252772,,,1,66,,197824,,,1,29,,170396,,,1,64,,252777,,,1,29,,252792,,,1,68,,252776,,,1,30,,252779,,,1,67,,252771,,,1,31,,217422,,,1,100,,189860,,,1,77,,252770,,,1
1800,'8',516,,252803,,,1,100,,252825,,,1,27,,252816,,,1,70,,252805,,,1,30,,252799,,,1,75,,252793,,,1,33,,252819,,,1,70,,252818,,,1,27,,252796,,,1,68,,252821,,,1,30,,252823,,,1,70,,252822,,,1,30,,252801,,,1,70,,252811,,,1,32,,252817,,,1,70,,67168,,,1,30,,252810,,,1,70,,123888,,,1,30,,252804,,,1,73,,252798,,,1,32,,252826,,,1,72,,144466,,,1,103,,252808,,,1,72,,252800,,,1,30,,252815,,,1,25,,252820,,,1,66,,252802,,,1,29,,252812,,,1,64,,252814,,,1,29,,252824,,,1,68,,252807,,,1,30,,252806,,,1,67,,252797,,,1,31,,252794,,,1,100,,252795,,,1,77,,252809,,,1
1800,'9',516,,252838,,,1,100,,252843,,,1,27,,161494,,,1,70,,169815,,,1,28,,252847,,,1,77,,252841,,,1,33,,29610,,,1,70,,252848,,,1,27,,214653,,,1,68,,252845,,,1,30,,252840,,,1,70,,252831,,,1,30,,252833,,,1,70,,252846,,,1,32,,196487,,,1,70,,252844,,,1,30,,134727,,,1,70,,252842,,,1,30,,127548,,,1,73,,252836,,,1,32,,252832,,,1,72,,252827,,,1,32,,252839,,,1,71,,173903,,,1,72,,252849,,,1,30,,149177,,,1,25,,252830,,,1,66,,197355,,,1,29,,169847,,,1,64,,252835,,,1,29,,252850,,,1,68,,252834,,,1,30,,252837,,,1,67,,252829,,,1,31,,217208,,,1,100,,189482,,,1,77,,252828,,,1
62400,'10',823,,160566,,,1
62400,'12',823,,159501,,,1
62400,'14',823,,160097,,,1
62400,'18',823,,160429,,,1
62400,'21',823,,159699,,,1
62400,'22',823,,159567,,,1
62400,'4',823,,341238,,,1
62400,'8',823,,341239,,,1
