5300,'1',553,,56567,,,1,75,,56586,,,1,15,,56581,,,1,68,,56587,,,1,17,,56576,,,1,15,,56549,,,1,70,,56575,,,1,15,,56560,,,1,15,,56566,,,1,57,,56578,,,1,13,,56572,,,1,12,,56548,,,1,30,,56556,,,1,70,,56583,,,1,33,,56593,,,1,70,,56559,,,1,30,,56564,,,1,70,,56568,,,1,30,,56577,,,1,70,,56561,,,1,30,,56562,,,1,70,,56557,,,1,30,,56573,,,1,73,,56594,,,1,13,,56595,,,1,61,,56588,,,1,15,,56580,,,1,15,,56574,,,1,17,,56553,,,1,53,,56563,,,1,15,,56592,,,1,15,,56555,,,1,15,,56565,,,1,55,,56550,,,1,15,,56584,,,1,15,,56569,,,1,19,,56558,,,1,54,,56589,,,1,30,,56571,,,1,70,,56547,,,1,30,,56552,,,1,64,,56570,,,1,30,,56582,,,1,70,,56551,,,1,30,,56591,,,1,100,,56579,,,1,100,,56590,,,1
5300,'10',553,,56599,,,1,75,,56614,,,1,15,,56630,,,1,15,,56639,,,1,55,,56627,,,1,13,,56636,,,1,15,,56612,,,1,17,,56596,,,1,55,,56619,,,1,16,,56628,,,1,14,,56615,,,1,15,,56621,,,1,55,,56631,,,1,12,,56626,,,1,30,,56633,,,1,70,,56606,,,1,33,,56610,,,1,70,,56638,,,1,30,,56604,,,1,70,,56602,,,1,30,,56613,,,1,70,,56605,,,1,30,,56616,,,1,70,,56611,,,1,30,,56644,,,1,73,,56601,,,1,15,,56608,,,1,59,,56622,,,1,15,,56637,,,1,15,,56624,,,1,14,,56617,,,1,56,,56598,,,1,14,,56607,,,1,16,,56625,,,1,16,,56609,,,1,54,,56641,,,1,15,,56643,,,1,15,,56603,,,1,19,,56632,,,1,54,,56600,,,1,30,,56620,,,1,70,,56623,,,1,30,,56642,,,1,64,,56597,,,1,30,,56629,,,1,70,,56635,,,1,30,,56640,,,1,100,,56634,,,1,100,,56618,,,1
5300,'11',553,,56665,,,1,75,,56684,,,1,15,,56679,,,1,68,,56685,,,1,17,,56674,,,1,15,,56647,,,1,70,,56673,,,1,15,,56658,,,1,15,,56664,,,1,57,,56676,,,1,13,,56670,,,1,12,,56646,,,1,30,,56654,,,1,70,,56681,,,1,33,,56691,,,1,70,,56657,,,1,30,,56662,,,1,70,,56666,,,1,30,,56675,,,1,70,,56659,,,1,30,,56660,,,1,70,,56655,,,1,30,,56671,,,1,73,,56692,,,1,13,,56693,,,1,61,,56686,,,1,15,,56678,,,1,15,,56672,,,1,17,,56651,,,1,53,,56661,,,1,15,,56690,,,1,15,,56653,,,1,15,,56663,,,1,55,,56648,,,1,15,,56682,,,1,15,,56667,,,1,19,,56656,,,1,54,,56687,,,1,30,,56669,,,1,70,,56645,,,1,30,,56650,,,1,64,,56668,,,1,30,,56680,,,1,70,,56649,,,1,30,,56689,,,1,100,,56677,,,1,100,,56688,,,1
5300,'12',553,,56706,,,1,75,,56696,,,1,15,,56725,,,1,15,,56732,,,1,55,,56697,,,1,15,,56710,,,1,12,,56738,,,1,18,,56737,,,1,53,,56699,,,1,20,,56741,,,1,12,,56724,,,1,57,,56712,,,1,13,,56715,,,1,12,,56714,,,1,30,,56731,,,1,70,,56736,,,1,33,,56703,,,1,70,,56734,,,1,30,,56728,,,1,70,,56740,,,1,30,,56709,,,1,70,,56733,,,1,30,,56739,,,1,70,,56726,,,1,30,,56719,,,1,73,,56705,,,1,15,,56700,,,1,54,,56698,,,1,20,,56742,,,1,13,,56713,,,1,15,,56729,,,1,55,,56718,,,1,17,,56708,,,1,15,,56722,,,1,15,,56723,,,1,55,,56702,,,1,15,,56735,,,1,15,,56711,,,1,19,,56701,,,1,54,,56707,,,1,30,,56704,,,1,70,,56716,,,1,30,,56695,,,1,64,,56727,,,1,30,,56694,,,1,70,,56720,,,1,30,,56730,,,1,100,,56721,,,1,100,,56717,,,1
5300,'13',652,,56745,,,1,100,,56743,,,1,100,,56760,,,1,70,,56753,,,1,30,,56756,,,1,68,,56758,,,1,32,,56768,,,1,70,,56770,,,1,30,,56751,,,1,70,,56763,,,1,31,,56746,,,1,70,,56764,,,1,30,,56766,,,1,70,,56749,,,1,30,,56748,,,1,70,,56752,,,1,30,,56774,,,1,70,,56761,,,1,29,,56767,,,1,70,,56773,,,1,30,,56757,,,1,70,,56772,,,1,30,,56762,,,1,70,,56771,,,1,29,,56754,,,1,70,,56747,,,1,30,,56744,,,1,70,,56765,,,1,29,,56759,,,1,70,,56750,,,1,39,,56755,,,1
5300,'14',652,,56777,,,1,100,,56775,,,1,100,,56792,,,1,70,,56785,,,1,30,,56788,,,1,68,,56790,,,1,32,,56800,,,1,70,,56802,,,1,30,,56783,,,1,70,,56795,,,1,31,,56778,,,1,70,,56796,,,1,30,,56798,,,1,70,,56781,,,1,30,,56780,,,1,70,,56784,,,1,30,,56806,,,1,70,,56793,,,1,29,,56799,,,1,70,,56805,,,1,30,,56789,,,1,70,,56804,,,1,30,,56794,,,1,70,,56803,,,1,29,,56786,,,1,70,,56779,,,1,30,,56776,,,1,70,,56797,,,1,29,,56791,,,1,70,,56782,,,1,39,,56787,,,1
5300,'15',553,,56810,,,1,75,,56825,,,1,15,,56841,,,1,15,,56850,,,1,55,,56838,,,1,13,,56847,,,1,15,,56823,,,1,17,,56807,,,1,55,,56830,,,1,16,,56839,,,1,14,,56826,,,1,15,,56832,,,1,55,,56842,,,1,12,,56837,,,1,30,,56844,,,1,70,,56817,,,1,33,,56821,,,1,70,,56849,,,1,30,,56815,,,1,70,,56813,,,1,30,,56824,,,1,70,,56816,,,1,30,,56827,,,1,70,,56822,,,1,30,,56855,,,1,73,,56812,,,1,15,,56819,,,1,59,,56833,,,1,15,,56848,,,1,15,,56835,,,1,14,,56828,,,1,56,,56809,,,1,14,,56818,,,1,16,,56836,,,1,16,,56820,,,1,54,,56852,,,1,15,,56854,,,1,15,,56814,,,1,19,,56843,,,1,54,,56811,,,1,30,,56831,,,1,70,,56834,,,1,30,,56853,,,1,64,,56808,,,1,30,,56840,,,1,70,,56846,,,1,30,,56851,,,1,100,,56845,,,1,100,,56829,,,1
5300,'16',553,,56876,,,1,75,,56895,,,1,15,,56890,,,1,68,,56896,,,1,17,,56885,,,1,15,,56858,,,1,70,,56884,,,1,15,,56869,,,1,15,,56875,,,1,57,,56887,,,1,13,,56881,,,1,12,,56857,,,1,30,,56865,,,1,70,,56892,,,1,33,,56902,,,1,70,,56868,,,1,30,,56873,,,1,70,,56877,,,1,30,,56886,,,1,70,,56870,,,1,30,,56871,,,1,70,,56866,,,1,30,,56882,,,1,73,,56903,,,1,13,,56904,,,1,61,,56897,,,1,15,,56889,,,1,15,,56883,,,1,17,,56862,,,1,53,,56872,,,1,15,,56901,,,1,15,,56864,,,1,15,,56874,,,1,55,,56859,,,1,15,,56893,,,1,15,,56878,,,1,19,,56867,,,1,54,,56898,,,1,30,,56880,,,1,70,,56856,,,1,30,,56861,,,1,64,,56879,,,1,30,,56891,,,1,70,,56860,,,1,30,,56900,,,1,100,,56888,,,1,100,,56899,,,1
5300,'17',652,,56907,,,1,100,,56905,,,1,100,,56922,,,1,70,,56915,,,1,30,,56918,,,1,68,,56920,,,1,32,,56930,,,1,70,,56932,,,1,30,,56913,,,1,70,,56925,,,1,31,,56908,,,1,70,,56926,,,1,30,,56928,,,1,70,,56911,,,1,30,,56910,,,1,70,,56914,,,1,30,,56936,,,1,70,,56923,,,1,29,,56929,,,1,70,,56935,,,1,30,,56919,,,1,70,,56934,,,1,30,,56924,,,1,70,,56933,,,1,29,,56916,,,1,70,,56909,,,1,30,,56906,,,1,70,,56927,,,1,29,,56921,,,1,70,,56912,,,1,39,,56917,,,1
5300,'18',606,,56939,,,1,40,,56960,,,1,70,,56969,,,1,30,,56968,,,1,70,,56958,,,1,30,,56951,,,1,70,,56952,,,1,30,,56971,,,1,70,,56950,,,1,32,,56942,,,1,70,,56959,,,1,30,,56949,,,1,70,,56956,,,1,31,,56965,,,1,70,,56955,,,1,30,,56948,,,1,70,,56946,,,1,30,,56966,,,1,70,,56961,,,1,30,,56938,,,1,70,,56962,,,1,29,,56943,,,1,70,,56964,,,1,30,,56947,,,1,70,,56953,,,1,30,,56945,,,1,70,,56937,,,1,29,,56944,,,1,70,,56963,,,1,30,,56967,,,1,76,,56954,,,1,29,,56957,,,1,70,,56941,,,1,30,,56970,,,1,100,,56940,,,1
5300,'19',606,,56974,,,1,40,,56995,,,1,70,,57004,,,1,30,,57003,,,1,70,,56993,,,1,30,,56986,,,1,70,,56987,,,1,30,,57006,,,1,70,,56985,,,1,32,,56977,,,1,70,,56994,,,1,30,,56984,,,1,70,,56991,,,1,31,,57000,,,1,70,,56990,,,1,30,,56983,,,1,70,,56981,,,1,30,,57001,,,1,70,,56996,,,1,30,,56973,,,1,70,,56997,,,1,29,,56978,,,1,70,,56999,,,1,30,,56982,,,1,70,,56988,,,1,30,,56980,,,1,70,,56972,,,1,29,,56979,,,1,70,,56998,,,1,30,,57002,,,1,76,,56989,,,1,29,,56992,,,1,70,,56976,,,1,30,,57005,,,1,100,,56975,,,1
5300,'2',652,,57009,,,1,100,,57007,,,1,100,,57024,,,1,70,,57017,,,1,30,,57020,,,1,68,,57022,,,1,32,,57032,,,1,70,,57034,,,1,30,,57015,,,1,70,,57027,,,1,31,,57010,,,1,70,,57028,,,1,30,,57030,,,1,70,,57013,,,1,30,,57012,,,1,70,,57016,,,1,30,,57038,,,1,70,,57025,,,1,29,,57031,,,1,70,,57037,,,1,30,,57021,,,1,70,,57036,,,1,30,,57026,,,1,70,,57035,,,1,29,,57018,,,1,70,,57011,,,1,30,,57008,,,1,70,,57029,,,1,29,,57023,,,1,70,,57014,,,1,39,,57019,,,1
5300,'20',553,,57059,,,1,75,,57078,,,1,15,,57073,,,1,68,,57079,,,1,17,,57068,,,1,15,,57041,,,1,70,,57067,,,1,15,,57052,,,1,15,,57058,,,1,57,,57070,,,1,13,,57064,,,1,12,,57040,,,1,30,,57048,,,1,70,,57075,,,1,33,,57085,,,1,70,,57051,,,1,30,,57056,,,1,70,,57060,,,1,30,,57069,,,1,70,,57053,,,1,30,,57054,,,1,70,,57049,,,1,30,,57065,,,1,73,,57086,,,1,13,,57087,,,1,61,,57080,,,1,15,,57072,,,1,15,,57066,,,1,17,,57045,,,1,53,,57055,,,1,15,,57084,,,1,15,,57047,,,1,15,,57057,,,1,55,,57042,,,1,15,,57076,,,1,15,,57061,,,1,19,,57050,,,1,54,,57081,,,1,30,,57063,,,1,70,,57039,,,1,30,,57044,,,1,64,,57062,,,1,30,,57074,,,1,70,,57043,,,1,30,,57083,,,1,100,,57071,,,1,100,,57082,,,1
5300,'3',553,,57108,,,1,75,,57127,,,1,15,,57122,,,1,68,,57128,,,1,17,,57117,,,1,15,,57090,,,1,70,,57116,,,1,15,,57101,,,1,15,,57107,,,1,57,,57119,,,1,13,,57113,,,1,12,,57089,,,1,30,,57097,,,1,70,,57124,,,1,33,,57134,,,1,70,,57100,,,1,30,,57105,,,1,70,,57109,,,1,30,,57118,,,1,70,,57102,,,1,30,,57103,,,1,70,,57098,,,1,30,,57114,,,1,73,,57135,,,1,13,,57136,,,1,61,,57129,,,1,15,,57121,,,1,15,,57115,,,1,17,,57094,,,1,53,,57104,,,1,15,,57133,,,1,15,,57096,,,1,15,,57106,,,1,55,,57091,,,1,15,,57125,,,1,15,,57110,,,1,19,,57099,,,1,54,,57130,,,1,30,,57112,,,1,70,,57088,,,1,30,,57093,,,1,64,,57111,,,1,30,,57123,,,1,70,,57092,,,1,30,,57132,,,1,100,,57120,,,1,100,,57131,,,1
5300,'4',553,,57157,,,1,75,,57176,,,1,15,,57171,,,1,68,,57177,,,1,17,,57166,,,1,15,,57139,,,1,70,,57165,,,1,15,,57150,,,1,15,,57156,,,1,57,,57168,,,1,13,,57162,,,1,12,,57138,,,1,30,,57146,,,1,70,,57173,,,1,33,,57183,,,1,70,,57149,,,1,30,,57154,,,1,70,,57158,,,1,30,,57167,,,1,70,,57151,,,1,30,,57152,,,1,70,,57147,,,1,30,,57163,,,1,73,,57184,,,1,13,,57185,,,1,61,,57178,,,1,15,,57170,,,1,15,,57164,,,1,17,,57143,,,1,53,,57153,,,1,15,,57182,,,1,15,,57145,,,1,15,,57155,,,1,55,,57140,,,1,15,,57174,,,1,15,,57159,,,1,19,,57148,,,1,54,,57179,,,1,30,,57161,,,1,70,,57137,,,1,30,,57142,,,1,64,,57160,,,1,30,,57172,,,1,70,,57141,,,1,30,,57181,,,1,100,,57169,,,1,100,,57180,,,1
5300,'5',553,,57206,,,1,75,,57225,,,1,15,,57220,,,1,68,,57226,,,1,17,,57215,,,1,15,,57188,,,1,70,,57214,,,1,15,,57199,,,1,15,,57205,,,1,57,,57217,,,1,13,,57211,,,1,12,,57187,,,1,30,,57195,,,1,70,,57222,,,1,33,,57232,,,1,70,,57198,,,1,30,,57203,,,1,70,,57207,,,1,30,,57216,,,1,70,,57200,,,1,30,,57201,,,1,70,,57196,,,1,30,,57212,,,1,73,,57233,,,1,13,,57234,,,1,61,,57227,,,1,15,,57219,,,1,15,,57213,,,1,17,,57192,,,1,53,,57202,,,1,15,,57231,,,1,15,,57194,,,1,15,,57204,,,1,55,,57189,,,1,15,,57223,,,1,15,,57208,,,1,19,,57197,,,1,54,,57228,,,1,30,,57210,,,1,70,,57186,,,1,30,,57191,,,1,64,,57209,,,1,30,,57221,,,1,70,,57190,,,1,30,,57230,,,1,100,,57218,,,1,100,,57229,,,1
5300,'6',553,,57255,,,1,75,,57274,,,1,15,,57269,,,1,68,,57275,,,1,17,,57264,,,1,15,,57237,,,1,70,,57263,,,1,15,,57248,,,1,15,,57254,,,1,57,,57266,,,1,13,,57260,,,1,12,,57236,,,1,30,,57244,,,1,70,,57271,,,1,33,,57281,,,1,70,,57247,,,1,30,,57252,,,1,70,,57256,,,1,30,,57265,,,1,70,,57249,,,1,30,,57250,,,1,70,,57245,,,1,30,,57261,,,1,73,,57282,,,1,13,,57283,,,1,61,,57276,,,1,15,,57268,,,1,15,,57262,,,1,17,,57241,,,1,53,,57251,,,1,15,,57280,,,1,15,,57243,,,1,15,,57253,,,1,55,,57238,,,1,15,,57272,,,1,15,,57257,,,1,19,,57246,,,1,54,,57277,,,1,30,,57259,,,1,70,,57235,,,1,30,,57240,,,1,64,,57258,,,1,30,,57270,,,1,70,,57239,,,1,30,,57279,,,1,100,,57267,,,1,100,,57278,,,1
5300,'7',553,,57287,,,1,75,,57302,,,1,15,,57318,,,1,15,,57327,,,1,55,,57315,,,1,13,,57324,,,1,15,,57300,,,1,17,,57284,,,1,55,,57307,,,1,16,,57316,,,1,14,,57303,,,1,15,,57309,,,1,55,,57319,,,1,12,,57314,,,1,30,,57321,,,1,70,,57294,,,1,33,,57298,,,1,70,,57326,,,1,30,,57292,,,1,70,,57290,,,1,30,,57301,,,1,70,,57293,,,1,30,,57304,,,1,70,,57299,,,1,30,,57332,,,1,73,,57289,,,1,15,,57296,,,1,59,,57310,,,1,15,,57325,,,1,15,,57312,,,1,14,,57305,,,1,56,,57286,,,1,14,,57295,,,1,16,,57313,,,1,16,,57297,,,1,54,,57329,,,1,15,,57331,,,1,15,,57291,,,1,19,,57320,,,1,54,,57288,,,1,30,,57308,,,1,70,,57311,,,1,30,,57330,,,1,64,,57285,,,1,30,,57317,,,1,70,,57323,,,1,30,,57328,,,1,100,,57322,,,1,100,,57306,,,1
5300,'8',553,,57336,,,1,75,,57351,,,1,15,,57367,,,1,15,,57376,,,1,55,,57364,,,1,13,,57373,,,1,15,,57349,,,1,17,,57333,,,1,55,,57356,,,1,16,,57365,,,1,14,,57352,,,1,15,,57358,,,1,55,,57368,,,1,12,,57363,,,1,30,,57370,,,1,70,,57343,,,1,33,,57347,,,1,70,,57375,,,1,30,,57341,,,1,70,,57339,,,1,30,,57350,,,1,70,,57342,,,1,30,,57353,,,1,70,,57348,,,1,30,,57381,,,1,73,,57338,,,1,15,,57345,,,1,59,,57359,,,1,15,,57374,,,1,15,,57361,,,1,14,,57354,,,1,56,,57335,,,1,14,,57344,,,1,16,,57362,,,1,16,,57346,,,1,54,,57378,,,1,15,,57380,,,1,15,,57340,,,1,19,,57369,,,1,54,,57337,,,1,30,,57357,,,1,70,,57360,,,1,30,,57379,,,1,64,,57334,,,1,30,,57366,,,1,70,,57372,,,1,30,,57377,,,1,100,,57371,,,1,100,,57355,,,1
5300,'9',553,,57385,,,1,75,,57400,,,1,15,,57416,,,1,15,,57425,,,1,55,,57413,,,1,13,,57422,,,1,15,,57398,,,1,17,,57382,,,1,55,,57405,,,1,16,,57414,,,1,14,,57401,,,1,15,,57407,,,1,55,,57417,,,1,12,,57412,,,1,30,,57419,,,1,70,,57392,,,1,33,,57396,,,1,70,,57424,,,1,30,,57390,,,1,70,,57388,,,1,30,,57399,,,1,70,,57391,,,1,30,,57402,,,1,70,,57397,,,1,30,,57430,,,1,73,,57387,,,1,15,,57394,,,1,59,,57408,,,1,15,,57423,,,1,15,,57410,,,1,14,,57403,,,1,56,,57384,,,1,14,,57393,,,1,16,,57411,,,1,16,,57395,,,1,54,,57427,,,1,15,,57429,,,1,15,,57389,,,1,19,,57418,,,1,54,,57386,,,1,30,,57406,,,1,70,,57409,,,1,30,,57428,,,1,64,,57383,,,1,30,,57415,,,1,70,,57421,,,1,30,,57426,,,1,100,,57420,,,1,100,,57404,,,1
8600,'1',522,,88476,,,1,90,,88491,,,1,17,,88508,,,1,14,,88512,,,1,15,,88500,,,1,57,,88496,,,1,15,,88477,,,1,16,,88486,,,1,60,,88471,,,1,16,,88494,,,1,17,,88515,,,1,14,,88517,,,1,56,,88472,,,1,14,,88474,,,1,15,,88478,,,1,15,,88481,,,1,68,,88492,,,1,30,,88484,,,1,70,,88480,,,1,30,,88482,,,1,70,,88509,,,1,30,,88505,,,1,70,,88497,,,1,100,,88483,,,1,30,,88511,,,1,58,,88502,,,1,15,,88487,,,1,31,,88506,,,1,55,,88498,,,1,16,,88470,,,1,14,,88503,,,1,17,,88488,,,1,53,,88510,,,1,17,,88473,,,1,12,,88507,,,1,17,,88516,,,1,53,,88499,,,1,15,,88495,,,1,27,,88490,,,1,67,,88475,,,1,30,,88513,,,1,70,,88504,,,1,27,,88501,,,1,70,,88479,,,1,30,,88485,,,1,70,,88493,,,1,30,,88489,,,1,100,,88514,,,1
8600,'10',522,,88561,,,1,90,,88522,,,1,17,,88563,,,1,14,,88566,,,1,15,,88519,,,1,57,,88532,,,1,15,,88534,,,1,18,,88521,,,1,58,,88520,,,1,16,,88541,,,1,17,,88546,,,1,14,,88523,,,1,55,,88540,,,1,15,,88545,,,1,15,,88537,,,1,15,,88533,,,1,68,,88565,,,1,30,,88548,,,1,70,,88542,,,1,30,,88536,,,1,70,,88518,,,1,30,,88553,,,1,70,,88527,,,1,30,,88538,,,1,70,,88535,,,1,30,,88531,,,1,58,,88552,,,1,15,,88556,,,1,31,,88528,,,1,55,,88529,,,1,14,,88526,,,1,16,,88544,,,1,16,,88559,,,1,58,,88549,,,1,13,,88525,,,1,15,,88557,,,1,14,,88564,,,1,53,,88554,,,1,15,,88543,,,1,27,,88524,,,1,67,,88555,,,1,30,,88547,,,1,70,,88562,,,1,27,,88530,,,1,70,,88560,,,1,30,,88551,,,1,70,,88558,,,1,30,,88539,,,1,100,,88550,,,1
8600,'11',522,,88573,,,1,90,,88588,,,1,17,,88605,,,1,14,,88609,,,1,15,,88597,,,1,57,,88593,,,1,15,,88574,,,1,16,,88583,,,1,60,,88568,,,1,16,,88591,,,1,17,,88612,,,1,14,,88614,,,1,56,,88569,,,1,14,,88571,,,1,15,,88575,,,1,15,,88578,,,1,68,,88589,,,1,30,,88581,,,1,70,,88577,,,1,30,,88579,,,1,70,,88606,,,1,30,,88602,,,1,70,,88594,,,1,100,,88580,,,1,30,,88608,,,1,58,,88599,,,1,15,,88584,,,1,31,,88603,,,1,55,,88595,,,1,16,,88567,,,1,14,,88600,,,1,17,,88585,,,1,53,,88607,,,1,17,,88570,,,1,12,,88604,,,1,17,,88613,,,1,53,,88596,,,1,15,,88592,,,1,27,,88587,,,1,67,,88572,,,1,30,,88610,,,1,70,,88601,,,1,27,,88598,,,1,70,,88576,,,1,30,,88582,,,1,70,,88590,,,1,30,,88586,,,1,100,,88611,,,1
8600,'12',522,,88622,,,1,90,,88650,,,1,17,,88621,,,1,14,,88630,,,1,15,,88641,,,1,57,,88645,,,1,15,,88663,,,1,18,,88644,,,1,58,,88662,,,1,16,,88656,,,1,17,,88655,,,1,15,,88638,,,1,55,,88658,,,1,14,,88653,,,1,15,,88648,,,1,15,,88627,,,1,68,,88654,,,1,30,,88624,,,1,70,,88661,,,1,30,,88632,,,1,70,,88617,,,1,30,,88623,,,1,70,,88643,,,1,30,,88639,,,1,70,,88649,,,1,30,,88659,,,1,58,,88660,,,1,15,,88618,,,1,31,,88615,,,1,53,,88619,,,1,16,,88647,,,1,15,,88634,,,1,16,,88616,,,1,55,,88657,,,1,15,,88628,,,1,14,,88635,,,1,17,,88626,,,1,53,,88620,,,1,15,,88652,,,1,27,,88640,,,1,67,,88651,,,1,30,,88642,,,1,70,,88636,,,1,27,,88631,,,1,70,,88646,,,1,30,,88625,,,1,70,,88629,,,1,30,,88637,,,1,100,,88633,,,1
8600,'13',640,,88666,,,1,100,,88670,,,1,70,,88677,,,1,32,,88682,,,0,70,,88694,,,1,30,,88687,,,1,70,,88683,,,1,30,,88675,,,1,70,,88679,,,1,30,,88674,,,1,70,,88678,,,1,30,,88689,,,1,70,,88681,,,1,30,,88673,,,1,70,,88688,,,1,30,,88684,,,1,70,,88664,,,1,30,,88665,,,1,70,,88672,,,1,30,,88686,,,1,70,,88680,,,1,30,,88693,,,1,70,,88667,,,1,30,,88668,,,1,70,,88691,,,1,30,,88676,,,1,70,,88669,,,1,30,,88685,,,1,70,,88671,,,1,98,,88692,,,1,100,,88690,,,1
8600,'14',640,,88697,,,1,100,,88701,,,1,70,,88708,,,1,32,,88713,,,0,70,,88725,,,1,30,,88718,,,1,70,,88714,,,1,30,,88706,,,1,70,,88710,,,1,30,,88705,,,1,70,,88709,,,1,30,,88720,,,1,70,,88712,,,1,30,,88704,,,1,70,,88719,,,1,30,,88715,,,1,70,,88695,,,1,30,,88696,,,1,70,,88703,,,1,30,,88717,,,1,70,,88711,,,1,30,,88724,,,1,70,,88698,,,1,30,,88699,,,1,70,,88722,,,1,30,,88707,,,1,70,,88700,,,1,30,,88716,,,1,70,,88702,,,1,98,,88723,,,1,100,,88721,,,1
8600,'15',522,,88769,,,1,90,,88730,,,1,17,,88771,,,1,14,,88774,,,1,15,,88727,,,1,57,,88740,,,1,15,,88742,,,1,18,,88729,,,1,58,,88728,,,1,16,,88749,,,1,17,,88754,,,1,14,,88731,,,1,55,,88748,,,1,15,,88753,,,1,15,,88745,,,1,15,,88741,,,1,68,,88773,,,1,30,,88756,,,1,70,,88750,,,1,30,,88744,,,1,70,,88726,,,1,30,,88761,,,1,70,,88735,,,1,30,,88746,,,1,70,,88743,,,1,30,,88739,,,1,58,,88760,,,1,15,,88764,,,1,31,,88736,,,1,55,,88737,,,1,14,,88734,,,1,16,,88752,,,1,16,,88767,,,1,58,,88757,,,1,13,,88733,,,1,15,,88765,,,1,14,,88772,,,1,53,,88762,,,1,15,,88751,,,1,27,,88732,,,1,67,,88763,,,1,30,,88755,,,1,70,,88770,,,1,27,,88738,,,1,70,,88768,,,1,30,,88759,,,1,70,,88766,,,1,30,,88747,,,1,100,,88758,,,1
8600,'16',522,,88781,,,1,90,,88796,,,1,17,,88813,,,1,14,,88817,,,1,15,,88805,,,1,57,,88801,,,1,15,,88782,,,1,16,,88791,,,1,60,,88776,,,1,16,,88799,,,1,17,,88820,,,1,14,,88822,,,1,56,,88777,,,1,14,,88779,,,1,15,,88783,,,1,15,,88786,,,1,68,,88797,,,1,30,,88789,,,1,70,,88785,,,1,30,,88787,,,1,70,,88814,,,1,30,,88810,,,1,70,,88802,,,1,100,,88788,,,1,30,,88816,,,1,58,,88807,,,1,15,,88792,,,1,31,,88811,,,1,55,,88803,,,1,16,,88775,,,1,14,,88808,,,1,17,,88793,,,1,53,,88815,,,1,17,,88778,,,1,12,,88812,,,1,17,,88821,,,1,53,,88804,,,1,15,,88800,,,1,27,,88795,,,1,67,,88780,,,1,30,,88818,,,1,70,,88809,,,1,27,,88806,,,1,70,,88784,,,1,30,,88790,,,1,70,,88798,,,1,30,,88794,,,1,100,,88819,,,1
8600,'17',640,,88825,,,1,100,,88829,,,1,70,,88836,,,1,32,,88841,,,0,70,,88853,,,1,30,,88846,,,1,70,,88842,,,1,30,,88834,,,1,70,,88838,,,1,30,,88833,,,1,70,,88837,,,1,30,,88848,,,1,70,,88840,,,1,30,,88832,,,1,70,,88847,,,1,30,,88843,,,1,70,,88823,,,1,30,,88824,,,1,70,,88831,,,1,30,,88845,,,1,70,,88839,,,1,30,,88852,,,1,70,,88826,,,1,30,,88827,,,1,70,,88850,,,1,30,,88835,,,1,70,,88828,,,1,30,,88844,,,1,70,,88830,,,1,98,,88851,,,1,100,,88849,,,1
8600,'18',640,,88869,,,1,100,,88859,,,1,102,,88878,,,1,70,,88864,,,1,30,,88857,,,1,70,,88881,,,1,30,,88884,,,1,70,,88870,,,1,30,,88863,,,1,70,,88885,,,1,30,,88880,,,1,70,,88867,,,1,30,,88883,,,1,70,,88874,,,1,30,,88876,,,1,70,,88855,,,1,30,,88860,,,1,70,,88858,,,1,30,,88865,,,1,70,,88877,,,1,30,,88862,,,1,70,,88856,,,1,30,,88882,,,1,70,,88866,,,1,30,,88879,,,1,70,,88861,,,1,30,,88872,,,1,70,,88868,,,1,28,,88854,,,1,100,,88873,,,1,100,,88871,,,1,100,,88875,,,1
8600,'19',640,,88901,,,1,100,,88891,,,1,102,,88910,,,1,70,,88896,,,1,30,,88889,,,1,70,,88913,,,1,30,,88916,,,1,70,,88902,,,1,30,,88895,,,1,70,,88917,,,1,30,,88912,,,1,70,,88899,,,1,30,,88915,,,1,70,,88906,,,1,30,,88908,,,1,70,,88887,,,1,30,,88892,,,1,70,,88890,,,1,30,,88897,,,1,70,,88909,,,1,30,,88894,,,1,70,,88888,,,1,30,,88914,,,1,70,,88898,,,1,30,,88911,,,1,70,,88893,,,1,30,,88904,,,1,70,,88900,,,1,28,,88886,,,1,100,,88905,,,1,100,,88903,,,1,100,,88907,,,1
8600,'2',640,,88920,,,1,100,,88924,,,1,70,,88931,,,1,32,,88936,,,0,70,,88948,,,1,30,,88941,,,1,70,,88937,,,1,30,,88929,,,1,70,,88933,,,1,30,,88928,,,1,70,,88932,,,1,30,,88943,,,1,70,,88935,,,1,30,,88927,,,1,70,,88942,,,1,30,,88938,,,1,70,,88918,,,1,30,,88919,,,1,70,,88926,,,1,30,,88940,,,1,70,,88934,,,1,30,,88947,,,1,70,,88921,,,1,30,,88922,,,1,70,,88945,,,1,30,,88930,,,1,70,,88923,,,1,30,,88939,,,1,70,,88925,,,1,98,,88946,,,1,100,,88944,,,1
8600,'20',522,,88955,,,1,90,,88970,,,1,17,,88987,,,1,14,,88991,,,1,15,,88979,,,1,57,,88975,,,1,15,,88956,,,1,16,,88965,,,1,60,,88950,,,1,16,,88973,,,1,17,,88994,,,1,14,,88996,,,1,56,,88951,,,1,14,,88953,,,1,15,,88957,,,1,15,,88960,,,1,68,,88971,,,1,30,,88963,,,1,70,,88959,,,1,30,,88961,,,1,70,,88988,,,1,30,,88984,,,1,70,,88976,,,1,100,,88962,,,1,30,,88990,,,1,58,,88981,,,1,15,,88966,,,1,31,,88985,,,1,55,,88977,,,1,16,,88949,,,1,14,,88982,,,1,17,,88967,,,1,53,,88989,,,1,17,,88952,,,1,12,,88986,,,1,17,,88995,,,1,53,,88978,,,1,15,,88974,,,1,27,,88969,,,1,67,,88954,,,1,30,,88992,,,1,70,,88983,,,1,27,,88980,,,1,70,,88958,,,1,30,,88964,,,1,70,,88972,,,1,30,,88968,,,1,100,,88993,,,1
8600,'3',522,,89003,,,1,90,,89018,,,1,17,,89035,,,1,14,,89039,,,1,15,,89027,,,1,57,,89023,,,1,15,,89004,,,1,16,,89013,,,1,60,,88998,,,1,16,,89021,,,1,17,,89042,,,1,14,,89044,,,1,56,,88999,,,1,14,,89001,,,1,15,,89005,,,1,15,,89008,,,1,68,,89019,,,1,30,,89011,,,1,70,,89007,,,1,30,,89009,,,1,70,,89036,,,1,30,,89032,,,1,70,,89024,,,1,100,,89010,,,1,30,,89038,,,1,58,,89029,,,1,15,,89014,,,1,31,,89033,,,1,55,,89025,,,1,16,,88997,,,1,14,,89030,,,1,17,,89015,,,1,53,,89037,,,1,17,,89000,,,1,12,,89034,,,1,17,,89043,,,1,53,,89026,,,1,15,,89022,,,1,27,,89017,,,1,67,,89002,,,1,30,,89040,,,1,70,,89031,,,1,27,,89028,,,1,70,,89006,,,1,30,,89012,,,1,70,,89020,,,1,30,,89016,,,1,100,,89041,,,1
8600,'4',522,,89051,,,1,90,,89066,,,1,17,,89083,,,1,14,,89087,,,1,15,,89075,,,1,57,,89071,,,1,15,,89052,,,1,16,,89061,,,1,60,,89046,,,1,16,,89069,,,1,17,,89090,,,1,14,,89092,,,1,56,,89047,,,1,14,,89049,,,1,15,,89053,,,1,15,,89056,,,1,68,,89067,,,1,30,,89059,,,1,70,,89055,,,1,30,,89057,,,1,70,,89084,,,1,30,,89080,,,1,70,,89072,,,1,100,,89058,,,1,30,,89086,,,1,58,,89077,,,1,15,,89062,,,1,31,,89081,,,1,55,,89073,,,1,16,,89045,,,1,14,,89078,,,1,17,,89063,,,1,53,,89085,,,1,17,,89048,,,1,12,,89082,,,1,17,,89091,,,1,53,,89074,,,1,15,,89070,,,1,27,,89065,,,1,67,,89050,,,1,30,,89088,,,1,70,,89079,,,1,27,,89076,,,1,70,,89054,,,1,30,,89060,,,1,70,,89068,,,1,30,,89064,,,1,100,,89089,,,1
8600,'5',522,,89099,,,1,90,,89114,,,1,17,,89131,,,1,14,,89135,,,1,15,,89123,,,1,57,,89119,,,1,15,,89100,,,1,16,,89109,,,1,60,,89094,,,1,16,,89117,,,1,17,,89138,,,1,14,,89140,,,1,56,,89095,,,1,14,,89097,,,1,15,,89101,,,1,15,,89104,,,1,68,,89115,,,1,30,,89107,,,1,70,,89103,,,1,30,,89105,,,1,70,,89132,,,1,30,,89128,,,1,70,,89120,,,1,100,,89106,,,1,30,,89134,,,1,58,,89125,,,1,15,,89110,,,1,31,,89129,,,1,55,,89121,,,1,16,,89093,,,1,14,,89126,,,1,17,,89111,,,1,53,,89133,,,1,17,,89096,,,1,12,,89130,,,1,17,,89139,,,1,53,,89122,,,1,15,,89118,,,1,27,,89113,,,1,67,,89098,,,1,30,,89136,,,1,70,,89127,,,1,27,,89124,,,1,70,,89102,,,1,30,,89108,,,1,70,,89116,,,1,30,,89112,,,1,100,,89137,,,1
8600,'6',522,,89147,,,1,90,,89162,,,1,17,,89179,,,1,14,,89183,,,1,15,,89171,,,1,57,,89167,,,1,15,,89148,,,1,16,,89157,,,1,60,,89142,,,1,16,,89165,,,1,17,,89186,,,1,14,,89188,,,1,56,,89143,,,1,14,,89145,,,1,15,,89149,,,1,15,,89152,,,1,68,,89163,,,1,30,,89155,,,1,70,,89151,,,1,30,,89153,,,1,70,,89180,,,1,30,,89176,,,1,70,,89168,,,1,100,,89154,,,1,30,,89182,,,1,58,,89173,,,1,15,,89158,,,1,31,,89177,,,1,55,,89169,,,1,16,,89141,,,1,14,,89174,,,1,17,,89159,,,1,53,,89181,,,1,17,,89144,,,1,12,,89178,,,1,17,,89187,,,1,53,,89170,,,1,15,,89166,,,1,27,,89161,,,1,67,,89146,,,1,30,,89184,,,1,70,,89175,,,1,27,,89172,,,1,70,,89150,,,1,30,,89156,,,1,70,,89164,,,1,30,,89160,,,1,100,,89185,,,1
8600,'7',522,,89232,,,1,90,,89193,,,1,17,,89234,,,1,14,,89237,,,1,15,,89190,,,1,57,,89203,,,1,15,,89205,,,1,18,,89192,,,1,58,,89191,,,1,16,,89212,,,1,17,,89217,,,1,14,,89194,,,1,55,,89211,,,1,15,,89216,,,1,15,,89208,,,1,15,,89204,,,1,68,,89236,,,1,30,,89219,,,1,70,,89213,,,1,30,,89207,,,1,70,,89189,,,1,30,,89224,,,1,70,,89198,,,1,30,,89209,,,1,70,,89206,,,1,30,,89202,,,1,58,,89223,,,1,15,,89227,,,1,31,,89199,,,1,55,,89200,,,1,14,,89197,,,1,16,,89215,,,1,16,,89230,,,1,58,,89220,,,1,13,,89196,,,1,15,,89228,,,1,14,,89235,,,1,53,,89225,,,1,15,,89214,,,1,27,,89195,,,1,67,,89226,,,1,30,,89218,,,1,70,,89233,,,1,27,,89201,,,1,70,,89231,,,1,30,,89222,,,1,70,,89229,,,1,30,,89210,,,1,100,,89221,,,1
8600,'8',522,,89281,,,1,90,,89242,,,1,17,,89283,,,1,14,,89286,,,1,15,,89239,,,1,57,,89252,,,1,15,,89254,,,1,18,,89241,,,1,58,,89240,,,1,16,,89261,,,1,17,,89266,,,1,14,,89243,,,1,55,,89260,,,1,15,,89265,,,1,15,,89257,,,1,15,,89253,,,1,68,,89285,,,1,30,,89268,,,1,70,,89262,,,1,30,,89256,,,1,70,,89238,,,1,30,,89273,,,1,70,,89247,,,1,30,,89258,,,1,70,,89255,,,1,30,,89251,,,1,58,,89272,,,1,15,,89276,,,1,31,,89248,,,1,55,,89249,,,1,14,,89246,,,1,16,,89264,,,1,16,,89279,,,1,58,,89269,,,1,13,,89245,,,1,15,,89277,,,1,14,,89284,,,1,53,,89274,,,1,15,,89263,,,1,27,,89244,,,1,67,,89275,,,1,30,,89267,,,1,70,,89282,,,1,27,,89250,,,1,70,,89280,,,1,30,,89271,,,1,70,,89278,,,1,30,,89259,,,1,100,,89270,,,1
8600,'9',522,,89330,,,1,90,,89291,,,1,17,,89332,,,1,14,,89335,,,1,15,,89288,,,1,57,,89301,,,1,15,,89303,,,1,18,,89290,,,1,58,,89289,,,1,16,,89310,,,1,17,,89315,,,1,14,,89292,,,1,55,,89309,,,1,15,,89314,,,1,15,,89306,,,1,15,,89302,,,1,68,,89334,,,1,30,,89317,,,1,70,,89311,,,1,30,,89305,,,1,70,,89287,,,1,30,,89322,,,1,70,,89296,,,1,30,,89307,,,1,70,,89304,,,1,30,,89300,,,1,58,,89321,,,1,15,,89325,,,1,31,,89297,,,1,55,,89298,,,1,14,,89295,,,1,16,,89313,,,1,16,,89328,,,1,58,,89318,,,1,13,,89294,,,1,15,,89326,,,1,14,,89333,,,1,53,,89323,,,1,15,,89312,,,1,27,,89293,,,1,67,,89324,,,1,30,,89316,,,1,70,,89331,,,1,27,,89299,,,1,70,,89329,,,1,30,,89320,,,1,70,,89327,,,1,30,,89308,,,1,100,,89319,,,1
