67101,'11',1534,,672084,,,1,2,,672083,,,1,1,,672086,,,1,8,,672085,,,1
67101,'12',1534,,672087,,,1,2,,487165,,,1,1,,672089,,,1,8,,672088,,,1
67101,'13',1534,,672090,,,1,2,,486614,,,1,1,,672092,,,1,8,,672091,,,1
67101,'14',1534,,672093,,,1,2,,487016,,,1,1,,672095,,,1,8,,672094,,,1
67101,'15',1534,,672096,,,1,2,,486918,,,1,1,,672098,,,1,8,,672097,,,1
67101,'17',1534,,672099,,,1,2,,486869,,,1,1,,672101,,,1,8,,672100,,,1
67101,'18',1534,,672102,,,1,2,,487342,,,1,1,,672104,,,1,8,,672103,,,1
67101,'19',1534,,484393,,,1,2,,672106,,,1,1,,531499,,,1,8,,672107,,,1
67101,'20',1534,,672108,,,1,2,,487222,,,1,1,,672110,,,1,8,,672109,,,1
67101,'22',1534,,672113,,,1,2,,672112,,,1,1,,672115,,,1,8,,672114,,,1
67101,'8',1534,,672116,,,1,2,,486967,,,1,1,,672118,,,1,8,,672117,,,1
67201,'11',1529,,672130,,,1
67201,'12',1529,,672131,,,1
67201,'13',1529,,672132,,,1
67201,'14',1529,,672133,,,1
67201,'15',1529,,672134,,,1
67201,'17',1529,,672135,,,1
67201,'18',1529,,672136,,,1
67201,'19',1529,,488599,,,1
67201,'20',1529,,672137,,,1
67201,'22',1529,,672138,,,1
67201,'8',1529,,672139,,,1
