8200,'1',706,,267682,41,,,1,105,,169184,41,,,1,30,,179137,41,,,1,70,,267675,41,,,1,33,,267667,43,,,1,73,,267668,43,,,1,30,,267674,43,,,1,70,,267669,43,,,1,30,,267678,43,,,1,70,,267676,43,,,1,30,,267670,43,,,1,70,,267677,43,,,1,30,,179151,43,,,1,70,,267672,43,,,1,30,,81538,43,,,1,70,,267684,43,,,1,30,,267665,43,,,1,70,,267679,43,,,1,30,,267683,43,,,1,70,,267686,43,,,1,30,,267671,43,,,1,70,,267663,43,,,1,30,,267685,43,,,1,70,,191274,43,,,1,30,,267680,43,,,1,70,,155322,43,,,1,30,,267681,43,,,1,70,,179144,43,,,1,27,,267673,43,,,1,67,,267664,41,,,1,30,,267666,41,,,1,110,,179143,41,,,1
8200,'10',706,,267713,41,,,1,105,,267692,41,,,1,30,,267696,41,,,1,70,,201401,41,,,1,33,,267695,43,,,1,73,,267697,43,,,1,30,,267705,43,,,1,70,,267698,43,,,1,30,,267708,43,,,1,70,,267706,43,,,1,30,,267699,43,,,1,70,,267707,43,,,1,30,,267712,43,,,1,70,,267701,43,,,1,30,,267687,43,,,1,70,,267715,43,,,1,30,,267693,43,,,1,70,,267709,43,,,1,30,,267714,43,,,1,70,,267717,43,,,1,30,,267700,43,,,1,70,,267689,43,,,1,30,,267716,43,,,1,70,,267691,43,,,1,30,,267710,43,,,1,70,,267688,43,,,1,30,,267711,43,,,1,70,,267703,43,,,1,27,,267704,43,,,1,67,,267690,41,,,1,30,,267694,41,,,1,110,,267702,41,,,1
8200,'11',739,,267730,41,,,1,97,,25817,41,,,1,100,,267729,41,,,1,106,,188617,43,,,1,70,,267725,43,,,1,30,,36199,43,,,1,70,,267719,43,,,1,30,,267731,43,,,1,70,,267723,43,,,1,30,,267726,43,,,1,70,,150336,43,,,1,30,,267722,43,,,1,70,,267735,43,,,1,30,,267728,43,,,1,70,,267721,43,,,1,30,,267727,43,,,1,70,,267733,43,,,1,30,,267718,43,,,1,70,,267732,43,,,1,27,,267724,41,,,1,70,,267720,41,,,1,30,,159652,41,,,1,100,,267734,41,,,1,97,,267737,41,,,1,118,,267736,41,,,1
8200,'12',535,,267751,41,,,1,98,,267758,41,,,1,106,,267763,41,,,1,96,,267753,41,,,1,71,,131518,43,,,1,27,,126975,43,,,1,70,,186489,43,,,1,30,,205452,43,,,1,70,,267749,43,,,1,30,,267738,43,,,1,70,,267742,43,,,1,30,,196212,43,,,1,70,,267760,43,,,1,30,,267757,43,,,1,70,,206149,43,,,1,30,,267752,43,,,1,2,,267754,28,,,1,68,,267748,43,,,1,30,,267756,46,,,1,73,,267746,46,,,1,34,,267764,46,,,1,69,,267755,46,,,1,29,,267762,46,,,1,68,,202488,46,,,1,29,,267750,46,,,1,70,,267745,43,,,1,32,,267740,43,,,1,70,,205992,43,,,1,27,,267743,43,,,1,72,,267744,43,,,1,30,,267741,43,,,1,68,,267747,41,,,1,30,,267739,41,,,1,99,,267759,41,,,1
8200,'13',706,,267788,41,,,1,105,,267769,41,,,1,30,,267773,41,,,1,70,,267782,41,,,1,33,,267772,43,,,1,73,,139264,43,,,1,30,,267781,43,,,1,70,,267774,43,,,1,30,,267784,43,,,1,70,,115661,43,,,1,30,,267775,43,,,1,70,,267783,43,,,1,30,,267787,43,,,1,70,,267777,43,,,1,30,,267765,43,,,1,70,,267790,43,,,1,30,,267770,43,,,1,70,,267785,43,,,1,30,,267789,43,,,1,70,,267791,43,,,1,30,,267776,43,,,1,70,,176910,43,,,1,30,,197882,43,,,1,70,,267768,43,,,1,30,,267786,43,,,1,70,,267766,43,,,1,30,,166935,43,,,1,70,,267779,43,,,1,27,,267780,43,,,1,67,,267767,41,,,1,30,,267771,41,,,1,110,,267778,41,,,1
8200,'14',535,,267792,41,,,1,98,,94247,41,,,1,73,,267813,41,,,1,31,,180080,41,,,1,72,,267799,41,,,1,30,,267793,41,,,1,67,,267797,43,,,1,27,,267811,43,,,1,70,,267814,43,,,1,30,,267808,43,,,1,70,,267801,43,,,1,30,,267803,43,,,1,70,,135179,43,,,1,30,,140506,43,,,1,70,,267815,43,,,1,30,,267804,43,,,1,70,,267802,43,,,1,30,,267807,43,,,1,72,,267798,43,,,1,28,,267800,46,,,1,72,,134369,46,,,1,33,,267810,46,,,1,69,,267805,46,,,1,29,,152239,46,,,1,71,,178034,46,,,1,30,,138532,46,,,1,68,,267809,43,,,1,32,,180040,43,,,1,70,,267794,43,,,1,27,,267806,43,,,1,72,,267812,43,,,1,30,,162305,43,,,1,68,,189071,41,,,1,30,,267796,41,,,1,99,,267795,41,,,1
8200,'15',535,,267829,41,,,1,98,,267836,41,,,1,106,,267841,41,,,1,96,,267831,41,,,1,71,,131764,43,,,1,27,,127095,43,,,1,70,,186660,43,,,1,30,,205462,43,,,1,70,,267827,43,,,1,30,,267816,43,,,1,70,,267820,43,,,1,30,,196274,43,,,1,70,,267838,43,,,1,30,,267835,43,,,1,70,,206157,43,,,1,30,,267830,43,,,1,2,,267832,28,,,1,68,,267826,43,,,1,30,,267834,46,,,1,73,,267824,46,,,1,34,,267842,46,,,1,69,,267833,46,,,1,29,,267840,46,,,1,68,,202599,46,,,1,29,,267828,46,,,1,70,,267823,43,,,1,32,,267818,43,,,1,70,,205996,43,,,1,27,,267821,43,,,1,72,,267822,43,,,1,30,,267819,43,,,1,68,,267825,41,,,1,30,,267817,41,,,1,99,,267837,41,,,1
8200,'16',739,,267857,41,,,1,97,,267854,41,,,1,100,,267856,41,,,1,106,,267843,43,,,1,70,,157390,43,,,1,30,,267851,43,,,1,70,,267846,43,,,1,30,,267858,43,,,1,70,,267850,43,,,1,30,,267852,43,,,1,70,,267844,43,,,1,30,,267849,43,,,1,70,,267862,43,,,1,30,,267855,43,,,1,70,,267848,43,,,1,30,,267853,43,,,1,70,,267860,43,,,1,30,,267845,43,,,1,70,,267859,43,,,1,27,,176535,41,,,1,70,,267847,41,,,1,30,,267863,41,,,1,100,,267861,41,,,1,97,,267865,41,,,1,118,,267864,41,,,1
8200,'17',535,,267866,41,,,1,98,,172465,41,,,1,73,,267887,41,,,1,31,,179986,41,,,1,72,,267873,41,,,1,30,,267867,41,,,1,67,,267871,43,,,1,27,,267885,43,,,1,70,,267888,43,,,1,30,,267882,43,,,1,70,,267875,43,,,1,30,,267877,43,,,1,70,,17425,43,,,1,30,,140436,43,,,1,70,,267889,43,,,1,30,,267878,43,,,1,70,,267876,43,,,1,30,,267881,43,,,1,72,,267872,43,,,1,28,,267874,46,,,1,72,,134297,46,,,1,33,,267884,46,,,1,69,,267879,46,,,1,29,,152156,46,,,1,71,,177992,46,,,1,30,,91827,46,,,1,68,,267883,43,,,1,32,,179949,43,,,1,70,,267868,43,,,1,27,,267880,43,,,1,72,,267886,43,,,1,30,,120542,43,,,1,68,,188987,41,,,1,30,,267870,41,,,1,99,,267869,41,,,1
8200,'18',535,,267890,41,,,1,98,,172547,41,,,1,73,,267911,41,,,1,31,,180197,41,,,1,72,,267897,41,,,1,30,,267891,41,,,1,67,,267895,43,,,1,27,,267909,43,,,1,70,,267912,43,,,1,30,,267906,43,,,1,70,,267899,43,,,1,30,,267901,43,,,1,70,,135219,43,,,1,30,,140599,43,,,1,70,,267913,43,,,1,30,,267902,43,,,1,70,,267900,43,,,1,30,,267905,43,,,1,72,,267896,43,,,1,28,,267898,46,,,1,72,,110231,46,,,1,33,,267908,46,,,1,69,,267903,46,,,1,29,,152353,46,,,1,71,,178088,46,,,1,30,,138605,46,,,1,68,,267907,43,,,1,32,,180154,43,,,1,70,,267892,43,,,1,27,,267904,43,,,1,72,,267910,43,,,1,30,,162392,43,,,1,68,,42924,41,,,1,30,,267894,41,,,1,99,,267893,41,,,1
8200,'2',535,,267916,41,,,1,98,,267924,41,,,1,73,,267942,41,,,1,31,,267933,41,,,1,72,,267926,41,,,1,30,,199252,41,,,1,67,,267921,43,,,1,27,,267939,43,,,1,70,,267943,43,,,1,30,,77986,43,,,1,70,,267928,43,,,1,30,,267930,43,,,1,70,,267925,43,,,1,30,,267945,43,,,1,70,,267944,43,,,1,30,,267932,43,,,1,70,,267929,43,,,1,30,,267936,43,,,1,72,,267923,43,,,1,28,,267927,46,,,1,72,,267919,46,,,1,33,,267938,46,,,1,69,,267934,46,,,1,29,,267922,46,,,1,71,,267931,46,,,1,30,,267940,46,,,1,68,,267937,43,,,1,32,,267914,43,,,1,70,,267917,43,,,1,27,,267935,43,,,1,72,,267941,43,,,1,30,,267920,43,,,1,68,,267915,41,,,1,30,,267918,41,,,1,99,,201132,41,,,1
8200,'3',535,,267956,41,,,1,98,,267964,41,,,1,106,,267971,41,,,1,96,,267958,41,,,1,71,,267959,43,,,1,27,,267973,43,,,1,70,,267963,43,,,1,30,,267967,43,,,1,70,,267955,43,,,1,30,,267946,43,,,1,70,,267949,43,,,1,30,,267968,43,,,1,70,,267966,43,,,1,30,,55328,43,,,1,70,,267965,43,,,1,30,,267957,43,,,1,2,,267960,28,,,1,68,,267954,43,,,1,30,,121235,46,,,1,73,,267952,46,,,1,34,,267972,46,,,1,69,,267961,46,,,1,29,,267970,46,,,1,68,,267948,46,,,1,29,,186336,46,,,1,70,,267951,43,,,1,32,,267947,43,,,1,70,,267962,43,,,1,27,,194337,43,,,1,72,,267950,43,,,1,30,,194333,43,,,1,68,,267953,41,,,1,30,,154204,41,,,1,99,,92673,41,,,1
8200,'4',535,,267988,41,,,1,98,,267995,41,,,1,106,,268000,41,,,1,96,,267990,41,,,1,71,,131874,43,,,1,27,,127152,43,,,1,70,,186730,43,,,1,30,,205466,43,,,1,70,,267986,43,,,1,30,,267975,43,,,1,70,,267979,43,,,1,30,,196311,43,,,1,70,,267997,43,,,1,30,,267994,43,,,1,70,,206161,43,,,1,30,,267989,43,,,1,2,,267991,28,,,1,68,,267985,43,,,1,30,,267993,46,,,1,73,,267983,46,,,1,34,,268001,46,,,1,69,,267992,46,,,1,29,,267999,46,,,1,68,,202639,46,,,1,29,,267987,46,,,1,70,,267982,43,,,1,32,,267977,43,,,1,70,,205998,43,,,1,27,,267980,43,,,1,72,,267981,43,,,1,30,,267978,43,,,1,68,,267984,41,,,1,30,,267976,41,,,1,99,,267996,41,,,1
8200,'5',535,,268015,41,,,1,98,,268022,41,,,1,106,,268027,41,,,1,96,,268017,41,,,1,71,,131010,43,,,1,27,,126725,43,,,1,70,,186102,43,,,1,30,,205444,43,,,1,70,,268013,43,,,1,30,,268002,43,,,1,70,,268006,43,,,1,30,,196067,43,,,1,70,,268024,43,,,1,30,,268021,43,,,1,70,,206141,43,,,1,30,,268016,43,,,1,2,,268018,28,,,1,68,,268012,43,,,1,30,,268020,46,,,1,73,,268010,46,,,1,34,,268028,46,,,1,69,,268019,46,,,1,29,,268026,46,,,1,68,,202243,46,,,1,29,,268014,46,,,1,70,,268009,43,,,1,32,,268004,43,,,1,70,,205988,43,,,1,27,,268007,43,,,1,72,,268008,43,,,1,30,,268005,43,,,1,68,,268011,41,,,1,30,,268003,41,,,1,99,,268023,41,,,1
8200,'6',739,,268041,41,,,1,97,,268038,41,,,1,100,,268040,41,,,1,106,,268029,43,,,1,70,,268035,43,,,1,30,,268036,43,,,1,70,,268032,43,,,1,30,,268042,43,,,1,70,,10412,43,,,1,30,,81981,43,,,1,70,,268030,43,,,1,30,,175221,43,,,1,70,,268046,43,,,1,30,,268039,43,,,1,70,,268033,43,,,1,30,,268037,43,,,1,70,,268044,43,,,1,30,,268031,43,,,1,70,,268043,43,,,1,27,,268034,41,,,1,70,,179185,41,,,1,30,,268047,41,,,1,100,,268045,41,,,1,97,,268049,41,,,1,118,,268048,41,,,1
8200,'7',535,,268052,41,,,1,98,,268061,41,,,1,73,,268073,41,,,1,31,,268069,41,,,1,72,,199036,41,,,1,30,,268053,41,,,1,67,,268058,43,,,1,27,,199434,43,,,1,70,,268074,43,,,1,30,,268071,43,,,1,70,,268064,43,,,1,30,,268066,43,,,1,70,,268062,43,,,1,30,,268076,43,,,1,70,,268075,43,,,1,30,,268068,43,,,1,70,,268065,43,,,1,30,,90809,43,,,1,72,,268060,43,,,1,28,,268063,46,,,1,72,,268056,46,,,1,33,,143794,46,,,1,69,,132103,46,,,1,29,,268059,46,,,1,71,,268067,46,,,1,30,,268072,46,,,1,68,,163350,43,,,1,32,,268050,43,,,1,70,,57394,43,,,1,27,,268070,43,,,1,72,,120521,43,,,1,30,,268057,43,,,1,68,,268051,41,,,1,30,,268055,41,,,1,99,,268054,41,,,1
8200,'8',535,,268084,41,,,1,98,,268094,41,,,1,73,,268103,41,,,1,29,,268081,41,,,1,75,,268110,41,,,1,26,,268093,41,,,1,71,,268086,43,,,1,26,,268098,43,,,1,70,,268109,43,,,1,30,,268083,43,,,1,70,,268104,43,,,1,30,,268095,43,,,1,70,,268077,43,,,1,30,,268087,43,,,1,70,,268082,43,,,1,30,,268101,43,,,1,70,,268107,43,,,1,30,,268099,43,,,1,70,,268108,43,,,1,30,,268097,46,,,1,73,,268096,46,,,1,32,,268079,46,,,1,69,,268085,46,,,1,33,,268102,46,,,1,68,,268091,46,,,1,27,,268090,46,,,1,70,,268105,43,,,1,32,,268080,43,,,1,70,,268100,43,,,1,27,,268111,43,,,1,72,,268089,43,,,1,30,,268078,43,,,1,68,,268092,41,,,1,30,,268106,41,,,1,99,,268088,41,,,1
8200,'9',535,,268125,41,,,1,98,,268132,41,,,1,106,,268137,41,,,1,96,,268127,41,,,1,71,,131464,43,,,1,27,,126947,43,,,1,70,,186446,43,,,1,30,,205448,43,,,1,70,,268123,43,,,1,30,,268112,43,,,1,70,,268116,43,,,1,30,,196196,43,,,1,70,,268134,43,,,1,30,,268131,43,,,1,70,,206145,43,,,1,30,,268126,43,,,1,2,,268128,28,,,1,68,,268122,43,,,1,30,,268130,46,,,1,73,,268120,46,,,1,34,,268138,46,,,1,69,,268129,46,,,1,29,,268136,46,,,1,68,,202458,46,,,1,29,,268124,46,,,1,70,,268119,43,,,1,32,,268114,43,,,1,70,,205990,43,,,1,27,,268117,43,,,1,72,,268118,43,,,1,30,,268115,43,,,1,68,,268121,41,,,1,30,,268113,41,,,1,99,,268133,41,,,1
