23701,'1',1550,,203516,13,,,1,95,,203514,13,,,1,95,,203517,13,,,1,100,,203515,13,,,1
23701,'10',1552,,116732,13,,,1,93,,203518,13,,,1,95,,111680,13,,,1,100,,203519,13,,,1
23701,'12',1550,,203522,13,,,1,95,,203521,13,,,1,95,,203520,13,,,1,100,,203523,13,,,1
23701,'14',1550,,203526,13,,,1,95,,203525,13,,,1,95,,203524,13,,,1,100,,116488,13,,,1
23701,'15',1550,,203529,13,,,1,95,,203528,13,,,1,95,,203527,13,,,1,100,,116508,13,,,1
23701,'16',1550,,203532,13,,,1,95,,203531,13,,,1,95,,203530,13,,,1,100,,203533,13,,,1
23701,'17',1550,,203536,13,,,1,95,,203534,13,,,1,95,,203537,13,,,1,100,,203535,13,,,1
23701,'2',1550,,203540,13,,,1,95,,203538,13,,,1,95,,203541,13,,,1,100,,203539,13,,,1
23701,'3',1550,,203544,13,,,1,95,,203543,13,,,1,95,,203542,13,,,1,100,,116500,13,,,1
23701,'5',1550,,203546,13,,,1,95,,203545,13,,,1,95,,203547,13,,,1,100,,101603,13,,,1
23701,'6',1550,,203550,13,,,1,95,,203548,13,,,1,95,,203551,13,,,1,100,,203549,13,,,1
23701,'8',1550,,203554,13,,,1,95,,203552,13,,,1,95,,203555,13,,,1,100,,203553,13,,,1
