16100,'1',702,,287084,4,,,1,100,,287075,4,,,1,100,,149651,4,,,1,100,,287081,4,,,1,100,,287078,4,,,1,100,,157826,4,,,1,100,,287082,4,,,1,100,,287076,4,,,1,100,,62652,4,,,1,100,,287080,4,,,1,100,,287079,4,,,1,100,,287083,4,,,1,100,,287077,4,,,1,100,,197561,4,,,1,100,,44703,4,,,1,100,,287074,4,,,1
16100,'10',702,,287099,4,,,1,100,,287087,4,,,1,100,,287096,4,,,1,100,,287095,4,,,1,100,,287092,4,,,1,100,,287094,4,,,1,100,,287097,4,,,1,100,,287088,4,,,1,100,,287089,4,,,1,100,,287093,4,,,1,100,,51333,4,,,1,100,,287098,4,,,1,100,,287091,4,,,1,100,,287090,4,,,1,100,,287086,4,,,1,100,,287085,4,,,1
16100,'11',707,,287100,4,,,1,100,,287102,4,,,1,100,,201166,4,,,1,100,,287101,4,,,1,100,,287104,4,,,1,100,,287108,4,,,1,100,,287110,4,,,1,100,,287106,4,,,1,100,,54601,4,,,1,100,,287105,4,,,1,100,,287107,4,,,1,100,,287112,4,,,1,100,,287109,4,,,1,100,,107649,4,,,1,100,,287113,4,,,1,100,,287111,4,,,1,100,,287103,4,,,1
16100,'12',532,,287136,4,,,1,70,,287114,4,,,1,15,,287126,4,,,1,30,,287123,4,,,1,72,,287134,4,,,1,28,,173127,4,,,1,70,,287128,4,,,1,30,,287121,4,,,1,70,,134597,4,,,1,30,,287127,4,,,1,70,,287115,4,,,1,30,,137154,4,,,1,70,,287130,4,,,1,30,,287118,4,,,1,70,,287116,4,,,1,30,,287122,4,,,1,70,,287131,4,,,1,30,,287139,4,,,1,100,,287140,4,,,1,73,,287138,4,,,1,30,,287137,4,,,1,68,,287129,4,,,1,30,,203592,4,,,1,70,,187174,4,,,1,30,,287133,4,,,1,69,,287119,4,,,1,30,,287124,4,,,1,70,,152465,4,,,1,30,,287132,4,,,1,70,,183666,4,,,1,30,,287125,4,,,1,70,,287117,4,,,1,30,,152450,4,,,1,100,,287135,4,,,1
16100,'13',702,,287153,4,,,1,100,,287143,4,,,1,100,,287151,4,,,1,100,,287150,4,,,1,100,,287147,4,,,1,100,,287149,4,,,1,100,,287152,4,,,1,100,,194560,4,,,1,100,,287144,4,,,1,100,,184604,4,,,1,100,,287148,4,,,1,100,,203458,4,,,1,100,,287146,4,,,1,100,,287145,4,,,1,100,,287142,4,,,1,100,,287141,4,,,1
16100,'14',532,,287175,4,,,1,70,,175644,4,,,1,15,,287168,4,,,1,30,,287171,4,,,1,70,,287155,4,,,1,30,,287178,4,,,1,70,,287157,4,,,1,30,,287170,4,,,1,70,,197320,4,,,1,30,,287154,4,,,1,70,,287169,4,,,1,30,,287176,4,,,1,70,,287177,4,,,1,30,,31602,4,,,1,70,,287160,4,,,1,30,,287165,4,,,1,70,,287173,4,,,1,30,,287167,4,,,1,70,,139701,4,,,1,30,,287164,4,,,1,71,,287174,4,,,1,28,,287158,4,,,1,70,,287159,4,,,1,32,,198090,4,,,1,70,,197322,4,,,1,30,,287163,4,,,1,69,,287161,4,,,1,30,,287156,4,,,1,70,,197312,4,,,1,30,,287162,4,,,1,70,,287166,4,,,1,30,,174485,4,,,1,70,,287172,4,,,1,30,,161730,4,,,1,100,,89643,4,,,1
16100,'15',532,,287201,4,,,1,70,,287179,4,,,1,15,,287191,4,,,1,30,,287188,4,,,1,72,,287199,4,,,1,28,,173296,4,,,1,70,,287193,4,,,1,30,,287186,4,,,1,70,,134776,4,,,1,30,,287192,4,,,1,70,,287180,4,,,1,30,,137270,4,,,1,70,,287195,4,,,1,30,,287183,4,,,1,70,,287181,4,,,1,30,,287187,4,,,1,70,,287196,4,,,1,30,,287204,4,,,1,100,,287205,4,,,1,73,,287203,4,,,1,30,,287202,4,,,1,68,,287194,4,,,1,30,,203610,4,,,1,70,,187354,4,,,1,30,,287198,4,,,1,69,,287184,4,,,1,30,,287189,4,,,1,70,,152664,4,,,1,30,,287197,4,,,1,70,,183814,4,,,1,30,,287190,4,,,1,70,,287182,4,,,1,30,,152649,4,,,1,100,,287200,4,,,1
16100,'16',707,,287206,4,,,1,100,,177237,4,,,1,100,,287215,4,,,1,100,,60934,4,,,1,100,,287208,4,,,1,100,,287211,4,,,1,100,,287213,4,,,1,100,,155508,4,,,1,100,,287219,4,,,1,100,,287209,4,,,1,100,,287210,4,,,1,100,,287217,4,,,1,100,,287212,4,,,1,100,,287214,4,,,1,100,,287218,4,,,1,100,,287216,4,,,1,100,,287207,4,,,1
16100,'17',532,,287241,4,,,1,70,,175516,4,,,1,15,,287234,4,,,1,30,,287237,4,,,1,70,,287221,4,,,1,30,,287244,4,,,1,70,,287223,4,,,1,30,,287236,4,,,1,70,,197284,4,,,1,30,,287220,4,,,1,70,,287235,4,,,1,30,,287242,4,,,1,70,,287243,4,,,1,30,,147876,4,,,1,70,,287226,4,,,1,30,,287231,4,,,1,70,,287239,4,,,1,30,,287233,4,,,1,70,,37522,4,,,1,30,,287230,4,,,1,71,,287240,4,,,1,28,,287224,4,,,1,70,,287225,4,,,1,32,,198065,4,,,1,70,,84327,4,,,1,30,,287229,4,,,1,69,,287227,4,,,1,30,,287222,4,,,1,70,,197276,4,,,1,30,,287228,4,,,1,70,,287232,4,,,1,30,,174359,4,,,1,70,,287238,4,,,1,30,,161669,4,,,1,100,,201362,4,,,1
16100,'18',532,,287266,4,,,1,70,,175800,4,,,1,15,,287259,4,,,1,30,,287262,4,,,1,70,,287246,4,,,1,30,,287269,4,,,1,70,,287248,4,,,1,30,,287261,4,,,1,70,,2407,4,,,1,30,,287245,4,,,1,70,,287260,4,,,1,30,,287267,4,,,1,70,,287268,4,,,1,30,,148125,4,,,1,70,,287251,4,,,1,30,,287256,4,,,1,70,,287264,4,,,1,30,,287258,4,,,1,70,,139799,4,,,1,30,,287255,4,,,1,71,,287265,4,,,1,28,,287249,4,,,1,70,,287250,4,,,1,32,,198126,4,,,1,70,,197382,4,,,1,30,,287254,4,,,1,69,,287252,4,,,1,30,,287247,4,,,1,70,,197371,4,,,1,30,,287253,4,,,1,70,,287257,4,,,1,30,,5128,4,,,1,70,,287263,4,,,1,30,,161811,4,,,1,100,,201468,4,,,1
16100,'2',532,,188160,4,,,1,70,,287293,4,,,1,15,,287286,4,,,1,30,,287290,4,,,1,70,,176055,4,,,1,30,,160190,4,,,1,70,,60064,4,,,1,30,,287289,4,,,1,70,,287284,4,,,1,30,,287271,4,,,1,70,,287287,4,,,1,30,,287295,4,,,1,70,,287296,4,,,1,30,,287288,4,,,1,70,,287274,4,,,1,30,,287281,4,,,1,70,,287292,4,,,1,30,,171949,4,,,1,70,,287270,4,,,1,30,,287280,4,,,1,71,,130026,4,,,1,28,,170685,4,,,1,70,,287273,4,,,1,32,,287276,4,,,1,70,,287285,4,,,1,30,,187259,4,,,1,69,,287277,4,,,1,30,,287272,4,,,1,70,,287275,4,,,1,30,,287279,4,,,1,70,,287283,4,,,1,30,,287294,4,,,1,70,,287291,4,,,1,30,,287282,4,,,1,100,,287278,4,,,1
16100,'3',532,,121947,4,,,1,70,,121214,4,,,1,15,,142864,4,,,1,30,,287305,4,,,1,72,,287315,4,,,1,28,,287308,4,,,1,70,,49612,4,,,1,30,,10702,4,,,1,70,,287319,4,,,1,30,,287310,4,,,1,70,,287297,4,,,1,30,,287316,4,,,1,70,,287312,4,,,1,30,,179379,4,,,1,70,,287298,4,,,1,30,,158748,4,,,1,70,,123804,4,,,1,30,,287320,4,,,1,100,,287321,4,,,1,73,,287318,4,,,1,30,,287317,4,,,1,68,,287311,4,,,1,30,,287301,4,,,1,70,,287303,4,,,1,30,,287314,4,,,1,69,,287302,4,,,1,30,,287307,4,,,1,70,,287304,4,,,1,30,,287313,4,,,1,70,,287309,4,,,1,30,,20043,4,,,1,70,,287299,4,,,1,30,,287300,4,,,1,100,,926,4,,,1
16100,'4',532,,287344,4,,,1,70,,287322,4,,,1,15,,287334,4,,,1,30,,287331,4,,,1,72,,287342,4,,,1,28,,173368,4,,,1,70,,287336,4,,,1,30,,287329,4,,,1,70,,134861,4,,,1,30,,287335,4,,,1,70,,287323,4,,,1,30,,137328,4,,,1,70,,287338,4,,,1,30,,287326,4,,,1,70,,287324,4,,,1,30,,287330,4,,,1,70,,287339,4,,,1,30,,287347,4,,,1,100,,287348,4,,,1,73,,287346,4,,,1,30,,287345,4,,,1,68,,287337,4,,,1,30,,203615,4,,,1,70,,187429,4,,,1,30,,287341,4,,,1,69,,287327,4,,,1,30,,287332,4,,,1,70,,152754,4,,,1,30,,287340,4,,,1,70,,183875,4,,,1,30,,287333,4,,,1,70,,287325,4,,,1,30,,152739,4,,,1,100,,287343,4,,,1
16100,'5',532,,287371,4,,,1,70,,287349,4,,,1,15,,287361,4,,,1,30,,287358,4,,,1,72,,287369,4,,,1,28,,172762,4,,,1,70,,287363,4,,,1,30,,287356,4,,,1,70,,134211,4,,,1,30,,287362,4,,,1,70,,287350,4,,,1,30,,136910,4,,,1,70,,287365,4,,,1,30,,287353,4,,,1,70,,287351,4,,,1,30,,287357,4,,,1,70,,287366,4,,,1,30,,287374,4,,,1,100,,287375,4,,,1,73,,287373,4,,,1,30,,287372,4,,,1,68,,287364,4,,,1,30,,203556,4,,,1,70,,186790,4,,,1,30,,287368,4,,,1,69,,287354,4,,,1,30,,287359,4,,,1,70,,152043,4,,,1,30,,287367,4,,,1,70,,183338,4,,,1,30,,287360,4,,,1,70,,287352,4,,,1,30,,152028,4,,,1,100,,287370,4,,,1
16100,'6',707,,196043,4,,,1,100,,287377,4,,,1,100,,287387,4,,,1,100,,287376,4,,,1,100,,287379,4,,,1,100,,287383,4,,,1,100,,287385,4,,,1,100,,287381,4,,,1,100,,287389,4,,,1,100,,287380,4,,,1,100,,287382,4,,,1,100,,122380,4,,,1,100,,287384,4,,,1,100,,287386,4,,,1,100,,197611,4,,,1,100,,287388,4,,,1,100,,287378,4,,,1
16100,'7',532,,287417,4,,,1,70,,287418,4,,,1,15,,287410,4,,,1,30,,119609,4,,,1,70,,287392,4,,,1,30,,287422,4,,,1,70,,287394,4,,,1,30,,287413,4,,,1,70,,287407,4,,,1,30,,287391,4,,,1,70,,287411,4,,,1,30,,287420,4,,,1,70,,287421,4,,,1,30,,287412,4,,,1,70,,287397,4,,,1,30,,187918,4,,,1,70,,287415,4,,,1,30,,287408,4,,,1,70,,287390,4,,,1,30,,287404,4,,,1,71,,287416,4,,,1,28,,287395,4,,,1,70,,287396,4,,,1,32,,287399,4,,,1,70,,287409,4,,,1,30,,287403,4,,,1,69,,287400,4,,,1,30,,287393,4,,,1,70,,287398,4,,,1,30,,287402,4,,,1,70,,287406,4,,,1,30,,287419,4,,,1,70,,287414,4,,,1,30,,287405,4,,,1,100,,287401,4,,,1
16100,'8',532,,287425,4,,,1,85,,287432,4,,,1,98,,287430,4,,,1,102,,287433,4,,,1,100,,287426,4,,,1,100,,287440,4,,,1,100,,287437,4,,,1,100,,287427,4,,,1,100,,287423,4,,,1,100,,287424,4,,,1,101,,287434,4,,,1,102,,287439,4,,,1,98,,287429,4,,,1,99,,287428,4,,,1,100,,287441,4,,,1,100,,287435,4,,,1,100,,287431,4,,,1,100,,287436,4,,,1,30,,287438,4,,,1
16100,'9',532,,287464,4,,,1,70,,287442,4,,,1,15,,287454,4,,,1,30,,287451,4,,,1,72,,287462,4,,,1,28,,173083,4,,,1,70,,287456,4,,,1,30,,287449,4,,,1,70,,134551,4,,,1,30,,287455,4,,,1,70,,287443,4,,,1,30,,137123,4,,,1,70,,287458,4,,,1,30,,287446,4,,,1,70,,287444,4,,,1,30,,287450,4,,,1,70,,287459,4,,,1,30,,287467,4,,,1,100,,287468,4,,,1,73,,287466,4,,,1,30,,287465,4,,,1,68,,287457,4,,,1,30,,203587,4,,,1,70,,187130,4,,,1,30,,287461,4,,,1,69,,287447,4,,,1,30,,287452,4,,,1,70,,152412,4,,,1,30,,287460,4,,,1,70,,183625,4,,,1,30,,287453,4,,,1,70,,287445,4,,,1,30,,152397,4,,,1,100,,287463,4,,,1
