28300,'1',505,,204413,2,,,1,96,,204412,2,,,1
28300,'10',505,,204416,2,,,1,96,,82552,2,,,1
28300,'12',505,,29851,2,,,1,96,,22253,2,,,1
28300,'14',505,,204418,2,,,1,96,,204417,2,,,1
28300,'15',505,,204421,2,,,1,96,,204420,2,,,1
28300,'16',505,,204424,2,,,1,96,,204423,2,,,1
28300,'17',505,,204427,2,,,1,96,,204426,2,,,1
28300,'2',505,,204430,2,,,1,96,,204429,2,,,1
28300,'3',505,,204433,2,,,1,96,,204432,2,,,1
28300,'5',505,,204436,2,,,1,96,,204435,2,,,1
28300,'6',505,,204439,2,,,1,96,,204438,2,,,1
28300,'8',505,,204442,2,,,1,96,,204441,2,,,1
