5600,'1',626,,160981,42,,,1,27,,160999,42,,,1,77,,161005,42,,,1,78,,106041,42,,,1,32,,87180,42,,,1,71,,161007,42,,,1,94,,160991,42,,,1,28,,161011,42,,,1,490,,160998,42,,,1,33,,101210,42,,,1,57,,160996,42,,,1,25,,160986,42,,,1,4,,160997,42,,,1,14,,160982,42,,,1,56,,160995,42,,,1,14,,160989,42,,,1,29,,160984,42,,,1,56,,160994,42,,,1,98,,8612,42,,,1
5600,'10',626,,54978,42,,,1,27,,161012,42,,,1,77,,161026,42,,,1,78,,161022,42,,,1,31,,161028,42,,,1,72,,106164,42,,,1,30,,59852,42,,,1,64,,161047,42,,,1,28,,161043,42,,,1,470,,36467,42,,,1,20,,161018,42,,,1,31,,161046,42,,,1,59,,161048,42,,,1,25,,161042,42,,,1,4,,161034,42,,,1,13,,43111,42,,,1,58,,38166,42,,,1,13,,161032,42,,,1,29,,10239,42,,,1,56,,161021,42,,,1,28,,161031,42,,,1,70,,161041,42,,,1
5600,'11',746,,161049,42,,,1,100,,161062,42,,,1,101,,161059,42,,,1,101,,161055,42,,,1,100,,161063,42,,,1,100,,161064,42,,,1,100,,161070,42,,,1,100,,161054,42,,,1,101,,161056,42,,,1,100,,99656,42,,,1,99,,89272,42,,,1,100,,161057,42,,,1,97,,161066,42,,,1,100,,161058,42,,,1,100,,161052,42,,,1,84,,51438,42,,,1
5600,'12',626,,161107,42,,,1,27,,161114,42,,,1,77,,161075,42,,,1,78,,161093,42,,,1,32,,161090,42,,,1,71,,161116,42,,,1,30,,161097,42,,,1,64,,161113,42,,,1,28,,161079,42,,,1,470,,161092,42,,,1,22,,103251,42,,,1,33,,161109,42,,,1,55,,161094,42,,,1,24,,161083,42,,,1,11,,161076,42,,,1,6,,161101,42,,,1,57,,161111,42,,,1,15,,161096,42,,,1,29,,161074,42,,,1,57,,161104,42,,,1,27,,161095,42,,,1,70,,161084,42,,,1
5600,'13',746,,161118,42,,,1,100,,161135,42,,,1,101,,161133,42,,,1,101,,161125,42,,,1,100,,93020,42,,,1,100,,161136,42,,,1,100,,90680,42,,,1,100,,161124,42,,,1,101,,161127,42,,,1,100,,161129,42,,,1,99,,161126,42,,,1,100,,161130,42,,,1,97,,39369,42,,,1,100,,117447,42,,,1,100,,161121,42,,,1,84,,161132,42,,,1
5600,'14',626,,161167,42,,,1,27,,81962,42,,,1,77,,161144,42,,,1,78,,14618,42,,,1,32,,161154,42,,,1,71,,161176,42,,,1,30,,161158,42,,,1,64,,161174,42,,,1,28,,161146,42,,,1,470,,161156,42,,,1,22,,161153,42,,,1,33,,161169,42,,,1,55,,53224,42,,,1,24,,161149,42,,,1,11,,78849,42,,,1,6,,161162,42,,,1,57,,161172,42,,,1,15,,55898,42,,,1,29,,161143,42,,,1,57,,161164,42,,,1,27,,161157,42,,,1,70,,95333,42,,,1
5600,'15',626,,161204,42,,,1,27,,82165,42,,,1,77,,161181,42,,,1,78,,15058,42,,,1,32,,161191,42,,,1,71,,161213,42,,,1,30,,161195,42,,,1,64,,161211,42,,,1,28,,161183,42,,,1,470,,161193,42,,,1,22,,161190,42,,,1,33,,161206,42,,,1,55,,53329,42,,,1,24,,161186,42,,,1,11,,79199,42,,,1,6,,161199,42,,,1,57,,161209,42,,,1,15,,56175,42,,,1,29,,161180,42,,,1,57,,161201,42,,,1,27,,161194,42,,,1,70,,95536,42,,,1
5600,'16',626,,161248,42,,,1,27,,161256,42,,,1,77,,161218,42,,,1,78,,161235,42,,,1,32,,161232,42,,,1,71,,161258,42,,,1,30,,161239,42,,,1,64,,161254,42,,,1,28,,161222,42,,,1,470,,161234,42,,,1,22,,161231,42,,,1,33,,161250,42,,,1,55,,161236,42,,,1,24,,161225,42,,,1,11,,161219,42,,,1,6,,161242,42,,,1,57,,161253,42,,,1,15,,161238,42,,,1,29,,161217,42,,,1,57,,161245,42,,,1,27,,161237,42,,,1,70,,161226,42,,,1
5600,'17',626,,161264,42,,,1,27,,161282,42,,,1,77,,161288,42,,,1,78,,106143,42,,,1,32,,87412,42,,,1,71,,161290,42,,,1,94,,161274,42,,,1,28,,161294,42,,,1,490,,161281,42,,,1,33,,101332,42,,,1,57,,161279,42,,,1,25,,161269,42,,,1,4,,161280,42,,,1,14,,161265,42,,,1,56,,161278,42,,,1,14,,161272,42,,,1,29,,161267,42,,,1,56,,161277,42,,,1,98,,8783,42,,,1
5600,'2',626,,161298,42,,,1,27,,161316,42,,,1,77,,161322,42,,,1,78,,106061,42,,,1,32,,87232,42,,,1,71,,161324,42,,,1,94,,161308,42,,,1,28,,161328,42,,,1,490,,161315,42,,,1,33,,101238,42,,,1,57,,161313,42,,,1,25,,161303,42,,,1,4,,161314,42,,,1,14,,161299,42,,,1,56,,161312,42,,,1,14,,161306,42,,,1,29,,161301,42,,,1,56,,161311,42,,,1,98,,8647,42,,,1
5600,'3',626,,161354,42,,,1,27,,82094,42,,,1,77,,161331,42,,,1,78,,14904,42,,,1,32,,161341,42,,,1,71,,161363,42,,,1,30,,161345,42,,,1,64,,161361,42,,,1,28,,161333,42,,,1,470,,161343,42,,,1,22,,161340,42,,,1,33,,161356,42,,,1,55,,53291,42,,,1,24,,161336,42,,,1,11,,79068,42,,,1,6,,161349,42,,,1,57,,161359,42,,,1,15,,56077,42,,,1,29,,161330,42,,,1,57,,161351,42,,,1,27,,161344,42,,,1,70,,95467,42,,,1
5600,'4',734,,161372,42,,,1,100,,161392,42,,,1,101,,161390,42,,,1,101,,161366,42,,,1,100,,161386,42,,,1,100,,101549,42,,,1,100,,161375,42,,,1,100,,161373,42,,,1,101,,38679,42,,,1,100,,161391,42,,,1,100,,161387,42,,,1,99,,161371,42,,,1,97,,161367,42,,,1,100,,161368,42,,,1,100,,161374,42,,,1,99,,22093,42,,,1
5600,'5',626,,161395,42,,,1,27,,161418,42,,,1,77,,161427,42,,,1,78,,161402,42,,,1,32,,161404,42,,,1,71,,55449,42,,,1,94,,161407,42,,,1,28,,161435,42,,,1,490,,161417,42,,,1,33,,161430,42,,,1,57,,161414,42,,,1,25,,161401,42,,,1,4,,161415,42,,,1,14,,161396,42,,,1,56,,161413,42,,,1,14,,161405,42,,,1,29,,161399,42,,,1,56,,161411,42,,,1,98,,161428,42,,,1
5600,'6',626,,161439,42,,,1,27,,161457,42,,,1,77,,161463,42,,,1,78,,106261,42,,,1,32,,87692,42,,,1,71,,161465,42,,,1,94,,161449,42,,,1,28,,161469,42,,,1,490,,161456,42,,,1,33,,101490,42,,,1,57,,161454,42,,,1,25,,161444,42,,,1,4,,161455,42,,,1,14,,161440,42,,,1,56,,161453,42,,,1,14,,161447,42,,,1,29,,161442,42,,,1,56,,161452,42,,,1,98,,8981,42,,,1
5600,'7',734,,114608,42,,,1,100,,161496,42,,,1,101,,161494,42,,,1,101,,161470,42,,,1,100,,161490,42,,,1,100,,161492,42,,,1,100,,161478,42,,,1,100,,161476,42,,,1,101,,161477,42,,,1,100,,161495,42,,,1,100,,51935,42,,,1,99,,30346,42,,,1,97,,161471,42,,,1,100,,161473,42,,,1,100,,64319,42,,,1,99,,161488,42,,,1
5600,'8',626,,161500,42,,,1,27,,161518,42,,,1,77,,161524,42,,,1,78,,106241,42,,,1,32,,87640,42,,,1,71,,161526,42,,,1,94,,161510,42,,,1,28,,161530,42,,,1,490,,161517,42,,,1,33,,101462,42,,,1,57,,161515,42,,,1,25,,161505,42,,,1,4,,161516,42,,,1,14,,161501,42,,,1,56,,161514,42,,,1,14,,161508,42,,,1,29,,161503,42,,,1,56,,161513,42,,,1,98,,8946,42,,,1
5600,'9',746,,2820,42,,,1,100,,161549,42,,,1,101,,81361,42,,,1,101,,161538,42,,,1,100,,161550,42,,,1,100,,161551,42,,,1,100,,161559,42,,,1,100,,161537,42,,,1,101,,161540,42,,,1,100,,161542,42,,,1,99,,161539,42,,,1,100,,161543,42,,,1,97,,161553,42,,,1,100,,161545,42,,,1,100,,161534,42,,,1,84,,161546,42,,,1
