22200,'1',620,,374616,22,,,0,33,,374615,22,,,0,68,,374614,22,,,0
22200,'11',620,,374617,22,,,0,33,,282816,22,,,0,68,,374618,22,,,0
22200,'13',620,,374619,22,,,0,33,,282841,22,,,0,68,,374620,22,,,0
22200,'14',620,,374621,22,,,0,33,,282933,22,,,0,68,,374622,22,,,0
22200,'2',620,,374623,22,,,0,33,,374624,22,,,0,68,,241195,22,,,0
22200,'3',620,,374625,22,,,0,33,,374627,22,,,0,68,,374626,22,,,0
22200,'4',620,,374628,22,,,0,101,,201970,22,,,0
22200,'5',620,,374629,22,,,0,33,,374631,22,,,0,68,,374630,22,,,0
22200,'6',620,,374632,22,,,0,33,,282677,22,,,0,68,,374633,22,,,0
22200,'7',620,,374634,22,,,0,33,,374635,22,,,0,68,,241163,22,,,0
22200,'9',620,,374636,22,,,0,33,,282623,22,,,0,68,,374637,22,,,0
