801,'1',714,,7858,10,,,1,90,,7863,10,,,1,46,,7841,10,,,1,70,,7851,10,,,1,30,,7857,10,,,1,71,,7849,10,,,1,30,,7842,10,,,1,70,,7861,10,,,1,30,,7845,10,,,1,70,,7864,10,,,1,30,,7846,10,,,1,70,,7847,10,,,1,30,,7860,10,,,1,70,,7854,10,,,1,30,,7856,10,,,1,70,,7865,10,,,1,30,,7855,10,,,1,70,,7839,10,,,1,30,,7838,10,,,1,70,,7853,10,,,1,30,,7859,10,,,1,69,,7843,10,,,1,30,,7850,10,,,1,70,,7844,10,,,1,30,,7867,10,,,1,70,,7862,10,,,1,30,,7852,5,,,1,70,,7837,5,,,1,100,,7848,5,,,1,100,,7866,5,,,1,100,,7840,5,,,1
801,'10',441,,7874,5,,,1,73,,7901,5,,,1,99,,7904,10,,,1,30,,7896,10,,,1,70,,7868,10,,,1,30,,7873,10,,,1,70,,7899,10,,,1,31,,7887,10,,,1,70,,7903,10,,,1,28,,7888,10,,,1,70,,7875,10,,,1,30,,7872,10,,,1,70,,7876,10,,,1,30,,7892,10,,,1,70,,7886,10,,,1,30,,7879,10,,,1,71,,7884,10,,,1,30,,7890,10,,,1,70,,7900,10,,,1,103,,7894,10,,,1,30,,7898,10,,,1,70,,7889,10,,,1,30,,7902,10,,,1,70,,7871,10,,,1,30,,7877,10,,,1,70,,7880,10,,,1,27,,7895,10,,,1,69,,7883,10,,,1,30,,7878,10,,,1,69,,7870,5,,,1,30,,7882,5,,,1,70,,7885,5,,,1,30,,7869,5,,,1,70,,7897,5,,,1,30,,7893,5,,,1,100,,7891,5,,,1,108,,7881,5,,,1
801,'11',441,,7911,5,,,1,73,,7938,5,,,1,99,,7941,10,,,1,30,,7933,10,,,1,70,,7905,10,,,1,30,,7910,10,,,1,70,,7936,10,,,1,31,,7924,10,,,1,70,,7940,10,,,1,28,,7925,10,,,1,70,,7912,10,,,1,30,,7909,10,,,1,70,,7913,10,,,1,30,,7929,10,,,1,70,,7923,10,,,1,30,,7916,10,,,1,71,,7921,10,,,1,30,,7927,10,,,1,70,,7937,10,,,1,103,,7931,10,,,1,30,,7935,10,,,1,70,,7926,10,,,1,30,,7939,10,,,1,70,,7908,10,,,1,30,,7914,10,,,1,70,,7917,10,,,1,27,,7932,10,,,1,69,,7920,10,,,1,30,,7915,10,,,1,69,,7907,5,,,1,30,,7919,5,,,1,70,,7922,5,,,1,30,,7906,5,,,1,70,,7934,5,,,1,30,,7930,5,,,1,100,,7928,5,,,1,108,,7918,5,,,1
801,'12',441,,7948,5,,,1,73,,7975,5,,,1,99,,7978,10,,,1,30,,7970,10,,,1,70,,7942,10,,,1,30,,7947,10,,,1,70,,7973,10,,,1,31,,7961,10,,,1,70,,7977,10,,,1,28,,7962,10,,,1,70,,7949,10,,,1,30,,7946,10,,,1,70,,7950,10,,,1,30,,7966,10,,,1,70,,7960,10,,,1,30,,7953,10,,,1,71,,7958,10,,,1,30,,7964,10,,,1,70,,7974,10,,,1,103,,7968,10,,,1,30,,7972,10,,,1,70,,7963,10,,,1,30,,7976,10,,,1,70,,7945,10,,,1,30,,7951,10,,,1,70,,7954,10,,,1,27,,7969,10,,,1,69,,7957,10,,,1,30,,7952,10,,,1,69,,7944,5,,,1,30,,7956,5,,,1,70,,7959,5,,,1,30,,7943,5,,,1,70,,7971,5,,,1,30,,7967,5,,,1,100,,7965,5,,,1,108,,7955,5,,,1
801,'13',441,,7993,5,,,1,73,,7996,5,,,1,99,,8013,10,,,1,30,,7999,10,,,1,70,,8016,10,,,1,28,,7984,10,,,1,72,,8002,10,,,1,33,,8012,10,,,1,68,,8005,10,,,1,28,,8004,10,,,1,70,,7990,10,,,1,30,,7991,10,,,1,70,,7986,10,,,1,30,,7998,10,,,1,70,,7992,10,,,1,30,,8011,10,,,1,71,,8007,10,,,1,30,,7994,10,,,1,70,,7985,10,,,1,31,,7987,10,,,1,72,,7982,10,,,1,30,,8000,10,,,1,70,,7980,10,,,1,30,,7979,10,,,1,70,,7981,10,,,1,31,,7983,10,,,1,69,,8014,10,,,1,27,,8006,10,,,1,69,,7995,10,,,1,30,,8008,10,,,1,69,,8001,5,,,1,30,,7997,5,,,1,70,,7989,5,,,1,30,,8003,5,,,1,70,,8010,5,,,1,30,,8009,5,,,1,100,,7988,5,,,1,108,,8015,5,,,1
801,'14',510,,8028,5,,,1,100,,8045,10,,,1,100,,8024,10,,,1,100,,8023,10,,,1,30,,8031,10,,,1,70,,8020,10,,,1,30,,8038,10,,,1,71,,8029,10,,,1,30,,8039,10,,,1,70,,8030,10,,,1,30,,8047,10,,,1,70,,8044,10,,,1,30,,8051,10,,,1,70,,8048,10,,,1,30,,8025,10,,,1,70,,8046,10,,,1,30,,8017,10,,,1,70,,8021,10,,,1,30,,8027,10,,,1,70,,8040,10,,,1,30,,8042,10,,,1,70,,8035,10,,,1,30,,8018,10,,,1,69,,8041,10,,,1,30,,8049,10,,,1,70,,8026,10,,,1,30,,8036,10,,,1,70,,8022,10,,,1,30,,8034,5,,,1,70,,8032,5,,,1,30,,8037,5,,,1,70,,8033,5,,,1,100,,8019,5,,,1,100,,8052,5,,,1,100,,8050,5,,,1,30,,8043,5,,,1
801,'15',441,,8059,5,,,1,73,,8086,5,,,1,99,,8089,10,,,1,30,,8081,10,,,1,70,,8053,10,,,1,30,,8058,10,,,1,70,,8084,10,,,1,31,,8072,10,,,1,70,,8088,10,,,1,28,,8073,10,,,1,70,,8060,10,,,1,30,,8057,10,,,1,70,,8061,10,,,1,30,,8077,10,,,1,70,,8071,10,,,1,30,,8064,10,,,1,71,,8069,10,,,1,30,,8075,10,,,1,70,,8085,10,,,1,103,,8079,10,,,1,30,,8083,10,,,1,70,,8074,10,,,1,30,,8087,10,,,1,70,,8056,10,,,1,30,,8062,10,,,1,70,,8065,10,,,1,27,,8080,10,,,1,69,,8068,10,,,1,30,,8063,10,,,1,69,,8055,5,,,1,30,,8067,5,,,1,70,,8070,5,,,1,30,,8054,5,,,1,70,,8082,5,,,1,30,,8078,5,,,1,100,,8076,5,,,1,108,,8066,5,,,1
801,'16',441,,8096,5,,,1,73,,8123,5,,,1,99,,8126,10,,,1,30,,8118,10,,,1,70,,8090,10,,,1,30,,8095,10,,,1,70,,8121,10,,,1,31,,8109,10,,,1,70,,8125,10,,,1,28,,8110,10,,,1,70,,8097,10,,,1,30,,8094,10,,,1,70,,8098,10,,,1,30,,8114,10,,,1,70,,8108,10,,,1,30,,8101,10,,,1,71,,8106,10,,,1,30,,8112,10,,,1,70,,8122,10,,,1,103,,8116,10,,,1,30,,8120,10,,,1,70,,8111,10,,,1,30,,8124,10,,,1,70,,8093,10,,,1,30,,8099,10,,,1,70,,8102,10,,,1,27,,8117,10,,,1,69,,8105,10,,,1,30,,8100,10,,,1,69,,8092,5,,,1,30,,8104,5,,,1,70,,8107,5,,,1,30,,8091,5,,,1,70,,8119,5,,,1,30,,8115,5,,,1,100,,8113,5,,,1,108,,8103,5,,,1
801,'17',441,,8141,5,,,1,73,,8144,5,,,1,99,,8161,10,,,1,30,,8147,10,,,1,70,,8164,10,,,1,28,,8132,10,,,1,72,,8150,10,,,1,33,,8160,10,,,1,68,,8153,10,,,1,28,,8152,10,,,1,70,,8138,10,,,1,30,,8139,10,,,1,70,,8134,10,,,1,30,,8146,10,,,1,70,,8140,10,,,1,30,,8159,10,,,1,71,,8155,10,,,1,30,,8142,10,,,1,70,,8133,10,,,1,31,,8135,10,,,1,72,,8130,10,,,1,30,,8148,10,,,1,70,,8128,10,,,1,30,,8127,10,,,1,70,,8129,10,,,1,31,,8131,10,,,1,69,,8162,10,,,1,27,,8154,10,,,1,69,,8143,10,,,1,30,,8156,10,,,1,69,,8149,5,,,1,30,,8145,5,,,1,70,,8137,5,,,1,30,,8151,5,,,1,70,,8158,5,,,1,30,,8157,5,,,1,100,,8136,5,,,1,108,,8163,5,,,1
801,'18',441,,8200,5,,,1,73,,8173,5,,,1,99,,8185,10,,,1,100,,8194,10,,,1,99,,8190,10,,,1,34,,8171,10,,,1,68,,8168,10,,,1,28,,8177,10,,,1,70,,8180,10,,,1,30,,8196,10,,,1,70,,8197,10,,,1,30,,8181,10,,,1,70,,8182,10,,,1,30,,8187,10,,,1,71,,8165,10,,,1,30,,8170,10,,,1,70,,8198,10,,,1,31,,8169,10,,,1,72,,8188,10,,,1,30,,8189,10,,,1,70,,8192,10,,,1,30,,8199,10,,,1,70,,8174,10,,,1,30,,8195,10,,,1,70,,8183,10,,,1,27,,8167,10,,,1,69,,8176,10,,,1,30,,8186,10,,,1,69,,8175,5,,,1,30,,8172,5,,,1,70,,8178,5,,,1,30,,8179,5,,,1,70,,8191,5,,,1,30,,8166,5,,,1,100,,8184,5,,,1,108,,8193,5,,,1
801,'19',441,,8215,5,,,1,73,,8218,5,,,1,99,,8235,10,,,1,30,,8221,10,,,1,70,,8238,10,,,1,28,,8206,10,,,1,72,,8224,10,,,1,33,,8234,10,,,1,68,,8227,10,,,1,28,,8226,10,,,1,70,,8212,10,,,1,30,,8213,10,,,1,70,,8208,10,,,1,30,,8220,10,,,1,70,,8214,10,,,1,30,,8233,10,,,1,71,,8229,10,,,1,30,,8216,10,,,1,70,,8207,10,,,1,31,,8209,10,,,1,72,,8204,10,,,1,30,,8222,10,,,1,70,,8202,10,,,1,30,,8201,10,,,1,70,,8203,10,,,1,31,,8205,10,,,1,69,,8236,10,,,1,27,,8228,10,,,1,69,,8217,10,,,1,30,,8230,10,,,1,69,,8223,5,,,1,30,,8219,5,,,1,70,,8211,5,,,1,30,,8225,5,,,1,70,,8232,5,,,1,30,,8231,5,,,1,100,,8210,5,,,1,108,,8237,5,,,1
801,'2',714,,8260,10,,,1,90,,8265,10,,,1,46,,8243,10,,,1,70,,8253,10,,,1,30,,8259,10,,,1,71,,8251,10,,,1,30,,8244,10,,,1,70,,8263,10,,,1,30,,8247,10,,,1,70,,8266,10,,,1,30,,8248,10,,,1,70,,8249,10,,,1,30,,8262,10,,,1,70,,8256,10,,,1,30,,8258,10,,,1,70,,8267,10,,,1,30,,8257,10,,,1,70,,8241,10,,,1,30,,8240,10,,,1,70,,8255,10,,,1,30,,8261,10,,,1,69,,8245,10,,,1,30,,8252,10,,,1,70,,8246,10,,,1,30,,8269,10,,,1,70,,8264,10,,,1,30,,8254,5,,,1,70,,8239,5,,,1,100,,8250,5,,,1,100,,8268,5,,,1,100,,8242,5,,,1
801,'3',441,,8276,5,,,1,73,,8303,5,,,1,99,,8306,10,,,1,30,,8298,10,,,1,70,,8270,10,,,1,30,,8275,10,,,1,70,,8301,10,,,1,31,,8289,10,,,1,70,,8305,10,,,1,28,,8290,10,,,1,70,,8277,10,,,1,30,,8274,10,,,1,70,,8278,10,,,1,30,,8294,10,,,1,70,,8288,10,,,1,30,,8281,10,,,1,71,,8286,10,,,1,30,,8292,10,,,1,70,,8302,10,,,1,103,,8296,10,,,1,30,,8300,10,,,1,70,,8291,10,,,1,30,,8304,10,,,1,70,,8273,10,,,1,30,,8279,10,,,1,70,,8282,10,,,1,27,,8297,10,,,1,69,,8285,10,,,1,30,,8280,10,,,1,69,,8272,5,,,1,30,,8284,5,,,1,70,,8287,5,,,1,30,,8271,5,,,1,70,,8299,5,,,1,30,,8295,5,,,1,100,,8293,5,,,1,108,,8283,5,,,1
801,'4',441,,8313,5,,,1,73,,8340,5,,,1,99,,8343,10,,,1,30,,8335,10,,,1,70,,8307,10,,,1,30,,8312,10,,,1,70,,8338,10,,,1,31,,8326,10,,,1,70,,8342,10,,,1,28,,8327,10,,,1,70,,8314,10,,,1,30,,8311,10,,,1,70,,8315,10,,,1,30,,8331,10,,,1,70,,8325,10,,,1,30,,8318,10,,,1,71,,8323,10,,,1,30,,8329,10,,,1,70,,8339,10,,,1,103,,8333,10,,,1,30,,8337,10,,,1,70,,8328,10,,,1,30,,8341,10,,,1,70,,8310,10,,,1,30,,8316,10,,,1,70,,8319,10,,,1,27,,8334,10,,,1,69,,8322,10,,,1,30,,8317,10,,,1,69,,8309,5,,,1,30,,8321,5,,,1,70,,8324,5,,,1,30,,8308,5,,,1,70,,8336,5,,,1,30,,8332,5,,,1,100,,8330,5,,,1,108,,8320,5,,,1
801,'5',441,,8358,5,,,1,73,,8361,5,,,1,99,,8378,10,,,1,30,,8364,10,,,1,70,,8381,10,,,1,28,,8349,10,,,1,72,,8367,10,,,1,33,,8377,10,,,1,68,,8370,10,,,1,28,,8369,10,,,1,70,,8355,10,,,1,30,,8356,10,,,1,70,,8351,10,,,1,30,,8363,10,,,1,70,,8357,10,,,1,30,,8376,10,,,1,71,,8372,10,,,1,30,,8359,10,,,1,70,,8350,10,,,1,31,,8352,10,,,1,72,,8347,10,,,1,30,,8365,10,,,1,70,,8345,10,,,1,30,,8344,10,,,1,70,,8346,10,,,1,31,,8348,10,,,1,69,,8379,10,,,1,27,,8371,10,,,1,69,,8360,10,,,1,30,,8373,10,,,1,69,,8366,5,,,1,30,,8362,5,,,1,70,,8354,5,,,1,30,,8368,5,,,1,70,,8375,5,,,1,30,,8374,5,,,1,100,,8353,5,,,1,108,,8380,5,,,1
801,'6',441,,8388,5,,,1,73,,8415,5,,,1,99,,8418,10,,,1,30,,8410,10,,,1,70,,8382,10,,,1,30,,8387,10,,,1,70,,8413,10,,,1,31,,8401,10,,,1,70,,8417,10,,,1,28,,8402,10,,,1,70,,8389,10,,,1,30,,8386,10,,,1,70,,8390,10,,,1,30,,8406,10,,,1,70,,8400,10,,,1,30,,8393,10,,,1,71,,8398,10,,,1,30,,8404,10,,,1,70,,8414,10,,,1,103,,8408,10,,,1,30,,8412,10,,,1,70,,8403,10,,,1,30,,8416,10,,,1,70,,8385,10,,,1,30,,8391,10,,,1,70,,8394,10,,,1,27,,8409,10,,,1,69,,8397,10,,,1,30,,8392,10,,,1,69,,8384,5,,,1,30,,8396,5,,,1,70,,8399,5,,,1,30,,8383,5,,,1,70,,8411,5,,,1,30,,8407,5,,,1,100,,8405,5,,,1,108,,8395,5,,,1
801,'7',441,,8433,5,,,1,73,,8436,5,,,1,99,,8453,10,,,1,30,,8439,10,,,1,70,,8456,10,,,1,28,,8424,10,,,1,72,,8442,10,,,1,33,,8452,10,,,1,68,,8445,10,,,1,28,,8444,10,,,1,70,,8430,10,,,1,30,,8431,10,,,1,70,,8426,10,,,1,30,,8438,10,,,1,70,,8432,10,,,1,30,,8451,10,,,1,71,,8447,10,,,1,30,,8434,10,,,1,70,,8425,10,,,1,31,,8427,10,,,1,72,,8422,10,,,1,30,,8440,10,,,1,70,,8420,10,,,1,30,,8419,10,,,1,70,,8421,10,,,1,31,,8423,10,,,1,69,,8454,10,,,1,27,,8446,10,,,1,69,,8435,10,,,1,30,,8448,10,,,1,69,,8441,5,,,1,30,,8437,5,,,1,70,,8429,5,,,1,30,,8443,5,,,1,70,,8450,5,,,1,30,,8449,5,,,1,100,,8428,5,,,1,108,,8455,5,,,1
801,'8',510,,8468,5,,,1,100,,8485,10,,,1,100,,8464,10,,,1,100,,8463,10,,,1,30,,8471,10,,,1,70,,8460,10,,,1,30,,8478,10,,,1,71,,8469,10,,,1,30,,8479,10,,,1,70,,8470,10,,,1,30,,8487,10,,,1,70,,8484,10,,,1,30,,8491,10,,,1,70,,8488,10,,,1,30,,8465,10,,,1,70,,8486,10,,,1,30,,8457,10,,,1,70,,8461,10,,,1,30,,8467,10,,,1,70,,8480,10,,,1,30,,8482,10,,,1,70,,8475,10,,,1,30,,8458,10,,,1,69,,8481,10,,,1,30,,8489,10,,,1,70,,8466,10,,,1,30,,8476,10,,,1,70,,8462,10,,,1,30,,8474,5,,,1,70,,8472,5,,,1,30,,8477,5,,,1,70,,8473,5,,,1,100,,8459,5,,,1,100,,8492,5,,,1,100,,8490,5,,,1,30,,8483,5,,,1
801,'9',714,,8514,10,,,1,90,,8519,10,,,1,46,,8497,10,,,1,70,,8507,10,,,1,30,,8513,10,,,1,71,,8505,10,,,1,30,,8498,10,,,1,70,,8517,10,,,1,30,,8501,10,,,1,70,,8520,10,,,1,30,,8502,10,,,1,70,,8503,10,,,1,30,,8516,10,,,1,70,,8510,10,,,1,30,,8512,10,,,1,70,,8521,10,,,1,30,,8511,10,,,1,70,,8495,10,,,1,30,,8494,10,,,1,70,,8509,10,,,1,30,,8515,10,,,1,69,,8499,10,,,1,30,,8506,10,,,1,70,,8500,10,,,1,30,,8523,10,,,1,70,,8518,10,,,1,30,,8508,5,,,1,70,,8493,5,,,1,100,,8504,5,,,1,100,,8522,5,,,1,100,,8496,5,,,1
1301,'10',621,,17010,8,,,1,13,,17025,8,,,1,12,,17027,8,,,1,57,,17016,8,,,1,16,,17008,8,,,1,15,,17020,8,,,1,15,,17003,8,,,1,55,,17019,8,,,1,15,,17009,8,,,1,18,,17023,8,,,1,13,,17013,8,,,1,54,,17012,8,,,1,15,,17006,8,,,1,14,,17029,8,,,1,569,,17014,8,,,1,12,,17024,8,,,1,15,,17028,8,,,1,16,,17007,8,,,1,55,,17026,8,,,1,15,,17022,8,,,1,15,,17018,8,,,1,15,,17011,8,,,1,55,,17005,8,,,1,15,,17021,8,,,1,15,,17017,8,,,1,16,,17030,8,,,1,56,,17004,8,,,1,16,,17015,8,,,1
1301,'11',621,,17038,8,,,1,13,,17053,8,,,1,12,,17055,8,,,1,57,,17044,8,,,1,16,,17036,8,,,1,15,,17048,8,,,1,15,,17031,8,,,1,55,,17047,8,,,1,15,,17037,8,,,1,18,,17051,8,,,1,13,,17041,8,,,1,54,,17040,8,,,1,15,,17034,8,,,1,14,,17057,8,,,1,569,,17042,8,,,1,12,,17052,8,,,1,15,,17056,8,,,1,16,,17035,8,,,1,55,,17054,8,,,1,15,,17050,8,,,1,15,,17046,8,,,1,15,,17039,8,,,1,55,,17033,8,,,1,15,,17049,8,,,1,15,,17045,8,,,1,16,,17058,8,,,1,56,,17032,8,,,1,16,,17043,8,,,1
1301,'12',621,,17066,8,,,1,13,,17081,8,,,1,12,,17083,8,,,1,57,,17072,8,,,1,16,,17064,8,,,1,15,,17076,8,,,1,15,,17059,8,,,1,55,,17075,8,,,1,15,,17065,8,,,1,18,,17079,8,,,1,13,,17069,8,,,1,54,,17068,8,,,1,15,,17062,8,,,1,14,,17085,8,,,1,569,,17070,8,,,1,12,,17080,8,,,1,15,,17084,8,,,1,16,,17063,8,,,1,55,,17082,8,,,1,15,,17078,8,,,1,15,,17074,8,,,1,15,,17067,8,,,1,55,,17061,8,,,1,15,,17077,8,,,1,15,,17073,8,,,1,16,,17086,8,,,1,56,,17060,8,,,1,16,,17071,8,,,1
1301,'13',621,,17094,8,,,1,13,,17103,8,,,1,12,,17107,8,,,1,57,,17087,8,,,1,16,,17091,8,,,1,15,,17111,8,,,1,13,,17092,8,,,1,57,,17102,8,,,1,15,,17104,8,,,1,18,,17108,8,,,1,13,,17101,8,,,1,54,,17099,8,,,1,15,,17100,8,,,1,14,,17110,8,,,1,569,,17105,8,,,1,12,,17109,8,,,1,16,,17112,8,,,1,15,,17098,8,,,1,55,,17113,8,,,1,15,,17095,8,,,1,15,,17114,8,,,1,15,,17106,8,,,1,55,,17096,8,,,1,15,,17089,8,,,1,13,,17097,8,,,1,18,,17093,8,,,1,56,,17090,8,,,1,16,,17088,8,,,1
1301,'15',621,,17122,8,,,1,13,,17137,8,,,1,12,,17139,8,,,1,57,,17128,8,,,1,16,,17120,8,,,1,15,,17132,8,,,1,15,,17115,8,,,1,55,,17131,8,,,1,15,,17121,8,,,1,18,,17135,8,,,1,13,,17125,8,,,1,54,,17124,8,,,1,15,,17118,8,,,1,14,,17141,8,,,1,569,,17126,8,,,1,12,,17136,8,,,1,15,,17140,8,,,1,16,,17119,8,,,1,55,,17138,8,,,1,15,,17134,8,,,1,15,,17130,8,,,1,15,,17123,8,,,1,55,,17117,8,,,1,15,,17133,8,,,1,15,,17129,8,,,1,16,,17142,8,,,1,56,,17116,8,,,1,16,,17127,8,,,1
1301,'16',621,,17150,8,,,1,13,,17165,8,,,1,12,,17167,8,,,1,57,,17156,8,,,1,16,,17148,8,,,1,15,,17160,8,,,1,15,,17143,8,,,1,55,,17159,8,,,1,15,,17149,8,,,1,18,,17163,8,,,1,13,,17153,8,,,1,54,,17152,8,,,1,15,,17146,8,,,1,14,,17169,8,,,1,569,,17154,8,,,1,12,,17164,8,,,1,15,,17168,8,,,1,16,,17147,8,,,1,55,,17166,8,,,1,15,,17162,8,,,1,15,,17158,8,,,1,15,,17151,8,,,1,55,,17145,8,,,1,15,,17161,8,,,1,15,,17157,8,,,1,16,,17170,8,,,1,56,,17144,8,,,1,16,,17155,8,,,1
1301,'17',621,,17178,8,,,1,13,,17187,8,,,1,12,,17191,8,,,1,57,,17171,8,,,1,16,,17175,8,,,1,15,,17195,8,,,1,13,,17176,8,,,1,57,,17186,8,,,1,15,,17188,8,,,1,18,,17192,8,,,1,13,,17185,8,,,1,54,,17183,8,,,1,15,,17184,8,,,1,14,,17194,8,,,1,569,,17189,8,,,1,12,,17193,8,,,1,16,,17196,8,,,1,15,,17182,8,,,1,55,,17197,8,,,1,15,,17179,8,,,1,15,,17198,8,,,1,15,,17190,8,,,1,55,,17180,8,,,1,15,,17173,8,,,1,13,,17181,8,,,1,18,,17177,8,,,1,56,,17174,8,,,1,16,,17172,8,,,1
1301,'19',621,,17206,8,,,1,13,,17215,8,,,1,12,,17219,8,,,1,57,,17199,8,,,1,16,,17203,8,,,1,15,,17223,8,,,1,13,,17204,8,,,1,57,,17214,8,,,1,15,,17216,8,,,1,18,,17220,8,,,1,13,,17213,8,,,1,54,,17211,8,,,1,15,,17212,8,,,1,14,,17222,8,,,1,569,,17217,8,,,1,12,,17221,8,,,1,16,,17224,8,,,1,15,,17210,8,,,1,55,,17225,8,,,1,15,,17207,8,,,1,15,,17226,8,,,1,15,,17218,8,,,1,55,,17208,8,,,1,15,,17201,8,,,1,13,,17209,8,,,1,18,,17205,8,,,1,56,,17202,8,,,1,16,,17200,8,,,1
1301,'3',621,,17234,8,,,1,13,,17249,8,,,1,12,,17251,8,,,1,57,,17240,8,,,1,16,,17232,8,,,1,15,,17244,8,,,1,15,,17227,8,,,1,55,,17243,8,,,1,15,,17233,8,,,1,18,,17247,8,,,1,13,,17237,8,,,1,54,,17236,8,,,1,15,,17230,8,,,1,14,,17253,8,,,1,569,,17238,8,,,1,12,,17248,8,,,1,15,,17252,8,,,1,16,,17231,8,,,1,55,,17250,8,,,1,15,,17246,8,,,1,15,,17242,8,,,1,15,,17235,8,,,1,55,,17229,8,,,1,15,,17245,8,,,1,15,,17241,8,,,1,16,,17254,8,,,1,56,,17228,8,,,1,16,,17239,8,,,1
1301,'4',621,,17262,8,,,1,13,,17277,8,,,1,12,,17279,8,,,1,57,,17268,8,,,1,16,,17260,8,,,1,15,,17272,8,,,1,15,,17255,8,,,1,55,,17271,8,,,1,15,,17261,8,,,1,18,,17275,8,,,1,13,,17265,8,,,1,54,,17264,8,,,1,15,,17258,8,,,1,14,,17281,8,,,1,569,,17266,8,,,1,12,,17276,8,,,1,15,,17280,8,,,1,16,,17259,8,,,1,55,,17278,8,,,1,15,,17274,8,,,1,15,,17270,8,,,1,15,,17263,8,,,1,55,,17257,8,,,1,15,,17273,8,,,1,15,,17269,8,,,1,16,,17282,8,,,1,56,,17256,8,,,1,16,,17267,8,,,1
1301,'5',621,,17290,8,,,1,13,,17299,8,,,1,12,,17303,8,,,1,57,,17283,8,,,1,16,,17287,8,,,1,15,,17307,8,,,1,13,,17288,8,,,1,57,,17298,8,,,1,15,,17300,8,,,1,18,,17304,8,,,1,13,,17297,8,,,1,54,,17295,8,,,1,15,,17296,8,,,1,14,,17306,8,,,1,569,,17301,8,,,1,12,,17305,8,,,1,16,,17308,8,,,1,15,,17294,8,,,1,55,,17309,8,,,1,15,,17291,8,,,1,15,,17310,8,,,1,15,,17302,8,,,1,55,,17292,8,,,1,15,,17285,8,,,1,13,,17293,8,,,1,18,,17289,8,,,1,56,,17286,8,,,1,16,,17284,8,,,1
1301,'6',621,,17318,8,,,1,13,,17333,8,,,1,12,,17335,8,,,1,57,,17324,8,,,1,16,,17316,8,,,1,15,,17328,8,,,1,15,,17311,8,,,1,55,,17327,8,,,1,15,,17317,8,,,1,18,,17331,8,,,1,13,,17321,8,,,1,54,,17320,8,,,1,15,,17314,8,,,1,14,,17337,8,,,1,569,,17322,8,,,1,12,,17332,8,,,1,15,,17336,8,,,1,16,,17315,8,,,1,55,,17334,8,,,1,15,,17330,8,,,1,15,,17326,8,,,1,15,,17319,8,,,1,55,,17313,8,,,1,15,,17329,8,,,1,15,,17325,8,,,1,16,,17338,8,,,1,56,,17312,8,,,1,16,,17323,8,,,1
1301,'7',621,,17346,8,,,1,13,,17355,8,,,1,12,,17359,8,,,1,57,,17339,8,,,1,16,,17343,8,,,1,15,,17363,8,,,1,13,,17344,8,,,1,57,,17354,8,,,1,15,,17356,8,,,1,18,,17360,8,,,1,13,,17353,8,,,1,54,,17351,8,,,1,15,,17352,8,,,1,14,,17362,8,,,1,569,,17357,8,,,1,12,,17361,8,,,1,16,,17364,8,,,1,15,,17350,8,,,1,55,,17365,8,,,1,15,,17347,8,,,1,15,,17366,8,,,1,15,,17358,8,,,1,55,,17348,8,,,1,15,,17341,8,,,1,13,,17349,8,,,1,18,,17345,8,,,1,56,,17342,8,,,1,16,,17340,8,,,1
