3500,'10',1429,,33744,2,0,27 28,1
3500,'11',1429,,33781,2,0,27 28,1
3500,'12',1429,,33818,2,0,27 28,1
3500,'15',1429,,33918,2,0,27 28,1
3500,'16',1429,,33955,2,0,27 28,1
3500,'3',1429,,34115,2,0,27 28,1
3500,'4',1429,,34152,2,0,27 28,1
3500,'6',1429,,34222,2,0,27 28,1
61201,'10',1429,,118335,2,,,1
61201,'11',1429,,118338,2,,,1
61201,'12',1429,,118341,2,,,1
61201,'15',1429,,118344,2,,,1
61201,'16',1429,,118347,2,,,1
61201,'3',1429,,118350,2,,,1
61201,'4',1429,,118353,2,,,1
61201,'6',1429,,118356,2,,,1
