3901,'1',936,,39032,24,,,1,70,,39005,24,,,1,30,,39009,24,,,1,70,,39019,24,,,1,30,,39055,24,,,1,70,,39025,24,,,1,30,,39014,24,,,1,70,,39038,24,,,1,30,,39050,24,,,1,70,,39053,24,,,1,30,,38989,24,,,1,70,,39007,24,,,1,30,,38986,24,,,1,70,,39054,24,,,1,30,,39029,24,,,1,70,,39018,24,,,1,30,,39047,24,,,1,70,,39010,24,,,1,30,,39015,24,,,1,70,,39033,24,,,1,30,,39002,24,,,1,70,,39011,24,,,1,30,,39016,24,,,1,70,,39003,24,,,1
3901,'10',556,,39112,24,,,1,73,,39100,24,,,1,21,,39096,24,,,1,72,,39083,24,,,1,29,,39117,24,,,1,68,,39081,24,,,1,31,,39093,24,,,1,70,,39073,24,,,1,30,,39104,24,,,1,70,,39069,24,,,1,30,,39084,24,,,1,70,,39074,24,,,1,30,,39119,24,,,1,70,,39120,24,,,1,30,,39082,24,,,1,70,,39099,24,,,1,30,,39091,24,,,1,70,,39068,24,,,1,33,,39098,24,,,1,70,,39111,24,,,1,17,,39125,24,,,1,13,,39106,24,,,1
3901,'11',556,,39192,24,,,1,73,,39180,24,,,1,21,,39176,24,,,1,72,,39163,24,,,1,29,,39197,24,,,1,68,,39161,24,,,1,31,,39173,24,,,1,70,,39153,24,,,1,30,,39184,24,,,1,70,,39149,24,,,1,30,,39164,24,,,1,70,,39154,24,,,1,30,,39199,24,,,1,70,,39200,24,,,1,30,,39162,24,,,1,70,,39179,24,,,1,30,,39171,24,,,1,70,,39148,24,,,1,33,,39178,24,,,1,70,,39191,24,,,1,17,,39205,24,,,1,13,,39186,24,,,1
3901,'12',556,,39272,24,,,1,73,,39260,24,,,1,21,,39256,24,,,1,72,,39243,24,,,1,29,,39277,24,,,1,68,,39241,24,,,1,31,,39253,24,,,1,70,,39233,24,,,1,30,,39264,24,,,1,70,,39229,24,,,1,30,,39244,24,,,1,70,,39234,24,,,1,30,,39279,24,,,1,70,,39280,24,,,1,30,,39242,24,,,1,70,,39259,24,,,1,30,,39251,24,,,1,70,,39228,24,,,1,33,,39258,24,,,1,70,,39271,24,,,1,17,,39285,24,,,1,13,,39266,24,,,1
3901,'13',556,,39379,24,,,1,73,,39338,24,,,1,21,,39362,24,,,1,72,,39366,24,,,1,28,,39336,24,,,1,69,,39335,24,,,1,33,,39340,24,,,1,68,,39377,24,,,1,30,,39374,24,,,1,70,,39307,24,,,1,30,,39315,24,,,1,70,,39363,24,,,1,30,,39309,24,,,1,70,,39301,24,,,1,30,,39322,24,,,1,70,,39358,24,,,1,30,,39321,24,,,1,70,,39304,24,,,1,33,,39367,24,,,1,70,,39361,24,,,1,17,,39360,24,,,1,13,,39343,24,,,1
3901,'14',835,,39441,24,,,1,70,,39431,24,,,1,30,,39458,24,,,1,70,,39411,24,,,1,30,,39423,24,,,1,70,,39440,24,,,1,30,,39455,24,,,1,70,,39404,24,,,1,30,,39390,24,,,1,70,,39405,24,,,1,30,,39413,24,,,1,70,,39437,24,,,1,30,,39397,24,,,1,70,,39418,24,,,1,30,,39395,24,,,1,70,,39435,24,,,1,30,,39400,24,,,1,70,,39446,24,,,1,30,,39425,24,,,1,70,,39442,24,,,1,30,,39429,24,,,1,70,,39415,24,,,1,30,,39394,24,,,1,70,,39439,24,,,1,30,,39410,24,,,1,70,,39384,24,,,1,30,,39396,24,,,1,70,,39403,24,,,1
3901,'15',556,,39510,24,,,1,73,,39498,24,,,1,21,,39494,24,,,1,72,,39481,24,,,1,29,,39515,24,,,1,68,,39479,24,,,1,31,,39491,24,,,1,70,,39471,24,,,1,30,,39502,24,,,1,70,,39467,24,,,1,30,,39482,24,,,1,70,,39472,24,,,1,30,,39517,24,,,1,70,,39518,24,,,1,30,,39480,24,,,1,70,,39497,24,,,1,30,,39489,24,,,1,70,,39466,24,,,1,33,,39496,24,,,1,70,,39509,24,,,1,17,,39523,24,,,1,13,,39504,24,,,1
3901,'16',556,,39590,24,,,1,73,,39578,24,,,1,21,,39574,24,,,1,72,,39561,24,,,1,29,,39595,24,,,1,68,,39559,24,,,1,31,,39571,24,,,1,70,,39551,24,,,1,30,,39582,24,,,1,70,,39547,24,,,1,30,,39562,24,,,1,70,,39552,24,,,1,30,,39597,24,,,1,70,,39598,24,,,1,30,,39560,24,,,1,70,,39577,24,,,1,30,,39569,24,,,1,70,,39546,24,,,1,33,,39576,24,,,1,70,,39589,24,,,1,17,,39603,24,,,1,13,,39584,24,,,1
3901,'17',556,,39697,24,,,1,73,,39656,24,,,1,21,,39680,24,,,1,72,,39684,24,,,1,28,,39654,24,,,1,69,,39653,24,,,1,33,,39658,24,,,1,68,,39695,24,,,1,30,,39692,24,,,1,70,,39625,24,,,1,30,,39633,24,,,1,70,,39681,24,,,1,30,,39627,24,,,1,70,,39619,24,,,1,30,,39640,24,,,1,70,,39676,24,,,1,30,,39639,24,,,1,70,,39622,24,,,1,33,,39685,24,,,1,70,,39679,24,,,1,17,,39678,24,,,1,13,,39661,24,,,1
3901,'18',556,,39719,24,,,1,73,,39756,24,,,1,21,,39707,24,,,1,72,,39776,24,,,1,29,,39754,24,,,1,70,,39760,24,,,1,31,,39777,24,,,1,68,,39737,24,,,1,30,,39722,24,,,1,70,,39713,24,,,1,30,,39743,24,,,1,70,,39778,24,,,1,30,,39699,24,,,1,70,,39767,24,,,1,30,,39709,24,,,1,70,,39711,24,,,1,30,,39763,24,,,1,70,,39775,24,,,1,33,,39745,24,,,1,70,,39741,24,,,1,17,,39725,24,,,1,13,,39739,24,,,1
3901,'19',556,,39857,24,,,1,73,,39816,24,,,1,21,,39840,24,,,1,72,,39844,24,,,1,28,,39814,24,,,1,69,,39813,24,,,1,33,,39818,24,,,1,68,,39855,24,,,1,30,,39852,24,,,1,70,,39785,24,,,1,30,,39793,24,,,1,70,,39841,24,,,1,30,,39787,24,,,1,70,,39779,24,,,1,30,,39800,24,,,1,70,,39836,24,,,1,30,,39799,24,,,1,70,,39782,24,,,1,33,,39845,24,,,1,70,,39839,24,,,1,17,,39838,24,,,1,13,,39821,24,,,1
3901,'2',936,,39905,24,,,1,70,,39878,24,,,1,30,,39882,24,,,1,70,,39892,24,,,1,30,,39928,24,,,1,70,,39898,24,,,1,30,,39887,24,,,1,70,,39911,24,,,1,30,,39923,24,,,1,70,,39926,24,,,1,30,,39862,24,,,1,70,,39880,24,,,1,30,,39859,24,,,1,70,,39927,24,,,1,30,,39902,24,,,1,70,,39891,24,,,1,30,,39920,24,,,1,70,,39883,24,,,1,30,,39888,24,,,1,70,,39906,24,,,1,30,,39875,24,,,1,70,,39884,24,,,1,30,,39889,24,,,1,70,,39876,24,,,1
3901,'3',556,,39985,24,,,1,73,,39973,24,,,1,21,,39969,24,,,1,72,,39956,24,,,1,29,,39990,24,,,1,68,,39954,24,,,1,31,,39966,24,,,1,70,,39946,24,,,1,30,,39977,24,,,1,70,,39942,24,,,1,30,,39957,24,,,1,70,,39947,24,,,1,30,,39992,24,,,1,70,,39993,24,,,1,30,,39955,24,,,1,70,,39972,24,,,1,30,,39964,24,,,1,70,,39941,24,,,1,33,,39971,24,,,1,70,,39984,24,,,1,17,,39998,24,,,1,13,,39979,24,,,1
3901,'4',556,,40065,24,,,1,73,,40053,24,,,1,21,,40049,24,,,1,72,,40036,24,,,1,29,,40070,24,,,1,68,,40034,24,,,1,31,,40046,24,,,1,70,,40026,24,,,1,30,,40057,24,,,1,70,,40022,24,,,1,30,,40037,24,,,1,70,,40027,24,,,1,30,,40072,24,,,1,70,,40073,24,,,1,30,,40035,24,,,1,70,,40052,24,,,1,30,,40044,24,,,1,70,,40021,24,,,1,33,,40051,24,,,1,70,,40064,24,,,1,17,,40078,24,,,1,13,,40059,24,,,1
3901,'5',556,,40172,24,,,1,73,,40131,24,,,1,21,,40155,24,,,1,72,,40159,24,,,1,28,,40129,24,,,1,69,,40128,24,,,1,33,,40133,24,,,1,68,,40170,24,,,1,30,,40167,24,,,1,70,,40100,24,,,1,30,,40108,24,,,1,70,,40156,24,,,1,30,,40102,24,,,1,70,,40094,24,,,1,30,,40115,24,,,1,70,,40151,24,,,1,30,,40114,24,,,1,70,,40097,24,,,1,33,,40160,24,,,1,70,,40154,24,,,1,17,,40153,24,,,1,13,,40136,24,,,1
3901,'6',556,,40225,24,,,1,73,,40213,24,,,1,21,,40209,24,,,1,72,,40196,24,,,1,29,,40230,24,,,1,68,,40194,24,,,1,31,,40206,24,,,1,70,,40186,24,,,1,30,,40217,24,,,1,70,,40182,24,,,1,30,,40197,24,,,1,70,,40187,24,,,1,30,,40232,24,,,1,70,,40233,24,,,1,30,,40195,24,,,1,70,,40212,24,,,1,30,,40204,24,,,1,70,,40181,24,,,1,33,,40211,24,,,1,70,,40224,24,,,1,17,,40238,24,,,1,13,,40219,24,,,1
3901,'7',556,,40332,24,,,1,73,,40291,24,,,1,21,,40315,24,,,1,72,,40319,24,,,1,28,,40289,24,,,1,69,,40288,24,,,1,33,,40293,24,,,1,68,,40330,24,,,1,30,,40327,24,,,1,70,,40260,24,,,1,30,,40268,24,,,1,70,,40316,24,,,1,30,,40262,24,,,1,70,,40254,24,,,1,30,,40275,24,,,1,70,,40311,24,,,1,30,,40274,24,,,1,70,,40257,24,,,1,33,,40320,24,,,1,70,,40314,24,,,1,17,,40313,24,,,1,13,,40296,24,,,1
3901,'8',835,,40394,24,,,1,70,,40384,24,,,1,30,,40411,24,,,1,70,,40364,24,,,1,30,,40376,24,,,1,70,,40393,24,,,1,30,,40408,24,,,1,70,,40357,24,,,1,30,,40343,24,,,1,70,,40358,24,,,1,30,,40366,24,,,1,70,,40390,24,,,1,30,,40350,24,,,1,70,,40371,24,,,1,30,,40348,24,,,1,70,,40388,24,,,1,30,,40353,24,,,1,70,,40399,24,,,1,30,,40378,24,,,1,70,,40395,24,,,1,30,,40382,24,,,1,70,,40368,24,,,1,30,,40347,24,,,1,70,,40392,24,,,1,30,,40363,24,,,1,70,,40337,24,,,1,30,,40349,24,,,1,70,,40356,24,,,1
3901,'9',936,,40458,24,,,1,70,,40431,24,,,1,30,,40435,24,,,1,70,,40445,24,,,1,30,,40481,24,,,1,70,,40451,24,,,1,30,,40440,24,,,1,70,,40464,24,,,1,30,,40476,24,,,1,70,,40479,24,,,1,30,,40415,24,,,1,70,,40433,24,,,1,30,,40412,24,,,1,70,,40480,24,,,1,30,,40455,24,,,1,70,,40444,24,,,1,30,,40473,24,,,1,70,,40436,24,,,1,30,,40441,24,,,1,70,,40459,24,,,1,30,,40428,24,,,1,70,,40437,24,,,1,30,,40442,24,,,1,70,,40429,24,,,1
