5600,'1',743,,56275,39,,,1,100,,56295,39,,,1,101,,56292,39,,,1,102,,56283,39,,,1,100,,56296,39,,,1,100,,56297,39,,,1,100,,56306,39,,,1,100,,56282,39,,,1,101,,56285,39,,,1,100,,56287,39,,,1,99,,56284,39,,,1,99,,56288,39,,,1,98,,56299,39,,,1,100,,56290,39,,,1,100,,56279,39,,,1,84,,56291,39,,,1
5600,'10',624,,56309,39,,,1,27,,56333,39,,,1,77,,56340,39,,,1,78,,56317,39,,,1,32,,56319,39,,,1,71,,56347,39,,,1,94,,56322,39,,,1,28,,56353,39,,,1,489,,56332,39,,,1,34,,56346,39,,,1,57,,56329,39,,,1,23,,56315,39,,,1,5,,56330,39,,,1,14,,56310,39,,,1,56,,56328,39,,,1,14,,56320,39,,,1,29,,56313,39,,,1,58,,56326,39,,,1,97,,56343,39,,,1
5600,'11',624,,56357,39,,,1,27,,56381,39,,,1,77,,56388,39,,,1,78,,56365,39,,,1,32,,56367,39,,,1,71,,56395,39,,,1,94,,56370,39,,,1,28,,56401,39,,,1,489,,56380,39,,,1,34,,56394,39,,,1,57,,56377,39,,,1,23,,56363,39,,,1,5,,56378,39,,,1,14,,56358,39,,,1,56,,56376,39,,,1,14,,56368,39,,,1,29,,56361,39,,,1,58,,56374,39,,,1,97,,56391,39,,,1
5600,'12',624,,56405,39,,,1,27,,56429,39,,,1,77,,56436,39,,,1,78,,56413,39,,,1,32,,56415,39,,,1,71,,56443,39,,,1,94,,56418,39,,,1,28,,56449,39,,,1,489,,56428,39,,,1,34,,56442,39,,,1,57,,56425,39,,,1,23,,56411,39,,,1,5,,56426,39,,,1,14,,56406,39,,,1,56,,56424,39,,,1,14,,56416,39,,,1,29,,56409,39,,,1,58,,56422,39,,,1,97,,56439,39,,,1
5600,'13',624,,56486,39,,,1,27,,56497,39,,,1,77,,56454,39,,,1,78,,56473,39,,,1,32,,56470,39,,,1,71,,56499,39,,,1,30,,56479,39,,,1,64,,56496,39,,,1,28,,56458,39,,,1,470,,56472,39,,,1,21,,56469,39,,,1,34,,56491,39,,,1,55,,56474,39,,,1,22,,56462,39,,,1,11,,56455,39,,,1,7,,56482,39,,,1,57,,56494,39,,,1,15,,56476,39,,,1,29,,56453,39,,,1,59,,56485,39,,,1,26,,56475,39,,,1,70,,56463,39,,,1
5600,'14',731,,56509,39,,,1,100,,56534,39,,,1,101,,56532,39,,,1,102,,56502,39,,,1,100,,56526,39,,,1,100,,56530,39,,,1,100,,56513,39,,,1,100,,56510,39,,,1,101,,56512,39,,,1,100,,56533,39,,,1,100,,56528,39,,,1,98,,56508,39,,,1,98,,56503,39,,,1,100,,56506,39,,,1,100,,56511,39,,,1,99,,56525,39,,,1
5600,'15',624,,56537,39,,,1,27,,56561,39,,,1,77,,56568,39,,,1,78,,56545,39,,,1,32,,56547,39,,,1,71,,56575,39,,,1,94,,56550,39,,,1,28,,56581,39,,,1,489,,56560,39,,,1,34,,56574,39,,,1,57,,56557,39,,,1,23,,56543,39,,,1,5,,56558,39,,,1,14,,56538,39,,,1,56,,56556,39,,,1,14,,56548,39,,,1,29,,56541,39,,,1,58,,56554,39,,,1,97,,56571,39,,,1
5600,'16',624,,56585,39,,,1,27,,56609,39,,,1,77,,56616,39,,,1,78,,56593,39,,,1,32,,56595,39,,,1,71,,56623,39,,,1,94,,56598,39,,,1,28,,56629,39,,,1,489,,56608,39,,,1,34,,56622,39,,,1,57,,56605,39,,,1,23,,56591,39,,,1,5,,56606,39,,,1,14,,56586,39,,,1,56,,56604,39,,,1,14,,56596,39,,,1,29,,56589,39,,,1,58,,56602,39,,,1,97,,56619,39,,,1
5600,'17',624,,56666,39,,,1,27,,56677,39,,,1,77,,56634,39,,,1,78,,56653,39,,,1,32,,56650,39,,,1,71,,56679,39,,,1,30,,56659,39,,,1,64,,56676,39,,,1,28,,56638,39,,,1,470,,56652,39,,,1,21,,56649,39,,,1,34,,56671,39,,,1,55,,56654,39,,,1,22,,56642,39,,,1,11,,56635,39,,,1,7,,56662,39,,,1,57,,56674,39,,,1,15,,56656,39,,,1,29,,56633,39,,,1,59,,56665,39,,,1,26,,56655,39,,,1,70,,56643,39,,,1
5600,'18',624,,56726,39,,,1,27,,56682,39,,,1,77,,56702,39,,,1,78,,56696,39,,,1,31,,56707,39,,,1,72,,56694,39,,,1,30,,56708,39,,,1,64,,56730,39,,,1,28,,56721,39,,,1,470,,56687,39,,,1,19,,56691,39,,,1,32,,56727,39,,,1,59,,56731,39,,,1,23,,56720,39,,,1,5,,56712,39,,,1,13,,56698,39,,,1,58,,56729,39,,,1,13,,56710,39,,,1,29,,56683,39,,,1,58,,56695,39,,,1,27,,56709,39,,,1,70,,56719,39,,,1
5600,'19',624,,56768,39,,,1,27,,56779,39,,,1,77,,56736,39,,,1,78,,56755,39,,,1,32,,56752,39,,,1,71,,56781,39,,,1,30,,56761,39,,,1,64,,56778,39,,,1,28,,56740,39,,,1,470,,56754,39,,,1,21,,56751,39,,,1,34,,56773,39,,,1,55,,56756,39,,,1,22,,56744,39,,,1,11,,56737,39,,,1,7,,56764,39,,,1,57,,56776,39,,,1,15,,56758,39,,,1,29,,56735,39,,,1,59,,56767,39,,,1,26,,56757,39,,,1,70,,56745,39,,,1
5600,'2',743,,56784,39,,,1,100,,56804,39,,,1,101,,56801,39,,,1,102,,56792,39,,,1,100,,56805,39,,,1,100,,56806,39,,,1,100,,56815,39,,,1,100,,56791,39,,,1,101,,56794,39,,,1,100,,56796,39,,,1,99,,56793,39,,,1,99,,56797,39,,,1,98,,56808,39,,,1,100,,56799,39,,,1,100,,56788,39,,,1,84,,56800,39,,,1
5600,'3',624,,56818,39,,,1,27,,56842,39,,,1,77,,56849,39,,,1,78,,56826,39,,,1,32,,56828,39,,,1,71,,56856,39,,,1,94,,56831,39,,,1,28,,56862,39,,,1,489,,56841,39,,,1,34,,56855,39,,,1,57,,56838,39,,,1,23,,56824,39,,,1,5,,56839,39,,,1,14,,56819,39,,,1,56,,56837,39,,,1,14,,56829,39,,,1,29,,56822,39,,,1,58,,56835,39,,,1,97,,56852,39,,,1
5600,'4',624,,56866,39,,,1,27,,56890,39,,,1,77,,56897,39,,,1,78,,56874,39,,,1,32,,56876,39,,,1,71,,56904,39,,,1,94,,56879,39,,,1,28,,56910,39,,,1,489,,56889,39,,,1,34,,56903,39,,,1,57,,56886,39,,,1,23,,56872,39,,,1,5,,56887,39,,,1,14,,56867,39,,,1,56,,56885,39,,,1,14,,56877,39,,,1,29,,56870,39,,,1,58,,56883,39,,,1,97,,56900,39,,,1
5600,'5',624,,56947,39,,,1,27,,56958,39,,,1,77,,56915,39,,,1,78,,56934,39,,,1,32,,56931,39,,,1,71,,56960,39,,,1,30,,56940,39,,,1,64,,56957,39,,,1,28,,56919,39,,,1,470,,56933,39,,,1,21,,56930,39,,,1,34,,56952,39,,,1,55,,56935,39,,,1,22,,56923,39,,,1,11,,56916,39,,,1,7,,56943,39,,,1,57,,56955,39,,,1,15,,56937,39,,,1,29,,56914,39,,,1,59,,56946,39,,,1,26,,56936,39,,,1,70,,56924,39,,,1
5600,'6',624,,56965,39,,,1,27,,56989,39,,,1,77,,56996,39,,,1,78,,56973,39,,,1,32,,56975,39,,,1,71,,57003,39,,,1,94,,56978,39,,,1,28,,57009,39,,,1,489,,56988,39,,,1,34,,57002,39,,,1,57,,56985,39,,,1,23,,56971,39,,,1,5,,56986,39,,,1,14,,56966,39,,,1,56,,56984,39,,,1,14,,56976,39,,,1,29,,56969,39,,,1,58,,56982,39,,,1,97,,56999,39,,,1
5600,'7',624,,57046,39,,,1,27,,57057,39,,,1,77,,57014,39,,,1,78,,57033,39,,,1,32,,57030,39,,,1,71,,57059,39,,,1,30,,57039,39,,,1,64,,57056,39,,,1,28,,57018,39,,,1,470,,57032,39,,,1,21,,57029,39,,,1,34,,57051,39,,,1,55,,57034,39,,,1,22,,57022,39,,,1,11,,57015,39,,,1,7,,57042,39,,,1,57,,57054,39,,,1,15,,57036,39,,,1,29,,57013,39,,,1,59,,57045,39,,,1,26,,57035,39,,,1,70,,57023,39,,,1
5600,'8',731,,57069,39,,,1,100,,57094,39,,,1,101,,57092,39,,,1,102,,57062,39,,,1,100,,57086,39,,,1,100,,57090,39,,,1,100,,57073,39,,,1,100,,57070,39,,,1,101,,57072,39,,,1,100,,57093,39,,,1,100,,57088,39,,,1,98,,57068,39,,,1,98,,57063,39,,,1,100,,57066,39,,,1,100,,57071,39,,,1,99,,57085,39,,,1
5600,'9',743,,57095,39,,,1,100,,57115,39,,,1,101,,57112,39,,,1,102,,57103,39,,,1,100,,57116,39,,,1,100,,57117,39,,,1,100,,57126,39,,,1,100,,57102,39,,,1,101,,57105,39,,,1,100,,57107,39,,,1,99,,57104,39,,,1,99,,57108,39,,,1,98,,57119,39,,,1,100,,57110,39,,,1,100,,57099,39,,,1,84,,57111,39,,,1
