22200,'1',621,,374616,23,,,0,33,,374615,23,,,0,68,,374614,23,,,0
22200,'11',621,,374617,23,,,0,33,,282816,23,,,0,68,,374618,23,,,0
22200,'13',621,,374619,23,,,0,33,,282841,23,,,0,68,,374620,23,,,0
22200,'14',621,,374621,23,,,0,33,,282933,23,,,0,68,,374622,23,,,0
22200,'2',621,,374623,23,,,0,33,,374624,23,,,0,68,,241195,23,,,0
22200,'3',621,,374625,23,,,0,33,,374627,23,,,0,68,,374626,23,,,0
22200,'4',621,,374628,23,,,0,101,,201970,23,,,0
22200,'5',621,,374629,23,,,0,33,,374631,23,,,0,68,,374630,23,,,0
22200,'6',621,,374632,23,,,0,33,,282677,23,,,0,68,,374633,23,,,0
22200,'7',621,,374634,23,,,0,33,,374635,23,,,0,68,,241163,23,,,0
22200,'9',621,,374636,23,,,0,33,,282623,23,,,0,68,,374637,23,,,0
