22100,'10',650,,115760,31,,,1,70,,115758,31,,,1
22100,'11',650,,115764,31,,,1,70,,115762,31,,,1
22100,'12',650,,115768,31,,,1,70,,115766,31,,,1
22100,'13',650,,115771,31,,,1,69,,115772,31,,,1
22100,'15',650,,115776,31,,,1,70,,115774,31,,,1
22100,'16',650,,115780,31,,,1,70,,115778,31,,,1
22100,'17',650,,115783,31,,,1,69,,115784,31,,,1
22100,'18',650,,115789,31,,,1,68,,115786,31,,,1
22100,'19',650,,115791,31,,,1,69,,115792,31,,,1
22100,'3',650,,115796,31,,,1,70,,115794,31,,,1
22100,'4',650,,115800,31,,,1,70,,115798,31,,,1
22100,'5',650,,115803,31,,,1,69,,115804,31,,,1
22100,'6',650,,115808,31,,,1,70,,115806,31,,,1
22100,'7',650,,115811,31,,,1,69,,115812,31,,,1
