25600,'12',533,,160728,34,,,1,76,,186499,34,,,1,29,,293567,34,,,1,68,,293566,34,,,1,30,,293564,34,,,1,69,,293565,34,,,1,32,,293563,34,,,1
25600,'14',533,,293569,34,,,1,76,,293572,34,,,1,29,,293571,34,,,1,67,,293574,34,,,1,31,,293573,34,,,1,69,,293570,34,,,1,30,,293568,34,,,1
25600,'15',533,,160877,34,,,1,76,,186670,34,,,1,29,,293579,34,,,1,68,,293578,34,,,1,30,,293576,34,,,1,69,,293577,34,,,1,32,,293575,34,,,1
25600,'17',533,,293581,34,,,1,76,,293584,34,,,1,29,,293583,34,,,1,67,,293586,34,,,1,31,,293585,34,,,1,69,,293582,34,,,1,30,,293580,34,,,1
25600,'18',533,,293588,34,,,1,76,,293591,34,,,1,29,,293590,34,,,1,67,,293593,34,,,1,31,,293592,34,,,1,69,,293589,34,,,1,30,,293587,34,,,1
25600,'2',533,,293594,34,,,1,76,,293597,34,,,1,29,,293596,34,,,1,67,,293598,34,,,1,31,,173206,34,,,1,69,,293595,34,,,1,30,,112544,34,,,1
25600,'3',533,,293604,34,,,1,76,,293603,34,,,1,29,,293602,34,,,1,68,,293601,34,,,1,30,,293599,34,,,1,69,,293600,34,,,1,32,,123751,34,,,1
25600,'4',533,,160943,34,,,1,76,,186740,34,,,1,29,,293609,34,,,1,68,,293608,34,,,1,30,,293606,34,,,1,69,,293607,34,,,1,32,,293605,34,,,1
25600,'5',533,,160395,34,,,1,76,,186112,34,,,1,29,,293614,34,,,1,68,,293613,34,,,1,30,,293611,34,,,1,69,,293612,34,,,1,32,,293610,34,,,1
25600,'7',533,,293616,34,,,1,76,,293619,34,,,1,29,,293618,34,,,1,67,,293621,34,,,1,31,,293620,34,,,1,69,,293617,34,,,1,30,,293615,34,,,1
25600,'8',533,,293624,34,,,1,105,,293623,34,,,1,98,,293622,34,,,1,101,,293625,34,,,1
25600,'9',533,,160692,34,,,1,76,,186456,34,,,1,29,,293630,34,,,1,68,,293629,34,,,1,30,,293627,34,,,1,69,,293628,34,,,1,32,,293626,34,,,1
