4201,'1',549,,88926,18,,,1,102,,153188,18,,,1,70,,153207,18,,,1,30,,153190,18,,,1,72,,153191,18,,,1,13,,39194,18,,,1,67,,153193,18,,,1,28,,153187,18,,,1,69,,153204,18,,,1,30,,153212,18,,,1,70,,153205,18,,,1,31,,153210,18,,,1,70,,153211,18,,,1,30,,153189,18,,,1,70,,153195,18,,,1,30,,153202,18,,,1,71,,153203,18,,,1,30,,153201,18,,,1,70,,153197,18,,,1,28,,153200,18,,,1,20,,153213,18,,,1,74,,153199,18,,,1,28,,153206,18,,,1,70,,153194,18,,,1,27,,153208,18,,,1,70,,31131,18,,,1,30,,100396,18,,,1,70,,153196,18,,,1,30,,153209,18,,,1,70,,82301,18,,,1,30,,153192,18,,,1,72,,42769,18,,,1,29,,153198,18,,,1
4201,'10',549,,153218,18,,,1,102,,153229,18,,,1,100,,153230,18,,,1,71,,153227,18,,,1,14,,153233,18,,,1,67,,153216,18,,,1,28,,66245,18,,,1,69,,153217,18,,,1,30,,153225,18,,,1,70,,153237,18,,,1,31,,153223,18,,,1,70,,153231,18,,,1,30,,153228,18,,,1,70,,153232,18,,,1,30,,59171,18,,,1,71,,153226,18,,,1,30,,153235,18,,,1,69,,153234,18,,,1,30,,8134,18,,,1,23,,153214,18,,,1,70,,153219,18,,,1,28,,153220,18,,,1,70,,153224,18,,,1,27,,153221,18,,,1,69,,153222,18,,,1,31,,70888,18,,,1,70,,153215,18,,,1,30,,23127,18,,,1,100,,153238,18,,,1,101,,153236,18,,,1
4201,'11',741,,153244,18,,,1,100,,153241,18,,,1,100,,120008,18,,,1,70,,98221,18,,,1,30,,153242,18,,,1,70,,88187,18,,,1,30,,153247,18,,,1,70,,153243,18,,,1,30,,153250,18,,,1,70,,95201,18,,,1,30,,153246,18,,,1,70,,44078,18,,,1,30,,153248,18,,,1,70,,153245,18,,,1,30,,153249,18,,,1,70,,153240,18,,,1,30,,21106,18,,,1,70,,153239,18,,,1,30,,1344,18,,,1,70,,153251,18,,,1
4201,'12',549,,153262,18,,,1,102,,153273,18,,,1,70,,153268,18,,,1,32,,153267,18,,,1,69,,112080,18,,,1,14,,153275,18,,,1,67,,153263,18,,,1,28,,153277,18,,,1,69,,153261,18,,,1,30,,54019,18,,,1,70,,153259,18,,,1,31,,52012,18,,,1,70,,153270,18,,,1,30,,153257,18,,,1,70,,153274,18,,,1,30,,153253,18,,,1,71,,153276,18,,,1,30,,83136,18,,,1,70,,153269,18,,,1,30,,153252,18,,,1,20,,153266,18,,,1,72,,153254,18,,,1,26,,153255,18,,,1,72,,83125,18,,,1,27,,153260,18,,,1,70,,153278,18,,,1,30,,153265,18,,,1,70,,153264,18,,,1,30,,153258,18,,,1,70,,153271,18,,,1,30,,153256,18,,,1,72,,34369,18,,,1,29,,153272,18,,,1
4201,'13',741,,153286,18,,,1,100,,85613,18,,,1,100,,153290,18,,,1,70,,153280,18,,,1,30,,153281,18,,,1,70,,153279,18,,,1,30,,153289,18,,,1,70,,153283,18,,,1,30,,153293,18,,,1,70,,153284,18,,,1,30,,153288,18,,,1,70,,153295,18,,,1,30,,153291,18,,,1,70,,153287,18,,,1,30,,153292,18,,,1,70,,40719,18,,,1,30,,153282,18,,,1,70,,72726,18,,,1,30,,153285,18,,,1,70,,153294,18,,,1
4201,'14',549,,153308,18,,,1,102,,153318,18,,,1,70,,153313,18,,,1,32,,153312,18,,,1,69,,153322,18,,,1,14,,153320,18,,,1,67,,153309,18,,,1,28,,153323,18,,,1,69,,153307,18,,,1,30,,153321,18,,,1,70,,153305,18,,,1,31,,153302,18,,,1,70,,153315,18,,,1,30,,153303,18,,,1,70,,153319,18,,,1,30,,153297,18,,,1,71,,23801,18,,,1,30,,153304,18,,,1,70,,153314,18,,,1,30,,153296,18,,,1,20,,153311,18,,,1,72,,153298,18,,,1,26,,153299,18,,,1,72,,153300,18,,,1,27,,153306,18,,,1,70,,153324,18,,,1,30,,63292,18,,,1,70,,10372,18,,,1,30,,95338,18,,,1,70,,153316,18,,,1,30,,153301,18,,,1,72,,153310,18,,,1,29,,153317,18,,,1
4201,'15',549,,153337,18,,,1,102,,153347,18,,,1,70,,153342,18,,,1,32,,153341,18,,,1,69,,153351,18,,,1,14,,153349,18,,,1,67,,153338,18,,,1,28,,153352,18,,,1,69,,153336,18,,,1,30,,153350,18,,,1,70,,153334,18,,,1,31,,153331,18,,,1,70,,153344,18,,,1,30,,153332,18,,,1,70,,153348,18,,,1,30,,153326,18,,,1,71,,23998,18,,,1,30,,153333,18,,,1,70,,153343,18,,,1,30,,153325,18,,,1,20,,153340,18,,,1,72,,153327,18,,,1,26,,153328,18,,,1,72,,153329,18,,,1,27,,153335,18,,,1,70,,153353,18,,,1,30,,63609,18,,,1,70,,10712,18,,,1,30,,95541,18,,,1,70,,153345,18,,,1,30,,153330,18,,,1,72,,153339,18,,,1,29,,153346,18,,,1
4201,'16',549,,153366,18,,,1,102,,153378,18,,,1,70,,153373,18,,,1,32,,153372,18,,,1,69,,153380,18,,,1,14,,95178,18,,,1,67,,153367,18,,,1,28,,153382,18,,,1,69,,153365,18,,,1,30,,153379,18,,,1,70,,153363,18,,,1,31,,153359,18,,,1,70,,153375,18,,,1,30,,153360,18,,,1,70,,307,18,,,1,30,,37848,18,,,1,71,,153381,18,,,1,30,,153361,18,,,1,70,,153374,18,,,1,30,,153354,18,,,1,20,,153371,18,,,1,72,,153355,18,,,1,26,,153356,18,,,1,72,,153357,18,,,1,27,,153364,18,,,1,70,,153383,18,,,1,30,,153370,18,,,1,70,,153368,18,,,1,30,,153362,18,,,1,70,,153376,18,,,1,30,,153358,18,,,1,72,,153369,18,,,1,29,,153377,18,,,1
4201,'17',549,,89351,18,,,1,102,,153385,18,,,1,70,,153404,18,,,1,30,,153387,18,,,1,72,,153388,18,,,1,13,,39592,18,,,1,67,,153390,18,,,1,28,,153384,18,,,1,69,,153401,18,,,1,30,,153409,18,,,1,70,,153402,18,,,1,31,,153407,18,,,1,70,,153408,18,,,1,30,,153386,18,,,1,70,,153392,18,,,1,30,,153399,18,,,1,71,,153400,18,,,1,30,,153398,18,,,1,70,,153394,18,,,1,28,,153397,18,,,1,20,,153410,18,,,1,74,,153396,18,,,1,28,,153403,18,,,1,70,,153391,18,,,1,27,,153405,18,,,1,70,,31160,18,,,1,30,,100630,18,,,1,70,,153393,18,,,1,30,,153406,18,,,1,70,,82485,18,,,1,30,,153389,18,,,1,72,,43062,18,,,1,29,,153395,18,,,1
4201,'2',549,,89016,18,,,1,102,,153412,18,,,1,70,,153431,18,,,1,30,,153414,18,,,1,72,,153415,18,,,1,13,,39274,18,,,1,67,,153417,18,,,1,28,,153411,18,,,1,69,,153428,18,,,1,30,,153436,18,,,1,70,,153429,18,,,1,31,,153434,18,,,1,70,,153435,18,,,1,30,,153413,18,,,1,70,,153419,18,,,1,30,,153426,18,,,1,71,,153427,18,,,1,30,,153425,18,,,1,70,,153421,18,,,1,28,,153424,18,,,1,20,,153437,18,,,1,74,,153423,18,,,1,28,,153430,18,,,1,70,,153418,18,,,1,27,,153432,18,,,1,70,,31138,18,,,1,30,,100442,18,,,1,70,,153420,18,,,1,30,,153433,18,,,1,70,,82339,18,,,1,30,,153416,18,,,1,72,,42832,18,,,1,29,,153422,18,,,1
4201,'3',549,,153450,18,,,1,102,,153460,18,,,1,70,,153455,18,,,1,32,,153454,18,,,1,69,,153464,18,,,1,14,,153462,18,,,1,67,,153451,18,,,1,28,,153465,18,,,1,69,,153449,18,,,1,30,,153463,18,,,1,70,,153447,18,,,1,31,,153444,18,,,1,70,,153457,18,,,1,30,,153445,18,,,1,70,,153461,18,,,1,30,,153439,18,,,1,71,,23930,18,,,1,30,,153446,18,,,1,70,,153456,18,,,1,30,,153438,18,,,1,20,,153453,18,,,1,72,,153440,18,,,1,26,,153441,18,,,1,72,,153442,18,,,1,27,,153448,18,,,1,70,,153466,18,,,1,30,,63499,18,,,1,70,,10591,18,,,1,30,,95472,18,,,1,70,,153458,18,,,1,30,,153443,18,,,1,72,,153452,18,,,1,29,,153459,18,,,1
4201,'4',617,,153472,18,,,1,100,,153479,18,,,1,100,,153483,18,,,1,30,,842,18,,,1,70,,153487,18,,,1,30,,153467,18,,,1,70,,153470,18,,,1,30,,153478,18,,,1,70,,153468,18,,,1,30,,153484,18,,,1,70,,118114,18,,,1,30,,153486,18,,,1,70,,153485,18,,,1,30,,153474,18,,,1,70,,120759,18,,,1,30,,153469,18,,,1,70,,153471,18,,,1,30,,153473,18,,,1,70,,153475,18,,,1,30,,153482,18,,,1,70,,98543,18,,,1,30,,153476,18,,,1,70,,153477,18,,,1,30,,153481,18,,,1,70,,153480,18,,,1
4201,'5',549,,153495,18,,,1,102,,33097,18,,,1,70,,153511,18,,,1,30,,153492,18,,,1,72,,153493,18,,,1,13,,153509,18,,,1,67,,153496,18,,,1,28,,153488,18,,,1,69,,153508,18,,,1,30,,54599,18,,,1,70,,153510,18,,,1,31,,153514,18,,,1,70,,31247,18,,,1,30,,153491,18,,,1,70,,153498,18,,,1,30,,153506,18,,,1,71,,153507,18,,,1,30,,153505,18,,,1,70,,153500,18,,,1,28,,153503,18,,,1,20,,153515,18,,,1,74,,153502,18,,,1,28,,83105,18,,,1,70,,153497,18,,,1,27,,153512,18,,,1,70,,153489,18,,,1,30,,153516,18,,,1,70,,153499,18,,,1,30,,153513,18,,,1,70,,153490,18,,,1,30,,153494,18,,,1,72,,153504,18,,,1,29,,153501,18,,,1
4201,'6',549,,89853,18,,,1,102,,153518,18,,,1,70,,153537,18,,,1,30,,153520,18,,,1,72,,153521,18,,,1,13,,40067,18,,,1,67,,153523,18,,,1,28,,153517,18,,,1,69,,153534,18,,,1,30,,153542,18,,,1,70,,153535,18,,,1,31,,153540,18,,,1,70,,153541,18,,,1,30,,153519,18,,,1,70,,153525,18,,,1,30,,153532,18,,,1,71,,153533,18,,,1,30,,153531,18,,,1,70,,153527,18,,,1,28,,153530,18,,,1,20,,153543,18,,,1,74,,153529,18,,,1,28,,153536,18,,,1,70,,153524,18,,,1,27,,153538,18,,,1,70,,31198,18,,,1,30,,100915,18,,,1,70,,153526,18,,,1,30,,153539,18,,,1,70,,82698,18,,,1,30,,153522,18,,,1,72,,43388,18,,,1,29,,153528,18,,,1
4201,'7',617,,153548,18,,,1,100,,153555,18,,,1,100,,153559,18,,,1,30,,153550,18,,,1,70,,153564,18,,,1,30,,153544,18,,,1,70,,153546,18,,,1,30,,153554,18,,,1,70,,153545,18,,,1,30,,153560,18,,,1,70,,153562,18,,,1,30,,153563,18,,,1,70,,153561,18,,,1,30,,153551,18,,,1,70,,153556,18,,,1,30,,82853,18,,,1,70,,29001,18,,,1,30,,153549,18,,,1,70,,153552,18,,,1,30,,153558,18,,,1,70,,153547,18,,,1,30,,70452,18,,,1,70,,153553,18,,,1,30,,153557,18,,,1,70,,30983,18,,,1
4201,'8',549,,89763,18,,,1,102,,153566,18,,,1,70,,153585,18,,,1,30,,153568,18,,,1,72,,153569,18,,,1,13,,39987,18,,,1,67,,153571,18,,,1,28,,153565,18,,,1,69,,153582,18,,,1,30,,153590,18,,,1,70,,153583,18,,,1,31,,153588,18,,,1,70,,153589,18,,,1,30,,153567,18,,,1,70,,153573,18,,,1,30,,153580,18,,,1,71,,153581,18,,,1,30,,153579,18,,,1,70,,153575,18,,,1,28,,153578,18,,,1,20,,153591,18,,,1,74,,153577,18,,,1,28,,153584,18,,,1,70,,153572,18,,,1,27,,153586,18,,,1,70,,31191,18,,,1,30,,100869,18,,,1,70,,153574,18,,,1,30,,153587,18,,,1,70,,82660,18,,,1,30,,153570,18,,,1,72,,43325,18,,,1,29,,153576,18,,,1
4201,'9',741,,153601,18,,,1,100,,153596,18,,,1,100,,153604,18,,,1,70,,153593,18,,,1,30,,153597,18,,,1,70,,153592,18,,,1,30,,103904,18,,,1,70,,52945,18,,,1,30,,153607,18,,,1,70,,153600,18,,,1,30,,153603,18,,,1,70,,153609,18,,,1,30,,153605,18,,,1,70,,153602,18,,,1,30,,153606,18,,,1,70,,153595,18,,,1,30,,153598,18,,,1,70,,153594,18,,,1,30,,153599,18,,,1,70,,153608,18,,,1
