22101,'10',1519,,766871,0,8,1,106,,766872,0,8,1,21,,766873,,,1,99,,633416,,,1
22101,'11',1519,,766874,0,8,1,106,,766875,0,8,1,21,,766876,,,1,99,,633573,,,1
22101,'12',1519,,766877,0,8,1,106,,766878,0,8,1,21,,766879,,,1,99,,633650,,,1
22101,'13',1625,,766882,0,8,1,21,,766881,,,1,100,,766880,,,1
22101,'15',1519,,766883,0,8,1,106,,766884,0,8,1,21,,766885,,,1,99,,633466,,,1
22101,'16',1519,,766886,0,8,1,106,,766887,0,8,1,21,,766888,,,1,99,,633910,,,1
22101,'17',1625,,607769,0,8,1,21,,766890,,,1,100,,766889,,,1
22101,'18',1625,,766892,0,8,1,21,,766891,,,1,99,,766893,,,1
22101,'19',1625,,766895,0,8,1,21,,766894,,,1,100,,659443,,,1
22101,'3',1519,,766896,0,8,1,106,,766897,0,8,1,21,,766898,,,1,99,,633491,,,1
22101,'4',1519,,766899,0,8,1,106,,766900,0,8,1,21,,766901,,,1,99,,633441,,,1
22101,'5',1625,,766904,0,8,1,21,,766903,,,1,100,,766902,,,1
22101,'6',1519,,766905,0,8,1,106,,766906,0,8,1,21,,766907,,,1,99,,633548,,,1
22101,'7',1625,,766909,0,8,1,21,,657381,,,1,100,,766908,,,1
63900,'10',821,,769205,,,1
63900,'11',821,,769206,,,1
63900,'12',821,,769207,,,1
63900,'15',821,,769208,,,1
63900,'16',821,,769209,,,1
63900,'3',821,,769210,,,1
63900,'4',821,,769211,,,1
63900,'6',821,,769212,,,1
63901,'10',1552,,769214,,,1
63901,'11',1552,,769216,,,1
63901,'12',1552,,769218,,,1
63901,'15',1552,,769220,,,1
63901,'16',1552,,769222,,,1
63901,'3',1552,,769224,,,1
63901,'4',1552,,769226,,,1
63901,'6',1552,,769228,,,1
