1900,'1',901,,21547,4,,,1,30,,21563,4,,,1,70,,21553,4,,,1,30,,21549,4,,,1,70,,21561,4,,,1,30,,21557,4,,,1,70,,21545,4,,,1,30,,21564,4,,,1,70,,21551,4,,,1,30,,21546,4,,,1,70,,21541,4,,,1,30,,21542,4,,,1,70,,21559,4,,,1,30,,21539,4,,,1,70,,21543,4,,,1,30,,21552,4,,,1,70,,21550,4,,,1,30,,21555,4,,,1,70,,21548,4,,,1,30,,21540,4,,,1,70,,21560,4,,,1,30,,21556,4,,,1
1900,'10',820,,21575,4,,,1,30,,21578,4,,,1,70,,21568,4,,,1,30,,21595,4,,,1,70,,21593,4,,,1,30,,21596,4,,,1,70,,21584,4,,,1,30,,21599,4,,,1,70,,21569,4,,,1,30,,21602,4,,,1,70,,21590,4,,,1,30,,21573,4,,,1,70,,21567,4,,,1,27,,21566,4,,,1,68,,21576,4,,,1,30,,21574,4,,,1,70,,21594,4,,,1,31,,21581,4,,,1,73,,21577,4,,,1,32,,21583,4,,,1,72,,21572,4,,,1,30,,21579,4,,,1,70,,21587,4,,,1,31,,21570,4,,,1,71,,21601,4,,,1,31,,21582,4,,,1,72,,21571,4,,,1,102,,21589,4,,,1
1900,'11',820,,21612,4,,,1,30,,21615,4,,,1,70,,21605,4,,,1,30,,21632,4,,,1,70,,21630,4,,,1,30,,21633,4,,,1,70,,21621,4,,,1,30,,21636,4,,,1,70,,21606,4,,,1,30,,21639,4,,,1,70,,21627,4,,,1,30,,21610,4,,,1,70,,21604,4,,,1,27,,21603,4,,,1,68,,21613,4,,,1,30,,21611,4,,,1,70,,21631,4,,,1,31,,21618,4,,,1,73,,21614,4,,,1,32,,21620,4,,,1,72,,21609,4,,,1,30,,21616,4,,,1,70,,21624,4,,,1,31,,21607,4,,,1,71,,21638,4,,,1,31,,21619,4,,,1,72,,21608,4,,,1,102,,21626,4,,,1
1900,'12',820,,21649,4,,,1,30,,21652,4,,,1,70,,21642,4,,,1,30,,21669,4,,,1,70,,21667,4,,,1,30,,21670,4,,,1,70,,21658,4,,,1,30,,21673,4,,,1,70,,21643,4,,,1,30,,21676,4,,,1,70,,21664,4,,,1,30,,21647,4,,,1,70,,21641,4,,,1,27,,21640,4,,,1,68,,21650,4,,,1,30,,21648,4,,,1,70,,21668,4,,,1,31,,21655,4,,,1,73,,21651,4,,,1,32,,21657,4,,,1,72,,21646,4,,,1,30,,21653,4,,,1,70,,21661,4,,,1,31,,21644,4,,,1,71,,21675,4,,,1,31,,21656,4,,,1,72,,21645,4,,,1,102,,21663,4,,,1
1900,'13',822,,21678,4,,,1,28,,21683,4,,,1,70,,21711,4,,,1,30,,21692,4,,,1,70,,21713,4,,,1,30,,21691,4,,,1,70,,21702,4,,,1,30,,21695,4,,,1,70,,21699,4,,,1,30,,21690,4,,,1,70,,21682,4,,,1,30,,21709,4,,,1,70,,21707,4,,,1,27,,21688,4,,,1,68,,21698,4,,,1,28,,21701,4,,,1,72,,21710,4,,,1,31,,21679,4,,,1,73,,21689,4,,,1,32,,21694,4,,,1,72,,21708,4,,,1,30,,21677,4,,,1,70,,21700,4,,,1,31,,21712,4,,,1,71,,21706,4,,,1,31,,21703,4,,,1,72,,21705,4,,,1,102,,21680,4,,,1
1900,'14',828,,21746,4,,,1,30,,21742,4,,,1,70,,21728,4,,,1,30,,21735,4,,,1,70,,21718,4,,,1,30,,21725,4,,,1,70,,21715,4,,,1,30,,21744,4,,,1,70,,21733,4,,,1,30,,21740,4,,,1,70,,21736,4,,,1,30,,21721,4,,,1,70,,21737,4,,,1,30,,21731,4,,,1,70,,21730,4,,,1,30,,21727,4,,,1,70,,21716,4,,,1,30,,21732,4,,,1,70,,21745,4,,,1,30,,21723,4,,,1,70,,21717,4,,,1,30,,21714,4,,,1,70,,21724,4,,,1,30,,21720,4,,,1,70,,21738,4,,,1,30,,21719,4,,,1
1900,'15',820,,21756,4,,,1,30,,21759,4,,,1,70,,21749,4,,,1,30,,21776,4,,,1,70,,21774,4,,,1,30,,21777,4,,,1,70,,21765,4,,,1,30,,21780,4,,,1,70,,21750,4,,,1,30,,21783,4,,,1,70,,21771,4,,,1,30,,21754,4,,,1,70,,21748,4,,,1,27,,21747,4,,,1,68,,21757,4,,,1,30,,21755,4,,,1,70,,21775,4,,,1,31,,21762,4,,,1,73,,21758,4,,,1,32,,21764,4,,,1,72,,21753,4,,,1,30,,21760,4,,,1,70,,21768,4,,,1,31,,21751,4,,,1,71,,21782,4,,,1,31,,21763,4,,,1,72,,21752,4,,,1,102,,21770,4,,,1
1900,'16',820,,21793,4,,,1,30,,21796,4,,,1,70,,21786,4,,,1,30,,21813,4,,,1,70,,21811,4,,,1,30,,21814,4,,,1,70,,21802,4,,,1,30,,21817,4,,,1,70,,21787,4,,,1,30,,21820,4,,,1,70,,21808,4,,,1,30,,21791,4,,,1,70,,21785,4,,,1,27,,21784,4,,,1,68,,21794,4,,,1,30,,21792,4,,,1,70,,21812,4,,,1,31,,21799,4,,,1,73,,21795,4,,,1,32,,21801,4,,,1,72,,21790,4,,,1,30,,21797,4,,,1,70,,21805,4,,,1,31,,21788,4,,,1,71,,21819,4,,,1,31,,21800,4,,,1,72,,21789,4,,,1,102,,21807,4,,,1
1900,'17',822,,21822,4,,,1,28,,21827,4,,,1,70,,21855,4,,,1,30,,21836,4,,,1,70,,21857,4,,,1,30,,21835,4,,,1,70,,21846,4,,,1,30,,21839,4,,,1,70,,21843,4,,,1,30,,21834,4,,,1,70,,21826,4,,,1,30,,21853,4,,,1,70,,21851,4,,,1,27,,21832,4,,,1,68,,21842,4,,,1,28,,21845,4,,,1,72,,21854,4,,,1,31,,21823,4,,,1,73,,21833,4,,,1,32,,21838,4,,,1,72,,21852,4,,,1,30,,21821,4,,,1,70,,21844,4,,,1,31,,21856,4,,,1,71,,21850,4,,,1,31,,21847,4,,,1,72,,21849,4,,,1,102,,21824,4,,,1
1900,'18',822,,21875,4,,,1,28,,21878,4,,,1,70,,21887,4,,,1,30,,21881,4,,,1,70,,21873,4,,,1,30,,21891,4,,,1,70,,21863,4,,,1,30,,21879,4,,,1,70,,21867,4,,,1,30,,21870,4,,,1,70,,21871,4,,,1,30,,21869,4,,,1,70,,21874,4,,,1,27,,21876,4,,,1,68,,21861,4,,,1,30,,21872,4,,,1,70,,21865,4,,,1,31,,21890,4,,,1,73,,21892,4,,,1,32,,21859,4,,,1,72,,21860,4,,,1,30,,21868,4,,,1,70,,21882,4,,,1,31,,21877,4,,,1,71,,21864,4,,,1,31,,21889,4,,,1,72,,21858,4,,,1,102,,21880,4,,,1
1900,'19',822,,21894,4,,,1,28,,21899,4,,,1,70,,21927,4,,,1,30,,21908,4,,,1,70,,21929,4,,,1,30,,21907,4,,,1,70,,21918,4,,,1,30,,21911,4,,,1,70,,21915,4,,,1,30,,21906,4,,,1,70,,21898,4,,,1,30,,21925,4,,,1,70,,21923,4,,,1,27,,21904,4,,,1,68,,21914,4,,,1,28,,21917,4,,,1,72,,21926,4,,,1,31,,21895,4,,,1,73,,21905,4,,,1,32,,21910,4,,,1,72,,21924,4,,,1,30,,21893,4,,,1,70,,21916,4,,,1,31,,21928,4,,,1,71,,21922,4,,,1,31,,21919,4,,,1,72,,21921,4,,,1,102,,21896,4,,,1
1900,'2',901,,21938,4,,,1,30,,21954,4,,,1,70,,21944,4,,,1,30,,21940,4,,,1,70,,21952,4,,,1,30,,21948,4,,,1,70,,21936,4,,,1,30,,21955,4,,,1,70,,21942,4,,,1,30,,21937,4,,,1,70,,21932,4,,,1,30,,21933,4,,,1,70,,21950,4,,,1,30,,21930,4,,,1,70,,21934,4,,,1,30,,21943,4,,,1,70,,21941,4,,,1,30,,21946,4,,,1,70,,21939,4,,,1,30,,21931,4,,,1,70,,21951,4,,,1,30,,21947,4,,,1
1900,'3',820,,21966,4,,,1,30,,21969,4,,,1,70,,21959,4,,,1,30,,21986,4,,,1,70,,21984,4,,,1,30,,21987,4,,,1,70,,21975,4,,,1,30,,21990,4,,,1,70,,21960,4,,,1,30,,21993,4,,,1,70,,21981,4,,,1,30,,21964,4,,,1,70,,21958,4,,,1,27,,21957,4,,,1,68,,21967,4,,,1,30,,21965,4,,,1,70,,21985,4,,,1,31,,21972,4,,,1,73,,21968,4,,,1,32,,21974,4,,,1,72,,21963,4,,,1,30,,21970,4,,,1,70,,21978,4,,,1,31,,21961,4,,,1,71,,21992,4,,,1,31,,21973,4,,,1,72,,21962,4,,,1,102,,21980,4,,,1
1900,'4',820,,22003,4,,,1,30,,22006,4,,,1,70,,21996,4,,,1,30,,22023,4,,,1,70,,22021,4,,,1,30,,22024,4,,,1,70,,22012,4,,,1,30,,22027,4,,,1,70,,21997,4,,,1,30,,22030,4,,,1,70,,22018,4,,,1,30,,22001,4,,,1,70,,21995,4,,,1,27,,21994,4,,,1,68,,22004,4,,,1,30,,22002,4,,,1,70,,22022,4,,,1,31,,22009,4,,,1,73,,22005,4,,,1,32,,22011,4,,,1,72,,22000,4,,,1,30,,22007,4,,,1,70,,22015,4,,,1,31,,21998,4,,,1,71,,22029,4,,,1,31,,22010,4,,,1,72,,21999,4,,,1,102,,22017,4,,,1
1900,'5',822,,22032,4,,,1,28,,22037,4,,,1,70,,22065,4,,,1,30,,22046,4,,,1,70,,22067,4,,,1,30,,22045,4,,,1,70,,22056,4,,,1,30,,22049,4,,,1,70,,22053,4,,,1,30,,22044,4,,,1,70,,22036,4,,,1,30,,22063,4,,,1,70,,22061,4,,,1,27,,22042,4,,,1,68,,22052,4,,,1,28,,22055,4,,,1,72,,22064,4,,,1,31,,22033,4,,,1,73,,22043,4,,,1,32,,22048,4,,,1,72,,22062,4,,,1,30,,22031,4,,,1,70,,22054,4,,,1,31,,22066,4,,,1,71,,22060,4,,,1,31,,22057,4,,,1,72,,22059,4,,,1,102,,22034,4,,,1
1900,'6',820,,22077,4,,,1,30,,22080,4,,,1,70,,22070,4,,,1,30,,22097,4,,,1,70,,22095,4,,,1,30,,22098,4,,,1,70,,22086,4,,,1,30,,22101,4,,,1,70,,22071,4,,,1,30,,22104,4,,,1,70,,22092,4,,,1,30,,22075,4,,,1,70,,22069,4,,,1,27,,22068,4,,,1,68,,22078,4,,,1,30,,22076,4,,,1,70,,22096,4,,,1,31,,22083,4,,,1,73,,22079,4,,,1,32,,22085,4,,,1,72,,22074,4,,,1,30,,22081,4,,,1,70,,22089,4,,,1,31,,22072,4,,,1,71,,22103,4,,,1,31,,22084,4,,,1,72,,22073,4,,,1,102,,22091,4,,,1
1900,'7',822,,22106,4,,,1,28,,22111,4,,,1,70,,22139,4,,,1,30,,22120,4,,,1,70,,22141,4,,,1,30,,22119,4,,,1,70,,22130,4,,,1,30,,22123,4,,,1,70,,22127,4,,,1,30,,22118,4,,,1,70,,22110,4,,,1,30,,22137,4,,,1,70,,22135,4,,,1,27,,22116,4,,,1,68,,22126,4,,,1,28,,22129,4,,,1,72,,22138,4,,,1,31,,22107,4,,,1,73,,22117,4,,,1,32,,22122,4,,,1,72,,22136,4,,,1,30,,22105,4,,,1,70,,22128,4,,,1,31,,22140,4,,,1,71,,22134,4,,,1,31,,22131,4,,,1,72,,22133,4,,,1,102,,22108,4,,,1
1900,'8',828,,22174,4,,,1,30,,22170,4,,,1,70,,22156,4,,,1,30,,22163,4,,,1,70,,22146,4,,,1,30,,22153,4,,,1,70,,22143,4,,,1,30,,22172,4,,,1,70,,22161,4,,,1,30,,22168,4,,,1,70,,22164,4,,,1,30,,22149,4,,,1,70,,22165,4,,,1,30,,22159,4,,,1,70,,22158,4,,,1,30,,22155,4,,,1,70,,22144,4,,,1,30,,22160,4,,,1,70,,22173,4,,,1,30,,22151,4,,,1,70,,22145,4,,,1,30,,22142,4,,,1,70,,22152,4,,,1,30,,22148,4,,,1,70,,22166,4,,,1,30,,22147,4,,,1
1900,'9',901,,22183,4,,,1,30,,22199,4,,,1,70,,22189,4,,,1,30,,22185,4,,,1,70,,22197,4,,,1,30,,22193,4,,,1,70,,22181,4,,,1,30,,22200,4,,,1,70,,22187,4,,,1,30,,22182,4,,,1,70,,22177,4,,,1,30,,22178,4,,,1,70,,22195,4,,,1,30,,22175,4,,,1,70,,22179,4,,,1,30,,22188,4,,,1,70,,22186,4,,,1,30,,22191,4,,,1,70,,22184,4,,,1,30,,22176,4,,,1,70,,22196,4,,,1,30,,22192,4,,,1
4200,'1',707,,44780,4,,,1,99,,44779,4,,,1,100,,44784,4,,,1,30,,44774,4,,,1,70,,44776,4,,,1,30,,44778,4,,,1,70,,44786,4,,,1,30,,44789,4,,,1,70,,44790,4,,,1,30,,44773,4,,,1,70,,44775,4,,,1,30,,44782,4,,,1,70,,44792,4,,,1,30,,44791,4,,,1,70,,44787,4,,,1,30,,44781,4,,,1,70,,44785,4,,,1,30,,44783,4,,,1,70,,44788,4,,,1,100,,44777,4,,,1
4200,'10',522,,44814,4,,,1,101,,44800,4,,,1,25,,44797,4,,,1,75,,44802,4,,,1,30,,44815,4,,,1,70,,44804,4,,,1,30,,44820,4,,,1,68,,44798,4,,,1,30,,44796,4,,,1,70,,44811,4,,,1,30,,44821,4,,,1,70,,44809,4,,,1,30,,44818,4,,,1,70,,44817,4,,,1,30,,44813,4,,,1,70,,44807,4,,,1,30,,44799,4,,,1,70,,44803,4,,,1,30,,44794,4,,,1,71,,44816,4,,,1,103,,44806,4,,,1,30,,44793,4,,,1,72,,44805,4,,,1,80,,44819,4,,,1,30,,44822,4,,,1,70,,44812,4,,,1,30,,44808,4,,,1,70,,44795,4,,,1,29,,44810,4,,,1,70,,44801,4,,,1
4200,'11',522,,44844,4,,,1,101,,44830,4,,,1,25,,44827,4,,,1,75,,44832,4,,,1,30,,44845,4,,,1,70,,44834,4,,,1,30,,44850,4,,,1,68,,44828,4,,,1,30,,44826,4,,,1,70,,44841,4,,,1,30,,44851,4,,,1,70,,44839,4,,,1,30,,44848,4,,,1,70,,44847,4,,,1,30,,44843,4,,,1,70,,44837,4,,,1,30,,44829,4,,,1,70,,44833,4,,,1,30,,44824,4,,,1,71,,44846,4,,,1,103,,44836,4,,,1,30,,44823,4,,,1,72,,44835,4,,,1,80,,44849,4,,,1,30,,44852,4,,,1,70,,44842,4,,,1,30,,44838,4,,,1,70,,44825,4,,,1,29,,44840,4,,,1,70,,44831,4,,,1
4200,'12',522,,44874,4,,,1,101,,44860,4,,,1,25,,44857,4,,,1,75,,44862,4,,,1,30,,44875,4,,,1,70,,44864,4,,,1,30,,44880,4,,,1,68,,44858,4,,,1,30,,44856,4,,,1,70,,44871,4,,,1,30,,44881,4,,,1,70,,44869,4,,,1,30,,44878,4,,,1,70,,44877,4,,,1,30,,44873,4,,,1,70,,44867,4,,,1,30,,44859,4,,,1,70,,44863,4,,,1,30,,44854,4,,,1,71,,44876,4,,,1,103,,44866,4,,,1,30,,44853,4,,,1,72,,44865,4,,,1,80,,44879,4,,,1,30,,44882,4,,,1,70,,44872,4,,,1,30,,44868,4,,,1,70,,44855,4,,,1,29,,44870,4,,,1,70,,44861,4,,,1
4200,'13',522,,44897,4,,,1,101,,44895,4,,,1,25,,44905,4,,,1,74,,44911,4,,,1,31,,44886,4,,,1,71,,44891,4,,,1,29,,44912,4,,,1,68,,44902,4,,,1,30,,44892,4,,,1,70,,44890,4,,,1,30,,44898,4,,,1,70,,44884,4,,,1,30,,44913,4,,,1,70,,44883,4,,,1,30,,44887,4,,,1,70,,44901,4,,,1,30,,44889,4,,,1,70,,44896,4,,,1,30,,44909,4,,,1,71,,44908,4,,,1,31,,44888,4,,,1,72,,44900,4,,,1,29,,44906,4,,,1,75,,44904,4,,,1,78,,44903,4,,,1,30,,44885,4,,,1,70,,44893,4,,,1,30,,44907,4,,,1,70,,44899,4,,,1,29,,44910,4,,,1,70,,44894,4,,,1
4200,'14',542,,44931,4,,,1,100,,44919,4,,,1,100,,44914,4,,,1,70,,44915,4,,,1,30,,44935,4,,,1,70,,44936,4,,,1,30,,44928,4,,,1,70,,44922,4,,,1,30,,44934,4,,,1,70,,44932,4,,,1,30,,44929,4,,,1,70,,44924,4,,,1,30,,44921,4,,,1,70,,44926,4,,,1,30,,44933,4,,,1,70,,44925,4,,,1,30,,44917,4,,,1,70,,44918,4,,,1,30,,44938,4,,,1,70,,44937,4,,,1,30,,44923,4,,,1,70,,44927,4,,,1,30,,44920,4,,,1,70,,44930,4,,,1,30,,44916,4,,,1
4200,'15',522,,44960,4,,,1,101,,44946,4,,,1,25,,44943,4,,,1,75,,44948,4,,,1,30,,44961,4,,,1,70,,44950,4,,,1,30,,44966,4,,,1,68,,44944,4,,,1,30,,44942,4,,,1,70,,44957,4,,,1,30,,44967,4,,,1,70,,44955,4,,,1,30,,44964,4,,,1,70,,44963,4,,,1,30,,44959,4,,,1,70,,44953,4,,,1,30,,44945,4,,,1,70,,44949,4,,,1,30,,44940,4,,,1,71,,44962,4,,,1,103,,44952,4,,,1,30,,44939,4,,,1,72,,44951,4,,,1,80,,44965,4,,,1,30,,44968,4,,,1,70,,44958,4,,,1,30,,44954,4,,,1,70,,44941,4,,,1,29,,44956,4,,,1,70,,44947,4,,,1
4200,'16',522,,44990,4,,,1,101,,44976,4,,,1,25,,44973,4,,,1,75,,44978,4,,,1,30,,44991,4,,,1,70,,44980,4,,,1,30,,44996,4,,,1,68,,44974,4,,,1,30,,44972,4,,,1,70,,44987,4,,,1,30,,44997,4,,,1,70,,44985,4,,,1,30,,44994,4,,,1,70,,44993,4,,,1,30,,44989,4,,,1,70,,44983,4,,,1,30,,44975,4,,,1,70,,44979,4,,,1,30,,44970,4,,,1,71,,44992,4,,,1,103,,44982,4,,,1,30,,44969,4,,,1,72,,44981,4,,,1,80,,44995,4,,,1,30,,44998,4,,,1,70,,44988,4,,,1,30,,44984,4,,,1,70,,44971,4,,,1,29,,44986,4,,,1,70,,44977,4,,,1
4200,'17',522,,45013,4,,,1,101,,45011,4,,,1,25,,45021,4,,,1,74,,45027,4,,,1,31,,45002,4,,,1,71,,45007,4,,,1,29,,45028,4,,,1,68,,45018,4,,,1,30,,45008,4,,,1,70,,45006,4,,,1,30,,45014,4,,,1,70,,45000,4,,,1,30,,45029,4,,,1,70,,44999,4,,,1,30,,45003,4,,,1,70,,45017,4,,,1,30,,45005,4,,,1,70,,45012,4,,,1,30,,45025,4,,,1,71,,45024,4,,,1,31,,45004,4,,,1,72,,45016,4,,,1,29,,45022,4,,,1,75,,45020,4,,,1,78,,45019,4,,,1,30,,45001,4,,,1,70,,45009,4,,,1,30,,45023,4,,,1,70,,45015,4,,,1,29,,45026,4,,,1,70,,45010,4,,,1
4200,'18',522,,45053,4,,,1,101,,45041,4,,,1,25,,45045,4,,,1,104,,45044,4,,,1,71,,45056,4,,,1,30,,45047,4,,,1,68,,45054,4,,,1,30,,45040,4,,,1,70,,45037,4,,,1,30,,45048,4,,,1,70,,45030,4,,,1,30,,45049,4,,,1,70,,45038,4,,,1,30,,45043,4,,,1,70,,45036,4,,,1,30,,45031,4,,,1,70,,45034,4,,,1,30,,45033,4,,,1,71,,45051,4,,,1,32,,45050,4,,,1,71,,45057,4,,,1,30,,45035,4,,,1,72,,45046,4,,,1,80,,45052,4,,,1,30,,45042,4,,,1,70,,45039,4,,,1,100,,45055,4,,,1,99,,45032,4,,,1
4200,'19',522,,45072,4,,,1,101,,45070,4,,,1,25,,45080,4,,,1,74,,45086,4,,,1,31,,45061,4,,,1,71,,45066,4,,,1,29,,45087,4,,,1,68,,45077,4,,,1,30,,45067,4,,,1,70,,45065,4,,,1,30,,45073,4,,,1,70,,45059,4,,,1,30,,45088,4,,,1,70,,45058,4,,,1,30,,45062,4,,,1,70,,45076,4,,,1,30,,45064,4,,,1,70,,45071,4,,,1,30,,45084,4,,,1,71,,45083,4,,,1,31,,45063,4,,,1,72,,45075,4,,,1,29,,45081,4,,,1,75,,45079,4,,,1,78,,45078,4,,,1,30,,45060,4,,,1,70,,45068,4,,,1,30,,45082,4,,,1,70,,45074,4,,,1,29,,45085,4,,,1,70,,45069,4,,,1
4200,'2',707,,45096,4,,,1,99,,45095,4,,,1,100,,45100,4,,,1,30,,45090,4,,,1,70,,45092,4,,,1,30,,45094,4,,,1,70,,45102,4,,,1,30,,45105,4,,,1,70,,45106,4,,,1,30,,45089,4,,,1,70,,45091,4,,,1,30,,45098,4,,,1,70,,45108,4,,,1,30,,45107,4,,,1,70,,45103,4,,,1,30,,45097,4,,,1,70,,45101,4,,,1,30,,45099,4,,,1,70,,45104,4,,,1,100,,45093,4,,,1
4200,'3',522,,45130,4,,,1,101,,45116,4,,,1,25,,45113,4,,,1,75,,45118,4,,,1,30,,45131,4,,,1,70,,45120,4,,,1,30,,45136,4,,,1,68,,45114,4,,,1,30,,45112,4,,,1,70,,45127,4,,,1,30,,45137,4,,,1,70,,45125,4,,,1,30,,45134,4,,,1,70,,45133,4,,,1,30,,45129,4,,,1,70,,45123,4,,,1,30,,45115,4,,,1,70,,45119,4,,,1,30,,45110,4,,,1,71,,45132,4,,,1,103,,45122,4,,,1,30,,45109,4,,,1,72,,45121,4,,,1,80,,45135,4,,,1,30,,45138,4,,,1,70,,45128,4,,,1,30,,45124,4,,,1,70,,45111,4,,,1,29,,45126,4,,,1,70,,45117,4,,,1
4200,'4',522,,45160,4,,,1,101,,45146,4,,,1,25,,45143,4,,,1,75,,45148,4,,,1,30,,45161,4,,,1,70,,45150,4,,,1,30,,45166,4,,,1,68,,45144,4,,,1,30,,45142,4,,,1,70,,45157,4,,,1,30,,45167,4,,,1,70,,45155,4,,,1,30,,45164,4,,,1,70,,45163,4,,,1,30,,45159,4,,,1,70,,45153,4,,,1,30,,45145,4,,,1,70,,45149,4,,,1,30,,45140,4,,,1,71,,45162,4,,,1,103,,45152,4,,,1,30,,45139,4,,,1,72,,45151,4,,,1,80,,45165,4,,,1,30,,45168,4,,,1,70,,45158,4,,,1,30,,45154,4,,,1,70,,45141,4,,,1,29,,45156,4,,,1,70,,45147,4,,,1
4200,'5',522,,45183,4,,,1,101,,45181,4,,,1,25,,45191,4,,,1,74,,45197,4,,,1,31,,45172,4,,,1,71,,45177,4,,,1,29,,45198,4,,,1,68,,45188,4,,,1,30,,45178,4,,,1,70,,45176,4,,,1,30,,45184,4,,,1,70,,45170,4,,,1,30,,45199,4,,,1,70,,45169,4,,,1,30,,45173,4,,,1,70,,45187,4,,,1,30,,45175,4,,,1,70,,45182,4,,,1,30,,45195,4,,,1,71,,45194,4,,,1,31,,45174,4,,,1,72,,45186,4,,,1,29,,45192,4,,,1,75,,45190,4,,,1,78,,45189,4,,,1,30,,45171,4,,,1,70,,45179,4,,,1,30,,45193,4,,,1,70,,45185,4,,,1,29,,45196,4,,,1,70,,45180,4,,,1
4200,'6',522,,45221,4,,,1,101,,45207,4,,,1,25,,45204,4,,,1,75,,45209,4,,,1,30,,45222,4,,,1,70,,45211,4,,,1,30,,45227,4,,,1,68,,45205,4,,,1,30,,45203,4,,,1,70,,45218,4,,,1,30,,45228,4,,,1,70,,45216,4,,,1,30,,45225,4,,,1,70,,45224,4,,,1,30,,45220,4,,,1,70,,45214,4,,,1,30,,45206,4,,,1,70,,45210,4,,,1,30,,45201,4,,,1,71,,45223,4,,,1,103,,45213,4,,,1,30,,45200,4,,,1,72,,45212,4,,,1,80,,45226,4,,,1,30,,45229,4,,,1,70,,45219,4,,,1,30,,45215,4,,,1,70,,45202,4,,,1,29,,45217,4,,,1,70,,45208,4,,,1
4200,'7',522,,45244,4,,,1,101,,45242,4,,,1,25,,45252,4,,,1,74,,45258,4,,,1,31,,45233,4,,,1,71,,45238,4,,,1,29,,45259,4,,,1,68,,45249,4,,,1,30,,45239,4,,,1,70,,45237,4,,,1,30,,45245,4,,,1,70,,45231,4,,,1,30,,45260,4,,,1,70,,45230,4,,,1,30,,45234,4,,,1,70,,45248,4,,,1,30,,45236,4,,,1,70,,45243,4,,,1,30,,45256,4,,,1,71,,45255,4,,,1,31,,45235,4,,,1,72,,45247,4,,,1,29,,45253,4,,,1,75,,45251,4,,,1,78,,45250,4,,,1,30,,45232,4,,,1,70,,45240,4,,,1,30,,45254,4,,,1,70,,45246,4,,,1,29,,45257,4,,,1,70,,45241,4,,,1
4200,'8',542,,45278,4,,,1,100,,45266,4,,,1,100,,45261,4,,,1,70,,45262,4,,,1,30,,45282,4,,,1,70,,45283,4,,,1,30,,45275,4,,,1,70,,45269,4,,,1,30,,45281,4,,,1,70,,45279,4,,,1,30,,45276,4,,,1,70,,45271,4,,,1,30,,45268,4,,,1,70,,45273,4,,,1,30,,45280,4,,,1,70,,45272,4,,,1,30,,45264,4,,,1,70,,45265,4,,,1,30,,45285,4,,,1,70,,45284,4,,,1,30,,45270,4,,,1,70,,45274,4,,,1,30,,45267,4,,,1,70,,45277,4,,,1,30,,45263,4,,,1
4200,'9',707,,45293,4,,,1,99,,45292,4,,,1,100,,45297,4,,,1,30,,45287,4,,,1,70,,45289,4,,,1,30,,45291,4,,,1,70,,45299,4,,,1,30,,45302,4,,,1,70,,45303,4,,,1,30,,45286,4,,,1,70,,45288,4,,,1,30,,45295,4,,,1,70,,45305,4,,,1,30,,45304,4,,,1,70,,45300,4,,,1,30,,45294,4,,,1,70,,45298,4,,,1,30,,45296,4,,,1,70,,45301,4,,,1,100,,45290,4,,,1
