16100,'1',538,,369152,13,,,0,72,,369166,13,,,0,15,,369154,13,,,0,30,,369159,13,,,0,70,,369142,13,,,0,30,,369144,13,,,0,70,,286886,13,,,0,30,,369157,13,,,0,69,,369153,13,,,0,30,,369168,13,,,0,70,,369156,13,,,0,30,,369148,13,,,0,70,,263312,13,,,0,30,,252103,13,,,0,70,,225010,13,,,0,30,,369162,13,,,0,70,,220789,13,,,0,30,,369165,13,,,0,70,,369167,13,,,0,30,,369160,13,,,0,72,,369151,13,,,0,28,,369145,13,,,0,70,,369146,13,,,0,32,,226271,13,,,0,70,,369155,13,,,0,30,,369161,13,,,0,68,,369150,13,,,0,30,,369143,13,,,0,70,,369149,13,,,0,30,,263280,13,,,0,69,,369164,13,,,0,30,,369147,13,,,0,70,,369158,13,,,0,30,,369163,13,,,0,100,,218504,13,,,0
16100,'10',709,,369170,13,,,0,100,,241722,13,,,0,100,,369174,13,,,0,100,,369173,13,,,0,100,,270886,13,,,0,101,,369175,13,,,0,100,,290557,13,,,0,100,,272767,13,,,0,100,,369178,13,,,0,100,,233915,13,,,0,100,,369171,13,,,0,99,,369172,13,,,0,100,,213687,13,,,0,100,,369169,13,,,0,100,,369177,13,,,0,100,,369176,13,,,0
16100,'11',538,,369182,13,,,0,72,,369202,13,,,0,15,,369196,13,,,0,30,,369199,13,,,0,72,,369192,13,,,0,28,,228639,13,,,0,70,,369187,13,,,0,30,,369186,13,,,0,69,,369183,13,,,0,30,,369195,13,,,0,70,,246160,13,,,0,30,,252191,13,,,0,70,,282081,13,,,0,30,,270252,13,,,0,70,,369204,13,,,0,30,,369198,13,,,0,70,,369189,13,,,0,30,,267981,13,,,0,100,,183301,13,,,0,74,,369203,13,,,0,30,,239024,13,,,0,68,,369188,13,,,0,30,,369180,13,,,0,70,,369185,13,,,0,30,,369191,13,,,0,68,,369184,13,,,0,30,,369201,13,,,0,70,,369197,13,,,0,30,,369190,13,,,0,69,,369193,13,,,0,30,,369194,13,,,0,70,,235406,13,,,0,30,,369179,13,,,0,100,,369181,13,,,0
16100,'12',714,,168449,13,,,0,100,,369205,13,,,0,100,,369211,13,,,0,100,,369220,13,,,0,100,,369207,13,,,0,101,,369217,13,,,0,100,,369209,13,,,0,100,,369216,13,,,0,100,,369219,13,,,0,100,,369208,13,,,0,100,,369218,13,,,0,99,,369214,13,,,0,100,,369212,13,,,0,100,,369210,13,,,0,100,,369215,13,,,0,100,,369213,13,,,0,100,,369206,13,,,0
16100,'13',538,,369224,13,,,0,72,,369244,13,,,0,15,,369238,13,,,0,30,,369241,13,,,0,72,,369234,13,,,0,28,,228669,13,,,0,70,,369229,13,,,0,30,,369228,13,,,0,69,,369225,13,,,0,30,,369237,13,,,0,70,,246172,13,,,0,30,,252217,13,,,0,70,,282109,13,,,0,30,,270303,13,,,0,70,,369246,13,,,0,30,,369240,13,,,0,70,,369231,13,,,0,30,,268008,13,,,0,100,,182774,13,,,0,74,,369245,13,,,0,30,,239077,13,,,0,68,,369230,13,,,0,30,,369222,13,,,0,70,,369227,13,,,0,30,,369233,13,,,0,68,,369226,13,,,0,30,,369243,13,,,0,70,,369239,13,,,0,30,,369232,13,,,0,69,,369235,13,,,0,30,,369236,13,,,0,70,,235471,13,,,0,30,,369221,13,,,0,100,,369223,13,,,0
16100,'14',538,,369250,13,,,0,72,,369270,13,,,0,15,,369264,13,,,0,30,,369267,13,,,0,72,,369260,13,,,0,28,,228800,13,,,0,70,,369255,13,,,0,30,,369254,13,,,0,69,,369251,13,,,0,30,,369263,13,,,0,70,,246218,13,,,0,30,,252307,13,,,0,70,,282273,13,,,0,30,,270513,13,,,0,70,,369272,13,,,0,30,,369266,13,,,0,70,,369257,13,,,0,30,,268118,13,,,0,100,,183052,13,,,0,74,,369271,13,,,0,30,,239252,13,,,0,68,,369256,13,,,0,30,,369248,13,,,0,70,,369253,13,,,0,30,,369259,13,,,0,68,,369252,13,,,0,30,,369269,13,,,0,70,,369265,13,,,0,30,,369258,13,,,0,69,,369261,13,,,0,30,,369262,13,,,0,70,,235749,13,,,0,30,,369247,13,,,0,100,,369249,13,,,0
16100,'15',714,,369284,13,,,0,100,,217807,13,,,0,100,,369278,13,,,0,100,,369285,13,,,0,100,,369274,13,,,0,101,,369281,13,,,0,100,,369276,13,,,0,100,,369280,13,,,0,100,,369283,13,,,0,100,,369275,13,,,0,100,,369282,13,,,0,99,,240024,13,,,0,100,,190467,13,,,0,100,,369277,13,,,0,100,,369279,13,,,0,100,,232650,13,,,0,100,,369273,13,,,0
16100,'16',709,,369289,13,,,0,100,,369287,13,,,0,100,,369296,13,,,0,100,,369295,13,,,0,100,,369291,13,,,0,101,,369297,13,,,0,100,,369293,13,,,0,100,,369299,13,,,0,100,,369300,13,,,0,100,,369292,13,,,0,100,,369290,13,,,0,99,,369294,13,,,0,100,,369286,13,,,0,100,,369288,13,,,0,100,,281653,13,,,0,100,,369298,13,,,0
16100,'2',538,,221438,13,,,0,72,,369328,13,,,0,15,,369321,13,,,0,30,,369323,13,,,0,72,,281930,13,,,0,28,,369317,13,,,0,70,,369311,13,,,0,30,,369310,13,,,0,69,,369306,13,,,0,30,,369320,13,,,0,70,,369329,13,,,0,30,,369327,13,,,0,70,,369313,13,,,0,30,,369303,13,,,0,70,,369331,13,,,0,30,,369322,13,,,0,70,,369314,13,,,0,30,,369305,13,,,0,100,,369326,13,,,0,74,,369330,13,,,0,30,,369304,13,,,0,68,,369312,13,,,0,30,,369302,13,,,0,70,,369308,13,,,0,30,,369316,13,,,0,68,,369307,13,,,0,30,,369325,13,,,0,70,,148965,13,,,0,30,,369315,13,,,0,69,,369318,13,,,0,30,,369319,13,,,0,70,,369332,13,,,0,30,,369301,13,,,0,100,,244140,13,,,0
16100,'3',538,,369338,13,,,0,72,,223750,13,,,0,15,,369350,13,,,0,30,,369353,13,,,0,72,,369347,13,,,0,28,,369348,13,,,0,70,,265219,13,,,0,30,,219686,13,,,0,69,,369339,13,,,0,30,,270604,13,,,0,70,,369358,13,,,0,30,,369357,13,,,0,70,,369343,13,,,0,30,,369334,13,,,0,70,,369360,13,,,0,30,,369352,13,,,0,70,,369344,13,,,0,30,,369336,13,,,0,100,,369356,13,,,0,74,,369359,13,,,0,30,,369335,13,,,0,68,,285094,13,,,0,30,,246937,13,,,0,70,,369341,13,,,0,30,,369346,13,,,0,68,,369340,13,,,0,30,,369355,13,,,0,70,,369351,13,,,0,30,,369345,13,,,0,69,,253519,13,,,0,30,,369349,13,,,0,70,,369361,13,,,0,30,,369333,13,,,0,100,,369337,13,,,0
16100,'4',538,,369364,13,,,0,87,,369374,13,,,0,98,,369369,13,,,0,102,,369375,13,,,0,99,,369365,13,,,0,100,,180106,13,,,0,100,,263443,13,,,0,100,,369367,13,,,0,100,,369362,13,,,0,100,,369363,13,,,0,102,,369371,13,,,0,102,,243415,13,,,0,98,,214403,13,,,0,98,,369368,13,,,0,100,,369376,13,,,0,99,,369372,13,,,0,100,,369370,13,,,0,100,,369373,13,,,0,30,,369366,13,,,0
16100,'5',538,,369382,13,,,0,72,,223822,13,,,0,15,,369394,13,,,0,30,,369397,13,,,0,72,,369391,13,,,0,28,,369392,13,,,0,70,,265320,13,,,0,30,,219793,13,,,0,69,,369383,13,,,0,30,,270693,13,,,0,70,,369402,13,,,0,30,,369401,13,,,0,70,,369387,13,,,0,30,,369378,13,,,0,70,,369404,13,,,0,30,,369396,13,,,0,70,,369388,13,,,0,30,,369380,13,,,0,100,,369400,13,,,0,74,,369403,13,,,0,30,,369379,13,,,0,68,,285180,13,,,0,30,,137163,13,,,0,70,,369385,13,,,0,30,,369390,13,,,0,68,,369384,13,,,0,30,,369399,13,,,0,70,,369395,13,,,0,30,,369389,13,,,0,69,,253627,13,,,0,30,,369393,13,,,0,70,,369405,13,,,0,30,,369377,13,,,0,100,,369381,13,,,0
16100,'6',538,,369409,13,,,0,72,,369429,13,,,0,15,,369423,13,,,0,30,,369426,13,,,0,72,,369419,13,,,0,28,,228451,13,,,0,70,,369414,13,,,0,30,,369413,13,,,0,69,,369410,13,,,0,30,,369422,13,,,0,70,,246094,13,,,0,30,,252059,13,,,0,70,,281858,13,,,0,30,,269946,13,,,0,70,,369431,13,,,0,30,,369425,13,,,0,70,,369416,13,,,0,30,,267822,13,,,0,100,,183240,13,,,0,74,,369430,13,,,0,30,,238737,13,,,0,68,,369415,13,,,0,30,,369407,13,,,0,70,,369412,13,,,0,30,,369418,13,,,0,68,,369411,13,,,0,30,,369428,13,,,0,70,,369424,13,,,0,30,,369417,13,,,0,69,,369420,13,,,0,30,,369421,13,,,0,70,,235012,13,,,0,30,,369406,13,,,0,100,,369408,13,,,0
16100,'7',538,,221398,13,,,0,72,,369459,13,,,0,15,,369452,13,,,0,30,,369454,13,,,0,72,,281825,13,,,0,28,,369448,13,,,0,70,,369442,13,,,0,30,,369441,13,,,0,69,,369437,13,,,0,30,,369451,13,,,0,70,,369460,13,,,0,30,,369458,13,,,0,70,,369444,13,,,0,30,,369434,13,,,0,70,,369462,13,,,0,30,,369453,13,,,0,70,,369445,13,,,0,30,,369436,13,,,0,100,,369457,13,,,0,74,,369461,13,,,0,30,,369435,13,,,0,68,,369443,13,,,0,30,,369433,13,,,0,70,,369439,13,,,0,30,,369447,13,,,0,68,,369438,13,,,0,30,,369456,13,,,0,70,,82617,13,,,0,30,,369446,13,,,0,69,,369449,13,,,0,30,,369450,13,,,0,70,,369463,13,,,0,30,,369432,13,,,0,100,,244009,13,,,0
16100,'8',714,,243606,13,,,0,100,,369464,13,,,0,100,,369470,13,,,0,100,,369479,13,,,0,100,,369466,13,,,0,101,,369476,13,,,0,100,,369468,13,,,0,100,,369475,13,,,0,100,,369478,13,,,0,100,,369467,13,,,0,100,,369477,13,,,0,99,,369473,13,,,0,100,,369471,13,,,0,100,,369469,13,,,0,100,,369474,13,,,0,100,,369472,13,,,0,100,,369465,13,,,0
16100,'9',538,,369483,13,,,0,72,,369503,13,,,0,15,,369497,13,,,0,30,,369500,13,,,0,72,,369493,13,,,0,28,,228365,13,,,0,70,,369488,13,,,0,30,,369487,13,,,0,69,,369484,13,,,0,30,,369496,13,,,0,70,,246065,13,,,0,30,,252006,13,,,0,70,,281752,13,,,0,30,,269791,13,,,0,70,,369505,13,,,0,30,,369499,13,,,0,70,,369490,13,,,0,30,,267744,13,,,0,100,,183094,13,,,0,74,,369504,13,,,0,30,,238601,13,,,0,68,,369489,13,,,0,30,,369481,13,,,0,70,,369486,13,,,0,30,,369492,13,,,0,68,,369485,13,,,0,30,,369502,13,,,0,70,,369498,13,,,0,30,,369491,13,,,0,69,,369494,13,,,0,30,,369495,13,,,0,70,,234831,13,,,0,30,,369480,13,,,0,100,,369482,13,,,0
