9901,'1',543,,430904,,,1,65,,291883,,,1,35,,430892,,,1,70,,430900,,,1,32,,430884,,,1,70,,430898,,,1,30,,430905,,,1,70,,291078,,,1,29,,430893,,,1,70,,430901,,,1,30,,430887,,,1,70,,214585,,,1,30,,430888,,,1,70,,430894,,,1,30,,283749,,,1,70,,430881,,,1,30,,430902,,,1,70,,430907,,,1,28,,430879,,,1,71,,430896,,,1,31,,251090,,,1,70,,430880,,,1,31,,289137,,,1,69,,430891,,,1,33,,430908,,,1,69,,430883,,,1,29,,430903,,,1,69,,430889,,,1,30,,430886,,,1,70,,430899,,,1,29,,430906,,,1,70,,305109,,,1,31,,430885,,,1,68,,430895,,,1,29,,430897,,,1,100,,430890,,,1,100,,430882,,,1
9901,'10',641,,430919,,,1,105,,430912,,,1,65,,430930,,,1,30,,240288,,,1,70,,430920,,,1,30,,430925,,,1,71,,189537,,,1,30,,430909,,,1,70,,430927,,,1,30,,430924,,,1,70,,307063,,,1,30,,430910,,,1,70,,430928,,,1,30,,430914,,,1,70,,430937,,,1,30,,240283,,,1,70,,430936,,,1,30,,430934,,,1,70,,430926,,,1,30,,430915,,,1,70,,430921,,,1,30,,430931,,,1,70,,430935,,,1,30,,430918,,,1,70,,430917,,,1,30,,430929,,,1,70,,430922,,,1,30,,430923,,,1,69,,430932,,,1,30,,430913,,,1,70,,430911,,,1,98,,430916,,,1,102,,430933,,,1
9901,'11',543,,430939,,,1,65,,430963,,,1,35,,430969,,,1,70,,270044,,,1,32,,430961,,,1,70,,430967,,,1,30,,430955,,,1,70,,430947,,,1,29,,236318,,,1,70,,430960,,,1,30,,430958,,,1,70,,430973,,,1,30,,430949,,,1,70,,430945,,,1,30,,430970,,,1,70,,430938,,,1,30,,430965,,,1,70,,430959,,,1,26,,430956,,,1,73,,430953,,,1,31,,430957,,,1,70,,430948,,,1,1,,430964,,,1,30,,430952,,,1,69,,430942,,,1,33,,430954,,,1,69,,430950,,,1,29,,430962,,,1,69,,430940,,,1,30,,430972,,,1,70,,430968,,,1,29,,430971,,,1,70,,430951,,,1,31,,291209,,,1,68,,430944,,,1,29,,430966,,,1,100,,316332,,,1,100,,430941,,,1
9901,'12',543,,430999,,,1,65,,292189,,,1,35,,430987,,,1,70,,430995,,,1,32,,430979,,,1,70,,430993,,,1,30,,431000,,,1,70,,291540,,,1,29,,430988,,,1,70,,430996,,,1,30,,430982,,,1,70,,214954,,,1,30,,430983,,,1,70,,430989,,,1,30,,284122,,,1,70,,430976,,,1,30,,430997,,,1,70,,431002,,,1,28,,430974,,,1,71,,430991,,,1,31,,251529,,,1,70,,430975,,,1,31,,289309,,,1,69,,430986,,,1,33,,431003,,,1,69,,430978,,,1,29,,430998,,,1,69,,430984,,,1,30,,430981,,,1,70,,430994,,,1,29,,431001,,,1,70,,305565,,,1,31,,430980,,,1,68,,430990,,,1,29,,430992,,,1,100,,430985,,,1,100,,430977,,,1
9901,'13',641,,431014,,,1,105,,246434,,,1,65,,431024,,,1,30,,431013,,,1,70,,431015,,,1,30,,159137,,,1,71,,431005,,,1,30,,293380,,,1,70,,319708,,,1,30,,431019,,,1,70,,431023,,,1,30,,431004,,,1,70,,431021,,,1,30,,431008,,,1,70,,311022,,,1,30,,431011,,,1,70,,431027,,,1,30,,431026,,,1,70,,431020,,,1,30,,431009,,,1,70,,431016,,,1,30,,330166,,,1,70,,62042,,,1,30,,248819,,,1,70,,431012,,,1,30,,431022,,,1,70,,431017,,,1,30,,431018,,,1,69,,5574,,,1,30,,431007,,,1,70,,431006,,,1,98,,431010,,,1,102,,431025,,,1
9901,'14',543,,431029,,,1,65,,335107,,,1,35,,431056,,,1,70,,431034,,,1,32,,288309,,,1,70,,431054,,,1,30,,431046,,,1,70,,431039,,,1,29,,431036,,,1,70,,431050,,,1,30,,431049,,,1,70,,431060,,,1,30,,431041,,,1,70,,431037,,,1,30,,431057,,,1,70,,431028,,,1,30,,431052,,,1,70,,268780,,,1,26,,431047,,,1,73,,431044,,,1,31,,431048,,,1,70,,431040,,,1,1,,431051,,,1,30,,431043,,,1,69,,431033,,,1,33,,286267,,,1,69,,431042,,,1,29,,261792,,,1,69,,431030,,,1,30,,431059,,,1,70,,431055,,,1,29,,431058,,,1,70,,136312,,,1,31,,431031,,,1,68,,200617,,,1,29,,431053,,,1,100,,431045,,,1,100,,431032,,,1
9901,'15',543,,431086,,,1,65,,291937,,,1,35,,431074,,,1,70,,431082,,,1,32,,431066,,,1,70,,431080,,,1,30,,431087,,,1,70,,291165,,,1,29,,431075,,,1,70,,431083,,,1,30,,431069,,,1,70,,214732,,,1,30,,431070,,,1,70,,431076,,,1,30,,283824,,,1,70,,431063,,,1,30,,431084,,,1,70,,431089,,,1,28,,431061,,,1,71,,431078,,,1,31,,251183,,,1,70,,431062,,,1,31,,289184,,,1,69,,431073,,,1,33,,431090,,,1,69,,431065,,,1,29,,431085,,,1,69,,431071,,,1,30,,431068,,,1,70,,431081,,,1,29,,431088,,,1,70,,305209,,,1,31,,431067,,,1,68,,431077,,,1,29,,431079,,,1,100,,431072,,,1,100,,431064,,,1
9901,'16',638,,238145,,,1,100,,431093,,,1,100,,431102,,,1,101,,281775,,,1,66,,431099,,,1,31,,431097,,,1,70,,236908,,,1,30,,431098,,,1,70,,431107,,,1,30,,247901,,,1,70,,431092,,,1,30,,431094,,,1,70,,431096,,,1,30,,431105,,,1,70,,431112,,,1,30,,431110,,,1,70,,431103,,,1,30,,431106,,,1,70,,431100,,,1,30,,431108,,,1,70,,431091,,,1,30,,431095,,,1,70,,431104,,,1,30,,431101,,,1,83,,431111,,,1,99,,337696,,,1,100,,276874,,,1,39,,431109,,,1
9901,'17',638,,431129,,,1,100,,431114,,,1,100,,431124,,,1,101,,431116,,,1,66,,431121,,,1,31,,431119,,,1,70,,431135,,,1,30,,431120,,,1,70,,431130,,,1,30,,431127,,,1,70,,286419,,,1,30,,247763,,,1,70,,431118,,,1,30,,431126,,,1,70,,431134,,,1,30,,431132,,,1,70,,431125,,,1,30,,431128,,,1,70,,431122,,,1,30,,294221,,,1,70,,431113,,,1,30,,287141,,,1,70,,290596,,,1,30,,431123,,,1,83,,431133,,,1,99,,431117,,,1,100,,431115,,,1,39,,431131,,,1
9901,'18',543,,431137,,,1,65,,334838,,,1,35,,431164,,,1,70,,431142,,,1,32,,288051,,,1,70,,431162,,,1,30,,431154,,,1,70,,431147,,,1,29,,431144,,,1,70,,431158,,,1,30,,431157,,,1,70,,431168,,,1,30,,431149,,,1,70,,431145,,,1,30,,431165,,,1,70,,431136,,,1,30,,431160,,,1,70,,268108,,,1,26,,431155,,,1,73,,431152,,,1,31,,431156,,,1,70,,431148,,,1,1,,431159,,,1,30,,431151,,,1,69,,431141,,,1,33,,285894,,,1,69,,431150,,,1,29,,261526,,,1,69,,431138,,,1,30,,431167,,,1,70,,431163,,,1,29,,431166,,,1,70,,136186,,,1,31,,431139,,,1,68,,200475,,,1,29,,431161,,,1,100,,431153,,,1,100,,431140,,,1
9901,'19',638,,431186,,,1,100,,297221,,,1,100,,338705,,,1,101,,431171,,,1,66,,431178,,,1,31,,431176,,,1,70,,431191,,,1,30,,431177,,,1,70,,305303,,,1,30,,431184,,,1,70,,431169,,,1,30,,431172,,,1,70,,431175,,,1,30,,431183,,,1,70,,431190,,,1,30,,291284,,,1,70,,431181,,,1,30,,431185,,,1,70,,431179,,,1,30,,431187,,,1,70,,99357,,,1,30,,431174,,,1,70,,431182,,,1,30,,431180,,,1,83,,431189,,,1,99,,431173,,,1,100,,431170,,,1,39,,431188,,,1
9901,'2',543,,431193,,,1,65,,334894,,,1,35,,431220,,,1,70,,431198,,,1,32,,288097,,,1,70,,431218,,,1,30,,431210,,,1,70,,431203,,,1,29,,431200,,,1,70,,431214,,,1,30,,431213,,,1,70,,431224,,,1,30,,431205,,,1,70,,431201,,,1,30,,431221,,,1,70,,431192,,,1,30,,431216,,,1,70,,268245,,,1,26,,431211,,,1,73,,431208,,,1,31,,431212,,,1,70,,431204,,,1,1,,431215,,,1,30,,431207,,,1,69,,431197,,,1,33,,285963,,,1,69,,431206,,,1,29,,261580,,,1,69,,431194,,,1,30,,431223,,,1,70,,431219,,,1,29,,431222,,,1,70,,136577,,,1,31,,431195,,,1,68,,200912,,,1,29,,431217,,,1,100,,431209,,,1,100,,431196,,,1
9901,'20',543,,431254,,,1,65,,431228,,,1,35,,431240,,,1,70,,431250,,,1,32,,431232,,,1,70,,431248,,,1,30,,431255,,,1,70,,431234,,,1,29,,431241,,,1,70,,431251,,,1,30,,267069,,,1,70,,431235,,,1,30,,431236,,,1,70,,431242,,,1,30,,431243,,,1,70,,431227,,,1,30,,431252,,,1,70,,431257,,,1,28,,431225,,,1,71,,431247,,,1,31,,431231,,,1,70,,431226,,,1,31,,431244,,,1,69,,431239,,,1,33,,431258,,,1,69,,431230,,,1,29,,431253,,,1,69,,431237,,,1,30,,331642,,,1,70,,431249,,,1,29,,431256,,,1,70,,431245,,,1,31,,431233,,,1,68,,431246,,,1,29,,52892,,,1,100,,431238,,,1,100,,431229,,,1
9901,'21',638,,431275,,,1,100,,431260,,,1,100,,431270,,,1,101,,431262,,,1,66,,431267,,,1,31,,431265,,,1,70,,431281,,,1,30,,431266,,,1,70,,431276,,,1,30,,431273,,,1,70,,285838,,,1,30,,246873,,,1,70,,431264,,,1,30,,431272,,,1,70,,431280,,,1,30,,431278,,,1,70,,431271,,,1,30,,431274,,,1,70,,431268,,,1,30,,293705,,,1,70,,431259,,,1,30,,286634,,,1,70,,289892,,,1,30,,431269,,,1,83,,431279,,,1,99,,431263,,,1,100,,431261,,,1,39,,431277,,,1
9901,'3',543,,431282,,,1,65,,431306,,,1,35,,431311,,,1,70,,431287,,,1,32,,431304,,,1,70,,431309,,,1,30,,431298,,,1,70,,318190,,,1,29,,431289,,,1,70,,431303,,,1,30,,431301,,,1,70,,431314,,,1,30,,431293,,,1,70,,290105,,,1,30,,238634,,,1,70,,296973,,,1,30,,431307,,,1,70,,431302,,,1,26,,431299,,,1,73,,431295,,,1,31,,431300,,,1,70,,431292,,,1,1,,164009,,,1,30,,175376,,,1,69,,431286,,,1,33,,431296,,,1,69,,248377,,,1,29,,431305,,,1,69,,431283,,,1,30,,431313,,,1,70,,431310,,,1,29,,431312,,,1,70,,431294,,,1,31,,431284,,,1,68,,431290,,,1,29,,431308,,,1,100,,431297,,,1,100,,431285,,,1
9901,'4',543,,431315,,,1,65,,431339,,,1,35,,431344,,,1,70,,431320,,,1,32,,431337,,,1,70,,431342,,,1,30,,431331,,,1,70,,157436,,,1,29,,431322,,,1,70,,431336,,,1,30,,431334,,,1,70,,431347,,,1,30,,431326,,,1,70,,289795,,,1,30,,147031,,,1,70,,296658,,,1,30,,431340,,,1,70,,431335,,,1,26,,431332,,,1,73,,431328,,,1,31,,431333,,,1,70,,431325,,,1,1,,246778,,,1,30,,272723,,,1,69,,431319,,,1,33,,431329,,,1,69,,138857,,,1,29,,431338,,,1,69,,431316,,,1,30,,431346,,,1,70,,431343,,,1,29,,431345,,,1,70,,431327,,,1,31,,431317,,,1,68,,431323,,,1,29,,431341,,,1,100,,431330,,,1,100,,431318,,,1
9901,'5',543,,431357,,,1,100,,431352,,,1,102,,431355,,,1,100,,431351,,,1,99,,303525,,,1,100,,431361,,,1,100,,431350,,,1,100,,431348,,,1,100,,431354,,,1,98,,431358,,,1,102,,431359,,,1,101,,431365,,,1,102,,431366,,,1,98,,431363,,,1,99,,431356,,,1,99,,431360,,,1,98,,431364,,,1,100,,431353,,,1,100,,431362,,,1,100,,431349,,,1
9901,'6',543,,431368,,,1,65,,334782,,,1,35,,431395,,,1,70,,431373,,,1,32,,288005,,,1,70,,431393,,,1,30,,431385,,,1,70,,431378,,,1,29,,431375,,,1,70,,431389,,,1,30,,431388,,,1,70,,431399,,,1,30,,431380,,,1,70,,431376,,,1,30,,431396,,,1,70,,431367,,,1,30,,431391,,,1,70,,267971,,,1,26,,431386,,,1,73,,431383,,,1,31,,431387,,,1,70,,431379,,,1,1,,431390,,,1,30,,431382,,,1,69,,431372,,,1,33,,285825,,,1,69,,431381,,,1,29,,261472,,,1,69,,431369,,,1,30,,431398,,,1,70,,431394,,,1,29,,431397,,,1,70,,136876,,,1,31,,431370,,,1,68,,201226,,,1,29,,431392,,,1,100,,431384,,,1,100,,431371,,,1
9901,'7',543,,431401,,,1,65,,431425,,,1,35,,431431,,,1,70,,270433,,,1,32,,431423,,,1,70,,431429,,,1,30,,431417,,,1,70,,431409,,,1,29,,236683,,,1,70,,431422,,,1,30,,431420,,,1,70,,431435,,,1,30,,431411,,,1,70,,431407,,,1,30,,431432,,,1,70,,431400,,,1,30,,431427,,,1,70,,431421,,,1,26,,431418,,,1,73,,431415,,,1,31,,431419,,,1,70,,431410,,,1,1,,431426,,,1,30,,431414,,,1,69,,431404,,,1,33,,431416,,,1,69,,431412,,,1,29,,431424,,,1,69,,431402,,,1,30,,431434,,,1,70,,431430,,,1,29,,431433,,,1,70,,431413,,,1,31,,291462,,,1,68,,431406,,,1,29,,431428,,,1,100,,316703,,,1,100,,431403,,,1
9901,'8',543,,431461,,,1,65,,292247,,,1,35,,431449,,,1,70,,431457,,,1,32,,431441,,,1,70,,431455,,,1,30,,431462,,,1,70,,291634,,,1,29,,431450,,,1,70,,431458,,,1,30,,431444,,,1,70,,214643,,,1,30,,431445,,,1,70,,431451,,,1,30,,284208,,,1,70,,431438,,,1,30,,431459,,,1,70,,431464,,,1,28,,431436,,,1,71,,431453,,,1,31,,251625,,,1,70,,431437,,,1,31,,289364,,,1,69,,431448,,,1,33,,431465,,,1,69,,431440,,,1,29,,431460,,,1,69,,431446,,,1,30,,431443,,,1,70,,431456,,,1,29,,431463,,,1,70,,305672,,,1,31,,431442,,,1,68,,431452,,,1,29,,431454,,,1,100,,431447,,,1,100,,431439,,,1
9901,'9',543,,431467,,,1,65,,334994,,,1,35,,431494,,,1,70,,431472,,,1,32,,288206,,,1,70,,431492,,,1,30,,431484,,,1,70,,431477,,,1,29,,431474,,,1,70,,431488,,,1,30,,431487,,,1,70,,431498,,,1,30,,431479,,,1,70,,431475,,,1,30,,431495,,,1,70,,431466,,,1,30,,431490,,,1,70,,268511,,,1,26,,431485,,,1,73,,431482,,,1,31,,431486,,,1,70,,431478,,,1,1,,431489,,,1,30,,431481,,,1,69,,431471,,,1,33,,286120,,,1,69,,431480,,,1,29,,261693,,,1,69,,431468,,,1,30,,431497,,,1,70,,431493,,,1,29,,431496,,,1,70,,136782,,,1,31,,431469,,,1,68,,201134,,,1,29,,431491,,,1,100,,431483,,,1,100,,431470,,,1
29900,'1',632,,114853,0,35,1,95,,447920,0,35,1
29900,'11',632,,447924,0,35,1,94,,273150,0,23 46 47,1,1,,447923,0,35,1,1,,447922,0,23 46 47,1,2,,447921,0,23 46 47,1
29900,'12',632,,182974,0,35,1,95,,447925,0,35,1
29900,'14',632,,447929,0,35,1,94,,447927,0,23 46 47,1,1,,175751,0,35,1,1,,447928,0,23 46 47,1,2,,447926,0,23 46 47,1
29900,'15',632,,114829,0,35,1,95,,447930,0,35,1
29900,'18',632,,447934,0,35,1,94,,447932,0,23 46 47,1,1,,175647,0,35,1,1,,447933,0,23 46 47,1,2,,447931,0,23 46 47,1
29900,'2',632,,447938,0,35,1,94,,447936,0,23 46 47,1,1,,175959,0,35,1,1,,447937,0,23 46 47,1,2,,447935,0,23 46 47,1
29900,'20',632,,447939,0,35,1,95,,235350,0,35,1
29900,'3',632,,186810,0,35,1,94,,447941,0,23 46 47,1,1,,447943,0,35,1,1,,447942,0,23 46 47,1,2,,447940,0,23 46 47,1
29900,'4',632,,323867,0,35,1,94,,447945,0,23 46 47,1,1,,447947,0,35,1,1,,447946,0,23 46 47,1,2,,447944,0,23 46 47,1
29900,'5',631,,447949,0,35,1,96,,447948,0,35,1
29900,'6',632,,447953,0,35,1,94,,447951,0,23 46 47,1,1,,176185,0,35,1,1,,447952,0,23 46 47,1,2,,447950,0,23 46 47,1
29900,'7',632,,447957,0,35,1,94,,273412,0,23 46 47,1,1,,447956,0,35,1,1,,447955,0,23 46 47,1,2,,447954,0,23 46 47,1
29900,'8',632,,114613,0,35,1,95,,447958,0,35,1
29900,'9',632,,447962,0,35,1,94,,447960,0,23 46 47,1,1,,176121,0,35,1,1,,447961,0,23 46 47,1,2,,447959,0,23 46 47,1
68001,'11',1448,,450004,,,1,8,,450005,,,1
68001,'14',1448,,450007,,,1,8,,450008,,,1
68001,'18',1448,,450010,,,1,8,,450011,,,1
68001,'2',1448,,450013,,,1,8,,450014,,,1
68001,'3',1448,,286029,,,1,8,,450016,,,1
68001,'4',1448,,285777,,,1,8,,450018,,,1
68001,'6',1448,,450020,,,1,8,,450021,,,1
68001,'7',1448,,450022,,,1,8,,450023,,,1
68001,'9',1448,,450025,,,1,8,,450026,,,1
