6201,'1',1218,,166645,41,,,1,30,,166648,41,,,1,70,,166639,41,,,1,31,,98777,41,,,1,70,,166642,41,,,1,30,,166631,41,,,1,70,,166630,41,,,1,33,,166636,41,,,1,71,,166625,41,,,1,31,,166622,41,,,1,69,,166654,41,,,1,30,,166641,41,,,1,67,,166652,41,,,1,30,,166628,41,,,1,69,,166626,41,,,1,30,,39142,41,,,1,68,,166638,41,,,1,30,,33776,41,,,1,69,,166633,41,,,1,30,,166643,41,,,1,70,,166647,41,,,1,29,,166634,41,,,1,68,,166629,41,,,1,28,,166651,41,,,1,78,,166632,42,,,1,35,,166653,42,,,1
6201,'10',1218,,166669,41,,,1,30,,166679,41,,,1,70,,166675,41,,,1,31,,166676,41,,,1,70,,166682,41,,,1,30,,166657,41,,,1,70,,166655,41,,,1,33,,54949,41,,,1,71,,166663,41,,,1,29,,166662,41,,,1,73,,166687,41,,,1,28,,166664,41,,,1,67,,166668,41,,,1,30,,107596,41,,,1,69,,166685,41,,,1,30,,166670,41,,,1,68,,166667,41,,,1,30,,166674,41,,,1,69,,166681,41,,,1,30,,166659,41,,,1,70,,166686,41,,,1,29,,166658,41,,,1,68,,166661,41,,,1,28,,166684,41,,,1,78,,36463,42,,,1,35,,166672,42,,,1
6201,'11',843,,166707,41,,,1,71,,166704,41,,,1,30,,166695,41,,,1,70,,166706,41,,,1,30,,166711,41,,,1,72,,6365,41,,,1,30,,166692,41,,,1,70,,166697,41,,,1,30,,21763,41,,,1,70,,166710,41,,,1,30,,166700,41,,,1,70,,166701,41,,,1,30,,166689,41,,,1,70,,166688,41,,,1,30,,166709,41,,,1,70,,166702,41,,,1,30,,166698,41,,,1,70,,166693,41,,,1,30,,166708,41,,,1,70,,166712,41,,,1,30,,166691,41,,,1,70,,166703,41,,,1,30,,166705,41,,,1,70,,166690,41,,,1,30,,166694,41,,,1,67,,166696,41,,,1,30,,116470,41,,,1,70,,37039,41,,,1,30,,166699,41,,,1,70,,82473,41,,,1
6201,'12',1218,,166735,41,,,1,30,,166736,41,,,1,70,,166737,41,,,1,31,,166721,41,,,1,70,,45326,41,,,1,30,,166722,41,,,1,70,,166734,41,,,1,33,,166723,41,,,1,70,,166718,41,,,1,31,,166733,41,,,1,70,,166719,41,,,1,30,,166744,41,,,1,67,,166720,41,,,1,31,,166743,41,,,1,68,,166730,41,,,1,30,,166714,41,,,1,68,,166742,41,,,1,30,,166727,41,,,1,69,,166729,41,,,1,30,,111434,41,,,1,70,,166726,41,,,1,29,,69352,41,,,1,68,,166717,41,,,1,28,,166725,41,,,1,78,,166724,42,,,1,35,,166732,42,,,1
6201,'13',843,,51075,41,,,1,71,,19791,41,,,1,30,,25176,41,,,1,70,,166762,41,,,1,30,,166766,41,,,1,72,,166756,41,,,1,30,,166748,41,,,1,70,,166752,41,,,1,30,,166758,41,,,1,70,,17110,41,,,1,30,,166754,41,,,1,70,,166757,41,,,1,30,,166746,41,,,1,70,,166745,41,,,1,30,,166765,41,,,1,70,,166759,41,,,1,30,,116773,41,,,1,70,,166749,41,,,1,30,,166763,41,,,1,70,,78528,41,,,1,30,,166747,41,,,1,70,,166760,41,,,1,30,,166761,41,,,1,70,,92980,41,,,1,30,,166750,41,,,1,67,,166751,41,,,1,30,,166755,41,,,1,70,,166764,41,,,1,30,,166753,41,,,1,70,,166767,41,,,1
6201,'14',1218,,166784,41,,,1,30,,166785,41,,,1,70,,166786,41,,,1,31,,75854,41,,,1,70,,166769,41,,,1,30,,166775,41,,,1,70,,31609,41,,,1,33,,166776,41,,,1,70,,61007,41,,,1,31,,166783,41,,,1,70,,44274,41,,,1,30,,166792,41,,,1,67,,166773,41,,,1,31,,37186,41,,,1,68,,166782,41,,,1,30,,109363,41,,,1,68,,166791,41,,,1,30,,166779,41,,,1,69,,107959,41,,,1,30,,166772,41,,,1,70,,113628,41,,,1,29,,166774,41,,,1,68,,92302,41,,,1,28,,49184,41,,,1,78,,166777,42,,,1,35,,68782,42,,,1
6201,'15',1218,,166809,41,,,1,30,,166810,41,,,1,70,,166811,41,,,1,31,,76360,41,,,1,70,,166794,41,,,1,30,,166800,41,,,1,70,,31819,41,,,1,33,,166801,41,,,1,70,,61176,41,,,1,31,,166808,41,,,1,70,,44644,41,,,1,30,,166817,41,,,1,67,,166798,41,,,1,31,,37376,41,,,1,68,,166807,41,,,1,30,,109489,41,,,1,68,,166816,41,,,1,30,,166804,41,,,1,69,,108154,41,,,1,30,,166797,41,,,1,70,,113833,41,,,1,29,,166799,41,,,1,68,,92637,41,,,1,28,,49592,41,,,1,78,,166802,42,,,1,35,,69175,42,,,1
6201,'16',1218,,166843,41,,,1,30,,65305,41,,,1,70,,81786,41,,,1,31,,166829,41,,,1,70,,166819,41,,,1,30,,46695,41,,,1,70,,166842,41,,,1,33,,77061,41,,,1,70,,166825,41,,,1,31,,166841,41,,,1,70,,166826,41,,,1,30,,166849,41,,,1,67,,166828,41,,,1,31,,166848,41,,,1,68,,166838,41,,,1,30,,166821,41,,,1,68,,74317,41,,,1,30,,166834,41,,,1,69,,166837,41,,,1,30,,166827,41,,,1,70,,166832,41,,,1,29,,166830,41,,,1,68,,166824,41,,,1,28,,166831,41,,,1,78,,69635,42,,,1,35,,166840,42,,,1
6201,'17',1218,,166873,41,,,1,30,,166876,41,,,1,70,,166867,41,,,1,31,,98967,41,,,1,70,,166870,41,,,1,30,,166859,41,,,1,70,,166858,41,,,1,33,,166864,41,,,1,71,,166853,41,,,1,31,,166850,41,,,1,69,,166882,41,,,1,30,,166869,41,,,1,67,,166880,41,,,1,30,,166856,41,,,1,69,,166854,41,,,1,30,,39540,41,,,1,68,,166866,41,,,1,30,,33950,41,,,1,69,,166861,41,,,1,30,,166871,41,,,1,70,,166875,41,,,1,29,,166862,41,,,1,68,,166857,41,,,1,28,,166879,41,,,1,78,,166860,42,,,1,35,,166881,42,,,1
6201,'2',1218,,166906,41,,,1,30,,166909,41,,,1,70,,166900,41,,,1,31,,98817,41,,,1,70,,166903,41,,,1,30,,166892,41,,,1,70,,166891,41,,,1,33,,166897,41,,,1,71,,166886,41,,,1,31,,166883,41,,,1,69,,166915,41,,,1,30,,166902,41,,,1,67,,166913,41,,,1,30,,166889,41,,,1,69,,166887,41,,,1,30,,39222,41,,,1,68,,166899,41,,,1,30,,33813,41,,,1,69,,166894,41,,,1,30,,166904,41,,,1,70,,166908,41,,,1,29,,166895,41,,,1,68,,166890,41,,,1,28,,166912,41,,,1,78,,166893,42,,,1,35,,166914,42,,,1
6201,'3',1218,,166932,41,,,1,30,,166933,41,,,1,70,,166934,41,,,1,31,,76187,41,,,1,70,,166917,41,,,1,30,,166923,41,,,1,70,,31745,41,,,1,33,,166924,41,,,1,70,,61108,41,,,1,31,,166931,41,,,1,70,,44508,41,,,1,30,,166940,41,,,1,67,,166921,41,,,1,31,,37310,41,,,1,68,,166930,41,,,1,30,,109445,41,,,1,68,,166939,41,,,1,30,,166927,41,,,1,69,,108083,41,,,1,30,,166920,41,,,1,70,,113762,41,,,1,29,,166922,41,,,1,68,,92516,41,,,1,28,,49446,41,,,1,78,,166925,42,,,1,35,,69034,42,,,1
6201,'4',800,,166952,41,,,1,30,,101537,41,,,1,70,,166955,41,,,1,30,,166941,41,,,1,70,,166965,41,,,1,30,,166966,41,,,1,71,,166961,41,,,1,30,,166953,41,,,1,70,,38680,41,,,1,30,,92592,41,,,1,70,,166942,41,,,1,30,,166957,41,,,1,70,,166951,41,,,1,30,,166954,41,,,1,70,,166963,41,,,1,30,,166948,41,,,1,70,,166943,41,,,1,30,,45768,41,,,1,70,,166958,41,,,1,30,,166944,41,,,1,70,,166959,41,,,1,30,,166946,41,,,1,70,,166949,41,,,1,30,,166964,41,,,1,70,,166950,41,,,1,30,,166962,41,,,1,27,,166947,41,,,1,70,,166956,41,,,1,30,,10670,41,,,1,70,,166960,41,,,1,30,,166945,41,,,1,70,,13680,41,,,1
6201,'5',1218,,166990,41,,,1,30,,166993,41,,,1,70,,166983,41,,,1,31,,166997,41,,,1,70,,166987,41,,,1,30,,12832,41,,,1,70,,166974,41,,,1,33,,166980,41,,,1,71,,95801,41,,,1,31,,88779,41,,,1,69,,166999,41,,,1,30,,166986,41,,,1,67,,85458,41,,,1,30,,166972,41,,,1,69,,166970,41,,,1,30,,166968,41,,,1,68,,166982,41,,,1,30,,166973,41,,,1,69,,166976,41,,,1,30,,166988,41,,,1,70,,166992,41,,,1,29,,166977,41,,,1,68,,112032,41,,,1,28,,166996,41,,,1,78,,166975,42,,,1,35,,166998,42,,,1
6201,'6',1218,,167023,41,,,1,30,,167026,41,,,1,70,,167017,41,,,1,31,,99169,41,,,1,70,,167020,41,,,1,30,,167009,41,,,1,70,,167008,41,,,1,33,,167014,41,,,1,71,,167003,41,,,1,31,,167000,41,,,1,69,,167032,41,,,1,30,,167019,41,,,1,67,,167030,41,,,1,30,,167006,41,,,1,69,,167004,41,,,1,30,,40015,41,,,1,68,,167016,41,,,1,30,,34147,41,,,1,69,,167011,41,,,1,30,,167021,41,,,1,70,,167025,41,,,1,29,,167012,41,,,1,68,,167007,41,,,1,28,,167029,41,,,1,78,,167010,42,,,1,35,,167031,42,,,1
6201,'7',800,,47385,41,,,1,30,,167041,41,,,1,70,,167047,41,,,1,30,,167033,41,,,1,70,,167058,41,,,1,30,,33074,41,,,1,71,,167054,41,,,1,30,,167045,41,,,1,70,,167040,41,,,1,30,,167049,41,,,1,70,,167034,41,,,1,30,,59553,41,,,1,70,,167044,41,,,1,30,,167046,41,,,1,70,,42593,41,,,1,30,,167039,41,,,1,70,,167035,41,,,1,30,,167036,41,,,1,70,,167051,41,,,1,30,,53035,41,,,1,70,,167052,41,,,1,30,,167038,41,,,1,70,,167042,41,,,1,30,,167056,41,,,1,70,,167043,41,,,1,30,,167055,41,,,1,27,,40351,41,,,1,70,,167048,41,,,1,30,,167057,41,,,1,70,,167053,41,,,1,30,,167037,41,,,1,70,,167050,41,,,1
6201,'8',1218,,167082,41,,,1,30,,167085,41,,,1,70,,167076,41,,,1,31,,99129,41,,,1,70,,167079,41,,,1,30,,167068,41,,,1,70,,167067,41,,,1,33,,167073,41,,,1,71,,167062,41,,,1,31,,167059,41,,,1,69,,167091,41,,,1,30,,167078,41,,,1,67,,167089,41,,,1,30,,167065,41,,,1,69,,167063,41,,,1,30,,39935,41,,,1,68,,167075,41,,,1,30,,34110,41,,,1,69,,167070,41,,,1,30,,167080,41,,,1,70,,167084,41,,,1,29,,167071,41,,,1,68,,167066,41,,,1,28,,167088,41,,,1,78,,167069,42,,,1,35,,167090,42,,,1
6201,'9',843,,167112,41,,,1,71,,167110,41,,,1,30,,167099,41,,,1,70,,64801,41,,,1,30,,167116,41,,,1,72,,167105,41,,,1,30,,167096,41,,,1,70,,167100,41,,,1,30,,167107,41,,,1,70,,167115,41,,,1,30,,167103,41,,,1,70,,167106,41,,,1,30,,167093,41,,,1,70,,167092,41,,,1,30,,167114,41,,,1,70,,167108,41,,,1,30,,167101,41,,,1,70,,167097,41,,,1,30,,62332,41,,,1,70,,167117,41,,,1,30,,167095,41,,,1,70,,167109,41,,,1,30,,167111,41,,,1,70,,167094,41,,,1,30,,167098,41,,,1,67,,14684,41,,,1,30,,167104,41,,,1,70,,167113,41,,,1,30,,167102,41,,,1,70,,167118,41,,,1
26601,'1',1608,,204063,15,,,1,50,,204064,15,,,1,99,,204062,15,,,1,150,,204061,15,,,1
26601,'10',1608,,204066,15,,,1,50,,204067,15,,,1,99,,204065,15,,,1,150,,204068,15,,,1
26601,'12',1608,,204072,15,,,1,50,,204071,15,,,1,99,,204070,15,,,1,150,,204069,15,,,1
26601,'14',1608,,204073,15,,,1,50,,79927,15,,,1,99,,70977,15,,,1,150,,99826,15,,,1
26601,'15',1608,,204074,15,,,1,50,,80269,15,,,1,99,,71245,15,,,1,150,,100113,15,,,1
26601,'16',1608,,83433,15,,,1,50,,204077,15,,,1,99,,204076,15,,,1,150,,204075,15,,,1
26601,'17',1608,,204080,15,,,1,50,,204081,15,,,1,99,,204079,15,,,1,150,,204078,15,,,1
26601,'2',1608,,204084,15,,,1,50,,204085,15,,,1,99,,204083,15,,,1,150,,204082,15,,,1
26601,'3',1608,,204086,15,,,1,50,,80141,15,,,1,99,,71150,15,,,1,150,,100017,15,,,1
26601,'5',1608,,204089,15,,,1,50,,204090,15,,,1,99,,204088,15,,,1,150,,204087,15,,,1
26601,'6',1608,,204093,15,,,1,50,,204094,15,,,1,99,,204092,15,,,1,150,,204091,15,,,1
26601,'8',1608,,204097,15,,,1,50,,204098,15,,,1,99,,204096,15,,,1,150,,204095,15,,,1
