4200,'1',716,,44780,17,,,1,99,,44779,17,,,1,100,,44784,17,,,1,30,,44774,17,,,1,70,,44776,17,,,1,30,,44778,17,,,1,70,,44786,17,,,1,30,,44789,17,,,1,70,,44790,17,,,1,30,,44773,17,,,1,70,,44775,17,,,1,30,,44782,17,,,1,70,,44792,17,,,1,30,,44791,17,,,1,70,,44787,17,,,1,30,,44781,17,,,1,70,,44785,17,,,1,30,,44783,17,,,1,70,,44788,17,,,1,100,,44777,17,,,1
4200,'10',533,,44814,17,,,1,102,,44800,17,,,1,66,,44797,17,,,1,35,,44802,17,,,1,72,,44815,17,,,1,30,,44804,17,,,1,70,,44820,17,,,1,25,,44798,17,,,1,70,,44796,17,,,1,30,,44811,17,,,1,70,,44821,17,,,1,30,,44809,17,,,1,70,,44818,17,,,1,32,,44817,17,,,1,70,,44813,17,,,1,30,,44807,17,,,1,70,,44799,17,,,1,30,,44803,17,,,1,70,,44794,17,,,1,32,,44816,17,,,1,103,,44806,17,,,1,70,,44793,17,,,1,31,,44805,17,,,1,78,,44819,17,,,1,30,,44822,17,,,1,69,,44812,17,,,1,30,,44808,17,,,1,70,,44795,17,,,1,29,,44810,17,,,1,70,,44801,17,,,1
4200,'11',533,,44844,17,,,1,102,,44830,17,,,1,66,,44827,17,,,1,35,,44832,17,,,1,72,,44845,17,,,1,30,,44834,17,,,1,70,,44850,17,,,1,25,,44828,17,,,1,70,,44826,17,,,1,30,,44841,17,,,1,70,,44851,17,,,1,30,,44839,17,,,1,70,,44848,17,,,1,32,,44847,17,,,1,70,,44843,17,,,1,30,,44837,17,,,1,70,,44829,17,,,1,30,,44833,17,,,1,70,,44824,17,,,1,32,,44846,17,,,1,103,,44836,17,,,1,70,,44823,17,,,1,31,,44835,17,,,1,78,,44849,17,,,1,30,,44852,17,,,1,69,,44842,17,,,1,30,,44838,17,,,1,70,,44825,17,,,1,29,,44840,17,,,1,70,,44831,17,,,1
4200,'12',533,,44874,17,,,1,102,,44860,17,,,1,66,,44857,17,,,1,35,,44862,17,,,1,72,,44875,17,,,1,30,,44864,17,,,1,70,,44880,17,,,1,25,,44858,17,,,1,70,,44856,17,,,1,30,,44871,17,,,1,70,,44881,17,,,1,30,,44869,17,,,1,70,,44878,17,,,1,32,,44877,17,,,1,70,,44873,17,,,1,30,,44867,17,,,1,70,,44859,17,,,1,30,,44863,17,,,1,70,,44854,17,,,1,32,,44876,17,,,1,103,,44866,17,,,1,70,,44853,17,,,1,31,,44865,17,,,1,78,,44879,17,,,1,30,,44882,17,,,1,69,,44872,17,,,1,30,,44868,17,,,1,70,,44855,17,,,1,29,,44870,17,,,1,70,,44861,17,,,1
4200,'13',533,,44897,17,,,1,102,,44895,17,,,1,66,,44905,17,,,1,34,,44911,17,,,1,73,,44886,17,,,1,31,,44891,17,,,1,69,,44912,17,,,1,25,,44902,17,,,1,70,,44892,17,,,1,30,,44890,17,,,1,70,,44898,17,,,1,30,,44884,17,,,1,70,,44913,17,,,1,32,,44883,17,,,1,70,,44887,17,,,1,30,,44901,17,,,1,70,,44889,17,,,1,30,,44896,17,,,1,70,,44909,17,,,1,32,,44908,17,,,1,71,,44888,17,,,1,32,,44900,17,,,1,69,,44906,17,,,1,34,,44904,17,,,1,76,,44903,17,,,1,30,,44885,17,,,1,69,,44893,17,,,1,30,,44907,17,,,1,70,,44899,17,,,1,29,,44910,17,,,1,70,,44894,17,,,1
4200,'14',550,,44931,17,,,1,100,,44919,17,,,1,101,,44914,17,,,1,70,,44915,17,,,1,30,,44935,17,,,1,70,,44936,17,,,1,30,,44928,17,,,1,70,,44922,17,,,1,30,,44934,17,,,1,70,,44932,17,,,1,30,,44929,17,,,1,70,,44924,17,,,1,30,,44921,17,,,1,70,,44926,17,,,1,30,,44933,17,,,1,70,,44925,17,,,1,30,,44917,17,,,1,70,,44918,17,,,1,30,,44938,17,,,1,70,,44937,17,,,1,30,,44923,17,,,1,70,,44927,17,,,1,30,,44920,17,,,1,70,,44930,17,,,1,30,,44916,17,,,1
4200,'15',533,,44960,17,,,1,102,,44946,17,,,1,66,,44943,17,,,1,35,,44948,17,,,1,72,,44961,17,,,1,30,,44950,17,,,1,70,,44966,17,,,1,25,,44944,17,,,1,70,,44942,17,,,1,30,,44957,17,,,1,70,,44967,17,,,1,30,,44955,17,,,1,70,,44964,17,,,1,32,,44963,17,,,1,70,,44959,17,,,1,30,,44953,17,,,1,70,,44945,17,,,1,30,,44949,17,,,1,70,,44940,17,,,1,32,,44962,17,,,1,103,,44952,17,,,1,70,,44939,17,,,1,31,,44951,17,,,1,78,,44965,17,,,1,30,,44968,17,,,1,69,,44958,17,,,1,30,,44954,17,,,1,70,,44941,17,,,1,29,,44956,17,,,1,70,,44947,17,,,1
4200,'16',533,,44990,17,,,1,102,,44976,17,,,1,66,,44973,17,,,1,35,,44978,17,,,1,72,,44991,17,,,1,30,,44980,17,,,1,70,,44996,17,,,1,25,,44974,17,,,1,70,,44972,17,,,1,30,,44987,17,,,1,70,,44997,17,,,1,30,,44985,17,,,1,70,,44994,17,,,1,32,,44993,17,,,1,70,,44989,17,,,1,30,,44983,17,,,1,70,,44975,17,,,1,30,,44979,17,,,1,70,,44970,17,,,1,32,,44992,17,,,1,103,,44982,17,,,1,70,,44969,17,,,1,31,,44981,17,,,1,78,,44995,17,,,1,30,,44998,17,,,1,69,,44988,17,,,1,30,,44984,17,,,1,70,,44971,17,,,1,29,,44986,17,,,1,70,,44977,17,,,1
4200,'17',533,,45013,17,,,1,102,,45011,17,,,1,66,,45021,17,,,1,34,,45027,17,,,1,73,,45002,17,,,1,31,,45007,17,,,1,69,,45028,17,,,1,25,,45018,17,,,1,70,,45008,17,,,1,30,,45006,17,,,1,70,,45014,17,,,1,30,,45000,17,,,1,70,,45029,17,,,1,32,,44999,17,,,1,70,,45003,17,,,1,30,,45017,17,,,1,70,,45005,17,,,1,30,,45012,17,,,1,70,,45025,17,,,1,32,,45024,17,,,1,71,,45004,17,,,1,32,,45016,17,,,1,69,,45022,17,,,1,34,,45020,17,,,1,76,,45019,17,,,1,30,,45001,17,,,1,69,,45009,17,,,1,30,,45023,17,,,1,70,,45015,17,,,1,29,,45026,17,,,1,70,,45010,17,,,1
4200,'18',533,,45053,17,,,1,102,,45041,17,,,1,66,,45045,17,,,1,106,,45044,17,,,1,31,,45056,17,,,1,70,,45047,17,,,1,25,,45054,17,,,1,70,,45040,17,,,1,30,,45037,17,,,1,70,,45048,17,,,1,30,,45030,17,,,1,70,,45049,17,,,1,32,,45038,17,,,1,70,,45043,17,,,1,30,,45036,17,,,1,70,,45031,17,,,1,30,,45034,17,,,1,70,,45033,17,,,1,32,,45051,17,,,1,72,,45050,17,,,1,31,,45057,17,,,1,70,,45035,17,,,1,31,,45046,17,,,1,78,,45052,17,,,1,30,,45042,17,,,1,69,,45039,17,,,1,100,,45055,17,,,1,99,,45032,17,,,1
4200,'19',533,,45072,17,,,1,102,,45070,17,,,1,66,,45080,17,,,1,34,,45086,17,,,1,73,,45061,17,,,1,31,,45066,17,,,1,69,,45087,17,,,1,25,,45077,17,,,1,70,,45067,17,,,1,30,,45065,17,,,1,70,,45073,17,,,1,30,,45059,17,,,1,70,,45088,17,,,1,32,,45058,17,,,1,70,,45062,17,,,1,30,,45076,17,,,1,70,,45064,17,,,1,30,,45071,17,,,1,70,,45084,17,,,1,32,,45083,17,,,1,71,,45063,17,,,1,32,,45075,17,,,1,69,,45081,17,,,1,34,,45079,17,,,1,76,,45078,17,,,1,30,,45060,17,,,1,69,,45068,17,,,1,30,,45082,17,,,1,70,,45074,17,,,1,29,,45085,17,,,1,70,,45069,17,,,1
4200,'2',716,,45096,17,,,1,99,,45095,17,,,1,100,,45100,17,,,1,30,,45090,17,,,1,70,,45092,17,,,1,30,,45094,17,,,1,70,,45102,17,,,1,30,,45105,17,,,1,70,,45106,17,,,1,30,,45089,17,,,1,70,,45091,17,,,1,30,,45098,17,,,1,70,,45108,17,,,1,30,,45107,17,,,1,70,,45103,17,,,1,30,,45097,17,,,1,70,,45101,17,,,1,30,,45099,17,,,1,70,,45104,17,,,1,100,,45093,17,,,1
4200,'3',533,,45130,17,,,1,102,,45116,17,,,1,66,,45113,17,,,1,35,,45118,17,,,1,72,,45131,17,,,1,30,,45120,17,,,1,70,,45136,17,,,1,25,,45114,17,,,1,70,,45112,17,,,1,30,,45127,17,,,1,70,,45137,17,,,1,30,,45125,17,,,1,70,,45134,17,,,1,32,,45133,17,,,1,70,,45129,17,,,1,30,,45123,17,,,1,70,,45115,17,,,1,30,,45119,17,,,1,70,,45110,17,,,1,32,,45132,17,,,1,103,,45122,17,,,1,70,,45109,17,,,1,31,,45121,17,,,1,78,,45135,17,,,1,30,,45138,17,,,1,69,,45128,17,,,1,30,,45124,17,,,1,70,,45111,17,,,1,29,,45126,17,,,1,70,,45117,17,,,1
4200,'4',533,,45160,17,,,1,102,,45146,17,,,1,66,,45143,17,,,1,35,,45148,17,,,1,72,,45161,17,,,1,30,,45150,17,,,1,70,,45166,17,,,1,25,,45144,17,,,1,70,,45142,17,,,1,30,,45157,17,,,1,70,,45167,17,,,1,30,,45155,17,,,1,70,,45164,17,,,1,32,,45163,17,,,1,70,,45159,17,,,1,30,,45153,17,,,1,70,,45145,17,,,1,30,,45149,17,,,1,70,,45140,17,,,1,32,,45162,17,,,1,103,,45152,17,,,1,70,,45139,17,,,1,31,,45151,17,,,1,78,,45165,17,,,1,30,,45168,17,,,1,69,,45158,17,,,1,30,,45154,17,,,1,70,,45141,17,,,1,29,,45156,17,,,1,70,,45147,17,,,1
4200,'5',533,,45183,17,,,1,102,,45181,17,,,1,66,,45191,17,,,1,34,,45197,17,,,1,73,,45172,17,,,1,31,,45177,17,,,1,69,,45198,17,,,1,25,,45188,17,,,1,70,,45178,17,,,1,30,,45176,17,,,1,70,,45184,17,,,1,30,,45170,17,,,1,70,,45199,17,,,1,32,,45169,17,,,1,70,,45173,17,,,1,30,,45187,17,,,1,70,,45175,17,,,1,30,,45182,17,,,1,70,,45195,17,,,1,32,,45194,17,,,1,71,,45174,17,,,1,32,,45186,17,,,1,69,,45192,17,,,1,34,,45190,17,,,1,76,,45189,17,,,1,30,,45171,17,,,1,69,,45179,17,,,1,30,,45193,17,,,1,70,,45185,17,,,1,29,,45196,17,,,1,70,,45180,17,,,1
4200,'6',533,,45221,17,,,1,102,,45207,17,,,1,66,,45204,17,,,1,35,,45209,17,,,1,72,,45222,17,,,1,30,,45211,17,,,1,70,,45227,17,,,1,25,,45205,17,,,1,70,,45203,17,,,1,30,,45218,17,,,1,70,,45228,17,,,1,30,,45216,17,,,1,70,,45225,17,,,1,32,,45224,17,,,1,70,,45220,17,,,1,30,,45214,17,,,1,70,,45206,17,,,1,30,,45210,17,,,1,70,,45201,17,,,1,32,,45223,17,,,1,103,,45213,17,,,1,70,,45200,17,,,1,31,,45212,17,,,1,78,,45226,17,,,1,30,,45229,17,,,1,69,,45219,17,,,1,30,,45215,17,,,1,70,,45202,17,,,1,29,,45217,17,,,1,70,,45208,17,,,1
4200,'7',533,,45244,17,,,1,102,,45242,17,,,1,66,,45252,17,,,1,34,,45258,17,,,1,73,,45233,17,,,1,31,,45238,17,,,1,69,,45259,17,,,1,25,,45249,17,,,1,70,,45239,17,,,1,30,,45237,17,,,1,70,,45245,17,,,1,30,,45231,17,,,1,70,,45260,17,,,1,32,,45230,17,,,1,70,,45234,17,,,1,30,,45248,17,,,1,70,,45236,17,,,1,30,,45243,17,,,1,70,,45256,17,,,1,32,,45255,17,,,1,71,,45235,17,,,1,32,,45247,17,,,1,69,,45253,17,,,1,34,,45251,17,,,1,76,,45250,17,,,1,30,,45232,17,,,1,69,,45240,17,,,1,30,,45254,17,,,1,70,,45246,17,,,1,29,,45257,17,,,1,70,,45241,17,,,1
4200,'8',550,,45278,17,,,1,100,,45266,17,,,1,101,,45261,17,,,1,70,,45262,17,,,1,30,,45282,17,,,1,70,,45283,17,,,1,30,,45275,17,,,1,70,,45269,17,,,1,30,,45281,17,,,1,70,,45279,17,,,1,30,,45276,17,,,1,70,,45271,17,,,1,30,,45268,17,,,1,70,,45273,17,,,1,30,,45280,17,,,1,70,,45272,17,,,1,30,,45264,17,,,1,70,,45265,17,,,1,30,,45285,17,,,1,70,,45284,17,,,1,30,,45270,17,,,1,70,,45274,17,,,1,30,,45267,17,,,1,70,,45277,17,,,1,30,,45263,17,,,1
4200,'9',716,,45293,17,,,1,99,,45292,17,,,1,100,,45297,17,,,1,30,,45287,17,,,1,70,,45289,17,,,1,30,,45291,17,,,1,70,,45299,17,,,1,30,,45302,17,,,1,70,,45303,17,,,1,30,,45286,17,,,1,70,,45288,17,,,1,30,,45295,17,,,1,70,,45305,17,,,1,30,,45304,17,,,1,70,,45300,17,,,1,30,,45294,17,,,1,70,,45298,17,,,1,30,,45296,17,,,1,70,,45301,17,,,1,100,,45290,17,,,1
