4300,'10',903,,45887,4,,,1,100,,45888,4,,,1,100,,45883,4,,,1,100,,45880,4,,,1,100,,45876,4,,,1,100,,45875,4,,,1,101,,45891,4,,,1,32,,45879,4,,,1,68,,45885,4,,,1,30,,45889,4,,,1,70,,45878,4,,,1,30,,45886,4,,,1,69,,45892,4,,,1,100,,45877,4,,,1,100,,45884,4,,,1,100,,45881,4,,,1,99,,45882,4,,,1,100,,45890,4,,,1
4300,'11',903,,45905,4,,,1,100,,45906,4,,,1,100,,45901,4,,,1,100,,45898,4,,,1,100,,45894,4,,,1,100,,45893,4,,,1,101,,45909,4,,,1,32,,45897,4,,,1,68,,45903,4,,,1,30,,45907,4,,,1,70,,45896,4,,,1,30,,45904,4,,,1,69,,45910,4,,,1,100,,45895,4,,,1,100,,45902,4,,,1,100,,45899,4,,,1,99,,45900,4,,,1,100,,45908,4,,,1
4300,'12',903,,45923,4,,,1,100,,45924,4,,,1,100,,45919,4,,,1,100,,45916,4,,,1,100,,45912,4,,,1,100,,45911,4,,,1,101,,45927,4,,,1,32,,45915,4,,,1,68,,45921,4,,,1,30,,45925,4,,,1,70,,45914,4,,,1,30,,45922,4,,,1,69,,45928,4,,,1,100,,45913,4,,,1,100,,45920,4,,,1,100,,45917,4,,,1,99,,45918,4,,,1,100,,45926,4,,,1
4300,'13',903,,45941,4,,,1,100,,45942,4,,,1,100,,45933,4,,,1,100,,45946,4,,,1,100,,45940,4,,,1,100,,45932,4,,,1,101,,45939,4,,,1,30,,45935,4,,,1,70,,45938,4,,,1,29,,45929,4,,,1,69,,45934,4,,,1,32,,45931,4,,,1,69,,45937,4,,,1,100,,45943,4,,,1,100,,45936,4,,,1,100,,45945,4,,,1,99,,45930,4,,,1,100,,45944,4,,,1
4300,'15',903,,45959,4,,,1,100,,45960,4,,,1,100,,45955,4,,,1,100,,45952,4,,,1,100,,45948,4,,,1,100,,45947,4,,,1,101,,45963,4,,,1,32,,45951,4,,,1,68,,45957,4,,,1,30,,45961,4,,,1,70,,45950,4,,,1,30,,45958,4,,,1,69,,45964,4,,,1,100,,45949,4,,,1,100,,45956,4,,,1,100,,45953,4,,,1,99,,45954,4,,,1,100,,45962,4,,,1
4300,'16',903,,45977,4,,,1,100,,45978,4,,,1,100,,45973,4,,,1,100,,45970,4,,,1,100,,45966,4,,,1,100,,45965,4,,,1,101,,45981,4,,,1,32,,45969,4,,,1,68,,45975,4,,,1,30,,45979,4,,,1,70,,45968,4,,,1,30,,45976,4,,,1,69,,45982,4,,,1,100,,45967,4,,,1,100,,45974,4,,,1,100,,45971,4,,,1,99,,45972,4,,,1,100,,45980,4,,,1
4300,'17',903,,45995,4,,,1,100,,45996,4,,,1,100,,45987,4,,,1,100,,46000,4,,,1,100,,45994,4,,,1,100,,45986,4,,,1,101,,45993,4,,,1,30,,45989,4,,,1,70,,45992,4,,,1,29,,45983,4,,,1,69,,45988,4,,,1,32,,45985,4,,,1,69,,45991,4,,,1,100,,45997,4,,,1,100,,45990,4,,,1,100,,45999,4,,,1,99,,45984,4,,,1,100,,45998,4,,,1
4300,'18',903,,46003,4,,,1,100,,46005,4,,,1,100,,46013,4,,,1,100,,46004,4,,,1,100,,46015,4,,,1,100,,46014,4,,,1,101,,46016,4,,,1,32,,46001,4,,,1,68,,46012,4,,,1,30,,46018,4,,,1,70,,46009,4,,,1,30,,46007,4,,,1,69,,46008,4,,,1,100,,46017,4,,,1,100,,46006,4,,,1,100,,46010,4,,,1,99,,46011,4,,,1,100,,46002,4,,,1
4300,'19',903,,46031,4,,,1,100,,46032,4,,,1,100,,46023,4,,,1,100,,46036,4,,,1,100,,46030,4,,,1,100,,46022,4,,,1,101,,46029,4,,,1,30,,46025,4,,,1,70,,46028,4,,,1,29,,46019,4,,,1,69,,46024,4,,,1,32,,46021,4,,,1,69,,46027,4,,,1,100,,46033,4,,,1,100,,46026,4,,,1,100,,46035,4,,,1,99,,46020,4,,,1,100,,46034,4,,,1
4300,'3',903,,46049,4,,,1,100,,46050,4,,,1,100,,46045,4,,,1,100,,46042,4,,,1,100,,46038,4,,,1,100,,46037,4,,,1,101,,46053,4,,,1,32,,46041,4,,,1,68,,46047,4,,,1,30,,46051,4,,,1,70,,46040,4,,,1,30,,46048,4,,,1,69,,46054,4,,,1,100,,46039,4,,,1,100,,46046,4,,,1,100,,46043,4,,,1,99,,46044,4,,,1,100,,46052,4,,,1
4300,'4',903,,46067,4,,,1,100,,46068,4,,,1,100,,46063,4,,,1,100,,46060,4,,,1,100,,46056,4,,,1,100,,46055,4,,,1,101,,46071,4,,,1,32,,46059,4,,,1,68,,46065,4,,,1,30,,46069,4,,,1,70,,46058,4,,,1,30,,46066,4,,,1,69,,46072,4,,,1,100,,46057,4,,,1,100,,46064,4,,,1,100,,46061,4,,,1,99,,46062,4,,,1,100,,46070,4,,,1
4300,'5',903,,46085,4,,,1,100,,46086,4,,,1,100,,46077,4,,,1,100,,46090,4,,,1,100,,46084,4,,,1,100,,46076,4,,,1,101,,46083,4,,,1,30,,46079,4,,,1,70,,46082,4,,,1,29,,46073,4,,,1,69,,46078,4,,,1,32,,46075,4,,,1,69,,46081,4,,,1,100,,46087,4,,,1,100,,46080,4,,,1,100,,46089,4,,,1,99,,46074,4,,,1,100,,46088,4,,,1
4300,'6',903,,46103,4,,,1,100,,46104,4,,,1,100,,46099,4,,,1,100,,46096,4,,,1,100,,46092,4,,,1,100,,46091,4,,,1,101,,46107,4,,,1,32,,46095,4,,,1,68,,46101,4,,,1,30,,46105,4,,,1,70,,46094,4,,,1,30,,46102,4,,,1,69,,46108,4,,,1,100,,46093,4,,,1,100,,46100,4,,,1,100,,46097,4,,,1,99,,46098,4,,,1,100,,46106,4,,,1
4300,'7',903,,46121,4,,,1,100,,46122,4,,,1,100,,46113,4,,,1,100,,46126,4,,,1,100,,46120,4,,,1,100,,46112,4,,,1,101,,46119,4,,,1,30,,46115,4,,,1,70,,46118,4,,,1,29,,46109,4,,,1,69,,46114,4,,,1,32,,46111,4,,,1,69,,46117,4,,,1,100,,46123,4,,,1,100,,46116,4,,,1,100,,46125,4,,,1,99,,46110,4,,,1,100,,46124,4,,,1
