4800,'1',815,,714831,,,1,100,,714814,,,1,30,,714837,,,1,70,,714827,,,1,30,,714828,,,1,70,,714826,,,1,30,,714830,,,1,71,,714811,,,1,30,,714834,,,1,70,,714821,,,1,30,,714838,,,1,70,,714819,,,1,30,,714822,,,1,70,,714829,,,1,30,,714825,,,1,70,,714812,,,1,30,,714813,,,1,70,,714818,,,1,30,,714816,,,1,70,,714832,,,1,30,,628843,,,1,70,,556337,,,1
4800,'10',605,,714849,,,1,15,,714857,,,1,15,,714866,,,1,15,,714845,,,1,56,,714853,,,1,15,,714855,,,1,16,,660051,,,1,15,,714867,,,1,71,,714863,,,1,12,,714854,,,1,16,,493145,,,1,55,,588411,,,1,29,,714860,,,1,70,,714868,,,1,30,,714842,,,1,69,,714844,,,1,31,,714848,,,1,70,,714859,,,1,29,,627625,,,1,70,,581131,,,1,30,,714864,,,1,71,,714850,,,1,30,,714862,,,1,71,,714840,,,1,15,,714865,,,1,16,,714861,,,1,16,,714869,,,1,54,,623837,,,1,15,,714851,,,1,15,,714856,,,1,15,,714847,,,1,55,,714871,,,1,14,,714870,,,1,15,,714872,,,1,15,,714876,,,1,55,,714846,,,1,29,,714858,,,1,70,,714874,,,1,30,,714873,,,1,70,,714875,,,1,30,,714877,,,1,70,,672576,,,1,30,,714839,,,1
4800,'11',605,,714889,,,1,15,,714897,,,1,15,,714906,,,1,15,,714885,,,1,56,,714893,,,1,15,,714895,,,1,16,,660214,,,1,15,,714907,,,1,71,,714903,,,1,12,,714894,,,1,16,,493352,,,1,55,,588593,,,1,29,,714900,,,1,70,,714908,,,1,30,,714882,,,1,69,,714884,,,1,31,,714888,,,1,70,,714899,,,1,29,,628027,,,1,70,,581337,,,1,30,,714904,,,1,71,,714890,,,1,30,,714902,,,1,71,,714880,,,1,15,,714905,,,1,16,,714901,,,1,16,,714909,,,1,54,,624031,,,1,15,,714891,,,1,15,,714896,,,1,15,,714887,,,1,55,,714911,,,1,14,,714910,,,1,15,,714912,,,1,15,,714916,,,1,55,,714886,,,1,29,,714898,,,1,70,,714914,,,1,30,,714913,,,1,70,,714915,,,1,30,,714917,,,1,70,,672586,,,1,30,,714879,,,1
4800,'12',605,,714929,,,1,15,,714937,,,1,15,,714946,,,1,15,,714925,,,1,56,,714933,,,1,15,,714935,,,1,16,,660284,,,1,15,,714947,,,1,71,,714943,,,1,12,,714934,,,1,16,,493206,,,1,55,,588679,,,1,29,,714940,,,1,70,,714948,,,1,30,,714922,,,1,69,,714924,,,1,31,,714928,,,1,70,,714939,,,1,29,,628221,,,1,70,,581436,,,1,30,,714944,,,1,71,,714930,,,1,30,,714942,,,1,71,,714920,,,1,15,,714945,,,1,16,,714941,,,1,16,,714949,,,1,54,,624130,,,1,15,,714931,,,1,15,,714936,,,1,15,,714927,,,1,55,,714951,,,1,14,,714950,,,1,15,,714952,,,1,15,,714956,,,1,55,,714926,,,1,29,,714938,,,1,70,,714954,,,1,30,,714953,,,1,70,,714955,,,1,30,,714957,,,1,70,,672591,,,1,30,,714919,,,1
4800,'13',605,,714985,,,1,15,,585254,,,1,15,,714987,,,1,15,,714982,,,1,56,,653589,,,1,13,,714977,,,1,17,,714990,,,1,16,,714971,,,1,54,,518432,,,1,17,,714966,,,1,15,,714989,,,1,13,,714983,,,1,55,,714991,,,1,29,,575499,,,1,70,,714998,,,1,30,,714967,,,1,69,,714964,,,1,31,,559028,,,1,70,,714960,,,1,29,,714963,,,1,70,,671249,,,1,30,,714959,,,1,71,,655704,,,1,31,,714979,,,1,68,,714992,,,1,17,,714997,,,1,15,,714980,,,1,14,,714981,,,1,56,,714995,,,1,16,,714999,,,1,14,,556607,,,1,16,,714996,,,1,55,,714994,,,1,14,,714984,,,1,16,,714972,,,1,14,,714961,,,1,55,,714974,,,1,29,,714968,,,1,70,,714973,,,1,30,,714965,,,1,70,,714986,,,1,30,,714976,,,1,70,,714988,,,1,30,,714975,,,1
4800,'14',739,,715005,,,1,70,,715013,,,1,30,,586192,,,1,70,,715023,,,1,30,,715016,,,1,70,,600260,,,1,30,,715017,,,1,70,,609172,,,1,30,,715018,,,1,71,,715022,,,1,30,,715012,,,1,70,,715020,,,1,30,,715025,,,1,70,,715000,,,1,30,,715007,,,1,70,,715010,,,1,30,,715015,,,1,70,,665374,,,1,30,,436441,,,1,70,,611686,,,1,30,,715008,,,1,70,,715003,,,1,30,,715019,,,1,70,,715014,,,1,30,,715002,,,1,69,,672115,,,1,30,,715021,,,1,70,,715009,,,1,30,,715024,,,1,70,,715011,,,1
4800,'15',605,,715036,,,1,15,,715044,,,1,15,,715053,,,1,15,,715032,,,1,56,,715040,,,1,15,,715042,,,1,16,,660103,,,1,15,,715054,,,1,71,,715050,,,1,12,,715041,,,1,16,,492957,,,1,55,,588471,,,1,29,,715047,,,1,70,,715055,,,1,30,,715029,,,1,69,,715031,,,1,31,,715035,,,1,70,,715046,,,1,29,,627753,,,1,70,,581201,,,1,30,,715051,,,1,71,,715037,,,1,30,,715049,,,1,71,,715027,,,1,15,,715052,,,1,16,,715048,,,1,16,,715056,,,1,54,,623897,,,1,15,,715038,,,1,15,,715043,,,1,15,,715034,,,1,55,,715058,,,1,14,,715057,,,1,15,,715059,,,1,15,,715063,,,1,55,,715033,,,1,29,,715045,,,1,70,,715061,,,1,30,,715060,,,1,70,,715062,,,1,30,,715064,,,1,70,,672580,,,1,30,,715026,,,1
4800,'16',605,,715076,,,1,15,,715084,,,1,15,,715093,,,1,15,,715072,,,1,56,,715080,,,1,15,,715082,,,1,16,,660499,,,1,15,,715094,,,1,71,,715090,,,1,12,,715081,,,1,16,,492904,,,1,55,,588943,,,1,29,,715087,,,1,70,,715095,,,1,30,,715069,,,1,69,,715071,,,1,31,,715075,,,1,70,,715086,,,1,29,,628888,,,1,70,,581742,,,1,30,,715091,,,1,71,,715077,,,1,30,,715089,,,1,71,,715067,,,1,15,,715092,,,1,16,,715088,,,1,16,,715096,,,1,54,,624470,,,1,15,,715078,,,1,15,,715083,,,1,15,,715074,,,1,55,,715098,,,1,14,,715097,,,1,15,,715099,,,1,15,,715103,,,1,55,,715073,,,1,29,,715085,,,1,70,,715101,,,1,30,,715100,,,1,70,,715102,,,1,30,,715104,,,1,70,,672595,,,1,30,,715066,,,1
4800,'17',605,,592638,,,1,15,,715123,,,1,15,,715129,,,1,15,,565739,,,1,56,,715120,,,1,13,,624507,,,1,17,,715132,,,1,16,,632650,,,1,54,,715118,,,1,17,,583913,,,1,15,,715131,,,1,13,,594803,,,1,55,,715133,,,1,29,,715135,,,1,70,,632681,,,1,30,,715112,,,1,69,,715111,,,1,31,,715128,,,1,70,,715108,,,1,29,,715110,,,1,70,,715107,,,1,30,,715106,,,1,71,,715122,,,1,31,,569359,,,1,68,,715134,,,1,17,,715137,,,1,15,,715124,,,1,14,,502308,,,1,56,,568554,,,1,16,,715138,,,1,14,,715125,,,1,16,,715136,,,1,55,,669534,,,1,14,,715126,,,1,16,,715115,,,1,14,,583256,,,1,55,,715117,,,1,29,,498518,,,1,70,,715116,,,1,30,,557642,,,1,70,,715127,,,1,30,,715119,,,1,70,,715130,,,1,30,,564674,,,1
4800,'18',605,,715153,,,1,30,,715165,,,1,71,,715156,,,1,31,,715145,,,1,70,,715157,,,1,31,,715154,,,1,68,,715152,,,1,29,,715158,,,1,70,,715163,,,1,30,,715150,,,1,69,,715161,,,1,31,,715149,,,1,70,,634142,,,1,29,,715147,,,1,70,,670217,,,1,30,,715146,,,1,71,,551902,,,1,31,,715155,,,1,70,,630963,,,1,31,,659707,,,1,70,,715141,,,1,30,,592999,,,1,70,,715148,,,1,29,,310053,,,1,70,,715151,,,1,29,,715164,,,1,70,,715160,,,1,30,,652927,,,1,70,,715140,,,1,30,,715162,,,1,70,,622078,,,1,30,,715139,,,1
4800,'19',605,,715192,,,1,15,,585478,,,1,15,,715194,,,1,15,,715189,,,1,56,,653766,,,1,13,,715184,,,1,17,,715197,,,1,16,,715178,,,1,54,,553067,,,1,17,,715173,,,1,15,,715196,,,1,13,,715190,,,1,55,,715198,,,1,29,,575720,,,1,70,,715205,,,1,30,,715174,,,1,69,,715171,,,1,31,,559273,,,1,70,,715167,,,1,29,,715170,,,1,70,,671264,,,1,30,,715166,,,1,71,,656143,,,1,31,,715186,,,1,68,,715199,,,1,17,,715204,,,1,15,,715187,,,1,14,,715188,,,1,56,,715202,,,1,16,,715206,,,1,14,,557004,,,1,16,,715203,,,1,55,,715201,,,1,14,,715191,,,1,16,,715179,,,1,14,,715168,,,1,55,,715181,,,1,29,,715175,,,1,70,,715180,,,1,30,,715172,,,1,70,,715193,,,1,30,,715183,,,1,70,,715195,,,1,30,,715182,,,1
4800,'2',815,,715227,,,1,100,,715210,,,1,30,,715233,,,1,70,,715223,,,1,30,,715224,,,1,70,,715222,,,1,30,,715226,,,1,71,,715207,,,1,30,,715230,,,1,70,,715217,,,1,30,,715234,,,1,70,,715215,,,1,30,,715218,,,1,70,,715225,,,1,30,,715221,,,1,70,,715208,,,1,30,,715209,,,1,70,,715214,,,1,30,,715212,,,1,70,,715228,,,1,30,,628176,,,1,70,,555770,,,1
4800,'3',605,,715245,,,1,15,,715253,,,1,15,,715262,,,1,15,,715241,,,1,56,,715249,,,1,15,,715251,,,1,16,,660129,,,1,15,,715263,,,1,71,,715259,,,1,12,,715250,,,1,16,,492851,,,1,55,,588501,,,1,29,,715256,,,1,70,,715264,,,1,30,,715238,,,1,69,,715240,,,1,31,,715244,,,1,70,,715255,,,1,29,,627817,,,1,70,,581236,,,1,30,,715260,,,1,71,,715246,,,1,30,,715258,,,1,71,,715236,,,1,15,,715261,,,1,16,,715257,,,1,16,,715265,,,1,54,,623927,,,1,15,,715247,,,1,15,,715252,,,1,15,,715243,,,1,55,,715267,,,1,14,,715266,,,1,15,,715268,,,1,15,,715272,,,1,55,,715242,,,1,29,,715254,,,1,70,,715270,,,1,30,,715269,,,1,70,,715271,,,1,30,,715273,,,1,70,,672582,,,1,30,,715235,,,1
4800,'4',605,,715285,,,1,15,,715293,,,1,15,,715302,,,1,15,,715281,,,1,56,,715289,,,1,15,,715291,,,1,16,,660077,,,1,15,,715303,,,1,71,,715299,,,1,12,,715290,,,1,16,,492458,,,1,55,,588441,,,1,29,,715296,,,1,70,,715304,,,1,30,,715278,,,1,69,,715280,,,1,31,,715284,,,1,70,,715295,,,1,29,,627689,,,1,70,,581166,,,1,30,,715300,,,1,71,,715286,,,1,30,,715298,,,1,71,,715276,,,1,15,,715301,,,1,16,,715297,,,1,16,,715305,,,1,54,,623867,,,1,15,,715287,,,1,15,,715292,,,1,15,,715283,,,1,55,,715307,,,1,14,,715306,,,1,15,,715308,,,1,15,,715312,,,1,55,,715282,,,1,29,,715294,,,1,70,,715310,,,1,30,,715309,,,1,70,,715311,,,1,30,,715313,,,1,70,,672578,,,1,30,,715275,,,1
4800,'5',605,,715344,,,1,15,,715337,,,1,15,,715347,,,1,15,,715340,,,1,56,,715332,,,1,13,,715333,,,1,17,,580287,,,1,16,,715326,,,1,54,,715330,,,1,17,,715322,,,1,15,,715349,,,1,13,,715342,,,1,55,,639480,,,1,29,,715352,,,1,70,,715354,,,1,30,,635435,,,1,69,,569371,,,1,31,,715346,,,1,70,,715317,,,1,29,,715320,,,1,70,,715316,,,1,30,,715315,,,1,71,,715335,,,1,31,,715336,,,1,68,,583277,,,1,17,,565806,,,1,15,,715338,,,1,14,,715339,,,1,56,,715353,,,1,16,,715355,,,1,14,,715341,,,1,16,,347600,,,1,55,,715351,,,1,14,,715343,,,1,16,,715327,,,1,14,,715318,,,1,55,,641175,,,1,29,,715323,,,1,70,,715328,,,1,30,,715321,,,1,70,,715345,,,1,30,,715331,,,1,70,,715348,,,1,30,,715329,,,1
4800,'6',605,,715366,,,1,15,,715374,,,1,15,,715383,,,1,15,,715362,,,1,56,,715370,,,1,15,,715372,,,1,16,,660188,,,1,15,,715384,,,1,71,,715380,,,1,12,,715371,,,1,16,,492798,,,1,55,,588563,,,1,29,,715377,,,1,70,,715385,,,1,30,,715359,,,1,69,,715361,,,1,31,,715365,,,1,70,,715376,,,1,29,,627963,,,1,70,,581302,,,1,30,,715381,,,1,71,,715367,,,1,30,,715379,,,1,71,,715357,,,1,15,,715382,,,1,16,,715378,,,1,16,,715386,,,1,54,,624001,,,1,15,,715368,,,1,15,,715373,,,1,15,,715364,,,1,55,,715388,,,1,14,,715387,,,1,15,,715389,,,1,15,,715393,,,1,55,,715363,,,1,29,,715375,,,1,70,,715391,,,1,30,,715390,,,1,70,,715392,,,1,30,,715394,,,1,70,,672584,,,1,30,,715356,,,1
4800,'7',605,,715425,,,1,15,,715418,,,1,15,,715428,,,1,15,,715421,,,1,56,,715413,,,1,13,,715414,,,1,17,,715431,,,1,16,,715406,,,1,54,,715411,,,1,17,,715402,,,1,15,,715430,,,1,13,,715423,,,1,55,,715432,,,1,29,,715436,,,1,70,,715440,,,1,30,,715403,,,1,69,,715400,,,1,31,,715427,,,1,70,,715397,,,1,29,,715399,,,1,70,,715396,,,1,30,,651843,,,1,71,,715416,,,1,31,,715417,,,1,68,,715433,,,1,17,,715439,,,1,15,,715419,,,1,14,,715420,,,1,56,,715437,,,1,16,,612591,,,1,14,,715422,,,1,16,,715438,,,1,55,,715435,,,1,14,,715424,,,1,16,,715407,,,1,14,,715398,,,1,55,,715409,,,1,29,,715404,,,1,70,,715408,,,1,30,,715401,,,1,70,,715426,,,1,30,,715412,,,1,70,,715429,,,1,30,,715410,,,1
4800,'8',739,,715445,,,1,70,,715453,,,1,30,,715455,,,1,70,,715466,,,1,30,,715459,,,1,70,,715456,,,1,30,,572723,,,1,70,,715457,,,1,30,,715460,,,1,71,,509104,,,1,30,,715452,,,1,70,,715464,,,1,30,,715467,,,1,70,,715441,,,1,30,,715447,,,1,70,,715451,,,1,30,,650212,,,1,70,,715458,,,1,30,,715449,,,1,70,,715468,,,1,30,,715448,,,1,70,,715444,,,1,30,,715463,,,1,70,,715454,,,1,30,,715443,,,1,69,,715462,,,1,30,,715465,,,1,70,,715450,,,1,30,,666108,,,1,70,,604024,,,1
4800,'9',815,,715486,,,1,100,,715472,,,1,30,,715493,,,1,70,,715484,,,1,30,,606179,,,1,70,,715483,,,1,30,,715485,,,1,71,,715470,,,1,30,,715488,,,1,70,,715479,,,1,30,,655464,,,1,70,,715477,,,1,30,,715480,,,1,70,,613025,,,1,30,,715482,,,1,70,,715471,,,1,30,,655424,,,1,70,,715476,,,1,30,,715474,,,1,70,,715487,,,1,30,,715492,,,1,70,,715489,,,1
