1900,'1',657,,573534,,,1,100,,573529,,,1,70,,573523,,,1,30,,573539,,,1,70,,522310,,,1,30,,573525,,,1,70,,573530,,,1,30,,573518,,,1,70,,573522,,,1,30,,573515,,,1,70,,573537,,,1,32,,476873,,,1,70,,573535,,,1,30,,573531,,,1,70,,505210,,,1,30,,573532,,,1,70,,573527,,,1,30,,573526,,,1,70,,573524,,,1,30,,573516,,,1,70,,573528,,,1,30,,573538,,,1,70,,573521,,,1,29,,573517,,,1,70,,573514,,,1,30,,523004,,,1,70,,476952,,,1,28,,573533,,,1,70,,573519,,,1,30,,467369,,,1,70,,573536,,,1,30,,573520,,,1,100,,398203,,,1
1900,'10',930,,573546,,,1,70,,573560,,,1,30,,573552,,,1,70,,573548,,,1,30,,573558,,,1,70,,573556,,,1,30,,502649,,,1,72,,573561,,,1,30,,573550,,,1,70,,573545,,,1,30,,573542,,,1,70,,573543,,,1,30,,573557,,,1,70,,573540,,,1,30,,573544,,,1,70,,573551,,,1,30,,573549,,,1,70,,573554,,,1,30,,573547,,,1,69,,573541,,,1,30,,485098,,,1,70,,573555,,,1,28,,573562,,,1,30,,412061,,,1,70,,454198,,,1,30,,573559,,,1,100,,573553,,,1
1900,'11',548,,573583,,,1,65,,573581,,,1,29,,573591,,,1,58,,573586,,,1,28,,573580,,,1,29,,573575,,,1,70,,514516,,,1,31,,573571,,,1,70,,573573,,,1,30,,573564,,,1,68,,459769,,,1,30,,573587,,,1,70,,573589,,,1,30,,573579,,,1,71,,573592,,,1,30,,573565,,,1,70,,573593,,,1,30,,476181,,,1,70,,573568,,,1,73,,573563,,,1,27,,515875,,,1,32,,573572,,,1,70,,573570,,,1,29,,573588,,,1,70,,573577,,,1,30,,453329,,,1,72,,573578,,,1,70,,573569,,,1,28,,573574,,,1,30,,573582,,,1,69,,573566,,,1,31,,444333,,,1,71,,573576,,,1,71,,573567,,,1,31,,573585,,,1,70,,573584,,,1,108,,573590,,,1
1900,'12',548,,573612,,,1,65,,573610,,,1,29,,573621,,,1,58,,573616,,,1,28,,573609,,,1,29,,573604,,,1,70,,573623,,,1,31,,573599,,,1,70,,573602,,,1,30,,573595,,,1,68,,573619,,,1,30,,573617,,,1,70,,476765,,,1,30,,573608,,,1,71,,573622,,,1,30,,490231,,,1,70,,573625,,,1,30,,573614,,,1,70,,538751,,,1,73,,358956,,,1,27,,573594,,,1,32,,573600,,,1,70,,523505,,,1,29,,573618,,,1,70,,573606,,,1,30,,573601,,,1,72,,573607,,,1,70,,573598,,,1,28,,573603,,,1,30,,573611,,,1,69,,573596,,,1,31,,573624,,,1,71,,573605,,,1,71,,573597,,,1,31,,573615,,,1,70,,573613,,,1,108,,573620,,,1
1900,'13',548,,573644,,,1,65,,573642,,,1,29,,573653,,,1,58,,573648,,,1,28,,573641,,,1,29,,573636,,,1,70,,573655,,,1,31,,573631,,,1,70,,573634,,,1,30,,573627,,,1,68,,573651,,,1,30,,573649,,,1,70,,476395,,,1,30,,573640,,,1,71,,573654,,,1,30,,489631,,,1,70,,573657,,,1,30,,573646,,,1,70,,538375,,,1,73,,531815,,,1,27,,573626,,,1,32,,573632,,,1,70,,523041,,,1,29,,573650,,,1,70,,573638,,,1,30,,573633,,,1,72,,573639,,,1,70,,573630,,,1,28,,573635,,,1,30,,573643,,,1,69,,573628,,,1,31,,573656,,,1,71,,573637,,,1,71,,573629,,,1,31,,573647,,,1,70,,573645,,,1,108,,573652,,,1
1900,'14',548,,573676,,,1,65,,573674,,,1,29,,573685,,,1,58,,573680,,,1,28,,573673,,,1,29,,573668,,,1,70,,573687,,,1,31,,573663,,,1,70,,573666,,,1,30,,573659,,,1,68,,573683,,,1,30,,573681,,,1,70,,476660,,,1,30,,573672,,,1,71,,573686,,,1,30,,490067,,,1,70,,573689,,,1,30,,573678,,,1,70,,538643,,,1,73,,532277,,,1,27,,573658,,,1,32,,573664,,,1,70,,523377,,,1,29,,573682,,,1,70,,573670,,,1,30,,573665,,,1,72,,573671,,,1,70,,573662,,,1,28,,573667,,,1,30,,573675,,,1,69,,573660,,,1,31,,573688,,,1,71,,573669,,,1,71,,573661,,,1,31,,573679,,,1,70,,573677,,,1,108,,573684,,,1
1900,'15',548,,573708,,,1,65,,573706,,,1,29,,573717,,,1,58,,573712,,,1,28,,573705,,,1,29,,573700,,,1,70,,573719,,,1,31,,573695,,,1,70,,573698,,,1,30,,573691,,,1,68,,573715,,,1,30,,573713,,,1,70,,476606,,,1,30,,573704,,,1,71,,573718,,,1,30,,489967,,,1,70,,573721,,,1,30,,573710,,,1,70,,538585,,,1,73,,532171,,,1,27,,573690,,,1,32,,573696,,,1,70,,523307,,,1,29,,573714,,,1,70,,573702,,,1,30,,573697,,,1,72,,573703,,,1,70,,573694,,,1,28,,573699,,,1,30,,573707,,,1,69,,573692,,,1,31,,573720,,,1,71,,573701,,,1,71,,573693,,,1,31,,573711,,,1,70,,573709,,,1,108,,573716,,,1
1900,'16',548,,573725,,,1,65,,573729,,,1,29,,573739,,,1,17,,573728,,,1,69,,366235,,,1,29,,573730,,,1,70,,573740,,,1,73,,573723,,,1,28,,573727,,,1,30,,573753,,,1,68,,573736,,,1,30,,573755,,,1,70,,573734,,,1,30,,573745,,,1,71,,433585,,,1,30,,573742,,,1,70,,573735,,,1,30,,573726,,,1,70,,573751,,,1,73,,573749,,,1,27,,573732,,,1,32,,573741,,,1,68,,573744,,,1,31,,573752,,,1,70,,573724,,,1,30,,573733,,,1,72,,573738,,,1,70,,573750,,,1,28,,573722,,,1,30,,573743,,,1,69,,573754,,,1,31,,573748,,,1,71,,573746,,,1,71,,573747,,,1,31,,573731,,,1,70,,401953,,,1,108,,573737,,,1
1900,'17',548,,573774,,,1,65,,573772,,,1,29,,573783,,,1,58,,573778,,,1,28,,573771,,,1,29,,573766,,,1,70,,573785,,,1,31,,573761,,,1,70,,573764,,,1,30,,573757,,,1,68,,573781,,,1,30,,573779,,,1,70,,476579,,,1,30,,573770,,,1,71,,573784,,,1,30,,489917,,,1,70,,573787,,,1,30,,573776,,,1,70,,538556,,,1,73,,532118,,,1,27,,573756,,,1,32,,573762,,,1,70,,523272,,,1,29,,573780,,,1,70,,573768,,,1,30,,573763,,,1,72,,573769,,,1,70,,573760,,,1,28,,573765,,,1,30,,573773,,,1,69,,573758,,,1,31,,573786,,,1,71,,573767,,,1,71,,573759,,,1,31,,573777,,,1,70,,573775,,,1,108,,573782,,,1
1900,'18',548,,573806,,,1,65,,573804,,,1,29,,573815,,,1,58,,573810,,,1,28,,573803,,,1,29,,573798,,,1,70,,573817,,,1,31,,573793,,,1,70,,573796,,,1,30,,573789,,,1,68,,573813,,,1,30,,573811,,,1,70,,476866,,,1,30,,573802,,,1,71,,573816,,,1,30,,490416,,,1,70,,573819,,,1,30,,573808,,,1,70,,538865,,,1,73,,532640,,,1,27,,573788,,,1,32,,573794,,,1,70,,523653,,,1,29,,573812,,,1,70,,573800,,,1,30,,573795,,,1,72,,573801,,,1,70,,573792,,,1,28,,573797,,,1,30,,573805,,,1,69,,573790,,,1,31,,573818,,,1,71,,573799,,,1,71,,573791,,,1,31,,573809,,,1,70,,573807,,,1,108,,573814,,,1
1900,'19',548,,573841,,,1,65,,573839,,,1,29,,573847,,,1,58,,476728,,,1,28,,573838,,,1,29,,573833,,,1,70,,573849,,,1,31,,573828,,,1,70,,573831,,,1,30,,573822,,,1,68,,573845,,,1,30,,451475,,,1,70,,573846,,,1,30,,573837,,,1,71,,573848,,,1,30,,573823,,,1,70,,573851,,,1,30,,573843,,,1,70,,573825,,,1,73,,573821,,,1,27,,573820,,,1,32,,573829,,,1,70,,573827,,,1,29,,457365,,,1,70,,573835,,,1,30,,573830,,,1,72,,573836,,,1,70,,573826,,,1,28,,573832,,,1,30,,573840,,,1,69,,573824,,,1,31,,573850,,,1,71,,573834,,,1,71,,510990,,,1,31,,573844,,,1,70,,573842,,,1,108,,374042,,,1
1900,'2',930,,451380,,,1,70,,573875,,,1,30,,573865,,,1,70,,573861,,,1,30,,573873,,,1,70,,573869,,,1,30,,573858,,,1,72,,547047,,,1,30,,573863,,,1,70,,573859,,,1,30,,573854,,,1,70,,573855,,,1,30,,573871,,,1,70,,573852,,,1,30,,573856,,,1,70,,573864,,,1,30,,573862,,,1,70,,573867,,,1,30,,573860,,,1,69,,573853,,,1,30,,573872,,,1,70,,573868,,,1,28,,573876,,,1,30,,573857,,,1,70,,573870,,,1,30,,573874,,,1,100,,573866,,,1
1900,'20',548,,573895,,,1,65,,573893,,,1,29,,573904,,,1,58,,573899,,,1,28,,573892,,,1,29,,573887,,,1,70,,573906,,,1,31,,573882,,,1,70,,573885,,,1,30,,573878,,,1,68,,573902,,,1,30,,573900,,,1,70,,476792,,,1,30,,573891,,,1,71,,573905,,,1,30,,490284,,,1,70,,573908,,,1,30,,573897,,,1,70,,538783,,,1,73,,532504,,,1,27,,573877,,,1,32,,573883,,,1,70,,523552,,,1,29,,573901,,,1,70,,573889,,,1,30,,573884,,,1,72,,573890,,,1,70,,573881,,,1,28,,573886,,,1,30,,573894,,,1,69,,573879,,,1,31,,573907,,,1,71,,573888,,,1,71,,573880,,,1,31,,573898,,,1,70,,573896,,,1,108,,573903,,,1
1900,'21',548,,573912,,,1,65,,573915,,,1,29,,573926,,,1,17,,573914,,,1,69,,573933,,,1,29,,573916,,,1,70,,573927,,,1,73,,522361,,,1,28,,573913,,,1,30,,573939,,,1,68,,573922,,,1,30,,573940,,,1,70,,573920,,,1,30,,573931,,,1,71,,573925,,,1,30,,530732,,,1,70,,573921,,,1,30,,461762,,,1,70,,573937,,,1,73,,573935,,,1,27,,573918,,,1,32,,573928,,,1,68,,573930,,,1,31,,573938,,,1,70,,573910,,,1,30,,573919,,,1,72,,573924,,,1,70,,573936,,,1,28,,573909,,,1,30,,573929,,,1,69,,474687,,,1,31,,488798,,,1,71,,573932,,,1,71,,573934,,,1,31,,573917,,,1,70,,573911,,,1,108,,573923,,,1
1900,'22',548,,573955,,,1,65,,573953,,,1,29,,573964,,,1,58,,573958,,,1,28,,480212,,,1,29,,456122,,,1,70,,573966,,,1,31,,513783,,,1,70,,573950,,,1,30,,573943,,,1,68,,573961,,,1,30,,573959,,,1,70,,573962,,,1,30,,573952,,,1,71,,573965,,,1,30,,573944,,,1,70,,573968,,,1,30,,573956,,,1,70,,573946,,,1,73,,573942,,,1,27,,573941,,,1,32,,573948,,,1,70,,573947,,,1,29,,573960,,,1,70,,573951,,,1,30,,573949,,,1,72,,481193,,,1,70,,544263,,,1,28,,515184,,,1,30,,573954,,,1,69,,495518,,,1,31,,573967,,,1,71,,521497,,,1,71,,573945,,,1,31,,573957,,,1,70,,488361,,,1,108,,573963,,,1
1900,'23',548,,573973,,,1,65,,573977,,,1,29,,573988,,,1,17,,573976,,,1,69,,573996,,,1,29,,573978,,,1,70,,573989,,,1,73,,573970,,,1,28,,573975,,,1,30,,574003,,,1,68,,573984,,,1,30,,574005,,,1,70,,573982,,,1,30,,573994,,,1,71,,573987,,,1,30,,573991,,,1,70,,573983,,,1,30,,573974,,,1,70,,574001,,,1,73,,573999,,,1,27,,573980,,,1,32,,573990,,,1,68,,573993,,,1,31,,574002,,,1,70,,573971,,,1,30,,573981,,,1,72,,573986,,,1,70,,574000,,,1,28,,573969,,,1,30,,573992,,,1,69,,574004,,,1,31,,573998,,,1,71,,573995,,,1,71,,573997,,,1,31,,573979,,,1,70,,573972,,,1,108,,573985,,,1
1900,'3',930,,574014,,,1,70,,574030,,,1,30,,574020,,,1,70,,574016,,,1,30,,574028,,,1,70,,574024,,,1,30,,574012,,,1,72,,574031,,,1,30,,574018,,,1,70,,574013,,,1,30,,574008,,,1,70,,574009,,,1,30,,574026,,,1,70,,574006,,,1,30,,574010,,,1,70,,574019,,,1,30,,574017,,,1,70,,574022,,,1,30,,574015,,,1,69,,574007,,,1,30,,574027,,,1,70,,574023,,,1,28,,574032,,,1,30,,574011,,,1,70,,574025,,,1,30,,574029,,,1,100,,574021,,,1
1900,'4',657,,574052,,,1,100,,574048,,,1,70,,574041,,,1,30,,574059,,,1,70,,574055,,,1,30,,574043,,,1,70,,574049,,,1,30,,464027,,,1,70,,432454,,,1,30,,574034,,,1,70,,574057,,,1,32,,574046,,,1,70,,574053,,,1,30,,574050,,,1,70,,574037,,,1,30,,534733,,,1,70,,574045,,,1,30,,497378,,,1,70,,574042,,,1,30,,503471,,,1,70,,574047,,,1,30,,574058,,,1,70,,574039,,,1,29,,574035,,,1,70,,574033,,,1,30,,574040,,,1,70,,574036,,,1,28,,574051,,,1,70,,534708,,,1,30,,574054,,,1,70,,574056,,,1,30,,574038,,,1,100,,574044,,,1
1900,'5',548,,574088,,,1,65,,574086,,,1,46,,574085,,,1,98,,574087,,,1,70,,574090,,,1,73,,574078,,,1,28,,574079,,,1,30,,574089,,,1,68,,574083,,,1,30,,574075,,,1,70,,574093,,,1,30,,574065,,,1,71,,574081,,,1,30,,574069,,,1,70,,574072,,,1,30,,574073,,,1,70,,574071,,,1,73,,574076,,,1,27,,574077,,,1,32,,574063,,,1,70,,574074,,,1,29,,574067,,,1,70,,574092,,,1,30,,574094,,,1,72,,574061,,,1,70,,574062,,,1,28,,574070,,,1,30,,574084,,,1,69,,574080,,,1,31,,574066,,,1,71,,574091,,,1,71,,574060,,,1,31,,574068,,,1,70,,574082,,,1,108,,574064,,,1
1900,'6',548,,531039,,,1,65,,511287,,,1,29,,574108,,,1,17,,574101,,,1,69,,574113,,,1,29,,531046,,,1,70,,574109,,,1,73,,574096,,,1,28,,574100,,,1,30,,417392,,,1,68,,574105,,,1,30,,574120,,,1,70,,574103,,,1,30,,502048,,,1,71,,574107,,,1,30,,574110,,,1,70,,574104,,,1,30,,574099,,,1,70,,574117,,,1,73,,574116,,,1,27,,574102,,,1,32,,461856,,,1,68,,487580,,,1,31,,574118,,,1,70,,574097,,,1,30,,520577,,,1,72,,574106,,,1,70,,466489,,,1,28,,574095,,,1,30,,574111,,,1,69,,574119,,,1,31,,574115,,,1,71,,574112,,,1,71,,574114,,,1,31,,491564,,,1,70,,574098,,,1,108,,479202,,,1
1900,'7',930,,451651,,,1,70,,574144,,,1,30,,574134,,,1,70,,574130,,,1,30,,574142,,,1,70,,574138,,,1,30,,574127,,,1,72,,547132,,,1,30,,574132,,,1,70,,574128,,,1,30,,574123,,,1,70,,574124,,,1,30,,574140,,,1,70,,574121,,,1,30,,574125,,,1,70,,574133,,,1,30,,574131,,,1,70,,574136,,,1,30,,574129,,,1,69,,574122,,,1,30,,574141,,,1,70,,574137,,,1,28,,574145,,,1,30,,574126,,,1,70,,574139,,,1,30,,574143,,,1,100,,574135,,,1
1900,'8',548,,574164,,,1,65,,574162,,,1,29,,574173,,,1,58,,574168,,,1,28,,574161,,,1,29,,574156,,,1,70,,574175,,,1,31,,574151,,,1,70,,574154,,,1,30,,574147,,,1,68,,574171,,,1,30,,574169,,,1,70,,476633,,,1,30,,574160,,,1,71,,574174,,,1,30,,490017,,,1,70,,574177,,,1,30,,574166,,,1,70,,538614,,,1,73,,532224,,,1,27,,574146,,,1,32,,574152,,,1,70,,523342,,,1,29,,574170,,,1,70,,574158,,,1,30,,574153,,,1,72,,574159,,,1,70,,574150,,,1,28,,574155,,,1,30,,574163,,,1,69,,574148,,,1,31,,574176,,,1,71,,574157,,,1,71,,574149,,,1,31,,574167,,,1,70,,574165,,,1,108,,574172,,,1
1900,'9',548,,531634,,,1,65,,511524,,,1,29,,574191,,,1,17,,574184,,,1,69,,574196,,,1,29,,531641,,,1,70,,574192,,,1,73,,574179,,,1,28,,574183,,,1,30,,417085,,,1,68,,574188,,,1,30,,574203,,,1,70,,574186,,,1,30,,502308,,,1,71,,574190,,,1,30,,574193,,,1,70,,574187,,,1,30,,574182,,,1,70,,574200,,,1,73,,574199,,,1,27,,574185,,,1,32,,462451,,,1,68,,488182,,,1,31,,574201,,,1,70,,574180,,,1,30,,521194,,,1,72,,574189,,,1,70,,467018,,,1,28,,574178,,,1,30,,574194,,,1,69,,574202,,,1,31,,574198,,,1,71,,574195,,,1,71,,574197,,,1,31,,492236,,,1,70,,574181,,,1,108,,479547,,,1
