6601,'1',614,,341702,19,,,0,25,,341698,19,,,0,70,,341697,19,,,0,31,,341700,19,,,0,70,,341703,19,,,0,17,,341696,19,,,0,28,,341695,19,,,0,70,,341701,19,,,0,20,,341699,19,,,0
6601,'11',614,,341708,19,,,0,25,,341709,19,,,0,70,,341707,19,,,0,31,,341710,19,,,0,70,,341706,19,,,0,17,,341704,19,,,0,29,,341711,19,,,0,69,,341705,19,,,0,20,,232586,19,,,0
6601,'13',614,,341716,19,,,0,25,,341717,19,,,0,70,,341715,19,,,0,31,,341718,19,,,0,70,,341714,19,,,0,17,,341712,19,,,0,29,,341719,19,,,0,69,,341713,19,,,0,20,,232611,19,,,0
6601,'14',614,,341724,19,,,0,25,,341725,19,,,0,70,,341723,19,,,0,31,,341726,19,,,0,70,,341722,19,,,0,17,,341720,19,,,0,29,,341727,19,,,0,69,,341721,19,,,0,20,,232716,19,,,0
6601,'2',614,,291001,19,,,0,25,,341733,19,,,0,70,,341731,19,,,0,31,,178441,19,,,0,70,,341730,19,,,0,17,,341728,19,,,0,29,,341734,19,,,0,69,,341729,19,,,0,20,,341732,19,,,0
6601,'3',614,,341737,19,,,0,25,,341739,19,,,0,70,,341736,19,,,0,31,,341740,19,,,0,70,,341735,19,,,0,17,,238542,19,,,0,29,,341741,19,,,0,69,,198685,19,,,0,20,,341738,19,,,0
6601,'4',614,,273750,19,,,0,25,,341745,19,,,0,70,,341747,19,,,0,31,,341742,19,,,0,69,,341743,19,,,0,19,,341748,19,,,0,28,,341744,19,,,0,69,,341746,19,,,0,20,,227167,19,,,0
6601,'5',614,,341751,19,,,0,25,,341753,19,,,0,70,,341750,19,,,0,31,,341754,19,,,0,70,,341749,19,,,0,17,,238649,19,,,0,29,,341755,19,,,0,69,,249396,19,,,0,20,,341752,19,,,0
6601,'6',614,,341760,19,,,0,25,,341761,19,,,0,70,,341759,19,,,0,31,,341762,19,,,0,70,,341758,19,,,0,17,,341756,19,,,0,29,,341763,19,,,0,69,,341757,19,,,0,20,,232435,19,,,0
6601,'7',614,,290926,19,,,0,25,,341769,19,,,0,70,,341767,19,,,0,31,,178486,19,,,0,70,,341766,19,,,0,17,,341764,19,,,0,29,,341770,19,,,0,69,,341765,19,,,0,20,,341768,19,,,0
6601,'9',614,,341775,19,,,0,25,,341776,19,,,0,70,,341774,19,,,0,31,,341777,19,,,0,70,,341773,19,,,0,17,,341771,19,,,0,29,,341778,19,,,0,69,,341772,19,,,0,20,,232362,19,,,0
