6200,'1',632,,447066,,,1,76,,616035,,,1,30,,616045,,,1,70,,616042,,,1,30,,499356,,,1,70,,530899,,,1,31,,616046,,,1,70,,616048,,,1,31,,616039,,,1,70,,616038,,,1,30,,481649,,,1,70,,616043,,,1,31,,616041,,,1,70,,616037,,,1,30,,616054,,,1,70,,616047,,,1,30,,616051,,,1,70,,460065,,,1,30,,616058,,,1,70,,616032,,,1,29,,616033,,,1,70,,616044,,,1,30,,616052,,,1,70,,616059,,,1,29,,616055,,,1,70,,616050,,,1,30,,616057,,,1,70,,616034,,,1,30,,616056,,,1,70,,616036,,,1,28,,616049,,,1,70,,616040,,,1,30,,616053,,,1
6200,'10',723,,616065,,,1,30,,616080,,,1,70,,616071,,,1,30,,616066,,,1,70,,616073,,,1,30,,616069,,,1,72,,616083,,,1,30,,547425,,,1,70,,616077,,,1,30,,616061,,,1,70,,616062,,,1,30,,616081,,,1,70,,616085,,,1,30,,616063,,,1,70,,454153,,,1,30,,616064,,,1,70,,518782,,,1,30,,616072,,,1,70,,616067,,,1,30,,616082,,,1,70,,616070,,,1,30,,367519,,,1,70,,348081,,,1,30,,616078,,,1,70,,616075,,,1,28,,616068,,,1,70,,616084,,,1,30,,525498,,,1,70,,616079,,,1,30,,616060,,,1,70,,616074,,,1,34,,616076,,,1
6200,'11',656,,432255,,,1,102,,616097,,,1,68,,616109,,,1,31,,616098,,,1,70,,503794,,,1,27,,616101,,,1,70,,616108,,,1,31,,616086,,,1,70,,482999,,,1,30,,616089,,,1,66,,616090,,,1,35,,616111,,,1,70,,469801,,,1,30,,616103,,,1,71,,616095,,,1,28,,616112,,,1,73,,616102,,,1,31,,616104,,,1,73,,528063,,,1,72,,616105,,,1,30,,616091,,,1,68,,616087,,,1,30,,616106,,,1,23,,616099,,,1,70,,616096,,,1,30,,616094,,,1,71,,616092,,,1,30,,616100,,,1,70,,523464,,,1,24,,616088,,,1,70,,616110,,,1,30,,468725,,,1,68,,616107,,,1,31,,616093,,,1,68,,467552,,,1
6200,'12',656,,616143,,,1,102,,616126,,,1,68,,616138,,,1,31,,616128,,,1,70,,616119,,,1,27,,464574,,,1,70,,467293,,,1,31,,616113,,,1,70,,616123,,,1,30,,616116,,,1,66,,454631,,,1,35,,616141,,,1,70,,616117,,,1,30,,616132,,,1,71,,616122,,,1,28,,616142,,,1,73,,616131,,,1,31,,616133,,,1,73,,616127,,,1,72,,616134,,,1,30,,521079,,,1,68,,616114,,,1,30,,616135,,,1,23,,616129,,,1,70,,616124,,,1,30,,616121,,,1,71,,616118,,,1,30,,616130,,,1,70,,616136,,,1,24,,616115,,,1,70,,616139,,,1,30,,616140,,,1,68,,616137,,,1,31,,616120,,,1,68,,616125,,,1
6200,'13',656,,616174,,,1,102,,616157,,,1,68,,616169,,,1,31,,616159,,,1,70,,616150,,,1,27,,463782,,,1,70,,467126,,,1,31,,616144,,,1,70,,616154,,,1,30,,616147,,,1,66,,453807,,,1,35,,616172,,,1,70,,616148,,,1,30,,616163,,,1,71,,616153,,,1,28,,616173,,,1,73,,616162,,,1,31,,616164,,,1,73,,616158,,,1,72,,616165,,,1,30,,520412,,,1,68,,616145,,,1,30,,616166,,,1,23,,616160,,,1,70,,616155,,,1,30,,616152,,,1,71,,616149,,,1,30,,616161,,,1,70,,616167,,,1,24,,616146,,,1,70,,616170,,,1,30,,616171,,,1,68,,616168,,,1,31,,616151,,,1,68,,616156,,,1
6200,'14',656,,616205,,,1,102,,616188,,,1,68,,616200,,,1,31,,616190,,,1,70,,616181,,,1,27,,464355,,,1,70,,467252,,,1,31,,616175,,,1,70,,616185,,,1,30,,616178,,,1,66,,454390,,,1,35,,616203,,,1,70,,616179,,,1,30,,616194,,,1,71,,616184,,,1,28,,616204,,,1,73,,616193,,,1,31,,616195,,,1,73,,616189,,,1,72,,616196,,,1,30,,520886,,,1,68,,616176,,,1,30,,616197,,,1,23,,616191,,,1,70,,616186,,,1,30,,616183,,,1,71,,616180,,,1,30,,616192,,,1,70,,616198,,,1,24,,616177,,,1,70,,616201,,,1,30,,616202,,,1,68,,616199,,,1,31,,616182,,,1,68,,616187,,,1
6200,'15',656,,616236,,,1,102,,616219,,,1,68,,616231,,,1,31,,616221,,,1,70,,616212,,,1,27,,464237,,,1,70,,467216,,,1,31,,616206,,,1,70,,616216,,,1,30,,616209,,,1,66,,454276,,,1,35,,616234,,,1,70,,616210,,,1,30,,616225,,,1,71,,616215,,,1,28,,616235,,,1,73,,616224,,,1,31,,616226,,,1,73,,616220,,,1,72,,616227,,,1,30,,520796,,,1,68,,616207,,,1,30,,616228,,,1,23,,616222,,,1,70,,616217,,,1,30,,616214,,,1,71,,616211,,,1,30,,616223,,,1,70,,616229,,,1,24,,616208,,,1,70,,616232,,,1,30,,616233,,,1,68,,616230,,,1,31,,616213,,,1,68,,616218,,,1
6200,'16',651,,616245,,,1,77,,616238,,,1,30,,616242,,,1,70,,616249,,,1,29,,616253,,,1,70,,616266,,,1,27,,465663,,,1,70,,616254,,,1,31,,616252,,,1,70,,616239,,,1,30,,616248,,,1,66,,496069,,,1,35,,616256,,,1,70,,616257,,,1,30,,616250,,,1,70,,616241,,,1,31,,616251,,,1,72,,616243,,,1,30,,616240,,,1,72,,616265,,,1,73,,616255,,,1,30,,616263,,,1,68,,441819,,,1,30,,616264,,,1,23,,616258,,,1,70,,616247,,,1,30,,616261,,,1,71,,503440,,,1,30,,459416,,,1,70,,616246,,,1,24,,498053,,,1,70,,616259,,,1,30,,616262,,,1,68,,616244,,,1,31,,616237,,,1,68,,616260,,,1
6200,'17',656,,616297,,,1,102,,616280,,,1,68,,616292,,,1,31,,616282,,,1,70,,616273,,,1,27,,464178,,,1,70,,467198,,,1,31,,616267,,,1,70,,616277,,,1,30,,616270,,,1,66,,454219,,,1,35,,616295,,,1,70,,616271,,,1,30,,616286,,,1,71,,616276,,,1,28,,616296,,,1,73,,616285,,,1,31,,616287,,,1,73,,616281,,,1,72,,616288,,,1,30,,520751,,,1,68,,616268,,,1,30,,616289,,,1,23,,616283,,,1,70,,616278,,,1,30,,616275,,,1,71,,616272,,,1,30,,616284,,,1,70,,616290,,,1,24,,616269,,,1,70,,616293,,,1,30,,616294,,,1,68,,616291,,,1,31,,616274,,,1,68,,616279,,,1
6200,'18',656,,616328,,,1,102,,616311,,,1,68,,616323,,,1,31,,616313,,,1,70,,616304,,,1,27,,464804,,,1,70,,467351,,,1,31,,616298,,,1,70,,616308,,,1,30,,616301,,,1,66,,454871,,,1,35,,616326,,,1,70,,616302,,,1,30,,616317,,,1,71,,616307,,,1,28,,616327,,,1,73,,616316,,,1,31,,616318,,,1,73,,616312,,,1,72,,616319,,,1,30,,521276,,,1,68,,616299,,,1,30,,616320,,,1,23,,616314,,,1,70,,616309,,,1,30,,616306,,,1,71,,616303,,,1,30,,616315,,,1,70,,616321,,,1,24,,616300,,,1,70,,616324,,,1,30,,616325,,,1,68,,616322,,,1,31,,616305,,,1,68,,616310,,,1
6200,'19',656,,616359,,,1,102,,616342,,,1,68,,616354,,,1,31,,616344,,,1,70,,616335,,,1,27,,616347,,,1,70,,616353,,,1,31,,616329,,,1,70,,616339,,,1,30,,504474,,,1,66,,616332,,,1,35,,616357,,,1,70,,616331,,,1,30,,485422,,,1,71,,616338,,,1,28,,616358,,,1,73,,616348,,,1,31,,504487,,,1,73,,616343,,,1,72,,616349,,,1,30,,616333,,,1,68,,616330,,,1,30,,616350,,,1,23,,616345,,,1,70,,616340,,,1,30,,616337,,,1,71,,616334,,,1,30,,616346,,,1,70,,616351,,,1,24,,518443,,,1,70,,616355,,,1,30,,616356,,,1,68,,616352,,,1,31,,616336,,,1,68,,616341,,,1
6200,'2',723,,616367,,,1,30,,616383,,,1,70,,616374,,,1,30,,616368,,,1,70,,616376,,,1,30,,616371,,,1,72,,616386,,,1,30,,616377,,,1,70,,616381,,,1,30,,616361,,,1,70,,616364,,,1,30,,616384,,,1,70,,616388,,,1,30,,616365,,,1,70,,616362,,,1,30,,616366,,,1,70,,616363,,,1,30,,616375,,,1,70,,616369,,,1,30,,616385,,,1,70,,616372,,,1,30,,616380,,,1,70,,616379,,,1,30,,616382,,,1,70,,616378,,,1,28,,616370,,,1,70,,616387,,,1,30,,616373,,,1,70,,481440,,,1,30,,616360,,,1,70,,510215,,,1,34,,425278,,,1
6200,'20',656,,616419,,,1,102,,616402,,,1,68,,616414,,,1,31,,616404,,,1,70,,616395,,,1,27,,464635,,,1,70,,467313,,,1,31,,616389,,,1,70,,616399,,,1,30,,616392,,,1,66,,454695,,,1,35,,616417,,,1,70,,616393,,,1,30,,616408,,,1,71,,616398,,,1,28,,616418,,,1,73,,616407,,,1,31,,616409,,,1,73,,616403,,,1,72,,616410,,,1,30,,521134,,,1,68,,616390,,,1,30,,616411,,,1,23,,616405,,,1,70,,616400,,,1,30,,616397,,,1,71,,616394,,,1,30,,616406,,,1,70,,616412,,,1,24,,616391,,,1,70,,616415,,,1,30,,616416,,,1,68,,616413,,,1,31,,616396,,,1,68,,616401,,,1
6200,'21',651,,616429,,,1,77,,616422,,,1,30,,616425,,,1,70,,616433,,,1,29,,616437,,,1,70,,616452,,,1,27,,616424,,,1,70,,616438,,,1,31,,616436,,,1,70,,616423,,,1,30,,616432,,,1,66,,616420,,,1,35,,616443,,,1,70,,616444,,,1,30,,616434,,,1,70,,453868,,,1,31,,616435,,,1,72,,616427,,,1,30,,465542,,,1,72,,616451,,,1,73,,616442,,,1,30,,616449,,,1,68,,616439,,,1,30,,616450,,,1,23,,616445,,,1,70,,616431,,,1,30,,616448,,,1,71,,616426,,,1,30,,616441,,,1,70,,616430,,,1,24,,616440,,,1,70,,616446,,,1,30,,379634,,,1,68,,616428,,,1,31,,616421,,,1,68,,616447,,,1
6200,'22',656,,616484,,,1,102,,616467,,,1,68,,616480,,,1,31,,616469,,,1,70,,616460,,,1,27,,616471,,,1,70,,616479,,,1,31,,507380,,,1,70,,616464,,,1,30,,616455,,,1,66,,616457,,,1,35,,616483,,,1,70,,616456,,,1,30,,616473,,,1,71,,616463,,,1,28,,483713,,,1,73,,616472,,,1,31,,616474,,,1,73,,616468,,,1,72,,616475,,,1,30,,616458,,,1,68,,616453,,,1,30,,616476,,,1,23,,616470,,,1,70,,616465,,,1,30,,616462,,,1,71,,616459,,,1,30,,276730,,,1,70,,616477,,,1,24,,616454,,,1,70,,616481,,,1,30,,616482,,,1,68,,616478,,,1,31,,616461,,,1,68,,616466,,,1
6200,'23',651,,616496,,,1,77,,616487,,,1,30,,616492,,,1,70,,616500,,,1,29,,616504,,,1,70,,616520,,,1,27,,616490,,,1,70,,616505,,,1,31,,616503,,,1,70,,616488,,,1,30,,616499,,,1,66,,616485,,,1,35,,616510,,,1,70,,616511,,,1,30,,616501,,,1,70,,616491,,,1,31,,616502,,,1,72,,616494,,,1,30,,616489,,,1,72,,616519,,,1,73,,616509,,,1,30,,616517,,,1,68,,616506,,,1,30,,616518,,,1,23,,616512,,,1,70,,616498,,,1,30,,616515,,,1,71,,616493,,,1,30,,616508,,,1,70,,616497,,,1,24,,616507,,,1,70,,616513,,,1,30,,616516,,,1,68,,616495,,,1,31,,616486,,,1,68,,616514,,,1
6200,'3',723,,616528,,,1,30,,616547,,,1,70,,616535,,,1,30,,616529,,,1,70,,616537,,,1,30,,616532,,,1,72,,616550,,,1,30,,616539,,,1,70,,616544,,,1,30,,616522,,,1,70,,616525,,,1,30,,616548,,,1,70,,616552,,,1,30,,616526,,,1,70,,616523,,,1,30,,616527,,,1,70,,616524,,,1,30,,616536,,,1,70,,616530,,,1,30,,616549,,,1,70,,616533,,,1,30,,616542,,,1,70,,616541,,,1,30,,616545,,,1,70,,616540,,,1,28,,616531,,,1,70,,616551,,,1,30,,616534,,,1,70,,616546,,,1,30,,616521,,,1,70,,616538,,,1,34,,616543,,,1
6200,'4',632,,616578,,,1,76,,616555,,,1,30,,616565,,,1,70,,616561,,,1,30,,616564,,,1,70,,616571,,,1,31,,616566,,,1,70,,616569,,,1,31,,616558,,,1,70,,371025,,,1,30,,616568,,,1,70,,616562,,,1,31,,616560,,,1,70,,616557,,,1,30,,616576,,,1,70,,616567,,,1,30,,616573,,,1,70,,616574,,,1,30,,616581,,,1,70,,503472,,,1,29,,616553,,,1,70,,616563,,,1,30,,616575,,,1,70,,468549,,,1,29,,616577,,,1,70,,616572,,,1,30,,616580,,,1,70,,616554,,,1,30,,616579,,,1,70,,616556,,,1,28,,616570,,,1,70,,616559,,,1,30,,504267,,,1
6200,'5',655,,616608,,,1,69,,616588,,,1,32,,616606,,,1,72,,616605,,,1,29,,616583,,,1,70,,616607,,,1,27,,616597,,,1,70,,616594,,,1,31,,616585,,,1,70,,616586,,,1,30,,616596,,,1,66,,616587,,,1,35,,616610,,,1,70,,616590,,,1,30,,616599,,,1,69,,616612,,,1,30,,616584,,,1,73,,616589,,,1,31,,616609,,,1,72,,616603,,,1,72,,616591,,,1,31,,616601,,,1,68,,616617,,,1,30,,616615,,,1,23,,616614,,,1,70,,616611,,,1,30,,616592,,,1,71,,616613,,,1,30,,616593,,,1,70,,616602,,,1,24,,616616,,,1,70,,616604,,,1,30,,616595,,,1,68,,616582,,,1,31,,616600,,,1,68,,616598,,,1
6200,'6',651,,616627,,,1,77,,543410,,,1,30,,616624,,,1,70,,616630,,,1,29,,616633,,,1,70,,616646,,,1,27,,616622,,,1,70,,616634,,,1,31,,616632,,,1,70,,616620,,,1,30,,475961,,,1,66,,616618,,,1,35,,616638,,,1,70,,493493,,,1,30,,616631,,,1,70,,616623,,,1,31,,519800,,,1,72,,547934,,,1,30,,616621,,,1,72,,502557,,,1,73,,466473,,,1,30,,616644,,,1,68,,616635,,,1,30,,616645,,,1,23,,616639,,,1,70,,616629,,,1,30,,616642,,,1,71,,616625,,,1,30,,616637,,,1,70,,616628,,,1,24,,616636,,,1,70,,616640,,,1,30,,616643,,,1,68,,616626,,,1,31,,616619,,,1,68,,616641,,,1
6200,'7',723,,616654,,,1,30,,616670,,,1,70,,616661,,,1,30,,616655,,,1,70,,616663,,,1,30,,616658,,,1,72,,616673,,,1,30,,616664,,,1,70,,616668,,,1,30,,616648,,,1,70,,616651,,,1,30,,616671,,,1,70,,616675,,,1,30,,616652,,,1,70,,616649,,,1,30,,616653,,,1,70,,616650,,,1,30,,616662,,,1,70,,616656,,,1,30,,616672,,,1,70,,616659,,,1,30,,616667,,,1,70,,616666,,,1,30,,616669,,,1,70,,616665,,,1,28,,616657,,,1,70,,616674,,,1,30,,616660,,,1,70,,481600,,,1,30,,616647,,,1,70,,510432,,,1,34,,425085,,,1
6200,'8',656,,616706,,,1,102,,616689,,,1,68,,616701,,,1,31,,616691,,,1,70,,616682,,,1,27,,464296,,,1,70,,467234,,,1,31,,616676,,,1,70,,616686,,,1,30,,616679,,,1,66,,454333,,,1,35,,616704,,,1,70,,616680,,,1,30,,616695,,,1,71,,616685,,,1,28,,616705,,,1,73,,616694,,,1,31,,616696,,,1,73,,616690,,,1,72,,616697,,,1,30,,520841,,,1,68,,616677,,,1,30,,616698,,,1,23,,616692,,,1,70,,616687,,,1,30,,616684,,,1,71,,616681,,,1,30,,616693,,,1,70,,616699,,,1,24,,616678,,,1,70,,616702,,,1,30,,616703,,,1,68,,616700,,,1,31,,616683,,,1,68,,616688,,,1
6200,'9',651,,616716,,,1,77,,543623,,,1,30,,616713,,,1,70,,616719,,,1,29,,616722,,,1,70,,616735,,,1,27,,616711,,,1,70,,616723,,,1,31,,616721,,,1,70,,616709,,,1,30,,476282,,,1,66,,616707,,,1,35,,616727,,,1,70,,493548,,,1,30,,616720,,,1,70,,616712,,,1,31,,520170,,,1,72,,547966,,,1,30,,616710,,,1,72,,503117,,,1,73,,467002,,,1,30,,616733,,,1,68,,616724,,,1,30,,616734,,,1,23,,616728,,,1,70,,616718,,,1,30,,616731,,,1,71,,616714,,,1,30,,616726,,,1,70,,616717,,,1,24,,616725,,,1,70,,616729,,,1,30,,616732,,,1,68,,616715,,,1,31,,616708,,,1,68,,616730,,,1
6201,'1',739,,494267,,,1,70,,616745,,,1,30,,616751,,,1,70,,413708,,,1,30,,616763,,,1,70,,475852,,,1,30,,616759,,,1,70,,616749,,,1,30,,616744,,,1,70,,616754,,,1,30,,616736,,,1,70,,616753,,,1,31,,616748,,,1,70,,616750,,,1,30,,616761,,,1,69,,616743,,,1,30,,616737,,,1,70,,616739,,,1,30,,616757,,,1,71,,616738,,,1,29,,616758,,,1,70,,616741,,,1,30,,616746,,,1,70,,616762,,,1,30,,616747,,,1,70,,616760,,,1,28,,616742,,,1,70,,616752,,,1,30,,474261,,,1,70,,616756,,,1,30,,616740,,,1,70,,616755,,,1
6201,'10',822,,616779,,,1,31,,616776,,,1,70,,616769,,,1,30,,616778,,,1,70,,616783,,,1,31,,616775,,,1,70,,379705,,,1,30,,418685,,,1,70,,473699,,,1,30,,616782,,,1,70,,616773,,,1,30,,534010,,,1,70,,616765,,,1,30,,616764,,,1,70,,518282,,,1,30,,506701,,,1,70,,616771,,,1,30,,616767,,,1,70,,616780,,,1,30,,453015,,,1,70,,616766,,,1,30,,393747,,,1,70,,616777,,,1,30,,521657,,,1,70,,616768,,,1,28,,616770,,,1,70,,616774,,,1,30,,616781,,,1,70,,616772,,,1,30,,616784,,,1
6201,'11',605,,616812,,,1,28,,616788,,,1,26,,361674,,,1,70,,616801,,,1,30,,616791,,,1,73,,616799,,,1,69,,517820,,,1,29,,495778,,,1,70,,616786,,,1,30,,616804,,,1,70,,616811,,,1,30,,616808,,,1,25,,481462,,,1,70,,616810,,,1,30,,616803,,,1,71,,616814,,,1,30,,616806,,,1,70,,616795,,,1,30,,616794,,,1,69,,616800,,,1,30,,616789,,,1,72,,616785,,,1,28,,616817,,,1,70,,616805,,,1,29,,616815,,,1,70,,616792,,,1,30,,616790,,,1,70,,616787,,,1,32,,616802,,,1,70,,486241,,,1,30,,616797,,,1,70,,616807,,,1,30,,616809,,,1,69,,616798,,,1,28,,616793,,,1,70,,616813,,,1,78,,616796,,,1,35,,616816,,,1
6201,'12',605,,616839,,,1,28,,452333,,,1,26,,616828,,,1,70,,616829,,,1,30,,616823,,,1,73,,487183,,,1,69,,616836,,,1,29,,616832,,,1,70,,616819,,,1,30,,616831,,,1,70,,474546,,,1,30,,498448,,,1,25,,616837,,,1,70,,513378,,,1,30,,616830,,,1,71,,616841,,,1,30,,616834,,,1,70,,616826,,,1,30,,616825,,,1,69,,474052,,,1,30,,616821,,,1,72,,616818,,,1,28,,351018,,,1,70,,616833,,,1,29,,616842,,,1,70,,542903,,,1,30,,616822,,,1,70,,616820,,,1,32,,480508,,,1,70,,616824,,,1,30,,503000,,,1,70,,616835,,,1,30,,616838,,,1,69,,524861,,,1,28,,542451,,,1,70,,616840,,,1,78,,616827,,,1,35,,372219,,,1
6201,'13',605,,616864,,,1,28,,451769,,,1,26,,616853,,,1,70,,616854,,,1,30,,616848,,,1,73,,443959,,,1,69,,616861,,,1,29,,616857,,,1,70,,616844,,,1,30,,616856,,,1,70,,474433,,,1,30,,497910,,,1,25,,616862,,,1,70,,325799,,,1,30,,616855,,,1,71,,616866,,,1,30,,616859,,,1,70,,616851,,,1,30,,616850,,,1,69,,473457,,,1,30,,616846,,,1,72,,616843,,,1,28,,507855,,,1,70,,616858,,,1,29,,616867,,,1,70,,542598,,,1,30,,616847,,,1,70,,616845,,,1,32,,373778,,,1,70,,616849,,,1,30,,278588,,,1,70,,616860,,,1,30,,616863,,,1,69,,524381,,,1,28,,542142,,,1,70,,616865,,,1,78,,616852,,,1,35,,504134,,,1
6201,'14',605,,616889,,,1,28,,452184,,,1,26,,616878,,,1,70,,616879,,,1,30,,616873,,,1,73,,444283,,,1,69,,616886,,,1,29,,616882,,,1,70,,616869,,,1,30,,616881,,,1,70,,474520,,,1,30,,498307,,,1,25,,616887,,,1,70,,395461,,,1,30,,616880,,,1,71,,616891,,,1,30,,616884,,,1,70,,616876,,,1,30,,616875,,,1,69,,473892,,,1,30,,616871,,,1,72,,616868,,,1,28,,508365,,,1,70,,616883,,,1,29,,616892,,,1,70,,542812,,,1,30,,616872,,,1,70,,616870,,,1,32,,258088,,,1,70,,616874,,,1,30,,401038,,,1,70,,616885,,,1,30,,616888,,,1,69,,524741,,,1,28,,542361,,,1,70,,616890,,,1,78,,616877,,,1,35,,504413,,,1
6201,'15',605,,616914,,,1,28,,452088,,,1,26,,616903,,,1,70,,616904,,,1,30,,616898,,,1,73,,444343,,,1,69,,616911,,,1,29,,616907,,,1,70,,616894,,,1,30,,616906,,,1,70,,474492,,,1,30,,498219,,,1,25,,616912,,,1,70,,325734,,,1,30,,616905,,,1,71,,616916,,,1,30,,616909,,,1,70,,616901,,,1,30,,616900,,,1,69,,473800,,,1,30,,616896,,,1,72,,616893,,,1,28,,508257,,,1,70,,616908,,,1,29,,616917,,,1,70,,542768,,,1,30,,616897,,,1,70,,616895,,,1,32,,374182,,,1,70,,616899,,,1,30,,278379,,,1,70,,616910,,,1,30,,616913,,,1,69,,524655,,,1,28,,542309,,,1,70,,616915,,,1,78,,616902,,,1,35,,504355,,,1
6201,'16',605,,616921,,,1,28,,616935,,,1,26,,544336,,,1,70,,616920,,,1,30,,616940,,,1,73,,616948,,,1,69,,616946,,,1,29,,616936,,,1,70,,616918,,,1,30,,616922,,,1,70,,490682,,,1,30,,616947,,,1,25,,616944,,,1,70,,616938,,,1,30,,616945,,,1,71,,533927,,,1,30,,616919,,,1,70,,616929,,,1,30,,616943,,,1,69,,616930,,,1,29,,616924,,,1,72,,616942,,,1,29,,616925,,,1,70,,529809,,,1,29,,616927,,,1,71,,312008,,,1,29,,616939,,,1,70,,526651,,,1,32,,616949,,,1,70,,616934,,,1,30,,616937,,,1,70,,616926,,,1,30,,616933,,,1,69,,616928,,,1,28,,616923,,,1,70,,616932,,,1,78,,616931,,,1,35,,616941,,,1
6201,'17',605,,616971,,,1,28,,452040,,,1,26,,616960,,,1,70,,616961,,,1,30,,616955,,,1,73,,444188,,,1,69,,616968,,,1,29,,616964,,,1,70,,616951,,,1,30,,616963,,,1,70,,474478,,,1,30,,498175,,,1,25,,616969,,,1,70,,395292,,,1,30,,616962,,,1,71,,616973,,,1,30,,616966,,,1,70,,616958,,,1,30,,616957,,,1,69,,473754,,,1,30,,616953,,,1,72,,616950,,,1,28,,508203,,,1,70,,616965,,,1,29,,616974,,,1,70,,542746,,,1,30,,616954,,,1,70,,616952,,,1,32,,373994,,,1,70,,616956,,,1,30,,400912,,,1,70,,616967,,,1,30,,616970,,,1,69,,524612,,,1,28,,542283,,,1,70,,616972,,,1,78,,616959,,,1,35,,504326,,,1
6201,'18',605,,616996,,,1,28,,452515,,,1,26,,616985,,,1,70,,616986,,,1,30,,616980,,,1,73,,444061,,,1,69,,616993,,,1,29,,616989,,,1,70,,616976,,,1,30,,616988,,,1,70,,474586,,,1,30,,498606,,,1,25,,616994,,,1,70,,325636,,,1,30,,616987,,,1,71,,616998,,,1,30,,616991,,,1,70,,616983,,,1,30,,616982,,,1,69,,474230,,,1,30,,616978,,,1,72,,616975,,,1,28,,508760,,,1,70,,616990,,,1,29,,616999,,,1,70,,542997,,,1,30,,616979,,,1,70,,616977,,,1,32,,373872,,,1,70,,616981,,,1,30,,278081,,,1,70,,616992,,,1,30,,616995,,,1,69,,525014,,,1,28,,542548,,,1,70,,616997,,,1,78,,616984,,,1,35,,504633,,,1
6201,'19',605,,456686,,,1,28,,617001,,,1,26,,617013,,,1,70,,617016,,,1,30,,617004,,,1,73,,617014,,,1,69,,617024,,,1,29,,617020,,,1,70,,537511,,,1,30,,617019,,,1,70,,617029,,,1,30,,617026,,,1,25,,617025,,,1,70,,617028,,,1,30,,617018,,,1,71,,617031,,,1,30,,617022,,,1,70,,617009,,,1,30,,617008,,,1,69,,617015,,,1,30,,617002,,,1,72,,528957,,,1,28,,617034,,,1,70,,617021,,,1,29,,617032,,,1,70,,617005,,,1,30,,617003,,,1,70,,617000,,,1,32,,617017,,,1,70,,617006,,,1,30,,617011,,,1,70,,617023,,,1,30,,617027,,,1,69,,617012,,,1,28,,617007,,,1,70,,617030,,,1,78,,617010,,,1,35,,617033,,,1
6201,'2',822,,617054,,,1,31,,530512,,,1,70,,617041,,,1,30,,617053,,,1,70,,617059,,,1,31,,617047,,,1,70,,617038,,,1,30,,617043,,,1,70,,617049,,,1,30,,617058,,,1,70,,617046,,,1,30,,617048,,,1,70,,617036,,,1,30,,617035,,,1,70,,617057,,,1,30,,617050,,,1,70,,617044,,,1,30,,617039,,,1,70,,617055,,,1,30,,617060,,,1,70,,414158,,,1,30,,617051,,,1,70,,617052,,,1,30,,617037,,,1,70,,617040,,,1,28,,617042,,,1,70,,461332,,,1,30,,617056,,,1,70,,617045,,,1,30,,501411,,,1
6201,'20',605,,617082,,,1,28,,452388,,,1,26,,617071,,,1,70,,617072,,,1,30,,617066,,,1,73,,444110,,,1,69,,617079,,,1,29,,617075,,,1,70,,617062,,,1,30,,617074,,,1,70,,474560,,,1,30,,498491,,,1,25,,617080,,,1,70,,325661,,,1,30,,617073,,,1,71,,617084,,,1,30,,617077,,,1,70,,617069,,,1,30,,617068,,,1,69,,474102,,,1,30,,617064,,,1,72,,617061,,,1,28,,508615,,,1,70,,617076,,,1,29,,617085,,,1,70,,542929,,,1,30,,617065,,,1,70,,617063,,,1,32,,373921,,,1,70,,617067,,,1,30,,278175,,,1,70,,617078,,,1,30,,617081,,,1,69,,524908,,,1,28,,542478,,,1,70,,617083,,,1,78,,617070,,,1,35,,504550,,,1
6201,'21',605,,492493,,,1,28,,492510,,,1,26,,617111,,,1,70,,617087,,,1,30,,617106,,,1,73,,617112,,,1,69,,460927,,,1,29,,617102,,,1,70,,512049,,,1,30,,617089,,,1,70,,617100,,,1,30,,518169,,,1,25,,617109,,,1,70,,617104,,,1,30,,617110,,,1,71,,617094,,,1,30,,617086,,,1,70,,617096,,,1,30,,510602,,,1,69,,617097,,,1,29,,617091,,,1,72,,617108,,,1,29,,501172,,,1,70,,617115,,,1,29,,617093,,,1,71,,617114,,,1,29,,617105,,,1,70,,617088,,,1,32,,617113,,,1,70,,617101,,,1,30,,617103,,,1,70,,617092,,,1,30,,617099,,,1,69,,617095,,,1,28,,617090,,,1,70,,617098,,,1,78,,459295,,,1,35,,617107,,,1
6201,'22',605,,617144,,,1,28,,617119,,,1,26,,617130,,,1,70,,532765,,,1,30,,617122,,,1,73,,617131,,,1,69,,617139,,,1,29,,617136,,,1,70,,617117,,,1,30,,617135,,,1,70,,617143,,,1,30,,617141,,,1,25,,617140,,,1,70,,617142,,,1,30,,617134,,,1,71,,617145,,,1,30,,521504,,,1,70,,617127,,,1,30,,617126,,,1,69,,617132,,,1,30,,617120,,,1,72,,617116,,,1,28,,617147,,,1,70,,617137,,,1,29,,506072,,,1,70,,617123,,,1,30,,617121,,,1,70,,617118,,,1,32,,617133,,,1,70,,617124,,,1,30,,617128,,,1,70,,617138,,,1,30,,480216,,,1,69,,617129,,,1,28,,617125,,,1,70,,536155,,,1,78,,538939,,,1,35,,617146,,,1
6201,'23',605,,617152,,,1,28,,617168,,,1,26,,617181,,,1,70,,617150,,,1,30,,617173,,,1,73,,617182,,,1,69,,617179,,,1,29,,617169,,,1,70,,617148,,,1,30,,617153,,,1,70,,617166,,,1,30,,617180,,,1,25,,617177,,,1,70,,617171,,,1,30,,617178,,,1,71,,617159,,,1,30,,617149,,,1,70,,617161,,,1,30,,617176,,,1,69,,617162,,,1,29,,617155,,,1,72,,617175,,,1,29,,617156,,,1,70,,617185,,,1,29,,617158,,,1,71,,617184,,,1,29,,617172,,,1,70,,617151,,,1,32,,617183,,,1,70,,617167,,,1,30,,617170,,,1,70,,617157,,,1,30,,617165,,,1,69,,617160,,,1,28,,617154,,,1,70,,617164,,,1,78,,617163,,,1,35,,617174,,,1
6201,'3',822,,617208,,,1,31,,617205,,,1,70,,617193,,,1,30,,617207,,,1,70,,617213,,,1,31,,617200,,,1,70,,617190,,,1,30,,617195,,,1,70,,617202,,,1,30,,617212,,,1,70,,617198,,,1,30,,617201,,,1,70,,617187,,,1,30,,617186,,,1,70,,617211,,,1,30,,617203,,,1,70,,617196,,,1,30,,617191,,,1,70,,617209,,,1,30,,617214,,,1,70,,617189,,,1,30,,617204,,,1,70,,617206,,,1,30,,617188,,,1,70,,617192,,,1,28,,617194,,,1,70,,617199,,,1,30,,617210,,,1,70,,617197,,,1,30,,617215,,,1
6201,'4',739,,617227,,,1,70,,482549,,,1,30,,617229,,,1,70,,617217,,,1,30,,617238,,,1,70,,617216,,,1,30,,617235,,,1,70,,522509,,,1,30,,617224,,,1,70,,617232,,,1,30,,478276,,,1,70,,617231,,,1,31,,617226,,,1,70,,617228,,,1,30,,617236,,,1,69,,617223,,,1,30,,617218,,,1,70,,474775,,,1,30,,617234,,,1,71,,617219,,,1,29,,515405,,,1,70,,617221,,,1,30,,617225,,,1,70,,369748,,,1,30,,485030,,,1,70,,357026,,,1,28,,617222,,,1,70,,617230,,,1,30,,617237,,,1,70,,460275,,,1,30,,617220,,,1,70,,617233,,,1
6201,'5',605,,617268,,,1,28,,617263,,,1,26,,617251,,,1,70,,617242,,,1,30,,617271,,,1,73,,617257,,,1,69,,617241,,,1,29,,617265,,,1,70,,617261,,,1,30,,617246,,,1,70,,617252,,,1,30,,617266,,,1,25,,617255,,,1,70,,617267,,,1,30,,617262,,,1,71,,617264,,,1,30,,617270,,,1,70,,617243,,,1,30,,617240,,,1,69,,617258,,,1,30,,617249,,,1,70,,617248,,,1,32,,617276,,,1,68,,617250,,,1,29,,617254,,,1,70,,617272,,,1,30,,617274,,,1,70,,617256,,,1,32,,617253,,,1,70,,617260,,,1,30,,617269,,,1,70,,617245,,,1,30,,617275,,,1,69,,617244,,,1,28,,617247,,,1,70,,617273,,,1,78,,617239,,,1,35,,617259,,,1
6201,'6',605,,617280,,,1,28,,617292,,,1,26,,617302,,,1,70,,617278,,,1,30,,617297,,,1,73,,617303,,,1,69,,617300,,,1,29,,617293,,,1,70,,617277,,,1,30,,535312,,,1,70,,617290,,,1,30,,617301,,,1,25,,414739,,,1,70,,617295,,,1,30,,532804,,,1,71,,617285,,,1,30,,522434,,,1,70,,617286,,,1,30,,617299,,,1,69,,460983,,,1,29,,507398,,,1,72,,488386,,,1,29,,617282,,,1,70,,617306,,,1,29,,617284,,,1,71,,617305,,,1,29,,617296,,,1,70,,617279,,,1,32,,617304,,,1,70,,617291,,,1,30,,617294,,,1,70,,617283,,,1,30,,617289,,,1,69,,441530,,,1,28,,617281,,,1,70,,617288,,,1,78,,617287,,,1,35,,617298,,,1
6201,'7',822,,617326,,,1,31,,530676,,,1,70,,617313,,,1,30,,617325,,,1,70,,617331,,,1,31,,617319,,,1,70,,617310,,,1,30,,617315,,,1,70,,617321,,,1,30,,617330,,,1,70,,617318,,,1,30,,617320,,,1,70,,617308,,,1,30,,617307,,,1,70,,617329,,,1,30,,617322,,,1,70,,617316,,,1,30,,617311,,,1,70,,617327,,,1,30,,617332,,,1,70,,413959,,,1,30,,617323,,,1,70,,617324,,,1,30,,617309,,,1,70,,617312,,,1,28,,617314,,,1,70,,461586,,,1,30,,617328,,,1,70,,617317,,,1,30,,501553,,,1
6201,'8',605,,617354,,,1,28,,452136,,,1,26,,617343,,,1,70,,617344,,,1,30,,617338,,,1,73,,444256,,,1,69,,617351,,,1,29,,617347,,,1,70,,617334,,,1,30,,617346,,,1,70,,474506,,,1,30,,498263,,,1,25,,617352,,,1,70,,325611,,,1,30,,617345,,,1,71,,617356,,,1,30,,617349,,,1,70,,617341,,,1,30,,617340,,,1,69,,473846,,,1,30,,617336,,,1,72,,617333,,,1,28,,508311,,,1,70,,617348,,,1,29,,617357,,,1,70,,542790,,,1,30,,617337,,,1,70,,617335,,,1,32,,374090,,,1,70,,617339,,,1,30,,277987,,,1,70,,617350,,,1,30,,617353,,,1,69,,524698,,,1,28,,542335,,,1,70,,617355,,,1,78,,617342,,,1,35,,504384,,,1
6201,'9',605,,617361,,,1,28,,617373,,,1,26,,617383,,,1,70,,617359,,,1,30,,617378,,,1,73,,617384,,,1,69,,617381,,,1,29,,617374,,,1,70,,617358,,,1,30,,535543,,,1,70,,617371,,,1,30,,617382,,,1,25,,414572,,,1,70,,617376,,,1,30,,533158,,,1,71,,617366,,,1,30,,522893,,,1,70,,617367,,,1,30,,617380,,,1,69,,461542,,,1,29,,507685,,,1,72,,488680,,,1,29,,617363,,,1,70,,617387,,,1,29,,617365,,,1,71,,617386,,,1,29,,617377,,,1,70,,617360,,,1,32,,617385,,,1,70,,617372,,,1,30,,617375,,,1,70,,617364,,,1,30,,617370,,,1,69,,441427,,,1,28,,617362,,,1,70,,617369,,,1,78,,617368,,,1,35,,617379,,,1
16100,'11',1506,,660024,,,1,10,,660020,,,1
16100,'12',1506,,660049,,,1,10,,660046,,,1
16100,'13',1506,,660075,,,1,10,,660072,,,1
16100,'14',1506,,660101,,,1,10,,660098,,,1
16100,'15',1506,,660127,,,1,10,,660124,,,1
16100,'17',1506,,660186,,,1,10,,660183,,,1
16100,'18',1506,,660212,,,1,10,,660209,,,1
16100,'19',1506,,473140,,,1,10,,530553,,,1
16100,'20',1506,,660282,,,1,10,,660279,,,1
16100,'22',1506,,660343,,,1,10,,660339,,,1
16100,'8',1506,,660497,,,1,10,,660494,,,1
16200,'11',1539,,661132,,,1
16200,'12',1539,,544622,,,1
16200,'13',1539,,544230,,,1
16200,'14',1539,,544509,,,1
16200,'15',1539,,544447,,,1
16200,'17',1539,,544416,,,1
16200,'18',1539,,544737,,,1
16200,'19',1539,,661264,,,1
16200,'20',1539,,544654,,,1
16200,'22',1539,,661337,,,1
16200,'8',1539,,544478,,,1
16801,'1',652,,664374,,,1,150,,664366,,,1,100,,664370,,,1,30,,664372,,,1,70,,664356,,,1,30,,664358,,,1,74,,664362,,,1,30,,664367,,,1,70,,664377,,,1,30,,664361,,,1,72,,664371,,,1,30,,536025,,,1,70,,507773,,,1,30,,664364,,,1,70,,664373,,,1,30,,664359,,,1,70,,526362,,,1,30,,664360,,,1,70,,664365,,,1,30,,664368,,,1,70,,664378,,,1,30,,664363,,,1,69,,664357,,,1,30,,664376,,,1,70,,664375,,,1,30,,482157,,,1,69,,546362,,,1,30,,664380,,,1,70,,664379,,,1,30,,451729,,,1,67,,664369,,,1,100,,525066,,,1
16801,'10',657,,461101,,,1,100,,664389,,,1,100,,664399,,,1,72,,460302,,,1,30,,664394,,,1,70,,664398,,,1,74,,509149,,,1,30,,664381,,,1,70,,664397,,,1,30,,664388,,,1,72,,664395,,,1,30,,486828,,,1,70,,534758,,,1,30,,664392,,,1,70,,664384,,,1,30,,664391,,,1,70,,664390,,,1,30,,664383,,,1,70,,464140,,,1,30,,488893,,,1,70,,414137,,,1,30,,664393,,,1,69,,664396,,,1,30,,664386,,,1,70,,496120,,,1,99,,664385,,,1,98,,521664,,,1,57,,664387,,,1,100,,664382,,,1
16801,'11',555,,664417,,,1,81,,444481,,,1,75,,664416,,,1,30,,664411,,,1,70,,664407,,,1,35,,388397,,,1,70,,664418,,,1,30,,664413,,,1,68,,664420,,,1,25,,664406,,,1,70,,664408,,,1,30,,664412,,,1,70,,664424,,,1,30,,664419,,,1,70,,664405,,,1,30,,664403,,,1,70,,664404,,,1,30,,664400,,,1,80,,487115,,,1,30,,664426,,,1,72,,502222,,,1,31,,664423,,,1,68,,664402,,,1,30,,664422,,,1,70,,664409,,,1,23,,664414,,,1,70,,385320,,,1,29,,514468,,,1,70,,664415,,,1,20,,664401,,,1,25,,531455,,,1,70,,537496,,,1,30,,513297,,,1,70,,664425,,,1,100,,664427,,,1,107,,664410,,,1
16801,'12',555,,664446,,,1,81,,664456,,,1,75,,664444,,,1,30,,664440,,,1,70,,664435,,,1,35,,664433,,,1,70,,544618,,,1,30,,664441,,,1,68,,664449,,,1,25,,664434,,,1,70,,664436,,,1,30,,508530,,,1,70,,466117,,,1,30,,664448,,,1,70,,502232,,,1,30,,664431,,,1,70,,664432,,,1,30,,664428,,,1,80,,664447,,,1,30,,493172,,,1,72,,664455,,,1,31,,456748,,,1,68,,664430,,,1,30,,524191,,,1,70,,476746,,,1,23,,664442,,,1,70,,664453,,,1,29,,664437,,,1,70,,664443,,,1,20,,664429,,,1,25,,664438,,,1,70,,664445,,,1,30,,664450,,,1,70,,664452,,,1,100,,664454,,,1,107,,664439,,,1
16801,'13',555,,664475,,,1,81,,664485,,,1,75,,664473,,,1,30,,664469,,,1,70,,664464,,,1,35,,664462,,,1,70,,544226,,,1,30,,664470,,,1,68,,664478,,,1,25,,664463,,,1,70,,664465,,,1,30,,397790,,,1,70,,465531,,,1,30,,664477,,,1,70,,501978,,,1,30,,664460,,,1,70,,664461,,,1,30,,664457,,,1,80,,664476,,,1,30,,492480,,,1,72,,664484,,,1,31,,456041,,,1,68,,664459,,,1,30,,278610,,,1,70,,386543,,,1,23,,664471,,,1,70,,664482,,,1,29,,664466,,,1,70,,664472,,,1,20,,664458,,,1,25,,664467,,,1,70,,664474,,,1,30,,664479,,,1,70,,664481,,,1,100,,664483,,,1,107,,664468,,,1
16801,'14',555,,664504,,,1,81,,664514,,,1,75,,664502,,,1,30,,664498,,,1,70,,664493,,,1,35,,664491,,,1,70,,544505,,,1,30,,664499,,,1,68,,664507,,,1,25,,664492,,,1,70,,664494,,,1,30,,398037,,,1,70,,465949,,,1,30,,664506,,,1,70,,502174,,,1,30,,664489,,,1,70,,664490,,,1,30,,664486,,,1,80,,664505,,,1,30,,492979,,,1,72,,664513,,,1,31,,456526,,,1,68,,664488,,,1,30,,402782,,,1,70,,387223,,,1,23,,664500,,,1,70,,664511,,,1,29,,664495,,,1,70,,664501,,,1,20,,664487,,,1,25,,664496,,,1,70,,664503,,,1,30,,664508,,,1,70,,664510,,,1,100,,664512,,,1,107,,664497,,,1
16801,'15',555,,664533,,,1,81,,664543,,,1,75,,664531,,,1,30,,664527,,,1,70,,664522,,,1,35,,664520,,,1,70,,544443,,,1,30,,664528,,,1,68,,664536,,,1,25,,664521,,,1,70,,664523,,,1,30,,398095,,,1,70,,465861,,,1,30,,664535,,,1,70,,502120,,,1,30,,664518,,,1,70,,664519,,,1,30,,664515,,,1,80,,664534,,,1,30,,492873,,,1,72,,664542,,,1,31,,456444,,,1,68,,664517,,,1,30,,278401,,,1,70,,387337,,,1,23,,664529,,,1,70,,664540,,,1,29,,664524,,,1,70,,664530,,,1,20,,664516,,,1,25,,664525,,,1,70,,664532,,,1,30,,664537,,,1,70,,664539,,,1,100,,664541,,,1,107,,664526,,,1
16801,'16',555,,664571,,,1,81,,664549,,,1,75,,664562,,,1,30,,485914,,,1,70,,458783,,,1,35,,664564,,,1,70,,664547,,,1,30,,664572,,,1,68,,531108,,,1,25,,664556,,,1,70,,664557,,,1,30,,664555,,,1,70,,664559,,,1,30,,664548,,,1,70,,664545,,,1,30,,435034,,,1,70,,664552,,,1,30,,664569,,,1,80,,664565,,,1,30,,664553,,,1,72,,664551,,,1,29,,664561,,,1,70,,664550,,,1,30,,515337,,,1,70,,664554,,,1,23,,664568,,,1,70,,498827,,,1,29,,664567,,,1,70,,378027,,,1,20,,664560,,,1,25,,664570,,,1,70,,664544,,,1,30,,664563,,,1,70,,664566,,,1,100,,664558,,,1,107,,664546,,,1
16801,'17',555,,664591,,,1,81,,664601,,,1,75,,664589,,,1,30,,664585,,,1,70,,664580,,,1,35,,664578,,,1,70,,544412,,,1,30,,664586,,,1,68,,664594,,,1,25,,664579,,,1,70,,664581,,,1,30,,397927,,,1,70,,465817,,,1,30,,664593,,,1,70,,502093,,,1,30,,664576,,,1,70,,664577,,,1,30,,664573,,,1,80,,664592,,,1,30,,492820,,,1,72,,664600,,,1,31,,456403,,,1,68,,664575,,,1,30,,402754,,,1,70,,386972,,,1,23,,664587,,,1,70,,664598,,,1,29,,664582,,,1,70,,664588,,,1,20,,664574,,,1,25,,664583,,,1,70,,664590,,,1,30,,664595,,,1,70,,664597,,,1,100,,664599,,,1,107,,664584,,,1
16801,'18',555,,664620,,,1,81,,664630,,,1,75,,664618,,,1,30,,664614,,,1,70,,664609,,,1,35,,664607,,,1,70,,544733,,,1,30,,664615,,,1,68,,664623,,,1,25,,664608,,,1,70,,664610,,,1,30,,397846,,,1,70,,466280,,,1,30,,664622,,,1,70,,502322,,,1,30,,664605,,,1,70,,664606,,,1,30,,664602,,,1,80,,664621,,,1,30,,493374,,,1,72,,664629,,,1,31,,456941,,,1,68,,664604,,,1,30,,278103,,,1,70,,386728,,,1,23,,664616,,,1,70,,664627,,,1,29,,664611,,,1,70,,664617,,,1,20,,664603,,,1,25,,664612,,,1,70,,664619,,,1,30,,664624,,,1,70,,664626,,,1,100,,664628,,,1,107,,664613,,,1
16801,'19',555,,664649,,,1,81,,664662,,,1,75,,664647,,,1,30,,664642,,,1,70,,664637,,,1,35,,664634,,,1,70,,664650,,,1,30,,664644,,,1,68,,470880,,,1,25,,664636,,,1,70,,664638,,,1,30,,664643,,,1,70,,664656,,,1,30,,664652,,,1,70,,664635,,,1,30,,456650,,,1,70,,514536,,,1,30,,664631,,,1,80,,664651,,,1,30,,664658,,,1,72,,664661,,,1,31,,664655,,,1,68,,664633,,,1,30,,664654,,,1,70,,664640,,,1,23,,664645,,,1,70,,664659,,,1,29,,664639,,,1,70,,664646,,,1,20,,664632,,,1,25,,664641,,,1,70,,664648,,,1,30,,664653,,,1,70,,664657,,,1,100,,664660,,,1,107,,519524,,,1
16801,'2',657,,664674,,,1,100,,664676,,,1,100,,664688,,,1,72,,664675,,,1,30,,664682,,,1,70,,664687,,,1,74,,664680,,,1,30,,470305,,,1,70,,664686,,,1,30,,664673,,,1,72,,664684,,,1,30,,664671,,,1,70,,664672,,,1,30,,664679,,,1,70,,664664,,,1,30,,664678,,,1,70,,664677,,,1,30,,484243,,,1,70,,664689,,,1,30,,664666,,,1,70,,664683,,,1,30,,664681,,,1,69,,664685,,,1,30,,664667,,,1,70,,664670,,,1,99,,664665,,,1,98,,664669,,,1,57,,664668,,,1,100,,664663,,,1
16801,'20',555,,664708,,,1,81,,664718,,,1,75,,664706,,,1,30,,664702,,,1,70,,664697,,,1,35,,664695,,,1,70,,544650,,,1,30,,664703,,,1,68,,664711,,,1,25,,664696,,,1,70,,664698,,,1,30,,397872,,,1,70,,466161,,,1,30,,664710,,,1,70,,502264,,,1,30,,664693,,,1,70,,664694,,,1,30,,664690,,,1,80,,664709,,,1,30,,493228,,,1,72,,664717,,,1,31,,456790,,,1,68,,664692,,,1,30,,278197,,,1,70,,386819,,,1,23,,664704,,,1,70,,664715,,,1,29,,664699,,,1,70,,664705,,,1,20,,664691,,,1,25,,664700,,,1,70,,664707,,,1,30,,664712,,,1,70,,664714,,,1,100,,664716,,,1,107,,664701,,,1
16801,'21',555,,664749,,,1,81,,664725,,,1,75,,664740,,,1,30,,664743,,,1,70,,664719,,,1,35,,515140,,,1,70,,664722,,,1,30,,664750,,,1,68,,664742,,,1,25,,664732,,,1,70,,664733,,,1,30,,664731,,,1,70,,664736,,,1,30,,664723,,,1,70,,521425,,,1,30,,664724,,,1,70,,492501,,,1,30,,664747,,,1,80,,487509,,,1,30,,664728,,,1,72,,664727,,,1,29,,664739,,,1,70,,664726,,,1,30,,664734,,,1,70,,664729,,,1,23,,664746,,,1,70,,664737,,,1,29,,664745,,,1,70,,664730,,,1,20,,664738,,,1,25,,664748,,,1,70,,664720,,,1,30,,664741,,,1,70,,664744,,,1,100,,664735,,,1,107,,664721,,,1
16801,'22',555,,528508,,,1,81,,664784,,,1,75,,664768,,,1,30,,664763,,,1,70,,664758,,,1,35,,664755,,,1,70,,664770,,,1,30,,664765,,,1,68,,664773,,,1,25,,664757,,,1,70,,540633,,,1,30,,664764,,,1,70,,664778,,,1,30,,664772,,,1,70,,664756,,,1,30,,664753,,,1,70,,664754,,,1,30,,664751,,,1,80,,664771,,,1,30,,664780,,,1,72,,664783,,,1,31,,664777,,,1,68,,545340,,,1,30,,664776,,,1,70,,664760,,,1,23,,664766,,,1,70,,664781,,,1,29,,664759,,,1,70,,664767,,,1,20,,664752,,,1,25,,664761,,,1,70,,664769,,,1,30,,664774,,,1,70,,664779,,,1,100,,664782,,,1,107,,664762,,,1
16801,'23',555,,664819,,,1,81,,664792,,,1,75,,664808,,,1,30,,664811,,,1,70,,664785,,,1,35,,664812,,,1,70,,664789,,,1,30,,664820,,,1,68,,664810,,,1,25,,664800,,,1,70,,664801,,,1,30,,664799,,,1,70,,664804,,,1,30,,664790,,,1,70,,664787,,,1,30,,664791,,,1,70,,664795,,,1,30,,664817,,,1,80,,664813,,,1,30,,664796,,,1,72,,664794,,,1,29,,664807,,,1,70,,664793,,,1,30,,664802,,,1,70,,664797,,,1,23,,664816,,,1,70,,664805,,,1,29,,664815,,,1,70,,664798,,,1,20,,664806,,,1,25,,664818,,,1,70,,664786,,,1,30,,664809,,,1,70,,664814,,,1,100,,664803,,,1,107,,664788,,,1
16801,'3',657,,664834,,,1,100,,664836,,,1,100,,664848,,,1,72,,664835,,,1,30,,664842,,,1,70,,664847,,,1,74,,664840,,,1,30,,664821,,,1,70,,664846,,,1,30,,664833,,,1,72,,664844,,,1,30,,664831,,,1,70,,664832,,,1,30,,664839,,,1,70,,664824,,,1,30,,664838,,,1,70,,664837,,,1,30,,664823,,,1,70,,664849,,,1,30,,664826,,,1,70,,664843,,,1,30,,664841,,,1,69,,664845,,,1,30,,664827,,,1,70,,664830,,,1,99,,664825,,,1,98,,664829,,,1,57,,664828,,,1,100,,664822,,,1
16801,'4',652,,664870,,,1,150,,664861,,,1,100,,664866,,,1,30,,664868,,,1,70,,664850,,,1,30,,664852,,,1,74,,664857,,,1,30,,664863,,,1,70,,489857,,,1,30,,664856,,,1,72,,324455,,,1,30,,664867,,,1,70,,664864,,,1,30,,515389,,,1,70,,664869,,,1,30,,540694,,,1,70,,664862,,,1,30,,481790,,,1,70,,664860,,,1,30,,518254,,,1,70,,664873,,,1,30,,664858,,,1,69,,664851,,,1,30,,664872,,,1,70,,664871,,,1,30,,664854,,,1,69,,664853,,,1,30,,460289,,,1,70,,664874,,,1,30,,664855,,,1,67,,664865,,,1,100,,664859,,,1
16801,'5',555,,664887,,,1,156,,664878,,,1,100,,664885,,,1,105,,664882,,,1,98,,664877,,,1,95,,664891,,,1,100,,664888,,,1,100,,664892,,,1,100,,664890,,,1,110,,664894,,,1,102,,664893,,,1,99,,664883,,,1,100,,664880,,,1,93,,664884,,,1,99,,664875,,,1,45,,664879,,,1,100,,664881,,,1,100,,664889,,,1,100,,664886,,,1,77,,664876,,,1
16801,'6',555,,664915,,,1,81,,664898,,,1,75,,529773,,,1,30,,664908,,,1,70,,664895,,,1,35,,664909,,,1,70,,537069,,,1,30,,664916,,,1,68,,664907,,,1,25,,398396,,,1,70,,664901,,,1,30,,513861,,,1,70,,664903,,,1,30,,506968,,,1,70,,664896,,,1,30,,664897,,,1,70,,664899,,,1,30,,664913,,,1,80,,664910,,,1,30,,547586,,,1,72,,453987,,,1,29,,664905,,,1,70,,389644,,,1,30,,664902,,,1,70,,483737,,,1,23,,515291,,,1,70,,664904,,,1,29,,664912,,,1,70,,664900,,,1,20,,524499,,,1,25,,664914,,,1,70,,513829,,,1,30,,664906,,,1,70,,664911,,,1,100,,507409,,,1,107,,442866,,,1
16801,'7',657,,664928,,,1,100,,664930,,,1,100,,664942,,,1,72,,664929,,,1,30,,664936,,,1,70,,664941,,,1,74,,664934,,,1,30,,470469,,,1,70,,664940,,,1,30,,664927,,,1,72,,664938,,,1,30,,664925,,,1,70,,664926,,,1,30,,664933,,,1,70,,664918,,,1,30,,664932,,,1,70,,664931,,,1,30,,484633,,,1,70,,664943,,,1,30,,664920,,,1,70,,664937,,,1,30,,664935,,,1,69,,664939,,,1,30,,664921,,,1,70,,664924,,,1,99,,664919,,,1,98,,664923,,,1,57,,664922,,,1,100,,664917,,,1
16801,'8',555,,664962,,,1,81,,664972,,,1,75,,664960,,,1,30,,664956,,,1,70,,664951,,,1,35,,664949,,,1,70,,544474,,,1,30,,664957,,,1,68,,664965,,,1,25,,664950,,,1,70,,664952,,,1,30,,398009,,,1,70,,465905,,,1,30,,664964,,,1,70,,502147,,,1,30,,664947,,,1,70,,664948,,,1,30,,664944,,,1,80,,664963,,,1,30,,492926,,,1,72,,664971,,,1,31,,456485,,,1,68,,664946,,,1,30,,278009,,,1,70,,387163,,,1,23,,664958,,,1,70,,664969,,,1,29,,664953,,,1,70,,664959,,,1,20,,664945,,,1,25,,664954,,,1,70,,664961,,,1,30,,664966,,,1,70,,664968,,,1,100,,664970,,,1,107,,664955,,,1
16801,'9',555,,664993,,,1,81,,664976,,,1,75,,530109,,,1,30,,664986,,,1,70,,664973,,,1,35,,664987,,,1,70,,537662,,,1,30,,664994,,,1,68,,664985,,,1,25,,398134,,,1,70,,664979,,,1,30,,514756,,,1,70,,664981,,,1,30,,507254,,,1,70,,664974,,,1,30,,664975,,,1,70,,664977,,,1,30,,664991,,,1,80,,664988,,,1,30,,547612,,,1,72,,454761,,,1,29,,664983,,,1,70,,389425,,,1,30,,664980,,,1,70,,484584,,,1,23,,516224,,,1,70,,664982,,,1,29,,664990,,,1,70,,664978,,,1,20,,524966,,,1,25,,664992,,,1,70,,514724,,,1,30,,664984,,,1,70,,664989,,,1,100,,507696,,,1,107,,442701,,,1
26501,'11',1632,,669447,,,1,72,,510972,,,1,29,,459009,,,1,70,,669449,,,1,30,,470332,,,1,70,,669446,,,1,25,,669448,,,1
26501,'12',1632,,542913,,,1,72,,669454,,,1,29,,669452,,,1,70,,351015,,,1,30,,669451,,,1,70,,669450,,,1,25,,669453,,,1
26501,'13',1632,,542606,,,1,72,,669459,,,1,29,,669457,,,1,70,,521404,,,1,30,,669456,,,1,70,,669455,,,1,25,,669458,,,1
26501,'14',1632,,542820,,,1,72,,669464,,,1,29,,669462,,,1,70,,521892,,,1,30,,669461,,,1,70,,669460,,,1,25,,669463,,,1
26501,'15',1632,,542776,,,1,72,,669469,,,1,29,,669467,,,1,70,,521788,,,1,30,,669466,,,1,70,,669465,,,1,25,,669468,,,1
26501,'16',1631,,669474,,,1,72,,669476,,,1,30,,669471,,,1,70,,669472,,,1,30,,669470,,,1,70,,669473,,,1,25,,669475,,,1
26501,'17',1632,,542754,,,1,72,,669481,,,1,29,,669479,,,1,70,,521736,,,1,30,,669478,,,1,70,,669477,,,1,25,,669480,,,1
26501,'18',1632,,543005,,,1,72,,669486,,,1,29,,669484,,,1,70,,522269,,,1,30,,669483,,,1,70,,669482,,,1,25,,669485,,,1
26501,'19',1632,,669490,,,1,72,,669492,,,1,29,,669489,,,1,70,,669493,,,1,30,,669488,,,1,70,,669487,,,1,25,,669491,,,1
26501,'20',1632,,542937,,,1,72,,669498,,,1,29,,669496,,,1,70,,522134,,,1,30,,669495,,,1,70,,669494,,,1,25,,669497,,,1
26501,'21',1631,,669503,,,1,72,,669504,,,1,30,,669500,,,1,70,,669501,,,1,30,,669499,,,1,70,,669502,,,1,25,,428791,,,1
26501,'22',1632,,669508,,,1,72,,669509,,,1,29,,669507,,,1,70,,669510,,,1,30,,669506,,,1,70,,669505,,,1,25,,346327,,,1
26501,'23',1631,,669515,,,1,72,,669517,,,1,30,,669512,,,1,70,,669513,,,1,30,,669511,,,1,70,,669514,,,1,25,,669516,,,1
26501,'5',1631,,669520,,,1,103,,669521,,,1,101,,669518,,,1,93,,669519,,,1
26501,'6',1631,,669523,,,1,72,,669525,,,1,30,,247299,,,1,70,,669522,,,1,30,,453974,,,1,70,,542665,,,1,25,,669524,,,1
26501,'8',1632,,542798,,,1,72,,669530,,,1,29,,669528,,,1,70,,521840,,,1,30,,669527,,,1,70,,669526,,,1,25,,669529,,,1
26501,'9',1631,,669532,,,1,72,,669534,,,1,30,,247181,,,1,70,,669531,,,1,30,,454748,,,1,70,,542963,,,1,25,,669533,,,1
66101,'11',1612,,671582,,,1
66101,'12',1612,,484496,,,1
66101,'13',1612,,483577,,,1
66101,'14',1612,,484237,,,1
66101,'15',1612,,484101,,,1
66101,'17',1612,,484033,,,1
66101,'18',1612,,484759,,,1
66101,'19',1612,,671583,,,1
66101,'20',1612,,484562,,,1
66101,'22',1612,,671584,,,1
66101,'8',1612,,484169,,,1
66301,'11',1520,,671658,,,1,10,,671659,,,1,1,,671657,,,1
66301,'12',1520,,541343,,,1,10,,547827,,,1,1,,671662,,,1
66301,'13',1520,,541032,,,1,10,,547794,,,1,1,,671665,,,1
66301,'14',1520,,541259,,,1,10,,547820,,,1,1,,671668,,,1
66301,'15',1520,,541205,,,1,10,,547812,,,1,1,,671671,,,1
66301,'17',1520,,541178,,,1,10,,547808,,,1,1,,671674,,,1
66301,'18',1520,,541441,,,1,10,,547838,,,1,1,,671677,,,1
66301,'19',1520,,671680,,,1,10,,671681,,,1,1,,671679,,,1
66301,'20',1520,,541372,,,1,10,,547831,,,1,1,,671684,,,1
66301,'22',1520,,671688,,,1,10,,671689,,,1,1,,671687,,,1
66301,'8',1520,,541232,,,1,10,,547816,,,1,1,,671692,,,1
68801,'11',1518,,515894,,,1
68801,'12',1518,,672820,,,1
68801,'13',1518,,672821,,,1
68801,'14',1518,,672822,,,1
68801,'15',1518,,672823,,,1
68801,'17',1518,,672824,,,1
68801,'18',1518,,672825,,,1
68801,'19',1518,,672827,,,1
68801,'20',1518,,672829,,,1
68801,'22',1518,,672831,,,1
68801,'8',1518,,672833,,,1
