16800,'1',652,,111401,40,,,1,100,,111415,40,,,1,100,,111423,40,,,1,70,,111414,40,,,1,30,,111408,40,,,1,73,,111413,40,,,1,30,,111400,40,,,1,70,,111407,40,,,1,30,,111404,40,,,1,71,,111418,40,,,1,30,,111411,40,,,1,70,,111406,40,,,1,30,,111426,40,,,1,70,,111409,40,,,1,30,,111403,40,,,1,70,,111410,40,,,1,30,,111422,40,,,1,70,,111419,40,,,1,30,,111416,40,,,1,70,,111420,40,,,1,30,,111425,40,,,1,69,,111402,40,,,1,30,,111412,40,,,1,100,,111427,40,,,1,97,,111424,40,,,1,100,,111405,40,,,1,100,,111421,40,,,1,153,,111417,40,,,1
16800,'10',543,,111428,40,,,1,75,,111430,40,,,1,28,,111454,40,,,1,70,,111444,40,,,1,34,,111450,40,,,1,70,,111439,40,,,1,30,,111432,40,,,1,70,,111445,40,,,1,28,,111436,40,,,1,70,,111442,40,,,1,30,,111453,40,,,1,70,,111458,40,,,1,30,,111449,40,,,1,70,,111446,40,,,1,30,,111438,40,,,1,70,,111447,40,,,1,30,,111429,40,,,1,74,,111443,40,,,1,30,,111462,40,,,1,72,,111461,40,,,1,29,,111448,40,,,1,68,,111435,40,,,1,30,,111440,40,,,1,70,,111433,40,,,1,30,,111452,40,,,1,70,,111437,40,,,1,28,,111456,40,,,1,70,,111451,40,,,1,27,,111460,40,,,1,70,,111459,40,,,1,30,,111441,40,,,1,70,,111455,40,,,1,30,,111434,40,,,1,100,,111457,40,,,1,109,,111431,40,,,1
16800,'11',543,,111463,40,,,1,75,,111465,40,,,1,28,,111489,40,,,1,70,,111479,40,,,1,34,,111485,40,,,1,70,,111474,40,,,1,30,,111467,40,,,1,70,,111480,40,,,1,28,,111471,40,,,1,70,,111477,40,,,1,30,,111488,40,,,1,70,,111493,40,,,1,30,,111484,40,,,1,70,,111481,40,,,1,30,,111473,40,,,1,70,,111482,40,,,1,30,,111464,40,,,1,74,,111478,40,,,1,30,,111497,40,,,1,72,,111496,40,,,1,29,,111483,40,,,1,68,,111470,40,,,1,30,,111475,40,,,1,70,,111468,40,,,1,30,,111487,40,,,1,70,,111472,40,,,1,28,,111491,40,,,1,70,,111486,40,,,1,27,,111495,40,,,1,70,,111494,40,,,1,30,,111476,40,,,1,70,,111490,40,,,1,30,,111469,40,,,1,100,,111492,40,,,1,109,,111466,40,,,1
16800,'12',543,,111498,40,,,1,75,,111500,40,,,1,28,,111524,40,,,1,70,,111514,40,,,1,34,,111520,40,,,1,70,,111509,40,,,1,30,,111502,40,,,1,70,,111515,40,,,1,28,,111506,40,,,1,70,,111512,40,,,1,30,,111523,40,,,1,70,,111528,40,,,1,30,,111519,40,,,1,70,,111516,40,,,1,30,,111508,40,,,1,70,,111517,40,,,1,30,,111499,40,,,1,74,,111513,40,,,1,30,,111532,40,,,1,72,,111531,40,,,1,29,,111518,40,,,1,68,,111505,40,,,1,30,,111510,40,,,1,70,,111503,40,,,1,30,,111522,40,,,1,70,,111507,40,,,1,28,,111526,40,,,1,70,,111521,40,,,1,27,,111530,40,,,1,70,,111529,40,,,1,30,,111511,40,,,1,70,,111525,40,,,1,30,,111504,40,,,1,100,,111527,40,,,1,109,,111501,40,,,1
16800,'13',543,,111561,40,,,1,75,,111558,40,,,1,28,,111552,40,,,1,70,,111563,40,,,1,34,,111549,40,,,1,70,,111555,40,,,1,30,,111567,40,,,1,70,,111535,40,,,1,28,,111537,40,,,1,70,,111565,40,,,1,30,,111559,40,,,1,70,,111543,40,,,1,30,,111547,40,,,1,70,,111536,40,,,1,30,,111556,40,,,1,70,,111566,40,,,1,30,,111562,40,,,1,74,,111557,40,,,1,30,,111545,40,,,1,72,,111533,40,,,1,27,,111554,40,,,1,70,,111534,40,,,1,30,,111541,40,,,1,70,,111560,40,,,1,30,,111538,40,,,1,70,,111540,40,,,1,28,,111539,40,,,1,70,,111544,40,,,1,27,,111553,40,,,1,70,,111542,40,,,1,30,,111546,40,,,1,70,,111548,40,,,1,30,,111550,40,,,1,100,,111564,40,,,1,109,,111551,40,,,1
16800,'14',654,,111593,40,,,1,100,,111589,40,,,1,70,,111568,40,,,1,30,,111574,40,,,1,70,,111576,40,,,1,30,,111571,40,,,1,73,,111583,40,,,1,30,,111582,40,,,1,70,,111581,40,,,1,30,,111597,40,,,1,71,,111596,40,,,1,30,,111584,40,,,1,70,,111595,40,,,1,30,,111577,40,,,1,70,,111575,40,,,1,30,,111570,40,,,1,70,,111594,40,,,1,30,,111569,40,,,1,70,,111587,40,,,1,30,,111592,40,,,1,70,,111573,40,,,1,30,,111585,40,,,1,69,,111599,40,,,1,30,,111578,40,,,1,70,,111590,40,,,1,30,,111579,40,,,1,67,,111580,40,,,1,30,,111591,40,,,1,70,,111588,40,,,1,30,,111598,40,,,1,100,,111572,40,,,1,160,,111586,40,,,1
16800,'15',543,,111600,40,,,1,75,,111602,40,,,1,28,,111626,40,,,1,70,,111616,40,,,1,34,,111622,40,,,1,70,,111611,40,,,1,30,,111604,40,,,1,70,,111617,40,,,1,28,,111608,40,,,1,70,,111614,40,,,1,30,,111625,40,,,1,70,,111630,40,,,1,30,,111621,40,,,1,70,,111618,40,,,1,30,,111610,40,,,1,70,,111619,40,,,1,30,,111601,40,,,1,74,,111615,40,,,1,30,,111634,40,,,1,72,,111633,40,,,1,29,,111620,40,,,1,68,,111607,40,,,1,30,,111612,40,,,1,70,,111605,40,,,1,30,,111624,40,,,1,70,,111609,40,,,1,28,,111628,40,,,1,70,,111623,40,,,1,27,,111632,40,,,1,70,,111631,40,,,1,30,,111613,40,,,1,70,,111627,40,,,1,30,,111606,40,,,1,100,,111629,40,,,1,109,,111603,40,,,1
16800,'16',543,,111635,40,,,1,75,,111637,40,,,1,28,,111661,40,,,1,70,,111651,40,,,1,34,,111657,40,,,1,70,,111646,40,,,1,30,,111639,40,,,1,70,,111652,40,,,1,28,,111643,40,,,1,70,,111649,40,,,1,30,,111660,40,,,1,70,,111665,40,,,1,30,,111656,40,,,1,70,,111653,40,,,1,30,,111645,40,,,1,70,,111654,40,,,1,30,,111636,40,,,1,74,,111650,40,,,1,30,,111669,40,,,1,72,,111668,40,,,1,29,,111655,40,,,1,68,,111642,40,,,1,30,,111647,40,,,1,70,,111640,40,,,1,30,,111659,40,,,1,70,,111644,40,,,1,28,,111663,40,,,1,70,,111658,40,,,1,27,,111667,40,,,1,70,,111666,40,,,1,30,,111648,40,,,1,70,,111662,40,,,1,30,,111641,40,,,1,100,,111664,40,,,1,109,,111638,40,,,1
16800,'17',543,,111698,40,,,1,75,,111695,40,,,1,28,,111689,40,,,1,70,,111700,40,,,1,34,,111686,40,,,1,70,,111692,40,,,1,30,,111704,40,,,1,70,,111672,40,,,1,28,,111674,40,,,1,70,,111702,40,,,1,30,,111696,40,,,1,70,,111680,40,,,1,30,,111684,40,,,1,70,,111673,40,,,1,30,,111693,40,,,1,70,,111703,40,,,1,30,,111699,40,,,1,74,,111694,40,,,1,30,,111682,40,,,1,72,,111670,40,,,1,27,,111691,40,,,1,70,,111671,40,,,1,30,,111678,40,,,1,70,,111697,40,,,1,30,,111675,40,,,1,70,,111677,40,,,1,28,,111676,40,,,1,70,,111681,40,,,1,27,,111690,40,,,1,70,,111679,40,,,1,30,,111683,40,,,1,70,,111685,40,,,1,30,,111687,40,,,1,100,,111701,40,,,1,109,,111688,40,,,1
16800,'18',543,,111711,40,,,1,103,,111705,40,,,1,104,,111719,40,,,1,100,,111712,40,,,1,98,,111717,40,,,1,100,,111720,40,,,1,100,,111715,40,,,1,100,,111709,40,,,1,100,,111721,40,,,1,104,,111708,40,,,1,99,,111706,40,,,1,100,,111713,40,,,1,100,,111714,40,,,1,98,,111718,40,,,1,97,,111716,40,,,1,100,,111722,40,,,1,100,,111723,40,,,1,100,,111707,40,,,1,109,,111710,40,,,1
16800,'19',543,,111752,40,,,1,75,,111749,40,,,1,28,,111743,40,,,1,70,,111754,40,,,1,34,,111740,40,,,1,70,,111746,40,,,1,30,,111758,40,,,1,70,,111726,40,,,1,28,,111728,40,,,1,70,,111756,40,,,1,30,,111750,40,,,1,70,,111734,40,,,1,30,,111738,40,,,1,70,,111727,40,,,1,30,,111747,40,,,1,70,,111757,40,,,1,30,,111753,40,,,1,74,,111748,40,,,1,30,,111736,40,,,1,72,,111724,40,,,1,27,,111745,40,,,1,70,,111725,40,,,1,30,,111732,40,,,1,70,,111751,40,,,1,30,,111729,40,,,1,70,,111731,40,,,1,28,,111730,40,,,1,70,,111735,40,,,1,27,,111744,40,,,1,70,,111733,40,,,1,30,,111737,40,,,1,70,,111739,40,,,1,30,,111741,40,,,1,100,,111755,40,,,1,109,,111742,40,,,1
16800,'2',652,,111760,40,,,1,100,,111774,40,,,1,100,,111782,40,,,1,70,,111773,40,,,1,30,,111767,40,,,1,73,,111772,40,,,1,30,,111759,40,,,1,70,,111766,40,,,1,30,,111763,40,,,1,71,,111777,40,,,1,30,,111770,40,,,1,70,,111765,40,,,1,30,,111785,40,,,1,70,,111768,40,,,1,30,,111762,40,,,1,70,,111769,40,,,1,30,,111781,40,,,1,70,,111778,40,,,1,30,,111775,40,,,1,70,,111779,40,,,1,30,,111784,40,,,1,69,,111761,40,,,1,30,,111771,40,,,1,100,,111786,40,,,1,97,,111783,40,,,1,100,,111764,40,,,1,100,,111780,40,,,1,153,,111776,40,,,1
16800,'3',543,,111787,40,,,1,75,,111789,40,,,1,28,,111813,40,,,1,70,,111803,40,,,1,34,,111809,40,,,1,70,,111798,40,,,1,30,,111791,40,,,1,70,,111804,40,,,1,28,,111795,40,,,1,70,,111801,40,,,1,30,,111812,40,,,1,70,,111817,40,,,1,30,,111808,40,,,1,70,,111805,40,,,1,30,,111797,40,,,1,70,,111806,40,,,1,30,,111788,40,,,1,74,,111802,40,,,1,30,,111821,40,,,1,72,,111820,40,,,1,29,,111807,40,,,1,68,,111794,40,,,1,30,,111799,40,,,1,70,,111792,40,,,1,30,,111811,40,,,1,70,,111796,40,,,1,28,,111815,40,,,1,70,,111810,40,,,1,27,,111819,40,,,1,70,,111818,40,,,1,30,,111800,40,,,1,70,,111814,40,,,1,30,,111793,40,,,1,100,,111816,40,,,1,109,,111790,40,,,1
16800,'4',543,,111822,40,,,1,75,,111824,40,,,1,28,,111848,40,,,1,70,,111838,40,,,1,34,,111844,40,,,1,70,,111833,40,,,1,30,,111826,40,,,1,70,,111839,40,,,1,28,,111830,40,,,1,70,,111836,40,,,1,30,,111847,40,,,1,70,,111852,40,,,1,30,,111843,40,,,1,70,,111840,40,,,1,30,,111832,40,,,1,70,,111841,40,,,1,30,,111823,40,,,1,74,,111837,40,,,1,30,,111856,40,,,1,72,,111855,40,,,1,29,,111842,40,,,1,68,,111829,40,,,1,30,,111834,40,,,1,70,,111827,40,,,1,30,,111846,40,,,1,70,,111831,40,,,1,28,,111850,40,,,1,70,,111845,40,,,1,27,,111854,40,,,1,70,,111853,40,,,1,30,,111835,40,,,1,70,,111849,40,,,1,30,,111828,40,,,1,100,,111851,40,,,1,109,,111825,40,,,1
16800,'5',543,,111885,40,,,1,75,,111882,40,,,1,28,,111876,40,,,1,70,,111887,40,,,1,34,,111873,40,,,1,70,,111879,40,,,1,30,,111891,40,,,1,70,,111859,40,,,1,28,,111861,40,,,1,70,,111889,40,,,1,30,,111883,40,,,1,70,,111867,40,,,1,30,,111871,40,,,1,70,,111860,40,,,1,30,,111880,40,,,1,70,,111890,40,,,1,30,,111886,40,,,1,74,,111881,40,,,1,30,,111869,40,,,1,72,,111857,40,,,1,27,,111878,40,,,1,70,,111858,40,,,1,30,,111865,40,,,1,70,,111884,40,,,1,30,,111862,40,,,1,70,,111864,40,,,1,28,,111863,40,,,1,70,,111868,40,,,1,27,,111877,40,,,1,70,,111866,40,,,1,30,,111870,40,,,1,70,,111872,40,,,1,30,,111874,40,,,1,100,,111888,40,,,1,109,,111875,40,,,1
16800,'6',543,,111892,40,,,1,75,,111894,40,,,1,28,,111918,40,,,1,70,,111908,40,,,1,34,,111914,40,,,1,70,,111903,40,,,1,30,,111896,40,,,1,70,,111909,40,,,1,28,,111900,40,,,1,70,,111906,40,,,1,30,,111917,40,,,1,70,,111922,40,,,1,30,,111913,40,,,1,70,,111910,40,,,1,30,,111902,40,,,1,70,,111911,40,,,1,30,,111893,40,,,1,74,,111907,40,,,1,30,,111926,40,,,1,72,,111925,40,,,1,29,,111912,40,,,1,68,,111899,40,,,1,30,,111904,40,,,1,70,,111897,40,,,1,30,,111916,40,,,1,70,,111901,40,,,1,28,,111920,40,,,1,70,,111915,40,,,1,27,,111924,40,,,1,70,,111923,40,,,1,30,,111905,40,,,1,70,,111919,40,,,1,30,,111898,40,,,1,100,,111921,40,,,1,109,,111895,40,,,1
16800,'7',543,,111955,40,,,1,75,,111952,40,,,1,28,,111946,40,,,1,70,,111957,40,,,1,34,,111943,40,,,1,70,,111949,40,,,1,30,,111961,40,,,1,70,,111929,40,,,1,28,,111931,40,,,1,70,,111959,40,,,1,30,,111953,40,,,1,70,,111937,40,,,1,30,,111941,40,,,1,70,,111930,40,,,1,30,,111950,40,,,1,70,,111960,40,,,1,30,,111956,40,,,1,74,,111951,40,,,1,30,,111939,40,,,1,72,,111927,40,,,1,27,,111948,40,,,1,70,,111928,40,,,1,30,,111935,40,,,1,70,,111954,40,,,1,30,,111932,40,,,1,70,,111934,40,,,1,28,,111933,40,,,1,70,,111938,40,,,1,27,,111947,40,,,1,70,,111936,40,,,1,30,,111940,40,,,1,70,,111942,40,,,1,30,,111944,40,,,1,100,,111958,40,,,1,109,,111945,40,,,1
16800,'8',654,,111987,40,,,1,100,,111983,40,,,1,70,,111962,40,,,1,30,,111968,40,,,1,70,,111970,40,,,1,30,,111965,40,,,1,73,,111977,40,,,1,30,,111976,40,,,1,70,,111975,40,,,1,30,,111991,40,,,1,71,,111990,40,,,1,30,,111978,40,,,1,70,,111989,40,,,1,30,,111971,40,,,1,70,,111969,40,,,1,30,,111964,40,,,1,70,,111988,40,,,1,30,,111963,40,,,1,70,,111981,40,,,1,30,,111986,40,,,1,70,,111967,40,,,1,30,,111979,40,,,1,69,,111993,40,,,1,30,,111972,40,,,1,70,,111984,40,,,1,30,,111973,40,,,1,67,,111974,40,,,1,30,,111985,40,,,1,70,,111982,40,,,1,30,,111992,40,,,1,100,,111966,40,,,1,160,,111980,40,,,1
16800,'9',652,,111995,40,,,1,100,,112009,40,,,1,100,,112017,40,,,1,70,,112008,40,,,1,30,,112002,40,,,1,73,,112007,40,,,1,30,,111994,40,,,1,70,,112001,40,,,1,30,,111998,40,,,1,71,,112012,40,,,1,30,,112005,40,,,1,70,,112000,40,,,1,30,,112020,40,,,1,70,,112003,40,,,1,30,,111997,40,,,1,70,,112004,40,,,1,30,,112016,40,,,1,70,,112013,40,,,1,30,,112010,40,,,1,70,,112014,40,,,1,30,,112019,40,,,1,69,,111996,40,,,1,30,,112006,40,,,1,100,,112021,40,,,1,97,,112018,40,,,1,100,,111999,40,,,1,100,,112015,40,,,1,153,,112011,40,,,1
25600,'10',521,,116515,20,,,1,36,,116514,20,,,1,68,,116513,20,,,1,27,,116512,20,,,1,70,,116510,20,,,1,29,,116511,20,,,1,74,,116509,20,,,1
25600,'11',521,,116522,20,,,1,36,,116521,20,,,1,68,,116520,20,,,1,27,,116519,20,,,1,70,,116517,20,,,1,29,,116518,20,,,1,74,,116516,20,,,1
25600,'12',521,,116529,20,,,1,36,,116528,20,,,1,68,,116527,20,,,1,27,,116526,20,,,1,70,,116524,20,,,1,29,,116525,20,,,1,74,,116523,20,,,1
25600,'13',521,,116531,20,,,1,36,,116534,20,,,1,68,,116533,20,,,1,26,,116536,20,,,1,71,,116535,20,,,1,29,,116532,20,,,1,72,,116530,20,,,1
25600,'15',521,,116543,20,,,1,36,,116542,20,,,1,68,,116541,20,,,1,27,,116540,20,,,1,70,,116538,20,,,1,29,,116539,20,,,1,74,,116537,20,,,1
25600,'16',521,,116550,20,,,1,36,,116549,20,,,1,68,,116548,20,,,1,27,,116547,20,,,1,70,,116545,20,,,1,29,,116546,20,,,1,74,,116544,20,,,1
25600,'17',521,,116552,20,,,1,36,,116555,20,,,1,68,,116554,20,,,1,26,,116557,20,,,1,71,,116556,20,,,1,29,,116553,20,,,1,72,,116551,20,,,1
25600,'18',521,,116560,20,,,1,104,,116559,20,,,1,97,,116558,20,,,1,103,,116561,20,,,1
25600,'19',521,,116563,20,,,1,36,,116566,20,,,1,68,,116565,20,,,1,26,,116568,20,,,1,71,,116567,20,,,1,29,,116564,20,,,1,72,,116562,20,,,1
25600,'3',521,,116575,20,,,1,36,,116574,20,,,1,68,,116573,20,,,1,27,,116572,20,,,1,70,,116570,20,,,1,29,,116571,20,,,1,74,,116569,20,,,1
25600,'4',521,,116582,20,,,1,36,,116581,20,,,1,68,,116580,20,,,1,27,,116579,20,,,1,70,,116577,20,,,1,29,,116578,20,,,1,74,,116576,20,,,1
25600,'5',521,,116584,20,,,1,36,,116587,20,,,1,68,,116586,20,,,1,26,,116589,20,,,1,71,,116588,20,,,1,29,,116585,20,,,1,72,,116583,20,,,1
25600,'6',521,,116596,20,,,1,36,,116595,20,,,1,68,,116594,20,,,1,27,,116593,20,,,1,70,,116591,20,,,1,29,,116592,20,,,1,74,,116590,20,,,1
25600,'7',521,,116598,20,,,1,36,,116601,20,,,1,68,,116600,20,,,1,26,,116603,20,,,1,71,,116602,20,,,1,29,,116599,20,,,1,72,,116597,20,,,1
65600,'10',1550,,118974,33,,,1
65600,'11',1550,,118975,33,,,1
65600,'12',1550,,118976,33,,,1
65600,'15',1550,,118977,33,,,1
65600,'16',1550,,118978,33,,,1
65600,'3',1550,,118979,33,,,1
65600,'4',1550,,118980,33,,,1
65600,'6',1550,,118981,33,,,1
65700,'10',1551,,118991,33,,,1
65700,'11',1551,,118993,33,,,1
65700,'12',1551,,118995,33,,,1
65700,'15',1551,,118997,33,,,1
65700,'16',1551,,118999,33,,,1
65700,'3',1551,,119001,33,,,1
65700,'4',1551,,119003,33,,,1
65700,'6',1551,,119005,33,,,1
66801,'10',1440,,119480,37,,,1,7,,119479,37,,,1,7,,119482,37,,,1
66801,'11',1440,,119485,37,,,1,7,,119484,37,,,1,7,,119487,37,,,1
66801,'12',1440,,119490,37,,,1,7,,119489,37,,,1,7,,119492,37,,,1
66801,'15',1440,,119495,37,,,1,7,,119494,37,,,1,7,,119497,37,,,1
66801,'16',1440,,119500,37,,,1,7,,119499,37,,,1,7,,119502,37,,,1
66801,'3',1440,,119505,37,,,1,7,,119504,37,,,1,7,,119507,37,,,1
66801,'4',1440,,119510,37,,,1,7,,119509,37,,,1,7,,119512,37,,,1
66801,'6',1440,,119515,37,,,1,7,,119514,37,,,1,7,,119517,37,,,1
68100,'10',802,,120054,13,,,1
68100,'11',802,,120055,13,,,1
68100,'12',802,,120056,13,,,1
68100,'15',802,,120057,13,,,1
68100,'16',802,,120058,13,,,1
68100,'3',802,,120059,13,,,1
68100,'4',802,,120060,13,,,1
68100,'6',802,,120061,13,,,1
68101,'10',1624,,120062,70,4,,1
68101,'11',1624,,120063,70,4,,1
68101,'12',1624,,120064,70,4,,1
68101,'15',1624,,120065,70,4,,1
68101,'16',1624,,120066,70,4,,1
68101,'3',1624,,120067,70,4,,1
68101,'4',1624,,120068,70,4,,1
68101,'6',1624,,120069,70,4,,1
