5100,'1',658,,246455,38,,,1,100,,246454,38,,,1,72,,246469,38,,,1,70,,246468,38,,,1,30,,246456,38,,,1,70,,246462,38,,,1,31,,246458,38,,,1,70,,126620,38,,,1,30,,246470,38,,,1,70,,246465,38,,,1,30,,60698,38,,,1,70,,246473,38,,,1,30,,246461,38,,,1,70,,185965,38,,,1,31,,246452,38,,,1,70,,246467,38,,,1,30,,246463,38,,,1,70,,246471,38,,,1,29,,189560,38,,,1,70,,246453,38,,,1,30,,246466,38,,,1,70,,246451,38,,,1,29,,246464,38,,,1,70,,246472,38,,,1,30,,246460,23,,,1,70,,166551,38,,,1,29,,246459,23,,,1,30,,246449,38,,,1,100,,246474,38,,,1,70,,246450,23,,,1,71,,246457,38,,,1
5100,'10',658,,246480,38,,,1,100,,151435,38,,,1,72,,246495,38,,,1,70,,246494,38,,,1,30,,246481,38,,,1,70,,246487,38,,,1,31,,246483,38,,,1,70,,246490,38,,,1,30,,246496,38,,,1,70,,246489,38,,,1,30,,246491,38,,,1,70,,246501,38,,,1,30,,246486,38,,,1,70,,246500,38,,,1,31,,246477,38,,,1,70,,246493,38,,,1,30,,246488,38,,,1,70,,246497,38,,,1,29,,246498,38,,,1,70,,246478,38,,,1,30,,246492,38,,,1,70,,246476,38,,,1,29,,147932,38,,,1,70,,246499,38,,,1,30,,246485,23,,,1,70,,246479,38,,,1,29,,246484,23,,,1,30,,246475,38,,,1,100,,246502,38,,,1,70,,165627,23,,,1,71,,246482,38,,,1
5100,'11',825,,246507,38,,,1,100,,246503,38,,,1,30,,153935,38,,,1,71,,161980,38,,,1,30,,246517,38,,,1,70,,246516,38,,,1,30,,246513,38,,,1,70,,246509,38,,,1,30,,246504,38,,,1,70,,154515,38,,,1,30,,145328,38,,,1,71,,246505,38,,,1,30,,246519,38,,,1,70,,246514,38,,,1,30,,246510,38,,,1,69,,246506,38,,,1,30,,246508,38,,,1,70,,127058,38,,,1,30,,183193,38,,,1,69,,246511,38,,,1,30,,133968,38,,,1,70,,246515,38,,,1,30,,246518,38,,,1,69,,170728,38,,,1,31,,246512,18,,,1,69,,246520,38,,,1,100,,157757,38,,,1,99,,202581,38,,,1
5100,'12',605,,246529,46,,,1,101,,246536,46,,,1,107,,246522,46,,,1,30,,159128,46,,,1,98,,246533,46,,,1,70,,246521,46,,,1,32,,246544,38,,,1,70,,246545,38,,,1,30,,159124,38,,,1,70,,246527,38,,,1,30,,246535,38,,,1,70,,246523,38,,,1,30,,246531,38,,,1,70,,246537,38,,,1,30,,246530,38,,,1,70,,29191,5,,,1,1,,246542,38,,,1,36,,159131,38,,,1,75,,246541,38,,,1,26,,246538,38,,,1,70,,246532,38,,,1,30,,246540,38,,,1,70,,246543,38,,,1,26,,204471,38,,,1,70,,181863,38,,,1,23,,246528,38,,,1,69,,58941,38,,,1,28,,246525,38,,,1,68,,246534,38,,,1,30,,246524,38,,,1,70,,159135,38,,,1,30,,246539,38,,,1
5100,'13',658,,171324,38,,,1,100,,246550,38,,,1,72,,246559,38,,,1,70,,163081,38,,,1,30,,3042,38,,,1,70,,164650,38,,,1,31,,28069,38,,,1,70,,246556,38,,,1,30,,246560,38,,,1,70,,20753,38,,,1,30,,246557,38,,,1,70,,246564,38,,,1,30,,153912,38,,,1,70,,246563,38,,,1,31,,246549,38,,,1,70,,246558,38,,,1,30,,45182,38,,,1,70,,156876,38,,,1,29,,246561,38,,,1,70,,104067,38,,,1,30,,192882,38,,,1,70,,246548,38,,,1,29,,246555,38,,,1,70,,246562,38,,,1,30,,246554,23,,,1,70,,246551,38,,,1,29,,246553,23,,,1,30,,246546,38,,,1,100,,108651,38,,,1,70,,246547,23,,,1,71,,246552,38,,,1
5100,'14',605,,246574,46,,,1,101,,83720,46,,,1,28,,246586,46,,,1,79,,246587,46,,,1,30,,202379,46,,,1,70,,140484,46,,,1,28,,246567,46,,,1,70,,246590,46,,,1,32,,246585,38,,,1,70,,246583,38,,,1,30,,246572,38,,,1,70,,246575,38,,,1,30,,246573,38,,,1,70,,246565,38,,,1,30,,246581,38,,,1,70,,201431,38,,,1,30,,246589,38,,,1,71,,180905,38,,,1,36,,246577,38,,,1,75,,189122,38,,,1,26,,246570,38,,,1,70,,142418,38,,,1,30,,246588,38,,,1,70,,246579,38,,,1,26,,246569,38,,,1,70,,246576,38,,,1,23,,246582,38,,,1,69,,246578,38,,,1,28,,246566,38,,,1,68,,246580,38,,,1,30,,246584,38,,,1,70,,246571,38,,,1,30,,246568,38,,,1
5100,'15',605,,246599,46,,,1,101,,246606,46,,,1,107,,246592,46,,,1,30,,159226,46,,,1,98,,246603,46,,,1,70,,246591,46,,,1,32,,246614,38,,,1,70,,246615,38,,,1,30,,159222,38,,,1,70,,246597,38,,,1,30,,246605,38,,,1,70,,246593,38,,,1,30,,246601,38,,,1,70,,246607,38,,,1,30,,246600,38,,,1,70,,29594,5,,,1,1,,246612,38,,,1,36,,159229,38,,,1,75,,246611,38,,,1,26,,246608,38,,,1,70,,246602,38,,,1,30,,246610,38,,,1,70,,246613,38,,,1,26,,204482,38,,,1,70,,182011,38,,,1,23,,246598,38,,,1,69,,59377,38,,,1,28,,246595,38,,,1,68,,246604,38,,,1,30,,246594,38,,,1,70,,159233,38,,,1,30,,246609,38,,,1
5100,'16',825,,246619,38,,,1,100,,246616,38,,,1,30,,246639,38,,,1,71,,246620,38,,,1,30,,246635,38,,,1,70,,246633,38,,,1,30,,246627,38,,,1,70,,246622,38,,,1,30,,199414,38,,,1,70,,246628,38,,,1,30,,246629,38,,,1,71,,246617,38,,,1,30,,246637,38,,,1,70,,174209,38,,,1,30,,246623,38,,,1,69,,97392,38,,,1,30,,170167,38,,,1,70,,246630,38,,,1,30,,246634,38,,,1,69,,246624,38,,,1,30,,246618,38,,,1,70,,246632,38,,,1,30,,246636,38,,,1,69,,246621,38,,,1,31,,246625,18,,,1,69,,246638,38,,,1,100,,246626,38,,,1,99,,246631,38,,,1
5100,'17',605,,246649,46,,,1,101,,150666,46,,,1,28,,246661,46,,,1,79,,246662,46,,,1,30,,202338,46,,,1,70,,140411,46,,,1,28,,246642,46,,,1,70,,246665,46,,,1,32,,246660,38,,,1,70,,246658,38,,,1,30,,246647,38,,,1,70,,246650,38,,,1,30,,246648,38,,,1,70,,246640,38,,,1,30,,246656,38,,,1,70,,201379,38,,,1,30,,246664,38,,,1,71,,19388,38,,,1,36,,246652,38,,,1,75,,189042,38,,,1,26,,246645,38,,,1,70,,81648,38,,,1,30,,246663,38,,,1,70,,246654,38,,,1,26,,246644,38,,,1,70,,246651,38,,,1,23,,246657,38,,,1,69,,246653,38,,,1,28,,246641,38,,,1,68,,246655,38,,,1,30,,246659,38,,,1,70,,246646,38,,,1,30,,246643,38,,,1
5100,'18',605,,246675,46,,,1,101,,150844,46,,,1,28,,246687,46,,,1,79,,246688,46,,,1,30,,202445,46,,,1,70,,140575,46,,,1,28,,246668,46,,,1,70,,246691,46,,,1,32,,246686,38,,,1,70,,246684,38,,,1,30,,246673,38,,,1,70,,246676,38,,,1,30,,246674,38,,,1,70,,246666,38,,,1,30,,246682,38,,,1,70,,89233,38,,,1,30,,246690,38,,,1,71,,181020,38,,,1,36,,246678,38,,,1,75,,189235,38,,,1,26,,246671,38,,,1,70,,142466,38,,,1,30,,246689,38,,,1,70,,246680,38,,,1,26,,246670,38,,,1,70,,246677,38,,,1,23,,246683,38,,,1,69,,246679,38,,,1,28,,246667,38,,,1,68,,246681,38,,,1,30,,246685,38,,,1,70,,246672,38,,,1,30,,246669,38,,,1
5100,'2',605,,246702,46,,,1,101,,246695,46,,,1,28,,246715,46,,,1,79,,246716,46,,,1,30,,246708,46,,,1,70,,246698,46,,,1,28,,246693,46,,,1,70,,156057,46,,,1,32,,179547,38,,,1,70,,246711,38,,,1,30,,246701,38,,,1,70,,246703,38,,,1,30,,110924,38,,,1,70,,246692,38,,,1,30,,246710,38,,,1,70,,246712,38,,,1,30,,246718,38,,,1,71,,246694,38,,,1,36,,246705,38,,,1,75,,246719,38,,,1,26,,246699,38,,,1,70,,246713,38,,,1,30,,246717,38,,,1,70,,246707,38,,,1,26,,246697,38,,,1,70,,246704,38,,,1,23,,132622,38,,,1,69,,246706,38,,,1,28,,136252,38,,,1,68,,246709,38,,,1,30,,246714,38,,,1,70,,246700,38,,,1,30,,246696,38,,,1
5100,'3',605,,60664,46,,,1,101,,246738,46,,,1,107,,246721,46,,,1,30,,246727,46,,,1,98,,246734,46,,,1,70,,246720,46,,,1,32,,246744,38,,,1,70,,19703,38,,,1,30,,246723,38,,,1,70,,131339,38,,,1,30,,246737,38,,,1,70,,246722,38,,,1,30,,246730,38,,,1,70,,246739,38,,,1,30,,169555,38,,,1,70,,246733,5,,,1,1,,246742,38,,,1,36,,246729,38,,,1,75,,246741,38,,,1,26,,133291,38,,,1,70,,134431,38,,,1,30,,246740,38,,,1,70,,246743,38,,,1,26,,246731,38,,,1,70,,246725,38,,,1,23,,246728,38,,,1,69,,246735,38,,,1,28,,246724,38,,,1,68,,246736,38,,,1,30,,148036,38,,,1,70,,246732,38,,,1,30,,171198,38,,,1
5100,'4',605,,246753,46,,,1,101,,246760,46,,,1,107,,246746,46,,,1,30,,159278,46,,,1,98,,246757,46,,,1,70,,246745,46,,,1,32,,246768,38,,,1,70,,246769,38,,,1,30,,159274,38,,,1,70,,246751,38,,,1,30,,246759,38,,,1,70,,246747,38,,,1,30,,246755,38,,,1,70,,246761,38,,,1,30,,246754,38,,,1,70,,29549,5,,,1,1,,246766,38,,,1,36,,159281,38,,,1,75,,246765,38,,,1,26,,246762,38,,,1,70,,246756,38,,,1,30,,246764,38,,,1,70,,246767,38,,,1,26,,204486,38,,,1,70,,182079,38,,,1,23,,246752,38,,,1,69,,59330,38,,,1,28,,246749,38,,,1,68,,246758,38,,,1,30,,246748,38,,,1,70,,159285,38,,,1,30,,246763,38,,,1
5100,'5',605,,246778,46,,,1,101,,246785,46,,,1,107,,246771,46,,,1,30,,158894,46,,,1,98,,246782,46,,,1,70,,246770,46,,,1,32,,246793,38,,,1,70,,246794,38,,,1,30,,158890,38,,,1,70,,246776,38,,,1,30,,246784,38,,,1,70,,246772,38,,,1,30,,246780,38,,,1,70,,246786,38,,,1,30,,246779,38,,,1,70,,29146,5,,,1,1,,246791,38,,,1,36,,158897,38,,,1,75,,246790,38,,,1,26,,246787,38,,,1,70,,246781,38,,,1,30,,246789,38,,,1,70,,246792,38,,,1,26,,204447,38,,,1,70,,181539,38,,,1,23,,246777,38,,,1,69,,58894,38,,,1,28,,246774,38,,,1,68,,246783,38,,,1,30,,246773,38,,,1,70,,158901,38,,,1,30,,246788,38,,,1
5100,'6',825,,246798,38,,,1,100,,31618,38,,,1,30,,246817,38,,,1,71,,246799,38,,,1,30,,246815,38,,,1,70,,246813,38,,,1,30,,246806,38,,,1,70,,246802,38,,,1,30,,246795,38,,,1,70,,246808,38,,,1,30,,246809,38,,,1,71,,168262,38,,,1,30,,179198,38,,,1,70,,246807,38,,,1,30,,246803,38,,,1,69,,246796,38,,,1,30,,246800,38,,,1,70,,246810,38,,,1,30,,246814,38,,,1,69,,53727,38,,,1,30,,246797,38,,,1,70,,246812,38,,,1,30,,246816,38,,,1,69,,246801,38,,,1,31,,246804,18,,,1,69,,146770,38,,,1,100,,246805,38,,,1,99,,246811,38,,,1
5100,'7',605,,246830,46,,,1,101,,246822,46,,,1,28,,188381,46,,,1,79,,177966,46,,,1,30,,246835,46,,,1,70,,246825,46,,,1,28,,246820,46,,,1,70,,246846,46,,,1,32,,246843,38,,,1,70,,246839,38,,,1,30,,246828,38,,,1,70,,246831,38,,,1,30,,246829,38,,,1,70,,246818,38,,,1,30,,246837,38,,,1,70,,246840,38,,,1,30,,246845,38,,,1,71,,246821,38,,,1,36,,246833,38,,,1,75,,246847,38,,,1,26,,246826,38,,,1,70,,246841,38,,,1,30,,246844,38,,,1,70,,202309,38,,,1,26,,246824,38,,,1,70,,246832,38,,,1,23,,246838,38,,,1,69,,246834,38,,,1,28,,246819,38,,,1,68,,246836,38,,,1,30,,246842,38,,,1,70,,246827,38,,,1,30,,246823,38,,,1
5100,'8',605,,246850,46,,,1,101,,246848,46,,,1,28,,246870,46,,,1,78,,246864,46,,,1,31,,246865,46,,,1,69,,246858,46,,,1,29,,246854,46,,,1,70,,246857,46,,,1,32,,246849,38,,,1,70,,246875,38,,,1,30,,246879,38,,,1,70,,246861,38,,,1,30,,246862,38,,,1,70,,246871,38,,,1,30,,246867,38,,,1,70,,246868,38,,,1,30,,246877,38,,,1,71,,246878,38,,,1,36,,246869,38,,,1,75,,246874,38,,,1,26,,246859,38,,,1,70,,246880,38,,,1,30,,246860,38,,,1,70,,246852,38,,,1,26,,246876,38,,,1,70,,246855,38,,,1,23,,246873,38,,,1,69,,246853,38,,,1,28,,246856,38,,,1,68,,246866,38,,,1,30,,246872,38,,,1,70,,246863,38,,,1,30,,246851,38,,,1
5100,'9',605,,246889,46,,,1,101,,246896,46,,,1,107,,246882,46,,,1,30,,159102,46,,,1,98,,246893,46,,,1,70,,246881,46,,,1,32,,246904,38,,,1,70,,246905,38,,,1,30,,159098,38,,,1,70,,246887,38,,,1,30,,246895,38,,,1,70,,246883,38,,,1,30,,246891,38,,,1,70,,246897,38,,,1,30,,246890,38,,,1,70,,29352,5,,,1,1,,246902,38,,,1,36,,159105,38,,,1,75,,246901,38,,,1,26,,246898,38,,,1,70,,246892,38,,,1,30,,246900,38,,,1,70,,246903,38,,,1,26,,204467,38,,,1,70,,181824,38,,,1,23,,246888,38,,,1,69,,59108,38,,,1,28,,246885,38,,,1,68,,246894,38,,,1,30,,246884,38,,,1,70,,159109,38,,,1,30,,246899,38,,,1
