1801,'1',800,,20930,6,0,67,1,100,,20915,6,,,1,30,,20929,6,,,1,70,,20925,6,,,1,30,,20916,6,,,1,70,,20914,6,,,1,30,,20926,6,,,1,70,,20922,6,,,1,30,,20904,6,,,1,70,,20906,6,,,1,30,,20927,6,,,1,70,,20911,6,,,1,30,,20928,6,,,1,70,,20921,6,,,1,30,,20923,6,,,1,70,,20908,6,,,1,30,,20924,6,,,1,70,,20903,6,,,1,30,,20919,6,,,1,70,,20910,6,,,1,30,,20905,6,,,1,70,,20920,6,,,1,30,,20913,6,,,1,70,,20907,6,,,1,30,,20917,6,,,1,70,,20931,6,,,1,100,,20912,6,,,1,109,,20918,6,0,67,1
1801,'10',553,,20940,6,,,1,71,,20954,6,,,1,30,,20933,6,,,1,70,,20957,6,,,1,29,,20949,6,,,1,100,,20951,6,,,1,72,,20944,6,,,1,30,,20939,6,,,1,70,,20938,6,,,1,29,,20941,6,,,1,71,,20947,6,,,1,30,,20961,6,,,1,70,,20959,6,,,1,30,,20953,6,,,1,70,,20945,6,,,1,29,,20950,6,,,1,67,,20962,6,,,1,29,,20955,6,,,1,102,,20935,6,,,1,66,,20956,6,,,1,32,,20952,6,,,1,102,,20958,6,,,1,72,,20963,6,,,1,30,,20946,6,,,1,69,,20943,6,,,1,33,,20965,6,,,1,71,,20932,6,,,1,27,,20942,6,,,1,72,,20934,6,,,1,30,,20964,6,,,1,70,,20960,6,,,1,31,,20937,6,,,1,97,,20936,6,,,1
1801,'11',553,,20974,6,,,1,71,,20988,6,,,1,30,,20967,6,,,1,70,,20991,6,,,1,29,,20983,6,,,1,100,,20985,6,,,1,72,,20978,6,,,1,30,,20973,6,,,1,70,,20972,6,,,1,29,,20975,6,,,1,71,,20981,6,,,1,30,,20995,6,,,1,70,,20993,6,,,1,30,,20987,6,,,1,70,,20979,6,,,1,29,,20984,6,,,1,67,,20996,6,,,1,29,,20989,6,,,1,102,,20969,6,,,1,66,,20990,6,,,1,32,,20986,6,,,1,102,,20992,6,,,1,72,,20997,6,,,1,30,,20980,6,,,1,69,,20977,6,,,1,33,,20999,6,,,1,71,,20966,6,,,1,27,,20976,6,,,1,72,,20968,6,,,1,30,,20998,6,,,1,70,,20994,6,,,1,31,,20971,6,,,1,97,,20970,6,,,1
1801,'12',553,,21008,6,,,1,71,,21022,6,,,1,30,,21001,6,,,1,70,,21025,6,,,1,29,,21017,6,,,1,100,,21019,6,,,1,72,,21012,6,,,1,30,,21007,6,,,1,70,,21006,6,,,1,29,,21009,6,,,1,71,,21015,6,,,1,30,,21029,6,,,1,70,,21027,6,,,1,30,,21021,6,,,1,70,,21013,6,,,1,29,,21018,6,,,1,67,,21030,6,,,1,29,,21023,6,,,1,102,,21003,6,,,1,66,,21024,6,,,1,32,,21020,6,,,1,102,,21026,6,,,1,72,,21031,6,,,1,30,,21014,6,,,1,69,,21011,6,,,1,33,,21033,6,,,1,71,,21000,6,,,1,27,,21010,6,,,1,72,,21002,6,,,1,30,,21032,6,,,1,70,,21028,6,,,1,31,,21005,6,,,1,97,,21004,6,,,1
1801,'13',553,,21063,6,,,1,71,,21058,6,,,1,29,,21050,6,,,1,69,,21039,6,,,1,31,,21055,6,,,1,72,,21034,6,,,1,28,,21051,6,,,1,72,,21047,6,,,1,30,,21059,6,,,1,70,,21062,6,,,1,29,,21060,6,,,1,71,,21040,6,,,1,30,,21052,6,,,1,70,,21048,6,,,1,30,,21067,6,,,1,70,,21056,6,,,1,29,,21061,6,,,1,67,,21044,6,,,1,29,,21064,6,,,1,71,,21057,6,,,1,30,,21042,6,,,1,67,,21041,6,,,1,32,,21036,6,,,1,73,,21054,6,,,1,29,,21037,6,,,1,72,,21035,6,,,1,30,,21065,6,,,1,69,,21043,6,,,1,33,,21045,6,,,1,71,,21068,6,,,1,27,,21046,6,,,1,72,,21053,6,,,1,30,,21069,6,,,1,70,,21038,6,,,1,31,,21049,6,,,1,97,,21066,6,,,1
1801,'14',633,,21082,6,,,1,100,,21096,6,,,1,71,,21080,6,,,1,30,,21091,6,,,1,70,,21087,6,,,1,30,,21089,6,,,1,70,,21090,6,,,1,30,,21088,6,,,1,70,,21083,6,,,1,30,,21072,6,,,1,70,,21094,6,,,1,30,,21101,6,,,1,70,,21070,6,,,1,30,,21086,6,,,1,70,,21092,6,,,1,30,,21073,6,,,1,70,,21100,6,,,1,30,,21093,6,,,1,70,,21079,6,,,1,30,,21099,6,,,1,70,,21084,6,,,1,30,,21081,6,,,1,70,,21077,6,,,1,30,,21095,6,,,1,70,,21075,6,,,1,30,,21078,6,,,1,70,,21097,6,,,1,30,,21074,6,,,1,70,,21076,6,,,1,30,,21098,6,,,1,69,,21085,6,,,1,99,,21071,6,,,1
1801,'15',553,,21110,6,,,1,71,,21124,6,,,1,30,,21103,6,,,1,70,,21127,6,,,1,29,,21119,6,,,1,100,,21121,6,,,1,72,,21114,6,,,1,30,,21109,6,,,1,70,,21108,6,,,1,29,,21111,6,,,1,71,,21117,6,,,1,30,,21131,6,,,1,70,,21129,6,,,1,30,,21123,6,,,1,70,,21115,6,,,1,29,,21120,6,,,1,67,,21132,6,,,1,29,,21125,6,,,1,102,,21105,6,,,1,66,,21126,6,,,1,32,,21122,6,,,1,102,,21128,6,,,1,72,,21133,6,,,1,30,,21116,6,,,1,69,,21113,6,,,1,33,,21135,6,,,1,71,,21102,6,,,1,27,,21112,6,,,1,72,,21104,6,,,1,30,,21134,6,,,1,70,,21130,6,,,1,31,,21107,6,,,1,97,,21106,6,,,1
1801,'16',553,,21144,6,,,1,71,,21158,6,,,1,30,,21137,6,,,1,70,,21161,6,,,1,29,,21153,6,,,1,100,,21155,6,,,1,72,,21148,6,,,1,30,,21143,6,,,1,70,,21142,6,,,1,29,,21145,6,,,1,71,,21151,6,,,1,30,,21165,6,,,1,70,,21163,6,,,1,30,,21157,6,,,1,70,,21149,6,,,1,29,,21154,6,,,1,67,,21166,6,,,1,29,,21159,6,,,1,102,,21139,6,,,1,66,,21160,6,,,1,32,,21156,6,,,1,102,,21162,6,,,1,72,,21167,6,,,1,30,,21150,6,,,1,69,,21147,6,,,1,33,,21169,6,,,1,71,,21136,6,,,1,27,,21146,6,,,1,72,,21138,6,,,1,30,,21168,6,,,1,70,,21164,6,,,1,31,,21141,6,,,1,97,,21140,6,,,1
1801,'17',553,,21199,6,,,1,71,,21194,6,,,1,29,,21186,6,,,1,69,,21175,6,,,1,31,,21191,6,,,1,72,,21170,6,,,1,28,,21187,6,,,1,72,,21183,6,,,1,30,,21195,6,,,1,70,,21198,6,,,1,29,,21196,6,,,1,71,,21176,6,,,1,30,,21188,6,,,1,70,,21184,6,,,1,30,,21203,6,,,1,70,,21192,6,,,1,29,,21197,6,,,1,67,,21180,6,,,1,29,,21200,6,,,1,71,,21193,6,,,1,30,,21178,6,,,1,67,,21177,6,,,1,32,,21172,6,,,1,73,,21190,6,,,1,29,,21173,6,,,1,72,,21171,6,,,1,30,,21201,6,,,1,69,,21179,6,,,1,33,,21181,6,,,1,71,,21204,6,,,1,27,,21182,6,,,1,72,,21189,6,,,1,30,,21205,6,,,1,70,,21174,6,,,1,31,,21185,6,,,1,97,,21202,6,,,1
1801,'18',553,,21227,6,,,1,101,,21212,6,,,1,99,,21218,6,,,1,72,,21232,6,,,1,28,,21230,6,,,1,72,,21226,6,,,1,30,,21207,6,,,1,70,,21224,6,,,1,29,,21213,6,,,1,71,,21220,6,,,1,30,,21214,6,,,1,70,,21234,6,,,1,30,,21225,6,,,1,70,,21238,6,,,1,29,,21215,6,,,1,67,,21235,6,,,1,29,,21211,6,,,1,71,,21222,6,,,1,30,,21228,6,,,1,67,,21210,6,,,1,32,,21229,6,,,1,73,,21221,6,,,1,29,,21233,6,,,1,72,,21223,6,,,1,30,,21236,6,,,1,69,,21231,6,,,1,33,,21208,6,,,1,71,,21216,6,,,1,27,,21209,6,,,1,72,,21217,6,,,1,30,,21237,6,,,1,101,,21219,6,,,1,97,,21206,6,,,1
1801,'19',553,,21268,6,,,1,71,,21263,6,,,1,29,,21255,6,,,1,69,,21244,6,,,1,31,,21260,6,,,1,72,,21239,6,,,1,28,,21256,6,,,1,72,,21252,6,,,1,30,,21264,6,,,1,70,,21267,6,,,1,29,,21265,6,,,1,71,,21245,6,,,1,30,,21257,6,,,1,70,,21253,6,,,1,30,,21272,6,,,1,70,,21261,6,,,1,29,,21266,6,,,1,67,,21249,6,,,1,29,,21269,6,,,1,71,,21262,6,,,1,30,,21247,6,,,1,67,,21246,6,,,1,32,,21241,6,,,1,73,,21259,6,,,1,29,,21242,6,,,1,72,,21240,6,,,1,30,,21270,6,,,1,69,,21248,6,,,1,33,,21250,6,,,1,71,,21273,6,,,1,27,,21251,6,,,1,72,,21258,6,,,1,30,,21274,6,,,1,70,,21243,6,,,1,31,,21254,6,,,1,97,,21271,6,,,1
1801,'2',800,,21302,6,0,67,1,100,,21287,6,,,1,30,,21301,6,,,1,70,,21297,6,,,1,30,,21288,6,,,1,70,,21286,6,,,1,30,,21298,6,,,1,70,,21294,6,,,1,30,,21276,6,,,1,70,,21278,6,,,1,30,,21299,6,,,1,70,,21283,6,,,1,30,,21300,6,,,1,70,,21293,6,,,1,30,,21295,6,,,1,70,,21280,6,,,1,30,,21296,6,,,1,70,,21275,6,,,1,30,,21291,6,,,1,70,,21282,6,,,1,30,,21277,6,,,1,70,,21292,6,,,1,30,,21285,6,,,1,70,,21279,6,,,1,30,,21289,6,,,1,70,,21303,6,,,1,100,,21284,6,,,1,109,,21290,6,0,67,1
1801,'3',553,,21312,6,,,1,71,,21326,6,,,1,30,,21305,6,,,1,70,,21329,6,,,1,29,,21321,6,,,1,100,,21323,6,,,1,72,,21316,6,,,1,30,,21311,6,,,1,70,,21310,6,,,1,29,,21313,6,,,1,71,,21319,6,,,1,30,,21333,6,,,1,70,,21331,6,,,1,30,,21325,6,,,1,70,,21317,6,,,1,29,,21322,6,,,1,67,,21334,6,,,1,29,,21327,6,,,1,102,,21307,6,,,1,66,,21328,6,,,1,32,,21324,6,,,1,102,,21330,6,,,1,72,,21335,6,,,1,30,,21318,6,,,1,69,,21315,6,,,1,33,,21337,6,,,1,71,,21304,6,,,1,27,,21314,6,,,1,72,,21306,6,,,1,30,,21336,6,,,1,70,,21332,6,,,1,31,,21309,6,,,1,97,,21308,6,,,1
1801,'4',553,,21346,6,,,1,71,,21360,6,,,1,30,,21339,6,,,1,70,,21363,6,,,1,29,,21355,6,,,1,100,,21357,6,,,1,72,,21350,6,,,1,30,,21345,6,,,1,70,,21344,6,,,1,29,,21347,6,,,1,71,,21353,6,,,1,30,,21367,6,,,1,70,,21365,6,,,1,30,,21359,6,,,1,70,,21351,6,,,1,29,,21356,6,,,1,67,,21368,6,,,1,29,,21361,6,,,1,102,,21341,6,,,1,66,,21362,6,,,1,32,,21358,6,,,1,102,,21364,6,,,1,72,,21369,6,,,1,30,,21352,6,,,1,69,,21349,6,,,1,33,,21371,6,,,1,71,,21338,6,,,1,27,,21348,6,,,1,72,,21340,6,,,1,30,,21370,6,,,1,70,,21366,6,,,1,31,,21343,6,,,1,97,,21342,6,,,1
1801,'5',553,,21401,6,,,1,71,,21396,6,,,1,29,,21388,6,,,1,69,,21377,6,,,1,31,,21393,6,,,1,72,,21372,6,,,1,28,,21389,6,,,1,72,,21385,6,,,1,30,,21397,6,,,1,70,,21400,6,,,1,29,,21398,6,,,1,71,,21378,6,,,1,30,,21390,6,,,1,70,,21386,6,,,1,30,,21405,6,,,1,70,,21394,6,,,1,29,,21399,6,,,1,67,,21382,6,,,1,29,,21402,6,,,1,71,,21395,6,,,1,30,,21380,6,,,1,67,,21379,6,,,1,32,,21374,6,,,1,73,,21392,6,,,1,29,,21375,6,,,1,72,,21373,6,,,1,30,,21403,6,,,1,69,,21381,6,,,1,33,,21383,6,,,1,71,,21406,6,,,1,27,,21384,6,,,1,72,,21391,6,,,1,30,,21407,6,,,1,70,,21376,6,,,1,31,,21387,6,,,1,97,,21404,6,,,1
1801,'6',553,,21416,6,,,1,71,,21430,6,,,1,30,,21409,6,,,1,70,,21433,6,,,1,29,,21425,6,,,1,100,,21427,6,,,1,72,,21420,6,,,1,30,,21415,6,,,1,70,,21414,6,,,1,29,,21417,6,,,1,71,,21423,6,,,1,30,,21437,6,,,1,70,,21435,6,,,1,30,,21429,6,,,1,70,,21421,6,,,1,29,,21426,6,,,1,67,,21438,6,,,1,29,,21431,6,,,1,102,,21411,6,,,1,66,,21432,6,,,1,32,,21428,6,,,1,102,,21434,6,,,1,72,,21439,6,,,1,30,,21422,6,,,1,69,,21419,6,,,1,33,,21441,6,,,1,71,,21408,6,,,1,27,,21418,6,,,1,72,,21410,6,,,1,30,,21440,6,,,1,70,,21436,6,,,1,31,,21413,6,,,1,97,,21412,6,,,1
1801,'7',553,,21471,6,,,1,71,,21466,6,,,1,29,,21458,6,,,1,69,,21447,6,,,1,31,,21463,6,,,1,72,,21442,6,,,1,28,,21459,6,,,1,72,,21455,6,,,1,30,,21467,6,,,1,70,,21470,6,,,1,29,,21468,6,,,1,71,,21448,6,,,1,30,,21460,6,,,1,70,,21456,6,,,1,30,,21475,6,,,1,70,,21464,6,,,1,29,,21469,6,,,1,67,,21452,6,,,1,29,,21472,6,,,1,71,,21465,6,,,1,30,,21450,6,,,1,67,,21449,6,,,1,32,,21444,6,,,1,73,,21462,6,,,1,29,,21445,6,,,1,72,,21443,6,,,1,30,,21473,6,,,1,69,,21451,6,,,1,33,,21453,6,,,1,71,,21476,6,,,1,27,,21454,6,,,1,72,,21461,6,,,1,30,,21477,6,,,1,70,,21446,6,,,1,31,,21457,6,,,1,97,,21474,6,,,1
1801,'8',633,,21490,6,,,1,100,,21504,6,,,1,71,,21488,6,,,1,30,,21499,6,,,1,70,,21495,6,,,1,30,,21497,6,,,1,70,,21498,6,,,1,30,,21496,6,,,1,70,,21491,6,,,1,30,,21480,6,,,1,70,,21502,6,,,1,30,,21509,6,,,1,70,,21478,6,,,1,30,,21494,6,,,1,70,,21500,6,,,1,30,,21481,6,,,1,70,,21508,6,,,1,30,,21501,6,,,1,70,,21487,6,,,1,30,,21507,6,,,1,70,,21492,6,,,1,30,,21489,6,,,1,70,,21485,6,,,1,30,,21503,6,,,1,70,,21483,6,,,1,30,,21486,6,,,1,70,,21505,6,,,1,30,,21482,6,,,1,70,,21484,6,,,1,30,,21506,6,,,1,69,,21493,6,,,1,99,,21479,6,,,1
1801,'9',800,,21537,6,0,67,1,100,,21522,6,,,1,30,,21536,6,,,1,70,,21532,6,,,1,30,,21523,6,,,1,70,,21521,6,,,1,30,,21533,6,,,1,70,,21529,6,,,1,30,,21511,6,,,1,70,,21513,6,,,1,30,,21534,6,,,1,70,,21518,6,,,1,30,,21535,6,,,1,70,,21528,6,,,1,30,,21530,6,,,1,70,,21515,6,,,1,30,,21531,6,,,1,70,,21510,6,,,1,30,,21526,6,,,1,70,,21517,6,,,1,30,,21512,6,,,1,70,,21527,6,,,1,30,,21520,6,,,1,70,,21514,6,,,1,30,,21524,6,,,1,70,,21538,6,,,1,100,,21519,6,,,1,109,,21525,6,0,67,1
3900,'1',722,,37484,21,0,66 67,1,30,,37491,21,0,66 67,1,1576,,37509,21,0,66 67,1,29,,37456,21,0,66 67,1,70,,37447,21,0,66 67,1,30,,37479,21,0,66 67,1,70,,37459,21,0,66 67,1,30,,37496,21,0,66 67,1,70,,37504,21,0,66 67,1,30,,37470,21,0,66 67,1,70,,37493,21,0,66 67,1
3900,'14',343,,37870,21,0,66 67,1,2280,,37890,21,0,66 67,1,30,,37886,21,0,66 67,1,70,,37911,21,0,66 67,1
3900,'2',722,,38387,21,0,66 67,1,30,,38394,21,0,66 67,1,1576,,38412,21,0,66 67,1,29,,38359,21,0,66 67,1,70,,38350,21,0,66 67,1,30,,38382,21,0,66 67,1,70,,38362,21,0,66 67,1,30,,38399,21,0,66 67,1,70,,38407,21,0,66 67,1,30,,38373,21,0,66 67,1,70,,38396,21,0,66 67,1
3900,'8',343,,38856,21,0,66 67,1,2280,,38876,21,0,66 67,1,30,,38872,21,0,66 67,1,70,,38897,21,0,66 67,1
3900,'9',722,,38958,21,0,66 67,1,30,,38965,21,0,66 67,1,1576,,38983,21,0,66 67,1,29,,38930,21,0,66 67,1,70,,38921,21,0,66 67,1,30,,38953,21,0,66 67,1,70,,38933,21,0,66 67,1,30,,38970,21,0,66 67,1,70,,38978,21,0,66 67,1,30,,38944,21,0,66 67,1,70,,38967,21,0,66 67,1
10500,'1',822,,99356,6,,,1,30,,99367,6,,,1,70,,99366,6,,,1,30,,99393,6,,,1,69,,99376,6,,,1,30,,99355,6,,,1,70,,99391,6,,,1,30,,99364,6,,,1,70,,99348,6,,,1,30,,99361,6,,,1,70,,99369,6,,,1,30,,99352,6,,,1,70,,99357,6,,,1,30,,99365,6,,,1,70,,99360,6,,,1,30,,99362,6,,,1,70,,99374,6,,,1,30,,99385,6,,,1,69,,99383,6,,,1,30,,99372,6,,,1,70,,99387,6,,,1,30,,99358,6,,,1,70,,99368,6,,,1,30,,99359,6,,,1,70,,99351,6,,,1,30,,99377,6,,,1,70,,99371,6,,,1,30,,99381,6,,,1,70,,99347,6,,,1,30,,99379,6,,,1,70,,99380,6,,,1
10500,'10',514,,99431,6,,,1,26,,99436,6,,,1,67,,99424,6,,,1,25,,99398,6,,,1,73,,99427,6,,,1,30,,99439,6,,,1,71,,99397,6,,,1,27,,99395,6,,,1,68,,99414,6,,,1,31,,99396,6,,,1,70,,99416,6,,,1,30,,99399,6,,,1,70,,99406,6,,,1,30,,99412,6,,,1,70,,99413,6,,,1,30,,99421,6,,,1,70,,99430,6,,,1,30,,99409,6,,,1,70,,99408,6,,,1,100,,99419,6,,,1,29,,99404,6,,,1,72,,99423,6,,,1,98,,99411,6,,,1,30,,99420,6,,,1,71,,99403,6,,,1,30,,99432,6,,,1,77,,99426,6,,,1,25,,99415,6,,,1,70,,99433,6,,,1,30,,99428,6,,,1,70,,99425,6,,,1,30,,99405,6,,,1,70,,99417,6,,,1,30,,99394,6,,,1,70,,99418,6,,,1,30,,99440,6,,,1,72,,99400,6,,,1,20,,99422,6,,,1,25,,99435,6,,,1,68,,99438,6,,,1
10500,'11',514,,99478,6,,,1,26,,99483,6,,,1,67,,99471,6,,,1,25,,99445,6,,,1,73,,99474,6,,,1,30,,99486,6,,,1,71,,99444,6,,,1,27,,99442,6,,,1,68,,99461,6,,,1,31,,99443,6,,,1,70,,99463,6,,,1,30,,99446,6,,,1,70,,99453,6,,,1,30,,99459,6,,,1,70,,99460,6,,,1,30,,99468,6,,,1,70,,99477,6,,,1,30,,99456,6,,,1,70,,99455,6,,,1,100,,99466,6,,,1,29,,99451,6,,,1,72,,99470,6,,,1,98,,99458,6,,,1,30,,99467,6,,,1,71,,99450,6,,,1,30,,99479,6,,,1,77,,99473,6,,,1,25,,99462,6,,,1,70,,99480,6,,,1,30,,99475,6,,,1,70,,99472,6,,,1,30,,99452,6,,,1,70,,99464,6,,,1,30,,99441,6,,,1,70,,99465,6,,,1,30,,99487,6,,,1,72,,99447,6,,,1,20,,99469,6,,,1,25,,99482,6,,,1,68,,99485,6,,,1
10500,'12',514,,99525,6,,,1,26,,99530,6,,,1,67,,99518,6,,,1,25,,99492,6,,,1,73,,99521,6,,,1,30,,99533,6,,,1,71,,99491,6,,,1,27,,99489,6,,,1,68,,99508,6,,,1,31,,99490,6,,,1,70,,99510,6,,,1,30,,99493,6,,,1,70,,99500,6,,,1,30,,99506,6,,,1,70,,99507,6,,,1,30,,99515,6,,,1,70,,99524,6,,,1,30,,99503,6,,,1,70,,99502,6,,,1,100,,99513,6,,,1,29,,99498,6,,,1,72,,99517,6,,,1,98,,99505,6,,,1,30,,99514,6,,,1,71,,99497,6,,,1,30,,99526,6,,,1,77,,99520,6,,,1,25,,99509,6,,,1,70,,99527,6,,,1,30,,99522,6,,,1,70,,99519,6,,,1,30,,99499,6,,,1,70,,99511,6,,,1,30,,99488,6,,,1,70,,99512,6,,,1,30,,99534,6,,,1,72,,99494,6,,,1,20,,99516,6,,,1,25,,99529,6,,,1,68,,99532,6,,,1
10500,'13',514,,99547,6,,,1,26,,99565,6,,,1,67,,99554,6,,,1,25,,99557,6,,,1,73,,99576,6,,,1,30,,99563,6,,,1,71,,99567,6,,,1,27,,99580,6,,,1,68,,99578,6,,,1,31,,99536,6,,,1,70,,99555,6,,,1,30,,99541,6,,,1,70,,99570,6,,,1,30,,99553,6,,,1,70,,99548,6,,,1,30,,99551,6,,,1,70,,99550,6,,,1,30,,99546,6,,,1,70,,99542,6,,,1,30,,99564,6,,,1,70,,99575,6,,,1,29,,99583,6,,,1,72,,99556,6,,,1,28,,99560,6,,,1,70,,99552,6,,,1,30,,99581,6,,,1,71,,99574,6,,,1,30,,99573,6,,,1,77,,99579,6,,,1,25,,99558,6,,,1,70,,99543,6,,,1,30,,99538,6,,,1,70,,99566,6,,,1,30,,99537,6,,,1,70,,99559,6,,,1,30,,99540,6,,,1,70,,99572,6,,,1,30,,99582,6,,,1,72,,99549,6,,,1,20,,99571,6,,,1,25,,99562,6,,,1,68,,99561,6,,,1
10500,'14',610,,99621,6,,,1,35,,99599,6,,,1,70,,99626,6,,,1,30,,99588,6,,,1,70,,99602,6,,,1,30,,99613,6,,,1,70,,99604,6,,,1,30,,99587,6,,,1,70,,99614,6,,,1,30,,99595,6,,,1,71,,99594,6,,,1,30,,99615,6,,,1,70,,99600,6,,,1,30,,99589,6,,,1,70,,99625,6,,,1,30,,99628,6,,,1,70,,99630,6,,,1,30,,99597,6,,,1,70,,99618,6,,,1,30,,99624,6,,,1,70,,99622,6,,,1,30,,99601,6,,,1,70,,99607,6,,,1,30,,99590,6,,,1,70,,99593,6,,,1,30,,99616,6,,,1,71,,99591,6,,,1,30,,99619,6,,,1,70,,99631,6,,,1,30,,99606,6,,,1,71,,99627,6,,,1,30,,99603,6,,,1,71,,99609,6,,,1,30,,99629,6,,,1,70,,99598,6,,,1,30,,99584,6,,,1,72,,99596,6,,,1,32,,99608,6,,,1,70,,99611,6,,,1,30,,99610,6,,,1,70,,99623,6,,,1
10500,'15',514,,99669,6,,,1,26,,99674,6,,,1,67,,99662,6,,,1,25,,99636,6,,,1,73,,99665,6,,,1,30,,99677,6,,,1,71,,99635,6,,,1,27,,99633,6,,,1,68,,99652,6,,,1,31,,99634,6,,,1,70,,99654,6,,,1,30,,99637,6,,,1,70,,99644,6,,,1,30,,99650,6,,,1,70,,99651,6,,,1,30,,99659,6,,,1,70,,99668,6,,,1,30,,99647,6,,,1,70,,99646,6,,,1,100,,99657,6,,,1,29,,99642,6,,,1,72,,99661,6,,,1,98,,99649,6,,,1,30,,99658,6,,,1,71,,99641,6,,,1,30,,99670,6,,,1,77,,99664,6,,,1,25,,99653,6,,,1,70,,99671,6,,,1,30,,99666,6,,,1,70,,99663,6,,,1,30,,99643,6,,,1,70,,99655,6,,,1,30,,99632,6,,,1,70,,99656,6,,,1,30,,99678,6,,,1,72,,99638,6,,,1,20,,99660,6,,,1,25,,99673,6,,,1,68,,99676,6,,,1
10500,'16',514,,99716,6,,,1,26,,99721,6,,,1,67,,99709,6,,,1,25,,99683,6,,,1,73,,99712,6,,,1,30,,99724,6,,,1,71,,99682,6,,,1,27,,99680,6,,,1,68,,99699,6,,,1,31,,99681,6,,,1,70,,99701,6,,,1,30,,99684,6,,,1,70,,99691,6,,,1,30,,99697,6,,,1,70,,99698,6,,,1,30,,99706,6,,,1,70,,99715,6,,,1,30,,99694,6,,,1,70,,99693,6,,,1,100,,99704,6,,,1,29,,99689,6,,,1,72,,99708,6,,,1,98,,99696,6,,,1,30,,99705,6,,,1,71,,99688,6,,,1,30,,99717,6,,,1,77,,99711,6,,,1,25,,99700,6,,,1,70,,99718,6,,,1,30,,99713,6,,,1,70,,99710,6,,,1,30,,99690,6,,,1,70,,99702,6,,,1,30,,99679,6,,,1,70,,99703,6,,,1,30,,99725,6,,,1,72,,99685,6,,,1,20,,99707,6,,,1,25,,99720,6,,,1,68,,99723,6,,,1
10500,'17',514,,99738,6,,,1,26,,99756,6,,,1,67,,99745,6,,,1,25,,99748,6,,,1,73,,99767,6,,,1,30,,99754,6,,,1,71,,99758,6,,,1,27,,99771,6,,,1,68,,99769,6,,,1,31,,99727,6,,,1,70,,99746,6,,,1,30,,99732,6,,,1,70,,99761,6,,,1,30,,99744,6,,,1,70,,99739,6,,,1,30,,99742,6,,,1,70,,99741,6,,,1,30,,99737,6,,,1,70,,99733,6,,,1,30,,99755,6,,,1,70,,99766,6,,,1,29,,99774,6,,,1,72,,99747,6,,,1,28,,99751,6,,,1,70,,99743,6,,,1,30,,99772,6,,,1,71,,99765,6,,,1,30,,99764,6,,,1,77,,99770,6,,,1,25,,99749,6,,,1,70,,99734,6,,,1,30,,99729,6,,,1,70,,99757,6,,,1,30,,99728,6,,,1,70,,99750,6,,,1,30,,99731,6,,,1,70,,99763,6,,,1,30,,99773,6,,,1,72,,99740,6,,,1,20,,99762,6,,,1,25,,99753,6,,,1,68,,99752,6,,,1
10500,'18',514,,99822,6,,,1,26,,99784,6,,,1,67,,99818,6,,,1,25,,99795,6,,,1,73,,99791,6,,,1,30,,99810,6,,,1,71,,99819,6,,,1,27,,99780,6,,,1,68,,99777,6,,,1,31,,99817,6,,,1,70,,99798,6,,,1,30,,99799,6,,,1,70,,99792,6,,,1,30,,99815,6,,,1,70,,99821,6,,,1,30,,99802,6,,,1,70,,99796,6,,,1,30,,99778,6,,,1,70,,99793,6,,,1,30,,99785,6,,,1,70,,99820,6,,,1,29,,99775,6,,,1,72,,99797,6,,,1,28,,99783,6,,,1,70,,99781,6,,,1,30,,99812,6,,,1,71,,99800,6,,,1,30,,99805,6,,,1,77,,99801,6,,,1,25,,99811,6,,,1,70,,99808,6,,,1,30,,99806,6,,,1,70,,99804,6,,,1,30,,99789,6,,,1,70,,99786,6,,,1,30,,99788,6,,,1,70,,99790,6,,,1,30,,99816,6,,,1,72,,99813,6,,,1,20,,99779,6,,,1,25,,99782,6,,,1,68,,99787,6,,,1
10500,'19',514,,99836,6,,,1,26,,99854,6,,,1,67,,99843,6,,,1,25,,99846,6,,,1,73,,99865,6,,,1,30,,99852,6,,,1,71,,99856,6,,,1,27,,99869,6,,,1,68,,99867,6,,,1,31,,99825,6,,,1,70,,99844,6,,,1,30,,99830,6,,,1,70,,99859,6,,,1,30,,99842,6,,,1,70,,99837,6,,,1,30,,99840,6,,,1,70,,99839,6,,,1,30,,99835,6,,,1,70,,99831,6,,,1,30,,99853,6,,,1,70,,99864,6,,,1,29,,99872,6,,,1,72,,99845,6,,,1,28,,99849,6,,,1,70,,99841,6,,,1,30,,99870,6,,,1,71,,99863,6,,,1,30,,99862,6,,,1,77,,99868,6,,,1,25,,99847,6,,,1,70,,99832,6,,,1,30,,99827,6,,,1,70,,99855,6,,,1,30,,99826,6,,,1,70,,99848,6,,,1,30,,99829,6,,,1,70,,99861,6,,,1,30,,99871,6,,,1,72,,99838,6,,,1,20,,99860,6,,,1,25,,99851,6,,,1,68,,99850,6,,,1
10500,'2',822,,99883,6,,,1,30,,99894,6,,,1,70,,99893,6,,,1,30,,99920,6,,,1,69,,99903,6,,,1,30,,99882,6,,,1,70,,99918,6,,,1,30,,99891,6,,,1,70,,99875,6,,,1,30,,99888,6,,,1,70,,99896,6,,,1,30,,99879,6,,,1,70,,99884,6,,,1,30,,99892,6,,,1,70,,99887,6,,,1,30,,99889,6,,,1,70,,99901,6,,,1,30,,99912,6,,,1,69,,99910,6,,,1,30,,99899,6,,,1,70,,99914,6,,,1,30,,99885,6,,,1,70,,99895,6,,,1,30,,99886,6,,,1,70,,99878,6,,,1,30,,99904,6,,,1,70,,99898,6,,,1,30,,99908,6,,,1,70,,99874,6,,,1,30,,99906,6,,,1,70,,99907,6,,,1
10500,'3',514,,99958,6,,,1,26,,99963,6,,,1,67,,99951,6,,,1,25,,99925,6,,,1,73,,99954,6,,,1,30,,99966,6,,,1,71,,99924,6,,,1,27,,99922,6,,,1,68,,99941,6,,,1,31,,99923,6,,,1,70,,99943,6,,,1,30,,99926,6,,,1,70,,99933,6,,,1,30,,99939,6,,,1,70,,99940,6,,,1,30,,99948,6,,,1,70,,99957,6,,,1,30,,99936,6,,,1,70,,99935,6,,,1,100,,99946,6,,,1,29,,99931,6,,,1,72,,99950,6,,,1,98,,99938,6,,,1,30,,99947,6,,,1,71,,99930,6,,,1,30,,99959,6,,,1,77,,99953,6,,,1,25,,99942,6,,,1,70,,99960,6,,,1,30,,99955,6,,,1,70,,99952,6,,,1,30,,99932,6,,,1,70,,99944,6,,,1,30,,99921,6,,,1,70,,99945,6,,,1,30,,99967,6,,,1,72,,99927,6,,,1,20,,99949,6,,,1,25,,99962,6,,,1,68,,99965,6,,,1
10500,'4',514,,100005,6,,,1,26,,100010,6,,,1,67,,99998,6,,,1,25,,99972,6,,,1,73,,100001,6,,,1,30,,100013,6,,,1,71,,99971,6,,,1,27,,99969,6,,,1,68,,99988,6,,,1,31,,99970,6,,,1,70,,99990,6,,,1,30,,99973,6,,,1,70,,99980,6,,,1,30,,99986,6,,,1,70,,99987,6,,,1,30,,99995,6,,,1,70,,100004,6,,,1,30,,99983,6,,,1,70,,99982,6,,,1,100,,99993,6,,,1,29,,99978,6,,,1,72,,99997,6,,,1,98,,99985,6,,,1,30,,99994,6,,,1,71,,99977,6,,,1,30,,100006,6,,,1,77,,100000,6,,,1,25,,99989,6,,,1,70,,100007,6,,,1,30,,100002,6,,,1,70,,99999,6,,,1,30,,99979,6,,,1,70,,99991,6,,,1,30,,99968,6,,,1,70,,99992,6,,,1,30,,100014,6,,,1,72,,99974,6,,,1,20,,99996,6,,,1,25,,100009,6,,,1,68,,100012,6,,,1
10500,'5',514,,100027,6,,,1,26,,100045,6,,,1,67,,100034,6,,,1,25,,100037,6,,,1,73,,100056,6,,,1,30,,100043,6,,,1,71,,100047,6,,,1,27,,100060,6,,,1,68,,100058,6,,,1,31,,100016,6,,,1,70,,100035,6,,,1,30,,100021,6,,,1,70,,100050,6,,,1,30,,100033,6,,,1,70,,100028,6,,,1,30,,100031,6,,,1,70,,100030,6,,,1,30,,100026,6,,,1,70,,100022,6,,,1,30,,100044,6,,,1,70,,100055,6,,,1,29,,100063,6,,,1,72,,100036,6,,,1,28,,100040,6,,,1,70,,100032,6,,,1,30,,100061,6,,,1,71,,100054,6,,,1,30,,100053,6,,,1,77,,100059,6,,,1,25,,100038,6,,,1,70,,100023,6,,,1,30,,100018,6,,,1,70,,100046,6,,,1,30,,100017,6,,,1,70,,100039,6,,,1,30,,100020,6,,,1,70,,100052,6,,,1,30,,100062,6,,,1,72,,100029,6,,,1,20,,100051,6,,,1,25,,100042,6,,,1,68,,100041,6,,,1
10500,'6',514,,100101,6,,,1,26,,100106,6,,,1,67,,100094,6,,,1,25,,100068,6,,,1,73,,100097,6,,,1,30,,100109,6,,,1,71,,100067,6,,,1,27,,100065,6,,,1,68,,100084,6,,,1,31,,100066,6,,,1,70,,100086,6,,,1,30,,100069,6,,,1,70,,100076,6,,,1,30,,100082,6,,,1,70,,100083,6,,,1,30,,100091,6,,,1,70,,100100,6,,,1,30,,100079,6,,,1,70,,100078,6,,,1,100,,100089,6,,,1,29,,100074,6,,,1,72,,100093,6,,,1,98,,100081,6,,,1,30,,100090,6,,,1,71,,100073,6,,,1,30,,100102,6,,,1,77,,100096,6,,,1,25,,100085,6,,,1,70,,100103,6,,,1,30,,100098,6,,,1,70,,100095,6,,,1,30,,100075,6,,,1,70,,100087,6,,,1,30,,100064,6,,,1,70,,100088,6,,,1,30,,100110,6,,,1,72,,100070,6,,,1,20,,100092,6,,,1,25,,100105,6,,,1,68,,100108,6,,,1
10500,'7',514,,100123,6,,,1,26,,100141,6,,,1,67,,100130,6,,,1,25,,100133,6,,,1,73,,100152,6,,,1,30,,100139,6,,,1,71,,100143,6,,,1,27,,100156,6,,,1,68,,100154,6,,,1,31,,100112,6,,,1,70,,100131,6,,,1,30,,100117,6,,,1,70,,100146,6,,,1,30,,100129,6,,,1,70,,100124,6,,,1,30,,100127,6,,,1,70,,100126,6,,,1,30,,100122,6,,,1,70,,100118,6,,,1,30,,100140,6,,,1,70,,100151,6,,,1,29,,100159,6,,,1,72,,100132,6,,,1,28,,100136,6,,,1,70,,100128,6,,,1,30,,100157,6,,,1,71,,100150,6,,,1,30,,100149,6,,,1,77,,100155,6,,,1,25,,100134,6,,,1,70,,100119,6,,,1,30,,100114,6,,,1,70,,100142,6,,,1,30,,100113,6,,,1,70,,100135,6,,,1,30,,100116,6,,,1,70,,100148,6,,,1,30,,100158,6,,,1,72,,100125,6,,,1,20,,100147,6,,,1,25,,100138,6,,,1,68,,100137,6,,,1
10500,'8',610,,100197,6,,,1,35,,100175,6,,,1,70,,100202,6,,,1,30,,100164,6,,,1,70,,100178,6,,,1,30,,100189,6,,,1,70,,100180,6,,,1,30,,100163,6,,,1,70,,100190,6,,,1,30,,100171,6,,,1,71,,100170,6,,,1,30,,100191,6,,,1,70,,100176,6,,,1,30,,100165,6,,,1,70,,100201,6,,,1,30,,100204,6,,,1,70,,100206,6,,,1,30,,100173,6,,,1,70,,100194,6,,,1,30,,100200,6,,,1,70,,100198,6,,,1,30,,100177,6,,,1,70,,100183,6,,,1,30,,100166,6,,,1,70,,100169,6,,,1,30,,100192,6,,,1,71,,100167,6,,,1,30,,100195,6,,,1,70,,100207,6,,,1,30,,100182,6,,,1,71,,100203,6,,,1,30,,100179,6,,,1,71,,100185,6,,,1,30,,100205,6,,,1,70,,100174,6,,,1,30,,100160,6,,,1,72,,100172,6,,,1,32,,100184,6,,,1,70,,100187,6,,,1,30,,100186,6,,,1,70,,100199,6,,,1
10500,'9',822,,100218,6,,,1,30,,100229,6,,,1,70,,100228,6,,,1,30,,100255,6,,,1,69,,100238,6,,,1,30,,100217,6,,,1,70,,100253,6,,,1,30,,100226,6,,,1,70,,100210,6,,,1,30,,100223,6,,,1,70,,100231,6,,,1,30,,100214,6,,,1,70,,100219,6,,,1,30,,100227,6,,,1,70,,100222,6,,,1,30,,100224,6,,,1,70,,100236,6,,,1,30,,100247,6,,,1,69,,100245,6,,,1,30,,100234,6,,,1,70,,100249,6,,,1,30,,100220,6,,,1,70,,100230,6,,,1,30,,100221,6,,,1,70,,100213,6,,,1,30,,100239,6,,,1,70,,100233,6,,,1,30,,100243,6,,,1,70,,100209,6,,,1,30,,100241,6,,,1,70,,100242,6,,,1
