8101,'1',613,,351241,3,,,0,30,,351238,3,,,0,70,,351220,3,,,0,30,,351232,3,,,0,70,,242474,3,,,0,30,,351244,3,,,0,70,,351235,3,,,0,27,,351222,3,,,0,70,,351231,3,,,0,30,,351237,3,,,0,70,,351223,3,,,0,30,,293661,3,,,0,70,,351224,3,,,0,30,,351242,3,,,0,70,,351225,3,,,0,30,,351239,3,,,0,70,,257267,3,,,0,31,,351221,3,,,0,70,,351233,3,,,0,29,,250770,3,,,0,76,,351226,3,,,0,32,,351243,3,,,0,70,,351229,3,,,0,29,,351246,3,,,0,68,,351219,3,,,0,30,,351228,3,,,0,70,,351240,3,,,0,25,,248943,3,,,0,70,,351236,3,,,0,30,,351234,3,,,0,70,,351245,3,,,0,30,,351227,3,,,0,70,,351230,3,,,0,30,,294653,3,,,0,100,,288015,3,,,0
8101,'10',628,,351268,3,,,0,100,,238178,3,,,0,30,,351269,3,,,0,70,,351257,3,,,0,30,,351251,3,,,0,70,,351261,3,,,0,30,,351254,3,,,0,70,,266983,3,,,0,30,,351250,3,,,0,70,,351249,3,,,0,30,,351262,3,,,0,70,,351270,3,,,0,30,,287288,3,,,0,70,,351263,3,,,0,30,,351253,3,,,0,70,,351255,3,,,0,30,,351247,3,,,0,70,,351266,3,,,0,30,,351265,3,,,0,70,,351258,3,,,0,30,,351252,3,,,0,70,,351260,3,,,0,30,,351259,3,,,0,70,,351256,3,,,0,30,,351248,3,,,0,70,,351271,3,,,0,100,,259654,3,,,0,100,,351264,3,,,0,100,,351267,3,,,0,100,,292044,3,,,0,100,,261615,3,,,0
8101,'11',613,,351290,3,,,0,30,,351292,3,,,0,70,,235373,3,,,0,30,,351278,3,,,0,100,,351283,3,,,0,70,,351275,3,,,0,27,,351300,3,,,0,70,,351280,3,,,0,30,,351286,3,,,0,70,,351274,3,,,0,30,,351282,3,,,0,70,,351296,3,,,0,30,,351295,3,,,0,70,,236551,3,,,0,30,,351298,3,,,0,70,,351285,3,,,0,29,,351281,3,,,0,72,,266426,3,,,0,32,,351291,3,,,0,73,,351289,3,,,0,34,,351284,3,,,0,97,,351287,3,,,0,68,,351299,3,,,0,30,,351294,3,,,0,70,,351279,3,,,0,25,,351276,3,,,0,70,,351293,3,,,0,30,,351288,3,,,0,70,,351272,3,,,0,30,,351297,3,,,0,70,,351277,3,,,0,30,,259733,3,,,0,100,,351273,3,,,0
8101,'12',826,,351316,3,,,0,30,,351310,3,,,0,70,,242991,3,,,0,30,,351321,3,,,0,70,,351306,3,,,0,30,,351309,3,,,0,70,,351312,3,,,0,30,,351311,3,,,0,70,,351323,3,,,0,30,,219718,3,,,0,70,,351313,3,,,0,30,,351303,3,,,0,70,,351304,3,,,0,30,,351308,3,,,0,70,,351319,3,,,0,30,,351318,3,,,0,70,,351317,3,,,0,30,,351307,3,,,0,70,,351302,3,,,0,30,,351314,3,,,0,70,,351305,3,,,0,100,,351320,3,,,0,100,,351324,3,,,0,100,,351315,3,,,0,100,,351322,3,,,0,100,,351301,3,,,0
8101,'13',613,,351343,3,,,0,30,,351345,3,,,0,70,,235438,3,,,0,30,,351331,3,,,0,100,,351336,3,,,0,70,,351328,3,,,0,27,,351353,3,,,0,70,,351333,3,,,0,30,,351339,3,,,0,70,,351327,3,,,0,30,,351335,3,,,0,70,,351349,3,,,0,30,,351348,3,,,0,70,,236615,3,,,0,30,,351351,3,,,0,70,,351338,3,,,0,29,,351334,3,,,0,72,,266472,3,,,0,32,,351344,3,,,0,73,,351342,3,,,0,34,,351337,3,,,0,97,,351340,3,,,0,68,,351352,3,,,0,30,,351347,3,,,0,70,,351332,3,,,0,25,,351329,3,,,0,70,,351346,3,,,0,30,,351341,3,,,0,70,,351325,3,,,0,30,,351350,3,,,0,70,,351330,3,,,0,30,,259772,3,,,0,100,,351326,3,,,0
8101,'14',613,,351372,3,,,0,30,,351374,3,,,0,70,,235716,3,,,0,30,,351360,3,,,0,100,,351365,3,,,0,70,,351357,3,,,0,27,,351382,3,,,0,70,,351362,3,,,0,30,,351368,3,,,0,70,,351356,3,,,0,30,,351364,3,,,0,70,,351378,3,,,0,30,,351377,3,,,0,70,,236891,3,,,0,30,,351380,3,,,0,70,,351367,3,,,0,29,,351363,3,,,0,72,,266661,3,,,0,32,,351373,3,,,0,73,,351371,3,,,0,34,,351366,3,,,0,97,,351369,3,,,0,68,,351381,3,,,0,30,,351376,3,,,0,70,,351361,3,,,0,25,,351358,3,,,0,70,,351375,3,,,0,30,,351370,3,,,0,70,,351354,3,,,0,30,,351379,3,,,0,70,,351359,3,,,0,30,,259928,3,,,0,100,,351355,3,,,0
8101,'15',826,,351393,3,,,0,30,,279824,3,,,0,70,,351397,3,,,0,30,,351398,3,,,0,70,,276680,3,,,0,30,,351389,3,,,0,70,,351390,3,,,0,30,,216811,3,,,0,70,,351400,3,,,0,30,,351387,3,,,0,70,,351391,3,,,0,30,,264937,3,,,0,70,,351385,3,,,0,30,,279018,3,,,0,70,,351396,3,,,0,30,,351395,3,,,0,70,,351394,3,,,0,30,,351388,3,,,0,70,,351384,3,,,0,30,,351392,3,,,0,70,,351386,3,,,0,100,,212323,3,,,0,100,,351401,3,,,0,100,,291189,3,,,0,100,,351399,3,,,0,100,,351383,3,,,0
8101,'16',628,,351422,3,,,0,100,,351423,3,,,0,30,,351424,3,,,0,70,,219632,3,,,0,30,,351406,3,,,0,70,,240543,3,,,0,30,,351408,3,,,0,70,,351416,3,,,0,30,,351405,3,,,0,70,,351404,3,,,0,30,,351415,3,,,0,70,,351425,3,,,0,30,,351414,3,,,0,70,,351417,3,,,0,30,,351407,3,,,0,70,,273072,3,,,0,30,,351402,3,,,0,70,,351420,3,,,0,30,,351419,3,,,0,70,,351411,3,,,0,30,,214711,3,,,0,70,,210965,3,,,0,30,,351412,3,,,0,70,,351409,3,,,0,30,,351403,3,,,0,70,,351426,3,,,0,100,,351413,3,,,0,100,,351418,3,,,0,100,,351421,3,,,0,100,,351427,3,,,0,100,,351410,3,,,0
8101,'2',613,,351446,3,,,0,30,,351448,3,,,0,70,,351441,3,,,0,30,,351433,3,,,0,100,,351438,3,,,0,70,,351430,3,,,0,27,,270081,3,,,0,70,,351435,3,,,0,30,,351440,3,,,0,70,,188993,3,,,0,30,,249527,3,,,0,70,,218473,3,,,0,30,,351450,3,,,0,70,,351442,3,,,0,30,,351452,3,,,0,70,,351439,3,,,0,29,,351437,3,,,0,72,,351431,3,,,0,32,,351447,3,,,0,73,,351445,3,,,0,34,,276367,3,,,0,97,,351443,3,,,0,68,,191491,3,,,0,30,,351449,3,,,0,70,,351434,3,,,0,25,,46129,3,,,0,70,,170282,3,,,0,30,,351444,3,,,0,70,,351428,3,,,0,30,,351451,3,,,0,70,,351432,3,,,0,30,,351436,3,,,0,100,,351429,3,,,0
8101,'3',613,,351473,3,,,0,30,,351475,3,,,0,70,,351468,3,,,0,30,,351459,3,,,0,100,,254738,3,,,0,70,,351455,3,,,0,27,,351482,3,,,0,70,,351461,3,,,0,30,,351467,3,,,0,70,,351454,3,,,0,30,,351464,3,,,0,70,,351479,3,,,0,30,,351478,3,,,0,70,,351469,3,,,0,30,,282996,3,,,0,70,,351466,3,,,0,29,,351463,3,,,0,72,,351457,3,,,0,32,,351474,3,,,0,73,,351472,3,,,0,34,,351465,3,,,0,97,,351470,3,,,0,68,,351481,3,,,0,30,,351477,3,,,0,70,,351460,3,,,0,25,,351456,3,,,0,70,,351476,3,,,0,30,,351471,3,,,0,70,,210996,3,,,0,30,,351480,3,,,0,70,,351458,3,,,0,30,,351462,3,,,0,100,,351453,3,,,0
8101,'4',613,,351487,3,,,0,28,,351503,3,,,0,72,,351497,3,,,0,30,,351506,3,,,0,70,,351498,3,,,0,30,,351504,3,,,0,70,,351495,3,,,0,27,,351501,3,,,0,70,,351491,3,,,0,30,,351500,3,,,0,70,,351490,3,,,0,30,,245175,3,,,0,70,,351486,3,,,0,30,,351502,3,,,0,70,,351499,3,,,0,30,,241051,3,,,0,70,,351505,3,,,0,29,,351483,3,,,0,72,,351494,3,,,0,29,,351492,3,,,0,74,,289675,3,,,0,34,,351488,3,,,0,70,,165720,3,,,0,29,,226392,3,,,0,68,,351484,3,,,0,30,,254489,3,,,0,70,,80239,3,,,0,25,,351507,3,,,0,70,,351489,3,,,0,30,,351493,3,,,0,70,,351508,3,,,0,30,,351496,3,,,0,70,,351485,3,,,0,30,,242562,3,,,0,100,,256918,3,,,0
8101,'5',613,,351529,3,,,0,30,,351531,3,,,0,70,,351524,3,,,0,30,,351515,3,,,0,100,,254815,3,,,0,70,,351511,3,,,0,27,,351538,3,,,0,70,,351517,3,,,0,30,,351523,3,,,0,70,,351510,3,,,0,30,,351520,3,,,0,70,,351535,3,,,0,30,,351534,3,,,0,70,,351525,3,,,0,30,,283109,3,,,0,70,,351522,3,,,0,29,,351519,3,,,0,72,,351513,3,,,0,32,,351530,3,,,0,73,,351528,3,,,0,34,,351521,3,,,0,97,,351526,3,,,0,68,,351537,3,,,0,30,,351533,3,,,0,70,,351516,3,,,0,25,,351512,3,,,0,70,,351532,3,,,0,30,,351527,3,,,0,70,,211155,3,,,0,30,,351536,3,,,0,70,,351514,3,,,0,30,,351518,3,,,0,100,,351509,3,,,0
8101,'6',613,,351557,3,,,0,30,,351559,3,,,0,70,,234979,3,,,0,30,,351545,3,,,0,100,,351550,3,,,0,70,,351542,3,,,0,27,,351567,3,,,0,70,,351547,3,,,0,30,,351553,3,,,0,70,,351541,3,,,0,30,,351549,3,,,0,70,,351563,3,,,0,30,,351562,3,,,0,70,,236164,3,,,0,30,,351565,3,,,0,70,,351552,3,,,0,29,,351548,3,,,0,72,,266165,3,,,0,32,,351558,3,,,0,73,,351556,3,,,0,34,,351551,3,,,0,97,,351554,3,,,0,68,,351566,3,,,0,30,,351561,3,,,0,70,,351546,3,,,0,25,,351543,3,,,0,70,,351560,3,,,0,30,,351555,3,,,0,70,,351539,3,,,0,30,,351564,3,,,0,70,,351544,3,,,0,30,,259520,3,,,0,100,,351540,3,,,0
8101,'7',613,,351586,3,,,0,30,,351588,3,,,0,70,,351581,3,,,0,30,,351573,3,,,0,100,,351578,3,,,0,70,,351570,3,,,0,27,,269937,3,,,0,70,,351575,3,,,0,30,,351580,3,,,0,70,,189077,3,,,0,30,,249431,3,,,0,70,,218307,3,,,0,30,,351590,3,,,0,70,,351582,3,,,0,30,,351592,3,,,0,70,,351579,3,,,0,29,,351577,3,,,0,72,,351571,3,,,0,32,,351587,3,,,0,73,,351585,3,,,0,34,,276252,3,,,0,97,,351583,3,,,0,68,,95360,3,,,0,30,,351589,3,,,0,70,,351574,3,,,0,25,,175615,3,,,0,70,,170373,3,,,0,30,,351584,3,,,0,70,,351568,3,,,0,30,,351591,3,,,0,70,,351572,3,,,0,30,,351576,3,,,0,100,,351569,3,,,0
8101,'8',826,,351608,3,,,0,30,,351602,3,,,0,70,,243603,3,,,0,30,,351613,3,,,0,70,,351598,3,,,0,30,,351601,3,,,0,70,,351604,3,,,0,30,,351603,3,,,0,70,,351615,3,,,0,30,,220235,3,,,0,70,,351605,3,,,0,30,,351595,3,,,0,70,,351596,3,,,0,30,,351600,3,,,0,70,,351611,3,,,0,30,,351610,3,,,0,70,,351609,3,,,0,30,,351599,3,,,0,70,,351594,3,,,0,30,,351606,3,,,0,70,,351597,3,,,0,100,,351612,3,,,0,100,,351616,3,,,0,100,,351607,3,,,0,100,,351614,3,,,0,100,,351593,3,,,0
8101,'9',613,,351635,3,,,0,30,,351637,3,,,0,70,,234798,3,,,0,30,,351623,3,,,0,100,,351628,3,,,0,70,,351620,3,,,0,27,,351645,3,,,0,70,,351625,3,,,0,30,,351631,3,,,0,70,,351619,3,,,0,30,,351627,3,,,0,70,,351641,3,,,0,30,,351640,3,,,0,70,,235977,3,,,0,30,,351643,3,,,0,70,,351630,3,,,0,29,,351626,3,,,0,72,,266045,3,,,0,32,,351636,3,,,0,73,,351634,3,,,0,34,,351629,3,,,0,97,,351632,3,,,0,68,,351644,3,,,0,30,,351639,3,,,0,70,,351624,3,,,0,25,,351621,3,,,0,70,,351638,3,,,0,30,,351633,3,,,0,70,,351617,3,,,0,30,,351642,3,,,0,70,,351622,3,,,0,30,,259420,3,,,0,100,,351618,3,,,0
