3900,'12',814,,234774,8,0,29,1,97,,234792,8,0,29,1
3900,'14',816,,234902,8,0,29,1,95,,234887,8,0,29,1
3900,'15',814,,234955,8,0,29,1,97,,234973,8,0,29,1
3900,'17',816,,235096,8,0,29,1,95,,235081,8,0,29,1
3900,'18',816,,235158,8,0,29,1,95,,235143,8,0,29,1
3900,'2',816,,235219,8,0,29,1,95,,19193,8,0,29,1
3900,'3',814,,235283,8,0,29,1,97,,235298,8,0,29,1
3900,'4',814,,235349,8,0,29,1,97,,235367,8,0,29,1
3900,'5',814,,235414,8,0,29,1,97,,235432,8,0,29,1
3900,'7',816,,235540,8,0,29,1,95,,235530,8,0,29,1
3900,'8',812,,235616,8,0,29,1,99,,235674,8,0,29,1
3900,'9',814,,235692,8,0,29,1,97,,235710,8,0,29,1
