4200,'1',529,,326822,15,,,0,102,,326821,15,,,0,26,,159072,15,,,0,74,,326808,15,,,0,72,,326805,15,,,0,31,,181792,15,,,0,69,,326807,15,,,0,26,,292008,15,,,0,30,,326818,15,,,0,70,,326809,15,,,0,30,,326823,15,,,0,70,,326826,15,,,0,30,,138324,15,,,0,72,,264561,15,,,0,70,,244180,15,,,0,30,,326816,15,,,0,70,,133733,15,,,0,30,,326812,15,,,0,70,,326825,15,,,0,31,,326814,15,,,0,71,,326806,15,,,0,32,,326815,15,,,0,69,,326811,15,,,0,34,,326810,15,,,0,77,,326817,15,,,0,30,,326827,15,,,0,69,,326819,15,,,0,30,,326813,15,,,0,70,,326824,15,,,0,29,,264545,15,,,0,70,,326820,15,,,0
4200,'10',548,,326834,15,,,0,100,,326831,15,,,0,100,,326847,15,,,0,70,,326848,15,,,0,30,,232985,15,,,0,70,,326830,15,,,0,30,,326840,15,,,0,70,,326833,15,,,0,30,,326837,15,,,0,70,,326835,15,,,0,30,,326841,15,,,0,70,,326843,15,,,0,30,,326832,15,,,0,70,,326838,15,,,0,30,,326836,15,,,0,70,,326844,15,,,0,30,,326828,15,,,0,70,,326829,15,,,0,30,,326846,15,,,0,70,,326845,15,,,0,30,,215838,15,,,0,70,,326839,15,,,0,30,,273664,15,,,0,70,,326842,15,,,0,30,,326849,15,,,0
4200,'11',529,,326863,15,,,0,102,,326854,15,,,0,26,,326851,15,,,0,75,,326856,15,,,0,71,,326864,15,,,0,30,,326862,15,,,0,70,,326859,15,,,0,26,,326852,15,,,0,30,,326850,15,,,0,70,,326861,15,,,0,30,,257348,15,,,0,70,,326866,15,,,0,30,,326857,15,,,0,72,,326858,15,,,0,70,,280766,15,,,0,30,,326871,15,,,0,70,,326853,15,,,0,30,,191305,15,,,0,70,,326875,15,,,0,31,,326865,15,,,0,103,,326870,15,,,0,70,,326874,15,,,0,31,,326869,15,,,0,79,,326860,15,,,0,30,,326873,15,,,0,69,,326868,15,,,0,30,,326872,15,,,0,70,,326876,15,,,0,29,,326867,15,,,0,70,,326855,15,,,0
4200,'12',713,,326892,15,,,0,99,,326888,15,,,0,100,,326886,15,,,0,30,,326877,15,,,0,70,,326883,15,,,0,30,,326885,15,,,0,70,,326880,15,,,0,30,,326894,15,,,0,70,,326882,15,,,0,30,,326896,15,,,0,70,,326878,15,,,0,30,,326890,15,,,0,70,,326893,15,,,0,30,,326895,15,,,0,70,,326881,15,,,0,30,,326889,15,,,0,70,,326887,15,,,0,30,,326891,15,,,0,70,,326879,15,,,0,100,,326884,15,,,0
4200,'13',529,,326910,15,,,0,102,,326901,15,,,0,26,,326898,15,,,0,75,,326903,15,,,0,71,,326911,15,,,0,30,,326909,15,,,0,70,,326906,15,,,0,26,,326899,15,,,0,30,,326897,15,,,0,70,,326908,15,,,0,30,,257373,15,,,0,70,,326913,15,,,0,30,,326904,15,,,0,72,,326905,15,,,0,70,,280799,15,,,0,30,,326918,15,,,0,70,,326900,15,,,0,30,,190883,15,,,0,70,,326922,15,,,0,31,,326912,15,,,0,103,,326917,15,,,0,70,,326921,15,,,0,31,,326916,15,,,0,79,,326907,15,,,0,30,,326920,15,,,0,69,,326915,15,,,0,30,,326919,15,,,0,70,,326923,15,,,0,29,,326914,15,,,0,70,,326902,15,,,0
4200,'14',529,,326937,15,,,0,102,,326928,15,,,0,26,,326925,15,,,0,75,,326930,15,,,0,71,,326938,15,,,0,30,,326936,15,,,0,70,,326933,15,,,0,26,,326926,15,,,0,30,,326924,15,,,0,70,,326935,15,,,0,30,,257474,15,,,0,70,,326940,15,,,0,30,,326931,15,,,0,72,,326932,15,,,0,70,,280910,15,,,0,30,,326945,15,,,0,70,,326927,15,,,0,30,,191092,15,,,0,70,,326949,15,,,0,31,,326939,15,,,0,103,,326944,15,,,0,70,,326948,15,,,0,31,,326943,15,,,0,79,,326934,15,,,0,30,,326947,15,,,0,69,,326942,15,,,0,30,,326946,15,,,0,70,,326950,15,,,0,29,,326941,15,,,0,70,,326929,15,,,0
4200,'15',713,,326965,15,,,0,99,,326962,15,,,0,100,,326960,15,,,0,30,,326951,15,,,0,70,,326957,15,,,0,30,,326959,15,,,0,70,,326954,15,,,0,30,,326967,15,,,0,70,,326956,15,,,0,30,,326969,15,,,0,70,,326952,15,,,0,30,,196724,15,,,0,70,,326966,15,,,0,30,,326968,15,,,0,70,,326955,15,,,0,30,,326963,15,,,0,70,,326961,15,,,0,30,,326964,15,,,0,70,,326953,15,,,0,100,,326958,15,,,0
4200,'16',548,,175085,15,,,0,100,,326974,15,,,0,100,,262719,15,,,0,70,,326988,15,,,0,30,,326972,15,,,0,70,,326973,15,,,0,30,,326980,15,,,0,70,,227768,15,,,0,30,,326978,15,,,0,70,,279154,15,,,0,30,,326981,15,,,0,70,,326984,15,,,0,30,,326976,15,,,0,70,,326979,15,,,0,30,,326977,15,,,0,70,,326985,15,,,0,30,,326970,15,,,0,70,,326971,15,,,0,30,,326987,15,,,0,70,,326986,15,,,0,30,,326983,15,,,0,70,,221752,15,,,0,30,,326975,15,,,0,70,,326982,15,,,0,30,,326989,15,,,0
4200,'2',529,,327000,15,,,0,102,,326993,15,,,0,26,,326990,15,,,0,75,,326995,15,,,0,71,,327001,15,,,0,30,,165604,15,,,0,70,,326996,15,,,0,26,,326991,15,,,0,30,,223902,15,,,0,70,,284780,15,,,0,30,,327009,15,,,0,70,,327003,15,,,0,30,,250107,15,,,0,72,,224367,15,,,0,70,,326999,15,,,0,30,,327007,15,,,0,70,,326992,15,,,0,30,,326998,15,,,0,70,,327011,15,,,0,31,,327002,15,,,0,103,,327006,15,,,0,70,,327010,15,,,0,31,,327005,15,,,0,79,,326997,15,,,0,30,,167814,15,,,0,69,,327004,15,,,0,30,,327008,15,,,0,70,,327012,15,,,0,29,,223921,15,,,0,70,,326994,15,,,0
4200,'3',529,,327026,15,,,0,102,,327015,15,,,0,26,,102327,15,,,0,75,,327017,15,,,0,71,,327027,15,,,0,30,,327024,15,,,0,70,,327020,15,,,0,26,,251117,15,,,0,30,,327013,15,,,0,70,,327023,15,,,0,30,,327035,15,,,0,70,,327029,15,,,0,30,,327018,15,,,0,72,,327019,15,,,0,70,,327025,15,,,0,30,,327033,15,,,0,70,,327014,15,,,0,30,,327022,15,,,0,70,,224792,15,,,0,31,,327028,15,,,0,103,,234690,15,,,0,70,,290324,15,,,0,31,,327032,15,,,0,79,,327021,15,,,0,30,,327036,15,,,0,69,,327031,15,,,0,30,,327034,15,,,0,70,,327037,15,,,0,29,,327030,15,,,0,70,,327016,15,,,0
4200,'4',529,,327044,15,,,0,102,,327046,15,,,0,26,,327049,15,,,0,145,,327048,15,,,0,31,,327057,15,,,0,70,,327054,15,,,0,26,,327042,15,,,0,30,,327045,15,,,0,70,,223993,15,,,0,30,,327055,15,,,0,70,,327039,15,,,0,30,,327050,15,,,0,72,,327040,15,,,0,70,,286411,15,,,0,30,,327038,15,,,0,70,,327059,15,,,0,30,,327061,15,,,0,70,,327060,15,,,0,31,,327053,15,,,0,72,,327051,15,,,0,31,,327058,15,,,0,70,,327062,15,,,0,31,,327056,15,,,0,79,,327052,15,,,0,30,,327047,15,,,0,69,,327041,15,,,0,100,,327043,15,,,0,99,,278052,15,,,0
4200,'5',529,,327076,15,,,0,102,,327065,15,,,0,26,,270678,15,,,0,75,,327067,15,,,0,71,,327077,15,,,0,30,,327074,15,,,0,70,,327070,15,,,0,26,,251185,15,,,0,30,,327063,15,,,0,70,,327073,15,,,0,30,,327085,15,,,0,70,,327079,15,,,0,30,,327068,15,,,0,72,,327069,15,,,0,70,,327075,15,,,0,30,,327083,15,,,0,70,,327064,15,,,0,30,,327072,15,,,0,70,,224878,15,,,0,31,,327078,15,,,0,103,,234874,15,,,0,70,,290404,15,,,0,31,,327082,15,,,0,79,,327071,15,,,0,30,,327086,15,,,0,69,,327081,15,,,0,30,,327084,15,,,0,70,,327087,15,,,0,29,,327080,15,,,0,70,,327066,15,,,0
4200,'6',529,,327101,15,,,0,102,,327092,15,,,0,26,,327089,15,,,0,75,,327094,15,,,0,71,,327102,15,,,0,30,,327100,15,,,0,70,,327097,15,,,0,26,,327090,15,,,0,30,,327088,15,,,0,70,,327099,15,,,0,30,,257214,15,,,0,70,,327104,15,,,0,30,,327095,15,,,0,72,,327096,15,,,0,70,,280594,15,,,0,30,,327109,15,,,0,70,,327091,15,,,0,30,,191249,15,,,0,70,,327113,15,,,0,31,,327103,15,,,0,103,,327108,15,,,0,70,,327112,15,,,0,31,,327107,15,,,0,79,,327098,15,,,0,30,,327111,15,,,0,69,,327106,15,,,0,30,,327110,15,,,0,70,,327114,15,,,0,29,,327105,15,,,0,70,,327093,15,,,0
4200,'7',529,,327125,15,,,0,102,,327118,15,,,0,26,,327115,15,,,0,75,,327120,15,,,0,71,,327126,15,,,0,30,,165679,15,,,0,70,,327121,15,,,0,26,,327116,15,,,0,30,,223824,15,,,0,70,,284698,15,,,0,30,,327134,15,,,0,70,,327128,15,,,0,30,,250011,15,,,0,72,,224293,15,,,0,70,,327124,15,,,0,30,,327132,15,,,0,70,,327117,15,,,0,30,,327123,15,,,0,70,,327136,15,,,0,31,,327127,15,,,0,103,,327131,15,,,0,70,,327135,15,,,0,31,,327130,15,,,0,79,,327122,15,,,0,30,,167883,15,,,0,69,,327129,15,,,0,30,,327133,15,,,0,70,,327137,15,,,0,29,,223843,15,,,0,70,,327119,15,,,0
4200,'8',713,,327153,15,,,0,99,,327149,15,,,0,100,,327147,15,,,0,30,,327138,15,,,0,70,,327144,15,,,0,30,,327146,15,,,0,70,,327141,15,,,0,30,,327155,15,,,0,70,,327143,15,,,0,30,,327157,15,,,0,70,,327139,15,,,0,30,,327151,15,,,0,70,,327154,15,,,0,30,,327156,15,,,0,70,,327142,15,,,0,30,,327150,15,,,0,70,,327148,15,,,0,30,,327152,15,,,0,70,,327140,15,,,0,100,,327145,15,,,0
4200,'9',529,,327171,15,,,0,102,,327162,15,,,0,26,,327159,15,,,0,75,,327164,15,,,0,71,,327172,15,,,0,30,,327170,15,,,0,70,,327167,15,,,0,26,,327160,15,,,0,30,,327158,15,,,0,70,,327169,15,,,0,30,,257145,15,,,0,70,,327174,15,,,0,30,,327165,15,,,0,72,,327166,15,,,0,70,,280507,15,,,0,30,,327179,15,,,0,70,,327161,15,,,0,30,,191121,15,,,0,70,,327183,15,,,0,31,,327173,15,,,0,103,,327178,15,,,0,70,,327182,15,,,0,31,,327177,15,,,0,79,,327168,15,,,0,30,,327181,15,,,0,69,,327176,15,,,0,30,,327180,15,,,0,70,,327184,15,,,0,29,,327175,15,,,0,70,,327163,15,,,0
