22800,'1',601,,374787,40,,,0,32,,374785,40,,,0,76,,374786,40,,,0
22800,'11',601,,278870,40,,,0,32,,374789,40,,,0,78,,374788,40,,,0
22800,'13',601,,278921,40,,,0,32,,374791,40,,,0,78,,374790,40,,,0
22800,'14',601,,279098,40,,,0,32,,374793,40,,,0,78,,374792,40,,,0
22800,'2',601,,374794,40,,,0,32,,206749,40,,,0,78,,374795,40,,,0
22800,'3',601,,374796,40,,,0,32,,374797,40,,,0,78,,224204,40,,,0
22800,'4',601,,374799,40,,,0,110,,374798,40,,,0
22800,'5',601,,374800,40,,,0,32,,374801,40,,,0,78,,224275,40,,,0
22800,'6',601,,278558,40,,,0,32,,374803,40,,,0,78,,374802,40,,,0
22800,'7',601,,374804,40,,,0,32,,206626,40,,,0,78,,374805,40,,,0
22800,'9',601,,278422,40,,,0,32,,374807,40,,,0,78,,374806,40,,,0
30200,'14',923,,263836,36,,,0
30200,'2',923,,376067,36,,,0
