8600,'12',631,,270641,3,,,1,70,,158796,3,,,1,31,,270651,3,,,1,75,,270659,3,,,1,32,,270643,3,,,1,70,,270670,3,,,1,599,,270652,3,,,1,46,,270661,3,,,1,70,,270665,3,,,1,34,,270676,3,,,1,69,,270674,3,,,1,30,,270662,3,,,1
8600,'14',631,,270714,3,,,1,70,,181713,3,,,1,33,,203768,3,,,1,73,,270724,3,,,1,32,,154902,3,,,1,70,,270727,3,,,1,599,,181733,3,,,1,46,,10360,3,,,1,70,,146475,3,,,1,34,,270730,3,,,1,72,,270706,3,,,1,27,,270737,3,,,1
8600,'15',631,,270738,3,,,1,70,,158850,3,,,1,31,,270748,3,,,1,75,,270756,3,,,1,32,,270740,3,,,1,70,,270767,3,,,1,599,,270749,3,,,1,46,,270758,3,,,1,70,,270762,3,,,1,34,,270773,3,,,1,69,,270771,3,,,1,30,,270759,3,,,1
8600,'17',631,,270813,3,,,1,70,,181655,3,,,1,33,,203764,3,,,1,73,,270823,3,,,1,32,,154822,3,,,1,70,,270826,3,,,1,599,,112724,3,,,1,46,,186906,3,,,1,70,,146429,3,,,1,34,,270829,3,,,1,72,,270805,3,,,1,27,,270836,3,,,1
8600,'18',631,,270846,3,,,1,70,,181794,3,,,1,33,,203776,3,,,1,73,,270856,3,,,1,32,,93046,3,,,1,70,,270859,3,,,1,599,,181813,3,,,1,46,,187076,3,,,1,70,,146522,3,,,1,34,,270862,3,,,1,72,,270838,3,,,1,27,,270869,3,,,1
8600,'2',631,,270880,3,,,1,70,,270888,3,,,1,33,,270906,3,,,1,73,,270895,3,,,1,32,,270881,3,,,1,70,,270899,3,,,1,599,,270907,3,,,1,46,,270886,3,,,1,70,,270898,3,,,1,34,,270902,3,,,1,72,,270871,3,,,1,27,,270911,3,,,1
8600,'3',631,,127790,3,,,1,70,,270931,3,,,1,31,,270923,3,,,1,75,,270929,3,,,1,32,,270914,3,,,1,70,,13772,3,,,1,599,,270924,3,,,1,46,,270933,3,,,1,70,,141456,3,,,1,34,,270948,3,,,1,69,,270946,3,,,1,30,,270934,3,,,1
8600,'4',631,,270950,3,,,1,70,,158874,3,,,1,31,,270960,3,,,1,75,,270968,3,,,1,32,,270952,3,,,1,70,,270979,3,,,1,599,,270961,3,,,1,46,,270970,3,,,1,70,,270974,3,,,1,34,,270985,3,,,1,69,,270983,3,,,1,30,,270971,3,,,1
8600,'5',631,,270987,3,,,1,70,,158680,3,,,1,31,,270997,3,,,1,75,,271005,3,,,1,32,,270989,3,,,1,70,,271016,3,,,1,599,,270998,3,,,1,46,,271007,3,,,1,70,,271011,3,,,1,34,,271022,3,,,1,69,,271020,3,,,1,30,,271008,3,,,1
8600,'7',631,,271060,3,,,1,70,,271070,3,,,1,33,,271091,3,,,1,73,,271079,3,,,1,32,,271061,3,,,1,70,,271083,3,,,1,599,,271092,3,,,1,46,,271067,3,,,1,70,,271082,3,,,1,34,,271087,3,,,1,72,,271053,3,,,1,27,,271097,3,,,1
8600,'9',631,,271147,3,,,1,70,,158782,3,,,1,31,,271157,3,,,1,75,,271165,3,,,1,32,,271149,3,,,1,70,,271176,3,,,1,599,,271158,3,,,1,46,,271167,3,,,1,70,,271171,3,,,1,34,,271182,3,,,1,69,,271180,3,,,1,30,,271168,3,,,1
