26201,'1',1553,,207513,13,,,0,102,,145191,13,,,0,71,,375251,13,,,0,96,,375253,13,,,0,100,,375252,13,,,0
26201,'11',1553,,375254,13,,,0,104,,375256,13,,,0,70,,375255,13,,,0,94,,375257,13,,,0,101,,235362,13,,,0
26201,'13',1553,,375258,13,,,0,104,,375260,13,,,0,70,,375259,13,,,0,94,,375261,13,,,0,101,,235427,13,,,0
26201,'14',1553,,375262,13,,,0,104,,375264,13,,,0,70,,375263,13,,,0,94,,375265,13,,,0,101,,235705,13,,,0
26201,'2',1553,,375266,13,,,0,104,,375268,13,,,0,70,,375267,13,,,0,94,,375270,13,,,0,101,,375269,13,,,0
26201,'3',1553,,375271,13,,,0,104,,375272,13,,,0,70,,184170,13,,,0,94,,247404,13,,,0,101,,375273,13,,,0
26201,'4',1552,,375274,13,,,0,105,,195035,13,,,0,70,,375275,13,,,0,94,,375277,13,,,0,101,,375276,13,,,0
26201,'5',1553,,375278,13,,,0,104,,375279,13,,,0,70,,285911,13,,,0,94,,247496,13,,,0,101,,375280,13,,,0
26201,'6',1553,,375281,13,,,0,104,,375283,13,,,0,70,,375282,13,,,0,94,,375284,13,,,0,101,,234968,13,,,0
26201,'7',1553,,375285,13,,,0,104,,375287,13,,,0,70,,375286,13,,,0,94,,375289,13,,,0,101,,375288,13,,,0
26201,'9',1553,,375290,13,,,0,104,,375292,13,,,0,70,,375291,13,,,0,94,,375293,13,,,0,101,,234787,13,,,0
