5101,'1',655,,159334,10,,,1,70,,159331,10,,,1,103,,159328,10,,,1,11,,2199,10,,,1,19,,159343,10,,,1,66,,159339,10,,,1,30,,159324,10,,,1,70,,159327,10,,,1,30,,159337,10,,,1,71,,10943,10,,,1,30,,159344,10,,,1,70,,159332,10,,,1,30,,65990,10,,,1,70,,95062,10,,,1,30,,159322,10,,,1,70,,159335,10,,,1,28,,159340,10,,,1,71,,159345,10,,,1,30,,159341,10,,,1,72,,31297,10,,,1,30,,159347,10,,,1,70,,22923,10,,,1,30,,159336,10,,,1,70,,159330,10,,,1,28,,159338,10,,,1,70,,159323,10,,,1,30,,159329,10,,,1,69,,159342,10,,,1,30,,159325,10,,,1,70,,159326,10,,,1,30,,159333,10,,,1,100,,159346,10,,,1
5101,'10',655,,32164,10,,,1,70,,159360,10,,,1,33,,159356,10,,,1,70,,159361,10,,,1,30,,159362,10,,,1,66,,159357,10,,,1,30,,159359,10,,,1,70,,159370,10,,,1,30,,111177,10,,,1,71,,111679,10,,,1,30,,159348,10,,,1,70,,159368,10,,,1,30,,47900,10,,,1,70,,159366,10,,,1,30,,159363,10,,,1,70,,159349,10,,,1,28,,25391,10,,,1,71,,109785,10,,,1,30,,159353,10,,,1,73,,159352,10,,,1,29,,62181,10,,,1,70,,159350,10,,,1,30,,38117,10,,,1,70,,159355,10,,,1,28,,159365,10,,,1,70,,159354,10,,,1,30,,159367,10,,,1,69,,159358,10,,,1,30,,159364,10,,,1,70,,159369,10,,,1,30,,54246,10,,,1,100,,159351,10,,,1
5101,'11',850,,159381,10,,,1,70,,13183,10,,,1,31,,159390,10,,,1,70,,159385,10,,,1,30,,159387,10,,,1,70,,159377,10,,,1,30,,159371,10,,,1,70,,116471,10,,,1,30,,159389,10,,,1,70,,159373,10,,,1,30,,21133,10,,,1,70,,90755,10,,,1,30,,159383,10,,,1,70,,159386,10,,,1,30,,159374,10,,,1,70,,88226,10,,,1,30,,110259,10,,,1,70,,159375,10,,,1,30,,159382,10,,,1,70,,159384,10,,,1,30,,159372,10,,,1,70,,159388,10,,,1,29,,159378,10,,,1,70,,159379,10,0,79,1,30,,159380,10,,,1,100,,159376,10,,,1,100,,77114,10,0,79,1,100,,6380,10,,,1
5101,'12',655,,159414,10,,,1,70,,159410,10,,,1,34,,159401,10,,,1,69,,159416,10,,,1,30,,159394,10,,,1,66,,159405,10,,,1,30,,159413,10,,,1,70,,159403,10,,,1,30,,47492,10,,,1,71,,32528,10,,,1,30,,159404,10,,,1,70,,100335,10,,,1,30,,159395,10,,,1,70,,159415,10,,,1,30,,2077,10,,,1,70,,159406,10,,,1,28,,53996,10,,,1,71,,159402,10,,,1,30,,159412,10,,,1,72,,159396,10,,,1,30,,159392,10,,,1,70,,159397,10,,,1,30,,159393,10,,,1,70,,159399,10,,,1,28,,159411,10,,,1,70,,159408,10,,,1,30,,159391,10,,,1,69,,159398,10,,,1,30,,82287,10,,,1,70,,159400,10,,,1,30,,159409,10,,,1,100,,159407,10,,,1
5101,'13',850,,159429,10,,,1,70,,159436,10,,,1,31,,69611,10,,,1,70,,159434,10,,,1,30,,23005,10,,,1,70,,95648,10,,,1,30,,76936,10,,,1,70,,159428,10,,,1,30,,159439,10,,,1,70,,159419,10,,,1,30,,159440,10,,,1,70,,159420,10,,,1,30,,159431,10,,,1,70,,159435,10,,,1,30,,159421,10,,,1,70,,159437,10,,,1,30,,159425,10,,,1,70,,159422,10,,,1,30,,159430,10,,,1,70,,159433,10,,,1,30,,159418,10,,,1,70,,159438,10,,,1,29,,159424,10,,,1,70,,159426,10,0,79,1,30,,159427,10,,,1,100,,159423,10,,,1,100,,159417,10,0,79,1,100,,159432,10,,,1
5101,'14',655,,159467,10,,,1,70,,159463,10,,,1,34,,159452,10,,,1,69,,36568,10,,,1,30,,159446,10,,,1,66,,159456,10,,,1,30,,159466,10,,,1,70,,159454,10,,,1,30,,159451,10,,,1,71,,159445,10,,,1,30,,159455,10,,,1,70,,159457,10,,,1,30,,159447,10,,,1,70,,159468,10,,,1,30,,159444,10,,,1,70,,159458,10,,,1,28,,159441,10,,,1,71,,159453,10,,,1,30,,159465,10,,,1,72,,159448,10,,,1,30,,159442,10,,,1,70,,159449,10,,,1,30,,159443,10,,,1,70,,80699,10,,,1,28,,159464,10,,,1,70,,159460,10,,,1,30,,79881,10,,,1,69,,159450,10,,,1,30,,159462,10,,,1,70,,26406,10,,,1,30,,159461,10,,,1,100,,159459,10,,,1
5101,'15',655,,159495,10,,,1,70,,159491,10,,,1,34,,159480,10,,,1,69,,36775,10,,,1,30,,159474,10,,,1,66,,159484,10,,,1,30,,159494,10,,,1,70,,159482,10,,,1,30,,159479,10,,,1,71,,159473,10,,,1,30,,159483,10,,,1,70,,159485,10,,,1,30,,159475,10,,,1,70,,159496,10,,,1,30,,159472,10,,,1,70,,159486,10,,,1,28,,159469,10,,,1,71,,159481,10,,,1,30,,159493,10,,,1,72,,159476,10,,,1,30,,159470,10,,,1,70,,159477,10,,,1,30,,159471,10,,,1,70,,80903,10,,,1,28,,159492,10,,,1,70,,159488,10,,,1,30,,80223,10,,,1,69,,159478,10,,,1,30,,159490,10,,,1,70,,26761,10,,,1,30,,159489,10,,,1,100,,159487,10,,,1
5101,'16',655,,68445,10,,,1,70,,159519,10,,,1,34,,159509,10,,,1,69,,159522,10,,,1,30,,159502,10,,,1,66,,159513,10,,,1,30,,18682,10,,,1,70,,159511,10,,,1,30,,159507,10,,,1,71,,159501,10,,,1,30,,159512,10,,,1,70,,159514,10,,,1,30,,159503,10,,,1,70,,112229,10,,,1,30,,159500,10,,,1,70,,159515,10,,,1,28,,159497,10,,,1,71,,159510,10,,,1,30,,159521,10,,,1,72,,159504,10,,,1,30,,94514,10,,,1,70,,8028,10,,,1,30,,159499,10,,,1,70,,159506,10,,,1,28,,159520,10,,,1,70,,159517,10,,,1,30,,159498,10,,,1,69,,159505,10,,,1,30,,159518,10,,,1,70,,159508,10,,,1,30,,97243,10,,,1,100,,159516,10,,,1
5101,'17',655,,159535,10,,,1,70,,159532,10,,,1,103,,159529,10,,,1,11,,2574,10,,,1,19,,159544,10,,,1,66,,159540,10,,,1,30,,159525,10,,,1,70,,159528,10,,,1,30,,159538,10,,,1,71,,11209,10,,,1,30,,159545,10,,,1,70,,159533,10,,,1,30,,66225,10,,,1,70,,95230,10,,,1,30,,159523,10,,,1,70,,159536,10,,,1,28,,159541,10,,,1,71,,159546,10,,,1,30,,159542,10,,,1,72,,31478,10,,,1,30,,159548,10,,,1,70,,23093,10,,,1,30,,159537,10,,,1,70,,159531,10,,,1,28,,159539,10,,,1,70,,159524,10,,,1,30,,159530,10,,,1,69,,159543,10,,,1,30,,159526,10,,,1,70,,159527,10,,,1,30,,159534,10,,,1,100,,159547,10,,,1
5101,'2',655,,159561,10,,,1,70,,159558,10,,,1,103,,159555,10,,,1,11,,2273,10,,,1,19,,159570,10,,,1,66,,159566,10,,,1,30,,159551,10,,,1,70,,159554,10,,,1,30,,159564,10,,,1,71,,10999,10,,,1,30,,159571,10,,,1,70,,159559,10,,,1,30,,66040,10,,,1,70,,95095,10,,,1,30,,159549,10,,,1,70,,159562,10,,,1,28,,159567,10,,,1,71,,159572,10,,,1,30,,159568,10,,,1,72,,31335,10,,,1,30,,159574,10,,,1,70,,22958,10,,,1,30,,159563,10,,,1,70,,159557,10,,,1,28,,159565,10,,,1,70,,159550,10,,,1,30,,159556,10,,,1,69,,159569,10,,,1,30,,159552,10,,,1,70,,159553,10,,,1,30,,159560,10,,,1,100,,159573,10,,,1
5101,'3',655,,159601,10,,,1,70,,159597,10,,,1,34,,159586,10,,,1,69,,36702,10,,,1,30,,159580,10,,,1,66,,159590,10,,,1,30,,159600,10,,,1,70,,159588,10,,,1,30,,159585,10,,,1,71,,159579,10,,,1,30,,159589,10,,,1,70,,159591,10,,,1,30,,159581,10,,,1,70,,159602,10,,,1,30,,159578,10,,,1,70,,159592,10,,,1,28,,159575,10,,,1,71,,159587,10,,,1,30,,159599,10,,,1,72,,159582,10,,,1,30,,159576,10,,,1,70,,159583,10,,,1,30,,159577,10,,,1,70,,80832,10,,,1,28,,159598,10,,,1,70,,159594,10,,,1,30,,80095,10,,,1,69,,159584,10,,,1,30,,159596,10,,,1,70,,26632,10,,,1,30,,159595,10,,,1,100,,159593,10,,,1
5101,'4',726,,159617,10,,,1,100,,159610,10,,,1,30,,159626,10,,,1,70,,159616,10,,,1,31,,159621,10,,,1,70,,159614,10,,,1,30,,159603,10,,,1,70,,159619,10,,,1,30,,159611,10,,,1,70,,159623,10,,,1,30,,109095,10,,,1,70,,95528,10,,,1,30,,159615,10,,,1,70,,159627,10,,,1,30,,159609,10,,,1,70,,159604,10,,,1,30,,104195,10,,,1,70,,159605,10,,,1,30,,159625,10,,,1,70,,34843,10,,,1,31,,104156,10,,,1,70,,159612,10,0,56 57,1,30,,159622,10,,,1,70,,159620,10,0,56 57,1,29,,159613,10,,,1,70,,159618,10,0,56 57,1,30,,159624,10,,,1,70,,159608,10,0,56 57,1,30,,159606,10,,,1,100,,118844,10,,,1,100,,159607,10,,,1
5101,'5',655,,107649,10,,,1,70,,159637,10,,,1,103,,159635,10,,,1,11,,159649,10,,,1,19,,159650,10,,,1,66,,159645,10,,,1,30,,159630,10,,,1,70,,71346,10,,,1,30,,159643,10,,,1,71,,159642,10,,,1,30,,159651,10,,,1,70,,159638,10,,,1,30,,159646,10,,,1,70,,159632,10,,,1,30,,159628,10,,,1,70,,159640,10,,,1,28,,159647,10,,,1,71,,159652,10,,,1,30,,159648,10,,,1,72,,159631,10,,,1,30,,159654,10,,,1,70,,159636,10,,,1,30,,159641,10,,,1,70,,91756,10,,,1,28,,159644,10,,,1,70,,159629,10,,,1,30,,103212,10,,,1,69,,65082,10,,,1,30,,159633,10,,,1,70,,9,10,,,1,30,,159639,10,,,1,100,,159653,10,,,1
5101,'6',655,,159667,10,,,1,70,,159664,10,,,1,103,,159661,10,,,1,11,,3008,10,,,1,19,,159676,10,,,1,66,,159672,10,,,1,30,,159657,10,,,1,70,,159660,10,,,1,30,,159670,10,,,1,71,,11512,10,,,1,30,,159677,10,,,1,70,,159665,10,,,1,30,,66507,10,,,1,70,,95436,10,,,1,30,,159655,10,,,1,70,,159668,10,,,1,28,,159673,10,,,1,71,,159678,10,,,1,30,,159674,10,,,1,72,,31686,10,,,1,30,,159680,10,,,1,70,,23278,10,,,1,30,,159669,10,,,1,70,,159663,10,,,1,28,,159671,10,,,1,70,,159656,10,,,1,30,,159662,10,,,1,69,,159675,10,,,1,30,,159658,10,,,1,70,,159659,10,,,1,30,,159666,10,,,1,100,,159679,10,,,1
5101,'7',726,,159696,10,,,1,100,,159689,10,,,1,30,,159707,10,,,1,70,,159695,10,,,1,31,,159701,10,,,1,70,,159693,10,,,1,30,,159682,10,,,1,70,,159699,10,,,1,30,,159690,10,,,1,70,,159703,10,,,1,30,,159705,10,,,1,70,,159708,10,,,1,30,,159694,10,,,1,70,,159709,10,,,1,30,,159688,10,,,1,70,,159683,10,,,1,30,,159706,10,,,1,70,,159684,10,,,1,30,,159704,10,,,1,70,,159692,10,,,1,31,,159697,10,,,1,70,,159691,10,0,56 57,1,30,,159702,10,,,1,70,,159700,10,0,56 57,1,29,,78126,10,,,1,70,,159698,10,0,56 57,1,30,,40385,10,,,1,70,,159687,10,0,56 57,1,30,,159685,10,,,1,100,,159681,10,,,1,100,,159686,10,,,1
5101,'8',655,,159722,10,,,1,70,,159719,10,,,1,103,,159716,10,,,1,11,,2934,10,,,1,19,,159731,10,,,1,66,,159727,10,,,1,30,,159712,10,,,1,70,,159715,10,,,1,30,,159725,10,,,1,71,,11456,10,,,1,30,,159732,10,,,1,70,,159720,10,,,1,30,,66457,10,,,1,70,,95403,10,,,1,30,,159710,10,,,1,70,,159723,10,,,1,28,,159728,10,,,1,71,,159733,10,,,1,30,,159729,10,,,1,72,,31648,10,,,1,30,,159735,10,,,1,70,,23243,10,,,1,30,,159724,10,,,1,70,,159718,10,,,1,28,,159726,10,,,1,70,,159711,10,,,1,30,,159717,10,,,1,69,,159730,10,,,1,30,,159713,10,,,1,70,,159714,10,,,1,30,,159721,10,,,1,100,,159734,10,,,1
5101,'9',850,,159748,10,,,1,70,,159755,10,,,1,31,,159760,10,,,1,70,,159753,10,,,1,30,,159757,10,,,1,70,,159743,10,,,1,30,,159737,10,,,1,70,,159747,10,,,1,30,,159758,10,,,1,70,,159739,10,,,1,30,,159759,10,,,1,70,,159740,10,,,1,30,,159750,10,,,1,70,,159754,10,,,1,30,,159741,10,,,1,70,,159756,10,,,1,30,,159745,10,,,1,70,,159742,10,,,1,30,,159749,10,,,1,70,,159752,10,,,1,30,,159738,10,,,1,70,,35352,10,,,1,29,,159744,10,,,1,70,,52460,10,0,79,1,30,,159746,10,,,1,100,,97569,10,,,1,100,,159736,10,0,79,1,100,,159751,10,,,1
8101,'1',622,,178351,20,,,1,30,,178346,20,,,1,70,,178356,20,,,1,31,,20309,20,,,1,100,,178353,20,,,1,70,,178360,20,,,1,26,,100356,20,,,1,70,,178342,20,,,1,30,,178357,20,,,1,70,,15427,20,,,1,30,,22920,20,,,1,71,,178355,20,,,1,30,,178347,20,,,1,70,,178358,20,,,1,30,,178362,20,,,1,71,,178354,20,,,1,29,,178343,20,,,1,74,,178363,20,,,1,33,,178345,20,,,1,71,,52070,20,,,1,74,,178352,20,,,1,56,,178359,20,,,1,68,,178340,20,,,1,30,,178348,20,,,1,70,,178341,20,,,1,25,,178361,20,,,1,69,,51247,20,,,1,30,,178350,20,,,1,69,,43781,20,,,1,30,,178349,20,,,1,70,,74121,20,,,1,30,,178344,20,,,1,100,,23527,20,,,1
8101,'10',622,,178385,20,,,1,28,,64685,20,,,1,72,,178379,20,,,1,31,,178364,20,,,1,71,,178380,20,,,1,29,,178378,20,,,1,70,,178376,20,,,1,26,,35864,20,,,1,70,,178373,20,,,1,30,,178382,20,,,1,70,,60961,20,,,1,30,,178391,20,,,1,71,,178366,20,,,1,30,,178377,20,,,1,70,,178381,20,,,1,30,,178371,20,,,1,71,,11234,20,,,1,29,,178369,20,,,1,74,,178375,20,,,1,30,,101818,20,,,1,72,,178390,20,,,1,74,,178386,20,,,1,29,,178372,20,,,1,29,,178383,20,,,1,68,,178370,20,,,1,30,,178368,20,,,1,70,,178389,20,,,1,25,,178365,20,,,1,69,,178387,20,,,1,30,,178374,20,,,1,69,,178367,20,,,1,30,,178384,20,,,1,70,,2660,20,,,1,30,,178388,20,,,1,100,,178392,20,,,1
8101,'11',835,,178405,20,,,1,70,,178407,20,,,1,30,,178416,20,,,1,70,,178394,20,,,1,30,,178402,20,,,1,70,,178413,20,,,1,30,,178409,20,,,1,70,,44051,20,,,1,31,,178396,20,,,1,70,,178403,20,,,1,30,,178408,20,,,1,70,,178400,20,,,1,30,,178401,20,,,1,70,,178412,20,,,1,30,,178415,20,,,1,70,,178414,20,,,1,30,,178406,20,,,1,70,,178404,20,,,1,30,,178399,20,,,1,70,,178410,20,,,1,29,,53578,20,,,1,100,,178393,20,,,1,100,,178397,20,,,1,100,,178411,20,,,1,100,,178395,20,,,1,100,,178398,20,,,1
8101,'12',622,,37514,20,,,1,30,,178436,20,,,1,70,,178420,20,,,1,31,,178435,20,,,1,71,,178431,20,,,1,29,,91780,20,,,1,70,,178426,20,,,1,26,,64439,20,,,1,70,,178434,20,,,1,30,,178429,20,,,1,70,,178439,20,,,1,30,,178438,20,,,1,71,,178437,20,,,1,30,,178417,20,,,1,70,,178440,20,,,1,30,,178442,20,,,1,71,,178424,20,,,1,31,,178421,20,,,1,72,,178430,20,,,1,30,,178427,20,,,1,74,,21576,20,,,1,72,,178418,20,,,1,29,,178425,20,,,1,29,,178419,20,,,1,68,,178443,20,,,1,30,,178423,20,,,1,70,,74051,20,,,1,25,,6063,20,,,1,69,,178428,20,,,1,30,,88856,20,,,1,69,,178441,20,,,1,30,,178422,20,,,1,70,,178433,20,,,1,30,,95719,20,,,1,100,,178432,20,,,1
8101,'13',835,,81740,20,,,1,70,,178454,20,,,1,30,,178461,20,,,1,70,,178445,20,,,1,30,,178451,20,,,1,70,,178459,20,,,1,30,,178456,20,,,1,70,,178455,20,,,1,31,,52146,20,,,1,70,,178452,20,,,1,30,,114788,20,,,1,70,,178449,20,,,1,30,,178450,20,,,1,70,,178458,20,,,1,30,,103519,20,,,1,70,,35741,20,,,1,30,,97184,20,,,1,70,,178453,20,,,1,30,,178448,20,,,1,70,,81742,20,,,1,29,,178460,20,,,1,100,,178444,20,,,1,100,,178447,20,,,1,100,,178457,20,,,1,100,,178446,20,,,1,100,,58967,20,,,1
8101,'14',622,,178463,20,,,1,30,,116006,20,,,1,70,,178468,20,,,1,31,,178480,20,,,1,71,,178478,20,,,1,29,,178466,20,,,1,70,,65523,20,,,1,26,,178481,20,,,1,70,,2794,20,,,1,30,,104679,20,,,1,70,,178484,20,,,1,30,,57624,20,,,1,71,,178482,20,,,1,30,,178464,20,,,1,70,,178485,20,,,1,30,,178487,20,,,1,71,,178472,20,,,1,31,,178469,20,,,1,72,,178477,20,,,1,30,,41078,20,,,1,74,,178470,20,,,1,72,,178465,20,,,1,29,,178473,20,,,1,29,,178467,20,,,1,68,,178488,20,,,1,30,,62262,20,,,1,70,,178462,20,,,1,25,,178476,20,,,1,69,,178475,20,,,1,30,,178474,20,,,1,69,,178486,20,,,1,30,,178471,20,,,1,70,,178479,20,,,1,30,,178483,20,,,1,100,,45634,20,,,1
8101,'15',622,,178490,20,,,1,30,,116041,20,,,1,70,,178495,20,,,1,31,,178507,20,,,1,71,,178505,20,,,1,29,,178493,20,,,1,70,,65789,20,,,1,26,,178508,20,,,1,70,,3235,20,,,1,30,,104884,20,,,1,70,,178511,20,,,1,30,,57898,20,,,1,71,,178509,20,,,1,30,,178491,20,,,1,70,,178512,20,,,1,30,,178514,20,,,1,71,,178499,20,,,1,31,,178496,20,,,1,72,,178504,20,,,1,30,,41438,20,,,1,74,,178497,20,,,1,72,,178492,20,,,1,29,,178500,20,,,1,29,,178494,20,,,1,68,,178515,20,,,1,30,,62604,20,,,1,70,,178489,20,,,1,25,,178503,20,,,1,69,,178502,20,,,1,30,,178501,20,,,1,69,,178513,20,,,1,30,,178498,20,,,1,70,,178506,20,,,1,30,,178510,20,,,1,100,,45819,20,,,1
8101,'16',622,,178517,20,,,1,30,,178534,20,,,1,70,,54134,20,,,1,31,,178533,20,,,1,71,,13119,20,,,1,29,,178519,20,,,1,70,,178526,20,,,1,26,,178535,20,,,1,70,,178532,20,,,1,30,,178529,20,,,1,70,,178539,20,,,1,30,,178538,20,,,1,71,,178536,20,,,1,30,,178518,20,,,1,70,,178540,20,,,1,30,,63923,20,,,1,71,,81152,20,,,1,31,,178521,20,,,1,72,,112852,20,,,1,30,,178527,20,,,1,74,,178522,20,,,1,72,,98858,20,,,1,29,,178524,20,,,1,29,,178520,20,,,1,68,,178542,20,,,1,30,,178523,20,,,1,70,,178516,20,,,1,25,,178530,20,,,1,69,,178528,20,,,1,30,,178525,20,,,1,69,,178541,20,,,1,30,,42931,20,,,1,70,,109709,20,,,1,30,,178537,20,,,1,100,,178531,20,,,1
8101,'17',622,,178554,20,,,1,30,,178549,20,,,1,70,,178559,20,,,1,31,,20490,20,,,1,100,,178556,20,,,1,70,,178563,20,,,1,26,,100590,20,,,1,70,,178545,20,,,1,30,,178560,20,,,1,70,,15802,20,,,1,30,,23090,20,,,1,71,,178558,20,,,1,30,,178550,20,,,1,70,,178561,20,,,1,30,,178565,20,,,1,71,,178557,20,,,1,29,,178546,20,,,1,74,,178566,20,,,1,33,,178548,20,,,1,71,,52292,20,,,1,74,,178555,20,,,1,56,,178562,20,,,1,68,,178543,20,,,1,30,,178551,20,,,1,70,,178544,20,,,1,25,,178564,20,,,1,69,,51475,20,,,1,30,,178553,20,,,1,69,,44091,20,,,1,30,,178552,20,,,1,70,,74388,20,,,1,30,,178547,20,,,1,100,,23693,20,,,1
8101,'2',622,,178578,20,,,1,30,,178573,20,,,1,70,,178583,20,,,1,31,,20346,20,,,1,100,,178580,20,,,1,70,,178587,20,,,1,26,,100402,20,,,1,70,,178569,20,,,1,30,,178584,20,,,1,70,,15504,20,,,1,30,,22955,20,,,1,71,,178582,20,,,1,30,,178574,20,,,1,70,,178585,20,,,1,30,,178589,20,,,1,71,,178581,20,,,1,29,,178570,20,,,1,74,,178590,20,,,1,33,,178572,20,,,1,71,,52116,20,,,1,74,,178579,20,,,1,56,,178586,20,,,1,68,,178567,20,,,1,30,,178575,20,,,1,70,,178568,20,,,1,25,,178588,20,,,1,69,,51295,20,,,1,30,,178577,20,,,1,69,,43848,20,,,1,30,,178576,20,,,1,70,,74179,20,,,1,30,,178571,20,,,1,100,,23561,20,,,1
8101,'3',622,,178592,20,,,1,30,,116027,20,,,1,70,,178597,20,,,1,31,,178609,20,,,1,71,,178607,20,,,1,29,,178595,20,,,1,70,,65694,20,,,1,26,,178610,20,,,1,70,,3080,20,,,1,30,,104814,20,,,1,70,,178613,20,,,1,30,,57801,20,,,1,71,,178611,20,,,1,30,,178593,20,,,1,70,,178614,20,,,1,30,,178616,20,,,1,71,,178601,20,,,1,31,,178598,20,,,1,72,,178606,20,,,1,30,,41308,20,,,1,74,,178599,20,,,1,72,,178594,20,,,1,29,,178602,20,,,1,29,,178596,20,,,1,68,,178617,20,,,1,30,,62484,20,,,1,70,,178591,20,,,1,25,,178605,20,,,1,69,,178604,20,,,1,30,,178603,20,,,1,69,,178615,20,,,1,30,,178600,20,,,1,70,,178608,20,,,1,30,,178612,20,,,1,100,,45753,20,,,1
8101,'4',637,,178638,20,,,1,100,,178641,20,,,1,70,,178618,20,,,1,30,,178627,20,,,1,70,,178640,20,,,1,30,,178637,20,,,1,70,,178639,20,,,1,30,,44604,20,,,1,70,,94858,20,,,1,30,,178622,20,,,1,70,,84056,20,,,1,31,,96711,20,,,1,70,,178636,20,,,1,30,,178632,20,,,1,70,,33011,20,,,1,30,,178623,20,,,1,70,,178620,20,,,1,30,,178629,20,,,1,70,,178630,20,,,1,30,,178626,20,,,1,70,,76336,20,,,1,30,,178634,20,,,1,70,,178633,20,,,1,29,,178624,20,,,1,70,,178621,20,,,1,30,,178619,20,,,1,100,,178635,20,,,1,100,,178628,20,,,1,100,,178631,20,,,1,100,,80162,20,,,1,100,,178625,20,,,1
8101,'5',622,,178660,20,,,1,30,,178653,20,,,1,70,,178665,20,,,1,31,,178647,20,,,1,100,,178662,20,,,1,70,,178670,20,,,1,26,,178643,20,,,1,70,,178649,20,,,1,30,,178666,20,,,1,70,,178669,20,,,1,30,,178650,20,,,1,71,,178664,20,,,1,30,,178655,20,,,1,70,,178667,20,,,1,30,,178672,20,,,1,71,,178663,20,,,1,29,,82237,20,,,1,74,,4816,20,,,1,33,,178652,20,,,1,71,,178658,20,,,1,74,,178661,20,,,1,56,,178668,20,,,1,68,,178642,20,,,1,30,,178656,20,,,1,70,,178648,20,,,1,25,,178671,20,,,1,69,,178654,20,,,1,30,,178659,20,,,1,69,,178644,20,,,1,30,,178657,20,,,1,70,,178646,20,,,1,30,,178651,20,,,1,100,,178645,20,,,1
8101,'6',622,,178684,20,,,1,30,,178679,20,,,1,70,,178689,20,,,1,31,,20704,20,,,1,100,,178686,20,,,1,70,,178693,20,,,1,26,,100875,20,,,1,70,,178675,20,,,1,30,,178690,20,,,1,70,,16236,20,,,1,30,,23275,20,,,1,71,,178688,20,,,1,30,,178680,20,,,1,70,,178691,20,,,1,30,,178695,20,,,1,71,,178687,20,,,1,29,,178676,20,,,1,74,,178696,20,,,1,33,,178678,20,,,1,71,,52548,20,,,1,74,,178685,20,,,1,56,,178692,20,,,1,68,,178673,20,,,1,30,,178681,20,,,1,70,,178674,20,,,1,25,,178694,20,,,1,69,,51736,20,,,1,30,,178683,20,,,1,69,,44437,20,,,1,30,,178682,20,,,1,70,,74707,20,,,1,30,,178677,20,,,1,100,,23875,20,,,1
8101,'7',637,,178717,20,,,1,100,,178722,20,,,1,70,,178697,20,,,1,30,,178707,20,,,1,70,,178720,20,,,1,30,,178716,20,,,1,70,,178719,20,,,1,30,,178712,20,,,1,70,,178704,20,,,1,30,,178703,20,,,1,70,,178711,20,,,1,31,,178698,20,,,1,70,,4682,20,,,1,30,,178713,20,,,1,70,,178718,20,,,1,30,,178705,20,,,1,70,,178701,20,,,1,30,,178708,20,,,1,70,,178709,20,,,1,30,,178706,20,,,1,70,,178721,20,,,1,30,,81559,20,,,1,70,,178714,20,,,1,29,,38852,20,,,1,70,,178702,20,,,1,30,,178699,20,,,1,100,,178715,20,,,1,100,,26825,20,,,1,100,,178710,20,,,1,100,,178700,20,,,1,100,,104283,20,,,1
8101,'8',622,,178734,20,,,1,30,,178729,20,,,1,70,,178739,20,,,1,31,,20667,20,,,1,100,,178736,20,,,1,70,,178743,20,,,1,26,,100829,20,,,1,70,,178725,20,,,1,30,,178740,20,,,1,70,,16159,20,,,1,30,,23240,20,,,1,71,,178738,20,,,1,30,,178730,20,,,1,70,,178741,20,,,1,30,,178745,20,,,1,71,,178737,20,,,1,29,,178726,20,,,1,74,,178746,20,,,1,33,,178728,20,,,1,71,,52502,20,,,1,74,,178735,20,,,1,56,,178742,20,,,1,68,,178723,20,,,1,30,,178731,20,,,1,70,,178724,20,,,1,25,,178744,20,,,1,69,,51688,20,,,1,30,,178733,20,,,1,69,,44370,20,,,1,30,,178732,20,,,1,70,,74649,20,,,1,30,,178727,20,,,1,100,,23841,20,,,1
8101,'9',835,,178758,20,,,1,70,,178760,20,,,1,30,,10433,20,,,1,70,,178748,20,,,1,30,,178755,20,,,1,70,,178767,20,,,1,30,,178763,20,,,1,70,,178762,20,,,1,31,,178750,20,,,1,70,,178756,20,,,1,30,,178761,20,,,1,70,,178754,20,,,1,30,,10405,20,,,1,70,,178766,20,,,1,30,,178770,20,,,1,70,,178769,20,,,1,30,,178759,20,,,1,70,,178757,20,,,1,30,,178753,20,,,1,70,,178764,20,,,1,29,,178768,20,,,1,100,,178747,20,,,1,100,,178751,20,,,1,100,,178765,20,,,1,100,,178749,20,,,1,100,,178752,20,,,1
