901,'1',541,,127655,6,,,1,71,,3538,6,,,1,21,,127636,6,,,1,72,,127641,6,,,1,31,,127650,6,,,1,72,,127661,6,,,1,30,,127649,6,,,1,69,,127644,6,,,1,30,,127645,6,,,1,70,,127651,6,,,1,28,,127648,6,,,1,71,,127647,6,,,1,30,,127634,6,,,1,71,,127638,6,,,1,31,,56362,6,,,1,70,,127646,6,,,1,30,,127642,6,,,1,70,,120329,6,,,1,30,,127652,6,,,1,71,,127663,6,,,1,34,,127643,6,,,1,71,,127659,6,,,1,29,,127635,6,,,1,68,,127639,6,,,1,31,,127657,6,,,1,68,,127656,6,,,1,28,,127640,6,,,1,68,,60770,6,,,1,26,,9910,6,,,1,70,,127653,6,,,1,30,,127660,6,,,1,70,,127662,6,,,1,30,,127637,6,,,1,70,,127654,6,,,1,30,,127658,6,,,1,70,,31313,6,,,1
901,'10',541,,127677,6,,,1,92,,30679,6,,,1,103,,127665,6,,,1,102,,127679,6,,,1,69,,127671,6,,,1,30,,127687,6,,,1,70,,127688,6,,,1,28,,60938,6,,,1,71,,12224,6,,,1,30,,127672,6,,,1,71,,127676,6,,,1,31,,127682,6,,,1,70,,127681,6,,,1,30,,127674,6,,,1,70,,127670,6,,,1,30,,127666,6,,,1,71,,127686,6,,,1,34,,127675,6,,,1,72,,127664,6,,,1,28,,127673,6,,,1,68,,127683,6,,,1,31,,127680,6,,,1,68,,127668,6,,,1,28,,127669,6,,,1,68,,108952,6,,,1,26,,127684,6,,,1,70,,75672,6,,,1,30,,38128,6,,,1,70,,127678,6,,,1,100,,127667,6,,,1,100,,127685,6,,,1
901,'11',747,,127701,6,,,1,110,,46766,6,,,1,70,,127706,6,,,1,30,,116638,6,,,1,70,,127704,6,,,1,30,,127705,6,,,1,70,,35790,6,,,1,30,,127696,6,,,1,70,,127697,6,,,1,30,,127692,6,,,1,70,,127707,6,,,1,30,,127695,6,,,1,70,,28574,6,,,1,30,,127698,6,,,1,70,,127691,6,,,1,30,,54880,6,,,1,70,,127700,6,,,1,30,,127689,6,,,1,70,,127694,6,,,1,30,,127703,6,,,1,70,,127690,6,,,1,30,,127708,6,,,1,70,,109729,6,,,1,30,,127702,6,,,1,70,,127693,6,,,1,30,,90815,6,,,1,100,,107037,6,,,1,100,,127699,6,,,1
901,'12',541,,127735,6,,,1,71,,127719,6,,,1,21,,115261,6,,,1,72,,127733,6,,,1,31,,127730,6,,,1,72,,127716,6,,,1,30,,127720,6,,,1,69,,127709,6,,,1,30,,127712,6,,,1,70,,103302,6,,,1,28,,33145,6,,,1,71,,127710,6,,,1,30,,127723,6,,,1,71,,127731,6,,,1,31,,127737,6,,,1,70,,127736,6,,,1,30,,127714,6,,,1,70,,127738,6,,,1,30,,127724,6,,,1,72,,127715,6,,,1,33,,127734,6,,,1,71,,127718,6,,,1,29,,120786,6,,,1,67,,127711,6,,,1,33,,127732,6,,,1,67,,20279,6,,,1,28,,127729,6,,,1,68,,127713,6,,,1,26,,127722,6,,,1,70,,127727,6,,,1,30,,127717,6,,,1,70,,127726,6,,,1,30,,127725,6,,,1,70,,127739,6,,,1,30,,127721,6,,,1,70,,127728,6,,,1
901,'13',747,,90639,6,,,1,110,,127755,6,,,1,70,,127760,6,,,1,30,,127756,6,,,1,70,,111563,6,,,1,30,,127759,6,,,1,70,,127753,6,,,1,30,,127747,6,,,1,70,,127750,6,,,1,30,,127743,6,,,1,70,,48813,6,,,1,30,,127746,6,,,1,70,,127748,6,,,1,30,,127751,6,,,1,70,,127742,6,,,1,30,,127761,6,,,1,70,,127754,6,,,1,30,,127740,6,,,1,70,,127745,6,,,1,30,,127757,6,,,1,70,,127741,6,,,1,30,,127762,6,,,1,70,,127749,6,,,1,30,,68368,6,,,1,70,,127744,6,,,1,30,,127758,6,,,1,100,,127752,6,,,1,100,,111088,6,,,1
901,'14',541,,30148,6,,,1,71,,127770,6,,,1,21,,127763,6,,,1,72,,127784,6,,,1,31,,127783,6,,,1,72,,127767,6,,,1,30,,127771,6,,,1,69,,14593,6,,,1,30,,127764,6,,,1,70,,127786,6,,,1,28,,127777,6,,,1,71,,79884,6,,,1,30,,127775,6,,,1,71,,17223,6,,,1,31,,127788,6,,,1,70,,127787,6,,,1,30,,127766,6,,,1,70,,80719,6,,,1,30,,127776,6,,,1,72,,101411,6,,,1,33,,127785,6,,,1,71,,127768,6,,,1,29,,127769,6,,,1,67,,75841,6,,,1,33,,85920,6,,,1,67,,127772,6,,,1,28,,127782,6,,,1,68,,127765,6,,,1,26,,127774,6,,,1,70,,127780,6,,,1,30,,73620,6,,,1,70,,127779,6,,,1,30,,127778,6,,,1,70,,127789,6,,,1,30,,127773,6,,,1,70,,127781,6,,,1
901,'15',541,,30338,6,,,1,71,,127797,6,,,1,21,,127790,6,,,1,72,,127811,6,,,1,31,,127810,6,,,1,72,,127794,6,,,1,30,,127798,6,,,1,69,,15033,6,,,1,30,,127791,6,,,1,70,,127813,6,,,1,28,,127804,6,,,1,71,,80226,6,,,1,30,,127802,6,,,1,71,,17363,6,,,1,31,,127815,6,,,1,70,,127814,6,,,1,30,,127793,6,,,1,70,,80923,6,,,1,30,,127803,6,,,1,72,,101565,6,,,1,33,,127812,6,,,1,71,,127795,6,,,1,29,,127796,6,,,1,67,,76347,6,,,1,33,,86193,6,,,1,67,,127799,6,,,1,28,,127809,6,,,1,68,,127792,6,,,1,26,,127801,6,,,1,70,,127807,6,,,1,30,,73928,6,,,1,70,,127806,6,,,1,30,,127805,6,,,1,70,,127816,6,,,1,30,,127800,6,,,1,70,,127808,6,,,1
901,'16',541,,127845,6,,,1,71,,127829,6,,,1,21,,127817,6,,,1,72,,127843,6,,,1,31,,127840,6,,,1,72,,127825,6,,,1,30,,127830,6,,,1,69,,127818,6,,,1,30,,127821,6,,,1,70,,127846,6,,,1,28,,127835,6,,,1,71,,127819,6,,,1,30,,127833,6,,,1,71,,127841,6,,,1,31,,127848,6,,,1,70,,127847,6,,,1,30,,127823,6,,,1,70,,127849,6,,,1,30,,127834,6,,,1,72,,127824,6,,,1,33,,127844,6,,,1,71,,127827,6,,,1,29,,127828,6,,,1,67,,127820,6,,,1,33,,127842,6,,,1,67,,127831,6,,,1,28,,127839,6,,,1,68,,127822,6,,,1,26,,127832,6,,,1,70,,63026,6,,,1,30,,127826,6,,,1,70,,127837,6,,,1,30,,127836,6,,,1,70,,127850,6,,,1,30,,63908,6,,,1,70,,127838,6,,,1
901,'17',541,,127872,6,,,1,71,,3908,6,,,1,21,,127853,6,,,1,72,,127858,6,,,1,31,,127867,6,,,1,72,,127878,6,,,1,30,,127866,6,,,1,69,,127861,6,,,1,30,,127862,6,,,1,70,,127868,6,,,1,28,,127865,6,,,1,71,,127864,6,,,1,30,,127851,6,,,1,71,,127855,6,,,1,31,,56590,6,,,1,70,,127863,6,,,1,30,,127859,6,,,1,70,,120338,6,,,1,30,,127869,6,,,1,71,,127880,6,,,1,34,,127860,6,,,1,71,,127876,6,,,1,29,,127852,6,,,1,68,,127856,6,,,1,31,,127874,6,,,1,68,,127873,6,,,1,28,,127857,6,,,1,68,,60904,6,,,1,26,,10192,6,,,1,70,,127870,6,,,1,30,,127877,6,,,1,70,,127879,6,,,1,30,,127854,6,,,1,70,,127871,6,,,1,30,,127875,6,,,1,70,,31494,6,,,1
901,'2',541,,127902,6,,,1,71,,3611,6,,,1,21,,127883,6,,,1,72,,127888,6,,,1,31,,127897,6,,,1,72,,127908,6,,,1,30,,127896,6,,,1,69,,127891,6,,,1,30,,127892,6,,,1,70,,127898,6,,,1,28,,127895,6,,,1,71,,127894,6,,,1,30,,127881,6,,,1,71,,127885,6,,,1,31,,56410,6,,,1,70,,127893,6,,,1,30,,127889,6,,,1,70,,120332,6,,,1,30,,127899,6,,,1,71,,127910,6,,,1,34,,127890,6,,,1,71,,127906,6,,,1,29,,127882,6,,,1,68,,127886,6,,,1,31,,127904,6,,,1,68,,127903,6,,,1,28,,127887,6,,,1,68,,60803,6,,,1,26,,9970,6,,,1,70,,127900,6,,,1,30,,127907,6,,,1,70,,127909,6,,,1,30,,127884,6,,,1,70,,127901,6,,,1,30,,127905,6,,,1,70,,31351,6,,,1
901,'3',541,,30272,6,,,1,71,,127918,6,,,1,21,,127911,6,,,1,72,,127932,6,,,1,31,,127931,6,,,1,72,,127915,6,,,1,30,,127919,6,,,1,69,,14879,6,,,1,30,,127912,6,,,1,70,,127934,6,,,1,28,,127925,6,,,1,71,,80098,6,,,1,30,,127923,6,,,1,71,,17307,6,,,1,31,,127936,6,,,1,70,,127935,6,,,1,30,,127914,6,,,1,70,,80852,6,,,1,30,,127924,6,,,1,72,,101505,6,,,1,33,,127933,6,,,1,71,,127916,6,,,1,29,,127917,6,,,1,67,,76174,6,,,1,33,,86096,6,,,1,67,,127920,6,,,1,28,,127930,6,,,1,68,,127913,6,,,1,26,,127922,6,,,1,70,,127928,6,,,1,30,,73814,6,,,1,70,,127927,6,,,1,30,,127926,6,,,1,70,,127937,6,,,1,30,,127921,6,,,1,70,,127929,6,,,1
901,'4',652,,127943,6,,,1,70,,127959,6,,,1,100,,90044,6,,,1,30,,127952,6,,,1,70,,10633,6,,,1,30,,127957,6,,,1,70,,127963,6,,,1,30,,127949,6,,,1,70,,127939,6,,,1,30,,127946,6,,,1,70,,127951,6,,,1,30,,127938,6,,,1,70,,127944,6,,,1,30,,127961,6,,,1,70,,127940,6,,,1,30,,127955,6,,,1,70,,127948,6,,,1,30,,127962,6,,,1,70,,127947,6,,,1,30,,127945,6,,,1,70,,127956,6,,,1,30,,127941,6,,,1,70,,127953,6,,,1,30,,127950,6,,,1,70,,127960,6,,,1,30,,127958,6,,,1,70,,59489,6,,,1,30,,10663,6,,,1,100,,127954,6,,,1,100,,127942,6,,,1,100,,16952,6,,,1
901,'5',541,,127989,6,,,1,71,,127971,6,,,1,21,,127966,6,,,1,72,,127974,6,,,1,31,,127984,6,,,1,72,,127995,6,,,1,30,,127983,6,,,1,69,,127978,6,,,1,30,,127979,6,,,1,70,,127985,6,,,1,28,,127982,6,,,1,71,,127981,6,,,1,30,,127964,6,,,1,71,,127969,6,,,1,31,,127970,6,,,1,70,,127980,6,,,1,30,,127975,6,,,1,70,,127973,6,,,1,30,,127986,6,,,1,71,,127997,6,,,1,34,,127977,6,,,1,71,,127993,6,,,1,29,,127965,6,,,1,68,,88787,6,,,1,31,,127991,6,,,1,68,,127990,6,,,1,28,,127972,6,,,1,68,,127967,6,,,1,26,,127976,6,,,1,70,,112041,6,,,1,30,,127994,6,,,1,70,,127996,6,,,1,30,,127968,6,,,1,70,,127988,6,,,1,30,,127992,6,,,1,70,,127987,6,,,1
901,'6',541,,128019,6,,,1,71,,4335,6,,,1,21,,128000,6,,,1,72,,128005,6,,,1,31,,128014,6,,,1,72,,128025,6,,,1,30,,128013,6,,,1,69,,128008,6,,,1,30,,128009,6,,,1,70,,128015,6,,,1,28,,128012,6,,,1,71,,128011,6,,,1,30,,127998,6,,,1,71,,128002,6,,,1,31,,56871,6,,,1,70,,128010,6,,,1,30,,128006,6,,,1,70,,120344,6,,,1,30,,128016,6,,,1,71,,128027,6,,,1,34,,128007,6,,,1,71,,128023,6,,,1,29,,127999,6,,,1,68,,128003,6,,,1,31,,128021,6,,,1,68,,128020,6,,,1,28,,128004,6,,,1,68,,61075,6,,,1,26,,10509,6,,,1,70,,128017,6,,,1,30,,128024,6,,,1,70,,128026,6,,,1,30,,128001,6,,,1,70,,128018,6,,,1,30,,128022,6,,,1,70,,31702,6,,,1
901,'7',652,,128033,6,,,1,70,,128051,6,,,1,100,,128039,6,,,1,30,,128045,6,,,1,70,,128038,6,,,1,30,,128049,6,,,1,70,,128054,6,,,1,30,,128041,6,,,1,70,,128029,6,,,1,30,,128036,6,,,1,70,,128044,6,,,1,30,,128028,6,,,1,70,,128034,6,,,1,30,,18346,6,,,1,70,,128030,6,,,1,30,,128047,6,,,1,70,,128040,6,,,1,30,,128053,6,,,1,70,,128037,6,,,1,30,,128035,6,,,1,70,,128048,6,,,1,30,,128031,6,,,1,70,,104289,6,,,1,30,,128043,6,,,1,70,,128052,6,,,1,30,,128050,6,,,1,70,,128056,6,,,1,30,,128055,6,,,1,100,,128046,6,,,1,100,,128032,6,,,1,100,,128042,6,,,1
901,'8',541,,128078,6,,,1,71,,4262,6,,,1,21,,128059,6,,,1,72,,128064,6,,,1,31,,128073,6,,,1,72,,128084,6,,,1,30,,128072,6,,,1,69,,128067,6,,,1,30,,128068,6,,,1,70,,128074,6,,,1,28,,128071,6,,,1,71,,128070,6,,,1,30,,128057,6,,,1,71,,128061,6,,,1,31,,56823,6,,,1,70,,128069,6,,,1,30,,128065,6,,,1,70,,120341,6,,,1,30,,128075,6,,,1,71,,128086,6,,,1,34,,128066,6,,,1,71,,128082,6,,,1,29,,128058,6,,,1,68,,128062,6,,,1,31,,128080,6,,,1,68,,128079,6,,,1,28,,128063,6,,,1,68,,61042,6,,,1,26,,10449,6,,,1,70,,128076,6,,,1,30,,128083,6,,,1,70,,128085,6,,,1,30,,128060,6,,,1,70,,128077,6,,,1,30,,128081,6,,,1,70,,31664,6,,,1
901,'9',747,,128099,6,,,1,110,,128101,6,,,1,70,,128106,6,,,1,30,,128102,6,,,1,70,,128105,6,,,1,30,,16086,6,,,1,70,,128097,6,,,1,30,,128090,6,,,1,70,,128093,6,,,1,30,,108998,6,,,1,70,,128107,6,,,1,30,,128089,6,,,1,70,,128091,6,,,1,30,,128094,6,,,1,70,,14672,6,,,1,30,,128108,6,,,1,70,,128098,6,,,1,30,,128087,6,,,1,70,,33465,6,,,1,30,,128103,6,,,1,70,,128088,6,,,1,30,,23227,6,,,1,70,,128092,6,,,1,30,,128100,6,,,1,70,,41134,6,,,1,30,,128104,6,,,1,100,,128096,6,,,1,100,,128095,6,,,1
