26500,'10',543,,117044,13,,,1,70,,117043,13,,,1,28,,117042,13,,,1,67,,117046,13,,,1,28,,117047,13,,,1,72,,117041,13,,,1,36,,117045,13,,,1
26500,'11',543,,117051,13,,,1,70,,117050,13,,,1,28,,117049,13,,,1,67,,117053,13,,,1,28,,117054,13,,,1,72,,117048,13,,,1,36,,117052,13,,,1
26500,'12',543,,117058,13,,,1,70,,117057,13,,,1,28,,117056,13,,,1,67,,117060,13,,,1,28,,117061,13,,,1,72,,117055,13,,,1,36,,117059,13,,,1
26500,'13',543,,117064,13,,,1,70,,117067,13,,,1,28,,117063,13,,,1,67,,117066,13,,,1,29,,117062,13,,,1,71,,117068,13,,,1,37,,117065,13,,,1
26500,'15',543,,117072,13,,,1,70,,117071,13,,,1,28,,117070,13,,,1,67,,117074,13,,,1,28,,117075,13,,,1,72,,117069,13,,,1,36,,117073,13,,,1
26500,'16',543,,117079,13,,,1,70,,117078,13,,,1,28,,117077,13,,,1,67,,117081,13,,,1,28,,117082,13,,,1,72,,117076,13,,,1,36,,117080,13,,,1
26500,'17',543,,117085,13,,,1,70,,117088,13,,,1,28,,117084,13,,,1,67,,117087,13,,,1,29,,117083,13,,,1,71,,117089,13,,,1,37,,117086,13,,,1
26500,'18',543,,117093,13,,,1,96,,117090,13,,,1,100,,117091,13,,,1,106,,117092,13,,,1
26500,'19',543,,117096,13,,,1,70,,117099,13,,,1,28,,117095,13,,,1,67,,117098,13,,,1,29,,117094,13,,,1,71,,117100,13,,,1,37,,117097,13,,,1
26500,'3',543,,117104,13,,,1,70,,117103,13,,,1,28,,117102,13,,,1,67,,117106,13,,,1,28,,117107,13,,,1,72,,117101,13,,,1,36,,117105,13,,,1
26500,'4',543,,117111,13,,,1,70,,117110,13,,,1,28,,117109,13,,,1,67,,117113,13,,,1,28,,117114,13,,,1,72,,117108,13,,,1,36,,117112,13,,,1
26500,'5',543,,117117,13,,,1,70,,117120,13,,,1,28,,117116,13,,,1,67,,117119,13,,,1,29,,117115,13,,,1,71,,117121,13,,,1,37,,117118,13,,,1
26500,'6',543,,117125,13,,,1,70,,117124,13,,,1,28,,117123,13,,,1,67,,117127,13,,,1,28,,117128,13,,,1,72,,117122,13,,,1,36,,117126,13,,,1
26500,'7',543,,117131,13,,,1,70,,117134,13,,,1,28,,117130,13,,,1,67,,117133,13,,,1,29,,117129,13,,,1,71,,117135,13,,,1,37,,117132,13,,,1
