6301,'1',524,,68279,,,1,30,,68270,,,1,55,,68260,,,1,14,,68275,,,1,16,,68286,,,1,10,,68267,,,1,53,,68285,,,1,13,,68272,,,1,19,,68296,,,1,13,,68278,,,1,57,,68280,,,1,20,,68295,,,1,14,,68263,,,1,70,,68302,,,1,30,,68299,,,1,70,,68269,,,1,30,,68300,,,1,65,,68303,,,1,30,,68257,,,1,70,,68264,,,1,30,,68274,,,1,70,,68297,,,1,30,,68265,,,1,70,,68294,,,1,30,,68258,,,1,70,,68262,,,1,30,,68305,,,1,70,,68306,,,1,15,,68281,,,1,15,,68304,,,1,15,,68268,,,1,55,,68298,,,1,15,,68282,,,1,30,,68291,,,1,55,,68301,,,1,15,,68271,,,1,15,,68289,,,1,15,,68292,,,1,55,,68287,,,1,15,,68284,,,1,30,,68276,,,1,70,,68261,,,1,30,,68277,,,1,70,,68283,,,1,30,,68290,,,1,70,,68259,,,1,30,,68293,,,1,70,,68273,,,1,30,,68266,,,1
6301,'10',524,,68318,,,1,30,,68344,,,1,55,,68333,,,1,13,,68336,,,1,15,,68348,,,1,10,,68309,,,1,55,,68339,,,1,14,,68349,,,1,18,,68335,,,1,13,,68332,,,1,57,,68308,,,1,21,,68343,,,1,13,,68345,,,1,70,,68330,,,1,30,,68315,,,1,70,,68310,,,1,30,,68355,,,1,65,,68321,,,1,30,,68307,,,1,70,,68329,,,1,30,,68312,,,1,70,,68317,,,1,30,,68311,,,1,70,,68314,,,1,30,,68334,,,1,70,,68350,,,1,29,,68326,,,1,71,,68337,,,1,15,,68356,,,1,13,,68353,,,1,17,,68347,,,1,55,,68322,,,1,15,,68324,,,1,15,,68352,,,1,15,,68341,,,1,55,,68340,,,1,15,,68338,,,1,15,,68351,,,1,15,,68346,,,1,55,,68357,,,1,15,,68342,,,1,30,,68325,,,1,70,,68354,,,1,30,,68328,,,1,70,,68323,,,1,30,,68327,,,1,70,,68319,,,1,30,,68316,,,1,70,,68320,,,1,30,,68313,,,1
6301,'11',524,,68380,,,1,30,,68371,,,1,55,,68361,,,1,14,,68376,,,1,16,,68387,,,1,10,,68368,,,1,53,,68386,,,1,13,,68373,,,1,19,,68397,,,1,13,,68379,,,1,57,,68381,,,1,20,,68396,,,1,14,,68364,,,1,70,,68403,,,1,30,,68400,,,1,70,,68370,,,1,30,,68401,,,1,65,,68404,,,1,30,,68358,,,1,70,,68365,,,1,30,,68375,,,1,70,,68398,,,1,30,,68366,,,1,70,,68395,,,1,30,,68359,,,1,70,,68363,,,1,30,,68406,,,1,70,,68407,,,1,15,,68382,,,1,15,,68405,,,1,15,,68369,,,1,55,,68399,,,1,15,,68383,,,1,30,,68392,,,1,55,,68402,,,1,15,,68372,,,1,15,,68390,,,1,15,,68393,,,1,55,,68388,,,1,15,,68385,,,1,30,,68377,,,1,70,,68362,,,1,30,,68378,,,1,70,,68384,,,1,30,,68391,,,1,70,,68360,,,1,30,,68394,,,1,70,,68374,,,1,30,,68367,,,1
6301,'12',524,,68433,,,1,30,,68452,,,1,54,,68414,,,1,14,,68418,,,1,15,,68410,,,1,12,,68428,,,1,53,,68437,,,1,15,,68426,,,1,17,,68451,,,1,15,,68435,,,1,55,,68458,,,1,20,,68424,,,1,14,,68442,,,1,70,,68436,,,1,30,,68411,,,1,70,,68415,,,1,30,,68439,,,1,65,,68429,,,1,30,,68430,,,1,70,,68440,,,1,30,,68423,,,1,70,,68448,,,1,30,,68409,,,1,70,,68419,,,1,30,,68443,,,1,68,,68417,,,1,32,,68453,,,1,68,,68441,,,1,15,,68455,,,1,15,,68449,,,1,17,,68456,,,1,55,,68434,,,1,15,,68446,,,1,15,,68438,,,1,15,,68413,,,1,56,,68445,,,1,14,,68454,,,1,15,,68444,,,1,15,,68421,,,1,55,,68422,,,1,15,,68408,,,1,30,,68425,,,1,70,,68457,,,1,30,,68420,,,1,70,,68431,,,1,30,,68416,,,1,70,,68432,,,1,30,,68427,,,1,70,,68447,,,1,30,,68450,,,1
6301,'13',719,,68482,,,1,100,,68473,,,1,100,,68486,,,1,101,,68487,,,1,30,,68477,,,1,70,,68485,,,1,30,,68469,,,1,70,,68480,,,1,30,,68470,,,1,70,,68483,,,1,30,,68462,,,1,70,,68461,,,1,30,,68472,,,1,70,,68478,,,1,30,,68465,,,1,70,,68475,,,1,30,,68466,,,1,70,,68468,,,1,30,,68481,,,1,70,,68460,,,1,30,,68459,,,1,70,,68463,,,1,30,,68471,,,1,70,,68479,,,1,30,,68467,,,1,70,,68474,,,1,30,,68464,,,1,70,,68476,,,1,100,,68484,,,1
6301,'14',719,,68511,,,1,100,,68502,,,1,100,,68515,,,1,101,,68516,,,1,30,,68506,,,1,70,,68514,,,1,30,,68498,,,1,70,,68509,,,1,30,,68499,,,1,70,,68512,,,1,30,,68491,,,1,70,,68490,,,1,30,,68501,,,1,70,,68507,,,1,30,,68494,,,1,70,,68504,,,1,30,,68495,,,1,70,,68497,,,1,30,,68510,,,1,70,,68489,,,1,30,,68488,,,1,70,,68492,,,1,30,,68500,,,1,70,,68508,,,1,30,,68496,,,1,70,,68503,,,1,30,,68493,,,1,70,,68505,,,1,100,,68513,,,1
6301,'15',524,,68528,,,1,30,,68554,,,1,55,,68543,,,1,13,,68546,,,1,15,,68558,,,1,10,,68519,,,1,55,,68549,,,1,14,,68559,,,1,18,,68545,,,1,13,,68542,,,1,57,,68518,,,1,21,,68553,,,1,13,,68555,,,1,70,,68540,,,1,30,,68525,,,1,70,,68520,,,1,30,,68565,,,1,65,,68531,,,1,30,,68517,,,1,70,,68539,,,1,30,,68522,,,1,70,,68527,,,1,30,,68521,,,1,70,,68524,,,1,30,,68544,,,1,70,,68560,,,1,29,,68536,,,1,71,,68547,,,1,15,,68566,,,1,13,,68563,,,1,17,,68557,,,1,55,,68532,,,1,15,,68534,,,1,15,,68562,,,1,15,,68551,,,1,55,,68550,,,1,15,,68548,,,1,15,,68561,,,1,15,,68556,,,1,55,,68567,,,1,15,,68552,,,1,30,,68535,,,1,70,,68564,,,1,30,,68538,,,1,70,,68533,,,1,30,,68537,,,1,70,,68529,,,1,30,,68526,,,1,70,,68530,,,1,30,,68523,,,1
6301,'16',524,,68590,,,1,30,,68581,,,1,55,,68571,,,1,14,,68586,,,1,16,,68597,,,1,10,,68578,,,1,53,,68596,,,1,13,,68583,,,1,19,,68607,,,1,13,,68589,,,1,57,,68591,,,1,20,,68606,,,1,14,,68574,,,1,70,,68613,,,1,30,,68610,,,1,70,,68580,,,1,30,,68611,,,1,65,,68614,,,1,30,,68568,,,1,70,,68575,,,1,30,,68585,,,1,70,,68608,,,1,30,,68576,,,1,70,,68605,,,1,30,,68569,,,1,70,,68573,,,1,30,,68616,,,1,70,,68617,,,1,15,,68592,,,1,15,,68615,,,1,15,,68579,,,1,55,,68609,,,1,15,,68593,,,1,30,,68602,,,1,55,,68612,,,1,15,,68582,,,1,15,,68600,,,1,15,,68603,,,1,55,,68598,,,1,15,,68595,,,1,30,,68587,,,1,70,,68572,,,1,30,,68588,,,1,70,,68594,,,1,30,,68601,,,1,70,,68570,,,1,30,,68604,,,1,70,,68584,,,1,30,,68577,,,1
6301,'17',719,,68641,,,1,100,,68632,,,1,100,,68645,,,1,101,,68646,,,1,30,,68636,,,1,70,,68644,,,1,30,,68628,,,1,70,,68639,,,1,30,,68629,,,1,70,,68642,,,1,30,,68621,,,1,70,,68620,,,1,30,,68631,,,1,70,,68637,,,1,30,,68624,,,1,70,,68634,,,1,30,,68625,,,1,70,,68627,,,1,30,,68640,,,1,70,,68619,,,1,30,,68618,,,1,70,,68622,,,1,30,,68630,,,1,70,,68638,,,1,30,,68626,,,1,70,,68633,,,1,30,,68623,,,1,70,,68635,,,1,100,,68643,,,1
6301,'18',720,,68659,,,1,37,,68677,,,1,70,,68665,,,1,30,,68651,,,1,70,,68674,,,1,30,,68649,,,1,70,,68669,,,1,31,,68664,,,1,70,,68678,,,1,30,,68655,,,1,70,,68661,,,1,30,,68676,,,1,70,,68667,,,1,30,,68670,,,1,70,,68656,,,1,30,,68673,,,1,70,,68666,,,1,30,,68668,,,1,70,,68648,,,1,30,,68663,,,1,70,,68650,,,1,30,,68654,,,1,70,,68680,,,1,30,,68675,,,1,70,,68679,,,1,30,,68658,,,1,70,,68662,,,1,30,,68647,,,1,70,,68652,,,1,30,,68671,,,1,70,,68653,,,1,30,,68657,,,1,70,,68660,,,1,30,,68672,,,1
6301,'19',720,,68693,,,1,37,,68711,,,1,70,,68699,,,1,30,,68685,,,1,70,,68708,,,1,30,,68683,,,1,70,,68703,,,1,31,,68698,,,1,70,,68712,,,1,30,,68689,,,1,70,,68695,,,1,30,,68710,,,1,70,,68701,,,1,30,,68704,,,1,70,,68690,,,1,30,,68707,,,1,70,,68700,,,1,30,,68702,,,1,70,,68682,,,1,30,,68697,,,1,70,,68684,,,1,30,,68688,,,1,70,,68714,,,1,30,,68709,,,1,70,,68713,,,1,30,,68692,,,1,70,,68696,,,1,30,,68681,,,1,70,,68686,,,1,30,,68705,,,1,70,,68687,,,1,30,,68691,,,1,70,,68694,,,1,30,,68706,,,1
6301,'2',719,,68738,,,1,100,,68729,,,1,100,,68742,,,1,101,,68743,,,1,30,,68733,,,1,70,,68741,,,1,30,,68725,,,1,70,,68736,,,1,30,,68726,,,1,70,,68739,,,1,30,,68718,,,1,70,,68717,,,1,30,,68728,,,1,70,,68734,,,1,30,,68721,,,1,70,,68731,,,1,30,,68722,,,1,70,,68724,,,1,30,,68737,,,1,70,,68716,,,1,30,,68715,,,1,70,,68719,,,1,30,,68727,,,1,70,,68735,,,1,30,,68723,,,1,70,,68730,,,1,30,,68720,,,1,70,,68732,,,1,100,,68740,,,1
6301,'20',524,,68766,,,1,30,,68757,,,1,55,,68747,,,1,14,,68762,,,1,16,,68773,,,1,10,,68754,,,1,53,,68772,,,1,13,,68759,,,1,19,,68783,,,1,13,,68765,,,1,57,,68767,,,1,20,,68782,,,1,14,,68750,,,1,70,,68789,,,1,30,,68786,,,1,70,,68756,,,1,30,,68787,,,1,65,,68790,,,1,30,,68744,,,1,70,,68751,,,1,30,,68761,,,1,70,,68784,,,1,30,,68752,,,1,70,,68781,,,1,30,,68745,,,1,70,,68749,,,1,30,,68792,,,1,70,,68793,,,1,15,,68768,,,1,15,,68791,,,1,15,,68755,,,1,55,,68785,,,1,15,,68769,,,1,30,,68778,,,1,55,,68788,,,1,15,,68758,,,1,15,,68776,,,1,15,,68779,,,1,55,,68774,,,1,15,,68771,,,1,30,,68763,,,1,70,,68748,,,1,30,,68764,,,1,70,,68770,,,1,30,,68777,,,1,70,,68746,,,1,30,,68780,,,1,70,,68760,,,1,30,,68753,,,1
6301,'3',524,,68816,,,1,30,,68807,,,1,55,,68797,,,1,14,,68812,,,1,16,,68823,,,1,10,,68804,,,1,53,,68822,,,1,13,,68809,,,1,19,,68833,,,1,13,,68815,,,1,57,,68817,,,1,20,,68832,,,1,14,,68800,,,1,70,,68839,,,1,30,,68836,,,1,70,,68806,,,1,30,,68837,,,1,65,,68840,,,1,30,,68794,,,1,70,,68801,,,1,30,,68811,,,1,70,,68834,,,1,30,,68802,,,1,70,,68831,,,1,30,,68795,,,1,70,,68799,,,1,30,,68842,,,1,70,,68843,,,1,15,,68818,,,1,15,,68841,,,1,15,,68805,,,1,55,,68835,,,1,15,,68819,,,1,30,,68828,,,1,55,,68838,,,1,15,,68808,,,1,15,,68826,,,1,15,,68829,,,1,55,,68824,,,1,15,,68821,,,1,30,,68813,,,1,70,,68798,,,1,30,,68814,,,1,70,,68820,,,1,30,,68827,,,1,70,,68796,,,1,30,,68830,,,1,70,,68810,,,1,30,,68803,,,1
6301,'4',524,,68866,,,1,30,,68857,,,1,55,,68847,,,1,14,,68862,,,1,16,,68873,,,1,10,,68854,,,1,53,,68872,,,1,13,,68859,,,1,19,,68883,,,1,13,,68865,,,1,57,,68867,,,1,20,,68882,,,1,14,,68850,,,1,70,,68889,,,1,30,,68886,,,1,70,,68856,,,1,30,,68887,,,1,65,,68890,,,1,30,,68844,,,1,70,,68851,,,1,30,,68861,,,1,70,,68884,,,1,30,,68852,,,1,70,,68881,,,1,30,,68845,,,1,70,,68849,,,1,30,,68892,,,1,70,,68893,,,1,15,,68868,,,1,15,,68891,,,1,15,,68855,,,1,55,,68885,,,1,15,,68869,,,1,30,,68878,,,1,55,,68888,,,1,15,,68858,,,1,15,,68876,,,1,15,,68879,,,1,55,,68874,,,1,15,,68871,,,1,30,,68863,,,1,70,,68848,,,1,30,,68864,,,1,70,,68870,,,1,30,,68877,,,1,70,,68846,,,1,30,,68880,,,1,70,,68860,,,1,30,,68853,,,1
6301,'5',524,,68916,,,1,30,,68907,,,1,55,,68897,,,1,14,,68912,,,1,16,,68923,,,1,10,,68904,,,1,53,,68922,,,1,13,,68909,,,1,19,,68933,,,1,13,,68915,,,1,57,,68917,,,1,20,,68932,,,1,14,,68900,,,1,70,,68939,,,1,30,,68936,,,1,70,,68906,,,1,30,,68937,,,1,65,,68940,,,1,30,,68894,,,1,70,,68901,,,1,30,,68911,,,1,70,,68934,,,1,30,,68902,,,1,70,,68931,,,1,30,,68895,,,1,70,,68899,,,1,30,,68942,,,1,70,,68943,,,1,15,,68918,,,1,15,,68941,,,1,15,,68905,,,1,55,,68935,,,1,15,,68919,,,1,30,,68928,,,1,55,,68938,,,1,15,,68908,,,1,15,,68926,,,1,15,,68929,,,1,55,,68924,,,1,15,,68921,,,1,30,,68913,,,1,70,,68898,,,1,30,,68914,,,1,70,,68920,,,1,30,,68927,,,1,70,,68896,,,1,30,,68930,,,1,70,,68910,,,1,30,,68903,,,1
6301,'6',524,,68966,,,1,30,,68957,,,1,55,,68947,,,1,14,,68962,,,1,16,,68973,,,1,10,,68954,,,1,53,,68972,,,1,13,,68959,,,1,19,,68983,,,1,13,,68965,,,1,57,,68967,,,1,20,,68982,,,1,14,,68950,,,1,70,,68989,,,1,30,,68986,,,1,70,,68956,,,1,30,,68987,,,1,65,,68990,,,1,30,,68944,,,1,70,,68951,,,1,30,,68961,,,1,70,,68984,,,1,30,,68952,,,1,70,,68981,,,1,30,,68945,,,1,70,,68949,,,1,30,,68992,,,1,70,,68993,,,1,15,,68968,,,1,15,,68991,,,1,15,,68955,,,1,55,,68985,,,1,15,,68969,,,1,30,,68978,,,1,55,,68988,,,1,15,,68958,,,1,15,,68976,,,1,15,,68979,,,1,55,,68974,,,1,15,,68971,,,1,30,,68963,,,1,70,,68948,,,1,30,,68964,,,1,70,,68970,,,1,30,,68977,,,1,70,,68946,,,1,30,,68980,,,1,70,,68960,,,1,30,,68953,,,1
6301,'7',524,,69005,,,1,30,,69031,,,1,55,,69020,,,1,13,,69023,,,1,15,,69035,,,1,10,,68996,,,1,55,,69026,,,1,14,,69036,,,1,18,,69022,,,1,13,,69019,,,1,57,,68995,,,1,21,,69030,,,1,13,,69032,,,1,70,,69017,,,1,30,,69002,,,1,70,,68997,,,1,30,,69042,,,1,65,,69008,,,1,30,,68994,,,1,70,,69016,,,1,30,,68999,,,1,70,,69004,,,1,30,,68998,,,1,70,,69001,,,1,30,,69021,,,1,70,,69037,,,1,29,,69013,,,1,71,,69024,,,1,15,,69043,,,1,13,,69040,,,1,17,,69034,,,1,55,,69009,,,1,15,,69011,,,1,15,,69039,,,1,15,,69028,,,1,55,,69027,,,1,15,,69025,,,1,15,,69038,,,1,15,,69033,,,1,55,,69044,,,1,15,,69029,,,1,30,,69012,,,1,70,,69041,,,1,30,,69015,,,1,70,,69010,,,1,30,,69014,,,1,70,,69006,,,1,30,,69003,,,1,70,,69007,,,1,30,,69000,,,1
6301,'8',524,,69056,,,1,30,,69082,,,1,55,,69071,,,1,13,,69074,,,1,15,,69086,,,1,10,,69047,,,1,55,,69077,,,1,14,,69087,,,1,18,,69073,,,1,13,,69070,,,1,57,,69046,,,1,21,,69081,,,1,13,,69083,,,1,70,,69068,,,1,30,,69053,,,1,70,,69048,,,1,30,,69093,,,1,65,,69059,,,1,30,,69045,,,1,70,,69067,,,1,30,,69050,,,1,70,,69055,,,1,30,,69049,,,1,70,,69052,,,1,30,,69072,,,1,70,,69088,,,1,29,,69064,,,1,71,,69075,,,1,15,,69094,,,1,13,,69091,,,1,17,,69085,,,1,55,,69060,,,1,15,,69062,,,1,15,,69090,,,1,15,,69079,,,1,55,,69078,,,1,15,,69076,,,1,15,,69089,,,1,15,,69084,,,1,55,,69095,,,1,15,,69080,,,1,30,,69063,,,1,70,,69092,,,1,30,,69066,,,1,70,,69061,,,1,30,,69065,,,1,70,,69057,,,1,30,,69054,,,1,70,,69058,,,1,30,,69051,,,1
6301,'9',524,,69107,,,1,30,,69133,,,1,55,,69122,,,1,13,,69125,,,1,15,,69137,,,1,10,,69098,,,1,55,,69128,,,1,14,,69138,,,1,18,,69124,,,1,13,,69121,,,1,57,,69097,,,1,21,,69132,,,1,13,,69134,,,1,70,,69119,,,1,30,,69104,,,1,70,,69099,,,1,30,,69144,,,1,65,,69110,,,1,30,,69096,,,1,70,,69118,,,1,30,,69101,,,1,70,,69106,,,1,30,,69100,,,1,70,,69103,,,1,30,,69123,,,1,70,,69139,,,1,29,,69115,,,1,71,,69126,,,1,15,,69145,,,1,13,,69142,,,1,17,,69136,,,1,55,,69111,,,1,15,,69113,,,1,15,,69141,,,1,15,,69130,,,1,55,,69129,,,1,15,,69127,,,1,15,,69140,,,1,15,,69135,,,1,55,,69146,,,1,15,,69131,,,1,30,,69114,,,1,70,,69143,,,1,30,,69117,,,1,70,,69112,,,1,30,,69116,,,1,70,,69108,,,1,30,,69105,,,1,70,,69109,,,1,30,,69102,,,1
