16100,'1',1624,,369145,53,,,0,30,,369146,53,,,0,72,,226271,53,,,0,30,,369155,53,,,0,70,,369161,53,,,0,23,,369150,53,,,0,70,,369143,53,,,0
16100,'11',1628,,239024,53,,,0,28,,369188,53,,,0,70,,369180,53,,,0,30,,369185,53,,,0,70,,369191,53,,,0,23,,369184,53,,,0,70,,369201,53,,,0
16100,'13',1628,,239077,53,,,0,28,,369230,53,,,0,70,,369222,53,,,0,30,,369227,53,,,0,70,,369233,53,,,0,23,,369226,53,,,0,70,,369243,53,,,0
16100,'14',1628,,239252,53,,,0,28,,369256,53,,,0,70,,369248,53,,,0,30,,369253,53,,,0,70,,369259,53,,,0,23,,369252,53,,,0,70,,369269,53,,,0
16100,'2',1628,,369304,53,,,0,28,,369312,53,,,0,70,,369302,53,,,0,30,,369308,53,,,0,70,,369316,53,,,0,23,,369307,53,,,0,70,,369325,53,,,0
16100,'3',1628,,369335,53,,,0,28,,285094,53,,,0,70,,246937,53,,,0,30,,369341,53,,,0,70,,369346,53,,,0,23,,369340,53,,,0,70,,369355,53,,,0
16100,'4',1658,,243415,53,,,0,98,,214403,53,,,0,93,,369368,53,,,0
16100,'5',1628,,369379,53,,,0,28,,285180,53,,,0,70,,137163,53,,,0,30,,369385,53,,,0,70,,369390,53,,,0,23,,369384,53,,,0,70,,369399,53,,,0
16100,'6',1628,,238737,53,,,0,28,,369415,53,,,0,70,,369407,53,,,0,30,,369412,53,,,0,70,,369418,53,,,0,23,,369411,53,,,0,70,,369428,53,,,0
16100,'7',1628,,369435,53,,,0,28,,369443,53,,,0,70,,369433,53,,,0,30,,369439,53,,,0,70,,369447,53,,,0,23,,369438,53,,,0,70,,369456,53,,,0
16100,'9',1628,,238601,53,,,0,28,,369489,53,,,0,70,,369481,53,,,0,30,,369486,53,,,0,70,,369492,53,,,0,23,,369485,53,,,0,70,,369502,53,,,0
65600,'11',1537,,376842,9,,,0
65600,'13',1537,,376843,9,,,0
65600,'14',1537,,376844,9,,,0
65600,'2',1537,,376845,9,,,0
65600,'3',1537,,266009,9,,,0
65600,'5',1537,,266106,9,,,0
65600,'6',1537,,376846,9,,,0
65600,'7',1537,,376847,9,,,0
65600,'9',1537,,376848,9,,,0
65700,'11',1537,,376857,9,,,0
65700,'13',1537,,376859,9,,,0
65700,'14',1537,,376861,9,,,0
65700,'2',1537,,376863,9,,,0
65700,'3',1537,,376865,9,,,0
65700,'5',1537,,376867,9,,,0
65700,'6',1537,,376869,9,,,0
65700,'7',1537,,376871,9,,,0
65700,'9',1537,,376873,9,,,0
66200,'11',1439,,377021,24,,,0
66200,'13',1439,,377022,24,,,0
66200,'14',1439,,377023,24,,,0
66200,'2',1439,,377024,24,,,0
66200,'3',1439,,377025,24,,,0
66200,'5',1439,,377026,24,,,0
66200,'6',1439,,377027,24,,,0
66200,'7',1439,,377028,24,,,0
66200,'9',1439,,377029,24,,,0
68101,'11',1553,,377841,34,,,0
68101,'13',1553,,377842,34,,,0
68101,'14',1553,,377843,34,,,0
68101,'2',1553,,377844,34,,,0
68101,'3',1553,,377845,34,,,0
68101,'5',1553,,377846,34,,,0
68101,'6',1553,,377847,34,,,0
68101,'7',1553,,377848,34,,,0
68101,'9',1553,,377849,34,,,0
