62100,'10',801,,182817,0,73 74 75,1,29,,341184,,,1
62100,'12',801,,182196,0,73 74 75,1,29,,341186,,,1
62100,'14',801,,182548,0,73 74 75,1,29,,341188,,,1
62100,'18',801,,182739,0,73 74 75,1,29,,341190,,,1
62100,'21',801,,182313,0,73 74 75,1,29,,341192,,,1
62100,'22',801,,60894,0,73 74 75,1,29,,341194,,,1
62100,'4',801,,341196,0,73 74 75,1,29,,341197,,,1
62100,'8',801,,341199,0,73 74 75,1,29,,341200,,,1
62700,'10',753,,203947,,,1
62700,'12',753,,203382,,,1
62700,'14',753,,203699,,,1
62700,'18',753,,203865,,,1
62700,'21',753,,203484,,,1
62700,'22',753,,203421,,,1
62700,'4',753,,341248,,,1
62700,'8',753,,341249,,,1
