16800,'1',659,,111401,51,,,1,100,,111415,51,,,1,100,,111423,51,,,1,70,,111414,51,,,1,30,,111408,51,,,1,73,,111413,51,,,1,70,,111400,51,,,1,30,,111407,51,,,1,70,,111404,51,,,1,31,,111418,51,,,1,70,,111411,51,,,1,30,,111406,51,,,1,70,,111426,51,,,1,30,,111409,51,,,1,70,,111403,51,,,1,30,,111410,51,,,1,70,,111422,51,,,1,30,,111419,51,,,1,70,,111416,51,,,1,30,,111420,51,,,1,70,,111425,51,,,1,29,,111402,51,,,1,70,,111412,51,,,1,100,,111427,51,,,1,57,,111424,51,,,1,100,,111405,51,,,1,100,,111421,51,,,1,153,,111417,51,,,1
16800,'10',548,,111428,51,,,1,75,,111430,51,,,1,29,,111454,51,,,1,70,,111444,51,,,1,34,,111450,51,,,1,70,,111439,51,,,1,30,,111432,51,,,1,70,,111445,51,,,1,27,,111436,51,,,1,70,,111442,51,,,1,30,,111453,51,,,1,70,,111458,51,,,1,30,,111449,51,,,1,70,,111446,51,,,1,30,,111438,51,,,1,70,,111447,51,,,1,30,,111429,51,,,1,75,,111443,51,,,1,30,,111462,51,,,1,73,,111461,51,,,1,69,,111448,51,,,1,28,,111435,51,,,1,30,,111440,51,,,1,70,,111433,51,,,1,30,,111452,51,,,1,70,,111437,51,,,1,28,,111456,51,,,1,70,,111451,51,,,1,25,,111460,51,,,1,70,,111459,51,,,1,30,,111441,51,,,1,70,,111455,51,,,1,30,,111434,51,,,1,100,,111457,51,,,1,108,,111431,51,,,1
16800,'11',548,,111463,51,,,1,75,,111465,51,,,1,29,,111489,51,,,1,70,,111479,51,,,1,34,,111485,51,,,1,70,,111474,51,,,1,30,,111467,51,,,1,70,,111480,51,,,1,27,,111471,51,,,1,70,,111477,51,,,1,30,,111488,51,,,1,70,,111493,51,,,1,30,,111484,51,,,1,70,,111481,51,,,1,30,,111473,51,,,1,70,,111482,51,,,1,30,,111464,51,,,1,75,,111478,51,,,1,30,,111497,51,,,1,73,,111496,51,,,1,69,,111483,51,,,1,28,,111470,51,,,1,30,,111475,51,,,1,70,,111468,51,,,1,30,,111487,51,,,1,70,,111472,51,,,1,28,,111491,51,,,1,70,,111486,51,,,1,25,,111495,51,,,1,70,,111494,51,,,1,30,,111476,51,,,1,70,,111490,51,,,1,30,,111469,51,,,1,100,,111492,51,,,1,108,,111466,51,,,1
16800,'12',548,,111498,51,,,1,75,,111500,51,,,1,29,,111524,51,,,1,70,,111514,51,,,1,34,,111520,51,,,1,70,,111509,51,,,1,30,,111502,51,,,1,70,,111515,51,,,1,27,,111506,51,,,1,70,,111512,51,,,1,30,,111523,51,,,1,70,,111528,51,,,1,30,,111519,51,,,1,70,,111516,51,,,1,30,,111508,51,,,1,70,,111517,51,,,1,30,,111499,51,,,1,75,,111513,51,,,1,30,,111532,51,,,1,73,,111531,51,,,1,69,,111518,51,,,1,28,,111505,51,,,1,30,,111510,51,,,1,70,,111503,51,,,1,30,,111522,51,,,1,70,,111507,51,,,1,28,,111526,51,,,1,70,,111521,51,,,1,25,,111530,51,,,1,70,,111529,51,,,1,30,,111511,51,,,1,70,,111525,51,,,1,30,,111504,51,,,1,100,,111527,51,,,1,108,,111501,51,,,1
16800,'13',548,,111561,51,,,1,75,,111558,51,,,1,29,,111552,51,,,1,70,,111563,51,,,1,34,,111549,51,,,1,70,,111555,51,,,1,30,,111567,51,,,1,70,,111535,51,,,1,27,,111537,51,,,1,70,,111565,51,,,1,30,,111559,51,,,1,70,,111543,51,,,1,30,,111547,51,,,1,70,,111536,51,,,1,30,,111556,51,,,1,70,,111566,51,,,1,30,,111562,51,,,1,75,,111557,51,,,1,30,,111545,51,,,1,73,,111533,51,,,1,27,,111554,51,,,1,70,,111534,51,,,1,30,,111541,51,,,1,70,,111560,51,,,1,30,,111538,51,,,1,70,,111540,51,,,1,28,,111539,51,,,1,70,,111544,51,,,1,25,,111553,51,,,1,70,,111542,51,,,1,30,,111546,51,,,1,70,,111548,51,,,1,30,,111550,51,,,1,100,,111564,51,,,1,108,,111551,51,,,1
16800,'14',701,,111593,51,,,1,100,,111589,51,,,1,30,,111568,51,,,1,70,,111574,51,,,1,30,,111576,51,,,1,70,,111571,51,,,1,33,,111583,51,,,1,70,,111582,51,,,1,30,,111581,51,,,1,70,,111597,51,,,1,31,,111596,51,,,1,70,,111584,51,,,1,30,,111595,51,,,1,70,,111577,51,,,1,30,,111575,51,,,1,70,,111570,51,,,1,30,,111594,51,,,1,70,,111569,51,,,1,30,,111587,51,,,1,70,,111592,51,,,1,30,,111573,51,,,1,70,,111585,51,,,1,29,,111599,51,,,1,70,,111578,51,,,1,30,,111590,51,,,1,70,,111579,51,,,1,27,,111580,51,,,1,70,,111591,51,,,1,30,,111588,51,,,1,70,,111598,51,,,1,100,,111572,51,,,1,120,,111586,51,,,1
16800,'15',548,,111600,51,,,1,75,,111602,51,,,1,29,,111626,51,,,1,70,,111616,51,,,1,34,,111622,51,,,1,70,,111611,51,,,1,30,,111604,51,,,1,70,,111617,51,,,1,27,,111608,51,,,1,70,,111614,51,,,1,30,,111625,51,,,1,70,,111630,51,,,1,30,,111621,51,,,1,70,,111618,51,,,1,30,,111610,51,,,1,70,,111619,51,,,1,30,,111601,51,,,1,75,,111615,51,,,1,30,,111634,51,,,1,73,,111633,51,,,1,69,,111620,51,,,1,28,,111607,51,,,1,30,,111612,51,,,1,70,,111605,51,,,1,30,,111624,51,,,1,70,,111609,51,,,1,28,,111628,51,,,1,70,,111623,51,,,1,25,,111632,51,,,1,70,,111631,51,,,1,30,,111613,51,,,1,70,,111627,51,,,1,30,,111606,51,,,1,100,,111629,51,,,1,108,,111603,51,,,1
16800,'16',548,,111635,51,,,1,75,,111637,51,,,1,29,,111661,51,,,1,70,,111651,51,,,1,34,,111657,51,,,1,70,,111646,51,,,1,30,,111639,51,,,1,70,,111652,51,,,1,27,,111643,51,,,1,70,,111649,51,,,1,30,,111660,51,,,1,70,,111665,51,,,1,30,,111656,51,,,1,70,,111653,51,,,1,30,,111645,51,,,1,70,,111654,51,,,1,30,,111636,51,,,1,75,,111650,51,,,1,30,,111669,51,,,1,73,,111668,51,,,1,69,,111655,51,,,1,28,,111642,51,,,1,30,,111647,51,,,1,70,,111640,51,,,1,30,,111659,51,,,1,70,,111644,51,,,1,28,,111663,51,,,1,70,,111658,51,,,1,25,,111667,51,,,1,70,,111666,51,,,1,30,,111648,51,,,1,70,,111662,51,,,1,30,,111641,51,,,1,100,,111664,51,,,1,108,,111638,51,,,1
16800,'17',548,,111698,51,,,1,75,,111695,51,,,1,29,,111689,51,,,1,70,,111700,51,,,1,34,,111686,51,,,1,70,,111692,51,,,1,30,,111704,51,,,1,70,,111672,51,,,1,27,,111674,51,,,1,70,,111702,51,,,1,30,,111696,51,,,1,70,,111680,51,,,1,30,,111684,51,,,1,70,,111673,51,,,1,30,,111693,51,,,1,70,,111703,51,,,1,30,,111699,51,,,1,75,,111694,51,,,1,30,,111682,51,,,1,73,,111670,51,,,1,27,,111691,51,,,1,70,,111671,51,,,1,30,,111678,51,,,1,70,,111697,51,,,1,30,,111675,51,,,1,70,,111677,51,,,1,28,,111676,51,,,1,70,,111681,51,,,1,25,,111690,51,,,1,70,,111679,51,,,1,30,,111683,51,,,1,70,,111685,51,,,1,30,,111687,51,,,1,100,,111701,51,,,1,108,,111688,51,,,1
16800,'18',548,,111711,51,,,1,104,,111705,51,,,1,104,,111719,51,,,1,100,,111712,51,,,1,97,,111717,51,,,1,100,,111720,51,,,1,100,,111715,51,,,1,100,,111709,51,,,1,100,,111721,51,,,1,105,,111708,51,,,1,100,,111706,51,,,1,100,,111713,51,,,1,100,,111714,51,,,1,98,,111718,51,,,1,95,,111716,51,,,1,100,,111722,51,,,1,100,,111723,51,,,1,100,,111707,51,,,1,108,,111710,51,,,1
16800,'19',548,,111752,51,,,1,75,,111749,51,,,1,29,,111743,51,,,1,70,,111754,51,,,1,34,,111740,51,,,1,70,,111746,51,,,1,30,,111758,51,,,1,70,,111726,51,,,1,27,,111728,51,,,1,70,,111756,51,,,1,30,,111750,51,,,1,70,,111734,51,,,1,30,,111738,51,,,1,70,,111727,51,,,1,30,,111747,51,,,1,70,,111757,51,,,1,30,,111753,51,,,1,75,,111748,51,,,1,30,,111736,51,,,1,73,,111724,51,,,1,27,,111745,51,,,1,70,,111725,51,,,1,30,,111732,51,,,1,70,,111751,51,,,1,30,,111729,51,,,1,70,,111731,51,,,1,28,,111730,51,,,1,70,,111735,51,,,1,25,,111744,51,,,1,70,,111733,51,,,1,30,,111737,51,,,1,70,,111739,51,,,1,30,,111741,51,,,1,100,,111755,51,,,1,108,,111742,51,,,1
16800,'2',659,,111760,51,,,1,100,,111774,51,,,1,100,,111782,51,,,1,70,,111773,51,,,1,30,,111767,51,,,1,73,,111772,51,,,1,70,,111759,51,,,1,30,,111766,51,,,1,70,,111763,51,,,1,31,,111777,51,,,1,70,,111770,51,,,1,30,,111765,51,,,1,70,,111785,51,,,1,30,,111768,51,,,1,70,,111762,51,,,1,30,,111769,51,,,1,70,,111781,51,,,1,30,,111778,51,,,1,70,,111775,51,,,1,30,,111779,51,,,1,70,,111784,51,,,1,29,,111761,51,,,1,70,,111771,51,,,1,100,,111786,51,,,1,57,,111783,51,,,1,100,,111764,51,,,1,100,,111780,51,,,1,153,,111776,51,,,1
16800,'3',548,,111787,51,,,1,75,,111789,51,,,1,29,,111813,51,,,1,70,,111803,51,,,1,34,,111809,51,,,1,70,,111798,51,,,1,30,,111791,51,,,1,70,,111804,51,,,1,27,,111795,51,,,1,70,,111801,51,,,1,30,,111812,51,,,1,70,,111817,51,,,1,30,,111808,51,,,1,70,,111805,51,,,1,30,,111797,51,,,1,70,,111806,51,,,1,30,,111788,51,,,1,75,,111802,51,,,1,30,,111821,51,,,1,73,,111820,51,,,1,69,,111807,51,,,1,28,,111794,51,,,1,30,,111799,51,,,1,70,,111792,51,,,1,30,,111811,51,,,1,70,,111796,51,,,1,28,,111815,51,,,1,70,,111810,51,,,1,25,,111819,51,,,1,70,,111818,51,,,1,30,,111800,51,,,1,70,,111814,51,,,1,30,,111793,51,,,1,100,,111816,51,,,1,108,,111790,51,,,1
16800,'4',548,,111822,51,,,1,75,,111824,51,,,1,29,,111848,51,,,1,70,,111838,51,,,1,34,,111844,51,,,1,70,,111833,51,,,1,30,,111826,51,,,1,70,,111839,51,,,1,27,,111830,51,,,1,70,,111836,51,,,1,30,,111847,51,,,1,70,,111852,51,,,1,30,,111843,51,,,1,70,,111840,51,,,1,30,,111832,51,,,1,70,,111841,51,,,1,30,,111823,51,,,1,75,,111837,51,,,1,30,,111856,51,,,1,73,,111855,51,,,1,69,,111842,51,,,1,28,,111829,51,,,1,30,,111834,51,,,1,70,,111827,51,,,1,30,,111846,51,,,1,70,,111831,51,,,1,28,,111850,51,,,1,70,,111845,51,,,1,25,,111854,51,,,1,70,,111853,51,,,1,30,,111835,51,,,1,70,,111849,51,,,1,30,,111828,51,,,1,100,,111851,51,,,1,108,,111825,51,,,1
16800,'5',548,,111885,51,,,1,75,,111882,51,,,1,29,,111876,51,,,1,70,,111887,51,,,1,34,,111873,51,,,1,70,,111879,51,,,1,30,,111891,51,,,1,70,,111859,51,,,1,27,,111861,51,,,1,70,,111889,51,,,1,30,,111883,51,,,1,70,,111867,51,,,1,30,,111871,51,,,1,70,,111860,51,,,1,30,,111880,51,,,1,70,,111890,51,,,1,30,,111886,51,,,1,75,,111881,51,,,1,30,,111869,51,,,1,73,,111857,51,,,1,27,,111878,51,,,1,70,,111858,51,,,1,30,,111865,51,,,1,70,,111884,51,,,1,30,,111862,51,,,1,70,,111864,51,,,1,28,,111863,51,,,1,70,,111868,51,,,1,25,,111877,51,,,1,70,,111866,51,,,1,30,,111870,51,,,1,70,,111872,51,,,1,30,,111874,51,,,1,100,,111888,51,,,1,108,,111875,51,,,1
16800,'6',548,,111892,51,,,1,75,,111894,51,,,1,29,,111918,51,,,1,70,,111908,51,,,1,34,,111914,51,,,1,70,,111903,51,,,1,30,,111896,51,,,1,70,,111909,51,,,1,27,,111900,51,,,1,70,,111906,51,,,1,30,,111917,51,,,1,70,,111922,51,,,1,30,,111913,51,,,1,70,,111910,51,,,1,30,,111902,51,,,1,70,,111911,51,,,1,30,,111893,51,,,1,75,,111907,51,,,1,30,,111926,51,,,1,73,,111925,51,,,1,69,,111912,51,,,1,28,,111899,51,,,1,30,,111904,51,,,1,70,,111897,51,,,1,30,,111916,51,,,1,70,,111901,51,,,1,28,,111920,51,,,1,70,,111915,51,,,1,25,,111924,51,,,1,70,,111923,51,,,1,30,,111905,51,,,1,70,,111919,51,,,1,30,,111898,51,,,1,100,,111921,51,,,1,108,,111895,51,,,1
16800,'7',548,,111955,51,,,1,75,,111952,51,,,1,29,,111946,51,,,1,70,,111957,51,,,1,34,,111943,51,,,1,70,,111949,51,,,1,30,,111961,51,,,1,70,,111929,51,,,1,27,,111931,51,,,1,70,,111959,51,,,1,30,,111953,51,,,1,70,,111937,51,,,1,30,,111941,51,,,1,70,,111930,51,,,1,30,,111950,51,,,1,70,,111960,51,,,1,30,,111956,51,,,1,75,,111951,51,,,1,30,,111939,51,,,1,73,,111927,51,,,1,27,,111948,51,,,1,70,,111928,51,,,1,30,,111935,51,,,1,70,,111954,51,,,1,30,,111932,51,,,1,70,,111934,51,,,1,28,,111933,51,,,1,70,,111938,51,,,1,25,,111947,51,,,1,70,,111936,51,,,1,30,,111940,51,,,1,70,,111942,51,,,1,30,,111944,51,,,1,100,,111958,51,,,1,108,,111945,51,,,1
16800,'8',701,,111987,51,,,1,100,,111983,51,,,1,30,,111962,51,,,1,70,,111968,51,,,1,30,,111970,51,,,1,70,,111965,51,,,1,33,,111977,51,,,1,70,,111976,51,,,1,30,,111975,51,,,1,70,,111991,51,,,1,31,,111990,51,,,1,70,,111978,51,,,1,30,,111989,51,,,1,70,,111971,51,,,1,30,,111969,51,,,1,70,,111964,51,,,1,30,,111988,51,,,1,70,,111963,51,,,1,30,,111981,51,,,1,70,,111986,51,,,1,30,,111967,51,,,1,70,,111979,51,,,1,29,,111993,51,,,1,70,,111972,51,,,1,30,,111984,51,,,1,70,,111973,51,,,1,27,,111974,51,,,1,70,,111985,51,,,1,30,,111982,51,,,1,70,,111992,51,,,1,100,,111966,51,,,1,120,,111980,51,,,1
16800,'9',659,,111995,51,,,1,100,,112009,51,,,1,100,,112017,51,,,1,70,,112008,51,,,1,30,,112002,51,,,1,73,,112007,51,,,1,70,,111994,51,,,1,30,,112001,51,,,1,70,,111998,51,,,1,31,,112012,51,,,1,70,,112005,51,,,1,30,,112000,51,,,1,70,,112020,51,,,1,30,,112003,51,,,1,70,,111997,51,,,1,30,,112004,51,,,1,70,,112016,51,,,1,30,,112013,51,,,1,70,,112010,51,,,1,30,,112014,51,,,1,70,,112019,51,,,1,29,,111996,51,,,1,70,,112006,51,,,1,100,,112021,51,,,1,57,,112018,51,,,1,100,,111999,51,,,1,100,,112015,51,,,1,153,,112011,51,,,1
65600,'10',1558,,118974,42,,,1
65600,'11',1558,,118975,42,,,1
65600,'12',1558,,118976,42,,,1
65600,'15',1558,,118977,42,,,1
65600,'16',1558,,118978,42,,,1
65600,'3',1558,,118979,42,,,1
65600,'4',1558,,118980,42,,,1
65600,'6',1558,,118981,42,,,1
66500,'10',810,,119311,12,,,1,2,,119310,12,,,1
66500,'11',810,,119313,12,,,1,2,,119312,12,,,1
66500,'12',810,,119315,12,,,1,2,,119314,12,,,1
66500,'15',810,,119317,12,,,1,2,,119316,12,,,1
66500,'16',810,,119319,12,,,1,2,,119318,12,,,1
66500,'3',810,,119321,12,,,1,2,,119320,12,,,1
66500,'4',810,,119323,12,,,1,2,,119322,12,,,1
66500,'6',810,,119325,12,,,1,2,,119324,12,,,1
66501,'10',1558,,119328,50,,,1,49,,119327,50,,,1
66501,'11',1558,,119331,50,,,1,49,,119330,50,,,1
66501,'12',1558,,119334,50,,,1,49,,119333,50,,,1
66501,'15',1558,,119337,50,,,1,49,,119336,50,,,1
66501,'16',1558,,119340,50,,,1,49,,119339,50,,,1
66501,'3',1558,,119343,50,,,1,49,,119342,50,,,1
66501,'4',1558,,119346,50,,,1,49,,119345,50,,,1
66501,'6',1558,,119349,50,,,1,49,,119348,50,,,1
66801,'10',1450,,119480,47,,,1,7,,119479,47,,,1,47,,119482,47,,,1
66801,'11',1450,,119485,47,,,1,7,,119484,47,,,1,47,,119487,47,,,1
66801,'12',1450,,119490,47,,,1,7,,119489,47,,,1,47,,119492,47,,,1
66801,'15',1450,,119495,47,,,1,7,,119494,47,,,1,47,,119497,47,,,1
66801,'16',1450,,119500,47,,,1,7,,119499,47,,,1,47,,119502,47,,,1
66801,'3',1450,,119505,47,,,1,7,,119504,47,,,1,47,,119507,47,,,1
66801,'4',1450,,119510,47,,,1,7,,119509,47,,,1,47,,119512,47,,,1
66801,'6',1450,,119515,47,,,1,7,,119514,47,,,1,47,,119517,47,,,1
