6300,'1',1450,,340508,19,,,0,71,,340517,19,,,0,15,,340511,19,,,0,15,,340494,19,,,0,55,,340481,19,,,0,15,,340497,19,,,0,17,,340512,19,,,0,15,,340513,19,,,0,54,,211463,19,,,0,15,,340482,19,,,0,15,,340487,19,,,0,15,,340519,19,,,0,56,,264525,19,,,0,13,,340503,19,,,0,15,,340491,19,,,0,69,,340493,19,,,0
6300,'11',1450,,340561,19,,,0,71,,340558,19,,,0,15,,282795,19,,,0,15,,340553,19,,,0,57,,136837,19,,,0,15,,228643,19,,,0,30,,340556,19,,,0,54,,183303,19,,,0,15,,340575,19,,,0,15,,340576,19,,,0,15,,340555,19,,,0,54,,340554,19,,,0,15,,340582,19,,,0,15,,146286,19,,,0,69,,340551,19,,,0
6300,'13',1450,,340622,19,,,0,71,,340619,19,,,0,15,,282820,19,,,0,15,,340614,19,,,0,57,,136409,19,,,0,15,,228673,19,,,0,30,,340617,19,,,0,54,,182776,19,,,0,15,,340636,19,,,0,15,,340637,19,,,0,15,,340616,19,,,0,54,,340615,19,,,0,15,,340643,19,,,0,15,,145882,19,,,0,69,,340612,19,,,0
6300,'14',1450,,340658,19,,,0,71,,340655,19,,,0,15,,282912,19,,,0,15,,340650,19,,,0,57,,136631,19,,,0,15,,228804,19,,,0,30,,340653,19,,,0,54,,183054,19,,,0,15,,340672,19,,,0,15,,340673,19,,,0,15,,340652,19,,,0,54,,340651,19,,,0,15,,340679,19,,,0,15,,146093,19,,,0,69,,340648,19,,,0
6300,'2',1450,,340745,19,,,0,71,,340743,19,,,0,15,,340733,19,,,0,15,,340738,19,,,0,57,,340732,19,,,0,15,,340752,19,,,0,30,,221440,19,,,0,54,,340763,19,,,0,15,,340757,19,,,0,15,,340759,19,,,0,15,,340741,19,,,0,54,,340740,19,,,0,15,,340765,19,,,0,15,,340731,19,,,0,69,,340736,19,,,0
6300,'3',1450,,222287,19,,,0,71,,340780,19,,,0,15,,340771,19,,,0,15,,262744,19,,,0,57,,340770,19,,,0,15,,340793,19,,,0,30,,340778,19,,,0,54,,340805,19,,,0,15,,340799,19,,,0,15,,340801,19,,,0,15,,340777,19,,,0,54,,340776,19,,,0,15,,239361,19,,,0,15,,340769,19,,,0,69,,340773,19,,,0
6300,'4',1450,,340826,19,,,0,71,,294658,19,,,0,15,,340818,19,,,0,15,,238191,19,,,0,57,,340809,19,,,0,15,,266400,19,,,0,15,,340822,19,,,0,15,,340838,19,,,0,54,,340833,19,,,0,16,,229608,19,,,0,16,,340837,19,,,0,13,,340819,19,,,0,56,,340815,19,,,0,13,,340821,19,,,0,15,,218671,19,,,0,69,,340824,19,,,0
6300,'5',1450,,222348,19,,,0,71,,340857,19,,,0,15,,340848,19,,,0,15,,262939,19,,,0,57,,340847,19,,,0,15,,340870,19,,,0,30,,340855,19,,,0,54,,340882,19,,,0,15,,340876,19,,,0,15,,340878,19,,,0,15,,340854,19,,,0,54,,340853,19,,,0,15,,151768,19,,,0,15,,340846,19,,,0,69,,340850,19,,,0
6300,'6',1450,,340899,19,,,0,71,,340896,19,,,0,15,,282656,19,,,0,15,,340891,19,,,0,57,,136777,19,,,0,15,,228455,19,,,0,30,,340894,19,,,0,54,,183242,19,,,0,15,,340913,19,,,0,15,,340914,19,,,0,15,,340893,19,,,0,54,,340892,19,,,0,15,,340920,19,,,0,15,,146231,19,,,0,69,,340889,19,,,0
6300,'7',1450,,340937,19,,,0,71,,340935,19,,,0,15,,340925,19,,,0,15,,340930,19,,,0,57,,340924,19,,,0,15,,340944,19,,,0,30,,221400,19,,,0,54,,340955,19,,,0,15,,340949,19,,,0,15,,340951,19,,,0,15,,340933,19,,,0,54,,340932,19,,,0,15,,340957,19,,,0,15,,340923,19,,,0,69,,340928,19,,,0
6300,'9',1450,,340997,19,,,0,71,,340994,19,,,0,15,,282602,19,,,0,15,,340989,19,,,0,57,,136662,19,,,0,15,,228369,19,,,0,30,,340992,19,,,0,54,,183096,19,,,0,15,,341011,19,,,0,15,,341012,19,,,0,15,,340991,19,,,0,54,,340990,19,,,0,15,,341018,19,,,0,15,,146120,19,,,0,69,,340987,19,,,0
66001,'11',1604,,376996,20,,,0
66001,'13',1604,,376997,20,,,0
66001,'14',1604,,376998,20,,,0
66001,'2',1604,,376999,20,,,0
66001,'3',1604,,377000,20,,,0
66001,'5',1604,,377001,20,,,0
66001,'6',1604,,377002,20,,,0
66001,'7',1604,,377003,20,,,0
66001,'9',1604,,377004,20,,,0
67401,'11',1454,,377612,19,,,0,2,,377609,19,,,0
67401,'13',1454,,377617,19,,,0,2,,377614,19,,,0
67401,'14',1454,,377622,19,,,0,2,,377619,19,,,0
67401,'2',1454,,377627,19,,,0,2,,193430,19,,,0
67401,'3',1454,,377632,19,,,0,2,,377628,19,,,0
67401,'5',1454,,377637,19,,,0,2,,377633,19,,,0
67401,'6',1454,,377642,19,,,0,2,,377639,19,,,0
67401,'7',1454,,377647,19,,,0,2,,193511,19,,,0
67401,'9',1454,,377652,19,,,0,2,,377649,19,,,0
68801,'11',1517,,378063,63,0,13,0
68801,'13',1517,,378066,63,0,13,0
68801,'14',1517,,378069,63,0,13,0
68801,'2',1517,,294166,63,0,13,0
68801,'3',1517,,378074,63,0,13,0
68801,'5',1517,,378076,63,0,13,0
68801,'6',1517,,378078,63,0,13,0
68801,'7',1517,,294156,63,0,13,0
68801,'9',1517,,378083,63,0,13,0
