1000,'1',628,,303218,24,,,0,72,,209463,24,,,0,34,,303199,24,,,0,74,,303195,24,,,0,34,,303210,24,,,0,70,,303231,24,,,0,25,,303216,24,,,0,68,,303236,24,,,0,28,,303202,24,,,0,71,,303240,24,,,0,30,,303223,24,,,0,70,,303219,24,,,0,30,,126891,24,,,0,73,,215766,24,,,0,30,,303208,24,,,0,70,,303227,24,,,0,31,,303233,24,,,0,70,,303215,24,,,0,35,,303197,24,,,0,70,,303214,24,,,0,36,,303238,24,,,0,70,,303247,24,,,0,31,,303207,24,,,0,64,,303196,24,,,0,28,,221999,24,,,0,72,,303213,24,,,0,24,,303241,24,,,0,70,,303209,24,,,0,28,,303224,24,,,0,68,,270100,24,,,0,30,,303201,24,,,0,70,,303217,24,,,0,29,,303204,24,,,0,70,,303205,24,,,0,25,,303230,24,,,0
1000,'10',755,,303250,24,,,0,70,,303273,24,,,0,30,,303278,24,,,0,70,,303269,24,,,0,30,,303260,24,,,0,71,,303276,24,,,0,30,,303264,24,,,0,70,,303248,24,,,0,30,,303258,24,,,0,70,,303282,24,,,0,30,,303275,24,,,0,70,,303272,24,,,0,30,,303255,24,,,0,70,,303267,24,,,0,30,,303280,24,,,0,70,,281330,24,,,0,30,,303266,24,,,0,70,,303271,24,,,0,30,,303277,24,,,0,70,,303270,24,,,0,30,,222032,24,,,0,70,,303253,24,,,0,30,,303262,24,,,0,70,,303283,24,,,0,30,,272116,24,,,0,70,,303263,24,,,0,30,,303256,24,,,0,70,,303259,24,,,0,30,,303261,24,,,0,70,,303265,24,,,0,29,,250785,24,,,0,70,,303251,24,,,0
1000,'11',628,,303306,24,,,0,72,,303295,24,,,0,34,,68855,24,,,0,74,,303313,24,,,0,32,,303327,24,,,0,72,,236573,24,,,0,25,,227201,24,,,0,68,,303299,24,,,0,28,,303293,24,,,0,71,,240818,24,,,0,30,,303288,24,,,0,70,,232106,24,,,0,30,,248405,24,,,0,73,,292519,24,,,0,30,,303305,24,,,0,70,,303311,24,,,0,29,,303319,24,,,0,72,,303289,24,,,0,3,,303310,22,0,82,0,32,,303314,24,,,0,72,,303328,24,,,0,34,,303312,24,,,0,70,,303290,24,,,0,29,,303302,24,,,0,66,,295446,24,,,0,28,,194796,24,,,0,72,,303291,24,,,0,24,,303315,24,,,0,70,,303284,24,,,0,28,,303309,24,,,0,68,,303329,24,,,0,30,,295423,24,,,0,70,,303294,24,,,0,29,,303323,24,,,0,70,,266416,24,,,0,25,,241248,24,,,0
1000,'12',800,,303331,24,,,0,30,,303335,24,,,0,70,,303338,24,,,0,30,,213490,24,,,0,70,,303353,24,,,0,31,,215475,24,,,0,70,,303344,24,,,0,30,,303354,24,,,0,70,,160820,24,,,0,30,,234713,24,,,0,70,,303342,24,,,0,30,,303355,24,,,0,70,,211069,24,,,0,30,,303349,24,,,0,70,,303348,24,,,0,30,,303351,24,,,0,70,,278394,24,,,0,30,,303352,24,,,0,70,,303350,24,,,0,30,,303336,24,,,0,70,,303332,24,,,0,30,,303343,24,,,0
1000,'13',628,,303380,24,,,0,72,,303369,24,,,0,34,,68193,24,,,0,74,,303387,24,,,0,32,,303401,24,,,0,72,,236637,24,,,0,25,,227246,24,,,0,68,,303373,24,,,0,28,,303367,24,,,0,71,,240844,24,,,0,30,,303362,24,,,0,70,,232134,24,,,0,30,,248440,24,,,0,73,,292547,24,,,0,30,,303379,24,,,0,70,,303385,24,,,0,29,,303393,24,,,0,72,,303363,24,,,0,3,,303384,22,0,82,0,32,,303388,24,,,0,72,,303402,24,,,0,34,,303386,24,,,0,70,,303364,24,,,0,29,,303376,24,,,0,66,,295449,24,,,0,28,,194101,24,,,0,72,,303365,24,,,0,24,,303389,24,,,0,70,,303358,24,,,0,28,,303383,24,,,0,68,,303403,24,,,0,30,,295425,24,,,0,70,,303368,24,,,0,29,,303397,24,,,0,70,,266462,24,,,0,25,,241264,24,,,0
1000,'14',628,,303426,24,,,0,72,,303415,24,,,0,34,,68528,24,,,0,74,,303433,24,,,0,32,,303447,24,,,0,72,,236913,24,,,0,25,,227436,24,,,0,68,,303419,24,,,0,28,,303413,24,,,0,71,,240947,24,,,0,30,,303408,24,,,0,70,,232249,24,,,0,30,,248600,24,,,0,73,,292657,24,,,0,30,,303425,24,,,0,70,,303431,24,,,0,29,,303439,24,,,0,72,,303409,24,,,0,3,,303430,22,0,82,0,32,,303434,24,,,0,72,,303448,24,,,0,34,,303432,24,,,0,70,,303410,24,,,0,29,,303422,24,,,0,66,,295452,24,,,0,28,,194448,24,,,0,72,,303411,24,,,0,24,,303435,24,,,0,70,,303404,24,,,0,28,,303429,24,,,0,68,,303449,24,,,0,30,,295427,24,,,0,70,,303414,24,,,0,29,,303443,24,,,0,70,,266651,24,,,0,25,,241317,24,,,0
1000,'15',800,,303451,24,,,0,30,,303454,24,,,0,70,,303460,24,,,0,30,,303461,24,,,0,70,,303476,24,,,0,31,,303468,24,,,0,70,,303466,24,,,0,30,,303477,24,,,0,70,,303462,24,,,0,30,,303456,24,,,0,70,,52872,24,,,0,30,,303478,24,,,0,70,,303457,24,,,0,30,,303474,24,,,0,70,,303473,24,,,0,30,,237608,24,,,0,70,,303458,24,,,0,30,,303475,24,,,0,70,,263711,24,,,0,30,,303455,24,,,0,70,,207749,24,,,0,30,,303465,24,,,0
1000,'16',755,,303483,24,,,0,70,,303507,24,,,0,30,,303512,24,,,0,70,,303503,24,,,0,30,,303495,24,,,0,71,,265201,24,,,0,30,,303499,24,,,0,70,,225300,24,,,0,30,,303492,24,,,0,70,,303515,24,,,0,30,,303509,24,,,0,70,,303506,24,,,0,30,,303489,24,,,0,70,,303501,24,,,0,30,,303513,24,,,0,70,,303510,24,,,0,30,,303500,24,,,0,70,,303505,24,,,0,30,,303511,24,,,0,70,,303504,24,,,0,30,,303494,24,,,0,70,,303486,24,,,0,30,,303497,24,,,0,70,,212418,24,,,0,30,,303498,24,,,0,70,,252661,24,,,0,30,,303490,24,,,0,70,,235771,24,,,0,30,,303496,24,,,0,70,,207920,24,,,0,29,,303487,24,,,0,70,,303484,24,,,0
1000,'2',628,,303544,24,,,0,72,,303532,24,,,0,34,,303534,24,,,0,74,,303551,24,,,0,32,,303566,24,,,0,72,,303562,24,,,0,25,,303522,24,,,0,68,,303537,24,,,0,28,,243248,24,,,0,71,,303520,24,,,0,30,,248881,24,,,0,70,,303525,24,,,0,30,,303533,24,,,0,73,,303526,24,,,0,30,,275616,24,,,0,70,,303549,24,,,0,29,,303558,24,,,0,72,,303527,24,,,0,3,,303548,22,0,82,0,32,,303552,24,,,0,72,,303567,24,,,0,34,,303550,24,,,0,70,,303528,24,,,0,29,,303542,24,,,0,66,,303538,24,,,0,28,,303535,24,,,0,72,,303529,24,,,0,24,,303553,24,,,0,70,,303516,24,,,0,28,,303547,24,,,0,68,,303568,24,,,0,30,,303519,24,,,0,70,,303531,24,,,0,29,,244167,24,,,0,70,,303517,24,,,0,25,,303523,24,,,0
1000,'3',628,,303597,24,,,0,72,,303583,24,,,0,34,,303585,24,,,0,74,,303604,24,,,0,32,,155661,24,,,0,72,,303613,24,,,0,25,,303573,24,,,0,68,,303590,24,,,0,28,,303581,24,,,0,71,,303572,24,,,0,30,,303576,24,,,0,70,,303577,24,,,0,30,,303584,24,,,0,73,,303578,24,,,0,30,,303596,24,,,0,70,,303602,24,,,0,29,,303610,24,,,0,72,,263975,24,,,0,3,,303601,22,0,82,0,32,,303605,24,,,0,72,,303616,24,,,0,34,,303603,24,,,0,70,,225332,24,,,0,29,,303594,24,,,0,66,,303591,24,,,0,28,,303586,24,,,0,72,,303579,24,,,0,24,,303606,24,,,0,70,,230452,24,,,0,28,,303600,24,,,0,68,,303617,24,,,0,30,,303571,24,,,0,70,,303582,24,,,0,29,,303614,24,,,0,70,,303569,24,,,0,25,,303574,24,,,0
1000,'4',628,,303633,24,,,0,72,,303638,24,,,0,34,,303624,24,,,0,74,,303647,24,,,0,33,,303623,24,,,0,71,,303632,24,,,0,22,,303640,24,,,0,71,,303625,24,,,0,28,,251829,24,,,0,71,,227184,24,,,0,30,,303622,24,,,0,70,,303641,24,,,0,30,,303618,24,,,0,73,,303631,24,,,0,30,,303644,24,,,0,70,,303628,24,,,0,31,,303630,24,,,0,70,,303639,24,,,0,35,,303643,24,,,0,70,,303645,24,,,0,36,,303626,24,,,0,70,,303637,24,,,0,29,,303619,24,,,0,66,,303635,24,,,0,28,,303634,24,,,0,72,,245807,24,,,0,24,,303629,24,,,0,70,,303627,24,,,0,28,,303648,24,,,0,68,,303636,24,,,0,30,,303646,24,,,0,70,,290092,24,,,0,29,,303621,24,,,0,70,,287307,24,,,0,25,,210588,24,,,0
1000,'5',628,,303677,24,,,0,72,,303663,24,,,0,34,,303665,24,,,0,74,,303684,24,,,0,32,,218269,24,,,0,72,,303693,24,,,0,25,,303653,24,,,0,68,,303670,24,,,0,28,,303661,24,,,0,71,,303652,24,,,0,30,,303656,24,,,0,70,,303657,24,,,0,30,,303664,24,,,0,73,,303658,24,,,0,30,,303676,24,,,0,70,,303682,24,,,0,29,,303690,24,,,0,72,,264179,24,,,0,3,,303681,22,0,82,0,32,,303685,24,,,0,72,,303696,24,,,0,34,,303683,24,,,0,70,,225415,24,,,0,29,,303674,24,,,0,66,,303671,24,,,0,28,,303666,24,,,0,72,,303659,24,,,0,24,,303686,24,,,0,70,,230531,24,,,0,28,,303680,24,,,0,68,,303697,24,,,0,30,,303651,24,,,0,70,,303662,24,,,0,29,,303694,24,,,0,70,,303649,24,,,0,25,,303654,24,,,0
1000,'6',628,,303720,24,,,0,72,,303709,24,,,0,34,,68924,24,,,0,74,,303727,24,,,0,32,,303741,24,,,0,72,,236186,24,,,0,25,,226932,24,,,0,68,,303713,24,,,0,28,,303707,24,,,0,71,,240664,24,,,0,30,,303702,24,,,0,70,,231953,24,,,0,30,,248186,24,,,0,73,,292356,24,,,0,30,,303719,24,,,0,70,,303725,24,,,0,29,,303733,24,,,0,72,,303703,24,,,0,3,,303724,22,0,82,0,32,,303728,24,,,0,72,,303742,24,,,0,34,,303726,24,,,0,70,,303704,24,,,0,29,,303716,24,,,0,66,,295440,24,,,0,28,,194703,24,,,0,72,,303705,24,,,0,24,,303729,24,,,0,70,,303698,24,,,0,28,,303723,24,,,0,68,,303743,24,,,0,30,,295419,24,,,0,70,,303708,24,,,0,29,,303737,24,,,0,70,,266155,24,,,0,25,,241168,24,,,0
1000,'7',628,,303772,24,,,0,72,,303760,24,,,0,34,,303762,24,,,0,74,,303779,24,,,0,32,,303794,24,,,0,72,,303790,24,,,0,25,,303750,24,,,0,68,,303765,24,,,0,28,,243099,24,,,0,71,,303748,24,,,0,30,,248780,24,,,0,70,,303753,24,,,0,30,,303761,24,,,0,73,,303754,24,,,0,30,,275498,24,,,0,70,,303777,24,,,0,29,,303786,24,,,0,72,,303755,24,,,0,3,,303776,22,0,82,0,32,,303780,24,,,0,72,,303795,24,,,0,34,,303778,24,,,0,70,,303756,24,,,0,29,,303770,24,,,0,66,,303766,24,,,0,28,,303763,24,,,0,72,,303757,24,,,0,24,,303781,24,,,0,70,,303744,24,,,0,28,,303775,24,,,0,68,,303796,24,,,0,30,,303747,24,,,0,70,,303759,24,,,0,29,,244036,24,,,0,70,,303745,24,,,0,25,,303751,24,,,0
1000,'8',800,,303798,24,,,0,30,,303802,24,,,0,70,,303805,24,,,0,30,,195754,24,,,0,70,,303820,24,,,0,31,,216011,24,,,0,70,,303811,24,,,0,30,,303821,24,,,0,70,,216006,24,,,0,30,,235481,24,,,0,70,,303809,24,,,0,30,,303822,24,,,0,70,,211678,24,,,0,30,,303816,24,,,0,70,,303815,24,,,0,30,,303818,24,,,0,70,,189638,24,,,0,30,,303819,24,,,0,70,,303817,24,,,0,30,,303803,24,,,0,70,,303799,24,,,0,30,,303810,24,,,0
1000,'9',628,,303847,24,,,0,72,,303836,24,,,0,34,,68262,24,,,0,74,,303854,24,,,0,32,,303868,24,,,0,72,,235999,24,,,0,25,,226811,24,,,0,68,,303840,24,,,0,28,,303834,24,,,0,71,,240590,24,,,0,30,,303829,24,,,0,70,,231874,24,,,0,30,,248085,24,,,0,73,,292289,24,,,0,30,,303846,24,,,0,70,,303852,24,,,0,29,,303860,24,,,0,72,,303830,24,,,0,3,,303851,22,0,82,0,32,,303855,24,,,0,72,,303869,24,,,0,34,,303853,24,,,0,70,,303831,24,,,0,29,,303843,24,,,0,66,,295437,24,,,0,28,,194506,24,,,0,72,,303832,24,,,0,24,,303856,24,,,0,70,,303825,24,,,0,28,,303850,24,,,0,68,,303870,24,,,0,30,,295417,24,,,0,70,,303835,24,,,0,29,,303864,24,,,0,70,,266035,24,,,0,25,,241136,24,,,0
1201,'1',630,,208443,52,,,0,23,,306817,52,,,0,55,,288647,52,,,0,10,,306815,52,,,0,15,,184374,52,,,0,22,,306846,52,,,0,54,,261567,52,,,0,16,,306825,52,,,0,14,,306834,52,,,0,13,,230185,52,,,0,56,,306865,52,,,0,13,,306824,52,,,0,15,,306830,52,,,0,15,,228539,52,,,0,55,,225580,52,,,0,15,,306822,52,,,0,15,,306840,52,,,0,15,,306820,52,,,0,55,,306863,52,,,0,15,,306861,52,,,0,15,,306854,52,,,0,15,,306852,52,,,0,55,,306823,52,,,0,15,,263299,52,,,0,15,,306856,52,,,0,15,,238097,52,,,0,55,,306832,52,,,0,21,,306850,52,,,0,15,,306849,52,,,0,15,,154980,52,,,0,55,,306862,52,,,0,15,,306829,52,,,0,15,,306844,52,,,0,15,,306810,52,,,0,55,,306866,52,,,0,15,,266291,52,,,0,15,,306839,52,,,0,15,,306814,52,,,0,56,,306843,52,,,0,15,,264502,52,,,0,18,,306851,52,,,0,55,,306847,52,,,0,16,,306805,52,,,0,18,,306831,52,,,0,15,,306855,52,,,0,52,,306841,52,,,0,15,,306842,52,,,0,29,,306816,52,,,0,70,,306836,52,,,0,18,,306807,52,,,0,68,,306813,52,,,0,30,,306819,52,,,0,70,,306806,52,,,0,29,,306809,52,,,0,26,,306812,52,,,0,70,,306838,52,,,0,30,,306833,52,,,0
1201,'10',748,,306875,52,,,0,70,,306898,52,,,0,30,,306876,52,,,0,69,,306897,52,,,0,30,,306871,52,,,0,70,,306883,52,,,0,32,,306901,52,,,0,70,,306906,52,,,0,30,,228054,52,,,0,70,,306904,52,,,0,32,,306909,52,,,0,70,,306894,52,,,0,30,,262344,52,,,0,70,,258932,52,,,0,30,,208506,52,,,0,70,,306902,52,,,0,30,,306886,52,,,0,70,,306892,52,,,0,29,,306879,52,,,0,70,,197886,52,,,0,30,,306917,52,,,0,70,,306888,52,,,0,30,,306914,52,,,0,70,,218595,52,,,0,30,,306884,52,,,0,70,,306891,52,,,0,27,,306918,52,,,0,73,,306872,52,,,0,100,,306885,52,,,0,98,,306915,52,,,0
1201,'11',630,,306933,52,,,0,23,,306966,52,,,0,55,,306945,52,,,0,10,,232580,52,,,0,15,,274918,52,,,0,22,,306962,52,,,0,54,,306958,52,,,0,14,,306986,52,,,0,14,,306927,52,,,0,15,,306942,52,,,0,55,,306961,52,,,0,14,,306971,52,,,0,15,,306951,52,,,0,15,,306947,52,,,0,55,,170018,52,,,0,15,,306932,52,,,0,15,,306964,52,,,0,15,,306963,52,,,0,55,,306943,52,,,0,15,,281399,52,,,0,15,,292073,52,,,0,15,,306977,52,,,0,55,,306957,52,,,0,15,,89781,52,,,0,15,,306931,52,,,0,15,,306983,52,,,0,55,,306965,52,,,0,21,,306937,52,,,0,15,,306949,52,,,0,15,,286196,52,,,0,55,,306982,52,,,0,15,,306984,52,,,0,15,,306922,52,,,0,15,,226418,52,,,0,55,,306952,52,,,0,15,,306944,52,,,0,13,,306974,52,,,0,17,,306980,52,,,0,56,,306979,52,,,0,16,,306925,52,,,0,17,,306959,52,,,0,55,,306969,52,,,0,17,,306970,52,,,0,17,,306953,52,,,0,15,,306930,52,,,0,51,,306935,52,,,0,15,,306955,52,,,0,30,,306975,52,,,0,70,,306976,52,,,0,18,,306978,52,,,0,68,,306972,52,,,0,30,,306981,52,,,0,70,,306956,52,,,0,29,,306938,52,,,0,26,,306948,52,,,0,70,,306940,52,,,0,30,,306946,52,,,0
1201,'12',829,,307026,52,,,0,72,,307020,52,,,0,23,,307019,52,,,0,30,,252751,52,,,0,70,,307027,52,,,0,32,,306990,52,,,0,70,,306998,52,,,0,30,,307009,52,,,0,70,,307002,52,,,0,32,,307008,52,,,0,70,,307005,52,,,0,30,,208013,52,,,0,70,,292283,52,,,0,30,,307018,52,,,0,70,,307023,52,,,0,30,,306992,52,,,0,70,,307024,52,,,0,29,,306994,52,,,0,70,,306987,52,,,0,30,,306988,52,,,0,85,,307003,52,,,0
1201,'13',630,,307044,52,,,0,23,,307077,52,,,0,55,,307056,52,,,0,10,,232605,52,,,0,15,,274986,52,,,0,22,,307073,52,,,0,54,,307069,52,,,0,14,,307097,52,,,0,14,,307038,52,,,0,15,,307053,52,,,0,55,,307072,52,,,0,14,,307082,52,,,0,15,,307062,52,,,0,15,,307058,52,,,0,55,,169250,52,,,0,15,,307043,52,,,0,15,,307075,52,,,0,15,,307074,52,,,0,55,,307054,52,,,0,15,,281434,52,,,0,15,,292104,52,,,0,15,,307088,52,,,0,55,,307068,52,,,0,15,,224056,52,,,0,15,,307042,52,,,0,15,,307094,52,,,0,55,,307076,52,,,0,21,,307048,52,,,0,15,,307060,52,,,0,15,,286200,52,,,0,55,,307093,52,,,0,15,,307095,52,,,0,15,,307033,52,,,0,15,,226470,52,,,0,55,,307063,52,,,0,15,,307055,52,,,0,13,,307085,52,,,0,17,,307091,52,,,0,56,,307090,52,,,0,16,,307036,52,,,0,17,,307070,52,,,0,55,,307080,52,,,0,17,,307081,52,,,0,17,,307064,52,,,0,15,,307041,52,,,0,51,,307046,52,,,0,15,,307066,52,,,0,30,,307086,52,,,0,70,,307087,52,,,0,18,,307089,52,,,0,68,,307083,52,,,0,30,,307092,52,,,0,70,,307067,52,,,0,29,,307049,52,,,0,26,,307059,52,,,0,70,,307051,52,,,0,30,,307057,52,,,0
1201,'14',630,,307109,52,,,0,23,,307142,52,,,0,55,,307121,52,,,0,10,,232710,52,,,0,15,,275258,52,,,0,22,,307138,52,,,0,54,,307134,52,,,0,14,,307162,52,,,0,14,,307103,52,,,0,15,,307118,52,,,0,55,,307137,52,,,0,14,,307147,52,,,0,15,,307127,52,,,0,15,,307123,52,,,0,55,,169656,52,,,0,15,,307108,52,,,0,15,,307140,52,,,0,15,,307139,52,,,0,55,,307119,52,,,0,15,,281600,52,,,0,15,,292216,52,,,0,15,,307153,52,,,0,55,,307133,52,,,0,15,,224152,52,,,0,15,,307107,52,,,0,15,,307159,52,,,0,55,,307141,52,,,0,21,,307113,52,,,0,15,,307125,52,,,0,15,,286212,52,,,0,55,,307158,52,,,0,15,,307160,52,,,0,15,,307098,52,,,0,15,,226672,52,,,0,55,,307128,52,,,0,15,,307120,52,,,0,13,,307150,52,,,0,17,,307156,52,,,0,56,,307155,52,,,0,16,,307101,52,,,0,17,,307135,52,,,0,55,,307145,52,,,0,17,,307146,52,,,0,17,,307129,52,,,0,15,,307106,52,,,0,51,,307111,52,,,0,15,,307131,52,,,0,30,,307151,52,,,0,70,,307152,52,,,0,18,,307154,52,,,0,68,,307148,52,,,0,30,,307157,52,,,0,70,,307132,52,,,0,29,,307114,52,,,0,26,,307124,52,,,0,70,,307116,52,,,0,30,,307122,52,,,0
1201,'15',829,,307198,52,,,0,72,,307190,52,,,0,23,,307189,52,,,0,30,,307206,52,,,0,70,,263728,52,,,0,32,,307166,52,,,0,70,,293555,52,,,0,30,,307182,52,,,0,70,,307178,52,,,0,32,,271075,52,,,0,70,,307180,52,,,0,30,,307171,52,,,0,70,,307201,52,,,0,30,,307188,52,,,0,70,,266574,52,,,0,30,,307168,52,,,0,70,,307196,52,,,0,29,,307170,52,,,0,70,,307163,52,,,0,30,,307164,52,,,0,85,,264964,52,,,0
1201,'16',748,,307215,52,,,0,70,,219645,52,,,0,30,,307216,52,,,0,69,,307236,52,,,0,30,,307210,52,,,0,70,,307222,52,,,0,32,,307239,52,,,0,70,,162072,52,,,0,30,,307231,52,,,0,70,,307242,52,,,0,32,,225322,52,,,0,70,,307233,52,,,0,30,,307252,52,,,0,70,,307254,52,,,0,30,,307245,52,,,0,70,,307240,52,,,0,30,,307225,52,,,0,70,,307230,52,,,0,29,,307219,52,,,0,70,,307224,52,,,0,30,,307257,52,,,0,70,,307227,52,,,0,30,,224193,52,,,0,70,,307251,52,,,0,30,,307223,52,,,0,70,,307229,52,,,0,27,,307258,52,,,0,73,,307213,52,,,0,100,,225306,52,,,0,98,,307253,52,,,0
1201,'2',630,,307275,52,,,0,23,,275633,52,,,0,55,,307289,52,,,0,10,,307305,52,,,0,15,,307270,52,,,0,22,,307308,52,,,0,54,,307303,52,,,0,14,,307327,52,,,0,14,,227002,52,,,0,15,,307285,52,,,0,55,,307307,52,,,0,14,,307314,52,,,0,15,,307296,52,,,0,15,,307291,52,,,0,55,,307276,52,,,0,15,,307274,52,,,0,15,,307309,52,,,0,15,,159883,52,,,0,55,,307286,52,,,0,15,,307295,52,,,0,15,,307263,52,,,0,15,,307320,52,,,0,55,,307302,52,,,0,15,,307287,52,,,0,15,,307272,52,,,0,15,,307325,52,,,0,55,,284094,52,,,0,21,,307280,52,,,0,15,,307294,52,,,0,15,,307281,52,,,0,55,,307324,52,,,0,15,,307326,52,,,0,15,,206715,52,,,0,15,,307264,52,,,0,55,,307297,52,,,0,15,,307288,52,,,0,13,,270831,52,,,0,17,,243285,52,,,0,56,,307322,52,,,0,16,,307267,52,,,0,17,,307304,52,,,0,55,,307312,52,,,0,17,,307313,52,,,0,17,,307298,52,,,0,15,,307271,52,,,0,51,,307278,52,,,0,15,,307300,52,,,0,30,,307317,52,,,0,70,,307318,52,,,0,18,,307321,52,,,0,68,,307315,52,,,0,30,,307323,52,,,0,70,,307301,52,,,0,29,,210421,52,,,0,26,,307292,52,,,0,70,,307283,52,,,0,30,,255469,52,,,0
1201,'3',630,,307342,52,,,0,23,,307379,52,,,0,55,,307355,52,,,0,10,,307372,52,,,0,15,,307338,52,,,0,22,,307375,52,,,0,54,,307370,52,,,0,14,,307393,52,,,0,14,,307335,52,,,0,15,,307352,52,,,0,55,,307374,52,,,0,14,,307384,52,,,0,15,,307364,52,,,0,15,,307358,52,,,0,55,,307343,52,,,0,15,,307341,52,,,0,15,,307377,52,,,0,15,,307376,52,,,0,55,,307353,52,,,0,15,,307363,52,,,0,15,,307329,52,,,0,15,,207991,52,,,0,55,,307369,52,,,0,15,,307354,52,,,0,15,,224201,52,,,0,15,,280468,52,,,0,55,,307378,52,,,0,21,,307347,52,,,0,15,,307361,52,,,0,15,,307348,52,,,0,55,,307391,52,,,0,15,,281008,52,,,0,15,,307328,52,,,0,15,,307330,52,,,0,55,,307365,52,,,0,15,,268840,52,,,0,13,,307385,52,,,0,17,,307389,52,,,0,56,,307388,52,,,0,16,,307333,52,,,0,17,,307371,52,,,0,55,,307382,52,,,0,17,,307383,52,,,0,17,,290820,52,,,0,15,,307339,52,,,0,51,,307345,52,,,0,15,,307367,52,,,0,30,,268867,52,,,0,70,,211049,52,,,0,18,,307387,52,,,0,68,,265227,52,,,0,30,,307390,52,,,0,70,,307368,52,,,0,29,,307349,52,,,0,26,,307359,52,,,0,70,,307350,52,,,0,30,,307356,52,,,0
1201,'4',630,,307419,52,,,0,23,,307451,52,,,0,65,,307417,52,,,0,37,,307408,52,,,0,68,,307413,52,,,0,15,,263414,52,,,0,14,,241058,52,,,0,55,,221498,52,,,0,14,,307409,52,,,0,15,,307440,52,,,0,15,,307442,52,,,0,55,,307420,52,,,0,15,,267010,52,,,0,15,,307437,52,,,0,15,,307404,52,,,0,55,,307450,52,,,0,15,,307421,52,,,0,15,,307422,52,,,0,15,,307441,52,,,0,55,,307449,52,,,0,15,,307403,52,,,0,15,,258051,52,,,0,15,,307397,52,,,0,55,,307407,52,,,0,21,,307410,52,,,0,15,,307434,52,,,0,15,,307432,52,,,0,55,,307414,52,,,0,15,,307395,52,,,0,15,,307402,52,,,0,15,,307448,52,,,0,55,,307416,52,,,0,13,,307418,52,,,0,15,,307401,52,,,0,15,,261679,52,,,0,58,,217595,52,,,0,16,,307429,52,,,0,17,,307426,52,,,0,55,,307396,52,,,0,15,,307445,52,,,0,19,,307438,52,,,0,15,,266991,52,,,0,51,,307447,52,,,0,16,,307436,52,,,0,29,,218640,52,,,0,70,,307433,52,,,0,18,,307400,52,,,0,68,,307430,52,,,0,30,,307446,52,,,0,70,,215102,52,,,0,29,,307423,52,,,0,26,,307428,52,,,0,70,,307399,52,,,0,30,,307405,52,,,0
1201,'5',630,,307466,52,,,0,23,,307503,52,,,0,55,,307479,52,,,0,10,,307496,52,,,0,15,,307462,52,,,0,22,,307499,52,,,0,54,,307494,52,,,0,14,,307517,52,,,0,14,,307459,52,,,0,15,,307476,52,,,0,55,,307498,52,,,0,14,,307508,52,,,0,15,,307488,52,,,0,15,,307482,52,,,0,55,,307467,52,,,0,15,,307465,52,,,0,15,,307501,52,,,0,15,,307500,52,,,0,55,,307477,52,,,0,15,,307487,52,,,0,15,,307453,52,,,0,15,,151761,52,,,0,55,,307493,52,,,0,15,,307478,52,,,0,15,,168052,52,,,0,15,,280548,52,,,0,55,,307502,52,,,0,21,,307471,52,,,0,15,,307485,52,,,0,15,,307472,52,,,0,55,,307515,52,,,0,15,,281126,52,,,0,15,,307452,52,,,0,15,,307454,52,,,0,55,,307489,52,,,0,15,,268973,52,,,0,13,,307509,52,,,0,17,,307513,52,,,0,56,,307512,52,,,0,16,,307457,52,,,0,17,,307495,52,,,0,55,,307506,52,,,0,17,,307507,52,,,0,17,,23922,52,,,0,15,,307463,52,,,0,51,,307469,52,,,0,15,,307491,52,,,0,30,,268993,52,,,0,70,,211203,52,,,0,18,,307511,52,,,0,68,,179520,52,,,0,30,,307514,52,,,0,70,,307492,52,,,0,29,,307473,52,,,0,26,,307483,52,,,0,70,,307474,52,,,0,30,,307480,52,,,0
1201,'6',630,,307529,52,,,0,23,,307562,52,,,0,55,,307541,52,,,0,10,,232429,52,,,0,15,,274544,52,,,0,22,,307558,52,,,0,54,,307554,52,,,0,14,,307582,52,,,0,14,,307523,52,,,0,15,,307538,52,,,0,55,,307557,52,,,0,14,,307567,52,,,0,15,,307547,52,,,0,15,,307543,52,,,0,55,,169919,52,,,0,15,,307528,52,,,0,15,,307560,52,,,0,15,,307559,52,,,0,55,,307539,52,,,0,15,,281178,52,,,0,15,,291913,52,,,0,15,,307573,52,,,0,55,,307553,52,,,0,15,,223864,52,,,0,15,,307527,52,,,0,15,,307579,52,,,0,55,,307561,52,,,0,21,,307533,52,,,0,15,,307545,52,,,0,15,,286177,52,,,0,55,,307578,52,,,0,15,,307580,52,,,0,15,,307518,52,,,0,15,,226126,52,,,0,55,,307548,52,,,0,15,,307540,52,,,0,13,,307570,52,,,0,17,,307576,52,,,0,56,,307575,52,,,0,16,,307521,52,,,0,17,,307555,52,,,0,55,,307565,52,,,0,17,,307566,52,,,0,17,,307549,52,,,0,15,,307526,52,,,0,51,,307531,52,,,0,15,,307551,52,,,0,30,,307571,52,,,0,70,,307572,52,,,0,18,,307574,52,,,0,68,,307568,52,,,0,30,,307577,52,,,0,70,,307552,52,,,0,29,,307534,52,,,0,26,,307544,52,,,0,70,,307536,52,,,0,30,,307542,52,,,0
1201,'7',630,,307595,52,,,0,23,,275515,52,,,0,55,,307609,52,,,0,10,,307625,52,,,0,15,,307590,52,,,0,22,,307628,52,,,0,54,,307623,52,,,0,14,,307647,52,,,0,14,,226885,52,,,0,15,,307605,52,,,0,55,,307627,52,,,0,14,,307634,52,,,0,15,,307616,52,,,0,15,,307611,52,,,0,55,,307596,52,,,0,15,,307594,52,,,0,15,,307629,52,,,0,15,,159953,52,,,0,55,,307606,52,,,0,15,,307615,52,,,0,15,,307583,52,,,0,15,,307640,52,,,0,55,,307622,52,,,0,15,,307607,52,,,0,15,,307592,52,,,0,15,,307645,52,,,0,55,,283959,52,,,0,21,,307600,52,,,0,15,,307614,52,,,0,15,,307601,52,,,0,55,,307644,52,,,0,15,,307646,52,,,0,15,,206592,52,,,0,15,,307584,52,,,0,55,,307617,52,,,0,15,,307608,52,,,0,13,,270732,52,,,0,17,,243136,52,,,0,56,,307642,52,,,0,16,,307587,52,,,0,17,,307624,52,,,0,55,,307632,52,,,0,17,,307633,52,,,0,17,,307618,52,,,0,15,,307591,52,,,0,51,,307598,52,,,0,15,,307620,52,,,0,30,,307637,52,,,0,70,,307638,52,,,0,18,,307641,52,,,0,68,,307635,52,,,0,30,,307643,52,,,0,70,,307621,52,,,0,29,,210270,52,,,0,26,,307612,52,,,0,70,,307603,52,,,0,30,,255369,52,,,0
1201,'8',829,,307687,52,,,0,72,,307681,52,,,0,23,,307680,52,,,0,30,,253287,52,,,0,70,,307688,52,,,0,32,,307651,52,,,0,70,,307659,52,,,0,30,,307670,52,,,0,70,,307663,52,,,0,32,,307669,52,,,0,70,,307666,52,,,0,30,,208706,52,,,0,70,,292579,52,,,0,30,,307679,52,,,0,70,,307684,52,,,0,30,,307653,52,,,0,70,,307685,52,,,0,29,,307655,52,,,0,70,,307648,52,,,0,30,,307649,52,,,0,85,,307664,52,,,0
1201,'9',630,,307705,52,,,0,23,,307738,52,,,0,55,,307717,52,,,0,10,,232356,52,,,0,15,,274363,52,,,0,22,,307734,52,,,0,54,,307730,52,,,0,14,,307758,52,,,0,14,,307699,52,,,0,15,,307714,52,,,0,55,,307733,52,,,0,14,,307743,52,,,0,15,,307723,52,,,0,15,,307719,52,,,0,55,,169705,52,,,0,15,,307704,52,,,0,15,,307736,52,,,0,15,,307735,52,,,0,55,,307715,52,,,0,15,,281070,52,,,0,15,,291843,52,,,0,15,,307749,52,,,0,55,,307729,52,,,0,15,,223784,52,,,0,15,,307703,52,,,0,15,,307755,52,,,0,55,,307737,52,,,0,21,,307709,52,,,0,15,,307721,52,,,0,15,,286169,52,,,0,55,,307754,52,,,0,15,,307756,52,,,0,15,,307694,52,,,0,15,,225984,52,,,0,55,,307724,52,,,0,15,,307716,52,,,0,13,,307746,52,,,0,17,,307752,52,,,0,56,,307751,52,,,0,16,,307697,52,,,0,17,,307731,52,,,0,55,,307741,52,,,0,17,,307742,52,,,0,17,,307725,52,,,0,15,,307702,52,,,0,51,,307707,52,,,0,15,,307727,52,,,0,30,,307747,52,,,0,70,,307748,52,,,0,18,,307750,52,,,0,68,,307744,52,,,0,30,,307753,52,,,0,70,,307728,52,,,0,29,,307710,52,,,0,26,,307720,52,,,0,70,,307712,52,,,0,30,,307718,52,,,0
5701,'1',2558,,336277,5,0,76,0,70,,336298,5,0,76,0,30,,336288,5,0,76,0
5701,'10',555,,336303,5,0,76,0
5701,'11',2558,,336318,5,0,76,0,70,,336330,5,0,76,0,30,,336319,5,0,76,0
5701,'12',549,,336359,5,0,76,0,70,,336374,5,0,76,0,30,,336367,5,0,76,0,70,,336362,5,0,76,0,30,,336364,5,0,76,0,1573,,336378,5,0,76,0,30,,336371,5,0,76,0,70,,336357,5,0,76,0
5701,'13',2558,,336380,5,0,76,0,70,,336392,5,0,76,0,30,,336381,5,0,76,0
5701,'14',2558,,336417,5,0,76,0,70,,336429,5,0,76,0,30,,336418,5,0,76,0
5701,'15',549,,336457,5,0,76,0,70,,336472,5,0,76,0,30,,336464,5,0,76,0,70,,336458,5,0,76,0,30,,336460,5,0,76,0,1573,,336476,5,0,76,0,30,,336468,5,0,76,0,70,,336456,5,0,76,0
5701,'16',555,,336483,5,0,76,0
5701,'2',2558,,207438,5,0,76,0,70,,336511,5,0,76,0,30,,336499,5,0,76,0
5701,'3',2558,,336538,5,0,76,0,70,,336552,5,0,76,0,30,,336539,5,0,76,0
5701,'4',2558,,243439,5,0,76,0,70,,336609,5,0,76,0,30,,336616,5,0,76,0
5701,'5',2558,,336624,5,0,76,0,70,,336638,5,0,76,0,30,,336625,5,0,76,0
5701,'6',2558,,336668,5,0,76,0,70,,336680,5,0,76,0,30,,336669,5,0,76,0
5701,'7',2558,,207322,5,0,76,0,70,,336718,5,0,76,0,30,,336706,5,0,76,0
5701,'8',549,,336748,5,0,76,0,70,,336763,5,0,76,0,30,,336756,5,0,76,0,70,,336751,5,0,76,0,30,,336753,5,0,76,0,1573,,336767,5,0,76,0,30,,336760,5,0,76,0,70,,336746,5,0,76,0
5701,'9',2558,,336769,5,0,76,0,70,,336781,5,0,76,0,30,,336770,5,0,76,0
6101,'1',414,,284152,5,0,9 10,0,31,,338881,5,0,9 10,0,2099,,338868,5,0,9 10,0,70,,136164,5,0,9 10,0,30,,338879,5,0,9 10,0
6101,'10',507,,338917,5,0,9 10,0,30,,338916,5,,,0,70,,338886,5,,,0,2039,,338892,5,0,9 10,0
6101,'11',414,,338939,5,0,9 10,0,31,,338945,5,0,9 10,0,2099,,338962,5,0,9 10,0,70,,266452,5,0,9 10,0,30,,132831,5,0,9 10,0
6101,'12',520,,251151,5,,,0,30,,338992,5,0,9 10,0,70,,338999,5,,,0,30,,338981,5,0,9 10,0,70,,338996,5,,,0,30,,338971,5,0,9 10,0,1600,,338975,5,0,9 10,0,70,,339003,5,0,9 10,0,30,,338977,5,0,9 10,0,70,,338984,5,0,9 10,0,26,,257598,5,0,9 10,0,70,,339002,5,0,9 10,0
6101,'13',414,,339024,5,0,9 10,0,31,,339030,5,0,9 10,0,2099,,339047,5,0,9 10,0,70,,266498,5,0,9 10,0,30,,131970,5,0,9 10,0
6101,'14',414,,339069,5,0,9 10,0,31,,339075,5,0,9 10,0,2099,,339092,5,0,9 10,0,70,,266687,5,0,9 10,0,30,,132411,5,0,9 10,0
6101,'15',520,,339115,5,,,0,30,,339114,5,0,9 10,0,70,,294485,5,,,0,30,,339106,5,0,9 10,0,70,,339118,5,,,0,30,,265780,5,0,9 10,0,1600,,339102,5,0,9 10,0,70,,339123,5,0,9 10,0,30,,339104,5,0,9 10,0,70,,339108,5,0,9 10,0,26,,339116,5,0,9 10,0,70,,339122,5,0,9 10,0
6101,'16',507,,339162,5,0,9 10,0,30,,286542,5,,,0,70,,339126,5,,,0,2039,,339133,5,0,9 10,0
6101,'2',414,,235121,5,0,9 10,0,31,,339190,5,0,9 10,0,2099,,339206,5,0,9 10,0,70,,339192,5,0,9 10,0,30,,339173,5,0,9 10,0
6101,'3',414,,339231,5,0,9 10,0,31,,339238,5,0,9 10,0,2099,,221789,5,0,9 10,0,70,,339240,5,0,9 10,0,30,,339215,5,0,9 10,0
6101,'4',414,,339293,5,0,9 10,0,31,,339292,5,0,9 10,0,2099,,339283,5,0,9 10,0,70,,339259,5,0,9 10,0,30,,339290,5,0,9 10,0
6101,'5',414,,339326,5,0,9 10,0,31,,339333,5,0,9 10,0,2099,,221868,5,0,9 10,0,70,,339335,5,0,9 10,0,30,,339310,5,0,9 10,0
6101,'6',414,,339372,5,0,9 10,0,31,,339378,5,0,9 10,0,2099,,339395,5,0,9 10,0,70,,266191,5,0,9 10,0,30,,132712,5,0,9 10,0
6101,'7',414,,234927,5,0,9 10,0,31,,339421,5,0,9 10,0,2099,,339437,5,0,9 10,0,70,,339423,5,0,9 10,0,30,,339404,5,0,9 10,0
6101,'8',520,,251447,5,,,0,30,,339466,5,0,9 10,0,70,,339473,5,,,0,30,,339455,5,0,9 10,0,70,,339470,5,,,0,30,,339445,5,0,9 10,0,1600,,339449,5,0,9 10,0,70,,339477,5,0,9 10,0,30,,339451,5,0,9 10,0,70,,339458,5,0,9 10,0,26,,258217,5,0,9 10,0,70,,339476,5,0,9 10,0
6101,'9',414,,339498,5,0,9 10,0,31,,339504,5,0,9 10,0,2099,,339521,5,0,9 10,0,70,,266071,5,0,9 10,0,30,,132474,5,0,9 10,0
7501,'1',308,,348358,5,0,64 65,0,30,,348344,5,0,64 65,0,72,,348329,5,0,64 65,0,25,,198427,5,,,0,2107,,348340,5,0,64 65,0,68,,348332,5,0,64 65,0,30,,348325,5,0,64 65,0
7501,'10',312,,348417,5,0,64 65,0,30,,348407,5,0,64 65,0,70,,348424,5,0,64 65,0,30,,348449,5,0,64 65,0,70,,348458,5,0,64 65,0,30,,348412,5,,,0,2102,,348408,5,0,64 65,0
7501,'11',308,,292078,5,0,64 65,0,30,,348486,5,0,64 65,0,72,,348479,5,0,64 65,0,25,,348489,5,,,0,2107,,348512,5,0,64 65,0,68,,348510,5,0,64 65,0,30,,348476,5,0,64 65,0
7501,'12',315,,348592,5,0,64 65,0,30,,348562,5,0,64 65,0,70,,348539,5,0,64 65,0,30,,280471,5,0,64 65,0,70,,348528,5,0,64 65,0,30,,348568,5,0,64 65,0,65,,267728,5,,,0,35,,348585,5,0,64 65,0,70,,348563,5,,,0,30,,348576,5,0,64 65,0,55,,348581,5,0,64 65,0,1546,,348527,5,0,64 65,0,70,,348573,5,0,64 65,0,30,,348531,5,0,64 65,0,70,,348572,5,0,64 65,0,30,,249347,5,0,64 65,0,70,,348586,5,0,64 65,0,30,,348575,5,0,64 65,0
7501,'13',308,,292109,5,0,64 65,0,30,,348622,5,0,64 65,0,72,,348615,5,0,64 65,0,25,,348625,5,,,0,2107,,348648,5,0,64 65,0,68,,348646,5,0,64 65,0,30,,348612,5,0,64 65,0
7501,'14',308,,292221,5,0,64 65,0,30,,348688,5,0,64 65,0,72,,348681,5,0,64 65,0,25,,348691,5,,,0,2107,,348714,5,0,64 65,0,68,,348712,5,0,64 65,0,30,,348678,5,0,64 65,0
7501,'15',315,,225824,5,0,64 65,0,30,,348753,5,0,64 65,0,70,,348737,5,0,64 65,0,30,,348733,5,0,64 65,0,70,,169351,5,0,64 65,0,30,,348760,5,0,64 65,0,65,,348763,5,,,0,35,,211769,5,0,64 65,0,70,,348755,5,,,0,30,,348768,5,0,64 65,0,55,,348774,5,0,64 65,0,1546,,348729,5,0,64 65,0,70,,348765,5,0,64 65,0,30,,348731,5,0,64 65,0,70,,261840,5,0,64 65,0,30,,348754,5,0,64 65,0,70,,348778,5,0,64 65,0,30,,348767,5,0,64 65,0
7501,'16',312,,285848,5,0,64 65,0,30,,348805,5,0,64 65,0,70,,348819,5,0,64 65,0,30,,348846,5,0,64 65,0,70,,348854,5,0,64 65,0,30,,348809,5,,,0,2102,,348806,5,0,64 65,0
7501,'2',308,,348868,5,0,64 65,0,30,,348880,5,0,64 65,0,72,,290008,5,0,64 65,0,25,,348884,5,,,0,2107,,348910,5,0,64 65,0,68,,348908,5,0,64 65,0,30,,348871,5,0,64 65,0
7501,'3',308,,348939,5,0,64 65,0,30,,348957,5,0,64 65,0,72,,348947,5,0,64 65,0,25,,207965,5,,,0,2107,,348986,5,0,64 65,0,68,,348984,5,0,64 65,0,30,,348944,5,0,64 65,0
7501,'4',308,,349037,5,0,64 65,0,30,,349014,5,0,64 65,0,72,,349017,5,0,64 65,0,25,,241787,5,,,0,2107,,349061,5,0,64 65,0,68,,349067,5,0,64 65,0,30,,349010,5,0,64 65,0
7501,'5',308,,349087,5,0,64 65,0,30,,349105,5,0,64 65,0,72,,349095,5,0,64 65,0,25,,208136,5,,,0,2107,,349134,5,0,64 65,0,68,,349132,5,0,64 65,0,30,,349092,5,0,64 65,0
7501,'6',308,,291918,5,0,64 65,0,30,,349180,5,0,64 65,0,72,,349173,5,0,64 65,0,25,,349183,5,,,0,2107,,349206,5,0,64 65,0,68,,349204,5,0,64 65,0,30,,349170,5,0,64 65,0
7501,'7',308,,349232,5,0,64 65,0,30,,349244,5,0,64 65,0,72,,289933,5,0,64 65,0,25,,349248,5,,,0,2107,,349274,5,0,64 65,0,68,,349272,5,0,64 65,0,30,,349235,5,0,64 65,0
7501,'8',315,,349357,5,0,64 65,0,30,,349327,5,0,64 65,0,70,,349304,5,0,64 65,0,30,,280817,5,0,64 65,0,70,,349293,5,0,64 65,0,30,,349333,5,0,64 65,0,65,,268039,5,,,0,35,,349350,5,0,64 65,0,70,,349328,5,,,0,30,,349341,5,0,64 65,0,55,,349346,5,0,64 65,0,1546,,349292,5,0,64 65,0,70,,349338,5,0,64 65,0,30,,349296,5,0,64 65,0,70,,349337,5,0,64 65,0,30,,249754,5,0,64 65,0,70,,349351,5,0,64 65,0,30,,349340,5,0,64 65,0
7501,'9',308,,291848,5,0,64 65,0,30,,349387,5,0,64 65,0,72,,349380,5,0,64 65,0,25,,349390,5,,,0,2107,,349413,5,0,64 65,0,68,,349411,5,0,64 65,0,30,,349377,5,0,64 65,0
