8000,'1',628,,81088,,,1,30,,81082,,,1,79,,81078,,,1,103,,81074,,,1,70,,81098,,,1,31,,81065,,,1,72,,81099,,,1,31,,81094,,,1,68,,81079,,,1,28,,81081,,,1,70,,81084,,,1,30,,81057,,,1,71,,81092,,,1,31,,81053,,,1,68,,81076,,,1,30,,81052,,,1,62,,81095,,,1,6,,81064,,,1,30,,81083,,,1,76,,81109,,,1,41,,81090,,,1,68,,81073,,,1,34,,81067,,,1,61,,81085,,,1,27,,81055,,,1,66,,81110,,,1,29,,81070,,,1,70,,81089,,,1,30,,81114,,,1,70,,81096,,,1,30,,81097,,,1,70,,81077,,,1,30,,81112,,,1,70,,81104,,,1,30,,81106,,,1,62,,81069,,,1,29,,81105,,,1,70,,81058,,,1
8000,'10',628,,81139,,,1,30,,81121,,,1,79,,81137,,,1,74,,81129,,,1,29,,81118,,,1,70,,81156,,,1,31,,81123,,,1,72,,81153,,,1,31,,81155,,,1,68,,81161,,,1,28,,81172,,,1,70,,81142,,,1,30,,81133,,,1,71,,81144,,,1,31,,81132,,,1,68,,81147,,,1,30,,81146,,,1,70,,81158,,,1,30,,81162,,,1,74,,81170,,,1,39,,81166,,,1,70,,81130,,,1,34,,81149,,,1,61,,81148,,,1,27,,81115,,,1,66,,81169,,,1,29,,81176,,,1,70,,81117,,,1,30,,81152,,,1,70,,81145,,,1,30,,81168,,,1,70,,81126,,,1,30,,81159,,,1,70,,81180,,,1,30,,81179,,,1,62,,81165,,,1,29,,81134,,,1,70,,81151,,,1
8000,'11',628,,81219,,,1,30,,81213,,,1,79,,81209,,,1,103,,81205,,,1,70,,81229,,,1,31,,81196,,,1,72,,81230,,,1,31,,81225,,,1,68,,81210,,,1,28,,81212,,,1,70,,81215,,,1,30,,81188,,,1,71,,81223,,,1,31,,81184,,,1,68,,81207,,,1,30,,81183,,,1,62,,81226,,,1,6,,81195,,,1,30,,81214,,,1,76,,81240,,,1,41,,81221,,,1,68,,81204,,,1,34,,81198,,,1,61,,81216,,,1,27,,81186,,,1,66,,81241,,,1,29,,81201,,,1,70,,81220,,,1,30,,81245,,,1,70,,81227,,,1,30,,81228,,,1,70,,81208,,,1,30,,81243,,,1,70,,81235,,,1,30,,81237,,,1,62,,81200,,,1,29,,81236,,,1,70,,81189,,,1
8000,'12',628,,81248,,,1,30,,81280,,,1,77,,81250,,,1,73,,81289,,,1,30,,81311,,,1,72,,81301,,,1,32,,81306,,,1,71,,81299,,,1,31,,81249,,,1,68,,81255,,,1,28,,81279,,,1,70,,81294,,,1,30,,81273,,,1,71,,81267,,,1,31,,81272,,,1,68,,81287,,,1,30,,81282,,,1,70,,81271,,,1,30,,81275,,,1,74,,81297,,,1,38,,81252,,,1,71,,81302,,,1,34,,81256,,,1,61,,81258,,,1,27,,81288,,,1,66,,81285,,,1,29,,81260,,,1,70,,81309,,,1,30,,81246,,,1,70,,81303,,,1,30,,81262,,,1,70,,81304,,,1,30,,81291,,,1,70,,81310,,,1,30,,81278,,,1,62,,81263,,,1,29,,81308,,,1,70,,81253,,,1
8000,'13',749,,81316,,,1,103,,81328,,,1,100,,81315,,,1,102,,81320,,,1,70,,81334,,,1,31,,81318,,,1,70,,81326,,,1,32,,81319,,,1,70,,81313,,,1,31,,81327,,,1,70,,81325,,,1,30,,81330,,,1,70,,81329,,,1,30,,81324,,,1,69,,81312,,,1,30,,81331,,,1,69,,81314,,,1,99,,81321,,,1,98,,81322,,,1,99,,81323,,,1,98,,81317,,,1,100,,81333,,,1,104,,81332,,,1
8000,'14',749,,81339,,,1,103,,81351,,,1,100,,81338,,,1,102,,81343,,,1,70,,81357,,,1,31,,81341,,,1,70,,81349,,,1,32,,81342,,,1,70,,81336,,,1,31,,81350,,,1,70,,81348,,,1,30,,81353,,,1,70,,81352,,,1,30,,81347,,,1,69,,81335,,,1,30,,81354,,,1,69,,81337,,,1,99,,81344,,,1,98,,81345,,,1,99,,81346,,,1,98,,81340,,,1,100,,81356,,,1,104,,81355,,,1
8000,'15',628,,81382,,,1,30,,81364,,,1,79,,81380,,,1,74,,81372,,,1,29,,81361,,,1,70,,81399,,,1,31,,81366,,,1,72,,81396,,,1,31,,81398,,,1,68,,81404,,,1,28,,81415,,,1,70,,81385,,,1,30,,81376,,,1,71,,81387,,,1,31,,81375,,,1,68,,81390,,,1,30,,81389,,,1,70,,81401,,,1,30,,81405,,,1,74,,81413,,,1,39,,81409,,,1,70,,81373,,,1,34,,81392,,,1,61,,81391,,,1,27,,81358,,,1,66,,81412,,,1,29,,81419,,,1,70,,81360,,,1,30,,81395,,,1,70,,81388,,,1,30,,81411,,,1,70,,81369,,,1,30,,81402,,,1,70,,81423,,,1,30,,81422,,,1,62,,81408,,,1,29,,81377,,,1,70,,81394,,,1
8000,'16',628,,81462,,,1,30,,81456,,,1,79,,81452,,,1,103,,81448,,,1,70,,81472,,,1,31,,81439,,,1,72,,81473,,,1,31,,81468,,,1,68,,81453,,,1,28,,81455,,,1,70,,81458,,,1,30,,81431,,,1,71,,81466,,,1,31,,81427,,,1,68,,81450,,,1,30,,81426,,,1,62,,81469,,,1,6,,81438,,,1,30,,81457,,,1,76,,81483,,,1,41,,81464,,,1,68,,81447,,,1,34,,81441,,,1,61,,81459,,,1,27,,81429,,,1,66,,81484,,,1,29,,81444,,,1,70,,81463,,,1,30,,81488,,,1,70,,81470,,,1,30,,81471,,,1,70,,81451,,,1,30,,81486,,,1,70,,81478,,,1,30,,81480,,,1,62,,81443,,,1,29,,81479,,,1,70,,81432,,,1
8000,'17',749,,81493,,,1,103,,81505,,,1,100,,81492,,,1,102,,81497,,,1,70,,81511,,,1,31,,81495,,,1,70,,81503,,,1,32,,81496,,,1,70,,81490,,,1,31,,81504,,,1,70,,81502,,,1,30,,81507,,,1,70,,81506,,,1,30,,81501,,,1,69,,81489,,,1,30,,81508,,,1,69,,81491,,,1,99,,81498,,,1,98,,81499,,,1,99,,81500,,,1,98,,81494,,,1,100,,81510,,,1,104,,81509,,,1
8000,'18',640,,81532,,,1,101,,81514,,,1,77,,81520,,,1,31,,81528,,,1,70,,81545,,,1,30,,81535,,,1,71,,81515,,,1,30,,81539,,,1,71,,81522,,,1,31,,81526,,,1,70,,81518,,,1,32,,81517,,,1,70,,81519,,,1,31,,81543,,,1,70,,81542,,,1,30,,81534,,,1,70,,81513,,,1,30,,81521,,,1,69,,81538,,,1,30,,81523,,,1,69,,81530,,,1,30,,81541,,,1,69,,81527,,,1,30,,81529,,,1,68,,81537,,,1,28,,81524,,,1,71,,81516,,,1,28,,81546,,,1,65,,81544,,,1,30,,81536,,,1,70,,81533,,,1,30,,81540,,,1,69,,81525,,,1,30,,81512,,,1,70,,81531,,,1,30,,81547,,,1
8000,'19',640,,81568,,,1,101,,81550,,,1,77,,81556,,,1,31,,81564,,,1,70,,81581,,,1,30,,81571,,,1,71,,81551,,,1,30,,81575,,,1,71,,81558,,,1,31,,81562,,,1,70,,81554,,,1,32,,81553,,,1,70,,81555,,,1,31,,81579,,,1,70,,81578,,,1,30,,81570,,,1,70,,81549,,,1,30,,81557,,,1,69,,81574,,,1,30,,81559,,,1,69,,81566,,,1,30,,81577,,,1,69,,81563,,,1,30,,81565,,,1,68,,81573,,,1,28,,81560,,,1,71,,81552,,,1,28,,81582,,,1,65,,81580,,,1,30,,81572,,,1,70,,81569,,,1,30,,81576,,,1,69,,81561,,,1,30,,81548,,,1,70,,81567,,,1,30,,81583,,,1
8000,'2',749,,81588,,,1,103,,81600,,,1,100,,81587,,,1,102,,81592,,,1,70,,81606,,,1,31,,81590,,,1,70,,81598,,,1,32,,81591,,,1,70,,81585,,,1,31,,81599,,,1,70,,81597,,,1,30,,81602,,,1,70,,81601,,,1,30,,81596,,,1,69,,81584,,,1,30,,81603,,,1,69,,81586,,,1,99,,81593,,,1,98,,81594,,,1,99,,81595,,,1,98,,81589,,,1,100,,81605,,,1,104,,81604,,,1
8000,'20',628,,81645,,,1,30,,81639,,,1,79,,81635,,,1,103,,81631,,,1,70,,81655,,,1,31,,81622,,,1,72,,81656,,,1,31,,81651,,,1,68,,81636,,,1,28,,81638,,,1,70,,81641,,,1,30,,81614,,,1,71,,81649,,,1,31,,81610,,,1,68,,81633,,,1,30,,81609,,,1,62,,81652,,,1,6,,81621,,,1,30,,81640,,,1,76,,81666,,,1,41,,81647,,,1,68,,81630,,,1,34,,81624,,,1,61,,81642,,,1,27,,81612,,,1,66,,81667,,,1,29,,81627,,,1,70,,81646,,,1,30,,81671,,,1,70,,81653,,,1,30,,81654,,,1,70,,81634,,,1,30,,81669,,,1,70,,81661,,,1,30,,81663,,,1,62,,81626,,,1,29,,81662,,,1,70,,81615,,,1
8000,'3',628,,81710,,,1,30,,81704,,,1,79,,81700,,,1,103,,81696,,,1,70,,81720,,,1,31,,81687,,,1,72,,81721,,,1,31,,81716,,,1,68,,81701,,,1,28,,81703,,,1,70,,81706,,,1,30,,81679,,,1,71,,81714,,,1,31,,81675,,,1,68,,81698,,,1,30,,81674,,,1,62,,81717,,,1,6,,81686,,,1,30,,81705,,,1,76,,81731,,,1,41,,81712,,,1,68,,81695,,,1,34,,81689,,,1,61,,81707,,,1,27,,81677,,,1,66,,81732,,,1,29,,81692,,,1,70,,81711,,,1,30,,81736,,,1,70,,81718,,,1,30,,81719,,,1,70,,81699,,,1,30,,81734,,,1,70,,81726,,,1,30,,81728,,,1,62,,81691,,,1,29,,81727,,,1,70,,81680,,,1
8000,'4',628,,81775,,,1,30,,81769,,,1,79,,81765,,,1,103,,81761,,,1,70,,81785,,,1,31,,81752,,,1,72,,81786,,,1,31,,81781,,,1,68,,81766,,,1,28,,81768,,,1,70,,81771,,,1,30,,81744,,,1,71,,81779,,,1,31,,81740,,,1,68,,81763,,,1,30,,81739,,,1,62,,81782,,,1,6,,81751,,,1,30,,81770,,,1,76,,81796,,,1,41,,81777,,,1,68,,81760,,,1,34,,81754,,,1,61,,81772,,,1,27,,81742,,,1,66,,81797,,,1,29,,81757,,,1,70,,81776,,,1,30,,81801,,,1,70,,81783,,,1,30,,81784,,,1,70,,81764,,,1,30,,81799,,,1,70,,81791,,,1,30,,81793,,,1,62,,81756,,,1,29,,81792,,,1,70,,81745,,,1
8000,'5',628,,81840,,,1,30,,81834,,,1,79,,81830,,,1,103,,81826,,,1,70,,81850,,,1,31,,81817,,,1,72,,81851,,,1,31,,81846,,,1,68,,81831,,,1,28,,81833,,,1,70,,81836,,,1,30,,81809,,,1,71,,81844,,,1,31,,81805,,,1,68,,81828,,,1,30,,81804,,,1,62,,81847,,,1,6,,81816,,,1,30,,81835,,,1,76,,81861,,,1,41,,81842,,,1,68,,81825,,,1,34,,81819,,,1,61,,81837,,,1,27,,81807,,,1,66,,81862,,,1,29,,81822,,,1,70,,81841,,,1,30,,81866,,,1,70,,81848,,,1,30,,81849,,,1,70,,81829,,,1,30,,81864,,,1,70,,81856,,,1,30,,81858,,,1,62,,81821,,,1,29,,81857,,,1,70,,81810,,,1
8000,'6',628,,81905,,,1,30,,81899,,,1,79,,81895,,,1,103,,81891,,,1,70,,81915,,,1,31,,81882,,,1,72,,81916,,,1,31,,81911,,,1,68,,81896,,,1,28,,81898,,,1,70,,81901,,,1,30,,81874,,,1,71,,81909,,,1,31,,81870,,,1,68,,81893,,,1,30,,81869,,,1,62,,81912,,,1,6,,81881,,,1,30,,81900,,,1,76,,81926,,,1,41,,81907,,,1,68,,81890,,,1,34,,81884,,,1,61,,81902,,,1,27,,81872,,,1,66,,81927,,,1,29,,81887,,,1,70,,81906,,,1,30,,81931,,,1,70,,81913,,,1,30,,81914,,,1,70,,81894,,,1,30,,81929,,,1,70,,81921,,,1,30,,81923,,,1,62,,81886,,,1,29,,81922,,,1,70,,81875,,,1
8000,'7',628,,81956,,,1,30,,81938,,,1,79,,81954,,,1,74,,81946,,,1,29,,81935,,,1,70,,81973,,,1,31,,81940,,,1,72,,81970,,,1,31,,81972,,,1,68,,81978,,,1,28,,81989,,,1,70,,81959,,,1,30,,81950,,,1,71,,81961,,,1,31,,81949,,,1,68,,81964,,,1,30,,81963,,,1,70,,81975,,,1,30,,81979,,,1,74,,81987,,,1,39,,81983,,,1,70,,81947,,,1,34,,81966,,,1,61,,81965,,,1,27,,81932,,,1,66,,81986,,,1,29,,81993,,,1,70,,81934,,,1,30,,81969,,,1,70,,81962,,,1,30,,81985,,,1,70,,81943,,,1,30,,81976,,,1,70,,81997,,,1,30,,81996,,,1,62,,81982,,,1,29,,81951,,,1,70,,81968,,,1
8000,'8',628,,82022,,,1,30,,82004,,,1,79,,82020,,,1,74,,82012,,,1,29,,82001,,,1,70,,82039,,,1,31,,82006,,,1,72,,82036,,,1,31,,82038,,,1,68,,82044,,,1,28,,82055,,,1,70,,82025,,,1,30,,82016,,,1,71,,82027,,,1,31,,82015,,,1,68,,82030,,,1,30,,82029,,,1,70,,82041,,,1,30,,82045,,,1,74,,82053,,,1,39,,82049,,,1,70,,82013,,,1,34,,82032,,,1,61,,82031,,,1,27,,81998,,,1,66,,82052,,,1,29,,82059,,,1,70,,82000,,,1,30,,82035,,,1,70,,82028,,,1,30,,82051,,,1,70,,82009,,,1,30,,82042,,,1,70,,82063,,,1,30,,82062,,,1,62,,82048,,,1,29,,82017,,,1,70,,82034,,,1
8000,'9',628,,82088,,,1,30,,82070,,,1,79,,82086,,,1,74,,82078,,,1,29,,82067,,,1,70,,82105,,,1,31,,82072,,,1,72,,82102,,,1,31,,82104,,,1,68,,82110,,,1,28,,82121,,,1,70,,82091,,,1,30,,82082,,,1,71,,82093,,,1,31,,82081,,,1,68,,82096,,,1,30,,82095,,,1,70,,82107,,,1,30,,82111,,,1,74,,82119,,,1,39,,82115,,,1,70,,82079,,,1,34,,82098,,,1,61,,82097,,,1,27,,82064,,,1,66,,82118,,,1,29,,82125,,,1,70,,82066,,,1,30,,82101,,,1,70,,82094,,,1,30,,82117,,,1,70,,82075,,,1,30,,82108,,,1,70,,82129,,,1,30,,82128,,,1,62,,82114,,,1,29,,82083,,,1,70,,82100,,,1
65900,'1',819,,123182,,,1,3,,123184,,,1,2,,123181,,,1,3,,123183,,,1
65900,'11',819,,123186,,,1,3,,123188,,,1,2,,123185,,,1,3,,123187,,,1
65900,'16',819,,123190,,,1,3,,123192,,,1,2,,123189,,,1,3,,123191,,,1
65900,'20',819,,123194,,,1,3,,123196,,,1,2,,123193,,,1,3,,123195,,,1
65900,'3',819,,123198,,,1,3,,123200,,,1,2,,123197,,,1,3,,123199,,,1
65900,'4',819,,123202,,,1,3,,123204,,,1,2,,123201,,,1,3,,123203,,,1
65900,'5',819,,123206,,,1,3,,123208,,,1,2,,123205,,,1,3,,123207,,,1
65900,'6',819,,123210,,,1,3,,123212,,,1,2,,123209,,,1,3,,123211,,,1
69900,'1',852,,124718,,,1
69900,'11',852,,124720,,,1
69900,'16',852,,124722,,,1
69900,'20',852,,124724,,,1
69900,'3',852,,124726,,,1
69900,'4',852,,124728,,,1
69900,'5',852,,124730,,,1
69900,'6',852,,124732,,,1
