5101,'1',657,,159334,13,,,1,70,,159331,13,,,1,103,,159328,13,,,1,11,,2199,13,,,1,59,,159343,13,,,1,26,,159339,13,,,1,30,,159324,13,,,1,70,,159327,13,,,1,30,,159337,13,,,1,70,,10943,13,,,1,30,,159344,13,,,1,70,,159332,13,,,1,30,,65990,13,,,1,70,,95062,13,,,1,30,,159322,13,,,1,70,,159335,13,,,1,28,,159340,13,,,1,71,,159345,13,,,1,30,,159341,13,,,1,73,,31297,13,,,1,30,,159347,13,,,1,70,,22923,13,,,1,30,,159336,13,,,1,69,,159330,13,,,1,29,,159338,13,,,1,69,,159323,13,,,1,30,,159329,13,,,1,70,,159342,13,,,1,30,,159325,13,,,1,70,,159326,13,,,1,29,,159333,13,,,1,100,,159346,13,,,1
5101,'10',657,,32164,13,,,1,70,,159360,13,,,1,32,,159356,13,,,1,71,,159361,13,,,1,70,,159362,13,,,1,26,,159357,13,,,1,30,,159359,13,,,1,70,,159370,13,,,1,30,,111177,13,,,1,70,,111679,13,,,1,30,,159348,13,,,1,70,,159368,13,,,1,30,,47900,13,,,1,70,,159366,13,,,1,30,,159363,13,,,1,70,,159349,13,,,1,28,,25391,13,,,1,71,,109785,13,,,1,30,,159353,13,,,1,74,,159352,13,,,1,29,,62181,13,,,1,70,,159350,13,,,1,30,,38117,13,,,1,69,,159355,13,,,1,29,,159365,13,,,1,69,,159354,13,,,1,30,,159367,13,,,1,70,,159358,13,,,1,30,,159364,13,,,1,70,,159369,13,,,1,29,,54246,13,,,1,100,,159351,13,,,1
5101,'11',852,,159381,13,,,1,70,,13183,13,,,1,30,,159390,13,,,1,70,,159385,13,,,1,30,,159387,13,,,1,70,,159377,13,,,1,30,,159371,13,,,1,70,,116471,13,,,1,30,,159389,13,,,1,70,,159373,13,,,1,30,,21133,13,,,1,70,,90755,13,,,1,30,,159383,13,,,1,70,,159386,13,,,1,30,,159374,13,,,1,70,,88226,13,,,1,30,,110259,13,,,1,70,,159375,13,,,1,30,,159382,13,,,1,70,,159384,13,,,1,30,,159372,13,,,1,70,,159388,13,,,1,30,,159378,13,,,1,70,,159379,13,0,79,1,30,,159380,13,,,1,100,,159376,13,,,1,99,,77114,13,0,79,1,100,,6380,13,,,1
5101,'12',657,,159414,13,,,1,70,,159410,13,,,1,73,,159401,13,,,1,30,,159416,13,,,1,70,,159394,13,,,1,26,,159405,13,,,1,30,,159413,13,,,1,70,,159403,13,,,1,30,,47492,13,,,1,70,,32528,13,,,1,30,,159404,13,,,1,70,,100335,13,,,1,30,,159395,13,,,1,70,,159415,13,,,1,30,,2077,13,,,1,70,,159406,13,,,1,28,,53996,13,,,1,71,,159402,13,,,1,30,,159412,13,,,1,73,,159396,13,,,1,30,,159392,13,,,1,70,,159397,13,,,1,30,,159393,13,,,1,69,,159399,13,,,1,29,,159411,13,,,1,69,,159408,13,,,1,30,,159391,13,,,1,70,,159398,13,,,1,30,,82287,13,,,1,70,,159400,13,,,1,29,,159409,13,,,1,100,,159407,13,,,1
5101,'13',852,,159429,13,,,1,70,,159436,13,,,1,30,,69611,13,,,1,70,,159434,13,,,1,30,,23005,13,,,1,70,,95648,13,,,1,30,,76936,13,,,1,70,,159428,13,,,1,30,,159439,13,,,1,70,,159419,13,,,1,30,,159440,13,,,1,70,,159420,13,,,1,30,,159431,13,,,1,70,,159435,13,,,1,30,,159421,13,,,1,70,,159437,13,,,1,30,,159425,13,,,1,70,,159422,13,,,1,30,,159430,13,,,1,70,,159433,13,,,1,30,,159418,13,,,1,70,,159438,13,,,1,30,,159424,13,,,1,70,,159426,13,0,79,1,30,,159427,13,,,1,100,,159423,13,,,1,99,,159417,13,0,79,1,100,,159432,13,,,1
5101,'14',657,,159467,13,,,1,70,,159463,13,,,1,73,,159452,13,,,1,30,,36568,13,,,1,70,,159446,13,,,1,26,,159456,13,,,1,30,,159466,13,,,1,70,,159454,13,,,1,30,,159451,13,,,1,70,,159445,13,,,1,30,,159455,13,,,1,70,,159457,13,,,1,30,,159447,13,,,1,70,,159468,13,,,1,30,,159444,13,,,1,70,,159458,13,,,1,28,,159441,13,,,1,71,,159453,13,,,1,30,,159465,13,,,1,73,,159448,13,,,1,30,,159442,13,,,1,70,,159449,13,,,1,30,,159443,13,,,1,69,,80699,13,,,1,29,,159464,13,,,1,69,,159460,13,,,1,30,,79881,13,,,1,70,,159450,13,,,1,30,,159462,13,,,1,70,,26406,13,,,1,29,,159461,13,,,1,100,,159459,13,,,1
5101,'15',657,,159495,13,,,1,70,,159491,13,,,1,73,,159480,13,,,1,30,,36775,13,,,1,70,,159474,13,,,1,26,,159484,13,,,1,30,,159494,13,,,1,70,,159482,13,,,1,30,,159479,13,,,1,70,,159473,13,,,1,30,,159483,13,,,1,70,,159485,13,,,1,30,,159475,13,,,1,70,,159496,13,,,1,30,,159472,13,,,1,70,,159486,13,,,1,28,,159469,13,,,1,71,,159481,13,,,1,30,,159493,13,,,1,73,,159476,13,,,1,30,,159470,13,,,1,70,,159477,13,,,1,30,,159471,13,,,1,69,,80903,13,,,1,29,,159492,13,,,1,69,,159488,13,,,1,30,,80223,13,,,1,70,,159478,13,,,1,30,,159490,13,,,1,70,,26761,13,,,1,29,,159489,13,,,1,100,,159487,13,,,1
5101,'16',657,,68445,13,,,1,70,,159519,13,,,1,73,,159509,13,,,1,30,,159522,13,,,1,70,,159502,13,,,1,26,,159513,13,,,1,30,,18682,13,,,1,70,,159511,13,,,1,30,,159507,13,,,1,70,,159501,13,,,1,30,,159512,13,,,1,70,,159514,13,,,1,30,,159503,13,,,1,70,,112229,13,,,1,30,,159500,13,,,1,70,,159515,13,,,1,28,,159497,13,,,1,71,,159510,13,,,1,30,,159521,13,,,1,73,,159504,13,,,1,30,,94514,13,,,1,70,,8028,13,,,1,30,,159499,13,,,1,69,,159506,13,,,1,29,,159520,13,,,1,69,,159517,13,,,1,30,,159498,13,,,1,70,,159505,13,,,1,30,,159518,13,,,1,70,,159508,13,,,1,29,,97243,13,,,1,100,,159516,13,,,1
5101,'17',657,,159535,13,,,1,70,,159532,13,,,1,103,,159529,13,,,1,11,,2574,13,,,1,59,,159544,13,,,1,26,,159540,13,,,1,30,,159525,13,,,1,70,,159528,13,,,1,30,,159538,13,,,1,70,,11209,13,,,1,30,,159545,13,,,1,70,,159533,13,,,1,30,,66225,13,,,1,70,,95230,13,,,1,30,,159523,13,,,1,70,,159536,13,,,1,28,,159541,13,,,1,71,,159546,13,,,1,30,,159542,13,,,1,73,,31478,13,,,1,30,,159548,13,,,1,70,,23093,13,,,1,30,,159537,13,,,1,69,,159531,13,,,1,29,,159539,13,,,1,69,,159524,13,,,1,30,,159530,13,,,1,70,,159543,13,,,1,30,,159526,13,,,1,70,,159527,13,,,1,29,,159534,13,,,1,100,,159547,13,,,1
5101,'2',657,,159561,13,,,1,70,,159558,13,,,1,103,,159555,13,,,1,11,,2273,13,,,1,59,,159570,13,,,1,26,,159566,13,,,1,30,,159551,13,,,1,70,,159554,13,,,1,30,,159564,13,,,1,70,,10999,13,,,1,30,,159571,13,,,1,70,,159559,13,,,1,30,,66040,13,,,1,70,,95095,13,,,1,30,,159549,13,,,1,70,,159562,13,,,1,28,,159567,13,,,1,71,,159572,13,,,1,30,,159568,13,,,1,73,,31335,13,,,1,30,,159574,13,,,1,70,,22958,13,,,1,30,,159563,13,,,1,69,,159557,13,,,1,29,,159565,13,,,1,69,,159550,13,,,1,30,,159556,13,,,1,70,,159569,13,,,1,30,,159552,13,,,1,70,,159553,13,,,1,29,,159560,13,,,1,100,,159573,13,,,1
5101,'3',657,,159601,13,,,1,70,,159597,13,,,1,73,,159586,13,,,1,30,,36702,13,,,1,70,,159580,13,,,1,26,,159590,13,,,1,30,,159600,13,,,1,70,,159588,13,,,1,30,,159585,13,,,1,70,,159579,13,,,1,30,,159589,13,,,1,70,,159591,13,,,1,30,,159581,13,,,1,70,,159602,13,,,1,30,,159578,13,,,1,70,,159592,13,,,1,28,,159575,13,,,1,71,,159587,13,,,1,30,,159599,13,,,1,73,,159582,13,,,1,30,,159576,13,,,1,70,,159583,13,,,1,30,,159577,13,,,1,69,,80832,13,,,1,29,,159598,13,,,1,69,,159594,13,,,1,30,,80095,13,,,1,70,,159584,13,,,1,30,,159596,13,,,1,70,,26632,13,,,1,29,,159595,13,,,1,100,,159593,13,,,1
5101,'4',727,,159617,13,,,1,101,,159610,13,,,1,30,,159626,13,,,1,70,,159616,13,,,1,30,,159621,13,,,1,70,,159614,13,,,1,30,,159603,13,,,1,70,,159619,13,,,1,30,,159611,13,,,1,70,,159623,13,,,1,30,,109095,13,,,1,70,,95528,13,,,1,30,,159615,13,,,1,70,,159627,13,,,1,30,,159609,13,,,1,70,,159604,13,,,1,30,,104195,13,,,1,70,,159605,13,,,1,30,,159625,13,,,1,70,,34843,13,,,1,31,,104156,13,,,1,70,,159612,13,0,56 57,1,30,,159622,13,,,1,70,,159620,13,0,56 57,1,30,,159613,13,,,1,70,,159618,13,0,56 57,1,30,,159624,13,,,1,70,,159608,13,0,56 57,1,30,,159606,13,,,1,99,,118844,13,,,1,100,,159607,13,,,1
5101,'5',657,,107649,13,,,1,70,,159637,13,,,1,103,,159635,13,,,1,11,,159649,13,,,1,59,,159650,13,,,1,26,,159645,13,,,1,30,,159630,13,,,1,70,,71346,13,,,1,30,,159643,13,,,1,70,,159642,13,,,1,30,,159651,13,,,1,70,,159638,13,,,1,30,,159646,13,,,1,70,,159632,13,,,1,30,,159628,13,,,1,70,,159640,13,,,1,28,,159647,13,,,1,71,,159652,13,,,1,30,,159648,13,,,1,73,,159631,13,,,1,30,,159654,13,,,1,70,,159636,13,,,1,30,,159641,13,,,1,69,,91756,13,,,1,29,,159644,13,,,1,69,,159629,13,,,1,30,,103212,13,,,1,70,,65082,13,,,1,30,,159633,13,,,1,70,,9,13,,,1,29,,159639,13,,,1,100,,159653,13,,,1
5101,'6',657,,159667,13,,,1,70,,159664,13,,,1,103,,159661,13,,,1,11,,3008,13,,,1,59,,159676,13,,,1,26,,159672,13,,,1,30,,159657,13,,,1,70,,159660,13,,,1,30,,159670,13,,,1,70,,11512,13,,,1,30,,159677,13,,,1,70,,159665,13,,,1,30,,66507,13,,,1,70,,95436,13,,,1,30,,159655,13,,,1,70,,159668,13,,,1,28,,159673,13,,,1,71,,159678,13,,,1,30,,159674,13,,,1,73,,31686,13,,,1,30,,159680,13,,,1,70,,23278,13,,,1,30,,159669,13,,,1,69,,159663,13,,,1,29,,159671,13,,,1,69,,159656,13,,,1,30,,159662,13,,,1,70,,159675,13,,,1,30,,159658,13,,,1,70,,159659,13,,,1,29,,159666,13,,,1,100,,159679,13,,,1
5101,'7',727,,159696,13,,,1,101,,159689,13,,,1,30,,159707,13,,,1,70,,159695,13,,,1,30,,159701,13,,,1,70,,159693,13,,,1,30,,159682,13,,,1,70,,159699,13,,,1,30,,159690,13,,,1,70,,159703,13,,,1,30,,159705,13,,,1,70,,159708,13,,,1,30,,159694,13,,,1,70,,159709,13,,,1,30,,159688,13,,,1,70,,159683,13,,,1,30,,159706,13,,,1,70,,159684,13,,,1,30,,159704,13,,,1,70,,159692,13,,,1,31,,159697,13,,,1,70,,159691,13,0,56 57,1,30,,159702,13,,,1,70,,159700,13,0,56 57,1,30,,78126,13,,,1,70,,159698,13,0,56 57,1,30,,40385,13,,,1,70,,159687,13,0,56 57,1,30,,159685,13,,,1,99,,159681,13,,,1,100,,159686,13,,,1
5101,'8',657,,159722,13,,,1,70,,159719,13,,,1,103,,159716,13,,,1,11,,2934,13,,,1,59,,159731,13,,,1,26,,159727,13,,,1,30,,159712,13,,,1,70,,159715,13,,,1,30,,159725,13,,,1,70,,11456,13,,,1,30,,159732,13,,,1,70,,159720,13,,,1,30,,66457,13,,,1,70,,95403,13,,,1,30,,159710,13,,,1,70,,159723,13,,,1,28,,159728,13,,,1,71,,159733,13,,,1,30,,159729,13,,,1,73,,31648,13,,,1,30,,159735,13,,,1,70,,23243,13,,,1,30,,159724,13,,,1,69,,159718,13,,,1,29,,159726,13,,,1,69,,159711,13,,,1,30,,159717,13,,,1,70,,159730,13,,,1,30,,159713,13,,,1,70,,159714,13,,,1,29,,159721,13,,,1,100,,159734,13,,,1
5101,'9',852,,159748,13,,,1,70,,159755,13,,,1,30,,159760,13,,,1,70,,159753,13,,,1,30,,159757,13,,,1,70,,159743,13,,,1,30,,159737,13,,,1,70,,159747,13,,,1,30,,159758,13,,,1,70,,159739,13,,,1,30,,159759,13,,,1,70,,159740,13,,,1,30,,159750,13,,,1,70,,159754,13,,,1,30,,159741,13,,,1,70,,159756,13,,,1,30,,159745,13,,,1,70,,159742,13,,,1,30,,159749,13,,,1,70,,159752,13,,,1,30,,159738,13,,,1,70,,35352,13,,,1,30,,159744,13,,,1,70,,52460,13,0,79,1,30,,159746,13,,,1,100,,97569,13,,,1,99,,159736,13,0,79,1,100,,159751,13,,,1
