9900,'12',604,,280034,33,,,1,107,,280035,33,,,1,100,,78451,33,,,1,102,,280019,33,,,1,100,,280039,33,,,1,95,,189344,33,,,1,100,,280029,33,,,1,100,,280042,33,,,1,102,,171884,33,,,1,102,,205403,33,,,1,103,,172595,33,,,1,102,,280018,33,,,1,100,,53108,33,,,1
9900,'14',604,,280082,33,,,1,107,,280086,33,,,1,101,,280071,33,,,1,101,,280089,33,,,1,100,,280074,33,,,1,95,,280085,33,,,1,100,,44313,33,,,1,100,,280092,33,,,1,102,,127327,33,,,1,102,,280078,33,,,1,103,,280079,33,,,1,102,,190554,33,,,1,100,,280083,33,,,1
9900,'15',604,,280112,33,,,1,107,,280113,33,,,1,100,,79034,33,,,1,102,,280097,33,,,1,100,,280117,33,,,1,95,,189541,33,,,1,100,,280107,33,,,1,100,,280120,33,,,1,102,,172024,33,,,1,102,,205408,33,,,1,103,,172676,33,,,1,102,,280096,33,,,1,100,,53273,33,,,1
9900,'17',604,,280155,33,,,1,107,,280159,33,,,1,101,,280144,33,,,1,101,,280162,33,,,1,100,,280147,33,,,1,95,,280158,33,,,1,100,,140991,33,,,1,100,,280165,33,,,1,102,,127279,33,,,1,102,,280151,33,,,1,103,,280152,33,,,1,102,,190503,33,,,1,100,,280156,33,,,1
9900,'18',604,,280182,33,,,1,107,,280186,33,,,1,101,,280171,33,,,1,101,,280189,33,,,1,100,,280174,33,,,1,95,,280185,33,,,1,100,,141026,33,,,1,100,,280192,33,,,1,102,,127383,33,,,1,102,,280178,33,,,1,103,,280179,33,,,1,102,,190613,33,,,1,100,,280183,33,,,1
9900,'2',604,,280209,33,,,1,107,,280215,33,,,1,101,,280198,33,,,1,101,,280219,33,,,1,100,,280199,33,,,1,95,,280214,33,,,1,100,,280218,33,,,1,100,,280224,33,,,1,102,,280221,33,,,1,102,,280204,33,,,1,103,,280206,33,,,1,102,,280229,33,,,1,100,,280211,33,,,1
9900,'3',604,,146945,33,,,1,107,,174549,33,,,1,100,,280252,33,,,1,102,,280233,33,,,1,100,,158555,33,,,1,95,,280259,33,,,1,100,,175705,33,,,1,100,,280263,33,,,1,102,,280250,33,,,1,102,,280260,33,,,1,103,,280232,33,,,1,102,,280230,33,,,1,100,,280244,33,,,1
9900,'4',604,,280280,33,,,1,107,,280281,33,,,1,100,,78969,33,,,1,102,,280265,33,,,1,100,,280285,33,,,1,95,,189626,33,,,1,100,,280275,33,,,1,100,,280288,33,,,1,102,,172082,33,,,1,102,,205410,33,,,1,103,,172705,33,,,1,102,,280264,33,,,1,100,,53254,33,,,1
9900,'5',604,,280305,33,,,1,107,,280306,33,,,1,100,,78386,33,,,1,102,,280290,33,,,1,100,,280310,33,,,1,95,,188922,33,,,1,100,,280300,33,,,1,100,,280313,33,,,1,102,,171571,33,,,1,102,,205399,33,,,1,103,,172400,33,,,1,102,,280289,33,,,1,100,,53089,33,,,1
9900,'7',604,,280353,33,,,1,107,,280358,33,,,1,101,,280341,33,,,1,101,,161652,33,,,1,100,,280344,33,,,1,95,,280357,33,,,1,100,,280360,33,,,1,100,,280364,33,,,1,102,,280362,33,,,1,102,,280349,33,,,1,103,,180799,33,,,1,102,,280368,33,,,1,100,,280355,33,,,1
9900,'8',604,,280384,33,,,1,107,,280378,33,,,1,100,,280385,33,,,1,102,,280372,33,,,1,100,,280374,33,,,1,95,,280387,33,,,1,100,,280369,33,,,1,100,,280373,33,,,1,102,,280386,33,,,1,102,,280382,33,,,1,103,,280383,33,,,1,103,,280375,33,,,1,99,,280380,33,,,1
9900,'9',604,,280405,33,,,1,107,,280406,33,,,1,100,,78683,33,,,1,102,,280390,33,,,1,100,,280410,33,,,1,95,,189290,33,,,1,100,,280400,33,,,1,100,,280413,33,,,1,102,,171850,33,,,1,102,,205401,33,,,1,103,,172566,33,,,1,102,,280389,33,,,1,100,,53175,33,,,1
9901,'12',1552,,280517,5,,,1
9901,'15',1552,,280604,5,,,1
9901,'3',1552,,134445,5,,,1
9901,'4',1552,,280776,5,,,1
9901,'5',1552,,280809,5,,,1
9901,'9',1552,,280920,5,,,1
11001,'1',450,,282585,9,,,1,70,,282588,9,,,1,130,,282586,81,0,35,1,70,,282589,81,0,35,1,1032,,282587,81,0,35,1,70,,150450,81,0,35,1
11001,'10',450,,282590,9,,,1,70,,282593,9,,,1,130,,18600,81,0,35,1,70,,282594,81,0,35,1,1032,,282592,81,0,35,1,70,,282591,81,0,35,1
11001,'11',450,,202856,9,0,41,1,70,,165961,9,0,41,1,130,,282596,81,0,35,1,70,,282595,81,0,35,1,1032,,282597,81,0,35,1,70,,282598,81,0,35,1
11001,'12',451,,132463,9,,,1,70,,282616,9,,,1,95,,282618,80,0,35,1,109,,282605,80,0,35,1,30,,282603,80,0,35,1,70,,282604,80,0,35,1,76,,282619,80,0,35,1,27,,282609,80,0,35,1,30,,282599,80,0,35,1,66,,282613,80,0,35,1,30,,282610,80,0,35,1,104,,193194,80,0,35,1,70,,282621,80,0,35,1,30,,282623,80,0,35,1,68,,282601,80,0,35,1,30,,282622,80,0,35,1,97,,185643,80,0,35,1,72,,182477,80,0,35,1,30,,282615,80,0,35,1,78,,282620,80,0,35,1,109,,205509,80,0,35,1,66,,282606,80,0,35,1,30,,166907,80,0,35,1,66,,185647,80,0,35,1,25,,282611,80,0,35,1,24,,282614,80,0,35,1,60,,282607,80,0,35,1,30,,282600,80,0,35,1,70,,282602,80,0,35,1
11001,'13',450,,282624,9,,,1,70,,148332,9,,,1,130,,282625,81,0,35,1,70,,282627,81,0,35,1,1032,,150271,81,0,35,1,70,,282626,81,0,35,1
11001,'14',451,,152231,9,0,35,1,70,,155673,9,,,1,95,,282639,80,0,35,1,39,,282635,80,0,35,1,70,,112372,80,0,35,1,30,,282643,80,0,35,1,70,,282647,80,0,35,1,76,,282650,80,0,35,1,27,,282629,80,0,35,1,30,,282634,80,0,35,1,66,,203306,80,0,35,1,30,,282637,80,0,35,1,70,,282649,80,0,35,1,34,,182320,80,0,35,1,70,,126837,80,0,35,1,30,,282636,80,0,35,1,68,,282651,80,0,35,1,30,,282652,80,0,35,1,69,,282644,80,0,35,1,30,,282633,80,0,35,1,70,,282648,80,0,35,1,30,,282641,80,0,35,1,78,,282640,80,0,35,1,76,,282630,80,0,35,1,33,,143861,80,0,35,1,66,,282646,80,0,35,1,30,,203847,80,0,35,1,66,,282645,80,0,35,1,25,,282632,80,0,35,1,24,,282628,80,0,35,1,60,,282642,80,0,35,1,30,,282638,80,0,35,1,70,,282631,80,0,35,1
11001,'15',451,,132701,9,,,1,70,,282670,9,,,1,95,,282672,80,0,35,1,109,,282659,80,0,35,1,30,,282657,80,0,35,1,70,,282658,80,0,35,1,76,,282673,80,0,35,1,27,,282663,80,0,35,1,30,,282653,80,0,35,1,66,,282667,80,0,35,1,30,,282664,80,0,35,1,104,,193278,80,0,35,1,70,,282675,80,0,35,1,30,,282677,80,0,35,1,68,,282655,80,0,35,1,30,,282676,80,0,35,1,97,,185911,80,0,35,1,72,,182618,80,0,35,1,30,,282669,80,0,35,1,78,,282674,80,0,35,1,109,,205519,80,0,35,1,66,,282660,80,0,35,1,30,,167024,80,0,35,1,66,,185915,80,0,35,1,25,,282665,80,0,35,1,24,,282668,80,0,35,1,60,,282661,80,0,35,1,30,,282654,80,0,35,1,70,,282656,80,0,35,1
11001,'16',450,,282679,9,0,41,1,70,,282680,9,0,41,1,130,,282681,81,0,35,1,70,,282678,81,0,35,1,1032,,282682,81,0,35,1,70,,282683,81,0,35,1
11001,'17',451,,152151,9,0,35,1,70,,74058,9,,,1,95,,282695,80,0,35,1,39,,282691,80,0,35,1,70,,128955,80,0,35,1,30,,282699,80,0,35,1,70,,282703,80,0,35,1,76,,282706,80,0,35,1,27,,282685,80,0,35,1,30,,282690,80,0,35,1,66,,203304,80,0,35,1,30,,282693,80,0,35,1,70,,282705,80,0,35,1,34,,182257,80,0,35,1,70,,94088,80,0,35,1,30,,282692,80,0,35,1,68,,282707,80,0,35,1,30,,282708,80,0,35,1,69,,282700,80,0,35,1,30,,282689,80,0,35,1,70,,282704,80,0,35,1,30,,282697,80,0,35,1,78,,282696,80,0,35,1,76,,282686,80,0,35,1,33,,95879,80,0,35,1,66,,282702,80,0,35,1,30,,203844,80,0,35,1,66,,282701,80,0,35,1,25,,282688,80,0,35,1,24,,282684,80,0,35,1,60,,282698,80,0,35,1,30,,282694,80,0,35,1,70,,282687,80,0,35,1
11001,'18',451,,152345,9,0,35,1,70,,155797,9,,,1,95,,282720,80,0,35,1,39,,282716,80,0,35,1,70,,129125,80,0,35,1,30,,282724,80,0,35,1,70,,282728,80,0,35,1,76,,282731,80,0,35,1,27,,282710,80,0,35,1,30,,282715,80,0,35,1,66,,203312,80,0,35,1,30,,282718,80,0,35,1,70,,282730,80,0,35,1,34,,182401,80,0,35,1,70,,126891,80,0,35,1,30,,282717,80,0,35,1,68,,282732,80,0,35,1,30,,282733,80,0,35,1,69,,282725,80,0,35,1,30,,282714,80,0,35,1,70,,282729,80,0,35,1,30,,282722,80,0,35,1,78,,282721,80,0,35,1,76,,282711,80,0,35,1,33,,143918,80,0,35,1,66,,282727,80,0,35,1,30,,203849,80,0,35,1,66,,282726,80,0,35,1,25,,282713,80,0,35,1,24,,282709,80,0,35,1,60,,282723,80,0,35,1,30,,282719,80,0,35,1,70,,282712,80,0,35,1
11001,'2',451,,282746,9,0,35,1,70,,282740,9,,,1,95,,282751,80,0,35,1,39,,282744,80,0,35,1,70,,282748,80,0,35,1,30,,282755,80,0,35,1,70,,282761,80,0,35,1,76,,282764,80,0,35,1,27,,282736,80,0,35,1,30,,282743,80,0,35,1,66,,282741,80,0,35,1,30,,282747,80,0,35,1,70,,282763,80,0,35,1,34,,282749,80,0,35,1,70,,282735,80,0,35,1,30,,282745,80,0,35,1,68,,282765,80,0,35,1,30,,282766,80,0,35,1,69,,282756,80,0,35,1,30,,282742,80,0,35,1,70,,282762,80,0,35,1,30,,282753,80,0,35,1,78,,282752,80,0,35,1,76,,282737,80,0,35,1,33,,282758,80,0,35,1,66,,282760,80,0,35,1,30,,282757,80,0,35,1,66,,282759,80,0,35,1,25,,282739,80,0,35,1,24,,282734,80,0,35,1,60,,282754,80,0,35,1,30,,282750,80,0,35,1,70,,282738,80,0,35,1
11001,'3',451,,282767,9,,,1,70,,282783,9,,,1,95,,106874,80,0,35,1,109,,282772,80,0,35,1,30,,67480,80,0,35,1,70,,282771,80,0,35,1,76,,181770,80,0,35,1,27,,282776,80,0,35,1,30,,282768,80,0,35,1,66,,282779,80,0,35,1,30,,282777,80,0,35,1,104,,282787,80,0,35,1,70,,282789,80,0,35,1,30,,159495,80,0,35,1,68,,175683,80,0,35,1,30,,282790,80,0,35,1,97,,282786,80,0,35,1,72,,282775,80,0,35,1,30,,282782,80,0,35,1,78,,282788,80,0,35,1,109,,282780,80,0,35,1,66,,282773,80,0,35,1,30,,282784,80,0,35,1,66,,282791,80,0,35,1,25,,282778,80,0,35,1,24,,282781,80,0,35,1,60,,94899,80,0,35,1,30,,282769,80,0,35,1,70,,282770,80,0,35,1
11001,'4',451,,132820,9,,,1,70,,282809,9,,,1,95,,282811,80,0,35,1,109,,282798,80,0,35,1,30,,282796,80,0,35,1,70,,282797,80,0,35,1,76,,282812,80,0,35,1,27,,282802,80,0,35,1,30,,282792,80,0,35,1,66,,282806,80,0,35,1,30,,282803,80,0,35,1,104,,193307,80,0,35,1,70,,282814,80,0,35,1,30,,282816,80,0,35,1,68,,282794,80,0,35,1,30,,282815,80,0,35,1,97,,186032,80,0,35,1,72,,182684,80,0,35,1,30,,282808,80,0,35,1,78,,282813,80,0,35,1,109,,205524,80,0,35,1,66,,282799,80,0,35,1,30,,167083,80,0,35,1,66,,186036,80,0,35,1,25,,282804,80,0,35,1,24,,282807,80,0,35,1,60,,282800,80,0,35,1,30,,282793,80,0,35,1,70,,282795,80,0,35,1
11001,'5',451,,131959,9,,,1,70,,282834,9,,,1,95,,282836,80,0,35,1,109,,282823,80,0,35,1,30,,282821,80,0,35,1,70,,282822,80,0,35,1,76,,282837,80,0,35,1,27,,282827,80,0,35,1,30,,282817,80,0,35,1,66,,282831,80,0,35,1,30,,282828,80,0,35,1,104,,193000,80,0,35,1,70,,282839,80,0,35,1,30,,282841,80,0,35,1,68,,282819,80,0,35,1,30,,282840,80,0,35,1,97,,185093,80,0,35,1,72,,182151,80,0,35,1,30,,282833,80,0,35,1,78,,282838,80,0,35,1,109,,205499,80,0,35,1,66,,282824,80,0,35,1,30,,166646,80,0,35,1,66,,185097,80,0,35,1,25,,282829,80,0,35,1,24,,282832,80,0,35,1,60,,282825,80,0,35,1,30,,282818,80,0,35,1,70,,282820,80,0,35,1
11001,'6',450,,282842,9,0,41,1,70,,282843,9,0,41,1,130,,282844,81,0,35,1,70,,193313,81,0,35,1,1032,,282845,81,0,35,1,70,,148730,81,0,35,1
11001,'7',451,,282857,9,0,35,1,70,,282851,9,,,1,95,,282862,80,0,35,1,39,,282855,80,0,35,1,70,,282859,80,0,35,1,30,,196095,80,0,35,1,70,,282870,80,0,35,1,76,,282873,80,0,35,1,27,,188963,80,0,35,1,30,,282854,80,0,35,1,66,,282852,80,0,35,1,30,,282858,80,0,35,1,70,,282872,80,0,35,1,34,,282860,80,0,35,1,70,,282847,80,0,35,1,30,,282856,80,0,35,1,68,,282874,80,0,35,1,30,,282875,80,0,35,1,69,,282865,80,0,35,1,30,,282853,80,0,35,1,70,,282871,80,0,35,1,30,,282864,80,0,35,1,78,,282863,80,0,35,1,76,,282848,80,0,35,1,33,,282867,80,0,35,1,66,,282869,80,0,35,1,30,,282866,80,0,35,1,66,,282868,80,0,35,1,25,,282850,80,0,35,1,24,,282846,80,0,35,1,60,,172833,80,0,35,1,30,,282861,80,0,35,1,70,,282849,80,0,35,1
11001,'8',451,,282898,9,0,41,1,70,,282880,9,0,35,1,95,,282887,80,0,35,1,39,,282897,80,0,35,1,70,,282899,80,0,35,1,30,,282893,80,0,35,1,70,,282878,80,0,35,1,76,,282892,80,0,35,1,27,,282882,80,0,35,1,30,,282900,80,0,35,1,66,,282888,80,0,35,1,30,,282907,80,0,35,1,70,,282879,80,0,35,1,34,,282902,80,0,35,1,70,,282895,80,0,35,1,30,,282883,80,0,35,1,68,,282906,80,0,35,1,30,,282891,80,0,35,1,69,,282908,80,0,35,1,30,,282905,80,0,35,1,70,,282885,80,0,35,1,30,,282886,80,0,35,1,85,,282889,80,0,35,1,70,,282884,80,0,35,1,32,,282894,80,0,35,1,66,,282896,80,0,35,1,30,,282903,80,0,35,1,66,,282877,80,0,35,1,25,,282876,80,0,35,1,24,,282904,80,0,35,1,60,,282881,80,0,35,1,30,,282901,80,0,35,1,70,,282890,80,0,35,1
11001,'9',451,,132400,9,,,1,70,,282926,9,,,1,95,,282928,80,0,35,1,109,,282915,80,0,35,1,30,,282913,80,0,35,1,70,,282914,80,0,35,1,76,,282929,80,0,35,1,27,,282919,80,0,35,1,30,,282909,80,0,35,1,66,,282923,80,0,35,1,30,,282920,80,0,35,1,104,,193170,80,0,35,1,70,,282931,80,0,35,1,30,,282933,80,0,35,1,68,,282911,80,0,35,1,30,,282932,80,0,35,1,97,,185574,80,0,35,1,72,,182439,80,0,35,1,30,,282925,80,0,35,1,78,,282930,80,0,35,1,109,,205504,80,0,35,1,66,,282916,80,0,35,1,30,,166874,80,0,35,1,66,,185578,80,0,35,1,25,,282921,80,0,35,1,24,,282924,80,0,35,1,60,,282917,80,0,35,1,30,,282910,80,0,35,1,70,,282912,80,0,35,1
67300,'12',1554,,295662,6,,,1
67300,'15',1554,,295665,6,,,1
67300,'3',1554,,295669,6,,,1
67300,'4',1554,,295672,6,,,1
67300,'5',1554,,295675,6,,,1
67300,'9',1554,,295678,6,,,1
67900,'12',731,,196354,27,,,1,2,,295809,27,,,1,5,,295810,27,,,1
67900,'15',731,,196363,27,,,1,2,,295811,27,,,1,5,,295812,27,,,1
67900,'3',731,,295813,27,,,1,2,,295814,27,,,1,5,,295815,27,,,1
67900,'4',731,,196366,27,,,1,2,,295816,27,,,1,5,,295817,27,,,1
67900,'5',731,,196334,27,,,1,2,,295818,27,,,1,5,,295819,27,,,1
67900,'9',731,,196351,27,,,1,2,,295820,27,,,1,5,,295821,27,,,1
68301,'12',1609,,295937,9,,,1,3,,295940,9,,,1
68301,'15',1609,,295943,9,,,1,3,,295946,9,,,1
68301,'3',1609,,295948,9,,,1,3,,295950,9,,,1
68301,'4',1609,,295953,9,,,1,3,,295956,9,,,1
68301,'5',1609,,295959,9,,,1,3,,295962,9,,,1
68301,'9',1609,,295965,9,,,1,3,,295968,9,,,1
69901,'12',1556,,296196,6,,,1
69901,'15',1556,,296198,6,,,1
69901,'3',1556,,296200,6,,,1
69901,'4',1556,,296202,6,,,1
69901,'5',1556,,296204,6,,,1
69901,'9',1556,,296206,6,,,1
