25601,'10',1551,,116605,22,,,1,72,,116604,22,,,1,28,,116609,22,,,1,73,,116606,22,,,1,27,,116607,22,,,1,70,,116610,22,,,1,106,,116608,22,,,1
25601,'11',1551,,116612,22,,,1,72,,116611,22,,,1,28,,116616,22,,,1,73,,116613,22,,,1,27,,116614,22,,,1,70,,116617,22,,,1,106,,116615,22,,,1
25601,'12',1551,,116619,22,,,1,72,,116618,22,,,1,28,,116623,22,,,1,73,,116620,22,,,1,27,,116621,22,,,1,70,,116624,22,,,1,106,,116622,22,,,1
25601,'13',1543,,116628,22,,,1,78,,116627,22,,,1,29,,116632,22,,,1,74,,116629,22,,,1,27,,116626,22,,,1,70,,116630,22,,,1,31,,116625,22,,,1,75,,116631,22,,,1
25601,'15',1551,,116634,22,,,1,72,,116633,22,,,1,28,,116638,22,,,1,73,,116635,22,,,1,27,,116636,22,,,1,70,,116639,22,,,1,106,,116637,22,,,1
25601,'16',1551,,116641,22,,,1,72,,116640,22,,,1,28,,116645,22,,,1,73,,116642,22,,,1,27,,116643,22,,,1,70,,116646,22,,,1,106,,116644,22,,,1
25601,'17',1543,,116650,22,,,1,78,,116649,22,,,1,29,,116654,22,,,1,74,,116651,22,,,1,27,,116648,22,,,1,70,,116652,22,,,1,31,,116647,22,,,1,75,,116653,22,,,1
25601,'18',1543,,116656,22,,,1,110,,116657,22,,,1,100,,116659,22,,,1,98,,116658,22,,,1,76,,116655,22,,,1
25601,'19',1543,,116663,22,,,1,78,,116662,22,,,1,29,,116667,22,,,1,74,,116664,22,,,1,27,,116661,22,,,1,70,,116665,22,,,1,31,,116660,22,,,1,75,,116666,22,,,1
25601,'3',1551,,116669,22,,,1,72,,116668,22,,,1,28,,116673,22,,,1,73,,116670,22,,,1,27,,116671,22,,,1,70,,116674,22,,,1,106,,116672,22,,,1
25601,'4',1551,,116676,22,,,1,72,,116675,22,,,1,28,,116680,22,,,1,73,,116677,22,,,1,27,,116678,22,,,1,70,,116681,22,,,1,106,,116679,22,,,1
25601,'5',1543,,116685,22,,,1,78,,116684,22,,,1,29,,116689,22,,,1,74,,116686,22,,,1,27,,116683,22,,,1,70,,116687,22,,,1,31,,116682,22,,,1,75,,116688,22,,,1
25601,'6',1551,,116691,22,,,1,72,,116690,22,,,1,28,,116695,22,,,1,73,,116692,22,,,1,27,,116693,22,,,1,70,,116696,22,,,1,106,,116694,22,,,1
25601,'7',1543,,116700,22,,,1,78,,116699,22,,,1,29,,116704,22,,,1,74,,116701,22,,,1,27,,116698,22,,,1,70,,116702,22,,,1,31,,116697,22,,,1,75,,116703,22,,,1
65701,'10',836,,119007,8,,,1
65701,'11',836,,119009,8,,,1
65701,'12',836,,119011,8,,,1
65701,'15',836,,119013,8,,,1
65701,'16',836,,119015,8,,,1
65701,'3',836,,119017,8,,,1
65701,'4',836,,119019,8,,,1
65701,'6',836,,119021,8,,,1
66500,'10',811,,119311,15,,,1,2,,119310,15,,,1
66500,'11',811,,119313,15,,,1,2,,119312,15,,,1
66500,'12',811,,119315,15,,,1,2,,119314,15,,,1
66500,'15',811,,119317,15,,,1,2,,119316,15,,,1
66500,'16',811,,119319,15,,,1,2,,119318,15,,,1
66500,'3',811,,119321,15,,,1,2,,119320,15,,,1
66500,'4',811,,119323,15,,,1,2,,119322,15,,,1
66500,'6',811,,119325,15,,,1,2,,119324,15,,,1
66501,'10',1600,,119328,53,,,1,9,,119327,53,,,1
66501,'11',1600,,119331,53,,,1,9,,119330,53,,,1
66501,'12',1600,,119334,53,,,1,9,,119333,53,,,1
66501,'15',1600,,119337,53,,,1,9,,119336,53,,,1
66501,'16',1600,,119340,53,,,1,9,,119339,53,,,1
66501,'3',1600,,119343,53,,,1,9,,119342,53,,,1
66501,'4',1600,,119346,53,,,1,9,,119345,53,,,1
66501,'6',1600,,119349,53,,,1,9,,119348,53,,,1
66700,'10',720,,119352,8,,,1,3,,119354,8,,,1,2,,119353,8,,,1
66700,'11',720,,119357,8,,,1,3,,119359,8,,,1,2,,119358,8,,,1
66700,'12',720,,119362,8,,,1,3,,119364,8,,,1,2,,119363,8,,,1
66700,'15',720,,119367,8,,,1,3,,119369,8,,,1,2,,119368,8,,,1
66700,'16',720,,119372,8,,,1,3,,119374,8,,,1,2,,119373,8,,,1
66700,'3',720,,119377,8,,,1,3,,119379,8,,,1,2,,119378,8,,,1
66700,'4',720,,119382,8,,,1,3,,119384,8,,,1,2,,119383,8,,,1
66700,'6',720,,119387,8,,,1,3,,119389,8,,,1,2,,119388,8,,,1
68101,'10',1609,,120062,54,,,1
68101,'11',1609,,120063,54,,,1
68101,'12',1609,,120064,54,,,1
68101,'15',1609,,120065,54,,,1
68101,'16',1609,,120066,54,,,1
68101,'3',1609,,120067,54,,,1
68101,'4',1609,,120068,54,,,1
68101,'6',1609,,120069,54,,,1
