900,'1',604,,302321,2,,,0,32,,302322,2,,,0,71,,302314,2,,,0,26,,302309,2,,,0,70,,302311,2,,,0,30,,302333,2,,,0,72,,186399,2,,,0,30,,279484,2,,,0,70,,302310,2,,,0,30,,302330,2,,,0,70,,302332,2,,,0,30,,302323,2,,,0,70,,251311,2,,,0,30,,302331,2,,,0,70,,176788,2,,,0,30,,302325,2,,,0,70,,302313,2,,,0,29,,255522,2,,,0,71,,302318,2,,,0,31,,302319,2,,,0,69,,302312,2,,,0,32,,302327,2,,,0,70,,302316,2,,,0,31,,302335,2,,,0,69,,302326,2,,,0,28,,302317,2,,,0,70,,250749,2,,,0,30,,302328,2,,,0,70,,263301,2,,,0,30,,302320,2,,,0,70,,302315,2,,,0,30,,302334,2,,,0,70,,246672,2,,,0,30,,302329,2,,,0,75,,302324,2,,,0
900,'10',645,,302348,2,,,0,100,,278782,2,,,0,70,,302354,2,,,0,30,,302346,2,,,0,70,,293806,2,,,0,30,,302351,2,,,0,70,,302357,2,,,0,30,,302336,2,,,0,70,,302340,2,,,0,30,,302344,2,,,0,70,,302339,2,,,0,30,,283361,2,,,0,70,,302341,2,,,0,30,,254468,2,,,0,70,,302343,2,,,0,30,,245149,2,,,0,70,,302345,2,,,0,30,,302337,2,,,0,70,,302347,2,,,0,30,,302352,2,,,0,70,,302338,2,,,0,30,,293804,2,,,0,70,,302353,2,,,0,30,,302355,2,,,0,70,,268742,2,,,0,30,,302342,2,,,0,70,,302356,2,,,0,30,,129312,2,,,0,70,,302350,2,,,0,100,,302349,2,,,0,100,,134655,2,,,0
900,'11',604,,302387,2,,,0,32,,302386,2,,,0,71,,302379,2,,,0,26,,302358,2,,,0,70,,302365,2,,,0,30,,302378,2,,,0,72,,278872,2,,,0,30,,302374,2,,,0,70,,302382,2,,,0,30,,302376,2,,,0,70,,302381,2,,,0,30,,302364,2,,,0,70,,302385,2,,,0,30,,302383,2,,,0,70,,213266,2,,,0,30,,302367,2,,,0,70,,302366,2,,,0,28,,302380,2,,,0,72,,302369,2,,,0,33,,225709,2,,,0,68,,302373,2,,,0,29,,302377,2,,,0,71,,302372,2,,,0,30,,302370,2,,,0,71,,150466,2,,,0,28,,302375,2,,,0,70,,302362,2,,,0,30,,302363,2,,,0,70,,302361,2,,,0,30,,302368,2,,,0,70,,302360,2,,,0,30,,302384,2,,,0,70,,233062,2,,,0,30,,302359,2,,,0,75,,302371,2,,,0
900,'12',820,,302390,2,,,0,30,,302407,2,,,0,70,,302389,2,,,0,30,,251155,2,,,0,70,,302396,2,,,0,30,,302393,2,,,0,70,,302405,2,,,0,30,,302398,2,,,0,70,,302395,2,,,0,30,,302401,2,,,0,70,,302391,2,,,0,30,,302409,2,,,0,70,,251607,2,,,0,30,,302403,2,,,0,70,,302411,2,,,0,30,,302400,2,,,0,70,,302410,2,,,0,30,,302406,2,,,0,70,,302388,2,,,0,30,,302397,2,,,0,70,,250519,2,,,0,30,,302404,2,,,0,70,,302399,2,,,0,30,,302402,2,,,0,70,,302394,2,,,0,100,,302408,2,,,0,100,,302392,2,,,0
900,'13',604,,302441,2,,,0,32,,302440,2,,,0,71,,302433,2,,,0,26,,302412,2,,,0,70,,302419,2,,,0,30,,302432,2,,,0,72,,278923,2,,,0,30,,302428,2,,,0,70,,302436,2,,,0,30,,302430,2,,,0,70,,302435,2,,,0,30,,302418,2,,,0,70,,302439,2,,,0,30,,302437,2,,,0,70,,213293,2,,,0,30,,302421,2,,,0,70,,302420,2,,,0,28,,302434,2,,,0,72,,302423,2,,,0,33,,225747,2,,,0,68,,302427,2,,,0,29,,302431,2,,,0,71,,302426,2,,,0,30,,302424,2,,,0,71,,149804,2,,,0,28,,302429,2,,,0,70,,302416,2,,,0,30,,302417,2,,,0,70,,302415,2,,,0,30,,302422,2,,,0,70,,302414,2,,,0,30,,302438,2,,,0,70,,233091,2,,,0,30,,302413,2,,,0,75,,302425,2,,,0
900,'14',604,,302471,2,,,0,32,,302470,2,,,0,71,,302463,2,,,0,26,,302442,2,,,0,70,,302449,2,,,0,30,,302462,2,,,0,72,,279100,2,,,0,30,,302458,2,,,0,70,,302466,2,,,0,30,,302460,2,,,0,70,,302465,2,,,0,30,,302448,2,,,0,70,,302469,2,,,0,30,,302467,2,,,0,70,,213407,2,,,0,30,,302451,2,,,0,70,,302450,2,,,0,28,,302464,2,,,0,72,,302453,2,,,0,33,,225866,2,,,0,68,,302457,2,,,0,29,,302461,2,,,0,71,,302456,2,,,0,30,,302454,2,,,0,71,,150155,2,,,0,28,,302459,2,,,0,70,,302446,2,,,0,30,,302447,2,,,0,70,,302445,2,,,0,30,,302452,2,,,0,70,,302444,2,,,0,30,,302468,2,,,0,70,,233209,2,,,0,30,,302443,2,,,0,75,,302455,2,,,0
900,'15',820,,302473,2,,,0,30,,302489,2,,,0,70,,302472,2,,,0,30,,302490,2,,,0,70,,302478,2,,,0,30,,282848,2,,,0,70,,302487,2,,,0,30,,302480,2,,,0,70,,302477,2,,,0,30,,302483,2,,,0,70,,209812,2,,,0,30,,302492,2,,,0,70,,302493,2,,,0,30,,302485,2,,,0,70,,302494,2,,,0,30,,302482,2,,,0,70,,211779,2,,,0,30,,302488,2,,,0,70,,259133,2,,,0,30,,302479,2,,,0,70,,302474,2,,,0,30,,302486,2,,,0,70,,302481,2,,,0,30,,302484,2,,,0,70,,302476,2,,,0,100,,302491,2,,,0,100,,302475,2,,,0
900,'16',645,,302510,2,,,0,100,,302513,2,,,0,70,,302519,2,,,0,30,,302509,2,,,0,70,,302522,2,,,0,30,,302516,2,,,0,70,,302521,2,,,0,30,,302495,2,,,0,70,,302502,2,,,0,30,,302507,2,,,0,70,,302501,2,,,0,30,,302499,2,,,0,70,,207890,2,,,0,30,,302500,2,,,0,70,,302506,2,,,0,30,,302511,2,,,0,70,,302508,2,,,0,30,,302496,2,,,0,70,,178273,2,,,0,30,,302517,2,,,0,70,,302497,2,,,0,30,,302503,2,,,0,70,,302518,2,,,0,30,,302520,2,,,0,70,,302514,2,,,0,30,,302504,2,,,0,70,,176318,2,,,0,30,,302505,2,,,0,70,,302515,2,,,0,100,,302512,2,,,0,100,,302498,2,,,0
900,'2',604,,269180,2,,,0,32,,302552,2,,,0,71,,302546,2,,,0,26,,286342,2,,,0,70,,302532,2,,,0,30,,302545,2,,,0,72,,302527,2,,,0,30,,302540,2,,,0,70,,302549,2,,,0,30,,302542,2,,,0,70,,302548,2,,,0,30,,302531,2,,,0,70,,302551,2,,,0,30,,261547,2,,,0,70,,302525,2,,,0,30,,302534,2,,,0,70,,302533,2,,,0,28,,302547,2,,,0,72,,302537,2,,,0,33,,302536,2,,,0,68,,302539,2,,,0,29,,302543,2,,,0,71,,302538,2,,,0,30,,248900,2,,,0,71,,302523,2,,,0,28,,302541,2,,,0,70,,302529,2,,,0,30,,302530,2,,,0,70,,302528,2,,,0,30,,302535,2,,,0,70,,302526,2,,,0,30,,302550,2,,,0,70,,302544,2,,,0,30,,302524,2,,,0,75,,237261,2,,,0
900,'3',604,,302583,2,,,0,32,,302582,2,,,0,71,,302575,2,,,0,26,,302553,2,,,0,70,,302561,2,,,0,30,,302574,2,,,0,72,,302558,2,,,0,30,,302569,2,,,0,70,,302578,2,,,0,30,,302571,2,,,0,70,,302577,2,,,0,30,,302560,2,,,0,70,,302581,2,,,0,30,,302579,2,,,0,70,,302556,2,,,0,30,,221774,2,,,0,70,,302562,2,,,0,28,,302576,2,,,0,72,,302565,2,,,0,33,,302564,2,,,0,68,,302568,2,,,0,29,,302572,2,,,0,71,,206478,2,,,0,30,,302566,2,,,0,71,,302554,2,,,0,28,,302570,2,,,0,70,,302559,2,,,0,30,,231826,2,,,0,70,,207952,2,,,0,30,,302563,2,,,0,70,,302557,2,,,0,30,,302580,2,,,0,70,,302573,2,,,0,30,,302555,2,,,0,75,,302567,2,,,0
900,'4',604,,302584,2,,,0,103,,302587,2,,,0,96,,302593,2,,,0,30,,302585,2,,,0,72,,302610,2,,,0,30,,302600,2,,,0,70,,302606,2,,,0,30,,131327,2,,,0,70,,302607,2,,,0,30,,302594,2,,,0,70,,302588,2,,,0,30,,272136,2,,,0,70,,302586,2,,,0,30,,302590,2,,,0,70,,302608,2,,,0,28,,302592,2,,,0,72,,302602,2,,,0,32,,249628,2,,,0,70,,287716,2,,,0,28,,302591,2,,,0,71,,302596,2,,,0,30,,302595,2,,,0,71,,302589,2,,,0,28,,302609,2,,,0,70,,302598,2,,,0,30,,302599,2,,,0,70,,302603,2,,,0,30,,302601,2,,,0,70,,302597,2,,,0,100,,302604,2,,,0,105,,302605,2,,,0
900,'5',604,,302641,2,,,0,32,,302640,2,,,0,71,,302633,2,,,0,26,,302611,2,,,0,70,,302619,2,,,0,30,,302632,2,,,0,72,,302616,2,,,0,30,,302627,2,,,0,70,,302636,2,,,0,30,,302629,2,,,0,70,,302635,2,,,0,30,,302618,2,,,0,70,,302639,2,,,0,30,,302637,2,,,0,70,,302614,2,,,0,30,,221855,2,,,0,70,,302620,2,,,0,28,,302634,2,,,0,72,,302623,2,,,0,33,,302622,2,,,0,68,,302626,2,,,0,29,,302630,2,,,0,71,,206581,2,,,0,30,,302624,2,,,0,71,,302612,2,,,0,28,,302628,2,,,0,70,,302617,2,,,0,30,,5656,2,,,0,70,,152506,2,,,0,30,,302621,2,,,0,70,,302615,2,,,0,30,,302638,2,,,0,70,,302631,2,,,0,30,,302613,2,,,0,75,,302625,2,,,0
900,'6',604,,302671,2,,,0,32,,302670,2,,,0,71,,302663,2,,,0,26,,302642,2,,,0,70,,302649,2,,,0,30,,302662,2,,,0,72,,278560,2,,,0,30,,302658,2,,,0,70,,302666,2,,,0,30,,302660,2,,,0,70,,302665,2,,,0,30,,302648,2,,,0,70,,302669,2,,,0,30,,302667,2,,,0,70,,213099,2,,,0,30,,302651,2,,,0,70,,302650,2,,,0,28,,302664,2,,,0,72,,302653,2,,,0,33,,225494,2,,,0,68,,302657,2,,,0,29,,302661,2,,,0,71,,302656,2,,,0,30,,302654,2,,,0,71,,150384,2,,,0,28,,302659,2,,,0,70,,302646,2,,,0,30,,302647,2,,,0,70,,302645,2,,,0,30,,302652,2,,,0,70,,302644,2,,,0,30,,302668,2,,,0,70,,232887,2,,,0,30,,302643,2,,,0,75,,302655,2,,,0
900,'7',604,,269049,2,,,0,32,,302701,2,,,0,71,,302695,2,,,0,26,,286290,2,,,0,70,,302681,2,,,0,30,,302694,2,,,0,72,,302676,2,,,0,30,,302689,2,,,0,70,,302698,2,,,0,30,,302691,2,,,0,70,,302697,2,,,0,30,,302680,2,,,0,70,,302700,2,,,0,30,,261435,2,,,0,70,,302674,2,,,0,30,,302683,2,,,0,70,,302682,2,,,0,28,,302696,2,,,0,72,,302686,2,,,0,33,,302685,2,,,0,68,,302688,2,,,0,29,,302692,2,,,0,71,,302687,2,,,0,30,,248799,2,,,0,71,,302672,2,,,0,28,,302690,2,,,0,70,,302678,2,,,0,30,,302679,2,,,0,70,,302677,2,,,0,30,,302684,2,,,0,70,,302675,2,,,0,30,,302699,2,,,0,70,,302693,2,,,0,30,,302673,2,,,0,75,,237131,2,,,0
900,'8',820,,302704,2,,,0,30,,302721,2,,,0,70,,302703,2,,,0,30,,251452,2,,,0,70,,302710,2,,,0,30,,302707,2,,,0,70,,302719,2,,,0,30,,302712,2,,,0,70,,302709,2,,,0,30,,302715,2,,,0,70,,302705,2,,,0,30,,302723,2,,,0,70,,251895,2,,,0,30,,302717,2,,,0,70,,302725,2,,,0,30,,302714,2,,,0,70,,302724,2,,,0,30,,302720,2,,,0,70,,302702,2,,,0,30,,302711,2,,,0,70,,163254,2,,,0,30,,302718,2,,,0,70,,302713,2,,,0,30,,302716,2,,,0,70,,302708,2,,,0,100,,302722,2,,,0,100,,302706,2,,,0
900,'9',604,,302755,2,,,0,32,,302754,2,,,0,71,,302747,2,,,0,26,,302726,2,,,0,70,,302733,2,,,0,30,,302746,2,,,0,72,,278424,2,,,0,30,,302742,2,,,0,70,,302750,2,,,0,30,,302744,2,,,0,70,,302749,2,,,0,30,,302732,2,,,0,70,,302753,2,,,0,30,,302751,2,,,0,70,,213014,2,,,0,30,,302735,2,,,0,70,,302734,2,,,0,28,,302748,2,,,0,72,,302737,2,,,0,33,,225390,2,,,0,68,,302741,2,,,0,29,,302745,2,,,0,71,,302740,2,,,0,30,,302738,2,,,0,71,,150202,2,,,0,28,,302743,2,,,0,70,,302730,2,,,0,30,,302731,2,,,0,70,,302729,2,,,0,30,,302736,2,,,0,70,,302728,2,,,0,30,,302752,2,,,0,70,,232806,2,,,0,30,,302727,2,,,0,75,,302739,2,,,0
1900,'1',820,,311083,2,,,0,28,,311055,2,,,0,70,,311057,2,,,0,30,,311079,2,,,0,70,,311081,2,,,0,30,,311078,2,,,0,70,,311064,2,,,0,30,,311069,2,,,0,70,,290534,2,,,0,30,,311077,2,,,0,70,,311054,2,,,0,30,,311058,2,,,0,70,,311056,2,,,0,27,,311075,2,,,0,68,,311072,2,,,0,28,,311074,2,,,0,72,,253028,2,,,0,31,,48861,2,,,0,73,,311076,2,,,0,32,,311068,2,,,0,72,,311059,2,,,0,30,,311082,2,,,0,70,,311073,2,,,0,31,,296387,2,,,0,71,,311080,2,,,0,31,,311065,2,,,0,72,,227068,2,,,0,102,,311052,2,,,0
1900,'10',826,,311102,2,,,0,30,,311094,2,,,0,70,,311090,2,,,0,30,,311095,2,,,0,70,,311106,2,,,0,30,,311088,2,,,0,70,,229579,2,,,0,30,,311104,2,,,0,70,,311101,2,,,0,30,,311099,2,,,0,70,,311096,2,,,0,30,,311084,2,,,0,70,,311097,2,,,0,30,,311092,2,,,0,70,,311093,2,,,0,30,,311089,2,,,0,70,,311103,2,,,0,30,,311100,2,,,0,70,,176049,2,,,0,30,,221255,2,,,0,70,,311105,2,,,0,30,,247717,2,,,0,70,,311085,2,,,0,30,,311086,2,,,0,70,,311098,2,,,0,30,,311107,2,,,0
1900,'11',818,,311113,2,,,0,30,,311117,2,,,0,70,,206948,2,,,0,30,,311111,2,,,0,70,,311118,2,,,0,30,,239023,2,,,0,70,,311126,2,,,0,30,,311112,2,,,0,70,,222104,2,,,0,30,,311128,2,,,0,70,,235383,2,,,0,30,,311109,2,,,0,70,,311130,2,,,0,27,,311129,2,,,0,68,,311116,2,,,0,30,,311110,2,,,0,70,,295951,2,,,0,31,,311124,2,,,0,73,,311115,2,,,0,32,,311125,2,,,0,72,,311108,2,,,0,30,,273822,2,,,0,70,,311120,2,,,0,31,,311131,2,,,0,71,,290627,2,,,0,31,,228646,2,,,0,72,,311132,2,,,0,102,,311121,2,,,0
1900,'12',859,,311150,2,,,0,70,,311153,2,,,0,30,,311140,2,,,0,70,,311145,2,,,0,30,,311134,2,,,0,70,,311143,2,,,0,30,,132664,2,,,0,70,,311155,2,,,0,30,,311148,2,,,0,70,,311149,2,,,0,30,,311133,2,,,0,70,,311136,2,,,0,30,,176994,2,,,0,70,,311154,2,,,0,30,,311137,2,,,0,70,,311139,2,,,0,30,,311146,2,,,0,70,,311141,2,,,0,30,,311147,2,,,0,70,,210155,2,,,0,30,,311151,2,,,0,70,,311142,2,,,0
1900,'13',818,,311161,2,,,0,30,,311165,2,,,0,70,,206995,2,,,0,30,,311159,2,,,0,70,,311166,2,,,0,30,,239076,2,,,0,70,,311174,2,,,0,30,,311160,2,,,0,70,,222131,2,,,0,30,,311176,2,,,0,70,,235448,2,,,0,30,,311157,2,,,0,70,,311178,2,,,0,27,,311177,2,,,0,68,,311164,2,,,0,30,,311158,2,,,0,70,,295957,2,,,0,31,,311172,2,,,0,73,,311163,2,,,0,32,,311173,2,,,0,72,,311156,2,,,0,30,,273891,2,,,0,70,,311168,2,,,0,31,,311179,2,,,0,71,,290658,2,,,0,31,,228676,2,,,0,72,,311180,2,,,0,102,,311169,2,,,0
1900,'14',818,,311186,2,,,0,30,,311190,2,,,0,70,,207170,2,,,0,30,,311184,2,,,0,70,,311191,2,,,0,30,,239251,2,,,0,70,,311199,2,,,0,30,,311185,2,,,0,70,,222250,2,,,0,30,,311201,2,,,0,70,,235726,2,,,0,30,,311182,2,,,0,70,,311203,2,,,0,27,,311202,2,,,0,68,,311189,2,,,0,30,,311183,2,,,0,70,,295963,2,,,0,31,,311197,2,,,0,73,,311188,2,,,0,32,,311198,2,,,0,72,,311181,2,,,0,30,,274170,2,,,0,70,,311193,2,,,0,31,,311204,2,,,0,71,,290765,2,,,0,31,,228807,2,,,0,72,,311205,2,,,0,102,,311194,2,,,0
1900,'15',859,,311221,2,,,0,70,,311223,2,,,0,30,,311212,2,,,0,70,,272303,2,,,0,30,,290695,2,,,0,70,,311215,2,,,0,30,,311210,2,,,0,70,,218907,2,,,0,30,,154067,2,,,0,70,,311220,2,,,0,30,,311206,2,,,0,70,,311208,2,,,0,30,,311217,2,,,0,70,,311224,2,,,0,30,,236730,2,,,0,70,,311211,2,,,0,30,,311218,2,,,0,70,,217830,2,,,0,30,,311219,2,,,0,70,,311225,2,,,0,30,,311222,2,,,0,70,,311214,2,,,0
1900,'16',826,,311249,2,,,0,30,,311239,2,,,0,70,,311234,2,,,0,30,,311241,2,,,0,70,,311255,2,,,0,30,,311231,2,,,0,70,,311251,2,,,0,30,,311253,2,,,0,70,,311248,2,,,0,30,,311246,2,,,0,70,,311242,2,,,0,30,,311226,2,,,0,70,,311243,2,,,0,30,,311236,2,,,0,70,,311237,2,,,0,30,,311233,2,,,0,70,,311252,2,,,0,30,,311247,2,,,0,70,,311228,2,,,0,30,,311229,2,,,0,70,,311254,2,,,0,30,,311250,2,,,0,70,,311230,2,,,0,30,,290779,2,,,0,70,,311244,2,,,0,30,,311256,2,,,0
1900,'2',818,,311265,2,,,0,30,,236280,2,,,0,70,,311285,2,,,0,30,,311263,2,,,0,70,,311269,2,,,0,30,,311262,2,,,0,70,,311282,2,,,0,30,,311264,2,,,0,70,,311286,2,,,0,30,,207475,2,,,0,70,,311275,2,,,0,30,,311258,2,,,0,70,,311284,2,,,0,27,,238855,2,,,0,68,,311267,2,,,0,30,,311259,2,,,0,70,,311260,2,,,0,31,,311279,2,,,0,73,,46453,2,,,0,32,,311281,2,,,0,72,,311257,2,,,0,30,,311268,2,,,0,70,,311272,2,,,0,31,,311287,2,,,0,71,,311283,2,,,0,31,,311280,2,,,0,72,,253015,2,,,0,102,,311274,2,,,0
1900,'3',818,,311295,2,,,0,30,,311299,2,,,0,70,,311316,2,,,0,30,,311294,2,,,0,70,,311301,2,,,0,30,,311293,2,,,0,70,,311311,2,,,0,30,,83331,2,,,0,70,,311317,2,,,0,30,,311314,2,,,0,70,,311306,2,,,0,30,,311289,2,,,0,70,,194986,2,,,0,27,,311315,2,,,0,68,,311298,2,,,0,30,,311290,2,,,0,70,,311291,2,,,0,31,,311308,2,,,0,73,,311297,2,,,0,32,,311310,2,,,0,72,,311288,2,,,0,30,,311300,2,,,0,70,,311303,2,,,0,31,,311318,2,,,0,71,,311313,2,,,0,31,,311309,2,,,0,72,,311319,2,,,0,102,,311305,2,,,0
1900,'4',820,,311342,2,,,0,28,,311345,2,,,0,70,,311327,2,,,0,30,,311341,2,,,0,70,,311339,2,,,0,30,,18298,2,,,0,70,,311321,2,,,0,30,,311338,2,,,0,70,,311331,2,,,0,30,,311330,2,,,0,70,,311333,2,,,0,30,,311329,2,,,0,70,,311340,2,,,0,27,,311343,2,,,0,68,,311349,2,,,0,30,,172977,2,,,0,70,,247727,2,,,0,31,,311326,2,,,0,73,,311346,2,,,0,32,,311323,2,,,0,72,,311348,2,,,0,30,,311332,2,,,0,70,,258981,2,,,0,31,,311344,2,,,0,71,,311322,2,,,0,31,,311328,2,,,0,72,,311347,2,,,0,102,,311334,2,,,0
1900,'5',818,,311357,2,,,0,30,,311361,2,,,0,70,,311378,2,,,0,30,,311356,2,,,0,70,,311363,2,,,0,30,,311355,2,,,0,70,,311373,2,,,0,30,,226857,2,,,0,70,,311379,2,,,0,30,,311376,2,,,0,70,,311368,2,,,0,30,,311351,2,,,0,70,,231008,2,,,0,27,,311377,2,,,0,68,,311360,2,,,0,30,,311352,2,,,0,70,,311353,2,,,0,31,,311370,2,,,0,73,,311359,2,,,0,32,,311372,2,,,0,72,,311350,2,,,0,30,,311362,2,,,0,70,,311365,2,,,0,31,,311380,2,,,0,71,,311375,2,,,0,31,,311371,2,,,0,72,,311381,2,,,0,102,,311367,2,,,0
1900,'6',818,,311387,2,,,0,30,,311391,2,,,0,70,,206676,2,,,0,30,,311385,2,,,0,70,,311392,2,,,0,30,,238736,2,,,0,70,,311400,2,,,0,30,,311386,2,,,0,70,,221927,2,,,0,30,,311402,2,,,0,70,,234989,2,,,0,30,,311383,2,,,0,70,,311404,2,,,0,27,,311403,2,,,0,68,,311390,2,,,0,30,,311384,2,,,0,70,,295941,2,,,0,31,,311398,2,,,0,73,,311389,2,,,0,32,,311399,2,,,0,72,,311382,2,,,0,30,,273420,2,,,0,70,,311394,2,,,0,31,,311405,2,,,0,71,,290455,2,,,0,31,,228458,2,,,0,72,,311406,2,,,0,102,,311395,2,,,0
1900,'7',818,,311415,2,,,0,30,,236088,2,,,0,70,,311435,2,,,0,30,,311413,2,,,0,70,,311419,2,,,0,30,,311412,2,,,0,70,,311432,2,,,0,30,,311414,2,,,0,70,,311436,2,,,0,30,,207359,2,,,0,70,,311425,2,,,0,30,,311408,2,,,0,70,,311434,2,,,0,27,,238726,2,,,0,68,,311417,2,,,0,30,,311409,2,,,0,70,,311410,2,,,0,31,,311429,2,,,0,73,,132986,2,,,0,32,,311431,2,,,0,72,,311407,2,,,0,30,,311418,2,,,0,70,,311422,2,,,0,31,,311437,2,,,0,71,,311433,2,,,0,31,,311430,2,,,0,72,,252881,2,,,0,102,,311424,2,,,0
1900,'8',859,,311456,2,,,0,70,,311459,2,,,0,30,,311445,2,,,0,70,,311451,2,,,0,30,,311439,2,,,0,70,,311449,2,,,0,30,,255102,2,,,0,70,,311461,2,,,0,30,,311454,2,,,0,70,,311455,2,,,0,30,,311438,2,,,0,70,,311441,2,,,0,30,,224537,2,,,0,70,,311460,2,,,0,30,,311442,2,,,0,70,,311444,2,,,0,30,,311452,2,,,0,70,,311447,2,,,0,30,,311453,2,,,0,70,,210758,2,,,0,30,,311457,2,,,0,70,,311448,2,,,0
1900,'9',818,,311467,2,,,0,30,,311471,2,,,0,70,,206556,2,,,0,30,,311465,2,,,0,70,,311472,2,,,0,30,,238600,2,,,0,70,,311480,2,,,0,30,,311466,2,,,0,70,,221842,2,,,0,30,,311482,2,,,0,70,,234808,2,,,0,30,,311463,2,,,0,70,,311484,2,,,0,27,,311483,2,,,0,68,,311470,2,,,0,30,,311464,2,,,0,70,,295935,2,,,0,31,,311478,2,,,0,73,,311469,2,,,0,32,,311479,2,,,0,72,,311462,2,,,0,30,,273235,2,,,0,70,,311474,2,,,0,31,,311485,2,,,0,71,,290374,2,,,0,31,,228372,2,,,0,72,,311486,2,,,0,102,,311475,2,,,0
4200,'1',521,,326822,2,,,0,100,,326821,2,,,0,25,,159072,2,,,0,74,,326808,2,,,0,31,,326805,2,,,0,71,,181792,2,,,0,29,,326807,2,,,0,68,,292008,2,,,0,30,,326818,2,,,0,70,,326809,2,,,0,30,,326823,2,,,0,70,,326826,2,,,0,30,,138324,2,,,0,70,,264561,2,,,0,30,,244180,2,,,0,70,,326816,2,,,0,30,,133733,2,,,0,70,,326812,2,,,0,30,,326825,2,,,0,71,,326814,2,,,0,31,,326806,2,,,0,72,,326815,2,,,0,29,,326811,2,,,0,75,,326810,2,,,0,78,,326817,2,,,0,30,,326827,2,,,0,70,,326819,2,,,0,30,,326813,2,,,0,70,,326824,2,,,0,29,,264545,2,,,0,70,,326820,2,,,0
4200,'10',540,,326834,2,,,0,100,,326831,2,,,0,100,,326847,2,,,0,70,,326848,2,,,0,30,,232985,2,,,0,70,,326830,2,,,0,30,,326840,2,,,0,70,,326833,2,,,0,30,,326837,2,,,0,70,,326835,2,,,0,30,,326841,2,,,0,70,,326843,2,,,0,30,,326832,2,,,0,70,,326838,2,,,0,30,,326836,2,,,0,70,,326844,2,,,0,30,,326828,2,,,0,70,,326829,2,,,0,30,,326846,2,,,0,70,,326845,2,,,0,30,,215838,2,,,0,70,,326839,2,,,0,30,,273664,2,,,0,70,,326842,2,,,0,30,,326849,2,,,0
4200,'11',521,,326863,2,,,0,100,,326854,2,,,0,25,,326851,2,,,0,75,,326856,2,,,0,30,,326864,2,,,0,70,,326862,2,,,0,30,,326859,2,,,0,68,,326852,2,,,0,30,,326850,2,,,0,70,,326861,2,,,0,30,,257348,2,,,0,70,,326866,2,,,0,30,,326857,2,,,0,70,,326858,2,,,0,30,,280766,2,,,0,70,,326871,2,,,0,30,,326853,2,,,0,70,,191305,2,,,0,30,,326875,2,,,0,71,,326865,2,,,0,103,,326870,2,,,0,30,,326874,2,,,0,72,,326869,2,,,0,80,,326860,2,,,0,30,,326873,2,,,0,70,,326868,2,,,0,30,,326872,2,,,0,70,,326876,2,,,0,29,,326867,2,,,0,70,,326855,2,,,0
4200,'12',705,,326892,2,,,0,99,,326888,2,,,0,100,,326886,2,,,0,30,,326877,2,,,0,70,,326883,2,,,0,30,,326885,2,,,0,70,,326880,2,,,0,30,,326894,2,,,0,70,,326882,2,,,0,30,,326896,2,,,0,70,,326878,2,,,0,30,,326890,2,,,0,70,,326893,2,,,0,30,,326895,2,,,0,70,,326881,2,,,0,30,,326889,2,,,0,70,,326887,2,,,0,30,,326891,2,,,0,70,,326879,2,,,0,100,,326884,2,,,0
4200,'13',521,,326910,2,,,0,100,,326901,2,,,0,25,,326898,2,,,0,75,,326903,2,,,0,30,,326911,2,,,0,70,,326909,2,,,0,30,,326906,2,,,0,68,,326899,2,,,0,30,,326897,2,,,0,70,,326908,2,,,0,30,,257373,2,,,0,70,,326913,2,,,0,30,,326904,2,,,0,70,,326905,2,,,0,30,,280799,2,,,0,70,,326918,2,,,0,30,,326900,2,,,0,70,,190883,2,,,0,30,,326922,2,,,0,71,,326912,2,,,0,103,,326917,2,,,0,30,,326921,2,,,0,72,,326916,2,,,0,80,,326907,2,,,0,30,,326920,2,,,0,70,,326915,2,,,0,30,,326919,2,,,0,70,,326923,2,,,0,29,,326914,2,,,0,70,,326902,2,,,0
4200,'14',521,,326937,2,,,0,100,,326928,2,,,0,25,,326925,2,,,0,75,,326930,2,,,0,30,,326938,2,,,0,70,,326936,2,,,0,30,,326933,2,,,0,68,,326926,2,,,0,30,,326924,2,,,0,70,,326935,2,,,0,30,,257474,2,,,0,70,,326940,2,,,0,30,,326931,2,,,0,70,,326932,2,,,0,30,,280910,2,,,0,70,,326945,2,,,0,30,,326927,2,,,0,70,,191092,2,,,0,30,,326949,2,,,0,71,,326939,2,,,0,103,,326944,2,,,0,30,,326948,2,,,0,72,,326943,2,,,0,80,,326934,2,,,0,30,,326947,2,,,0,70,,326942,2,,,0,30,,326946,2,,,0,70,,326950,2,,,0,29,,326941,2,,,0,70,,326929,2,,,0
4200,'15',705,,326965,2,,,0,99,,326962,2,,,0,100,,326960,2,,,0,30,,326951,2,,,0,70,,326957,2,,,0,30,,326959,2,,,0,70,,326954,2,,,0,30,,326967,2,,,0,70,,326956,2,,,0,30,,326969,2,,,0,70,,326952,2,,,0,30,,196724,2,,,0,70,,326966,2,,,0,30,,326968,2,,,0,70,,326955,2,,,0,30,,326963,2,,,0,70,,326961,2,,,0,30,,326964,2,,,0,70,,326953,2,,,0,100,,326958,2,,,0
4200,'16',540,,175085,2,,,0,100,,326974,2,,,0,100,,262719,2,,,0,70,,326988,2,,,0,30,,326972,2,,,0,70,,326973,2,,,0,30,,326980,2,,,0,70,,227768,2,,,0,30,,326978,2,,,0,70,,279154,2,,,0,30,,326981,2,,,0,70,,326984,2,,,0,30,,326976,2,,,0,70,,326979,2,,,0,30,,326977,2,,,0,70,,326985,2,,,0,30,,326970,2,,,0,70,,326971,2,,,0,30,,326987,2,,,0,70,,326986,2,,,0,30,,326983,2,,,0,70,,221752,2,,,0,30,,326975,2,,,0,70,,326982,2,,,0,30,,326989,2,,,0
4200,'2',521,,327000,2,,,0,100,,326993,2,,,0,25,,326990,2,,,0,75,,326995,2,,,0,30,,327001,2,,,0,70,,165604,2,,,0,30,,326996,2,,,0,68,,326991,2,,,0,30,,223902,2,,,0,70,,284780,2,,,0,30,,327009,2,,,0,70,,327003,2,,,0,30,,250107,2,,,0,70,,224367,2,,,0,30,,326999,2,,,0,70,,327007,2,,,0,30,,326992,2,,,0,70,,326998,2,,,0,30,,327011,2,,,0,71,,327002,2,,,0,103,,327006,2,,,0,30,,327010,2,,,0,72,,327005,2,,,0,80,,326997,2,,,0,30,,167814,2,,,0,70,,327004,2,,,0,30,,327008,2,,,0,70,,327012,2,,,0,29,,223921,2,,,0,70,,326994,2,,,0
4200,'3',521,,327026,2,,,0,100,,327015,2,,,0,25,,102327,2,,,0,75,,327017,2,,,0,30,,327027,2,,,0,70,,327024,2,,,0,30,,327020,2,,,0,68,,251117,2,,,0,30,,327013,2,,,0,70,,327023,2,,,0,30,,327035,2,,,0,70,,327029,2,,,0,30,,327018,2,,,0,70,,327019,2,,,0,30,,327025,2,,,0,70,,327033,2,,,0,30,,327014,2,,,0,70,,327022,2,,,0,30,,224792,2,,,0,71,,327028,2,,,0,103,,234690,2,,,0,30,,290324,2,,,0,72,,327032,2,,,0,80,,327021,2,,,0,30,,327036,2,,,0,70,,327031,2,,,0,30,,327034,2,,,0,70,,327037,2,,,0,29,,327030,2,,,0,70,,327016,2,,,0
4200,'4',521,,327044,2,,,0,100,,327046,2,,,0,25,,327049,2,,,0,104,,327048,2,,,0,71,,327057,2,,,0,30,,327054,2,,,0,68,,327042,2,,,0,30,,327045,2,,,0,70,,223993,2,,,0,30,,327055,2,,,0,70,,327039,2,,,0,30,,327050,2,,,0,70,,327040,2,,,0,30,,286411,2,,,0,70,,327038,2,,,0,30,,327059,2,,,0,70,,327061,2,,,0,30,,327060,2,,,0,71,,327053,2,,,0,32,,327051,2,,,0,71,,327058,2,,,0,30,,327062,2,,,0,72,,327056,2,,,0,80,,327052,2,,,0,30,,327047,2,,,0,70,,327041,2,,,0,100,,327043,2,,,0,99,,278052,2,,,0
4200,'5',521,,327076,2,,,0,100,,327065,2,,,0,25,,270678,2,,,0,75,,327067,2,,,0,30,,327077,2,,,0,70,,327074,2,,,0,30,,327070,2,,,0,68,,251185,2,,,0,30,,327063,2,,,0,70,,327073,2,,,0,30,,327085,2,,,0,70,,327079,2,,,0,30,,327068,2,,,0,70,,327069,2,,,0,30,,327075,2,,,0,70,,327083,2,,,0,30,,327064,2,,,0,70,,327072,2,,,0,30,,224878,2,,,0,71,,327078,2,,,0,103,,234874,2,,,0,30,,290404,2,,,0,72,,327082,2,,,0,80,,327071,2,,,0,30,,327086,2,,,0,70,,327081,2,,,0,30,,327084,2,,,0,70,,327087,2,,,0,29,,327080,2,,,0,70,,327066,2,,,0
4200,'6',521,,327101,2,,,0,100,,327092,2,,,0,25,,327089,2,,,0,75,,327094,2,,,0,30,,327102,2,,,0,70,,327100,2,,,0,30,,327097,2,,,0,68,,327090,2,,,0,30,,327088,2,,,0,70,,327099,2,,,0,30,,257214,2,,,0,70,,327104,2,,,0,30,,327095,2,,,0,70,,327096,2,,,0,30,,280594,2,,,0,70,,327109,2,,,0,30,,327091,2,,,0,70,,191249,2,,,0,30,,327113,2,,,0,71,,327103,2,,,0,103,,327108,2,,,0,30,,327112,2,,,0,72,,327107,2,,,0,80,,327098,2,,,0,30,,327111,2,,,0,70,,327106,2,,,0,30,,327110,2,,,0,70,,327114,2,,,0,29,,327105,2,,,0,70,,327093,2,,,0
4200,'7',521,,327125,2,,,0,100,,327118,2,,,0,25,,327115,2,,,0,75,,327120,2,,,0,30,,327126,2,,,0,70,,165679,2,,,0,30,,327121,2,,,0,68,,327116,2,,,0,30,,223824,2,,,0,70,,284698,2,,,0,30,,327134,2,,,0,70,,327128,2,,,0,30,,250011,2,,,0,70,,224293,2,,,0,30,,327124,2,,,0,70,,327132,2,,,0,30,,327117,2,,,0,70,,327123,2,,,0,30,,327136,2,,,0,71,,327127,2,,,0,103,,327131,2,,,0,30,,327135,2,,,0,72,,327130,2,,,0,80,,327122,2,,,0,30,,167883,2,,,0,70,,327129,2,,,0,30,,327133,2,,,0,70,,327137,2,,,0,29,,223843,2,,,0,70,,327119,2,,,0
4200,'8',705,,327153,2,,,0,99,,327149,2,,,0,100,,327147,2,,,0,30,,327138,2,,,0,70,,327144,2,,,0,30,,327146,2,,,0,70,,327141,2,,,0,30,,327155,2,,,0,70,,327143,2,,,0,30,,327157,2,,,0,70,,327139,2,,,0,30,,327151,2,,,0,70,,327154,2,,,0,30,,327156,2,,,0,70,,327142,2,,,0,30,,327150,2,,,0,70,,327148,2,,,0,30,,327152,2,,,0,70,,327140,2,,,0,100,,327145,2,,,0
4200,'9',521,,327171,2,,,0,100,,327162,2,,,0,25,,327159,2,,,0,75,,327164,2,,,0,30,,327172,2,,,0,70,,327170,2,,,0,30,,327167,2,,,0,68,,327160,2,,,0,30,,327158,2,,,0,70,,327169,2,,,0,30,,257145,2,,,0,70,,327174,2,,,0,30,,327165,2,,,0,70,,327166,2,,,0,30,,280507,2,,,0,70,,327179,2,,,0,30,,327161,2,,,0,70,,191121,2,,,0,30,,327183,2,,,0,71,,327173,2,,,0,103,,327178,2,,,0,30,,327182,2,,,0,72,,327177,2,,,0,80,,327168,2,,,0,30,,327181,2,,,0,70,,327176,2,,,0,30,,327180,2,,,0,70,,327184,2,,,0,29,,327175,2,,,0,70,,327163,2,,,0
4400,'1',501,,327903,2,,,0,30,,327939,2,,,0,70,,327948,2,,,0,20,,327940,2,,,0,16,,327906,2,,,0,15,,327926,2,,,0,55,,327899,2,,,0,13,,327919,2,,,0,17,,327907,2,,,0,15,,327908,2,,,0,55,,327930,2,,,0,15,,327911,2,,,0,15,,327933,2,,,0,15,,327932,2,,,0,55,,327902,2,,,0,16,,327935,2,,,0,13,,285709,2,,,0,15,,327923,2,,,0,55,,327943,2,,,0,15,,327905,2,,,0,15,,215764,2,,,0,15,,327931,2,,,0,55,,286381,2,,,0,15,,257907,2,,,0,15,,288656,2,,,0,15,,327942,2,,,0,55,,327910,2,,,0,15,,327941,2,,,0,15,,327901,2,,,0,15,,327938,2,,,0,55,,327909,2,,,0,15,,327898,2,,,0,15,,327927,2,,,0,15,,327936,2,,,0,55,,327928,2,,,0,15,,327945,2,,,0,15,,281264,2,,,0,15,,242470,2,,,0,51,,327913,2,,,0,15,,327946,2,,,0,15,,327897,2,,,0,15,,327925,2,,,0,54,,327900,2,,,0,16,,327912,2,,,0,15,,327921,2,,,0,15,,327922,2,,,0,54,,327947,2,,,0,15,,327934,2,,,0,15,,327915,2,,,0,15,,327918,2,,,0,55,,327914,2,,,0,15,,327937,2,,,0,15,,327924,2,,,0,18,,327944,2,,,0,55,,228520,2,,,0,30,,244206,2,,,0,70,,327920,2,,,0,30,,327929,2,,,0,70,,327916,2,,,0,30,,327917,2,,,0,70,,293592,2,,,0,30,,237304,2,,,0,70,,274697,2,,,0,30,,232024,2,,,0,70,,266275,2,,,0,35,,327904,2,,,0
4400,'10',624,,327960,2,,,0,25,,327954,2,,,0,70,,327965,2,,,0,30,,327968,2,,,0,70,,327981,2,,,0,30,,327966,2,,,0,70,,283390,2,,,0,29,,225619,2,,,0,70,,327949,2,,,0,30,,327967,2,,,0,70,,327964,2,,,0,30,,256506,2,,,0,70,,327974,2,,,0,30,,327955,2,,,0,70,,327962,2,,,0,30,,327951,2,,,0,70,,289039,2,,,0,30,,327970,2,,,0,70,,220050,2,,,0,30,,327950,2,,,0,70,,327957,2,,,0,30,,327972,2,,,0,70,,327980,2,,,0,30,,327961,2,,,0,70,,327971,2,,,0,26,,327953,2,,,0,70,,327978,2,,,0,30,,327975,2,,,0,70,,327977,2,,,0,30,,327963,2,,,0,70,,327969,2,,,0,30,,327956,2,,,0,70,,327979,2,,,0,30,,327952,2,,,0,70,,327976,2,,,0,30,,327958,2,,,0,70,,327973,2,,,0
4400,'11',501,,327998,2,,,0,30,,328023,2,,,0,70,,328031,2,,,0,36,,328005,2,,,0,15,,218693,2,,,0,55,,89833,2,,,0,15,,328003,2,,,0,30,,328015,2,,,0,55,,327984,2,,,0,15,,327991,2,,,0,15,,327982,2,,,0,70,,328025,2,,,0,16,,327996,2,,,0,13,,327988,2,,,0,15,,327993,2,,,0,55,,285746,2,,,0,15,,328001,2,,,0,15,,328007,2,,,0,15,,328014,2,,,0,55,,327990,2,,,0,15,,328026,2,,,0,15,,328009,2,,,0,15,,328028,2,,,0,55,,327986,2,,,0,15,,284302,2,,,0,15,,328013,2,,,0,15,,328022,2,,,0,55,,328030,2,,,0,15,,327997,2,,,0,15,,249068,2,,,0,15,,328024,2,,,0,55,,328006,2,,,0,15,,236563,2,,,0,15,,328018,2,,,0,64,,328004,2,,,0,16,,327987,2,,,0,18,,328017,2,,,0,15,,327989,2,,,0,53,,327992,2,,,0,15,,328012,2,,,0,15,,328011,2,,,0,14,,255627,2,,,0,55,,328008,2,,,0,15,,328020,2,,,0,15,,328027,2,,,0,15,,328016,2,,,0,55,,328029,2,,,0,15,,260376,2,,,0,15,,262427,2,,,0,18,,327999,2,,,0,55,,328019,2,,,0,30,,327983,2,,,0,70,,328000,2,,,0,30,,328010,2,,,0,70,,252501,2,,,0,30,,327985,2,,,0,70,,327995,2,,,0,30,,327994,2,,,0,70,,216673,2,,,0,30,,225120,2,,,0,70,,328002,2,,,0,35,,328021,2,,,0
4400,'12',733,,328036,2,,,0,100,,328039,2,,,0,70,,328060,2,,,0,30,,328046,2,,,0,70,,328051,2,,,0,30,,328055,2,,,0,70,,240200,2,,,0,30,,328057,2,,,0,70,,328052,2,,,0,30,,328048,2,,,0,70,,328053,2,,,0,30,,328033,2,,,0,70,,328034,2,,,0,30,,328050,2,,,0,70,,328058,2,,,0,30,,328035,2,,,0,70,,328043,2,,,0,30,,328049,2,,,0,70,,328044,2,,,0,30,,328054,2,,,0,70,,328056,2,,,0,30,,328038,2,,,0,70,,328059,2,,,0,30,,328042,2,,,0,70,,328061,2,,,0,30,,328047,2,,,0,70,,328037,2,,,0,30,,328040,2,,,0,70,,328062,2,,,0,30,,328041,2,,,0,70,,224230,2,,,0,30,,328032,2,,,0,76,,328045,2,,,0
4400,'13',501,,328079,2,,,0,30,,328104,2,,,0,70,,328112,2,,,0,36,,328086,2,,,0,15,,218758,2,,,0,55,,88996,2,,,0,15,,328084,2,,,0,30,,328096,2,,,0,55,,328065,2,,,0,15,,328072,2,,,0,15,,328063,2,,,0,70,,328106,2,,,0,16,,328077,2,,,0,13,,328069,2,,,0,15,,328074,2,,,0,55,,285761,2,,,0,15,,328082,2,,,0,15,,328088,2,,,0,15,,328095,2,,,0,55,,328071,2,,,0,15,,328107,2,,,0,15,,328090,2,,,0,15,,328109,2,,,0,55,,328067,2,,,0,15,,284353,2,,,0,15,,328094,2,,,0,15,,328103,2,,,0,55,,328111,2,,,0,15,,328078,2,,,0,15,,249106,2,,,0,15,,328105,2,,,0,55,,328087,2,,,0,15,,236627,2,,,0,15,,328099,2,,,0,64,,328085,2,,,0,16,,328068,2,,,0,18,,328098,2,,,0,15,,328070,2,,,0,53,,328073,2,,,0,15,,328093,2,,,0,15,,328092,2,,,0,14,,255665,2,,,0,55,,328089,2,,,0,15,,328101,2,,,0,15,,328108,2,,,0,15,,328097,2,,,0,55,,328110,2,,,0,15,,260415,2,,,0,15,,262469,2,,,0,18,,328080,2,,,0,55,,328100,2,,,0,30,,328064,2,,,0,70,,328081,2,,,0,30,,328091,2,,,0,70,,252528,2,,,0,30,,328066,2,,,0,70,,328076,2,,,0,30,,328075,2,,,0,70,,216714,2,,,0,30,,225157,2,,,0,70,,328083,2,,,0,35,,328102,2,,,0
4400,'14',501,,328129,2,,,0,30,,328154,2,,,0,70,,328162,2,,,0,36,,328136,2,,,0,15,,219005,2,,,0,55,,89421,2,,,0,15,,328134,2,,,0,30,,328146,2,,,0,55,,328115,2,,,0,15,,328122,2,,,0,15,,328113,2,,,0,70,,328156,2,,,0,16,,328127,2,,,0,13,,328119,2,,,0,15,,328124,2,,,0,55,,285827,2,,,0,15,,328132,2,,,0,15,,328138,2,,,0,15,,328145,2,,,0,55,,328121,2,,,0,15,,328157,2,,,0,15,,328140,2,,,0,15,,328159,2,,,0,55,,328117,2,,,0,15,,284534,2,,,0,15,,328144,2,,,0,15,,328153,2,,,0,55,,328161,2,,,0,15,,328128,2,,,0,15,,249269,2,,,0,15,,328155,2,,,0,55,,328137,2,,,0,15,,236903,2,,,0,15,,328149,2,,,0,64,,328135,2,,,0,16,,328118,2,,,0,18,,328148,2,,,0,15,,328120,2,,,0,53,,328123,2,,,0,15,,328143,2,,,0,15,,328142,2,,,0,14,,255822,2,,,0,55,,328139,2,,,0,15,,328151,2,,,0,15,,328158,2,,,0,15,,328147,2,,,0,55,,328160,2,,,0,15,,260568,2,,,0,15,,262639,2,,,0,18,,328130,2,,,0,55,,328150,2,,,0,30,,328114,2,,,0,70,,328131,2,,,0,30,,328141,2,,,0,70,,252622,2,,,0,30,,328116,2,,,0,70,,328126,2,,,0,30,,328125,2,,,0,70,,216888,2,,,0,30,,225272,2,,,0,70,,328133,2,,,0,35,,328152,2,,,0
4400,'15',733,,328166,2,,,0,100,,328167,2,,,0,70,,328185,2,,,0,30,,328174,2,,,0,70,,187922,2,,,0,30,,294389,2,,,0,70,,328177,2,,,0,30,,271725,2,,,0,70,,328180,2,,,0,30,,328176,2,,,0,70,,328181,2,,,0,30,,328164,2,,,0,70,,328165,2,,,0,30,,328179,2,,,0,70,,328184,2,,,0,30,,211732,2,,,0,70,,328171,2,,,0,30,,328178,2,,,0,70,,328172,2,,,0,30,,328182,2,,,0,70,,328183,2,,,0,30,,272929,2,,,0,70,,212321,2,,,0,30,,269498,2,,,0,70,,289755,2,,,0,30,,328175,2,,,0,70,,276677,2,,,0,30,,328168,2,,,0,70,,328186,2,,,0,30,,328169,2,,,0,70,,328170,2,,,0,30,,328163,2,,,0,76,,328173,2,,,0
4400,'16',624,,328198,2,,,0,25,,328193,2,,,0,70,,328203,2,,,0,30,,239315,2,,,0,70,,328217,2,,,0,30,,218026,2,,,0,70,,328209,2,,,0,29,,328192,2,,,0,70,,328188,2,,,0,30,,178711,2,,,0,70,,328202,2,,,0,30,,328204,2,,,0,70,,328210,2,,,0,30,,328195,2,,,0,70,,328200,2,,,0,30,,328190,2,,,0,70,,328187,2,,,0,30,,328206,2,,,0,70,,328194,2,,,0,30,,328189,2,,,0,70,,328196,2,,,0,30,,328208,2,,,0,70,,328216,2,,,0,30,,328199,2,,,0,70,,328207,2,,,0,26,,328191,2,,,0,70,,328214,2,,,0,30,,328211,2,,,0,70,,328213,2,,,0,30,,328201,2,,,0,70,,328205,2,,,0,30,,268154,2,,,0,70,,328215,2,,,0,30,,130885,2,,,0,70,,328212,2,,,0,30,,328197,2,,,0,70,,272427,2,,,0
4400,'2',501,,279446,2,,,0,30,,328257,2,,,0,70,,328266,2,,,0,36,,328239,2,,,0,15,,328232,2,,,0,55,,328265,2,,,0,15,,232002,2,,,0,30,,328249,2,,,0,55,,328219,2,,,0,15,,328227,2,,,0,15,,328218,2,,,0,70,,238849,2,,,0,16,,328231,2,,,0,13,,328224,2,,,0,15,,328229,2,,,0,55,,328233,2,,,0,15,,328236,2,,,0,15,,328241,2,,,0,15,,328248,2,,,0,55,,328226,2,,,0,15,,328259,2,,,0,15,,223914,2,,,0,15,,328261,2,,,0,55,,328222,2,,,0,15,,328238,2,,,0,15,,328246,2,,,0,15,,206742,2,,,0,55,,328264,2,,,0,15,,235092,2,,,0,15,,328263,2,,,0,15,,328258,2,,,0,55,,328240,2,,,0,15,,328250,2,,,0,15,,328252,2,,,0,64,,274656,2,,,0,16,,328223,2,,,0,18,,328251,2,,,0,15,,328225,2,,,0,53,,328228,2,,,0,15,,328245,2,,,0,15,,328244,2,,,0,14,,328256,2,,,0,55,,328242,2,,,0,15,,328254,2,,,0,15,,328260,2,,,0,15,,210447,2,,,0,55,,328262,2,,,0,15,,328243,2,,,0,15,,328247,2,,,0,18,,328234,2,,,0,55,,328253,2,,,0,30,,262214,2,,,0,70,,155598,2,,,0,30,,261012,2,,,0,70,,328220,2,,,0,30,,328221,2,,,0,70,,254916,2,,,0,30,,260998,2,,,0,70,,328230,2,,,0,30,,328235,2,,,0,70,,328237,2,,,0,35,,328255,2,,,0
4400,'3',501,,328285,2,,,0,30,,328316,2,,,0,70,,328324,2,,,0,36,,328295,2,,,0,15,,328284,2,,,0,55,,328323,2,,,0,15,,328292,2,,,0,30,,328306,2,,,0,55,,328269,2,,,0,15,,328276,2,,,0,15,,328267,2,,,0,70,,328318,2,,,0,16,,328282,2,,,0,13,,328273,2,,,0,15,,328278,2,,,0,55,,328286,2,,,0,15,,328290,2,,,0,15,,328297,2,,,0,15,,328305,2,,,0,55,,328275,2,,,0,15,,273163,2,,,0,15,,328299,2,,,0,15,,328320,2,,,0,55,,328272,2,,,0,15,,328294,2,,,0,15,,209047,2,,,0,15,,328314,2,,,0,55,,110223,2,,,0,15,,328283,2,,,0,15,,328322,2,,,0,15,,328317,2,,,0,55,,328296,2,,,0,15,,328307,2,,,0,15,,328310,2,,,0,64,,328293,2,,,0,16,,241364,2,,,0,18,,328309,2,,,0,15,,328274,2,,,0,53,,328277,2,,,0,15,,328303,2,,,0,15,,328302,2,,,0,14,,328315,2,,,0,55,,328298,2,,,0,15,,328312,2,,,0,15,,328319,2,,,0,15,,328308,2,,,0,55,,328321,2,,,0,15,,328301,2,,,0,15,,328304,2,,,0,18,,328287,2,,,0,55,,328311,2,,,0,30,,328268,2,,,0,70,,328288,2,,,0,30,,328300,2,,,0,70,,328270,2,,,0,30,,328271,2,,,0,70,,328281,2,,,0,30,,328279,2,,,0,70,,328280,2,,,0,30,,328289,2,,,0,70,,328291,2,,,0,35,,328313,2,,,0
4400,'4',501,,328341,2,,,0,30,,273776,2,,,0,70,,328328,2,,,0,36,,328352,2,,,0,70,,328340,2,,,0,30,,328360,2,,,0,70,,294963,2,,,0,30,,328329,2,,,0,70,,328334,2,,,0,29,,328325,2,,,0,70,,278046,2,,,0,30,,328344,2,,,0,70,,328359,2,,,0,30,,328339,2,,,0,70,,328356,2,,,0,30,,328354,2,,,0,70,,328335,2,,,0,30,,328330,2,,,0,70,,328332,2,,,0,28,,328355,2,,,0,66,,328346,2,,,0,34,,328343,2,,,0,68,,328326,2,,,0,30,,328331,2,,,0,69,,328337,2,,,0,30,,328327,2,,,0,72,,328345,2,,,0,28,,276504,2,,,0,73,,328357,2,,,0,30,,328349,2,,,0,70,,328338,2,,,0,30,,328358,2,,,0,70,,328347,2,,,0,30,,328351,2,,,0,70,,328336,2,,,0,30,,328342,2,,,0,70,,328350,2,,,0,30,,328353,2,,,0,70,,328333,2,,,0,35,,328348,2,,,0
4400,'5',501,,328379,2,,,0,30,,328410,2,,,0,70,,328418,2,,,0,36,,328389,2,,,0,15,,328378,2,,,0,55,,328417,2,,,0,15,,328386,2,,,0,30,,328400,2,,,0,55,,328363,2,,,0,15,,328370,2,,,0,15,,328361,2,,,0,70,,328412,2,,,0,16,,328376,2,,,0,13,,328367,2,,,0,15,,328372,2,,,0,55,,328380,2,,,0,15,,328384,2,,,0,15,,328391,2,,,0,15,,328399,2,,,0,55,,328369,2,,,0,15,,126511,2,,,0,15,,328393,2,,,0,15,,328414,2,,,0,55,,328366,2,,,0,15,,328388,2,,,0,15,,67958,2,,,0,15,,328408,2,,,0,55,,287940,2,,,0,15,,328377,2,,,0,15,,328416,2,,,0,15,,328411,2,,,0,55,,328390,2,,,0,15,,328401,2,,,0,15,,328404,2,,,0,64,,328387,2,,,0,16,,241464,2,,,0,18,,328403,2,,,0,15,,328368,2,,,0,53,,328371,2,,,0,15,,328397,2,,,0,15,,328396,2,,,0,14,,328409,2,,,0,55,,328392,2,,,0,15,,328406,2,,,0,15,,328413,2,,,0,15,,328402,2,,,0,55,,328415,2,,,0,15,,328395,2,,,0,15,,328398,2,,,0,18,,328381,2,,,0,55,,328405,2,,,0,30,,328362,2,,,0,70,,328382,2,,,0,30,,328394,2,,,0,70,,328364,2,,,0,30,,328365,2,,,0,70,,328375,2,,,0,30,,328373,2,,,0,70,,328374,2,,,0,30,,328383,2,,,0,70,,328385,2,,,0,35,,328407,2,,,0
4400,'6',501,,328435,2,,,0,30,,328460,2,,,0,70,,328468,2,,,0,36,,328442,2,,,0,15,,218343,2,,,0,55,,89923,2,,,0,15,,328440,2,,,0,30,,328452,2,,,0,55,,328421,2,,,0,15,,328428,2,,,0,15,,328419,2,,,0,70,,328462,2,,,0,16,,328433,2,,,0,13,,328425,2,,,0,15,,328430,2,,,0,55,,285651,2,,,0,15,,328438,2,,,0,15,,328444,2,,,0,15,,328451,2,,,0,55,,328427,2,,,0,15,,328463,2,,,0,15,,328446,2,,,0,15,,328465,2,,,0,55,,328423,2,,,0,15,,283993,2,,,0,15,,328450,2,,,0,15,,328459,2,,,0,55,,328467,2,,,0,15,,328434,2,,,0,15,,248847,2,,,0,15,,328461,2,,,0,55,,328443,2,,,0,15,,236176,2,,,0,15,,328455,2,,,0,64,,328441,2,,,0,16,,328424,2,,,0,18,,328454,2,,,0,15,,328426,2,,,0,53,,328429,2,,,0,15,,328449,2,,,0,15,,328448,2,,,0,14,,255422,2,,,0,55,,328445,2,,,0,15,,328457,2,,,0,15,,328464,2,,,0,15,,328453,2,,,0,55,,328466,2,,,0,15,,260156,2,,,0,15,,262179,2,,,0,18,,328436,2,,,0,55,,328456,2,,,0,30,,328420,2,,,0,70,,328437,2,,,0,30,,328447,2,,,0,70,,252366,2,,,0,30,,328422,2,,,0,70,,328432,2,,,0,30,,328431,2,,,0,70,,216398,2,,,0,30,,224922,2,,,0,70,,328439,2,,,0,35,,328458,2,,,0
4400,'7',501,,279322,2,,,0,30,,328508,2,,,0,70,,328517,2,,,0,36,,328490,2,,,0,15,,328483,2,,,0,55,,328516,2,,,0,15,,231932,2,,,0,30,,328500,2,,,0,55,,328470,2,,,0,15,,328478,2,,,0,15,,328469,2,,,0,70,,238720,2,,,0,16,,328482,2,,,0,13,,328475,2,,,0,15,,328480,2,,,0,55,,328484,2,,,0,15,,328487,2,,,0,15,,328492,2,,,0,15,,328499,2,,,0,55,,328477,2,,,0,15,,328510,2,,,0,15,,223836,2,,,0,15,,328512,2,,,0,55,,328473,2,,,0,15,,328489,2,,,0,15,,328497,2,,,0,15,,206619,2,,,0,55,,328515,2,,,0,15,,234898,2,,,0,15,,328514,2,,,0,15,,328509,2,,,0,55,,328491,2,,,0,15,,328501,2,,,0,15,,328503,2,,,0,64,,274491,2,,,0,16,,328474,2,,,0,18,,328502,2,,,0,15,,328476,2,,,0,53,,328479,2,,,0,15,,328496,2,,,0,15,,328495,2,,,0,14,,328507,2,,,0,55,,328493,2,,,0,15,,328505,2,,,0,15,,328511,2,,,0,15,,210296,2,,,0,55,,328513,2,,,0,15,,328494,2,,,0,15,,328498,2,,,0,18,,328485,2,,,0,55,,328504,2,,,0,30,,262107,2,,,0,70,,155687,2,,,0,30,,260958,2,,,0,70,,328471,2,,,0,30,,328472,2,,,0,70,,254834,2,,,0,30,,260944,2,,,0,70,,328481,2,,,0,30,,328486,2,,,0,70,,328488,2,,,0,35,,328506,2,,,0
4400,'8',733,,328522,2,,,0,100,,328525,2,,,0,70,,328546,2,,,0,30,,328532,2,,,0,70,,328537,2,,,0,30,,328541,2,,,0,70,,240449,2,,,0,30,,328543,2,,,0,70,,328538,2,,,0,30,,328534,2,,,0,70,,328539,2,,,0,30,,328519,2,,,0,70,,328520,2,,,0,30,,328536,2,,,0,70,,328544,2,,,0,30,,328521,2,,,0,70,,328529,2,,,0,30,,328535,2,,,0,70,,328530,2,,,0,30,,328540,2,,,0,70,,328542,2,,,0,30,,328524,2,,,0,70,,328545,2,,,0,30,,328528,2,,,0,70,,328547,2,,,0,30,,328533,2,,,0,70,,328523,2,,,0,30,,328526,2,,,0,70,,328548,2,,,0,30,,328527,2,,,0,70,,224533,2,,,0,30,,328518,2,,,0,76,,328531,2,,,0
4400,'9',501,,328565,2,,,0,30,,328590,2,,,0,70,,328598,2,,,0,36,,328572,2,,,0,15,,218165,2,,,0,55,,89086,2,,,0,15,,328570,2,,,0,30,,328582,2,,,0,55,,328551,2,,,0,15,,328558,2,,,0,15,,328549,2,,,0,70,,328592,2,,,0,16,,328563,2,,,0,13,,328555,2,,,0,15,,328560,2,,,0,55,,285604,2,,,0,15,,328568,2,,,0,15,,328574,2,,,0,15,,328581,2,,,0,55,,328557,2,,,0,15,,328593,2,,,0,15,,328576,2,,,0,15,,328595,2,,,0,55,,328553,2,,,0,15,,283856,2,,,0,15,,328580,2,,,0,15,,328589,2,,,0,55,,328597,2,,,0,15,,328564,2,,,0,15,,248746,2,,,0,15,,328591,2,,,0,55,,328573,2,,,0,15,,235989,2,,,0,15,,328585,2,,,0,64,,328571,2,,,0,16,,328554,2,,,0,18,,328584,2,,,0,15,,328556,2,,,0,53,,328559,2,,,0,15,,328579,2,,,0,15,,328578,2,,,0,14,,255325,2,,,0,55,,328575,2,,,0,15,,328587,2,,,0,15,,328594,2,,,0,15,,328583,2,,,0,55,,328596,2,,,0,15,,260055,2,,,0,15,,262065,2,,,0,18,,328566,2,,,0,55,,328586,2,,,0,30,,328550,2,,,0,70,,328567,2,,,0,30,,328577,2,,,0,70,,252314,2,,,0,30,,328552,2,,,0,70,,328562,2,,,0,30,,328561,2,,,0,70,,216278,2,,,0,30,,224822,2,,,0,70,,328569,2,,,0,35,,328588,2,,,0
4501,'1',428,,330145,12,0,66 67,0,2087,,330143,12,0,66 67,0,97,,330137,12,0,66 67,0,99,,330130,12,0,66 67,0
4501,'10',410,,330175,12,0,66 67,0,100,,330171,12,0,66 67,0,30,,330165,12,0,66 67,0,2070,,330173,12,0,66 67,0,100,,330193,12,0,66 67,0
4501,'11',428,,247205,12,0,66 67,0,2087,,330219,12,0,66 67,0,97,,330200,12,0,66 67,0,99,,330232,12,0,66 67,0
4501,'12',421,,330291,12,0,66 67,0,100,,330269,12,0,66 67,0,100,,330272,12,0,66 67,0,30,,251608,12,0,66 67,0,70,,330284,12,0,66 67,0,30,,330268,12,0,66 67,0,1570,,330263,12,0,66 67,0,30,,330287,12,0,66 67,0,70,,330294,12,0,66 67,0,30,,330292,12,0,66 67,0,70,,330289,12,0,66 67,0,100,,330262,12,0,66 67,0,100,,243875,12,0,66 67,0
4501,'13',428,,247229,12,0,66 67,0,2087,,330319,12,0,66 67,0,97,,330300,12,0,66 67,0,99,,330332,12,0,66 67,0
4501,'14',428,,247341,12,0,66 67,0,2087,,330379,12,0,66 67,0,97,,330360,12,0,66 67,0,99,,330392,12,0,66 67,0
4501,'15',421,,330444,12,0,66 67,0,100,,216790,12,0,66 67,0,100,,330428,12,0,66 67,0,30,,330450,12,0,66 67,0,70,,330438,12,0,66 67,0,30,,330426,12,0,66 67,0,1570,,330420,12,0,66 67,0,30,,250384,12,0,66 67,0,70,,330447,12,0,66 67,0,30,,330445,12,0,66 67,0,70,,330442,12,0,66 67,0,100,,245923,12,0,66 67,0,100,,330419,12,0,66 67,0
4501,'16',410,,330462,12,0,66 67,0,100,,330457,12,0,66 67,0,30,,134056,12,0,66 67,0,2070,,330459,12,0,66 67,0,100,,214731,12,0,66 67,0
4501,'2',428,,330492,12,0,66 67,0,2087,,330510,12,0,66 67,0,97,,142771,12,0,66 67,0,99,,330524,12,0,66 67,0
4501,'3',428,,330554,12,0,66 67,0,2087,,330570,12,0,66 67,0,97,,330550,12,0,66 67,0,99,,330583,12,0,66 67,0
4501,'4',428,,330636,12,0,66 67,0,2087,,330630,12,0,66 67,0,97,,330611,12,0,66 67,0,99,,330610,12,0,66 67,0
4501,'5',428,,330665,12,0,66 67,0,2087,,330681,12,0,66 67,0,97,,330661,12,0,66 67,0,99,,330694,12,0,66 67,0
4501,'6',428,,247059,12,0,66 67,0,2087,,330740,12,0,66 67,0,97,,330721,12,0,66 67,0,99,,330753,12,0,66 67,0
4501,'7',428,,330781,12,0,66 67,0,2087,,330799,12,0,66 67,0,97,,142820,12,0,66 67,0,99,,330813,12,0,66 67,0
4501,'8',421,,330870,12,0,66 67,0,100,,330848,12,0,66 67,0,100,,330851,12,0,66 67,0,30,,251896,12,0,66 67,0,70,,330863,12,0,66 67,0,30,,330847,12,0,66 67,0,1570,,330842,12,0,66 67,0,30,,330866,12,0,66 67,0,70,,330873,12,0,66 67,0,30,,330871,12,0,66 67,0,70,,330868,12,0,66 67,0,100,,330841,12,0,66 67,0,100,,244448,12,0,66 67,0
4501,'9',428,,246986,12,0,66 67,0,2087,,330898,12,0,66 67,0,97,,330879,12,0,66 67,0,99,,330911,12,0,66 67,0
4801,'1',521,,331625,2,0,86 87,0,86,,331637,2,,,0,16,,331629,2,,,0,15,,239705,2,,,0,15,,210465,2,,,0,55,,331640,2,,,0,15,,331648,2,,,0,15,,331654,2,,,0,16,,331638,2,,,0,54,,260698,2,,,0,15,,183602,2,,,0,15,,331630,2,,,0,15,,173699,2,,,0,70,,331657,2,,,0,30,,287261,2,,,0,70,,331636,2,,,0,30,,263304,2,,,0,70,,331633,2,,,0,30,,165058,2,,,0,70,,331634,2,,,0,30,,331635,2,,,0,70,,244211,2,,,0,30,,331627,2,,,0,70,,331646,2,,,0,30,,331639,2,,,0,53,,216543,2,,,0,17,,331655,2,,,0,15,,211448,2,,,0,15,,331643,2,,,0,55,,331647,2,,,0,14,,331656,2,,,0,16,,331651,2,,,0,15,,331632,2,,,0,55,,331645,2,,,0,15,,331653,2,,,0,15,,331631,2,,,0,15,,331628,2,,,0,70,,129134,2,,,0,30,,253044,2,,,0,70,,331652,2,,,0,30,,331644,2,,,0,70,,331626,2,,,0,30,,331641,2,,,0,70,,331650,2,,,0,100,,331649,2,0,86 87,0,100,,293365,2,0,86 87,0
4801,'10',635,,262317,2,,,0,100,,331669,2,,,0,70,,331660,2,,,0,30,,331661,2,,,0,70,,331658,2,,,0,30,,331665,2,,,0,70,,208466,2,,,0,30,,331680,2,,,0,70,,331668,2,,,0,30,,331659,2,,,0,70,,331662,2,,,0,30,,227101,2,,,0,70,,331678,2,,,0,30,,331681,2,,,0,70,,331663,2,,,0,30,,331673,2,,,0,70,,331676,2,,,0,30,,331675,2,,,0,70,,331664,2,,,0,30,,331677,2,,,0,70,,291509,2,,,0,30,,208475,2,,,0,70,,256602,2,,,0,30,,220808,2,,,0,70,,331674,2,,,0,30,,331683,2,,,0,70,,331672,2,,,0,30,,331670,2,,,0,70,,331679,2,,,0,30,,331684,2,,,0,70,,331682,2,0,86 87,0,30,,213228,2,0,86 87,0,100,,331667,2,0,86 87,0,110,,331666,2,0,86 87,0
4801,'11',521,,331722,2,0,86 87,0,86,,190828,2,,,0,16,,331690,2,,,0,29,,331704,2,,,0,71,,293989,2,,,0,15,,331691,2,,,0,15,,331694,2,,,0,55,,331700,2,,,0,15,,331705,2,,,0,15,,207650,2,,,0,15,,331709,2,,,0,70,,331689,2,,,0,30,,331712,2,,,0,70,,331688,2,,,0,30,,331703,2,,,0,70,,178742,2,,,0,30,,331716,2,,,0,70,,331701,2,,,0,30,,331718,2,,,0,70,,331685,2,,,0,30,,331697,2,,,0,70,,331710,2,,,0,30,,331714,2,,,0,53,,331692,2,,,0,17,,331695,2,,,0,15,,331713,2,,,0,15,,331708,2,,,0,55,,331699,2,,,0,15,,331715,2,,,0,16,,331721,2,,,0,14,,331707,2,,,0,55,,331706,2,,,0,15,,331698,2,,,0,15,,274943,2,,,0,15,,331687,2,,,0,70,,296190,2,,,0,30,,331702,2,,,0,70,,331696,2,,,0,30,,331717,2,,,0,70,,239031,2,,,0,30,,138269,2,,,0,70,,331711,2,,,0,100,,331720,2,0,86 87,0,100,,331719,2,0,86 87,0
4801,'12',747,,331745,2,,,0,100,,331732,2,,,0,70,,331728,2,,,0,30,,331748,2,,,0,70,,331738,2,,,0,30,,331741,2,,,0,70,,286560,2,,,0,30,,331737,2,,,0,70,,331731,2,,,0,30,,331743,2,,,0,70,,331727,2,,,0,30,,331729,2,,,0,70,,331733,2,,,0,30,,331744,2,,,0,70,,331735,2,,,0,30,,331742,2,,,0,70,,331726,2,,,0,30,,331725,2,,,0,70,,331736,2,,,0,30,,331724,2,,,0,70,,331740,2,,,0,30,,331746,2,,,0,70,,331739,2,0,86 87,0,30,,331723,2,0,86 87,0,70,,331747,2,0,86 87,0,30,,331730,2,0,86 87,0,70,,331734,2,0,86 87,0,100,,222313,2,0,86 87,0,119,,184747,2,0,86 87,0
4801,'13',521,,331787,2,0,86 87,0,86,,190418,2,,,0,16,,331755,2,,,0,29,,331769,2,,,0,71,,293994,2,,,0,15,,331756,2,,,0,15,,331759,2,,,0,55,,331765,2,,,0,15,,331770,2,,,0,15,,207688,2,,,0,15,,331774,2,,,0,70,,331754,2,,,0,30,,331777,2,,,0,70,,331753,2,,,0,30,,331768,2,,,0,70,,178359,2,,,0,30,,331781,2,,,0,70,,331766,2,,,0,30,,331783,2,,,0,70,,331750,2,,,0,30,,331762,2,,,0,70,,331775,2,,,0,30,,331779,2,,,0,53,,331757,2,,,0,17,,331760,2,,,0,15,,331778,2,,,0,15,,331773,2,,,0,55,,331764,2,,,0,15,,331780,2,,,0,16,,331786,2,,,0,14,,331772,2,,,0,55,,331771,2,,,0,15,,331763,2,,,0,15,,275011,2,,,0,15,,331752,2,,,0,70,,296192,2,,,0,30,,331767,2,,,0,70,,331761,2,,,0,30,,331782,2,,,0,70,,239084,2,,,0,30,,138239,2,,,0,70,,331776,2,,,0,100,,331785,2,0,86 87,0,100,,331784,2,0,86 87,0
4801,'14',521,,331825,2,0,86 87,0,86,,190624,2,,,0,16,,331793,2,,,0,29,,331807,2,,,0,71,,294010,2,,,0,15,,331794,2,,,0,15,,331797,2,,,0,55,,331803,2,,,0,15,,331808,2,,,0,15,,207847,2,,,0,15,,331812,2,,,0,70,,331792,2,,,0,30,,331815,2,,,0,70,,331791,2,,,0,30,,331806,2,,,0,70,,178562,2,,,0,30,,331819,2,,,0,70,,331804,2,,,0,30,,331821,2,,,0,70,,331788,2,,,0,30,,331800,2,,,0,70,,331813,2,,,0,30,,331817,2,,,0,53,,331795,2,,,0,17,,331798,2,,,0,15,,331816,2,,,0,15,,331811,2,,,0,55,,331802,2,,,0,15,,331818,2,,,0,16,,331824,2,,,0,14,,331810,2,,,0,55,,331809,2,,,0,15,,331801,2,,,0,15,,275283,2,,,0,15,,331790,2,,,0,70,,296194,2,,,0,30,,331805,2,,,0,70,,331799,2,,,0,30,,331820,2,,,0,70,,239259,2,,,0,30,,138255,2,,,0,70,,331814,2,,,0,100,,331823,2,0,86 87,0,100,,331822,2,0,86 87,0
4801,'15',747,,331838,2,,,0,100,,165557,2,,,0,70,,240462,2,,,0,30,,267129,2,,,0,70,,253312,2,,,0,30,,256534,2,,,0,70,,331829,2,,,0,30,,214593,2,,,0,70,,331830,2,,,0,30,,162225,2,,,0,70,,294599,2,,,0,30,,263676,2,,,0,70,,331831,2,,,0,30,,255730,2,,,0,70,,331834,2,,,0,30,,331837,2,,,0,70,,254058,2,,,0,30,,331827,2,,,0,70,,259839,2,,,0,30,,331826,2,,,0,70,,284444,2,,,0,30,,331839,2,,,0,70,,331835,2,0,86 87,0,30,,290190,2,0,86 87,0,70,,331840,2,0,86 87,0,30,,331828,2,0,86 87,0,70,,331833,2,0,86 87,0,100,,331836,2,0,86 87,0,119,,331832,2,0,86 87,0
4801,'16',635,,331854,2,,,0,100,,331859,2,,,0,70,,331846,2,,,0,30,,331847,2,,,0,70,,331842,2,,,0,30,,248635,2,,,0,70,,331843,2,,,0,30,,331871,2,,,0,70,,331858,2,,,0,30,,331845,2,,,0,70,,331849,2,,,0,30,,331855,2,,,0,70,,331869,2,,,0,30,,233237,2,,,0,70,,331851,2,,,0,30,,331864,2,,,0,70,,331867,2,,,0,30,,331866,2,,,0,70,,331852,2,,,0,30,,331868,2,,,0,70,,331844,2,,,0,30,,331848,2,,,0,70,,331863,2,,,0,30,,331850,2,,,0,70,,331865,2,,,0,30,,331874,2,,,0,70,,331862,2,,,0,30,,331860,2,,,0,70,,331870,2,,,0,30,,331875,2,,,0,70,,331873,2,0,86 87,0,30,,331872,2,0,86 87,0,100,,331857,2,0,86 87,0,110,,331856,2,0,86 87,0
4801,'2',521,,331911,2,0,86 87,0,86,,331890,2,,,0,16,,331881,2,,,0,29,,331895,2,,,0,71,,331893,2,,,0,15,,331882,2,,,0,15,,331885,2,,,0,55,,134297,2,,,0,15,,245077,2,,,0,15,,331887,2,,,0,15,,331900,2,,,0,70,,331880,2,,,0,30,,256588,2,,,0,70,,331879,2,,,0,30,,331892,2,,,0,70,,331902,2,,,0,30,,331906,2,,,0,70,,230150,2,,,0,30,,331907,2,,,0,70,,331876,2,,,0,30,,331888,2,,,0,70,,331901,2,,,0,30,,331904,2,,,0,53,,331883,2,,,0,17,,331886,2,,,0,15,,331903,2,,,0,15,,331898,2,,,0,55,,151399,2,,,0,15,,331905,2,,,0,16,,331910,2,,,0,14,,331897,2,,,0,55,,293283,2,,,0,15,,11834,2,,,0,15,,331894,2,,,0,15,,331878,2,,,0,70,,331899,2,,,0,30,,331891,2,,,0,70,,249523,2,,,0,30,,10903,2,,,0,70,,331889,2,,,0,30,,331896,2,,,0,70,,267881,2,,,0,100,,331909,2,0,86 87,0,100,,331908,2,0,86 87,0
4801,'3',521,,331951,2,0,86 87,0,86,,331927,2,,,0,16,,262736,2,,,0,29,,212440,2,,,0,71,,331930,2,,,0,15,,261278,2,,,0,15,,265210,2,,,0,55,,331926,2,,,0,15,,331932,2,,,0,15,,331920,2,,,0,15,,331938,2,,,0,70,,331916,2,,,0,30,,331942,2,,,0,70,,331915,2,,,0,30,,331929,2,,,0,70,,331941,2,,,0,30,,331946,2,,,0,70,,331928,2,,,0,30,,331948,2,,,0,70,,331912,2,,,0,30,,331922,2,,,0,70,,331939,2,,,0,30,,331944,2,,,0,53,,331917,2,,,0,17,,331919,2,,,0,15,,331943,2,,,0,15,,331936,2,,,0,55,,331924,2,,,0,15,,331945,2,,,0,16,,278381,2,,,0,14,,331935,2,,,0,55,,331933,2,,,0,15,,331923,2,,,0,15,,331931,2,,,0,15,,331914,2,,,0,70,,331937,2,,,0,30,,261999,2,,,0,70,,331921,2,,,0,30,,331947,2,,,0,70,,331925,2,,,0,30,,331934,2,,,0,70,,331940,2,,,0,100,,331950,2,0,86 87,0,100,,331949,2,0,86 87,0
4801,'4',521,,331972,2,0,86 87,0,86,,331956,2,,,0,16,,331969,2,,,0,28,,144309,2,,,0,72,,331970,2,,,0,31,,331957,2,,,0,69,,278249,2,,,0,30,,331960,2,,,0,70,,331958,2,,,0,30,,331980,2,,,0,70,,262352,2,,,0,30,,229605,2,,,0,70,,331974,2,,,0,30,,331973,2,,,0,70,,331976,2,,,0,30,,331966,2,,,0,70,,331962,2,,,0,30,,331975,2,,,0,70,,331965,2,,,0,30,,331977,2,,,0,53,,331967,2,,,0,34,,211569,2,,,0,69,,331953,2,,,0,29,,331978,2,,,0,70,,331971,2,,,0,30,,331961,2,,,0,20,,331952,2,,,0,70,,331979,2,,,0,30,,296060,2,,,0,65,,134437,2,,,0,30,,331963,2,,,0,70,,272151,2,,,0,30,,331959,2,,,0,70,,267949,2,,,0,100,,331954,2,0,86 87,0,100,,331968,2,0,86 87,0
4801,'5',521,,332020,2,0,86 87,0,86,,331996,2,,,0,16,,262930,2,,,0,29,,212529,2,,,0,71,,331999,2,,,0,15,,164639,2,,,0,15,,265310,2,,,0,55,,331995,2,,,0,15,,332001,2,,,0,15,,331989,2,,,0,15,,332007,2,,,0,70,,331985,2,,,0,30,,332011,2,,,0,70,,331984,2,,,0,30,,331998,2,,,0,70,,332010,2,,,0,30,,332015,2,,,0,70,,331997,2,,,0,30,,332017,2,,,0,70,,331981,2,,,0,30,,331991,2,,,0,70,,332008,2,,,0,30,,332013,2,,,0,53,,331986,2,,,0,17,,331988,2,,,0,15,,332012,2,,,0,15,,332005,2,,,0,55,,331993,2,,,0,15,,332014,2,,,0,16,,199574,2,,,0,14,,332004,2,,,0,55,,332002,2,,,0,15,,331992,2,,,0,15,,332000,2,,,0,15,,331983,2,,,0,70,,332006,2,,,0,30,,262092,2,,,0,70,,331990,2,,,0,30,,332016,2,,,0,70,,331994,2,,,0,30,,332003,2,,,0,70,,332009,2,,,0,100,,332019,2,0,86 87,0,100,,332018,2,0,86 87,0
4801,'6',521,,332058,2,0,86 87,0,86,,190770,2,,,0,16,,332026,2,,,0,29,,332040,2,,,0,71,,293962,2,,,0,15,,332027,2,,,0,15,,332030,2,,,0,55,,332036,2,,,0,15,,332041,2,,,0,15,,207381,2,,,0,15,,332045,2,,,0,70,,332025,2,,,0,30,,332048,2,,,0,70,,332024,2,,,0,30,,332039,2,,,0,70,,178692,2,,,0,30,,332052,2,,,0,70,,332037,2,,,0,30,,332054,2,,,0,70,,332021,2,,,0,30,,332033,2,,,0,70,,332046,2,,,0,30,,332050,2,,,0,53,,332028,2,,,0,17,,332031,2,,,0,15,,332049,2,,,0,15,,332044,2,,,0,55,,332035,2,,,0,15,,332051,2,,,0,16,,332057,2,,,0,14,,332043,2,,,0,55,,332042,2,,,0,15,,332034,2,,,0,15,,274569,2,,,0,15,,332023,2,,,0,70,,296186,2,,,0,30,,332038,2,,,0,70,,332032,2,,,0,30,,332053,2,,,0,70,,238744,2,,,0,30,,138266,2,,,0,70,,332047,2,,,0,100,,332056,2,0,86 87,0,100,,332055,2,0,86 87,0
4801,'7',521,,332094,2,0,86 87,0,86,,332073,2,,,0,16,,332064,2,,,0,29,,332078,2,,,0,71,,332076,2,,,0,15,,332065,2,,,0,15,,332068,2,,,0,55,,134369,2,,,0,15,,244980,2,,,0,15,,332070,2,,,0,15,,332083,2,,,0,70,,332063,2,,,0,30,,256570,2,,,0,70,,332062,2,,,0,30,,332075,2,,,0,70,,332085,2,,,0,30,,332089,2,,,0,70,,230071,2,,,0,30,,332090,2,,,0,70,,332059,2,,,0,30,,332071,2,,,0,70,,332084,2,,,0,30,,332087,2,,,0,53,,332066,2,,,0,17,,332069,2,,,0,15,,332086,2,,,0,15,,332081,2,,,0,55,,151470,2,,,0,15,,332088,2,,,0,16,,332093,2,,,0,14,,332080,2,,,0,55,,293272,2,,,0,15,,151468,2,,,0,15,,332077,2,,,0,15,,332061,2,,,0,70,,332082,2,,,0,30,,332074,2,,,0,70,,249427,2,,,0,30,,159037,2,,,0,70,,332072,2,,,0,30,,332079,2,,,0,70,,267807,2,,,0,100,,332092,2,0,86 87,0,100,,332091,2,0,86 87,0
4801,'8',747,,332117,2,,,0,100,,332104,2,,,0,70,,332100,2,,,0,30,,332120,2,,,0,70,,332110,2,,,0,30,,332113,2,,,0,70,,286770,2,,,0,30,,332109,2,,,0,70,,332103,2,,,0,30,,332115,2,,,0,70,,332099,2,,,0,30,,332101,2,,,0,70,,332105,2,,,0,30,,332116,2,,,0,70,,332107,2,,,0,30,,332114,2,,,0,70,,332098,2,,,0,30,,332097,2,,,0,70,,332108,2,,,0,30,,332096,2,,,0,70,,332112,2,,,0,30,,332118,2,,,0,70,,332111,2,0,86 87,0,30,,332095,2,0,86 87,0,70,,332119,2,0,86 87,0,30,,332102,2,0,86 87,0,70,,332106,2,0,86 87,0,100,,123407,2,0,86 87,0,119,,229681,2,0,86 87,0
4801,'9',521,,332159,2,0,86 87,0,86,,190654,2,,,0,16,,332127,2,,,0,29,,332141,2,,,0,71,,293952,2,,,0,15,,332128,2,,,0,15,,332131,2,,,0,55,,332137,2,,,0,15,,332142,2,,,0,15,,207264,2,,,0,15,,332146,2,,,0,70,,332126,2,,,0,30,,332149,2,,,0,70,,332125,2,,,0,30,,332140,2,,,0,70,,178586,2,,,0,30,,332153,2,,,0,70,,332138,2,,,0,30,,332155,2,,,0,70,,332122,2,,,0,30,,332134,2,,,0,70,,332147,2,,,0,30,,332151,2,,,0,53,,332129,2,,,0,17,,332132,2,,,0,15,,332150,2,,,0,15,,332145,2,,,0,55,,332136,2,,,0,15,,332152,2,,,0,16,,332158,2,,,0,14,,332144,2,,,0,55,,332143,2,,,0,15,,332135,2,,,0,15,,274388,2,,,0,15,,332124,2,,,0,70,,296184,2,,,0,30,,332139,2,,,0,70,,332133,2,,,0,30,,332154,2,,,0,70,,238608,2,,,0,30,,138258,2,,,0,70,,332148,2,,,0,100,,332157,2,0,86 87,0,100,,332156,2,0,86 87,0
10501,'1',342,,225593,19,0,66 67,0,68,,364215,19,0,66 67,0,30,,364208,19,0,66 67,0,71,,364218,19,,,0,36,,364234,27,,,0,62,,219995,27,,,0,34,,364224,19,,,0,72,,364222,19,,,0,35,,364229,19,,,0,68,,364207,19,,,0,32,,364232,19,,,0,68,,364209,19,,,0,30,,293591,19,,,0,83,,364233,19,,,0,70,,364210,19,,,0,30,,364205,19,,,0,70,,364231,19,,,0,30,,364214,19,,,0,70,,364230,19,,,0,30,,364238,19,,,0,70,,364211,19,,,0,30,,272063,19,,,0,70,,364228,19,,,0,30,,364212,19,,,0,17,,364219,19,,,0,71,,261573,19,,,0,30,,293287,19,,,0,70,,284811,19,,,0,30,,364220,19,,,0,75,,364203,19,,,0,30,,280670,19,,,0,70,,364236,19,,,0,26,,364213,19,,,0,70,,364237,19,,,0,30,,364226,19,,,0,75,,364225,19,,,0,28,,231569,19,,,0,70,,364235,19,,,0,29,,364216,19,,,0,70,,364221,19,,,0,35,,364223,19,,,0,66,,291029,19,,,0,29,,217474,19,,,0,57,,229046,19,,,0,20,,364217,19,0,66 67,0,72,,364204,19,0,66 67,0,33,,364206,19,0,66 67,0,70,,364227,19,0,66 67,0
10501,'10',353,,364274,19,0,66 67,0,65,,364255,19,0,66 67,0,30,,364260,19,0,66 67,0,70,,364258,19,0,66 67,0,30,,364275,19,0,66 67,0,72,,220812,19,,,0,30,,364266,19,,,0,70,,364252,19,,,0,30,,364259,19,,,0,70,,364249,19,,,0,30,,364269,19,,,0,70,,364268,19,,,0,30,,364271,19,,,0,70,,364276,19,,,0,31,,364263,19,,,0,70,,364253,19,,,0,30,,364257,19,,,0,70,,217556,19,,,0,30,,364243,19,,,0,70,,283398,19,,,0,30,,364251,19,,,0,70,,364239,19,,,0,30,,364262,19,,,0,70,,364270,19,,,0,30,,364273,19,,,0,70,,364264,19,,,0,30,,256161,19,,,0,70,,220065,19,,,0,30,,364254,19,,,0,70,,364241,19,,,0,30,,53002,19,,,0,70,,364240,19,,,0,29,,364256,19,,,0,70,,364250,19,,,0,30,,364248,19,,,0,68,,364247,19,,,0,30,,364272,19,,,0,70,,364244,19,,,0,29,,234367,19,,,0,70,,364246,19,,,0,30,,364245,19,,,0,70,,273717,19,,,0,30,,286700,19,,,0,70,,250194,19,,,0,30,,364261,19,,,0,68,,364265,19,0,66 67,0,30,,364242,19,0,66 67,0,70,,364267,19,0,66 67,0
10501,'11',342,,364309,19,0,66 67,0,68,,364292,19,0,66 67,0,30,,364301,19,0,66 67,0,71,,364286,19,,,0,36,,364303,27,,,0,68,,364304,27,,,0,28,,364300,19,,,0,72,,364287,19,,,0,35,,364285,19,,,0,68,,364308,19,,,0,32,,364295,19,,,0,68,,364294,19,,,0,30,,250266,19,,,0,83,,364299,19,,,0,70,,364306,19,,,0,30,,2882,19,,,0,70,,364279,19,,,0,30,,364310,19,,,0,70,,364289,19,,,0,30,,295688,19,,,0,70,,364298,19,,,0,30,,111270,19,,,0,70,,144977,19,,,0,30,,364277,19,,,0,88,,364307,19,,,0,30,,248417,19,,,0,70,,364297,19,,,0,105,,364293,19,,,0,30,,364290,19,,,0,70,,282064,19,,,0,26,,364312,19,,,0,70,,364283,19,,,0,30,,123363,19,,,0,75,,364281,19,,,0,28,,364280,19,,,0,70,,364305,19,,,0,29,,364288,19,,,0,70,,364313,19,,,0,35,,364311,19,,,0,66,,364278,19,,,0,29,,364282,19,,,0,57,,287747,19,,,0,20,,364296,19,0,66 67,0,72,,364302,19,0,66 67,0,33,,364284,19,0,66 67,0,70,,364291,19,0,66 67,0
10501,'12',340,,364325,19,0,66 67,0,70,,364343,19,0,66 67,0,30,,364331,19,0,66 67,0,70,,364315,19,0,66 67,0,30,,364333,19,0,66 67,0,70,,364318,19,0,66 67,0,30,,364316,19,0,66 67,0,70,,364322,19,0,66 67,0,30,,364349,19,0,66 67,0,72,,364329,19,,,0,17,,364352,19,,,0,71,,364353,19,,,0,30,,364340,19,,,0,70,,364334,19,,,0,31,,261312,19,,,0,70,,216250,19,,,0,30,,364314,19,,,0,70,,364320,19,,,0,30,,364344,19,,,0,70,,364335,19,,,0,30,,364345,19,,,0,70,,364328,19,,,0,30,,364336,19,,,0,70,,364347,19,,,0,30,,364332,19,,,0,70,,364348,19,,,0,30,,364338,19,,,0,70,,364326,19,,,0,30,,222304,19,,,0,70,,364317,19,,,0,30,,364323,19,,,0,70,,364327,19,,,0,29,,212475,19,,,0,70,,364342,19,,,0,29,,225356,19,,,0,29,,228336,19,,,0,70,,364351,19,,,0,30,,364319,19,,,0,70,,364339,19,,,0,30,,364341,19,,,0,57,,364324,19,0,66 67,0,30,,364330,19,0,66 67,0,70,,364350,19,0,66 67,0,30,,364321,19,0,66 67,0,70,,364354,19,0,66 67,0,30,,364337,19,0,66 67,0,70,,364346,19,0,66 67,0,30,,252746,19,0,66 67,0,70,,228349,19,0,66 67,0
10501,'13',342,,364387,19,0,66 67,0,68,,364370,19,0,66 67,0,30,,364379,19,0,66 67,0,71,,364364,19,,,0,36,,364381,27,,,0,68,,364382,27,,,0,28,,364378,19,,,0,72,,364365,19,,,0,35,,364363,19,,,0,68,,364386,19,,,0,32,,364373,19,,,0,68,,364372,19,,,0,30,,250299,19,,,0,83,,364377,19,,,0,70,,364384,19,,,0,30,,2147,19,,,0,70,,364357,19,,,0,30,,364388,19,,,0,70,,364367,19,,,0,30,,295691,19,,,0,70,,364376,19,,,0,30,,111049,19,,,0,70,,144587,19,,,0,30,,364355,19,,,0,88,,364385,19,,,0,30,,248452,19,,,0,70,,364375,19,,,0,105,,364371,19,,,0,30,,364368,19,,,0,70,,282092,19,,,0,26,,364390,19,,,0,70,,364361,19,,,0,30,,122443,19,,,0,75,,364359,19,,,0,28,,364358,19,,,0,70,,364383,19,,,0,29,,364366,19,,,0,70,,364391,19,,,0,35,,364389,19,,,0,66,,364356,19,,,0,29,,364360,19,,,0,57,,287771,19,,,0,20,,364374,19,0,66 67,0,72,,364380,19,0,66 67,0,33,,364362,19,0,66 67,0,70,,364369,19,0,66 67,0
10501,'14',342,,364424,19,0,66 67,0,68,,364407,19,0,66 67,0,30,,364416,19,0,66 67,0,71,,364401,19,,,0,36,,364418,27,,,0,68,,364419,27,,,0,28,,364415,19,,,0,72,,364402,19,,,0,35,,364400,19,,,0,68,,364423,19,,,0,32,,364410,19,,,0,68,,364409,19,,,0,30,,250447,19,,,0,83,,364414,19,,,0,70,,364421,19,,,0,30,,2522,19,,,0,70,,364394,19,,,0,30,,364425,19,,,0,70,,364404,19,,,0,30,,295694,19,,,0,70,,364413,19,,,0,30,,111165,19,,,0,70,,144784,19,,,0,30,,364392,19,,,0,88,,364422,19,,,0,30,,248612,19,,,0,70,,364412,19,,,0,105,,364408,19,,,0,30,,364405,19,,,0,70,,282256,19,,,0,26,,364427,19,,,0,70,,364398,19,,,0,30,,122914,19,,,0,75,,364396,19,,,0,28,,364395,19,,,0,70,,364420,19,,,0,29,,364403,19,,,0,70,,364428,19,,,0,35,,364426,19,,,0,66,,364393,19,,,0,29,,364397,19,,,0,57,,287859,19,,,0,20,,364411,19,0,66 67,0,72,,364417,19,0,66 67,0,33,,364399,19,0,66 67,0,70,,364406,19,0,66 67,0
10501,'15',340,,364442,19,0,66 67,0,70,,364460,19,0,66 67,0,30,,364448,19,0,66 67,0,70,,364431,19,0,66 67,0,30,,364450,19,0,66 67,0,70,,364435,19,0,66 67,0,30,,364432,19,0,66 67,0,70,,273991,19,0,66 67,0,30,,240042,19,0,66 67,0,72,,364446,19,,,0,17,,364467,19,,,0,71,,364468,19,,,0,30,,364457,19,,,0,70,,364451,19,,,0,31,,364452,19,,,0,70,,364436,19,,,0,30,,364430,19,,,0,70,,364437,19,,,0,30,,364461,19,,,0,70,,364453,19,,,0,30,,213362,19,,,0,70,,364445,19,,,0,30,,364454,19,,,0,70,,247895,19,,,0,30,,364449,19,,,0,70,,284998,19,,,0,30,,149903,19,,,0,70,,364443,19,,,0,30,,364429,19,,,0,70,,364434,19,,,0,30,,364440,19,,,0,70,,364444,19,,,0,29,,364462,19,,,0,70,,364459,19,,,0,29,,364433,19,,,0,29,,364438,19,,,0,70,,364466,19,,,0,30,,278997,19,,,0,70,,364456,19,,,0,30,,364458,19,,,0,57,,364441,19,0,66 67,0,30,,364447,19,0,66 67,0,70,,364464,19,0,66 67,0,30,,364439,19,0,66 67,0,70,,364469,19,0,66 67,0,30,,364455,19,0,66 67,0,70,,238416,19,0,66 67,0,30,,364463,19,0,66 67,0,70,,364465,19,0,66 67,0
10501,'16',353,,364508,19,0,66 67,0,65,,364489,19,0,66 67,0,30,,364494,19,0,66 67,0,70,,364493,19,0,66 67,0,30,,364509,19,0,66 67,0,72,,364480,19,,,0,30,,364500,19,,,0,70,,283747,19,,,0,30,,223229,19,,,0,70,,364481,19,,,0,30,,364503,19,,,0,70,,364502,19,,,0,30,,364505,19,,,0,70,,210049,19,,,0,31,,364497,19,,,0,70,,364485,19,,,0,30,,364492,19,,,0,70,,364510,19,,,0,30,,364474,19,,,0,70,,364511,19,,,0,30,,364483,19,,,0,70,,364470,19,,,0,30,,259968,19,,,0,70,,364504,19,,,0,30,,364507,19,,,0,70,,364498,19,,,0,30,,364491,19,,,0,70,,364495,19,,,0,30,,364487,19,,,0,70,,364472,19,,,0,30,,364486,19,,,0,70,,364471,19,,,0,29,,364490,19,,,0,70,,364482,19,,,0,30,,364479,19,,,0,68,,364478,19,,,0,30,,364506,19,,,0,70,,364475,19,,,0,29,,364484,19,,,0,70,,137737,19,,,0,30,,364476,19,,,0,70,,364512,19,,,0,30,,364477,19,,,0,70,,364488,19,,,0,30,,364496,19,,,0,68,,364499,19,0,66 67,0,30,,364473,19,0,66 67,0,70,,364501,19,0,66 67,0
10501,'2',342,,364550,19,0,66 67,0,68,,364530,19,0,66 67,0,30,,364540,19,0,66 67,0,71,,364523,19,,,0,36,,364543,27,,,0,68,,364544,27,,,0,28,,364539,19,,,0,72,,364524,19,,,0,35,,364522,19,,,0,68,,364549,19,,,0,32,,364534,19,,,0,68,,364533,19,,,0,30,,364518,19,,,0,83,,364538,19,,,0,70,,364546,19,,,0,30,,364516,19,,,0,70,,364515,19,,,0,30,,364551,19,,,0,70,,364526,19,,,0,30,,364531,19,,,0,70,,364537,19,,,0,30,,364553,19,,,0,70,,364520,19,,,0,30,,364513,19,,,0,88,,364548,19,,,0,30,,364542,19,,,0,70,,364536,19,,,0,105,,364532,19,,,0,30,,364528,19,,,0,70,,364517,19,,,0,26,,364554,19,,,0,70,,364521,19,,,0,30,,364547,19,,,0,75,,243238,19,,,0,28,,293075,19,,,0,70,,364545,19,,,0,29,,364525,19,,,0,70,,292420,19,,,0,35,,364552,19,,,0,66,,364514,19,,,0,29,,364519,19,,,0,57,,364527,19,,,0,20,,364535,19,0,66 67,0,72,,364541,19,0,66 67,0,33,,136974,19,0,66 67,0,70,,364529,19,0,66 67,0
10501,'3',342,,283804,19,0,66 67,0,68,,364570,19,0,66 67,0,30,,364579,19,0,66 67,0,71,,364567,19,,,0,36,,240185,27,,,0,68,,364582,27,,,0,28,,364578,19,,,0,72,,364568,19,,,0,35,,364566,19,,,0,68,,242138,19,,,0,32,,364574,19,,,0,68,,364573,19,,,0,30,,364560,19,,,0,83,,269728,19,,,0,70,,364584,19,,,0,30,,364558,19,,,0,70,,364556,19,,,0,30,,290830,19,,,0,70,,224781,19,,,0,30,,364571,19,,,0,70,,364577,19,,,0,30,,364588,19,,,0,70,,364563,19,,,0,30,,364555,19,,,0,88,,364586,19,,,0,30,,364581,19,,,0,70,,364576,19,,,0,105,,364572,19,,,0,30,,270598,19,,,0,70,,364559,19,,,0,26,,364589,19,,,0,70,,364564,19,,,0,30,,364585,19,,,0,75,,364561,19,,,0,28,,364557,19,,,0,70,,364583,19,,,0,29,,218066,19,,,0,70,,364590,19,,,0,35,,364587,19,,,0,66,,259978,19,,,0,29,,364562,19,,,0,57,,364569,19,,,0,20,,364575,19,0,66 67,0,72,,364580,19,0,66 67,0,33,,364565,19,0,66 67,0,70,,222757,19,0,66 67,0
10501,'4',342,,243418,19,0,66 67,0,68,,220894,19,0,66 67,0,30,,287303,19,0,66 67,0,71,,364599,19,,,0,36,,364616,19,,,0,66,,364620,19,,,0,30,,364593,19,,,0,72,,290096,19,,,0,35,,364601,19,,,0,68,,364607,19,,,0,32,,364618,19,,,0,68,,364619,19,,,0,30,,364614,19,,,0,83,,364602,19,,,0,70,,364627,19,,,0,30,,364598,19,,,0,70,,364623,19,,,0,30,,364625,19,,,0,70,,264680,19,,,0,30,,364609,19,,,0,70,,364591,19,,,0,30,,245825,19,,,0,70,,364606,19,,,0,30,,364613,19,,,0,17,,364624,19,,,0,71,,364595,19,,,0,30,,277126,19,,,0,70,,364612,19,,,0,30,,364592,19,,,0,75,,364617,19,,,0,30,,364604,19,,,0,70,,364611,19,,,0,26,,364603,19,,,0,70,,364622,19,,,0,30,,364596,19,,,0,75,,270949,19,,,0,28,,364600,19,,,0,70,,270923,19,,,0,29,,364610,19,,,0,70,,216624,19,,,0,35,,364605,19,,,0,66,,364615,19,,,0,29,,364626,19,,,0,57,,364608,19,,,0,20,,223520,19,0,66 67,0,72,,364597,19,0,66 67,0,33,,364594,19,0,66 67,0,70,,364621,19,0,66 67,0
10501,'5',342,,283908,19,0,66 67,0,68,,364643,19,0,66 67,0,30,,364652,19,0,66 67,0,71,,364640,19,,,0,36,,240240,27,,,0,68,,364655,27,,,0,28,,364651,19,,,0,72,,364641,19,,,0,35,,364639,19,,,0,68,,242244,19,,,0,32,,364647,19,,,0,68,,364646,19,,,0,30,,364633,19,,,0,83,,269868,19,,,0,70,,364657,19,,,0,30,,364631,19,,,0,70,,364629,19,,,0,30,,290903,19,,,0,70,,224861,19,,,0,30,,364644,19,,,0,70,,364650,19,,,0,30,,364661,19,,,0,70,,364636,19,,,0,30,,364628,19,,,0,88,,364659,19,,,0,30,,364654,19,,,0,70,,364649,19,,,0,105,,364645,19,,,0,30,,270688,19,,,0,70,,364632,19,,,0,26,,364662,19,,,0,70,,364637,19,,,0,30,,364658,19,,,0,75,,364634,19,,,0,28,,364630,19,,,0,70,,364656,19,,,0,29,,108075,19,,,0,70,,364663,19,,,0,35,,364660,19,,,0,66,,260070,19,,,0,29,,364635,19,,,0,57,,364642,19,,,0,20,,364648,19,0,66 67,0,72,,364653,19,0,66 67,0,33,,364638,19,0,66 67,0,70,,222836,19,0,66 67,0
10501,'6',342,,364696,19,0,66 67,0,68,,364679,19,0,66 67,0,30,,364688,19,0,66 67,0,71,,364673,19,,,0,36,,364690,27,,,0,68,,364691,27,,,0,28,,364687,19,,,0,72,,364674,19,,,0,35,,364672,19,,,0,68,,364695,19,,,0,32,,364682,19,,,0,68,,364681,19,,,0,30,,250048,19,,,0,83,,364686,19,,,0,70,,364693,19,,,0,30,,2956,19,,,0,70,,364666,19,,,0,30,,364697,19,,,0,70,,364676,19,,,0,30,,295684,19,,,0,70,,364685,19,,,0,30,,111295,19,,,0,70,,144926,19,,,0,30,,364664,19,,,0,88,,364694,19,,,0,30,,248198,19,,,0,70,,364684,19,,,0,105,,364680,19,,,0,30,,364677,19,,,0,70,,281841,19,,,0,26,,364699,19,,,0,70,,364670,19,,,0,30,,123240,19,,,0,75,,364668,19,,,0,28,,364667,19,,,0,70,,364692,19,,,0,29,,364675,19,,,0,70,,364700,19,,,0,35,,364698,19,,,0,66,,364665,19,,,0,29,,364669,19,,,0,57,,287590,19,,,0,20,,364683,19,0,66 67,0,72,,364689,19,0,66 67,0,33,,364671,19,0,66 67,0,70,,364678,19,0,66 67,0
10501,'7',342,,364738,19,0,66 67,0,68,,364718,19,0,66 67,0,30,,364728,19,0,66 67,0,71,,364711,19,,,0,36,,364731,27,,,0,68,,364732,27,,,0,28,,364727,19,,,0,72,,364712,19,,,0,35,,364710,19,,,0,68,,364737,19,,,0,32,,364722,19,,,0,68,,364721,19,,,0,30,,364706,19,,,0,83,,364726,19,,,0,70,,364734,19,,,0,30,,364704,19,,,0,70,,364703,19,,,0,30,,364739,19,,,0,70,,364714,19,,,0,30,,364719,19,,,0,70,,364725,19,,,0,30,,364741,19,,,0,70,,364708,19,,,0,30,,364701,19,,,0,88,,364736,19,,,0,30,,364730,19,,,0,70,,364724,19,,,0,105,,364720,19,,,0,30,,364716,19,,,0,70,,364705,19,,,0,26,,364742,19,,,0,70,,364709,19,,,0,30,,364735,19,,,0,75,,243089,19,,,0,28,,293067,19,,,0,70,,364733,19,,,0,29,,364713,19,,,0,70,,292351,19,,,0,35,,364740,19,,,0,66,,364702,19,,,0,29,,364707,19,,,0,57,,364715,19,,,0,20,,364723,19,0,66 67,0,72,,364729,19,0,66 67,0,33,,137021,19,0,66 67,0,70,,364717,19,0,66 67,0
10501,'8',340,,364754,19,0,66 67,0,70,,364772,19,0,66 67,0,30,,364760,19,0,66 67,0,70,,364744,19,0,66 67,0,30,,364762,19,0,66 67,0,70,,364747,19,0,66 67,0,30,,364745,19,0,66 67,0,70,,364751,19,0,66 67,0,30,,364778,19,0,66 67,0,72,,364758,19,,,0,17,,364781,19,,,0,71,,364782,19,,,0,30,,364769,19,,,0,70,,364763,19,,,0,31,,34721,19,,,0,70,,216753,19,,,0,30,,364743,19,,,0,70,,364749,19,,,0,30,,364773,19,,,0,70,,364764,19,,,0,30,,364774,19,,,0,70,,364757,19,,,0,30,,364765,19,,,0,70,,364776,19,,,0,30,,364761,19,,,0,70,,364777,19,,,0,30,,364767,19,,,0,70,,364755,19,,,0,30,,222609,19,,,0,70,,364746,19,,,0,30,,364752,19,,,0,70,,364756,19,,,0,29,,212828,19,,,0,70,,364771,19,,,0,29,,8896,19,,,0,29,,228688,19,,,0,70,,364780,19,,,0,30,,364748,19,,,0,70,,364768,19,,,0,30,,364770,19,,,0,57,,364753,19,0,66 67,0,30,,364759,19,0,66 67,0,70,,364779,19,0,66 67,0,30,,364750,19,0,66 67,0,70,,364783,19,0,66 67,0,30,,364766,19,0,66 67,0,70,,364775,19,0,66 67,0,30,,253284,19,0,66 67,0,70,,228704,19,0,66 67,0
10501,'9',342,,364816,19,0,66 67,0,68,,364799,19,0,66 67,0,30,,364808,19,0,66 67,0,71,,364793,19,,,0,36,,364810,27,,,0,68,,364811,27,,,0,28,,364807,19,,,0,72,,364794,19,,,0,35,,364792,19,,,0,68,,364815,19,,,0,32,,364802,19,,,0,68,,364801,19,,,0,30,,249955,19,,,0,83,,364806,19,,,0,70,,364813,19,,,0,30,,2221,19,,,0,70,,364786,19,,,0,30,,364817,19,,,0,70,,364796,19,,,0,30,,295681,19,,,0,70,,364805,19,,,0,30,,111074,19,,,0,70,,144815,19,,,0,30,,364784,19,,,0,88,,364814,19,,,0,30,,248097,19,,,0,70,,364804,19,,,0,105,,364800,19,,,0,30,,364797,19,,,0,70,,281735,19,,,0,26,,364819,19,,,0,70,,364790,19,,,0,30,,122975,19,,,0,75,,364788,19,,,0,28,,364787,19,,,0,70,,364812,19,,,0,29,,364795,19,,,0,70,,364820,19,,,0,35,,364818,19,,,0,66,,364785,19,,,0,29,,364789,19,,,0,57,,287521,19,,,0,20,,364803,19,0,66 67,0,72,,364809,19,0,66 67,0,33,,364791,19,0,66 67,0,70,,364798,19,0,66 67,0
60900,'11',820,,376190,15,,,0,7,,376189,2,,,0
60900,'13',820,,376192,15,,,0,7,,376191,2,,,0
60900,'14',820,,376194,15,,,0,7,,376193,2,,,0
60900,'2',820,,285696,15,,,0,7,,376195,2,,,0
60900,'3',820,,376197,15,,,0,7,,376196,2,,,0
60900,'5',820,,376199,15,,,0,7,,376198,2,,,0
60900,'6',820,,376201,15,,,0,7,,376200,2,,,0
60900,'7',820,,285648,15,,,0,7,,376202,2,,,0
60900,'9',820,,376204,15,,,0,7,,376203,2,,,0
62800,'11',800,,251857,2,,,0,3,,193294,2,,,0,2,,376464,2,,,0,2,,376465,2,,,0
62800,'13',800,,251881,2,,,0,3,,192987,2,,,0,2,,376466,2,,,0,2,,376467,2,,,0
62800,'14',800,,251985,2,,,0,3,,193157,2,,,0,2,,376468,2,,,0,2,,376469,2,,,0
62800,'2',800,,376473,2,,,0,3,,376470,2,,,0,2,,376471,2,,,0,2,,376472,2,,,0
62800,'3',800,,376477,2,,,0,3,,376474,2,,,0,2,,376475,2,,,0,2,,376476,2,,,0
62800,'5',800,,376481,2,,,0,3,,376478,2,,,0,2,,376479,2,,,0,2,,376480,2,,,0
62800,'6',800,,251707,2,,,0,3,,193265,2,,,0,2,,376482,2,,,0,2,,376483,2,,,0
62800,'7',800,,376487,2,,,0,3,,376484,2,,,0,2,,376485,2,,,0,2,,376486,2,,,0
62800,'9',800,,251633,2,,,0,3,,193181,2,,,0,2,,376488,2,,,0,2,,376489,2,,,0
