6201,'1',620,,400533,,,1,28,,400521,,,1,66,,400513,,,1,30,,192501,,,1,70,,400525,,,1,33,,400528,,,1,69,,400511,,,1,29,,400522,,,1,70,,400531,,,1,30,,220317,,,1,70,,208520,,,1,30,,400510,,,1,68,,400527,,,1,30,,302272,,,1,70,,400512,,,1,31,,400514,,,1,70,,400532,,,1,30,,400516,,,1,70,,148301,,,1,32,,400517,,,1,70,,236190,,,1,31,,242708,,,1,69,,313051,,,1,30,,271114,,,1,68,,400509,,,1,31,,400530,,,1,68,,400524,,,1,30,,306050,,,1,70,,400529,,,1,30,,400520,,,1,69,,400523,,,1,30,,400508,,,1,70,,400519,,,1,29,,400515,,,1,68,,400534,,,1,28,,52678,,,1,78,,400518,,,1,35,,400526,,,1
6201,'10',755,,400547,,,1,70,,400543,,,1,30,,400550,,,1,70,,202062,,,1,30,,400557,,,1,70,,400558,,,1,31,,308241,,,1,70,,400548,,,1,30,,400542,,,1,70,,400553,,,1,30,,400560,,,1,70,,400552,,,1,30,,400546,,,1,70,,400549,,,1,30,,400559,,,1,70,,270353,,,1,30,,259009,,,1,70,,400538,,,1,30,,294155,,,1,70,,400537,,,1,30,,400556,,,1,70,,400535,,,1,30,,400544,,,1,70,,400540,,,1,30,,400545,,,1,70,,400536,,,1,27,,400539,,,1,70,,400551,,,1,30,,400541,,,1,70,,400555,,,1,30,,273339,,,1,70,,400554,,,1
6201,'11',620,,400567,,,1,28,,400598,,,1,66,,400578,,,1,30,,400581,,,1,70,,400562,,,1,33,,400579,,,1,69,,400589,,,1,29,,400585,,,1,70,,400564,,,1,30,,400584,,,1,70,,400594,,,1,30,,400591,,,1,68,,400590,,,1,30,,400593,,,1,70,,400583,,,1,31,,400568,,,1,70,,400587,,,1,30,,400574,,,1,70,,400573,,,1,32,,400580,,,1,71,,400561,,,1,31,,400596,,,1,68,,400595,,,1,30,,400586,,,1,68,,400570,,,1,30,,400563,,,1,69,,400566,,,1,30,,400597,,,1,70,,400582,,,1,30,,400571,,,1,69,,400576,,,1,30,,400588,,,1,70,,400592,,,1,29,,400577,,,1,68,,400572,,,1,28,,400569,,,1,78,,400575,,,1,35,,400565,,,1
6201,'12',620,,400624,,,1,28,,400612,,,1,66,,400604,,,1,30,,193015,,,1,70,,400616,,,1,33,,400619,,,1,69,,400602,,,1,29,,400613,,,1,70,,400622,,,1,30,,220683,,,1,70,,209057,,,1,30,,400601,,,1,68,,400618,,,1,30,,303040,,,1,70,,400603,,,1,31,,400605,,,1,70,,400623,,,1,30,,400607,,,1,70,,148691,,,1,32,,400608,,,1,70,,236841,,,1,31,,243015,,,1,69,,313414,,,1,30,,271602,,,1,68,,400600,,,1,31,,400621,,,1,68,,400615,,,1,30,,306503,,,1,70,,400620,,,1,30,,400611,,,1,69,,400614,,,1,30,,400599,,,1,70,,400610,,,1,29,,400606,,,1,68,,400625,,,1,28,,181103,,,1,78,,400609,,,1,35,,400617,,,1
6201,'13',755,,400637,,,1,70,,400633,,,1,30,,400640,,,1,70,,400651,,,1,30,,400649,,,1,70,,274270,,,1,31,,400648,,,1,70,,400638,,,1,30,,161755,,,1,70,,400643,,,1,30,,400652,,,1,70,,400642,,,1,30,,400636,,,1,70,,400639,,,1,30,,400650,,,1,70,,400628,,,1,30,,400653,,,1,70,,400630,,,1,30,,400646,,,1,70,,273309,,,1,30,,400647,,,1,70,,400627,,,1,30,,400634,,,1,70,,400632,,,1,30,,400635,,,1,70,,400629,,,1,27,,400631,,,1,70,,400641,,,1,30,,250462,,,1,70,,400645,,,1,30,,400626,,,1,70,,400644,,,1
6201,'14',620,,400658,,,1,28,,400681,,,1,66,,400665,,,1,30,,400668,,,1,70,,400655,,,1,33,,400666,,,1,69,,146169,,,1,29,,400671,,,1,70,,305316,,,1,30,,400670,,,1,70,,400677,,,1,30,,400675,,,1,68,,400674,,,1,30,,315142,,,1,70,,400669,,,1,31,,400659,,,1,70,,400672,,,1,30,,264164,,,1,70,,400663,,,1,32,,400667,,,1,71,,400654,,,1,31,,400679,,,1,68,,400678,,,1,30,,323573,,,1,68,,400661,,,1,30,,400656,,,1,69,,86983,,,1,30,,400680,,,1,70,,180465,,,1,30,,400662,,,1,69,,278588,,,1,30,,400673,,,1,70,,400676,,,1,29,,400664,,,1,68,,286985,,,1,28,,400660,,,1,78,,271329,,,1,35,,400657,,,1
6201,'15',620,,400707,,,1,28,,400695,,,1,66,,400687,,,1,30,,192688,,,1,70,,400699,,,1,33,,400702,,,1,69,,400685,,,1,29,,400696,,,1,70,,400705,,,1,30,,220459,,,1,70,,208716,,,1,30,,400684,,,1,68,,400701,,,1,30,,302410,,,1,70,,400686,,,1,31,,400688,,,1,70,,400706,,,1,30,,400690,,,1,70,,148451,,,1,32,,400691,,,1,70,,236312,,,1,31,,242767,,,1,69,,313135,,,1,30,,271219,,,1,68,,400683,,,1,31,,400704,,,1,68,,400698,,,1,30,,306155,,,1,70,,400703,,,1,30,,400694,,,1,69,,400697,,,1,30,,400682,,,1,70,,400693,,,1,29,,400689,,,1,68,,400708,,,1,28,,52605,,,1,78,,400692,,,1,35,,400700,,,1
6201,'16',838,,114735,,,1,71,,400723,,,1,30,,256578,,,1,70,,400725,,,1,30,,304655,,,1,72,,400719,,,1,30,,400709,,,1,70,,400714,,,1,30,,400721,,,1,70,,400729,,,1,30,,400717,,,1,70,,400720,,,1,30,,400731,,,1,70,,400730,,,1,30,,400728,,,1,70,,400722,,,1,30,,400715,,,1,70,,400710,,,1,30,,400726,,,1,70,,400712,,,1,30,,59743,,,1,70,,243959,,,1,30,,400724,,,1,70,,400732,,,1,30,,400711,,,1,67,,400713,,,1,30,,400718,,,1,70,,400727,,,1,30,,400716,,,1,70,,216192,,,1
6201,'17',838,,400753,,,1,71,,400750,,,1,30,,400736,,,1,70,,400752,,,1,30,,400737,,,1,72,,400745,,,1,30,,400733,,,1,70,,400742,,,1,30,,400747,,,1,70,,400756,,,1,30,,400744,,,1,70,,400746,,,1,30,,400758,,,1,70,,400757,,,1,30,,292778,,,1,70,,400748,,,1,30,,297509,,,1,70,,400734,,,1,30,,400754,,,1,70,,400740,,,1,30,,400738,,,1,70,,400749,,,1,30,,400751,,,1,70,,400759,,,1,30,,400735,,,1,67,,400741,,,1,30,,182919,,,1,70,,400755,,,1,30,,400743,,,1,70,,400739,,,1
6201,'18',620,,400764,,,1,28,,400787,,,1,66,,400771,,,1,30,,400774,,,1,70,,400761,,,1,33,,400772,,,1,69,,146090,,,1,29,,400777,,,1,70,,304901,,,1,30,,400776,,,1,70,,400783,,,1,30,,400781,,,1,68,,400780,,,1,30,,314495,,,1,70,,400775,,,1,31,,400765,,,1,70,,400778,,,1,30,,263913,,,1,70,,400769,,,1,32,,400773,,,1,71,,400760,,,1,31,,400785,,,1,68,,400784,,,1,30,,323298,,,1,68,,400767,,,1,30,,400762,,,1,69,,86450,,,1,30,,400786,,,1,70,,180412,,,1,30,,400768,,,1,69,,278081,,,1,30,,400779,,,1,70,,400782,,,1,29,,400770,,,1,68,,286660,,,1,28,,400766,,,1,78,,270884,,,1,35,,400763,,,1
6201,'19',838,,400805,,,1,71,,400802,,,1,30,,400790,,,1,70,,400804,,,1,30,,400791,,,1,72,,400798,,,1,30,,400788,,,1,70,,400795,,,1,30,,400799,,,1,70,,400809,,,1,30,,255539,,,1,70,,324328,,,1,30,,400811,,,1,70,,400810,,,1,30,,400808,,,1,70,,400800,,,1,30,,400796,,,1,70,,325766,,,1,30,,400806,,,1,70,,400794,,,1,30,,400792,,,1,70,,400801,,,1,30,,400803,,,1,70,,400812,,,1,30,,400789,,,1,67,,43316,,,1,30,,400797,,,1,70,,400807,,,1,30,,273178,,,1,70,,400793,,,1
6201,'2',620,,400817,,,1,28,,400840,,,1,66,,400824,,,1,30,,400827,,,1,70,,400814,,,1,33,,400825,,,1,69,,146329,,,1,29,,400830,,,1,70,,304970,,,1,30,,400829,,,1,70,,400836,,,1,30,,400834,,,1,68,,400833,,,1,30,,314607,,,1,70,,400828,,,1,31,,400818,,,1,70,,400831,,,1,30,,263960,,,1,70,,400822,,,1,32,,400826,,,1,71,,400813,,,1,31,,400838,,,1,68,,400837,,,1,30,,323354,,,1,68,,400820,,,1,30,,400815,,,1,69,,86723,,,1,30,,400839,,,1,70,,180544,,,1,30,,400821,,,1,69,,278175,,,1,30,,400832,,,1,70,,400835,,,1,29,,400823,,,1,68,,286723,,,1,28,,400819,,,1,78,,270971,,,1,35,,400816,,,1
6201,'20',620,,400868,,,1,28,,400852,,,1,66,,299827,,,1,30,,400866,,,1,70,,400854,,,1,33,,400860,,,1,69,,400843,,,1,29,,292657,,,1,70,,400864,,,1,30,,400869,,,1,70,,400850,,,1,30,,263092,,,1,68,,400858,,,1,30,,400859,,,1,70,,400844,,,1,31,,400845,,,1,70,,400865,,,1,30,,400847,,,1,70,,400857,,,1,32,,400848,,,1,70,,400870,,,1,31,,400856,,,1,69,,400841,,,1,30,,400863,,,1,68,,299824,,,1,31,,400862,,,1,68,,400853,,,1,30,,400867,,,1,70,,400861,,,1,30,,400851,,,1,69,,315196,,,1,30,,400842,,,1,70,,329330,,,1,29,,400846,,,1,68,,341274,,,1,28,,400849,,,1,78,,342039,,,1,35,,400855,,,1
6201,'21',838,,400891,,,1,71,,400888,,,1,30,,400874,,,1,70,,400890,,,1,30,,400875,,,1,72,,400883,,,1,30,,400871,,,1,70,,400880,,,1,30,,400885,,,1,70,,400894,,,1,30,,400882,,,1,70,,400884,,,1,30,,400896,,,1,70,,400895,,,1,30,,292346,,,1,70,,400886,,,1,30,,296761,,,1,70,,400872,,,1,30,,400892,,,1,70,,400878,,,1,30,,400876,,,1,70,,400887,,,1,30,,400889,,,1,70,,400897,,,1,30,,400873,,,1,67,,400879,,,1,30,,182402,,,1,70,,400893,,,1,30,,400881,,,1,70,,400877,,,1
6201,'3',620,,150889,,,1,28,,400929,,,1,66,,400914,,,1,30,,329140,,,1,70,,400899,,,1,33,,302185,,,1,69,,400921,,,1,29,,247145,,,1,70,,400901,,,1,30,,262934,,,1,70,,400926,,,1,30,,400923,,,1,68,,400922,,,1,30,,400925,,,1,70,,400917,,,1,31,,400904,,,1,70,,400919,,,1,30,,400910,,,1,70,,400909,,,1,32,,400915,,,1,71,,400898,,,1,31,,400927,,,1,68,,287497,,,1,30,,400918,,,1,68,,400906,,,1,30,,400900,,,1,69,,400903,,,1,30,,400928,,,1,70,,400916,,,1,30,,400907,,,1,69,,400912,,,1,30,,400920,,,1,70,,400924,,,1,29,,400913,,,1,68,,400908,,,1,28,,400905,,,1,78,,400911,,,1,35,,400902,,,1
6201,'4',620,,312818,,,1,28,,400961,,,1,66,,400946,,,1,30,,328966,,,1,70,,400931,,,1,33,,301692,,,1,69,,400953,,,1,29,,194089,,,1,70,,400933,,,1,30,,262771,,,1,70,,400958,,,1,30,,400955,,,1,68,,400954,,,1,30,,400957,,,1,70,,400949,,,1,31,,400936,,,1,70,,400951,,,1,30,,400942,,,1,70,,400941,,,1,32,,400947,,,1,71,,400930,,,1,31,,400959,,,1,68,,287287,,,1,30,,400950,,,1,68,,400938,,,1,30,,400932,,,1,69,,400935,,,1,30,,400960,,,1,70,,400948,,,1,30,,400939,,,1,69,,400944,,,1,30,,400952,,,1,70,,400956,,,1,29,,400945,,,1,68,,400940,,,1,28,,400937,,,1,78,,400943,,,1,35,,400934,,,1
6201,'5',620,,400986,,,1,28,,400981,,,1,66,,290913,,,1,30,,400964,,,1,70,,400968,,,1,33,,400975,,,1,69,,400991,,,1,29,,400983,,,1,70,,218715,,,1,30,,400967,,,1,70,,400966,,,1,30,,400984,,,1,68,,400974,,,1,30,,400985,,,1,70,,400980,,,1,31,,400982,,,1,70,,400987,,,1,30,,400992,,,1,70,,400990,,,1,32,,400976,,,1,71,,400963,,,1,29,,400970,,,1,72,,400988,,,1,28,,400965,,,1,68,,301963,,,1,30,,400971,,,1,69,,278115,,,1,30,,400978,,,1,70,,400973,,,1,30,,400979,,,1,69,,327553,,,1,30,,400994,,,1,70,,400969,,,1,29,,400993,,,1,68,,400962,,,1,28,,400972,,,1,78,,400989,,,1,35,,400977,,,1
6201,'6',620,,400999,,,1,28,,401022,,,1,66,,401006,,,1,30,,401009,,,1,70,,400996,,,1,33,,401007,,,1,69,,146511,,,1,29,,401012,,,1,70,,304832,,,1,30,,401011,,,1,70,,401018,,,1,30,,401016,,,1,68,,401015,,,1,30,,314383,,,1,70,,401010,,,1,31,,401000,,,1,70,,401013,,,1,30,,263866,,,1,70,,401004,,,1,32,,401008,,,1,71,,400995,,,1,31,,401020,,,1,68,,401019,,,1,30,,323242,,,1,68,,401002,,,1,30,,400997,,,1,69,,86021,,,1,30,,401021,,,1,70,,180651,,,1,30,,401003,,,1,69,,277987,,,1,30,,401014,,,1,70,,401017,,,1,29,,401005,,,1,68,,286597,,,1,28,,401001,,,1,78,,270797,,,1,35,,400998,,,1
6201,'7',620,,401029,,,1,28,,401060,,,1,66,,401040,,,1,30,,401043,,,1,70,,401024,,,1,33,,401041,,,1,69,,401051,,,1,29,,401047,,,1,70,,401026,,,1,30,,401046,,,1,70,,401056,,,1,30,,401053,,,1,68,,401052,,,1,30,,401055,,,1,70,,401045,,,1,31,,401030,,,1,70,,401049,,,1,30,,401036,,,1,70,,401035,,,1,32,,401042,,,1,71,,401023,,,1,31,,401058,,,1,68,,401057,,,1,30,,401048,,,1,68,,401032,,,1,30,,401025,,,1,69,,401028,,,1,30,,401059,,,1,70,,401044,,,1,30,,401033,,,1,69,,401038,,,1,30,,401050,,,1,70,,401054,,,1,29,,401039,,,1,68,,401034,,,1,28,,401031,,,1,78,,401037,,,1,35,,401027,,,1
6201,'8',620,,401086,,,1,28,,401074,,,1,66,,401066,,,1,30,,192575,,,1,70,,401078,,,1,33,,401081,,,1,69,,401064,,,1,29,,401075,,,1,70,,401084,,,1,30,,220374,,,1,70,,208594,,,1,30,,401063,,,1,68,,401080,,,1,30,,303186,,,1,70,,401065,,,1,31,,401067,,,1,70,,401085,,,1,30,,401069,,,1,70,,148355,,,1,32,,401070,,,1,70,,236969,,,1,31,,243073,,,1,69,,313499,,,1,30,,271710,,,1,68,,401062,,,1,31,,401083,,,1,68,,401077,,,1,30,,306611,,,1,70,,401082,,,1,30,,401073,,,1,69,,401076,,,1,30,,401061,,,1,70,,401072,,,1,29,,401068,,,1,68,,401087,,,1,28,,51920,,,1,78,,401071,,,1,35,,401079,,,1
6201,'9',620,,401092,,,1,28,,401115,,,1,66,,401099,,,1,30,,401102,,,1,70,,401089,,,1,33,,401100,,,1,69,,146455,,,1,29,,401105,,,1,70,,305143,,,1,30,,401104,,,1,70,,401111,,,1,30,,401109,,,1,68,,401108,,,1,30,,314881,,,1,70,,401103,,,1,31,,401093,,,1,70,,401106,,,1,30,,264063,,,1,70,,401097,,,1,32,,401101,,,1,71,,401088,,,1,31,,401113,,,1,68,,401112,,,1,30,,323458,,,1,68,,401095,,,1,30,,401090,,,1,69,,86853,,,1,30,,401114,,,1,70,,180597,,,1,30,,401096,,,1,69,,278379,,,1,30,,401107,,,1,70,,401110,,,1,29,,401098,,,1,68,,286853,,,1,28,,401094,,,1,78,,271147,,,1,35,,401091,,,1
26101,'1',1604,,446812,,,1,54,,446813,,,1,96,,230744,,,1,101,,446811,,,1
26101,'11',1606,,446815,,,1,53,,446816,,,1,95,,446814,,,1,101,,446817,,,1
26101,'12',1604,,446819,,,1,54,,446820,,,1,96,,230764,,,1,101,,446818,,,1
26101,'14',1606,,283235,,,1,53,,446822,,,1,95,,446821,,,1,101,,446823,,,1
26101,'15',1604,,446825,,,1,54,,446826,,,1,96,,230749,,,1,101,,446824,,,1
26101,'18',1606,,282969,,,1,53,,446828,,,1,95,,446827,,,1,101,,446829,,,1
26101,'2',1606,,283025,,,1,53,,446831,,,1,95,,446830,,,1,101,,446832,,,1
26101,'20',1604,,446835,,,1,54,,446836,,,1,96,,446833,,,1,101,,446834,,,1
26101,'3',1606,,446837,,,1,53,,446838,,,1,95,,336119,,,1,101,,446839,,,1
26101,'4',1606,,446840,,,1,53,,446841,,,1,95,,335934,,,1,101,,446842,,,1
26101,'5',1608,,446846,,,1,50,,446844,,,1,96,,446843,,,1,101,,446845,,,1
26101,'6',1606,,282913,,,1,53,,446848,,,1,95,,446847,,,1,101,,446849,,,1
26101,'7',1606,,446851,,,1,53,,446852,,,1,95,,446850,,,1,101,,446853,,,1
26101,'8',1604,,446855,,,1,54,,446856,,,1,96,,230745,,,1,101,,446854,,,1
26101,'9',1606,,283132,,,1,53,,446858,,,1,95,,446857,,,1,101,,446859,,,1
26301,'1',1616,,255443,,,1,90,,322789,,,1,102,,447009,,,1,92,,447010,,,1
26301,'11',1618,,447013,,,1,88,,447014,,,1,102,,447011,,,1,92,,447012,,,1
26301,'12',1616,,255718,,,1,90,,323103,,,1,102,,447015,,,1,92,,447016,,,1
26301,'14',1618,,447018,,,1,88,,447019,,,1,102,,447017,,,1,92,,234427,,,1
26301,'15',1616,,255492,,,1,90,,322849,,,1,102,,447020,,,1,92,,447021,,,1
26301,'18',1618,,447023,,,1,88,,447024,,,1,102,,447022,,,1,92,,234019,,,1
26301,'2',1618,,447026,,,1,88,,447027,,,1,102,,447025,,,1,92,,234094,,,1
26301,'20',1616,,447030,,,1,90,,447028,,,1,102,,447029,,,1,92,,447031,,,1
26301,'3',1618,,274728,,,1,88,,447034,,,1,102,,447032,,,1,92,,447033,,,1
26301,'4',1618,,274571,,,1,88,,447037,,,1,102,,447035,,,1,92,,447036,,,1
26301,'5',1616,,447041,,,1,92,,447040,,,1,103,,447038,,,1,89,,447039,,,1
26301,'6',1618,,447043,,,1,88,,447044,,,1,102,,447042,,,1,92,,233944,,,1
26301,'7',1618,,447047,,,1,88,,447048,,,1,102,,447045,,,1,92,,447046,,,1
26301,'8',1616,,255776,,,1,90,,323168,,,1,102,,447049,,,1,92,,447050,,,1
26301,'9',1618,,447052,,,1,88,,447053,,,1,102,,447051,,,1,92,,234250,,,1
26601,'1',1603,,447272,,,1,50,,447270,,,1,98,,313792,,,1,149,,447271,,,1
26601,'11',1603,,298871,,,1,50,,447275,,,1,98,,447274,,,1,149,,447273,,,1
26601,'12',1603,,447278,,,1,50,,447276,,,1,98,,314150,,,1,149,,447277,,,1
26601,'14',1603,,447281,,,1,50,,447282,,,1,98,,447280,,,1,149,,447279,,,1
26601,'15',1603,,447285,,,1,50,,447283,,,1,98,,313878,,,1,149,,447284,,,1
26601,'18',1603,,447288,,,1,50,,447289,,,1,98,,447287,,,1,149,,447286,,,1
26601,'2',1603,,447292,,,1,50,,447293,,,1,98,,447291,,,1,149,,447290,,,1
26601,'20',1603,,447297,,,1,50,,447295,,,1,98,,447294,,,1,149,,447296,,,1
26601,'3',1603,,447300,,,1,50,,447301,,,1,98,,447299,,,1,149,,447298,,,1
26601,'4',1603,,447304,,,1,50,,447305,,,1,98,,447303,,,1,149,,447302,,,1
26601,'5',1603,,447307,,,1,50,,447306,,,1,98,,141356,,,1,149,,447308,,,1
26601,'6',1603,,447311,,,1,50,,447312,,,1,98,,447310,,,1,149,,447309,,,1
26601,'7',1603,,299078,,,1,50,,447315,,,1,98,,447314,,,1,149,,447313,,,1
26601,'8',1603,,447318,,,1,50,,447316,,,1,98,,314237,,,1,149,,447317,,,1
26601,'9',1603,,447321,,,1,50,,447322,,,1,98,,447320,,,1,149,,447319,,,1
