3001,'1',553,,30126,,,1,83,,30133,,,1,70,,30138,,,1,30,,30124,,,1,70,,30135,,,1,26,,30105,0,31 32,1,3,,30125,0,31 32,1,1,,30146,,,1,70,,30140,,,1,29,,30147,,,1,70,,30148,,,1,30,,30143,,,1,70,,30106,,,1,30,,30130,,,1,70,,30112,,,1,30,,30145,,,1,70,,30110,,,1,31,,30136,,,1,71,,30137,,,1,30,,30149,,,1,72,,30120,,,1,14,,30108,,,1,15,,30132,,,1,15,,30128,,,1,54,,30122,,,1,20,,30109,,,1,10,,30121,,,1,18,,30123,,,1,51,,30127,,,1,18,,30142,,,1,13,,30116,,,1,15,,30113,,,1,55,,30139,,,1,15,,30134,,,1,16,,30131,,,1,14,,30117,,,1,55,,30111,,,1,30,,30115,,,1,70,,30107,,,1,30,,30144,,,1,70,,30118,,,1,30,,30114,,,1,70,,30129,,,1,104,,30141,,,1
3001,'10',553,,30181,,,1,83,,30158,,,1,70,,30173,,,1,30,,30175,,,1,70,,30167,,,1,32,,30162,,,1,68,,30172,,,1,29,,30160,,,1,70,,30150,,,1,30,,30152,,,1,70,,30176,,,1,30,,30171,,,1,70,,30165,,,1,30,,30184,,,1,70,,30155,,,1,31,,30164,,,1,71,,30170,,,1,30,,30153,,,1,72,,30189,,,1,14,,30183,,,1,15,,30151,,,1,15,,30178,,,1,54,,30169,,,1,20,,30161,,,1,10,,30182,,,1,17,,30163,,,1,52,,30177,,,1,18,,30157,,,1,13,,30159,,,1,15,,30154,,,1,55,,30166,,,1,15,,30179,,,1,16,,30180,,,1,14,,30156,,,1,55,,30168,,,1,30,,30190,,,1,70,,30191,,,1,30,,30188,,,1,70,,30185,,,1,30,,30186,,,1,70,,30187,,,1,104,,30174,,,1
3001,'11',553,,30213,,,1,83,,30220,,,1,70,,30225,,,1,30,,30211,,,1,70,,30222,,,1,26,,30192,0,31 32,1,3,,30212,0,31 32,1,1,,30233,,,1,70,,30227,,,1,29,,30234,,,1,70,,30235,,,1,30,,30230,,,1,70,,30193,,,1,30,,30217,,,1,70,,30199,,,1,30,,30232,,,1,70,,30197,,,1,31,,30223,,,1,71,,30224,,,1,30,,30236,,,1,72,,30207,,,1,14,,30195,,,1,15,,30219,,,1,15,,30215,,,1,54,,30209,,,1,20,,30196,,,1,10,,30208,,,1,18,,30210,,,1,51,,30214,,,1,18,,30229,,,1,13,,30203,,,1,15,,30200,,,1,55,,30226,,,1,15,,30221,,,1,16,,30218,,,1,14,,30204,,,1,55,,30198,,,1,30,,30202,,,1,70,,30194,,,1,30,,30231,,,1,70,,30205,,,1,30,,30201,,,1,70,,30216,,,1,104,,30228,,,1
3001,'12',553,,30273,,,1,83,,30257,,,1,70,,30241,,,1,30,,30243,,,1,70,,30258,,,1,32,,30261,,,1,68,,30271,,,1,29,,30252,,,1,70,,30262,,,1,30,,30266,,,1,70,,30278,,,1,30,,30275,,,1,70,,30265,,,1,30,,30256,,,1,70,,30245,,,1,31,,30270,,,1,71,,30242,,,1,30,,30259,,,1,72,,30246,,,1,14,,30238,,,1,15,,30244,,,1,17,,30253,,,1,53,,30247,,,1,19,,30237,,,1,10,,30277,,,1,18,,30264,,,1,51,,30251,,,1,18,,30250,,,1,13,,30274,,,1,15,,30276,,,1,55,,30260,,,1,15,,30268,,,1,16,,30248,,,1,14,,30255,,,1,55,,30239,,,1,30,,30263,,,1,70,,30249,,,1,30,,30267,,,1,70,,30269,,,1,30,,30272,,,1,70,,30240,,,1,104,,30254,,,1
3001,'13',801,,30297,,,1,100,,30299,,,1,101,,30304,,,1,30,,30285,,,1,70,,30279,,,1,30,,30290,,,1,70,,30280,,,1,30,,30286,,,1,70,,30302,,,1,30,,30303,,,1,70,,30283,,,1,30,,30295,,,1,70,,30281,,,1,30,,30298,,,1,70,,30294,,,1,30,,30300,,,1,70,,30287,,,1,30,,30296,,,1,70,,30301,,,1,30,,30288,,,1,70,,30289,,,1,30,,30291,,,1,70,,30282,,,1,29,,30292,,,1,100,,30293,,,1,100,,30284,,,1
3001,'14',801,,30323,,,1,100,,30325,,,1,101,,30330,,,1,30,,30311,,,1,70,,30305,,,1,30,,30316,,,1,70,,30306,,,1,30,,30312,,,1,70,,30328,,,1,30,,30329,,,1,70,,30309,,,1,30,,30321,,,1,70,,30307,,,1,30,,30324,,,1,70,,30320,,,1,30,,30326,,,1,70,,30313,,,1,30,,30322,,,1,70,,30327,,,1,30,,30314,,,1,70,,30315,,,1,30,,30317,,,1,70,,30308,,,1,29,,30318,,,1,100,,30319,,,1,100,,30310,,,1
3001,'15',553,,30362,,,1,83,,30339,,,1,70,,30354,,,1,30,,30356,,,1,70,,30348,,,1,32,,30343,,,1,68,,30353,,,1,29,,30341,,,1,70,,30331,,,1,30,,30333,,,1,70,,30357,,,1,30,,30352,,,1,70,,30346,,,1,30,,30365,,,1,70,,30336,,,1,31,,30345,,,1,71,,30351,,,1,30,,30334,,,1,72,,30370,,,1,14,,30364,,,1,15,,30332,,,1,15,,30359,,,1,54,,30350,,,1,20,,30342,,,1,10,,30363,,,1,17,,30344,,,1,52,,30358,,,1,18,,30338,,,1,13,,30340,,,1,15,,30335,,,1,55,,30347,,,1,15,,30360,,,1,16,,30361,,,1,14,,30337,,,1,55,,30349,,,1,30,,30371,,,1,70,,30372,,,1,30,,30369,,,1,70,,30366,,,1,30,,30367,,,1,70,,30368,,,1,104,,30355,,,1
3001,'16',553,,30394,,,1,83,,30401,,,1,70,,30406,,,1,30,,30392,,,1,70,,30403,,,1,26,,30373,0,31 32,1,3,,30393,0,31 32,1,1,,30414,,,1,70,,30408,,,1,29,,30415,,,1,70,,30416,,,1,30,,30411,,,1,70,,30374,,,1,30,,30398,,,1,70,,30380,,,1,30,,30413,,,1,70,,30378,,,1,31,,30404,,,1,71,,30405,,,1,30,,30417,,,1,72,,30388,,,1,14,,30376,,,1,15,,30400,,,1,15,,30396,,,1,54,,30390,,,1,20,,30377,,,1,10,,30389,,,1,18,,30391,,,1,51,,30395,,,1,18,,30410,,,1,13,,30384,,,1,15,,30381,,,1,55,,30407,,,1,15,,30402,,,1,16,,30399,,,1,14,,30385,,,1,55,,30379,,,1,30,,30383,,,1,70,,30375,,,1,30,,30412,,,1,70,,30386,,,1,30,,30382,,,1,70,,30397,,,1,104,,30409,,,1
3001,'17',801,,30436,,,1,100,,30438,,,1,101,,30443,,,1,30,,30424,,,1,70,,30418,,,1,30,,30429,,,1,70,,30419,,,1,30,,30425,,,1,70,,30441,,,1,30,,30442,,,1,70,,30422,,,1,30,,30434,,,1,70,,30420,,,1,30,,30437,,,1,70,,30433,,,1,30,,30439,,,1,70,,30426,,,1,30,,30435,,,1,70,,30440,,,1,30,,30427,,,1,70,,30428,,,1,30,,30430,,,1,70,,30421,,,1,29,,30431,,,1,100,,30432,,,1,100,,30423,,,1
3001,'18',731,,30458,,,1,100,,30469,,,1,70,,30466,,,1,31,,30454,,,1,70,,30467,,,1,30,,30459,,,1,70,,30465,,,1,30,,30453,,,1,70,,30457,,,1,30,,30472,,,1,70,,30447,,,1,30,,30455,,,1,70,,30464,,,1,30,,30448,,,1,70,,30452,,,1,30,,30445,,,1,70,,30463,,,1,30,,30470,,,1,70,,30444,,,1,30,,30451,,,1,70,,30462,,,1,30,,30449,,,1,70,,30468,,,1,30,,30460,,,1,70,,30471,,,1,29,,30446,,,1,70,,30456,,,1,30,,30461,,,1,100,,30450,,,1
3001,'19',731,,30487,,,1,100,,30498,,,1,70,,30495,,,1,31,,30483,,,1,70,,30496,,,1,30,,30488,,,1,70,,30494,,,1,30,,30482,,,1,70,,30486,,,1,30,,30501,,,1,70,,30476,,,1,30,,30484,,,1,70,,30493,,,1,30,,30477,,,1,70,,30481,,,1,30,,30474,,,1,70,,30492,,,1,30,,30499,,,1,70,,30473,,,1,30,,30480,,,1,70,,30491,,,1,30,,30478,,,1,70,,30497,,,1,30,,30489,,,1,70,,30500,,,1,29,,30475,,,1,70,,30485,,,1,30,,30490,,,1,100,,30479,,,1
3001,'2',801,,30520,,,1,100,,30522,,,1,101,,30527,,,1,30,,30508,,,1,70,,30502,,,1,30,,30513,,,1,70,,30503,,,1,30,,30509,,,1,70,,30525,,,1,30,,30526,,,1,70,,30506,,,1,30,,30518,,,1,70,,30504,,,1,30,,30521,,,1,70,,30517,,,1,30,,30523,,,1,70,,30510,,,1,30,,30519,,,1,70,,30524,,,1,30,,30511,,,1,70,,30512,,,1,30,,30514,,,1,70,,30505,,,1,29,,30515,,,1,100,,30516,,,1,100,,30507,,,1
3001,'20',553,,30549,,,1,83,,30556,,,1,70,,30561,,,1,30,,30547,,,1,70,,30558,,,1,26,,30528,0,31 32,1,3,,30548,0,31 32,1,1,,30569,,,1,70,,30563,,,1,29,,30570,,,1,70,,30571,,,1,30,,30566,,,1,70,,30529,,,1,30,,30553,,,1,70,,30535,,,1,30,,30568,,,1,70,,30533,,,1,31,,30559,,,1,71,,30560,,,1,30,,30572,,,1,72,,30543,,,1,14,,30531,,,1,15,,30555,,,1,15,,30551,,,1,54,,30545,,,1,20,,30532,,,1,10,,30544,,,1,18,,30546,,,1,51,,30550,,,1,18,,30565,,,1,13,,30539,,,1,15,,30536,,,1,55,,30562,,,1,15,,30557,,,1,16,,30554,,,1,14,,30540,,,1,55,,30534,,,1,30,,30538,,,1,70,,30530,,,1,30,,30567,,,1,70,,30541,,,1,30,,30537,,,1,70,,30552,,,1,104,,30564,,,1
3001,'3',553,,30594,,,1,83,,30601,,,1,70,,30606,,,1,30,,30592,,,1,70,,30603,,,1,26,,30573,0,31 32,1,3,,30593,0,31 32,1,1,,30614,,,1,70,,30608,,,1,29,,30615,,,1,70,,30616,,,1,30,,30611,,,1,70,,30574,,,1,30,,30598,,,1,70,,30580,,,1,30,,30613,,,1,70,,30578,,,1,31,,30604,,,1,71,,30605,,,1,30,,30617,,,1,72,,30588,,,1,14,,30576,,,1,15,,30600,,,1,15,,30596,,,1,54,,30590,,,1,20,,30577,,,1,10,,30589,,,1,18,,30591,,,1,51,,30595,,,1,18,,30610,,,1,13,,30584,,,1,15,,30581,,,1,55,,30607,,,1,15,,30602,,,1,16,,30599,,,1,14,,30585,,,1,55,,30579,,,1,30,,30583,,,1,70,,30575,,,1,30,,30612,,,1,70,,30586,,,1,30,,30582,,,1,70,,30597,,,1,104,,30609,,,1
3001,'4',553,,30639,,,1,83,,30646,,,1,70,,30651,,,1,30,,30637,,,1,70,,30648,,,1,26,,30618,0,31 32,1,3,,30638,0,31 32,1,1,,30659,,,1,70,,30653,,,1,29,,30660,,,1,70,,30661,,,1,30,,30656,,,1,70,,30619,,,1,30,,30643,,,1,70,,30625,,,1,30,,30658,,,1,70,,30623,,,1,31,,30649,,,1,71,,30650,,,1,30,,30662,,,1,72,,30633,,,1,14,,30621,,,1,15,,30645,,,1,15,,30641,,,1,54,,30635,,,1,20,,30622,,,1,10,,30634,,,1,18,,30636,,,1,51,,30640,,,1,18,,30655,,,1,13,,30629,,,1,15,,30626,,,1,55,,30652,,,1,15,,30647,,,1,16,,30644,,,1,14,,30630,,,1,55,,30624,,,1,30,,30628,,,1,70,,30620,,,1,30,,30657,,,1,70,,30631,,,1,30,,30627,,,1,70,,30642,,,1,104,,30654,,,1
3001,'5',553,,30684,,,1,83,,30691,,,1,70,,30696,,,1,30,,30682,,,1,70,,30693,,,1,26,,30663,0,31 32,1,3,,30683,0,31 32,1,1,,30704,,,1,70,,30698,,,1,29,,30705,,,1,70,,30706,,,1,30,,30701,,,1,70,,30664,,,1,30,,30688,,,1,70,,30670,,,1,30,,30703,,,1,70,,30668,,,1,31,,30694,,,1,71,,30695,,,1,30,,30707,,,1,72,,30678,,,1,14,,30666,,,1,15,,30690,,,1,15,,30686,,,1,54,,30680,,,1,20,,30667,,,1,10,,30679,,,1,18,,30681,,,1,51,,30685,,,1,18,,30700,,,1,13,,30674,,,1,15,,30671,,,1,55,,30697,,,1,15,,30692,,,1,16,,30689,,,1,14,,30675,,,1,55,,30669,,,1,30,,30673,,,1,70,,30665,,,1,30,,30702,,,1,70,,30676,,,1,30,,30672,,,1,70,,30687,,,1,104,,30699,,,1
3001,'6',553,,30729,,,1,83,,30736,,,1,70,,30741,,,1,30,,30727,,,1,70,,30738,,,1,26,,30708,0,31 32,1,3,,30728,0,31 32,1,1,,30749,,,1,70,,30743,,,1,29,,30750,,,1,70,,30751,,,1,30,,30746,,,1,70,,30709,,,1,30,,30733,,,1,70,,30715,,,1,30,,30748,,,1,70,,30713,,,1,31,,30739,,,1,71,,30740,,,1,30,,30752,,,1,72,,30723,,,1,14,,30711,,,1,15,,30735,,,1,15,,30731,,,1,54,,30725,,,1,20,,30712,,,1,10,,30724,,,1,18,,30726,,,1,51,,30730,,,1,18,,30745,,,1,13,,30719,,,1,15,,30716,,,1,55,,30742,,,1,15,,30737,,,1,16,,30734,,,1,14,,30720,,,1,55,,30714,,,1,30,,30718,,,1,70,,30710,,,1,30,,30747,,,1,70,,30721,,,1,30,,30717,,,1,70,,30732,,,1,104,,30744,,,1
3001,'7',553,,30784,,,1,83,,30761,,,1,70,,30776,,,1,30,,30778,,,1,70,,30770,,,1,32,,30765,,,1,68,,30775,,,1,29,,30763,,,1,70,,30753,,,1,30,,30755,,,1,70,,30779,,,1,30,,30774,,,1,70,,30768,,,1,30,,30787,,,1,70,,30758,,,1,31,,30767,,,1,71,,30773,,,1,30,,30756,,,1,72,,30792,,,1,14,,30786,,,1,15,,30754,,,1,15,,30781,,,1,54,,30772,,,1,20,,30764,,,1,10,,30785,,,1,17,,30766,,,1,52,,30780,,,1,18,,30760,,,1,13,,30762,,,1,15,,30757,,,1,55,,30769,,,1,15,,30782,,,1,16,,30783,,,1,14,,30759,,,1,55,,30771,,,1,30,,30793,,,1,70,,30794,,,1,30,,30791,,,1,70,,30788,,,1,30,,30789,,,1,70,,30790,,,1,104,,30777,,,1
3001,'8',553,,30826,,,1,83,,30803,,,1,70,,30818,,,1,30,,30820,,,1,70,,30812,,,1,32,,30807,,,1,68,,30817,,,1,29,,30805,,,1,70,,30795,,,1,30,,30797,,,1,70,,30821,,,1,30,,30816,,,1,70,,30810,,,1,30,,30829,,,1,70,,30800,,,1,31,,30809,,,1,71,,30815,,,1,30,,30798,,,1,72,,30834,,,1,14,,30828,,,1,15,,30796,,,1,15,,30823,,,1,54,,30814,,,1,20,,30806,,,1,10,,30827,,,1,17,,30808,,,1,52,,30822,,,1,18,,30802,,,1,13,,30804,,,1,15,,30799,,,1,55,,30811,,,1,15,,30824,,,1,16,,30825,,,1,14,,30801,,,1,55,,30813,,,1,30,,30835,,,1,70,,30836,,,1,30,,30833,,,1,70,,30830,,,1,30,,30831,,,1,70,,30832,,,1,104,,30819,,,1
3001,'9',553,,30868,,,1,83,,30845,,,1,70,,30860,,,1,30,,30862,,,1,70,,30854,,,1,32,,30849,,,1,68,,30859,,,1,29,,30847,,,1,70,,30837,,,1,30,,30839,,,1,70,,30863,,,1,30,,30858,,,1,70,,30852,,,1,30,,30871,,,1,70,,30842,,,1,31,,30851,,,1,71,,30857,,,1,30,,30840,,,1,72,,30876,,,1,14,,30870,,,1,15,,30838,,,1,15,,30865,,,1,54,,30856,,,1,20,,30848,,,1,10,,30869,,,1,17,,30850,,,1,52,,30864,,,1,18,,30844,,,1,13,,30846,,,1,15,,30841,,,1,55,,30853,,,1,15,,30866,,,1,16,,30867,,,1,14,,30843,,,1,55,,30855,,,1,30,,30877,,,1,70,,30878,,,1,30,,30875,,,1,70,,30872,,,1,30,,30873,,,1,70,,30874,,,1,104,,30861,,,1
3201,'1',1523,,32257,,,1,103,,32260,,,1,32,,32256,,,1,70,,32258,,,1,29,,32261,,,1,67,,32259,,,1,34,,32255,,,1
3201,'10',1523,,32266,,,1,33,,32263,,,1,70,,32267,,,1,32,,32264,,,1,70,,32265,,,1,30,,32269,,,1,66,,32268,,,1,34,,32262,,,1
3201,'11',1523,,32272,,,1,103,,32275,,,1,32,,32271,,,1,70,,32273,,,1,29,,32276,,,1,67,,32274,,,1,34,,32270,,,1
3201,'12',1523,,32283,,,1,33,,32282,,,1,70,,32280,,,1,32,,32279,,,1,70,,32281,,,1,29,,32284,,,1,67,,32278,,,1,34,,32277,,,1
3201,'15',1523,,32289,,,1,33,,32286,,,1,70,,32290,,,1,32,,32287,,,1,70,,32288,,,1,30,,32292,,,1,66,,32291,,,1,34,,32285,,,1
3201,'16',1523,,32295,,,1,103,,32298,,,1,32,,32294,,,1,70,,32296,,,1,29,,32299,,,1,67,,32297,,,1,34,,32293,,,1
3201,'20',1523,,32302,,,1,103,,32305,,,1,32,,32301,,,1,70,,32303,,,1,29,,32306,,,1,67,,32304,,,1,34,,32300,,,1
3201,'3',1523,,32309,,,1,103,,32312,,,1,32,,32308,,,1,70,,32310,,,1,29,,32313,,,1,67,,32311,,,1,34,,32307,,,1
3201,'4',1523,,32316,,,1,103,,32319,,,1,32,,32315,,,1,70,,32317,,,1,29,,32320,,,1,67,,32318,,,1,34,,32314,,,1
3201,'5',1523,,32323,,,1,103,,32326,,,1,32,,32322,,,1,70,,32324,,,1,29,,32327,,,1,67,,32325,,,1,34,,32321,,,1
3201,'6',1523,,32330,,,1,103,,32333,,,1,32,,32329,,,1,70,,32331,,,1,29,,32334,,,1,67,,32332,,,1,34,,32328,,,1
3201,'7',1523,,32339,,,1,33,,32336,,,1,70,,32340,,,1,32,,32337,,,1,70,,32338,,,1,30,,32342,,,1,66,,32341,,,1,34,,32335,,,1
3201,'8',1523,,32347,,,1,33,,32344,,,1,70,,32348,,,1,32,,32345,,,1,70,,32346,,,1,30,,32350,,,1,66,,32349,,,1,34,,32343,,,1
3201,'9',1523,,32355,,,1,33,,32352,,,1,70,,32356,,,1,32,,32353,,,1,70,,32354,,,1,30,,32358,,,1,66,,32357,,,1,34,,32351,,,1
