8701,'1',741,,204811,,,1,17,,204814,,,1,57,,70792,,,1,15,,204837,,,1,15,,204819,,,1,55,,74049,,,1,15,,204808,,,1,15,,204824,,,1,15,,204849,,,1,55,,204840,,,1,15,,77945,,,1,15,,204850,,,1,15,,204835,,,1,55,,105272,,,1,15,,204843,,,1,15,,204822,,,1,15,,204831,,,1,55,,204832,,,1,15,,204826,,,1,15,,204816,,,1,15,,204825,,,1,55,,204839,,,1,15,,18279,,,1,15,,204815,,,1,15,,204841,,,1,55,,204844,,,1,15,,204817,,,1,14,,26960,,,1,15,,204846,,,1,15,,204836,,,1,55,,204833,,,1,14,,204827,,,1,15,,204845,,,1,15,,33814,,,1,54,,204848,,,1,17,,97766,,,1,14,,204828,,,1,14,,204842,,,1,56,,204818,,,1,16,,204820,,,1,16,,204847,,,1,55,,56030,,,1,15,,204830,,,1,15,,204838,,,1,29,,77911,,,1,68,,204810,,,1,32,,204829,,,1,68,,204834,,,1,73,,204809,,,1,30,,40722,,,1,70,,204821,,,1
8701,'10',836,,204853,,,1,70,,204860,,,1,30,,204857,,,1,70,,204862,,,1,30,,204864,,,1,70,,94212,,,1,30,,204868,,,1,70,,204852,,,1,30,,204861,,,1,70,,204865,,,1,30,,204851,,,1,70,,204856,,,1,30,,91452,,,1,70,,204855,,,1,30,,204854,,,1,70,,204866,,,1,30,,116967,,,1,70,,21345,,,1,30,,204859,,,1,70,,204858,,,1,30,,204863,,,1,70,,16592,,,1,30,,204867,,,1
8701,'11',743,,81480,,,1,15,,204877,,,1,57,,204903,,,1,15,,204910,,,1,70,,122522,,,1,15,,204878,,,1,15,,204889,,,1,15,,204892,,,1,55,,204906,,,1,15,,204881,,,1,15,,204884,,,1,15,,17801,,,1,55,,66245,,,1,15,,204901,,,1,15,,204894,,,1,15,,204873,,,1,55,,91377,,,1,15,,91390,,,1,15,,204882,,,1,15,,204879,,,1,55,,204876,,,1,15,,204875,,,1,15,,86458,,,1,15,,204900,,,1,55,,204880,,,1,15,,204904,,,1,14,,204890,,,1,15,,204909,,,1,15,,204893,,,1,53,,204886,,,1,15,,204896,,,1,16,,204902,,,1,15,,106076,,,1,54,,204912,,,1,19,,204870,,,1,13,,204897,,,1,15,,204895,,,1,55,,204874,,,1,15,,204883,,,1,15,,204872,,,1,15,,204898,,,1,56,,204899,,,1,15,,204869,,,1,29,,50733,,,1,68,,204888,,,1,32,,204907,,,1,68,,204908,,,1,73,,204885,,,1,30,,204887,,,1,70,,204891,,,1
8701,'12',743,,204951,,,1,15,,204922,,,1,57,,204946,,,1,15,,204953,,,1,70,,204939,,,1,15,,204923,,,1,15,,204934,,,1,15,,204937,,,1,55,,34288,,,1,15,,204926,,,1,15,,105157,,,1,15,,204915,,,1,55,,204913,,,1,15,,76626,,,1,15,,204941,,,1,15,,204918,,,1,55,,204933,,,1,15,,204943,,,1,15,,204927,,,1,15,,204924,,,1,55,,204921,,,1,15,,204920,,,1,15,,204925,,,1,15,,204944,,,1,55,,56525,,,1,15,,204947,,,1,14,,204935,,,1,15,,204952,,,1,15,,204940,,,1,53,,204931,,,1,15,,204942,,,1,16,,204945,,,1,15,,204929,,,1,54,,204955,,,1,19,,53800,,,1,13,,100277,,,1,15,,61735,,,1,55,,204919,,,1,15,,204928,,,1,15,,204917,,,1,15,,73880,,,1,56,,65986,,,1,15,,204914,,,1,29,,204938,,,1,68,,33668,,,1,32,,204949,,,1,68,,204950,,,1,73,,204930,,,1,30,,204932,,,1,70,,204936,,,1
8701,'13',836,,204958,,,1,70,,204966,,,1,30,,204962,,,1,70,,204967,,,1,30,,204971,,,1,70,,204964,,,1,30,,7548,,,1,70,,204957,,,1,30,,118128,,,1,70,,3663,,,1,30,,204956,,,1,70,,204961,,,1,30,,204960,,,1,70,,204959,,,1,30,,69158,,,1,70,,204973,,,1,30,,204970,,,1,70,,204972,,,1,30,,204965,,,1,70,,204963,,,1,30,,204969,,,1,70,,204968,,,1,30,,204974,,,1
8701,'14',743,,81923,,,1,15,,204983,,,1,57,,205009,,,1,15,,205016,,,1,70,,122532,,,1,15,,204984,,,1,15,,204995,,,1,15,,204998,,,1,55,,205012,,,1,15,,204987,,,1,15,,204990,,,1,15,,17941,,,1,55,,66550,,,1,15,,205007,,,1,15,,205000,,,1,15,,204979,,,1,55,,91722,,,1,15,,91735,,,1,15,,204988,,,1,15,,204985,,,1,55,,204982,,,1,15,,204981,,,1,15,,86991,,,1,15,,205006,,,1,55,,204986,,,1,15,,205010,,,1,14,,204996,,,1,15,,205015,,,1,15,,204999,,,1,53,,204992,,,1,15,,205002,,,1,16,,205008,,,1,15,,106561,,,1,54,,205018,,,1,19,,204976,,,1,13,,205003,,,1,15,,205001,,,1,55,,204980,,,1,15,,204989,,,1,15,,204978,,,1,15,,205004,,,1,56,,205005,,,1,15,,204975,,,1,29,,51272,,,1,68,,204994,,,1,32,,205013,,,1,68,,205014,,,1,73,,204991,,,1,30,,204993,,,1,70,,204997,,,1
8701,'15',1124,,205035,,,1,30,,205020,,,1,70,,205022,,,1,30,,205024,,,1,70,,205027,,,1,30,,205023,,,1,70,,205034,,,1,30,,205031,,,1,70,,205030,,,1,30,,205029,,,1,70,,205026,,,1,30,,205033,,,1,70,,205028,,,1,30,,205025,,,1,70,,205019,,,1,30,,205021,,,1,70,,205032,,,1
8701,'16',1124,,205049,,,1,30,,13900,,,1,70,,205038,,,1,30,,205040,,,1,70,,205042,,,1,30,,205039,,,1,70,,205048,,,1,30,,205045,,,1,70,,13922,,,1,30,,205044,,,1,70,,58789,,,1,30,,205047,,,1,70,,205043,,,1,30,,205041,,,1,70,,205036,,,1,30,,205037,,,1,70,,205046,,,1
8701,'17',741,,90104,,,1,17,,38108,,,1,57,,205088,,,1,15,,109266,,,1,15,,205060,,,1,55,,205057,,,1,15,,98908,,,1,15,,38115,,,1,15,,205093,,,1,55,,205082,,,1,15,,205076,,,1,15,,205094,,,1,15,,205077,,,1,55,,205052,,,1,15,,205085,,,1,15,,205063,,,1,15,,205072,,,1,55,,205073,,,1,15,,205067,,,1,15,,31449,,,1,15,,205066,,,1,55,,205081,,,1,15,,205090,,,1,15,,205056,,,1,15,,205083,,,1,55,,205086,,,1,15,,205058,,,1,14,,205053,,,1,15,,205089,,,1,15,,205078,,,1,55,,205074,,,1,14,,10171,,,1,15,,205087,,,1,15,,205084,,,1,54,,205092,,,1,17,,205091,,,1,14,,205069,,,1,14,,22294,,,1,56,,205059,,,1,16,,205061,,,1,16,,119256,,,1,55,,205068,,,1,15,,205071,,,1,15,,205080,,,1,29,,205064,,,1,68,,205051,,,1,32,,205070,,,1,68,,205075,,,1,73,,205050,,,1,30,,205079,,,1,70,,205062,,,1
8701,'18',836,,205096,,,1,70,,205103,,,1,30,,1681,,,1,70,,205105,,,1,30,,205109,,,1,70,,205102,,,1,30,,205114,,,1,70,,26418,,,1,30,,205104,,,1,70,,205111,,,1,30,,205095,,,1,70,,205100,,,1,30,,205099,,,1,70,,205098,,,1,30,,205097,,,1,70,,205112,,,1,30,,205108,,,1,70,,205110,,,1,30,,91565,,,1,70,,205101,,,1,30,,205107,,,1,70,,205106,,,1,30,,205113,,,1
8701,'19',741,,89594,,,1,17,,37702,,,1,57,,205153,,,1,15,,108850,,,1,15,,205125,,,1,55,,205122,,,1,15,,98508,,,1,15,,37709,,,1,15,,205158,,,1,55,,205147,,,1,15,,205141,,,1,15,,205159,,,1,15,,205142,,,1,55,,205117,,,1,15,,205150,,,1,15,,205128,,,1,15,,205137,,,1,55,,205138,,,1,15,,205132,,,1,15,,31067,,,1,15,,205131,,,1,55,,205146,,,1,15,,205155,,,1,15,,205121,,,1,15,,205148,,,1,55,,205151,,,1,15,,205123,,,1,14,,205118,,,1,15,,205154,,,1,15,,205143,,,1,55,,205139,,,1,14,,9765,,,1,15,,205152,,,1,15,,205149,,,1,54,,205157,,,1,17,,205156,,,1,14,,205134,,,1,14,,21896,,,1,56,,205124,,,1,16,,205126,,,1,16,,118890,,,1,55,,205133,,,1,15,,205136,,,1,15,,205145,,,1,29,,205129,,,1,68,,205116,,,1,32,,205135,,,1,68,,205140,,,1,73,,205115,,,1,30,,205144,,,1,70,,205127,,,1
8701,'2',743,,81663,,,1,15,,205168,,,1,57,,205194,,,1,15,,205201,,,1,70,,122524,,,1,15,,205169,,,1,15,,205180,,,1,15,,205183,,,1,55,,205197,,,1,15,,205172,,,1,15,,205175,,,1,15,,17829,,,1,55,,66410,,,1,15,,205192,,,1,15,,205185,,,1,15,,205164,,,1,55,,91510,,,1,15,,91523,,,1,15,,205173,,,1,15,,205170,,,1,55,,205167,,,1,15,,205166,,,1,15,,86731,,,1,15,,205191,,,1,55,,205171,,,1,15,,205195,,,1,14,,205181,,,1,15,,205200,,,1,15,,205184,,,1,53,,205177,,,1,15,,205187,,,1,16,,205193,,,1,15,,106285,,,1,54,,205203,,,1,19,,205161,,,1,13,,205188,,,1,15,,205186,,,1,55,,205165,,,1,15,,205174,,,1,15,,205163,,,1,15,,205189,,,1,56,,205190,,,1,15,,205160,,,1,29,,50980,,,1,68,,205179,,,1,32,,205198,,,1,68,,205199,,,1,73,,205176,,,1,30,,205178,,,1,70,,205182,,,1
8701,'20',1124,,205217,,,1,30,,13586,,,1,70,,205206,,,1,30,,205208,,,1,70,,205210,,,1,30,,205207,,,1,70,,205216,,,1,30,,205213,,,1,70,,13608,,,1,30,,205212,,,1,70,,58528,,,1,30,,205215,,,1,70,,205211,,,1,30,,205209,,,1,70,,205204,,,1,30,,205205,,,1,70,,205214,,,1
8701,'21',741,,90054,,,1,17,,38072,,,1,57,,205256,,,1,15,,109230,,,1,15,,205228,,,1,55,,205225,,,1,15,,98872,,,1,15,,38079,,,1,15,,205261,,,1,55,,205250,,,1,15,,205244,,,1,15,,205262,,,1,15,,205245,,,1,55,,205220,,,1,15,,205253,,,1,15,,205231,,,1,15,,205240,,,1,55,,205241,,,1,15,,205235,,,1,15,,31417,,,1,15,,205234,,,1,55,,205249,,,1,15,,205258,,,1,15,,205224,,,1,15,,205251,,,1,55,,205254,,,1,15,,205226,,,1,14,,205221,,,1,15,,205257,,,1,15,,205246,,,1,55,,205242,,,1,14,,10135,,,1,15,,205255,,,1,15,,205252,,,1,54,,205260,,,1,17,,205259,,,1,14,,205237,,,1,14,,22258,,,1,56,,205227,,,1,16,,205229,,,1,16,,119217,,,1,55,,205236,,,1,15,,205239,,,1,15,,205248,,,1,29,,205232,,,1,68,,205219,,,1,32,,205238,,,1,68,,205243,,,1,73,,205218,,,1,30,,205247,,,1,70,,205230,,,1
8701,'22',836,,205265,,,1,70,,205272,,,1,30,,205269,,,1,70,,205274,,,1,30,,205276,,,1,70,,94151,,,1,30,,205280,,,1,70,,205264,,,1,30,,205273,,,1,70,,205277,,,1,30,,205263,,,1,70,,205268,,,1,30,,91429,,,1,70,,205267,,,1,30,,205266,,,1,70,,205278,,,1,30,,116935,,,1,70,,21312,,,1,30,,205271,,,1,70,,205270,,,1,30,,205275,,,1,70,,16525,,,1,30,,205279,,,1
8701,'3',1124,,205291,,,1,30,,205282,,,1,70,,205284,,,1,30,,45457,,,1,70,,205287,,,1,30,,85239,,,1,70,,25064,,,1,30,,205289,,,1,70,,205288,,,1,30,,56006,,,1,70,,205286,,,1,30,,55376,,,1,70,,13510,,,1,30,,205285,,,1,70,,205281,,,1,30,,205283,,,1,70,,205290,,,1
8701,'4',743,,81793,,,1,15,,205300,,,1,57,,205326,,,1,15,,205333,,,1,70,,122528,,,1,15,,205301,,,1,15,,205312,,,1,15,,205315,,,1,55,,205329,,,1,15,,205304,,,1,15,,205307,,,1,15,,17885,,,1,55,,66480,,,1,15,,205324,,,1,15,,205317,,,1,15,,205296,,,1,55,,91616,,,1,15,,91629,,,1,15,,205305,,,1,15,,205302,,,1,55,,205299,,,1,15,,205298,,,1,15,,86861,,,1,15,,205323,,,1,55,,205303,,,1,15,,205327,,,1,14,,205313,,,1,15,,205332,,,1,15,,205316,,,1,53,,205309,,,1,15,,205319,,,1,16,,205325,,,1,15,,106423,,,1,54,,205335,,,1,19,,205293,,,1,13,,205320,,,1,15,,205318,,,1,55,,205297,,,1,15,,205306,,,1,15,,205295,,,1,15,,205321,,,1,56,,205322,,,1,15,,205292,,,1,29,,51126,,,1,68,,205311,,,1,32,,205330,,,1,68,,205331,,,1,73,,205308,,,1,30,,205310,,,1,70,,205314,,,1
8701,'5',743,,81858,,,1,15,,205344,,,1,57,,205370,,,1,15,,205377,,,1,70,,122530,,,1,15,,205345,,,1,15,,205356,,,1,15,,205359,,,1,55,,205373,,,1,15,,205348,,,1,15,,205351,,,1,15,,17913,,,1,55,,66515,,,1,15,,205368,,,1,15,,205361,,,1,15,,205340,,,1,55,,91669,,,1,15,,91682,,,1,15,,205349,,,1,15,,205346,,,1,55,,205343,,,1,15,,205342,,,1,15,,86926,,,1,15,,205367,,,1,55,,205347,,,1,15,,205371,,,1,14,,205357,,,1,15,,205376,,,1,15,,205360,,,1,53,,205353,,,1,15,,205363,,,1,16,,205369,,,1,15,,106492,,,1,54,,205379,,,1,19,,205337,,,1,13,,205364,,,1,15,,205362,,,1,55,,205341,,,1,15,,205350,,,1,15,,205339,,,1,15,,205365,,,1,56,,205366,,,1,15,,205336,,,1,29,,51199,,,1,68,,205355,,,1,32,,205374,,,1,68,,205375,,,1,73,,205352,,,1,30,,205354,,,1,70,,205358,,,1
8701,'6',743,,81106,,,1,15,,205388,,,1,57,,205414,,,1,15,,205421,,,1,70,,122518,,,1,15,,205389,,,1,15,,205400,,,1,15,,205403,,,1,55,,205417,,,1,15,,205392,,,1,15,,205395,,,1,15,,17689,,,1,55,,66003,,,1,15,,205412,,,1,15,,205405,,,1,15,,205384,,,1,55,,91075,,,1,15,,91088,,,1,15,,205393,,,1,15,,205390,,,1,55,,205387,,,1,15,,205386,,,1,15,,86029,,,1,15,,205411,,,1,55,,205391,,,1,15,,205415,,,1,14,,205401,,,1,15,,205420,,,1,15,,205404,,,1,53,,205397,,,1,15,,205407,,,1,16,,205413,,,1,15,,105694,,,1,54,,205423,,,1,19,,205381,,,1,13,,205408,,,1,15,,205406,,,1,55,,205385,,,1,15,,205394,,,1,15,,205383,,,1,15,,205409,,,1,56,,205410,,,1,15,,205380,,,1,29,,50286,,,1,68,,205399,,,1,32,,205418,,,1,68,,205419,,,1,73,,205396,,,1,30,,205398,,,1,70,,205402,,,1
8701,'7',742,,205459,,,1,16,,205465,,,1,56,,205433,,,1,16,,205470,,,1,16,,205436,,,1,54,,205447,,,1,17,,205456,,,1,13,,205468,,,1,15,,205458,,,1,55,,205439,,,1,15,,205453,,,1,15,,205469,,,1,15,,205442,,,1,55,,205461,,,1,15,,205428,,,1,15,,205472,,,1,15,,205435,,,1,55,,205474,,,1,15,,205471,,,1,15,,205431,,,1,15,,205475,,,1,55,,205444,,,1,15,,205464,,,1,15,,205455,,,1,15,,205445,,,1,55,,205467,,,1,15,,205449,,,1,14,,205457,,,1,15,,205438,,,1,15,,205424,,,1,55,,205446,,,1,13,,205434,,,1,16,,205452,,,1,15,,205473,,,1,53,,205443,,,1,18,,205477,,,1,16,,205476,,,1,14,,205448,,,1,55,,205429,,,1,15,,205466,,,1,15,,205462,,,1,56,,205430,,,1,18,,205451,,,1,12,,205432,,,1,29,,205426,,,1,68,,205460,,,1,32,,205440,,,1,68,,205463,,,1,73,,205425,,,1,30,,205441,,,1,70,,205437,,,1
8701,'8',1124,,205491,,,1,30,,13784,,,1,70,,205480,,,1,30,,205482,,,1,70,,205484,,,1,30,,205481,,,1,70,,205490,,,1,30,,205487,,,1,70,,13806,,,1,30,,205486,,,1,70,,58691,,,1,30,,205489,,,1,70,,205485,,,1,30,,205483,,,1,70,,205478,,,1,30,,205479,,,1,70,,205488,,,1
8701,'9',741,,205495,,,1,17,,205500,,,1,57,,205535,,,1,15,,205525,,,1,15,,205506,,,1,55,,205502,,,1,15,,205492,,,1,15,,205511,,,1,15,,205541,,,1,55,,205528,,,1,15,,205521,,,1,15,,205542,,,1,15,,205522,,,1,55,,205496,,,1,15,,205532,,,1,15,,205508,,,1,15,,114083,,,1,55,,205518,,,1,15,,205512,,,1,15,,205503,,,1,15,,16239,,,1,55,,205527,,,1,15,,205537,,,1,15,,205501,,,1,15,,205529,,,1,55,,205533,,,1,15,,205504,,,1,14,,205497,,,1,15,,205536,,,1,15,,205523,,,1,55,,205519,,,1,14,,205514,,,1,15,,205534,,,1,15,,205531,,,1,54,,205540,,,1,17,,205539,,,1,14,,205515,,,1,14,,205530,,,1,56,,205505,,,1,16,,205507,,,1,16,,205538,,,1,55,,205513,,,1,15,,205517,,,1,15,,205526,,,1,29,,205509,,,1,68,,205494,,,1,32,,205516,,,1,68,,205520,,,1,73,,205493,,,1,30,,205524,,,1,70,,117435,,,1
