4200,'1',721,,44780,27,,,1,99,,44779,27,,,1,100,,44784,27,,,1,30,,44774,27,,,1,70,,44776,27,,,1,30,,44778,27,,,1,70,,44786,27,,,1,30,,44789,27,,,1,70,,44790,27,,,1,30,,44773,27,,,1,70,,44775,27,,,1,30,,44782,27,,,1,70,,44792,27,,,1,30,,44791,27,,,1,70,,44787,27,,,1,30,,44781,27,,,1,70,,44785,27,,,1,30,,44783,27,,,1,70,,44788,27,,,1,100,,44777,27,,,1
4200,'10',538,,44814,27,,,1,103,,44800,27,,,1,66,,44797,27,,,1,35,,44802,27,,,1,72,,44815,27,,,1,30,,44804,27,,,1,70,,44820,27,,,1,25,,44798,27,,,1,70,,44796,27,,,1,30,,44811,27,,,1,70,,44821,27,,,1,30,,44809,27,,,1,70,,44818,27,,,1,33,,44817,27,,,1,70,,44813,27,,,1,30,,44807,27,,,1,70,,44799,27,,,1,29,,44803,27,,,1,70,,44794,27,,,1,33,,44816,27,,,1,103,,44806,27,,,1,70,,44793,27,,,1,30,,44805,27,,,1,78,,44819,27,,,1,30,,44822,27,,,1,69,,44812,27,,,1,30,,44808,27,,,1,70,,44795,27,,,1,28,,44810,27,,,1,70,,44801,27,,,1
4200,'11',538,,44844,27,,,1,103,,44830,27,,,1,66,,44827,27,,,1,35,,44832,27,,,1,72,,44845,27,,,1,30,,44834,27,,,1,70,,44850,27,,,1,25,,44828,27,,,1,70,,44826,27,,,1,30,,44841,27,,,1,70,,44851,27,,,1,30,,44839,27,,,1,70,,44848,27,,,1,33,,44847,27,,,1,70,,44843,27,,,1,30,,44837,27,,,1,70,,44829,27,,,1,29,,44833,27,,,1,70,,44824,27,,,1,33,,44846,27,,,1,103,,44836,27,,,1,70,,44823,27,,,1,30,,44835,27,,,1,78,,44849,27,,,1,30,,44852,27,,,1,69,,44842,27,,,1,30,,44838,27,,,1,70,,44825,27,,,1,28,,44840,27,,,1,70,,44831,27,,,1
4200,'12',538,,44874,27,,,1,103,,44860,27,,,1,66,,44857,27,,,1,35,,44862,27,,,1,72,,44875,27,,,1,30,,44864,27,,,1,70,,44880,27,,,1,25,,44858,27,,,1,70,,44856,27,,,1,30,,44871,27,,,1,70,,44881,27,,,1,30,,44869,27,,,1,70,,44878,27,,,1,33,,44877,27,,,1,70,,44873,27,,,1,30,,44867,27,,,1,70,,44859,27,,,1,29,,44863,27,,,1,70,,44854,27,,,1,33,,44876,27,,,1,103,,44866,27,,,1,70,,44853,27,,,1,30,,44865,27,,,1,78,,44879,27,,,1,30,,44882,27,,,1,69,,44872,27,,,1,30,,44868,27,,,1,70,,44855,27,,,1,28,,44870,27,,,1,70,,44861,27,,,1
4200,'13',538,,44897,27,,,1,103,,44895,27,,,1,66,,44905,27,,,1,34,,44911,27,,,1,73,,44886,27,,,1,31,,44891,27,,,1,69,,44912,27,,,1,25,,44902,27,,,1,70,,44892,27,,,1,30,,44890,27,,,1,70,,44898,27,,,1,30,,44884,27,,,1,70,,44913,27,,,1,33,,44883,27,,,1,70,,44887,27,,,1,30,,44901,27,,,1,70,,44889,27,,,1,29,,44896,27,,,1,70,,44909,27,,,1,33,,44908,27,,,1,71,,44888,27,,,1,32,,44900,27,,,1,69,,44906,27,,,1,33,,44904,27,,,1,76,,44903,27,,,1,30,,44885,27,,,1,69,,44893,27,,,1,30,,44907,27,,,1,70,,44899,27,,,1,28,,44910,27,,,1,70,,44894,27,,,1
4200,'14',555,,44931,27,,,1,100,,44919,27,,,1,101,,44914,27,,,1,70,,44915,27,,,1,30,,44935,27,,,1,70,,44936,27,,,1,30,,44928,27,,,1,70,,44922,27,,,1,30,,44934,27,,,1,70,,44932,27,,,1,30,,44929,27,,,1,70,,44924,27,,,1,30,,44921,27,,,1,70,,44926,27,,,1,30,,44933,27,,,1,70,,44925,27,,,1,30,,44917,27,,,1,70,,44918,27,,,1,30,,44938,27,,,1,70,,44937,27,,,1,30,,44923,27,,,1,70,,44927,27,,,1,30,,44920,27,,,1,70,,44930,27,,,1,30,,44916,27,,,1
4200,'15',538,,44960,27,,,1,103,,44946,27,,,1,66,,44943,27,,,1,35,,44948,27,,,1,72,,44961,27,,,1,30,,44950,27,,,1,70,,44966,27,,,1,25,,44944,27,,,1,70,,44942,27,,,1,30,,44957,27,,,1,70,,44967,27,,,1,30,,44955,27,,,1,70,,44964,27,,,1,33,,44963,27,,,1,70,,44959,27,,,1,30,,44953,27,,,1,70,,44945,27,,,1,29,,44949,27,,,1,70,,44940,27,,,1,33,,44962,27,,,1,103,,44952,27,,,1,70,,44939,27,,,1,30,,44951,27,,,1,78,,44965,27,,,1,30,,44968,27,,,1,69,,44958,27,,,1,30,,44954,27,,,1,70,,44941,27,,,1,28,,44956,27,,,1,70,,44947,27,,,1
4200,'16',538,,44990,27,,,1,103,,44976,27,,,1,66,,44973,27,,,1,35,,44978,27,,,1,72,,44991,27,,,1,30,,44980,27,,,1,70,,44996,27,,,1,25,,44974,27,,,1,70,,44972,27,,,1,30,,44987,27,,,1,70,,44997,27,,,1,30,,44985,27,,,1,70,,44994,27,,,1,33,,44993,27,,,1,70,,44989,27,,,1,30,,44983,27,,,1,70,,44975,27,,,1,29,,44979,27,,,1,70,,44970,27,,,1,33,,44992,27,,,1,103,,44982,27,,,1,70,,44969,27,,,1,30,,44981,27,,,1,78,,44995,27,,,1,30,,44998,27,,,1,69,,44988,27,,,1,30,,44984,27,,,1,70,,44971,27,,,1,28,,44986,27,,,1,70,,44977,27,,,1
4200,'17',538,,45013,27,,,1,103,,45011,27,,,1,66,,45021,27,,,1,34,,45027,27,,,1,73,,45002,27,,,1,31,,45007,27,,,1,69,,45028,27,,,1,25,,45018,27,,,1,70,,45008,27,,,1,30,,45006,27,,,1,70,,45014,27,,,1,30,,45000,27,,,1,70,,45029,27,,,1,33,,44999,27,,,1,70,,45003,27,,,1,30,,45017,27,,,1,70,,45005,27,,,1,29,,45012,27,,,1,70,,45025,27,,,1,33,,45024,27,,,1,71,,45004,27,,,1,32,,45016,27,,,1,69,,45022,27,,,1,33,,45020,27,,,1,76,,45019,27,,,1,30,,45001,27,,,1,69,,45009,27,,,1,30,,45023,27,,,1,70,,45015,27,,,1,28,,45026,27,,,1,70,,45010,27,,,1
4200,'18',538,,45053,27,,,1,103,,45041,27,,,1,66,,45045,27,,,1,106,,45044,27,,,1,31,,45056,27,,,1,70,,45047,27,,,1,25,,45054,27,,,1,70,,45040,27,,,1,30,,45037,27,,,1,70,,45048,27,,,1,30,,45030,27,,,1,70,,45049,27,,,1,33,,45038,27,,,1,70,,45043,27,,,1,30,,45036,27,,,1,70,,45031,27,,,1,29,,45034,27,,,1,70,,45033,27,,,1,33,,45051,27,,,1,72,,45050,27,,,1,31,,45057,27,,,1,70,,45035,27,,,1,30,,45046,27,,,1,78,,45052,27,,,1,30,,45042,27,,,1,69,,45039,27,,,1,100,,45055,27,,,1,98,,45032,27,,,1
4200,'19',538,,45072,27,,,1,103,,45070,27,,,1,66,,45080,27,,,1,34,,45086,27,,,1,73,,45061,27,,,1,31,,45066,27,,,1,69,,45087,27,,,1,25,,45077,27,,,1,70,,45067,27,,,1,30,,45065,27,,,1,70,,45073,27,,,1,30,,45059,27,,,1,70,,45088,27,,,1,33,,45058,27,,,1,70,,45062,27,,,1,30,,45076,27,,,1,70,,45064,27,,,1,29,,45071,27,,,1,70,,45084,27,,,1,33,,45083,27,,,1,71,,45063,27,,,1,32,,45075,27,,,1,69,,45081,27,,,1,33,,45079,27,,,1,76,,45078,27,,,1,30,,45060,27,,,1,69,,45068,27,,,1,30,,45082,27,,,1,70,,45074,27,,,1,28,,45085,27,,,1,70,,45069,27,,,1
4200,'2',721,,45096,27,,,1,99,,45095,27,,,1,100,,45100,27,,,1,30,,45090,27,,,1,70,,45092,27,,,1,30,,45094,27,,,1,70,,45102,27,,,1,30,,45105,27,,,1,70,,45106,27,,,1,30,,45089,27,,,1,70,,45091,27,,,1,30,,45098,27,,,1,70,,45108,27,,,1,30,,45107,27,,,1,70,,45103,27,,,1,30,,45097,27,,,1,70,,45101,27,,,1,30,,45099,27,,,1,70,,45104,27,,,1,100,,45093,27,,,1
4200,'3',538,,45130,27,,,1,103,,45116,27,,,1,66,,45113,27,,,1,35,,45118,27,,,1,72,,45131,27,,,1,30,,45120,27,,,1,70,,45136,27,,,1,25,,45114,27,,,1,70,,45112,27,,,1,30,,45127,27,,,1,70,,45137,27,,,1,30,,45125,27,,,1,70,,45134,27,,,1,33,,45133,27,,,1,70,,45129,27,,,1,30,,45123,27,,,1,70,,45115,27,,,1,29,,45119,27,,,1,70,,45110,27,,,1,33,,45132,27,,,1,103,,45122,27,,,1,70,,45109,27,,,1,30,,45121,27,,,1,78,,45135,27,,,1,30,,45138,27,,,1,69,,45128,27,,,1,30,,45124,27,,,1,70,,45111,27,,,1,28,,45126,27,,,1,70,,45117,27,,,1
4200,'4',538,,45160,27,,,1,103,,45146,27,,,1,66,,45143,27,,,1,35,,45148,27,,,1,72,,45161,27,,,1,30,,45150,27,,,1,70,,45166,27,,,1,25,,45144,27,,,1,70,,45142,27,,,1,30,,45157,27,,,1,70,,45167,27,,,1,30,,45155,27,,,1,70,,45164,27,,,1,33,,45163,27,,,1,70,,45159,27,,,1,30,,45153,27,,,1,70,,45145,27,,,1,29,,45149,27,,,1,70,,45140,27,,,1,33,,45162,27,,,1,103,,45152,27,,,1,70,,45139,27,,,1,30,,45151,27,,,1,78,,45165,27,,,1,30,,45168,27,,,1,69,,45158,27,,,1,30,,45154,27,,,1,70,,45141,27,,,1,28,,45156,27,,,1,70,,45147,27,,,1
4200,'5',538,,45183,27,,,1,103,,45181,27,,,1,66,,45191,27,,,1,34,,45197,27,,,1,73,,45172,27,,,1,31,,45177,27,,,1,69,,45198,27,,,1,25,,45188,27,,,1,70,,45178,27,,,1,30,,45176,27,,,1,70,,45184,27,,,1,30,,45170,27,,,1,70,,45199,27,,,1,33,,45169,27,,,1,70,,45173,27,,,1,30,,45187,27,,,1,70,,45175,27,,,1,29,,45182,27,,,1,70,,45195,27,,,1,33,,45194,27,,,1,71,,45174,27,,,1,32,,45186,27,,,1,69,,45192,27,,,1,33,,45190,27,,,1,76,,45189,27,,,1,30,,45171,27,,,1,69,,45179,27,,,1,30,,45193,27,,,1,70,,45185,27,,,1,28,,45196,27,,,1,70,,45180,27,,,1
4200,'6',538,,45221,27,,,1,103,,45207,27,,,1,66,,45204,27,,,1,35,,45209,27,,,1,72,,45222,27,,,1,30,,45211,27,,,1,70,,45227,27,,,1,25,,45205,27,,,1,70,,45203,27,,,1,30,,45218,27,,,1,70,,45228,27,,,1,30,,45216,27,,,1,70,,45225,27,,,1,33,,45224,27,,,1,70,,45220,27,,,1,30,,45214,27,,,1,70,,45206,27,,,1,29,,45210,27,,,1,70,,45201,27,,,1,33,,45223,27,,,1,103,,45213,27,,,1,70,,45200,27,,,1,30,,45212,27,,,1,78,,45226,27,,,1,30,,45229,27,,,1,69,,45219,27,,,1,30,,45215,27,,,1,70,,45202,27,,,1,28,,45217,27,,,1,70,,45208,27,,,1
4200,'7',538,,45244,27,,,1,103,,45242,27,,,1,66,,45252,27,,,1,34,,45258,27,,,1,73,,45233,27,,,1,31,,45238,27,,,1,69,,45259,27,,,1,25,,45249,27,,,1,70,,45239,27,,,1,30,,45237,27,,,1,70,,45245,27,,,1,30,,45231,27,,,1,70,,45260,27,,,1,33,,45230,27,,,1,70,,45234,27,,,1,30,,45248,27,,,1,70,,45236,27,,,1,29,,45243,27,,,1,70,,45256,27,,,1,33,,45255,27,,,1,71,,45235,27,,,1,32,,45247,27,,,1,69,,45253,27,,,1,33,,45251,27,,,1,76,,45250,27,,,1,30,,45232,27,,,1,69,,45240,27,,,1,30,,45254,27,,,1,70,,45246,27,,,1,28,,45257,27,,,1,70,,45241,27,,,1
4200,'8',555,,45278,27,,,1,100,,45266,27,,,1,101,,45261,27,,,1,70,,45262,27,,,1,30,,45282,27,,,1,70,,45283,27,,,1,30,,45275,27,,,1,70,,45269,27,,,1,30,,45281,27,,,1,70,,45279,27,,,1,30,,45276,27,,,1,70,,45271,27,,,1,30,,45268,27,,,1,70,,45273,27,,,1,30,,45280,27,,,1,70,,45272,27,,,1,30,,45264,27,,,1,70,,45265,27,,,1,30,,45285,27,,,1,70,,45284,27,,,1,30,,45270,27,,,1,70,,45274,27,,,1,30,,45267,27,,,1,70,,45277,27,,,1,30,,45263,27,,,1
4200,'9',721,,45293,27,,,1,99,,45292,27,,,1,100,,45297,27,,,1,30,,45287,27,,,1,70,,45289,27,,,1,30,,45291,27,,,1,70,,45299,27,,,1,30,,45302,27,,,1,70,,45303,27,,,1,30,,45286,27,,,1,70,,45288,27,,,1,30,,45295,27,,,1,70,,45305,27,,,1,30,,45304,27,,,1,70,,45300,27,,,1,30,,45294,27,,,1,70,,45298,27,,,1,30,,45296,27,,,1,70,,45301,27,,,1,100,,45290,27,,,1
