17301,'1',445,,194063,,,1,70,,336540,,,1,205,,336552,,,1,101,,336550,0,43,1,33,,336531,,,1,70,,336537,0,43,1,30,,336551,,,1,70,,336532,0,43,1,30,,336543,,,1,70,,336548,0,43,1,30,,336549,,,1,70,,169043,0,43,1,30,,336542,,,1,70,,336544,0,43,1,30,,336529,,,1,70,,133500,0,43,1,30,,336526,,,1,70,,336539,0,43,1,30,,92104,,,1,70,,336530,0,43,1,30,,336536,,,1,70,,336534,0,43,1,30,,206461,,,1,70,,336528,0,43,1,30,,336545,,,1,70,,336546,0,43,1,30,,336527,,,1,70,,336538,0,43,1,30,,336541,,,1,70,,336533,0,43,1,30,,171174,,,1,100,,336547,,,1,100,,336535,,,1
17301,'10',451,,336580,,,1,70,,336575,,,1,25,,336579,,,1,88,,336569,,,1,70,,336568,,,1,30,,336570,,,1,70,,336563,,,1,28,,336562,,,1,101,,336583,0,43,1,70,,336578,,,1,30,,336566,0,43,1,70,,336584,,,1,30,,336567,0,43,1,70,,336556,,,1,30,,202322,0,43,1,70,,336554,,,1,30,,336572,0,43,1,70,,336553,,,1,30,,336581,,,1,72,,336576,,,1,32,,336582,,,1,70,,336573,,,1,30,,336559,,,1,70,,336560,,,1,30,,336574,,,1,70,,203967,,,1,27,,336577,0,43,1,70,,336564,,,1,26,,336585,0,43,1,74,,336565,,,1,26,,336557,0,43,1,74,,336571,,,1,24,,336561,0,43,1,74,,336558,,,1,98,,336555,,,1
17301,'11',450,,336594,,,1,70,,336602,,,1,200,,336600,,,1,180,,336596,,,1,100,,336606,,,1,30,,336590,0,43,1,70,,336607,,,1,30,,336598,0,43,1,70,,174409,,,1,30,,336605,0,43,1,70,,336604,,,1,30,,336595,0,43,1,70,,336597,,,1,30,,336593,0,43,1,70,,336601,,,1,30,,336586,0,43,1,70,,143806,,,1,30,,336603,0,43,1,70,,336588,,,1,30,,336591,0,43,1,70,,199821,,,1,30,,171890,0,43,1,70,,176561,,,1,30,,336592,0,43,1,70,,336589,,,1,100,,336608,,,1,100,,336587,,,1,100,,336599,,,1
17301,'12',451,,336636,,,1,70,,336631,,,1,25,,336635,,,1,88,,336625,,,1,70,,336624,,,1,30,,336626,,,1,70,,336619,,,1,28,,336618,,,1,101,,336639,0,43,1,70,,336634,,,1,30,,336622,0,43,1,70,,336640,,,1,30,,336623,0,43,1,70,,336612,,,1,30,,201538,0,43,1,70,,336610,,,1,30,,336628,0,43,1,70,,336609,,,1,30,,336637,,,1,72,,336632,,,1,32,,336638,,,1,70,,336629,,,1,30,,336615,,,1,70,,336616,,,1,30,,336630,,,1,70,,203402,,,1,27,,336633,0,43,1,70,,336620,,,1,26,,336641,0,43,1,74,,336621,,,1,26,,336613,0,43,1,74,,336627,,,1,24,,336617,0,43,1,74,,336614,,,1,98,,336611,,,1
17301,'13',450,,336650,,,1,70,,336658,,,1,200,,336656,,,1,180,,336652,,,1,100,,336662,,,1,30,,336646,0,43,1,70,,336663,,,1,30,,336654,0,43,1,70,,174382,,,1,30,,336661,0,43,1,70,,336660,,,1,30,,336651,0,43,1,70,,336653,,,1,30,,336649,0,43,1,70,,336657,,,1,30,,336642,0,43,1,70,,143777,,,1,30,,336659,0,43,1,70,,336644,,,1,30,,336647,0,43,1,70,,199795,,,1,30,,171861,0,43,1,70,,176530,,,1,30,,336648,0,43,1,70,,336645,,,1,100,,336664,,,1,100,,336643,,,1,100,,336655,,,1
17301,'14',451,,336692,,,1,70,,336687,,,1,25,,336691,,,1,88,,336681,,,1,70,,336680,,,1,30,,336682,,,1,70,,336675,,,1,28,,336674,,,1,101,,336695,0,43,1,70,,336690,,,1,30,,336678,0,43,1,70,,336696,,,1,30,,336679,0,43,1,70,,336668,,,1,30,,201978,0,43,1,70,,336666,,,1,30,,336684,0,43,1,70,,336665,,,1,30,,336693,,,1,72,,336688,,,1,32,,336694,,,1,70,,336685,,,1,30,,336671,,,1,70,,336672,,,1,30,,336686,,,1,70,,203719,,,1,27,,336689,0,43,1,70,,336676,,,1,26,,336697,0,43,1,74,,336677,,,1,26,,336669,0,43,1,74,,336683,,,1,24,,336673,0,43,1,74,,336670,,,1,98,,336667,,,1
17301,'15',501,,147942,,,1,100,,336708,,,1,33,,336710,,,1,100,,336702,,,1,100,,230524,,,1,99,,336699,,,1,100,,145356,,,1,100,,336701,,,1,100,,336709,,,1,100,,218308,,,1,100,,336703,,,1,104,,336711,,,1,100,,336707,,,1,100,,228646,,,1,97,,336706,,,1,100,,336698,,,1,100,,336705,,,1,98,,336700,,,1,168,,336704,,,1
17301,'16',445,,336718,,,1,70,,336726,,,1,205,,336739,,,1,101,,336737,0,43,1,33,,336716,,,1,70,,336724,0,43,1,30,,336738,,,1,70,,228592,0,43,1,30,,336729,,,1,70,,336735,0,43,1,30,,336736,,,1,70,,336731,0,43,1,30,,336728,,,1,70,,336730,0,43,1,30,,336714,,,1,70,,336725,0,43,1,30,,336712,,,1,70,,233165,0,43,1,30,,336717,,,1,70,,336715,0,43,1,30,,336723,,,1,70,,336721,0,43,1,30,,336719,,,1,70,,217323,0,43,1,30,,336732,,,1,70,,336733,0,43,1,30,,336713,,,1,70,,199476,0,43,1,30,,336727,,,1,70,,336720,0,43,1,30,,336740,,,1,100,,336734,,,1,100,,336722,,,1
17301,'17',451,,336751,,,1,70,,336743,,,1,25,,216179,,,1,88,,336760,,,1,70,,336744,,,1,30,,336763,,,1,70,,336768,,,1,30,,210665,,,1,70,,195176,,,1,29,,336757,0,43,1,70,,58261,,,1,30,,157245,0,43,1,70,,336758,,,1,30,,336752,0,43,1,70,,336749,,,1,30,,336759,0,43,1,70,,206032,,,1,30,,336745,0,43,1,70,,336762,,,1,30,,336742,,,1,72,,336754,,,1,32,,336766,,,1,70,,336761,,,1,30,,336741,,,1,70,,336748,,,1,30,,336756,,,1,70,,336746,,,1,27,,336750,0,43,1,70,,336767,,,1,26,,336755,0,43,1,74,,336769,,,1,26,,336747,0,43,1,74,,336753,,,1,24,,24922,0,43,1,74,,336764,,,1,98,,336765,,,1
17301,'18',451,,336797,,,1,70,,336792,,,1,25,,336796,,,1,88,,336786,,,1,70,,336785,,,1,30,,336787,,,1,70,,336780,,,1,28,,336779,,,1,101,,336800,0,43,1,70,,336795,,,1,30,,336783,0,43,1,70,,336801,,,1,30,,336784,0,43,1,70,,336773,,,1,30,,202218,0,43,1,70,,336771,,,1,30,,336789,0,43,1,70,,336770,,,1,30,,336798,,,1,72,,336793,,,1,32,,336799,,,1,70,,336790,,,1,30,,336776,,,1,70,,336777,,,1,30,,336791,,,1,70,,203885,,,1,27,,336794,0,43,1,70,,336781,,,1,26,,336802,0,43,1,74,,336782,,,1,26,,336774,0,43,1,74,,336788,,,1,24,,336778,0,43,1,74,,336775,,,1,98,,336772,,,1
17301,'19',451,,336813,,,1,70,,336805,,,1,25,,216354,,,1,88,,336822,,,1,70,,336806,,,1,30,,336825,,,1,70,,336830,,,1,30,,210803,,,1,70,,195523,,,1,29,,336819,0,43,1,70,,58211,,,1,30,,157375,0,43,1,70,,336820,,,1,30,,336814,0,43,1,70,,336811,,,1,30,,336821,0,43,1,70,,206340,,,1,30,,336807,0,43,1,70,,336824,,,1,30,,336804,,,1,72,,336816,,,1,32,,336828,,,1,70,,336823,,,1,30,,336803,,,1,70,,336810,,,1,30,,336818,,,1,70,,336808,,,1,27,,336812,0,43,1,70,,336829,,,1,26,,336817,0,43,1,74,,336831,,,1,26,,336809,0,43,1,74,,336815,,,1,24,,24888,0,43,1,74,,336826,,,1,98,,336827,,,1
17301,'2',450,,336842,,,1,70,,194878,,,1,200,,336850,,,1,180,,336845,,,1,100,,336856,,,1,30,,336837,0,43,1,70,,336857,,,1,30,,336847,0,43,1,70,,336840,,,1,30,,336855,0,43,1,70,,336854,,,1,30,,336844,0,43,1,70,,336846,,,1,30,,336841,0,43,1,70,,336852,,,1,30,,336832,0,43,1,70,,336849,,,1,30,,336853,0,43,1,70,,336835,,,1,30,,336838,0,43,1,70,,336833,,,1,30,,336851,0,43,1,70,,336843,,,1,30,,336839,0,43,1,70,,336836,,,1,100,,336858,,,1,100,,336834,,,1,100,,336848,,,1
17301,'20',451,,336869,,,1,70,,336861,,,1,25,,215879,,,1,88,,336878,,,1,70,,336862,,,1,30,,336881,,,1,70,,336886,,,1,30,,118182,,,1,70,,194616,,,1,29,,336875,0,43,1,70,,223075,,,1,30,,157032,0,43,1,70,,336876,,,1,30,,336870,0,43,1,70,,336867,,,1,30,,336877,0,43,1,70,,205557,,,1,30,,336863,0,43,1,70,,336880,,,1,30,,336860,,,1,72,,336872,,,1,32,,336884,,,1,70,,336879,,,1,30,,336859,,,1,70,,336866,,,1,30,,336874,,,1,70,,336864,,,1,27,,336868,0,43,1,70,,336885,,,1,26,,336873,0,43,1,74,,336887,,,1,26,,336865,0,43,1,74,,336871,,,1,24,,182128,0,43,1,74,,336882,,,1,98,,336883,,,1
17301,'21',451,,336915,,,1,70,,336910,,,1,25,,336914,,,1,88,,336904,,,1,70,,336903,,,1,30,,336905,,,1,70,,336898,,,1,28,,336897,,,1,101,,336918,0,43,1,70,,336913,,,1,30,,336901,0,43,1,70,,336919,,,1,30,,336902,0,43,1,70,,336891,,,1,30,,201691,0,43,1,70,,336889,,,1,30,,336907,0,43,1,70,,336888,,,1,30,,336916,,,1,72,,336911,,,1,32,,336917,,,1,70,,336908,,,1,30,,336894,,,1,70,,336895,,,1,30,,336909,,,1,70,,203504,,,1,27,,336912,0,43,1,70,,336899,,,1,26,,336920,0,43,1,74,,336900,,,1,26,,336892,0,43,1,74,,336906,,,1,24,,336896,0,43,1,74,,336893,,,1,98,,336890,,,1
17301,'22',451,,336948,,,1,70,,336943,,,1,25,,336947,,,1,88,,336937,,,1,70,,336936,,,1,30,,336938,,,1,70,,336931,,,1,28,,336930,,,1,101,,336951,0,43,1,70,,336946,,,1,30,,336934,0,43,1,70,,336952,,,1,30,,336935,0,43,1,70,,336924,,,1,30,,201590,0,43,1,70,,336922,,,1,30,,336940,0,43,1,70,,336921,,,1,30,,336949,,,1,72,,336944,,,1,32,,336950,,,1,70,,336941,,,1,30,,336927,,,1,70,,336928,,,1,30,,336942,,,1,70,,203440,,,1,27,,336945,0,43,1,70,,336932,,,1,26,,336953,0,43,1,74,,336933,,,1,26,,336925,0,43,1,74,,336939,,,1,24,,336929,0,43,1,74,,336926,,,1,98,,336923,,,1
17301,'3',445,,336961,,,1,70,,336970,,,1,205,,336981,,,1,101,,336980,0,43,1,33,,336959,,,1,70,,164817,0,43,1,30,,171139,,,1,70,,336963,0,43,1,30,,336973,,,1,70,,336978,0,43,1,30,,336979,,,1,70,,336974,0,43,1,30,,336972,,,1,70,,4180,0,43,1,30,,336957,,,1,70,,336969,0,43,1,30,,336954,,,1,70,,336968,0,43,1,30,,336960,,,1,70,,336958,0,43,1,30,,336966,,,1,70,,140077,0,43,1,30,,336962,,,1,70,,336956,0,43,1,30,,336975,,,1,70,,336976,0,43,1,30,,336955,,,1,70,,336967,0,43,1,30,,336971,,,1,70,,336964,0,43,1,30,,336982,,,1,100,,336977,,,1,100,,336965,,,1
17301,'4',451,,180156,,,1,70,,151303,,,1,25,,337008,,,1,88,,336998,,,1,70,,336997,,,1,30,,336999,,,1,70,,336992,,,1,28,,336991,,,1,101,,337011,0,43,1,70,,337007,,,1,30,,336995,0,43,1,70,,179624,,,1,30,,336996,0,43,1,70,,336985,,,1,30,,336983,0,43,1,70,,205204,,,1,30,,337001,0,43,1,70,,185378,,,1,30,,337009,,,1,72,,337005,,,1,32,,337010,,,1,70,,337003,,,1,30,,336988,,,1,70,,336989,,,1,30,,337004,,,1,70,,337002,,,1,27,,337006,0,43,1,70,,336993,,,1,26,,145767,0,43,1,74,,336994,,,1,26,,336986,0,43,1,74,,337000,,,1,24,,336990,0,43,1,74,,336987,,,1,98,,336984,,,1
17301,'5',450,,337022,,,1,70,,194672,,,1,200,,337030,,,1,180,,337025,,,1,100,,337036,,,1,30,,337017,0,43,1,70,,337037,,,1,30,,337027,0,43,1,70,,337020,,,1,30,,337035,0,43,1,70,,337034,,,1,30,,337024,0,43,1,70,,337026,,,1,30,,337021,0,43,1,70,,337032,,,1,30,,337012,0,43,1,70,,337029,,,1,30,,337033,0,43,1,70,,337015,,,1,30,,337018,0,43,1,70,,337013,,,1,30,,337031,0,43,1,70,,337023,,,1,30,,337019,0,43,1,70,,337016,,,1,100,,337038,,,1,100,,337014,,,1,100,,337028,,,1
17301,'6',450,,337047,,,1,70,,337055,,,1,200,,337053,,,1,180,,337049,,,1,100,,337059,,,1,30,,337043,0,43,1,70,,337060,,,1,30,,337051,0,43,1,70,,174729,,,1,30,,337058,0,43,1,70,,337057,,,1,30,,337048,0,43,1,70,,337050,,,1,30,,337046,0,43,1,70,,337054,,,1,30,,337039,0,43,1,70,,144176,,,1,30,,337056,0,43,1,70,,337041,,,1,30,,337044,0,43,1,70,,200182,,,1,30,,172321,0,43,1,70,,177030,,,1,30,,337045,0,43,1,70,,337042,,,1,100,,337061,,,1,100,,337040,,,1,100,,337052,,,1
17301,'7',451,,337072,,,1,70,,337064,,,1,25,,216669,,,1,88,,337081,,,1,70,,337065,,,1,30,,337084,,,1,70,,337089,,,1,30,,211029,,,1,70,,196099,,,1,29,,337078,0,43,1,70,,223527,,,1,30,,157596,0,43,1,70,,337079,,,1,30,,337073,0,43,1,70,,337070,,,1,30,,337080,0,43,1,70,,206846,,,1,30,,337066,0,43,1,70,,337083,,,1,30,,337063,,,1,72,,337075,,,1,32,,337087,,,1,70,,337082,,,1,30,,337062,,,1,70,,337069,,,1,30,,337077,,,1,70,,337067,,,1,27,,337071,0,43,1,70,,337088,,,1,26,,337076,0,43,1,74,,337090,,,1,26,,337068,0,43,1,74,,337074,,,1,24,,182969,0,43,1,74,,337085,,,1,98,,337086,,,1
17301,'8',451,,337113,,,1,70,,337110,,,1,25,,337112,,,1,88,,337106,,,1,70,,337105,,,1,30,,134676,,,1,70,,337100,,,1,28,,337099,,,1,101,,165564,0,43,1,70,,182488,,,1,30,,337103,0,43,1,70,,337116,,,1,30,,337104,0,43,1,70,,337095,,,1,30,,337092,0,43,1,70,,337093,,,1,30,,337108,0,43,1,70,,337091,,,1,30,,337114,,,1,72,,183261,,,1,32,,337115,,,1,70,,185290,,,1,30,,337097,,,1,70,,195191,,,1,30,,155014,,,1,70,,337109,,,1,27,,337111,0,43,1,70,,337101,,,1,26,,337117,0,43,1,74,,337102,,,1,26,,337096,0,43,1,74,,337107,,,1,24,,337098,0,43,1,74,,127480,,,1,98,,337094,,,1
17301,'9',451,,337128,,,1,70,,337120,,,1,25,,216250,,,1,88,,337137,,,1,70,,337121,,,1,30,,337140,,,1,70,,337145,,,1,30,,210720,,,1,70,,195314,,,1,29,,337134,0,43,1,70,,57737,,,1,30,,157297,0,43,1,70,,337135,,,1,30,,337129,0,43,1,70,,337126,,,1,30,,337136,0,43,1,70,,206156,,,1,30,,337122,0,43,1,70,,337139,,,1,30,,337119,,,1,72,,337131,,,1,32,,337143,,,1,70,,337138,,,1,30,,337118,,,1,70,,337125,,,1,30,,337133,,,1,70,,337123,,,1,27,,337127,0,43,1,70,,337144,,,1,26,,337132,0,43,1,74,,337146,,,1,26,,337124,0,43,1,74,,337130,,,1,24,,24536,0,43,1,74,,337141,,,1,98,,337142,,,1
67700,'10',725,,342356,,,1
67700,'12',725,,342358,,,1
67700,'14',725,,342360,,,1
67700,'18',725,,342362,,,1
67700,'21',725,,342364,,,1
67700,'22',725,,342366,,,1
67700,'4',725,,342368,,,1
67700,'8',725,,342370,,,1
68201,'10',1605,,342531,,,1,6,,342532,,,1
68201,'12',1605,,342533,,,1,6,,342534,,,1
68201,'14',1605,,342535,,,1,6,,342536,,,1
68201,'18',1605,,342537,,,1,6,,342538,,,1
68201,'21',1605,,342539,,,1,6,,342540,,,1
68201,'22',1605,,342541,,,1,6,,342542,,,1
68201,'4',1605,,342543,,,1,6,,342544,,,1
68201,'8',1605,,109066,,,1,6,,159962,,,1
68501,'10',1557,,342638,,,1
68501,'12',1557,,342639,,,1
68501,'14',1557,,342640,,,1
68501,'18',1557,,342641,,,1
68501,'21',1557,,342642,,,1
68501,'22',1557,,342643,,,1
68501,'4',1557,,342644,,,1
68501,'8',1557,,342645,,,1
69600,'10',815,,342769,,,1,3,,342768,,,1,4,,183507,,,1
69600,'12',815,,342771,,,1,3,,342770,,,1,4,,183057,,,1
69600,'14',815,,342773,,,1,3,,342772,,,1,4,,183312,,,1
69600,'18',815,,342775,,,1,3,,342774,,,1,4,,183451,,,1
69600,'21',815,,342777,,,1,3,,342776,,,1,4,,183138,,,1
69600,'22',815,,342779,,,1,3,,342778,,,1,4,,183086,,,1
69600,'4',815,,342782,,,1,3,,342780,,,1,4,,342781,,,1
69600,'8',815,,342785,,,1,3,,342783,,,1,4,,342784,,,1
