3501,'1',952,,34337,7,,,1,71,,34348,7,,,1,30,,34332,7,,,1,70,,34331,7,,,1,30,,34336,7,,,1,71,,34335,7,,,1,30,,34338,7,,,1,70,,34350,7,,,1,30,,34341,7,,,1,70,,34347,7,,,1,30,,34339,7,,,1,70,,34344,7,,,1,30,,34346,7,,,1,70,,34345,7,,,1,30,,34349,7,,,1,70,,34343,7,,,1,30,,34334,7,,,1,99,,34333,7,,,1,100,,34340,7,,,1,100,,34342,7,,,1,100,,34329,7,,,1,100,,34330,7,,,1
3501,'10',627,,34383,7,,,1,89,,34361,4,0,52 53,1,12,,34368,7,,,1,90,,34381,4,0,31 32,1,3,,34369,4,0,31 32,1,9,,34357,7,,,1,71,,34384,7,,,1,31,,34367,4,,,1,70,,34373,4,,,1,30,,34355,4,,,1,71,,34366,4,,,1,29,,34360,4,,,1,70,,34388,4,,,1,30,,34363,4,,,1,69,,34379,4,,,1,29,,34356,4,,,1,29,,34365,4,,,1,70,,34378,4,,,1,28,,34370,4,,,1,70,,34359,7,,,1,27,,34374,22,0,33 34,1,5,,34364,7,,,1,98,,34386,7,,,1,70,,34371,7,,,1,74,,34382,7,,,1,30,,34380,7,,,1,70,,34377,4,,,1,30,,34362,4,,,1,70,,34387,4,,,1,30,,34385,4,,,1,70,,34376,4,,,1,30,,34352,4,,,1,72,,34358,4,,,1,28,,34372,4,,,1,97,,34354,4,,,1,97,,34375,4,,,1
3501,'11',627,,34421,7,,,1,89,,34399,4,0,52 53,1,12,,34406,7,,,1,90,,34419,4,0,31 32,1,3,,34407,4,0,31 32,1,9,,34395,7,,,1,71,,34422,7,,,1,31,,34405,4,,,1,70,,34411,4,,,1,30,,34393,4,,,1,71,,34404,4,,,1,29,,34398,4,,,1,70,,34426,4,,,1,30,,34401,4,,,1,69,,34417,4,,,1,29,,34394,4,,,1,29,,34403,4,,,1,70,,34416,4,,,1,28,,34408,4,,,1,70,,34397,7,,,1,27,,34412,22,0,33 34,1,5,,34402,7,,,1,98,,34424,7,,,1,70,,34409,7,,,1,74,,34420,7,,,1,30,,34418,7,,,1,70,,34415,4,,,1,30,,34400,4,,,1,70,,34425,4,,,1,30,,34423,4,,,1,70,,34414,4,,,1,30,,34390,4,,,1,72,,34396,4,,,1,28,,34410,4,,,1,97,,34392,4,,,1,97,,34413,4,,,1
3501,'12',627,,34459,7,,,1,89,,34437,4,0,52 53,1,12,,34444,7,,,1,90,,34457,4,0,31 32,1,3,,34445,4,0,31 32,1,9,,34433,7,,,1,71,,34460,7,,,1,31,,34443,4,,,1,70,,34449,4,,,1,30,,34431,4,,,1,71,,34442,4,,,1,29,,34436,4,,,1,70,,34464,4,,,1,30,,34439,4,,,1,69,,34455,4,,,1,29,,34432,4,,,1,29,,34441,4,,,1,70,,34454,4,,,1,28,,34446,4,,,1,70,,34435,7,,,1,27,,34450,22,0,33 34,1,5,,34440,7,,,1,98,,34462,7,,,1,70,,34447,7,,,1,74,,34458,7,,,1,30,,34456,7,,,1,70,,34453,4,,,1,30,,34438,4,,,1,70,,34463,4,,,1,30,,34461,4,,,1,70,,34452,4,,,1,30,,34428,4,,,1,72,,34434,4,,,1,28,,34448,4,,,1,97,,34430,4,,,1,97,,34451,4,,,1
3501,'13',627,,34465,7,,,1,101,,34476,7,,,1,103,,34471,7,,,1,72,,34487,7,,,1,29,,34486,4,,,1,70,,34474,4,,,1,30,,34473,4,,,1,71,,34484,4,,,1,29,,34482,4,,,1,70,,34497,4,,,1,30,,34469,4,,,1,69,,34470,4,,,1,29,,34485,4,,,1,29,,34478,4,,,1,70,,34490,4,,,1,28,,34480,4,,,1,70,,34491,7,,,1,30,,34467,7,,,1,70,,34468,7,,,1,30,,34481,7,,,1,70,,34477,7,,,1,74,,34488,7,,,1,30,,34466,7,,,1,70,,34475,4,,,1,30,,34472,4,,,1,70,,34483,4,,,1,30,,34479,4,,,1,70,,34489,4,,,1,30,,34495,4,,,1,72,,34494,4,,,1,28,,34492,4,,,1,97,,34496,4,,,1,97,,34493,4,,,1
3501,'14',825,,34524,7,,,1,30,,34526,7,,,1,70,,34501,7,,,1,30,,34505,7,,,1,70,,34520,7,,,1,30,,34522,7,,,1,70,,34503,7,,,1,30,,34499,7,,,1,70,,34516,7,,,1,30,,34511,7,,,1,70,,34498,7,,,1,30,,34519,7,,,1,70,,34523,7,,,1,30,,34517,7,,,1,70,,34513,7,,,1,30,,34500,7,,,1,70,,34510,7,,,1,30,,34509,7,,,1,70,,34527,7,,,1,30,,34507,7,,,1,70,,34515,7,,,1,30,,34518,7,,,1,70,,34521,7,,,1,30,,34502,7,,,1,70,,34525,7,,,1,30,,34514,7,,,1,70,,34506,7,,,1,30,,34512,7,,,1,100,,34504,7,,,1,154,,34508,7,,,1
3501,'15',627,,34560,7,,,1,89,,34538,4,0,52 53,1,12,,34545,7,,,1,90,,34558,4,0,31 32,1,3,,34546,4,0,31 32,1,9,,34534,7,,,1,71,,34561,7,,,1,31,,34544,4,,,1,70,,34550,4,,,1,30,,34532,4,,,1,71,,34543,4,,,1,29,,34537,4,,,1,70,,34565,4,,,1,30,,34540,4,,,1,69,,34556,4,,,1,29,,34533,4,,,1,29,,34542,4,,,1,70,,34555,4,,,1,28,,34547,4,,,1,70,,34536,7,,,1,27,,34551,22,0,33 34,1,5,,34541,7,,,1,98,,34563,7,,,1,70,,34548,7,,,1,74,,34559,7,,,1,30,,34557,7,,,1,70,,34554,4,,,1,30,,34539,4,,,1,70,,34564,4,,,1,30,,34562,4,,,1,70,,34553,4,,,1,30,,34529,4,,,1,72,,34535,4,,,1,28,,34549,4,,,1,97,,34531,4,,,1,97,,34552,4,,,1
3501,'16',627,,34598,7,,,1,89,,34576,4,0,52 53,1,12,,34583,7,,,1,90,,34596,4,0,31 32,1,3,,34584,4,0,31 32,1,9,,34572,7,,,1,71,,34599,7,,,1,31,,34582,4,,,1,70,,34588,4,,,1,30,,34570,4,,,1,71,,34581,4,,,1,29,,34575,4,,,1,70,,34603,4,,,1,30,,34578,4,,,1,69,,34594,4,,,1,29,,34571,4,,,1,29,,34580,4,,,1,70,,34593,4,,,1,28,,34585,4,,,1,70,,34574,7,,,1,27,,34589,22,0,33 34,1,5,,34579,7,,,1,98,,34601,7,,,1,70,,34586,7,,,1,74,,34597,7,,,1,30,,34595,7,,,1,70,,34592,4,,,1,30,,34577,4,,,1,70,,34602,4,,,1,30,,34600,4,,,1,70,,34591,4,,,1,30,,34567,4,,,1,72,,34573,4,,,1,28,,34587,4,,,1,97,,34569,4,,,1,97,,34590,4,,,1
3501,'17',627,,34604,7,,,1,101,,34615,7,,,1,103,,34610,7,,,1,72,,34626,7,,,1,29,,34625,4,,,1,70,,34613,4,,,1,30,,34612,4,,,1,71,,34623,4,,,1,29,,34621,4,,,1,70,,34636,4,,,1,30,,34608,4,,,1,69,,34609,4,,,1,29,,34624,4,,,1,29,,34617,4,,,1,70,,34629,4,,,1,28,,34619,4,,,1,70,,34630,7,,,1,30,,34606,7,,,1,70,,34607,7,,,1,30,,34620,7,,,1,70,,34616,7,,,1,74,,34627,7,,,1,30,,34605,7,,,1,70,,34614,4,,,1,30,,34611,4,,,1,70,,34622,4,,,1,30,,34618,4,,,1,70,,34628,4,,,1,30,,34634,4,,,1,72,,34633,4,,,1,28,,34631,4,,,1,97,,34635,4,,,1,97,,34632,4,,,1
3501,'18',627,,34653,7,,,1,101,,34668,7,,,1,103,,34667,7,,,1,70,,34664,7,,,1,31,,34665,4,,,1,70,,34661,4,,,1,30,,34638,4,,,1,71,,34641,4,,,1,29,,34659,4,,,1,70,,34637,4,,,1,30,,34644,4,,,1,69,,34657,4,,,1,29,,34643,4,,,1,29,,34663,4,,,1,70,,34651,4,,,1,28,,34650,4,,,1,70,,34655,7,,,1,30,,34639,7,,,1,70,,34656,7,,,1,30,,34666,7,,,1,70,,34648,7,,,1,74,,34660,7,,,1,30,,34662,7,,,1,70,,34649,4,,,1,30,,34645,4,,,1,70,,34652,4,,,1,30,,34642,4,,,1,70,,34658,4,,,1,30,,34640,4,,,1,72,,34654,4,,,1,28,,34646,4,,,1,97,,34647,4,,,1,97,,34669,4,,,1
3501,'19',627,,34670,7,,,1,101,,34681,7,,,1,103,,34676,7,,,1,72,,34692,7,,,1,29,,34691,4,,,1,70,,34679,4,,,1,30,,34678,4,,,1,71,,34689,4,,,1,29,,34687,4,,,1,70,,34702,4,,,1,30,,34674,4,,,1,69,,34675,4,,,1,29,,34690,4,,,1,29,,34683,4,,,1,70,,34695,4,,,1,28,,34685,4,,,1,70,,34696,7,,,1,30,,34672,7,,,1,70,,34673,7,,,1,30,,34686,7,,,1,70,,34682,7,,,1,74,,34693,7,,,1,30,,34671,7,,,1,70,,34680,4,,,1,30,,34677,4,,,1,70,,34688,4,,,1,30,,34684,4,,,1,70,,34694,4,,,1,30,,34700,4,,,1,72,,34699,4,,,1,28,,34697,4,,,1,97,,34701,4,,,1,97,,34698,4,,,1
3501,'2',952,,34711,7,,,1,71,,34722,7,,,1,30,,34706,7,,,1,70,,34705,7,,,1,30,,34710,7,,,1,71,,34709,7,,,1,30,,34712,7,,,1,70,,34724,7,,,1,30,,34715,7,,,1,70,,34721,7,,,1,30,,34713,7,,,1,70,,34718,7,,,1,30,,34720,7,,,1,70,,34719,7,,,1,30,,34723,7,,,1,70,,34717,7,,,1,30,,34708,7,,,1,99,,34707,7,,,1,100,,34714,7,,,1,100,,34716,7,,,1,100,,34703,7,,,1,100,,34704,7,,,1
3501,'3',627,,34757,7,,,1,89,,34735,4,0,52 53,1,12,,34742,7,,,1,90,,34755,4,0,31 32,1,3,,34743,4,0,31 32,1,9,,34731,7,,,1,71,,34758,7,,,1,31,,34741,4,,,1,70,,34747,4,,,1,30,,34729,4,,,1,71,,34740,4,,,1,29,,34734,4,,,1,70,,34762,4,,,1,30,,34737,4,,,1,69,,34753,4,,,1,29,,34730,4,,,1,29,,34739,4,,,1,70,,34752,4,,,1,28,,34744,4,,,1,70,,34733,7,,,1,27,,34748,22,0,33 34,1,5,,34738,7,,,1,98,,34760,7,,,1,70,,34745,7,,,1,74,,34756,7,,,1,30,,34754,7,,,1,70,,34751,4,,,1,30,,34736,4,,,1,70,,34761,4,,,1,30,,34759,4,,,1,70,,34750,4,,,1,30,,34726,4,,,1,72,,34732,4,,,1,28,,34746,4,,,1,97,,34728,4,,,1,97,,34749,4,,,1
3501,'4',627,,34795,7,,,1,89,,34773,4,0,52 53,1,12,,34780,7,,,1,90,,34793,4,0,31 32,1,3,,34781,4,0,31 32,1,9,,34769,7,,,1,71,,34796,7,,,1,31,,34779,4,,,1,70,,34785,4,,,1,30,,34767,4,,,1,71,,34778,4,,,1,29,,34772,4,,,1,70,,34800,4,,,1,30,,34775,4,,,1,69,,34791,4,,,1,29,,34768,4,,,1,29,,34777,4,,,1,70,,34790,4,,,1,28,,34782,4,,,1,70,,34771,7,,,1,27,,34786,22,0,33 34,1,5,,34776,7,,,1,98,,34798,7,,,1,70,,34783,7,,,1,74,,34794,7,,,1,30,,34792,7,,,1,70,,34789,4,,,1,30,,34774,4,,,1,70,,34799,4,,,1,30,,34797,4,,,1,70,,34788,4,,,1,30,,34764,4,,,1,72,,34770,4,,,1,28,,34784,4,,,1,97,,34766,4,,,1,97,,34787,4,,,1
3501,'5',627,,34801,7,,,1,101,,34812,7,,,1,103,,34807,7,,,1,72,,34823,7,,,1,29,,34822,4,,,1,70,,34810,4,,,1,30,,34809,4,,,1,71,,34820,4,,,1,29,,34818,4,,,1,70,,34833,4,,,1,30,,34805,4,,,1,69,,34806,4,,,1,29,,34821,4,,,1,29,,34814,4,,,1,70,,34826,4,,,1,28,,34816,4,,,1,70,,34827,7,,,1,30,,34803,7,,,1,70,,34804,7,,,1,30,,34817,7,,,1,70,,34813,7,,,1,74,,34824,7,,,1,30,,34802,7,,,1,70,,34811,4,,,1,30,,34808,4,,,1,70,,34819,4,,,1,30,,34815,4,,,1,70,,34825,4,,,1,30,,34831,4,,,1,72,,34830,4,,,1,28,,34828,4,,,1,97,,34832,4,,,1,97,,34829,4,,,1
3501,'6',627,,34866,7,,,1,89,,34844,4,0,52 53,1,12,,34851,7,,,1,90,,34864,4,0,31 32,1,3,,34852,4,0,31 32,1,9,,34840,7,,,1,71,,34867,7,,,1,31,,34850,4,,,1,70,,34856,4,,,1,30,,34838,4,,,1,71,,34849,4,,,1,29,,34843,4,,,1,70,,34871,4,,,1,30,,34846,4,,,1,69,,34862,4,,,1,29,,34839,4,,,1,29,,34848,4,,,1,70,,34861,4,,,1,28,,34853,4,,,1,70,,34842,7,,,1,27,,34857,22,0,33 34,1,5,,34847,7,,,1,98,,34869,7,,,1,70,,34854,7,,,1,74,,34865,7,,,1,30,,34863,7,,,1,70,,34860,4,,,1,30,,34845,4,,,1,70,,34870,4,,,1,30,,34868,4,,,1,70,,34859,4,,,1,30,,34835,4,,,1,72,,34841,4,,,1,28,,34855,4,,,1,97,,34837,4,,,1,97,,34858,4,,,1
3501,'7',627,,34872,7,,,1,101,,34883,7,,,1,103,,34878,7,,,1,72,,34894,7,,,1,29,,34893,4,,,1,70,,34881,4,,,1,30,,34880,4,,,1,71,,34891,4,,,1,29,,34889,4,,,1,70,,34904,4,,,1,30,,34876,4,,,1,69,,34877,4,,,1,29,,34892,4,,,1,29,,34885,4,,,1,70,,34897,4,,,1,28,,34887,4,,,1,70,,34898,7,,,1,30,,34874,7,,,1,70,,34875,7,,,1,30,,34888,7,,,1,70,,34884,7,,,1,74,,34895,7,,,1,30,,34873,7,,,1,70,,34882,4,,,1,30,,34879,4,,,1,70,,34890,4,,,1,30,,34886,4,,,1,70,,34896,4,,,1,30,,34902,4,,,1,72,,34901,4,,,1,28,,34899,4,,,1,97,,34903,4,,,1,97,,34900,4,,,1
3501,'8',825,,34931,7,,,1,30,,34933,7,,,1,70,,34908,7,,,1,30,,34912,7,,,1,70,,34927,7,,,1,30,,34929,7,,,1,70,,34910,7,,,1,30,,34906,7,,,1,70,,34923,7,,,1,30,,34918,7,,,1,70,,34905,7,,,1,30,,34926,7,,,1,70,,34930,7,,,1,30,,34924,7,,,1,70,,34920,7,,,1,30,,34907,7,,,1,70,,34917,7,,,1,30,,34916,7,,,1,70,,34934,7,,,1,30,,34914,7,,,1,70,,34922,7,,,1,30,,34925,7,,,1,70,,34928,7,,,1,30,,34909,7,,,1,70,,34932,7,,,1,30,,34921,7,,,1,70,,34913,7,,,1,30,,34919,7,,,1,100,,34911,7,,,1,154,,34915,7,,,1
3501,'9',952,,34943,7,,,1,71,,34954,7,,,1,30,,34938,7,,,1,70,,34937,7,,,1,30,,34942,7,,,1,71,,34941,7,,,1,30,,34944,7,,,1,70,,34956,7,,,1,30,,34947,7,,,1,70,,34953,7,,,1,30,,34945,7,,,1,70,,34950,7,,,1,30,,34952,7,,,1,70,,34951,7,,,1,30,,34955,7,,,1,70,,34949,7,,,1,30,,34940,7,,,1,99,,34939,7,,,1,100,,34946,7,,,1,100,,34948,7,,,1,100,,34935,7,,,1,100,,34936,7,,,1
3601,'1',812,,35592,4,,,1,100,,35606,4,,,1,100,,35598,4,,,1,30,,35600,4,,,1,70,,35585,4,,,1,30,,35593,4,,,1,70,,35594,4,,,1,30,,35588,4,,,1,70,,35596,4,,,1,30,,35604,4,,,1,70,,35601,4,,,1,30,,35587,4,,,1,70,,35599,4,,,1,30,,35603,4,,,1,70,,35605,4,,,1,30,,35590,4,,,1,70,,35602,4,,,1,30,,35597,4,,,1,70,,35591,4,,,1,30,,35589,4,,,1,70,,35595,4,,,1,30,,35607,4,,,1,100,,35586,4,,,1
3601,'10',635,,35639,4,,,1,70,,35615,4,,,1,29,,35609,4,,,1,71,,35632,4,,,1,30,,35627,4,,,1,70,,35619,4,,,1,30,,35631,4,,,1,70,,35633,4,,,1,30,,35625,4,,,1,70,,35629,4,,,1,30,,35640,4,,,1,70,,35616,4,,,1,30,,35641,4,,,1,70,,35617,4,,,1,30,,35608,4,,,1,70,,35637,4,,,1,30,,35611,4,,,1,70,,35614,4,,,1,30,,35612,4,,,1,70,,35634,4,,,1,30,,35621,4,,,1,70,,35610,4,,,1,30,,35622,4,,,1,70,,35630,4,,,1,30,,35618,4,,,1,70,,35626,4,,,1,30,,35624,4,,,1,70,,35638,4,,,1,30,,35613,4,,,1,70,,35620,4,,,1,30,,35623,4,,,1,100,,35636,4,,,1,100,,35635,4,,,1
3601,'11',635,,35673,4,,,1,70,,35649,4,,,1,29,,35643,4,,,1,71,,35666,4,,,1,30,,35661,4,,,1,70,,35653,4,,,1,30,,35665,4,,,1,70,,35667,4,,,1,30,,35659,4,,,1,70,,35663,4,,,1,30,,35674,4,,,1,70,,35650,4,,,1,30,,35675,4,,,1,70,,35651,4,,,1,30,,35642,4,,,1,70,,35671,4,,,1,30,,35645,4,,,1,70,,35648,4,,,1,30,,35646,4,,,1,70,,35668,4,,,1,30,,35655,4,,,1,70,,35644,4,,,1,30,,35656,4,,,1,70,,35664,4,,,1,30,,35652,4,,,1,70,,35660,4,,,1,30,,35658,4,,,1,70,,35672,4,,,1,30,,35647,4,,,1,70,,35654,4,,,1,30,,35657,4,,,1,100,,35670,4,,,1,100,,35669,4,,,1
3601,'12',635,,35707,4,,,1,70,,35683,4,,,1,29,,35677,4,,,1,71,,35700,4,,,1,30,,35695,4,,,1,70,,35687,4,,,1,30,,35699,4,,,1,70,,35701,4,,,1,30,,35693,4,,,1,70,,35697,4,,,1,30,,35708,4,,,1,70,,35684,4,,,1,30,,35709,4,,,1,70,,35685,4,,,1,30,,35676,4,,,1,70,,35705,4,,,1,30,,35679,4,,,1,70,,35682,4,,,1,30,,35680,4,,,1,70,,35702,4,,,1,30,,35689,4,,,1,70,,35678,4,,,1,30,,35690,4,,,1,70,,35698,4,,,1,30,,35686,4,,,1,70,,35694,4,,,1,30,,35692,4,,,1,70,,35706,4,,,1,30,,35681,4,,,1,70,,35688,4,,,1,30,,35691,4,,,1,100,,35704,4,,,1,100,,35703,4,,,1
3601,'13',635,,35742,4,,,1,70,,35741,4,,,1,29,,35737,4,,,1,71,,35734,4,,,1,30,,35714,4,,,1,70,,35713,4,,,1,30,,35721,4,,,1,70,,35725,4,,,1,30,,35712,4,,,1,70,,35730,4,,,1,30,,35711,4,,,1,70,,35727,4,,,1,30,,35728,4,,,1,70,,35718,4,,,1,30,,35738,4,,,1,70,,35717,4,,,1,30,,35722,4,,,1,70,,35729,4,,,1,30,,35724,4,,,1,70,,35716,4,,,1,30,,35731,4,,,1,70,,35723,4,,,1,30,,35710,4,,,1,70,,35719,4,,,1,30,,35736,4,,,1,70,,35739,4,,,1,30,,35733,4,,,1,70,,35715,4,,,1,30,,35726,4,,,1,70,,35720,4,,,1,30,,35735,4,,,1,100,,35732,4,,,1,100,,35740,4,,,1
3601,'14',637,,35748,4,,,1,100,,35752,4,,,1,70,,35764,4,,,1,30,,35750,4,,,1,70,,35758,4,,,1,30,,35773,4,,,1,70,,35747,4,,,1,30,,35763,4,,,1,70,,35746,4,,,1,30,,35745,4,,,1,70,,35766,4,,,1,30,,35749,4,,,1,70,,35765,4,,,1,30,,35768,4,,,1,70,,35755,4,,,1,30,,35751,4,,,1,70,,35767,4,,,1,30,,35757,4,,,1,70,,35743,4,,,1,30,,35772,4,,,1,70,,35754,4,,,1,30,,35771,4,,,1,70,,35756,4,,,1,30,,35761,4,,,1,70,,35760,4,,,1,30,,35744,4,,,1,70,,35769,4,,,1,30,,35762,4,,,1,70,,35770,4,,,1,100,,35759,4,,,1,100,,35753,4,,,1
3601,'15',635,,35805,4,,,1,70,,35781,4,,,1,29,,35775,4,,,1,71,,35798,4,,,1,30,,35793,4,,,1,70,,35785,4,,,1,30,,35797,4,,,1,70,,35799,4,,,1,30,,35791,4,,,1,70,,35795,4,,,1,30,,35806,4,,,1,70,,35782,4,,,1,30,,35807,4,,,1,70,,35783,4,,,1,30,,35774,4,,,1,70,,35803,4,,,1,30,,35777,4,,,1,70,,35780,4,,,1,30,,35778,4,,,1,70,,35800,4,,,1,30,,35787,4,,,1,70,,35776,4,,,1,30,,35788,4,,,1,70,,35796,4,,,1,30,,35784,4,,,1,70,,35792,4,,,1,30,,35790,4,,,1,70,,35804,4,,,1,30,,35779,4,,,1,70,,35786,4,,,1,30,,35789,4,,,1,100,,35802,4,,,1,100,,35801,4,,,1
3601,'16',635,,35839,4,,,1,70,,35815,4,,,1,29,,35809,4,,,1,71,,35832,4,,,1,30,,35827,4,,,1,70,,35819,4,,,1,30,,35831,4,,,1,70,,35833,4,,,1,30,,35825,4,,,1,70,,35829,4,,,1,30,,35840,4,,,1,70,,35816,4,,,1,30,,35841,4,,,1,70,,35817,4,,,1,30,,35808,4,,,1,70,,35837,4,,,1,30,,35811,4,,,1,70,,35814,4,,,1,30,,35812,4,,,1,70,,35834,4,,,1,30,,35821,4,,,1,70,,35810,4,,,1,30,,35822,4,,,1,70,,35830,4,,,1,30,,35818,4,,,1,70,,35826,4,,,1,30,,35824,4,,,1,70,,35838,4,,,1,30,,35813,4,,,1,70,,35820,4,,,1,30,,35823,4,,,1,100,,35836,4,,,1,100,,35835,4,,,1
3601,'17',635,,35874,4,,,1,70,,35873,4,,,1,29,,35869,4,,,1,71,,35866,4,,,1,30,,35846,4,,,1,70,,35845,4,,,1,30,,35853,4,,,1,70,,35857,4,,,1,30,,35844,4,,,1,70,,35862,4,,,1,30,,35843,4,,,1,70,,35859,4,,,1,30,,35860,4,,,1,70,,35850,4,,,1,30,,35870,4,,,1,70,,35849,4,,,1,30,,35854,4,,,1,70,,35861,4,,,1,30,,35856,4,,,1,70,,35848,4,,,1,30,,35863,4,,,1,70,,35855,4,,,1,30,,35842,4,,,1,70,,35851,4,,,1,30,,35868,4,,,1,70,,35871,4,,,1,30,,35865,4,,,1,70,,35847,4,,,1,30,,35858,4,,,1,70,,35852,4,,,1,30,,35867,4,,,1,100,,35864,4,,,1,100,,35872,4,,,1
3601,'18',635,,35902,4,,,1,70,,35880,4,,,1,29,,35903,4,,,1,71,,35885,4,,,1,30,,35876,4,,,1,70,,35886,4,,,1,30,,35884,4,,,1,70,,35887,4,,,1,30,,35879,4,,,1,70,,35900,4,,,1,30,,35890,4,,,1,70,,35881,4,,,1,30,,35901,4,,,1,70,,35905,4,,,1,30,,35882,4,,,1,70,,35883,4,,,1,30,,35894,4,,,1,70,,35897,4,,,1,30,,35899,4,,,1,70,,35896,4,,,1,30,,35888,4,,,1,70,,35904,4,,,1,30,,35875,4,,,1,70,,35877,4,,,1,30,,35878,4,,,1,70,,35898,4,,,1,30,,35907,4,,,1,70,,35889,4,,,1,30,,35906,4,,,1,70,,35895,4,,,1,30,,35892,4,,,1,100,,35891,4,,,1,100,,35893,4,,,1
3601,'19',635,,35940,4,,,1,70,,35939,4,,,1,29,,35935,4,,,1,71,,35932,4,,,1,30,,35912,4,,,1,70,,35911,4,,,1,30,,35919,4,,,1,70,,35923,4,,,1,30,,35910,4,,,1,70,,35928,4,,,1,30,,35909,4,,,1,70,,35925,4,,,1,30,,35926,4,,,1,70,,35916,4,,,1,30,,35936,4,,,1,70,,35915,4,,,1,30,,35920,4,,,1,70,,35927,4,,,1,30,,35922,4,,,1,70,,35914,4,,,1,30,,35929,4,,,1,70,,35921,4,,,1,30,,35908,4,,,1,70,,35917,4,,,1,30,,35934,4,,,1,70,,35937,4,,,1,30,,35931,4,,,1,70,,35913,4,,,1,30,,35924,4,,,1,70,,35918,4,,,1,30,,35933,4,,,1,100,,35930,4,,,1,100,,35938,4,,,1
3601,'2',812,,35948,4,,,1,100,,35962,4,,,1,100,,35954,4,,,1,30,,35956,4,,,1,70,,35941,4,,,1,30,,35949,4,,,1,70,,35950,4,,,1,30,,35944,4,,,1,70,,35952,4,,,1,30,,35960,4,,,1,70,,35957,4,,,1,30,,35943,4,,,1,70,,35955,4,,,1,30,,35959,4,,,1,70,,35961,4,,,1,30,,35946,4,,,1,70,,35958,4,,,1,30,,35953,4,,,1,70,,35947,4,,,1,30,,35945,4,,,1,70,,35951,4,,,1,30,,35963,4,,,1,100,,35942,4,,,1
3601,'3',635,,35995,4,,,1,70,,35971,4,,,1,29,,35965,4,,,1,71,,35988,4,,,1,30,,35983,4,,,1,70,,35975,4,,,1,30,,35987,4,,,1,70,,35989,4,,,1,30,,35981,4,,,1,70,,35985,4,,,1,30,,35996,4,,,1,70,,35972,4,,,1,30,,35997,4,,,1,70,,35973,4,,,1,30,,35964,4,,,1,70,,35993,4,,,1,30,,35967,4,,,1,70,,35970,4,,,1,30,,35968,4,,,1,70,,35990,4,,,1,30,,35977,4,,,1,70,,35966,4,,,1,30,,35978,4,,,1,70,,35986,4,,,1,30,,35974,4,,,1,70,,35982,4,,,1,30,,35980,4,,,1,70,,35994,4,,,1,30,,35969,4,,,1,70,,35976,4,,,1,30,,35979,4,,,1,100,,35992,4,,,1,100,,35991,4,,,1
3601,'4',635,,36029,4,,,1,70,,36005,4,,,1,29,,35999,4,,,1,71,,36022,4,,,1,30,,36017,4,,,1,70,,36009,4,,,1,30,,36021,4,,,1,70,,36023,4,,,1,30,,36015,4,,,1,70,,36019,4,,,1,30,,36030,4,,,1,70,,36006,4,,,1,30,,36031,4,,,1,70,,36007,4,,,1,30,,35998,4,,,1,70,,36027,4,,,1,30,,36001,4,,,1,70,,36004,4,,,1,30,,36002,4,,,1,70,,36024,4,,,1,30,,36011,4,,,1,70,,36000,4,,,1,30,,36012,4,,,1,70,,36020,4,,,1,30,,36008,4,,,1,70,,36016,4,,,1,30,,36014,4,,,1,70,,36028,4,,,1,30,,36003,4,,,1,70,,36010,4,,,1,30,,36013,4,,,1,100,,36026,4,,,1,100,,36025,4,,,1
3601,'5',635,,36064,4,,,1,70,,36063,4,,,1,29,,36059,4,,,1,71,,36056,4,,,1,30,,36036,4,,,1,70,,36035,4,,,1,30,,36043,4,,,1,70,,36047,4,,,1,30,,36034,4,,,1,70,,36052,4,,,1,30,,36033,4,,,1,70,,36049,4,,,1,30,,36050,4,,,1,70,,36040,4,,,1,30,,36060,4,,,1,70,,36039,4,,,1,30,,36044,4,,,1,70,,36051,4,,,1,30,,36046,4,,,1,70,,36038,4,,,1,30,,36053,4,,,1,70,,36045,4,,,1,30,,36032,4,,,1,70,,36041,4,,,1,30,,36058,4,,,1,70,,36061,4,,,1,30,,36055,4,,,1,70,,36037,4,,,1,30,,36048,4,,,1,70,,36042,4,,,1,30,,36057,4,,,1,100,,36054,4,,,1,100,,36062,4,,,1
3601,'6',635,,36096,4,,,1,70,,36072,4,,,1,29,,36066,4,,,1,71,,36089,4,,,1,30,,36084,4,,,1,70,,36076,4,,,1,30,,36088,4,,,1,70,,36090,4,,,1,30,,36082,4,,,1,70,,36086,4,,,1,30,,36097,4,,,1,70,,36073,4,,,1,30,,36098,4,,,1,70,,36074,4,,,1,30,,36065,4,,,1,70,,36094,4,,,1,30,,36068,4,,,1,70,,36071,4,,,1,30,,36069,4,,,1,70,,36091,4,,,1,30,,36078,4,,,1,70,,36067,4,,,1,30,,36079,4,,,1,70,,36087,4,,,1,30,,36075,4,,,1,70,,36083,4,,,1,30,,36081,4,,,1,70,,36095,4,,,1,30,,36070,4,,,1,70,,36077,4,,,1,30,,36080,4,,,1,100,,36093,4,,,1,100,,36092,4,,,1
3601,'7',635,,36131,4,,,1,70,,36130,4,,,1,29,,36126,4,,,1,71,,36123,4,,,1,30,,36103,4,,,1,70,,36102,4,,,1,30,,36110,4,,,1,70,,36114,4,,,1,30,,36101,4,,,1,70,,36119,4,,,1,30,,36100,4,,,1,70,,36116,4,,,1,30,,36117,4,,,1,70,,36107,4,,,1,30,,36127,4,,,1,70,,36106,4,,,1,30,,36111,4,,,1,70,,36118,4,,,1,30,,36113,4,,,1,70,,36105,4,,,1,30,,36120,4,,,1,70,,36112,4,,,1,30,,36099,4,,,1,70,,36108,4,,,1,30,,36125,4,,,1,70,,36128,4,,,1,30,,36122,4,,,1,70,,36104,4,,,1,30,,36115,4,,,1,70,,36109,4,,,1,30,,36124,4,,,1,100,,36121,4,,,1,100,,36129,4,,,1
3601,'8',637,,36137,4,,,1,100,,36141,4,,,1,70,,36153,4,,,1,30,,36139,4,,,1,70,,36147,4,,,1,30,,36162,4,,,1,70,,36136,4,,,1,30,,36152,4,,,1,70,,36135,4,,,1,30,,36134,4,,,1,70,,36155,4,,,1,30,,36138,4,,,1,70,,36154,4,,,1,30,,36157,4,,,1,70,,36144,4,,,1,30,,36140,4,,,1,70,,36156,4,,,1,30,,36146,4,,,1,70,,36132,4,,,1,30,,36161,4,,,1,70,,36143,4,,,1,30,,36160,4,,,1,70,,36145,4,,,1,30,,36150,4,,,1,70,,36149,4,,,1,30,,36133,4,,,1,70,,36158,4,,,1,30,,36151,4,,,1,70,,36159,4,,,1,100,,36148,4,,,1,100,,36142,4,,,1
3601,'9',812,,36170,4,,,1,100,,36184,4,,,1,100,,36176,4,,,1,30,,36178,4,,,1,70,,36163,4,,,1,30,,36171,4,,,1,70,,36172,4,,,1,30,,36166,4,,,1,70,,36174,4,,,1,30,,36182,4,,,1,70,,36179,4,,,1,30,,36165,4,,,1,70,,36177,4,,,1,30,,36181,4,,,1,70,,36183,4,,,1,30,,36168,4,,,1,70,,36180,4,,,1,30,,36175,4,,,1,70,,36169,4,,,1,30,,36167,4,,,1,70,,36173,4,,,1,30,,36185,4,,,1,100,,36164,4,,,1
30201,'16',1447,,118123,6,,,1
30201,'5',1447,,118124,6,,,1
