6300,'1',537,,340518,22,,,0,75,,340516,22,,,0,22,,340505,21,,,0,16,,340499,21,,,0,56,,340486,21,,,0,15,,340480,21,,,0,14,,340496,21,,,0,14,,340490,21,,,0,58,,340484,21,,,0,17,,340500,21,,,0,30,,340514,21,,,0,68,,340515,21,,,0,28,,340502,21,,,0,70,,340485,21,,,0,30,,340498,21,,,0,70,,226300,21,,,0,30,,340483,21,,,0,71,,283298,21,,,0,26,,140564,21,,,0,70,,200572,21,,,0,33,,340492,21,,,0,68,,340504,21,,,0,516,,244213,21,,,0,70,,264527,21,,,0,30,,340510,21,,,0,70,,340501,21,,,0,30,,340495,21,,,0,70,,340506,21,,,0,29,,340489,21,,,0,70,,340488,21,,,0,30,,340507,21,,,0,79,,340509,22,,,0
6300,'10',704,,340538,21,,,0,30,,340531,21,,,0,70,,340534,21,,,0,31,,340523,21,,,0,70,,340530,21,,,0,30,,340522,21,,,0,70,,340546,21,,,0,31,,138734,21,,,0,70,,340537,21,,,0,30,,278769,21,,,0,70,,340535,21,,,0,30,,287687,21,,,0,70,,340526,21,,,0,30,,340541,21,,,0,70,,340527,21,,,0,30,,340533,21,,,0,70,,340540,21,,,0,31,,340542,21,,,0,69,,340545,21,,,0,30,,340544,21,,,0,70,,340525,21,,,0,30,,195613,21,,,0,70,,340536,21,,,0,30,,220071,21,,,0,70,,340524,21,,,0,30,,340532,21,,,0,70,,340521,21,,,0,29,,340543,21,,,0,70,,340539,21,,,0,30,,340520,21,,,0,70,,340529,21,,,0,29,,340528,21,,,0,70,,214373,21,,,0,30,,223972,21,,,0
6300,'11',537,,340577,22,,,0,75,,271621,22,,,0,22,,340569,21,,,0,16,,340560,21,,,0,56,,340578,21,,,0,15,,340563,21,,,0,14,,340562,21,,,0,16,,239032,21,,,0,56,,266449,21,,,0,15,,340566,21,,,0,30,,340570,21,,,0,70,,340581,21,,,0,28,,340547,21,,,0,70,,340571,21,,,0,30,,340559,21,,,0,70,,340557,21,,,0,30,,340548,21,,,0,71,,340573,21,,,0,26,,340579,21,,,0,70,,340550,21,,,0,33,,253153,21,,,0,68,,340580,21,,,0,516,,219261,21,,,0,70,,233516,21,,,0,30,,340572,21,,,0,70,,340564,21,,,0,30,,340568,21,,,0,70,,340574,21,,,0,29,,340567,21,,,0,70,,340549,21,,,0,30,,340565,21,,,0,79,,340552,22,,,0
6300,'12',751,,340601,21,,,0,104,,340597,21,,,0,100,,340591,21,,,0,101,,340585,21,,,0,70,,340586,21,,,0,30,,340596,21,,,0,70,,340604,21,,,0,30,,340587,21,,,0,70,,223284,21,,,0,30,,249345,21,,,0,70,,340598,21,,,0,30,,340592,21,,,0,70,,340584,21,,,0,30,,340606,21,,,0,70,,340605,21,,,0,30,,340583,21,,,0,70,,340589,21,,,0,30,,340593,21,,,0,70,,340599,21,,,0,30,,287500,21,,,0,70,,340607,21,,,0,30,,340590,21,,,0,70,,224232,21,,,0,29,,340594,21,,,0,70,,340595,21,,,0,30,,340602,21,,,0,70,,340600,21,,,0,29,,340603,21,,,0,100,,340588,21,,,0
6300,'13',537,,340638,22,,,0,75,,271657,22,,,0,22,,340630,21,,,0,16,,340621,21,,,0,56,,340639,21,,,0,15,,340624,21,,,0,14,,340623,21,,,0,16,,239085,21,,,0,56,,266495,21,,,0,15,,340627,21,,,0,30,,340631,21,,,0,70,,340642,21,,,0,28,,340608,21,,,0,70,,340632,21,,,0,30,,340620,21,,,0,70,,340618,21,,,0,30,,340609,21,,,0,71,,340634,21,,,0,26,,340640,21,,,0,70,,340611,21,,,0,33,,253204,21,,,0,68,,340641,21,,,0,516,,219290,21,,,0,70,,233536,21,,,0,30,,340633,21,,,0,70,,340625,21,,,0,30,,340629,21,,,0,70,,340635,21,,,0,29,,340628,21,,,0,70,,340610,21,,,0,30,,340626,21,,,0,79,,340613,22,,,0
6300,'14',537,,340674,22,,,0,75,,271813,22,,,0,22,,340666,21,,,0,16,,340657,21,,,0,56,,340675,21,,,0,15,,340660,21,,,0,14,,340659,21,,,0,16,,239260,21,,,0,56,,266684,21,,,0,15,,340663,21,,,0,30,,340667,21,,,0,70,,340678,21,,,0,28,,340644,21,,,0,70,,340668,21,,,0,30,,340656,21,,,0,70,,340654,21,,,0,30,,340645,21,,,0,71,,340670,21,,,0,26,,340676,21,,,0,70,,340647,21,,,0,33,,253405,21,,,0,68,,340677,21,,,0,516,,219348,21,,,0,70,,233639,21,,,0,30,,340669,21,,,0,70,,340661,21,,,0,30,,340665,21,,,0,70,,340671,21,,,0,29,,340664,21,,,0,70,,340646,21,,,0,30,,340662,21,,,0,79,,340649,22,,,0
6300,'15',751,,340698,21,,,0,104,,340694,21,,,0,100,,340687,21,,,0,101,,262510,21,,,0,70,,340682,21,,,0,30,,232195,21,,,0,70,,257011,21,,,0,30,,340683,21,,,0,70,,340697,21,,,0,30,,340690,21,,,0,70,,340695,21,,,0,30,,340689,21,,,0,70,,340681,21,,,0,30,,340702,21,,,0,70,,340701,21,,,0,30,,340680,21,,,0,70,,340685,21,,,0,30,,44040,21,,,0,70,,293900,21,,,0,30,,340688,21,,,0,70,,340703,21,,,0,30,,340686,21,,,0,70,,340693,21,,,0,29,,340691,21,,,0,70,,340692,21,,,0,30,,340699,21,,,0,70,,340696,21,,,0,29,,340700,21,,,0,100,,340684,21,,,0
6300,'16',704,,340721,21,,,0,30,,340712,21,,,0,70,,340716,21,,,0,31,,340706,21,,,0,70,,340710,21,,,0,30,,340705,21,,,0,70,,214736,21,,,0,31,,340704,21,,,0,70,,340720,21,,,0,30,,340707,21,,,0,70,,340717,21,,,0,30,,340709,21,,,0,70,,287079,21,,,0,30,,340723,21,,,0,70,,274229,21,,,0,30,,340715,21,,,0,70,,262713,21,,,0,31,,340725,21,,,0,69,,340728,21,,,0,30,,340727,21,,,0,70,,285842,21,,,0,30,,340718,21,,,0,70,,340719,21,,,0,30,,340714,21,,,0,70,,167036,21,,,0,30,,340713,21,,,0,70,,246908,21,,,0,29,,340726,21,,,0,70,,340722,21,,,0,30,,222718,21,,,0,70,,340708,21,,,0,29,,210958,21,,,0,70,,340724,21,,,0,30,,340711,21,,,0
6300,'2',537,,340761,22,,,0,75,,340760,22,,,0,22,,340751,21,,,0,16,,69364,21,,,0,56,,340762,21,,,0,15,,340747,21,,,0,14,,340746,21,,,0,16,,340739,21,,,0,56,,340754,21,,,0,15,,340749,21,,,0,30,,135583,21,,,0,70,,340764,21,,,0,28,,340729,21,,,0,70,,135584,21,,,0,30,,340744,21,,,0,70,,340742,21,,,0,30,,264428,21,,,0,71,,340755,21,,,0,26,,266256,21,,,0,70,,340735,21,,,0,33,,340730,21,,,0,68,,292419,21,,,0,516,,340758,21,,,0,70,,340750,21,,,0,30,,340753,21,,,0,70,,340748,21,,,0,30,,240721,21,,,0,70,,340756,21,,,0,29,,251735,21,,,0,70,,340734,21,,,0,30,,240716,21,,,0,79,,340737,22,,,0
6300,'3',537,,340803,22,,,0,75,,340802,22,,,0,22,,340791,21,,,0,16,,340782,21,,,0,56,,255885,21,,,0,15,,340784,21,,,0,14,,340783,21,,,0,16,,340775,21,,,0,56,,340796,21,,,0,15,,340787,21,,,0,30,,340792,21,,,0,70,,340807,21,,,0,28,,340766,21,,,0,70,,340794,21,,,0,30,,340781,21,,,0,70,,340779,21,,,0,30,,340768,21,,,0,71,,340797,21,,,0,26,,340804,21,,,0,70,,340772,21,,,0,33,,340767,21,,,0,68,,340806,21,,,0,516,,340800,21,,,0,70,,340788,21,,,0,30,,340795,21,,,0,70,,340785,21,,,0,30,,340790,21,,,0,70,,340798,21,,,0,29,,340789,21,,,0,70,,257100,21,,,0,30,,340786,21,,,0,79,,340774,22,,,0
6300,'4',537,,245826,22,,,0,75,,183533,22,,,0,22,,291566,21,,,0,16,,340812,21,,,0,56,,340811,21,,,0,15,,340841,21,,,0,14,,340840,21,,,0,14,,340834,21,,,0,58,,340842,21,,,0,17,,198121,21,,,0,30,,340832,21,,,0,68,,213739,21,,,0,28,,340836,21,,,0,70,,340835,21,,,0,30,,340820,21,,,0,70,,340828,21,,,0,30,,294988,21,,,0,71,,340831,21,,,0,26,,340829,21,,,0,70,,236493,21,,,0,33,,340813,21,,,0,68,,340839,21,,,0,516,,340817,21,,,0,70,,340830,21,,,0,30,,340816,21,,,0,70,,340827,21,,,0,30,,340814,21,,,0,70,,340823,21,,,0,29,,340810,21,,,0,70,,340808,21,,,0,30,,287718,21,,,0,79,,340825,22,,,0
6300,'5',537,,340880,22,,,0,75,,340879,22,,,0,22,,340868,21,,,0,16,,340859,21,,,0,56,,167491,21,,,0,15,,340861,21,,,0,14,,340860,21,,,0,16,,340852,21,,,0,56,,340873,21,,,0,15,,340864,21,,,0,30,,340869,21,,,0,70,,340884,21,,,0,28,,340843,21,,,0,70,,340871,21,,,0,30,,340858,21,,,0,70,,340856,21,,,0,30,,340845,21,,,0,71,,340874,21,,,0,26,,340881,21,,,0,70,,340849,21,,,0,33,,340844,21,,,0,68,,340883,21,,,0,516,,340877,21,,,0,70,,340865,21,,,0,30,,340872,21,,,0,70,,340862,21,,,0,30,,340867,21,,,0,70,,340875,21,,,0,29,,340866,21,,,0,70,,257157,21,,,0,30,,340863,21,,,0,79,,340851,22,,,0
6300,'6',537,,340915,22,,,0,75,,271390,22,,,0,22,,340907,21,,,0,16,,340898,21,,,0,56,,340916,21,,,0,15,,340901,21,,,0,14,,340900,21,,,0,16,,238745,21,,,0,56,,266188,21,,,0,15,,340904,21,,,0,30,,340908,21,,,0,70,,340919,21,,,0,28,,340885,21,,,0,70,,340909,21,,,0,30,,340897,21,,,0,70,,340895,21,,,0,30,,340886,21,,,0,71,,340911,21,,,0,26,,340917,21,,,0,70,,340888,21,,,0,33,,252884,21,,,0,68,,340918,21,,,0,516,,219131,21,,,0,70,,233365,21,,,0,30,,340910,21,,,0,70,,340902,21,,,0,30,,340906,21,,,0,70,,340912,21,,,0,29,,340905,21,,,0,70,,340887,21,,,0,30,,340903,21,,,0,79,,340890,22,,,0
6300,'7',537,,340953,22,,,0,75,,340952,22,,,0,22,,340943,21,,,0,16,,165678,21,,,0,56,,340954,21,,,0,15,,340939,21,,,0,14,,340938,21,,,0,16,,340931,21,,,0,56,,340946,21,,,0,15,,340941,21,,,0,30,,135642,21,,,0,70,,340956,21,,,0,28,,340921,21,,,0,70,,135643,21,,,0,30,,340936,21,,,0,70,,340934,21,,,0,30,,264225,21,,,0,71,,340947,21,,,0,26,,266145,21,,,0,70,,340927,21,,,0,33,,340922,21,,,0,68,,292350,21,,,0,516,,340950,21,,,0,70,,340942,21,,,0,30,,340945,21,,,0,70,,340940,21,,,0,30,,240651,21,,,0,70,,340948,21,,,0,29,,251667,21,,,0,70,,340926,21,,,0,30,,240646,21,,,0,79,,340929,22,,,0
6300,'8',751,,340976,21,,,0,104,,340972,21,,,0,100,,340966,21,,,0,101,,340960,21,,,0,70,,340961,21,,,0,30,,340971,21,,,0,70,,340979,21,,,0,30,,340962,21,,,0,70,,158669,21,,,0,30,,249750,21,,,0,70,,340973,21,,,0,30,,340967,21,,,0,70,,340959,21,,,0,30,,340981,21,,,0,70,,340980,21,,,0,30,,340958,21,,,0,70,,340964,21,,,0,30,,340968,21,,,0,70,,340974,21,,,0,30,,287790,21,,,0,70,,340982,21,,,0,30,,340965,21,,,0,70,,224535,21,,,0,29,,340969,21,,,0,70,,340970,21,,,0,30,,340977,21,,,0,70,,340975,21,,,0,29,,340978,21,,,0,100,,340963,21,,,0
6300,'9',537,,341013,22,,,0,75,,271290,22,,,0,22,,341005,21,,,0,16,,340996,21,,,0,56,,341014,21,,,0,15,,340999,21,,,0,14,,340998,21,,,0,16,,238609,21,,,0,56,,266068,21,,,0,15,,341002,21,,,0,30,,341006,21,,,0,70,,341017,21,,,0,28,,340983,21,,,0,70,,341007,21,,,0,30,,340995,21,,,0,70,,340993,21,,,0,30,,340984,21,,,0,71,,341009,21,,,0,26,,341015,21,,,0,70,,340986,21,,,0,33,,252755,21,,,0,68,,341016,21,,,0,516,,219076,21,,,0,70,,233293,21,,,0,30,,341008,21,,,0,70,,341000,21,,,0,30,,341004,21,,,0,70,,341010,21,,,0,29,,341003,21,,,0,70,,340985,21,,,0,30,,341001,21,,,0,79,,340988,22,,,0
11000,'1',523,,364823,40,,,0,29,,364837,40,,,0,104,,364833,65,,,0,65,,364841,65,,,0,33,,229050,65,,,0,71,,364825,65,,,0,31,,364842,65,,,0,70,,364826,65,,,0,30,,364843,65,,,0,61,,364834,65,,,0,30,,364836,65,,,0,70,,364839,65,,,0,28,,364838,65,,,0,70,,364840,65,,,0,29,,239710,65,,,0,70,,364829,65,,,0,30,,364830,65,,,0,70,,364824,65,,,0,29,,364835,65,,,0,74,,236355,65,,,0,32,,364828,65,,,0,73,,290525,65,,,0,31,,364831,65,,,0,69,,364822,65,,,0,32,,259619,65,,,0,70,,180173,65,,,0,30,,218508,65,,,0,67,,364827,65,,,0,24,,248283,65,,,0,70,,174644,65,,,0,30,,364821,65,,,0,69,,364832,65,,,0
11000,'10',512,,364847,40,,,0,30,,364848,40,,,0,170,,364849,65,,,0,30,,364845,65,,,0,1071,,364844,65,,,0,30,,364846,65,,,0
11000,'11',523,,364857,40,,,0,29,,222577,40,,,0,104,,364859,65,,,0,65,,364850,65,,,0,34,,364864,65,,,0,70,,246749,65,,,0,101,,364851,65,,,0,30,,364869,65,,,0,61,,364853,65,,,0,30,,283505,65,,,0,70,,364858,65,,,0,28,,364860,65,,,0,70,,219246,65,,,0,29,,364861,65,,,0,100,,132848,65,,,0,70,,364862,65,,,0,29,,218698,65,,,0,74,,364870,65,,,0,32,,364855,65,,,0,73,,364866,65,,,0,101,,364854,65,,,0,31,,364852,65,,,0,70,,226417,65,,,0,30,,364863,65,,,0,91,,364865,65,,,0,70,,364868,65,,,0,30,,364867,65,,,0,69,,364856,65,,,0
11000,'12',513,,364873,40,,,0,30,,364874,40,,,0,170,,364871,65,,,0,30,,364875,65,,,0,1071,,364872,65,,,0,30,,364876,65,,,0
11000,'13',523,,364884,40,,,0,29,,222599,40,,,0,104,,364886,65,,,0,65,,364877,65,,,0,34,,364891,65,,,0,70,,246774,65,,,0,101,,364878,65,,,0,30,,364896,65,,,0,61,,364880,65,,,0,30,,283555,65,,,0,70,,364885,65,,,0,28,,364887,65,,,0,70,,219275,65,,,0,29,,364888,65,,,0,100,,131987,65,,,0,70,,364889,65,,,0,29,,218763,65,,,0,74,,364897,65,,,0,32,,364882,65,,,0,73,,364893,65,,,0,101,,364881,65,,,0,31,,364879,65,,,0,70,,226469,65,,,0,30,,364890,65,,,0,91,,364892,65,,,0,70,,364895,65,,,0,30,,364894,65,,,0,69,,364883,65,,,0
11000,'14',523,,364905,40,,,0,29,,222711,40,,,0,104,,364907,65,,,0,65,,364898,65,,,0,34,,364912,65,,,0,70,,246885,65,,,0,101,,364899,65,,,0,30,,364917,65,,,0,61,,364901,65,,,0,30,,283732,65,,,0,70,,364906,65,,,0,28,,364908,65,,,0,70,,219333,65,,,0,29,,364909,65,,,0,100,,132428,65,,,0,70,,364910,65,,,0,29,,219010,65,,,0,74,,364918,65,,,0,32,,364903,65,,,0,73,,364914,65,,,0,101,,364902,65,,,0,31,,364900,65,,,0,70,,226671,65,,,0,30,,364911,65,,,0,91,,364913,65,,,0,70,,364916,65,,,0,30,,364915,65,,,0,69,,364904,65,,,0
11000,'15',513,,364921,40,,,0,30,,364922,40,,,0,170,,364919,65,,,0,30,,270438,65,,,0,1071,,364920,65,,,0,30,,364923,65,,,0
11000,'16',512,,226729,40,,,0,30,,364927,40,,,0,170,,364928,65,,,0,30,,364925,65,,,0,1071,,364924,65,,,0,30,,364926,65,,,0
11000,'2',523,,364937,40,,,0,29,,364946,40,,,0,104,,364942,65,,,0,65,,364929,65,,,0,34,,364948,65,,,0,70,,364936,65,,,0,101,,364930,65,,,0,30,,364953,65,,,0,61,,364933,65,,,0,30,,364950,65,,,0,70,,364940,65,,,0,28,,364943,65,,,0,70,,364939,65,,,0,29,,364944,65,,,0,100,,364941,65,,,0,70,,364945,65,,,0,29,,364938,65,,,0,74,,364954,65,,,0,32,,256831,65,,,0,73,,274682,65,,,0,101,,364934,65,,,0,31,,364932,65,,,0,70,,364931,65,,,0,30,,364947,65,,,0,91,,364949,65,,,0,70,,364952,65,,,0,30,,364951,65,,,0,69,,364935,65,,,0
11000,'3',523,,364963,40,,,0,29,,364968,40,,,0,104,,250509,65,,,0,65,,364955,65,,,0,34,,364970,65,,,0,70,,364962,65,,,0,101,,364956,65,,,0,30,,364976,65,,,0,61,,216986,65,,,0,30,,364972,65,,,0,70,,219676,65,,,0,28,,228853,65,,,0,70,,364965,65,,,0,29,,258497,65,,,0,100,,364966,65,,,0,70,,364967,65,,,0,29,,364964,65,,,0,74,,364977,65,,,0,32,,364960,65,,,0,73,,364973,65,,,0,101,,364959,65,,,0,31,,364958,65,,,0,70,,364957,65,,,0,30,,364969,65,,,0,91,,364971,65,,,0,70,,364975,65,,,0,30,,364974,65,,,0,69,,364961,65,,,0
11000,'4',523,,364989,40,,,0,29,,364994,40,,,0,104,,364985,65,,,0,65,,365004,65,,,0,33,,220893,65,,,0,71,,365003,65,,,0,31,,364992,65,,,0,70,,364988,65,,,0,30,,364993,65,,,0,61,,364984,65,,,0,30,,364999,65,,,0,70,,227160,65,,,0,28,,258998,65,,,0,70,,364991,65,,,0,29,,364982,65,,,0,70,,364981,65,,,0,30,,364997,65,,,0,70,,365002,65,,,0,27,,365000,65,,,0,76,,289072,65,,,0,32,,364979,65,,,0,73,,364987,65,,,0,33,,365001,65,,,0,67,,364978,65,,,0,34,,364998,65,,,0,69,,364983,65,,,0,29,,364980,65,,,0,67,,364996,65,,,0,24,,364986,65,,,0,70,,236459,65,,,0,30,,364990,65,,,0,69,,364995,65,,,0
11000,'5',523,,365013,40,,,0,29,,365018,40,,,0,104,,250594,65,,,0,65,,365005,65,,,0,34,,365020,65,,,0,70,,365012,65,,,0,101,,365006,65,,,0,30,,365026,65,,,0,61,,131562,65,,,0,30,,365022,65,,,0,70,,219785,65,,,0,28,,228930,65,,,0,70,,365015,65,,,0,29,,258620,65,,,0,100,,365016,65,,,0,70,,365017,65,,,0,29,,365014,65,,,0,74,,365027,65,,,0,32,,365010,65,,,0,73,,365023,65,,,0,101,,365009,65,,,0,31,,365008,65,,,0,70,,365007,65,,,0,30,,365019,65,,,0,91,,365021,65,,,0,70,,365025,65,,,0,30,,365024,65,,,0,69,,365011,65,,,0
11000,'6',523,,365035,40,,,0,29,,222411,40,,,0,104,,365037,65,,,0,65,,365028,65,,,0,34,,365042,65,,,0,70,,246595,65,,,0,101,,365029,65,,,0,30,,365047,65,,,0,61,,365031,65,,,0,30,,283208,65,,,0,70,,365036,65,,,0,28,,365038,65,,,0,70,,219116,65,,,0,29,,365039,65,,,0,100,,132729,65,,,0,70,,365040,65,,,0,29,,218348,65,,,0,74,,365048,65,,,0,32,,365033,65,,,0,73,,365044,65,,,0,101,,365032,65,,,0,31,,365030,65,,,0,70,,226125,65,,,0,30,,365041,65,,,0,91,,365043,65,,,0,70,,365046,65,,,0,30,,365045,65,,,0,69,,365034,65,,,0
11000,'7',523,,365057,40,,,0,29,,365066,40,,,0,104,,365062,65,,,0,65,,365049,65,,,0,34,,365068,65,,,0,70,,365056,65,,,0,101,,365050,65,,,0,30,,365073,65,,,0,61,,365053,65,,,0,30,,365070,65,,,0,70,,365060,65,,,0,28,,365063,65,,,0,70,,365059,65,,,0,29,,365064,65,,,0,100,,365061,65,,,0,70,,365065,65,,,0,29,,365058,65,,,0,74,,365074,65,,,0,32,,256766,65,,,0,73,,274517,65,,,0,101,,365054,65,,,0,31,,365052,65,,,0,70,,365051,65,,,0,30,,365067,65,,,0,91,,365069,65,,,0,70,,365072,65,,,0,30,,365071,65,,,0,69,,365055,65,,,0
11000,'8',513,,365077,40,,,0,30,,365078,40,,,0,170,,365075,65,,,0,30,,365079,65,,,0,1071,,365076,65,,,0,30,,365080,65,,,0
11000,'9',523,,365088,40,,,0,29,,222335,40,,,0,104,,365090,65,,,0,65,,365081,65,,,0,34,,365095,65,,,0,70,,246525,65,,,0,101,,365082,65,,,0,30,,365100,65,,,0,61,,365084,65,,,0,30,,283068,65,,,0,70,,365089,65,,,0,28,,365091,65,,,0,70,,219061,65,,,0,29,,365092,65,,,0,100,,132491,65,,,0,70,,365093,65,,,0,29,,218170,65,,,0,74,,365101,65,,,0,32,,365086,65,,,0,73,,365097,65,,,0,101,,365085,65,,,0,31,,365083,65,,,0,70,,225983,65,,,0,30,,365094,65,,,0,91,,365096,65,,,0,70,,365099,65,,,0,30,,365098,65,,,0,69,,365087,65,,,0
11001,'11',1528,,365150,14,0,13,0
11001,'13',1528,,365179,14,0,13,0
11001,'14',1528,,365203,14,0,13,0
11001,'2',1528,,365240,14,0,13,0
11001,'3',1528,,365267,14,0,13,0
11001,'5',1528,,365321,14,0,13,0
11001,'6',1528,,365347,14,0,13,0
11001,'7',1528,,365374,14,0,13,0
11001,'9',1528,,365404,14,0,13,0
