8601,'1',642,,182152,36,0,11 2 12,1,71,,182167,36,0,11 2 12,1,31,,182165,36,0,11 2 12,1,73,,182162,36,0,11 2 12,1,31,,182146,36,0,11 2 12,1,69,,182170,36,0,11 2 12,1,617,,52090,36,0,11 2 12,1,70,,182175,36,0,11 2 12,1,33,,182142,36,0,11 2 12,1,97,,182139,36,0,11 2 12,1,70,,182164,36,0,11 2 12,1
8601,'12',642,,120415,36,0,11 2 12,1,71,,182251,36,0,11 2 12,1,31,,182264,36,0,11 2 12,1,73,,182272,36,0,11 2 12,1,31,,182242,36,0,11 2 12,1,69,,182244,36,0,11 2 12,1,617,,182271,36,0,11 2 12,1,70,,182265,36,0,11 2 12,1,31,,182259,36,0,11 2 12,1,70,,25037,36,0,11 2 12,1,29,,182267,36,0,11 2 12,1,71,,182266,36,0,11 2 12,1
8601,'14',642,,182331,36,0,11 2 12,1,71,,182315,36,0,11 2 12,1,31,,55060,36,0,11 2 12,1,73,,592,36,0,11 2 12,1,31,,182304,36,0,11 2 12,1,69,,182307,36,0,11 2 12,1,617,,77551,36,0,11 2 12,1,70,,182332,36,0,11 2 12,1,31,,182324,36,0,11 2 12,1,70,,182326,36,0,11 2 12,1,29,,182335,36,0,11 2 12,1,71,,182334,36,0,11 2 12,1
8601,'15',642,,182371,36,0,11 2 12,1,71,,182355,36,0,11 2 12,1,31,,55337,36,0,11 2 12,1,73,,936,36,0,11 2 12,1,31,,182344,36,0,11 2 12,1,69,,182347,36,0,11 2 12,1,617,,78080,36,0,11 2 12,1,70,,182372,36,0,11 2 12,1,31,,182364,36,0,11 2 12,1,70,,182366,36,0,11 2 12,1,29,,182375,36,0,11 2 12,1,71,,182374,36,0,11 2 12,1
8601,'16',642,,182414,36,0,11 2 12,1,71,,182396,36,0,11 2 12,1,31,,182412,36,0,11 2 12,1,73,,182423,36,0,11 2 12,1,31,,182384,36,0,11 2 12,1,69,,182387,36,0,11 2 12,1,617,,182422,36,0,11 2 12,1,70,,182415,36,0,11 2 12,1,31,,182405,36,0,11 2 12,1,70,,182407,36,0,11 2 12,1,29,,182418,36,0,11 2 12,1,71,,182417,36,0,11 2 12,1
8601,'17',642,,182440,36,0,11 2 12,1,71,,182455,36,0,11 2 12,1,31,,182453,36,0,11 2 12,1,73,,182450,36,0,11 2 12,1,31,,182434,36,0,11 2 12,1,69,,182458,36,0,11 2 12,1,617,,52312,36,0,11 2 12,1,70,,182463,36,0,11 2 12,1,33,,182430,36,0,11 2 12,1,97,,182427,36,0,11 2 12,1,70,,182452,36,0,11 2 12,1
8601,'2',642,,182478,36,0,11 2 12,1,71,,182493,36,0,11 2 12,1,31,,182491,36,0,11 2 12,1,73,,182488,36,0,11 2 12,1,31,,182472,36,0,11 2 12,1,69,,182496,36,0,11 2 12,1,617,,52136,36,0,11 2 12,1,70,,182501,36,0,11 2 12,1,33,,182468,36,0,11 2 12,1,97,,182465,36,0,11 2 12,1,70,,182490,36,0,11 2 12,1
8601,'3',642,,182535,36,0,11 2 12,1,71,,182519,36,0,11 2 12,1,31,,55239,36,0,11 2 12,1,73,,812,36,0,11 2 12,1,31,,182508,36,0,11 2 12,1,69,,182511,36,0,11 2 12,1,617,,77898,36,0,11 2 12,1,70,,182536,36,0,11 2 12,1,31,,182528,36,0,11 2 12,1,70,,182530,36,0,11 2 12,1,29,,182539,36,0,11 2 12,1,71,,182538,36,0,11 2 12,1
8601,'5',642,,87934,36,0,11 2 12,1,71,,182596,36,0,11 2 12,1,31,,58812,36,0,11 2 12,1,73,,182590,36,0,11 2 12,1,31,,182572,36,0,11 2 12,1,69,,24258,36,0,11 2 12,1,617,,182600,36,0,11 2 12,1,70,,182604,36,0,11 2 12,1,33,,182569,36,0,11 2 12,1,97,,55423,36,0,11 2 12,1,70,,182592,36,0,11 2 12,1
8601,'6',642,,182619,36,0,11 2 12,1,71,,182634,36,0,11 2 12,1,31,,182632,36,0,11 2 12,1,73,,182629,36,0,11 2 12,1,31,,182613,36,0,11 2 12,1,69,,182637,36,0,11 2 12,1,617,,52568,36,0,11 2 12,1,70,,182642,36,0,11 2 12,1,33,,182609,36,0,11 2 12,1,97,,182606,36,0,11 2 12,1,70,,182631,36,0,11 2 12,1
8601,'8',642,,182685,36,0,11 2 12,1,71,,182700,36,0,11 2 12,1,31,,182698,36,0,11 2 12,1,73,,182695,36,0,11 2 12,1,31,,182679,36,0,11 2 12,1,69,,182703,36,0,11 2 12,1,617,,52522,36,0,11 2 12,1,70,,182708,36,0,11 2 12,1,33,,182675,36,0,11 2 12,1,97,,182672,36,0,11 2 12,1,70,,182697,36,0,11 2 12,1
