16800,'1',704,,111401,57,,,1,100,,111415,57,,,1,100,,111423,57,,,1,30,,111414,57,,,1,70,,111408,57,,,1,34,,111413,57,,,1,70,,111400,57,,,1,30,,111407,57,,,1,70,,111404,57,,,1,31,,111418,57,,,1,70,,111411,57,,,1,30,,111406,57,,,1,70,,111426,57,,,1,30,,111409,57,,,1,70,,111403,57,,,1,30,,111410,57,,,1,70,,111422,57,,,1,30,,111419,57,,,1,70,,111416,57,,,1,30,,111420,57,,,1,70,,111425,57,,,1,29,,111402,57,,,1,70,,111412,57,,,1,100,,111427,57,,,1,96,,111424,57,,,1,100,,111405,57,,,1,100,,111421,57,,,1,113,,111417,57,,,1
16800,'10',551,,111428,57,,,1,75,,111430,57,,,1,31,,111454,57,,,1,70,,111444,57,,,1,74,,111450,57,,,1,30,,111439,57,,,1,70,,111432,57,,,1,30,,111445,57,,,1,26,,111436,57,,,1,70,,111442,57,,,1,30,,111453,57,,,1,70,,111458,57,,,1,30,,111449,57,,,1,70,,111446,57,,,1,30,,111438,57,,,1,70,,111447,57,,,1,30,,111429,57,,,1,75,,111443,57,,,1,70,,111462,57,,,1,34,,111461,57,,,1,69,,111448,57,,,1,28,,111435,57,,,1,70,,111440,57,,,1,30,,111433,57,,,1,70,,111452,57,,,1,30,,111437,57,,,1,67,,111456,57,,,1,30,,111451,57,,,1,24,,111460,57,,,1,70,,111459,57,,,1,30,,111441,57,,,1,70,,111455,57,,,1,30,,111434,57,,,1,100,,111457,57,,,1,148,,111431,57,,,1
16800,'11',551,,111463,57,,,1,75,,111465,57,,,1,31,,111489,57,,,1,70,,111479,57,,,1,74,,111485,57,,,1,30,,111474,57,,,1,70,,111467,57,,,1,30,,111480,57,,,1,26,,111471,57,,,1,70,,111477,57,,,1,30,,111488,57,,,1,70,,111493,57,,,1,30,,111484,57,,,1,70,,111481,57,,,1,30,,111473,57,,,1,70,,111482,57,,,1,30,,111464,57,,,1,75,,111478,57,,,1,70,,111497,57,,,1,34,,111496,57,,,1,69,,111483,57,,,1,28,,111470,57,,,1,70,,111475,57,,,1,30,,111468,57,,,1,70,,111487,57,,,1,30,,111472,57,,,1,67,,111491,57,,,1,30,,111486,57,,,1,24,,111495,57,,,1,70,,111494,57,,,1,30,,111476,57,,,1,70,,111490,57,,,1,30,,111469,57,,,1,100,,111492,57,,,1,148,,111466,57,,,1
16800,'12',551,,111498,57,,,1,75,,111500,57,,,1,31,,111524,57,,,1,70,,111514,57,,,1,74,,111520,57,,,1,30,,111509,57,,,1,70,,111502,57,,,1,30,,111515,57,,,1,26,,111506,57,,,1,70,,111512,57,,,1,30,,111523,57,,,1,70,,111528,57,,,1,30,,111519,57,,,1,70,,111516,57,,,1,30,,111508,57,,,1,70,,111517,57,,,1,30,,111499,57,,,1,75,,111513,57,,,1,70,,111532,57,,,1,34,,111531,57,,,1,69,,111518,57,,,1,28,,111505,57,,,1,70,,111510,57,,,1,30,,111503,57,,,1,70,,111522,57,,,1,30,,111507,57,,,1,67,,111526,57,,,1,30,,111521,57,,,1,24,,111530,57,,,1,70,,111529,57,,,1,30,,111511,57,,,1,70,,111525,57,,,1,30,,111504,57,,,1,100,,111527,57,,,1,148,,111501,57,,,1
16800,'13',551,,111561,57,,,1,75,,111558,57,,,1,31,,111552,57,,,1,70,,111563,57,,,1,74,,111549,57,,,1,30,,111555,57,,,1,70,,111567,57,,,1,30,,111535,57,,,1,26,,111537,57,,,1,70,,111565,57,,,1,30,,111559,57,,,1,70,,111543,57,,,1,30,,111547,57,,,1,70,,111536,57,,,1,30,,111556,57,,,1,70,,111566,57,,,1,30,,111562,57,,,1,75,,111557,57,,,1,70,,111545,57,,,1,34,,111533,57,,,1,67,,111554,57,,,1,30,,111534,57,,,1,70,,111541,57,,,1,30,,111560,57,,,1,70,,111538,57,,,1,30,,111540,57,,,1,67,,111539,57,,,1,30,,111544,57,,,1,24,,111553,57,,,1,70,,111542,57,,,1,30,,111546,57,,,1,70,,111548,57,,,1,30,,111550,57,,,1,100,,111564,57,,,1,148,,111551,57,,,1
16800,'14',706,,111593,57,,,1,100,,111589,57,,,1,30,,111568,57,,,1,70,,111574,57,,,1,30,,111576,57,,,1,70,,111571,57,,,1,34,,111583,57,,,1,70,,111582,57,,,1,30,,111581,57,,,1,70,,111597,57,,,1,31,,111596,57,,,1,70,,111584,57,,,1,30,,111595,57,,,1,70,,111577,57,,,1,30,,111575,57,,,1,70,,111570,57,,,1,30,,111594,57,,,1,70,,111569,57,,,1,30,,111587,57,,,1,70,,111592,57,,,1,30,,111573,57,,,1,70,,111585,57,,,1,29,,111599,57,,,1,70,,111578,57,,,1,30,,111590,57,,,1,70,,111579,57,,,1,26,,111580,57,,,1,70,,111591,57,,,1,30,,111588,57,,,1,70,,111598,57,,,1,100,,111572,57,,,1,120,,111586,57,,,1
16800,'15',551,,111600,57,,,1,75,,111602,57,,,1,31,,111626,57,,,1,70,,111616,57,,,1,74,,111622,57,,,1,30,,111611,57,,,1,70,,111604,57,,,1,30,,111617,57,,,1,26,,111608,57,,,1,70,,111614,57,,,1,30,,111625,57,,,1,70,,111630,57,,,1,30,,111621,57,,,1,70,,111618,57,,,1,30,,111610,57,,,1,70,,111619,57,,,1,30,,111601,57,,,1,75,,111615,57,,,1,70,,111634,57,,,1,34,,111633,57,,,1,69,,111620,57,,,1,28,,111607,57,,,1,70,,111612,57,,,1,30,,111605,57,,,1,70,,111624,57,,,1,30,,111609,57,,,1,67,,111628,57,,,1,30,,111623,57,,,1,24,,111632,57,,,1,70,,111631,57,,,1,30,,111613,57,,,1,70,,111627,57,,,1,30,,111606,57,,,1,100,,111629,57,,,1,148,,111603,57,,,1
16800,'16',551,,111635,57,,,1,75,,111637,57,,,1,31,,111661,57,,,1,70,,111651,57,,,1,74,,111657,57,,,1,30,,111646,57,,,1,70,,111639,57,,,1,30,,111652,57,,,1,26,,111643,57,,,1,70,,111649,57,,,1,30,,111660,57,,,1,70,,111665,57,,,1,30,,111656,57,,,1,70,,111653,57,,,1,30,,111645,57,,,1,70,,111654,57,,,1,30,,111636,57,,,1,75,,111650,57,,,1,70,,111669,57,,,1,34,,111668,57,,,1,69,,111655,57,,,1,28,,111642,57,,,1,70,,111647,57,,,1,30,,111640,57,,,1,70,,111659,57,,,1,30,,111644,57,,,1,67,,111663,57,,,1,30,,111658,57,,,1,24,,111667,57,,,1,70,,111666,57,,,1,30,,111648,57,,,1,70,,111662,57,,,1,30,,111641,57,,,1,100,,111664,57,,,1,148,,111638,57,,,1
16800,'17',551,,111698,57,,,1,75,,111695,57,,,1,31,,111689,57,,,1,70,,111700,57,,,1,74,,111686,57,,,1,30,,111692,57,,,1,70,,111704,57,,,1,30,,111672,57,,,1,26,,111674,57,,,1,70,,111702,57,,,1,30,,111696,57,,,1,70,,111680,57,,,1,30,,111684,57,,,1,70,,111673,57,,,1,30,,111693,57,,,1,70,,111703,57,,,1,30,,111699,57,,,1,75,,111694,57,,,1,70,,111682,57,,,1,34,,111670,57,,,1,67,,111691,57,,,1,30,,111671,57,,,1,70,,111678,57,,,1,30,,111697,57,,,1,70,,111675,57,,,1,30,,111677,57,,,1,67,,111676,57,,,1,30,,111681,57,,,1,24,,111690,57,,,1,70,,111679,57,,,1,30,,111683,57,,,1,70,,111685,57,,,1,30,,111687,57,,,1,100,,111701,57,,,1,148,,111688,57,,,1
16800,'18',551,,111711,57,,,1,106,,111705,57,,,1,144,,111719,57,,,1,100,,111712,57,,,1,56,,111717,57,,,1,100,,111720,57,,,1,100,,111715,57,,,1,100,,111709,57,,,1,100,,111721,57,,,1,145,,111708,57,,,1,101,,111706,57,,,1,100,,111713,57,,,1,100,,111714,57,,,1,97,,111718,57,,,1,54,,111716,57,,,1,100,,111722,57,,,1,100,,111723,57,,,1,100,,111707,57,,,1,148,,111710,57,,,1
16800,'19',551,,111752,57,,,1,75,,111749,57,,,1,31,,111743,57,,,1,70,,111754,57,,,1,74,,111740,57,,,1,30,,111746,57,,,1,70,,111758,57,,,1,30,,111726,57,,,1,26,,111728,57,,,1,70,,111756,57,,,1,30,,111750,57,,,1,70,,111734,57,,,1,30,,111738,57,,,1,70,,111727,57,,,1,30,,111747,57,,,1,70,,111757,57,,,1,30,,111753,57,,,1,75,,111748,57,,,1,70,,111736,57,,,1,34,,111724,57,,,1,67,,111745,57,,,1,30,,111725,57,,,1,70,,111732,57,,,1,30,,111751,57,,,1,70,,111729,57,,,1,30,,111731,57,,,1,67,,111730,57,,,1,30,,111735,57,,,1,24,,111744,57,,,1,70,,111733,57,,,1,30,,111737,57,,,1,70,,111739,57,,,1,30,,111741,57,,,1,100,,111755,57,,,1,148,,111742,57,,,1
16800,'2',704,,111760,57,,,1,100,,111774,57,,,1,100,,111782,57,,,1,30,,111773,57,,,1,70,,111767,57,,,1,34,,111772,57,,,1,70,,111759,57,,,1,30,,111766,57,,,1,70,,111763,57,,,1,31,,111777,57,,,1,70,,111770,57,,,1,30,,111765,57,,,1,70,,111785,57,,,1,30,,111768,57,,,1,70,,111762,57,,,1,30,,111769,57,,,1,70,,111781,57,,,1,30,,111778,57,,,1,70,,111775,57,,,1,30,,111779,57,,,1,70,,111784,57,,,1,29,,111761,57,,,1,70,,111771,57,,,1,100,,111786,57,,,1,96,,111783,57,,,1,100,,111764,57,,,1,100,,111780,57,,,1,113,,111776,57,,,1
16800,'3',551,,111787,57,,,1,75,,111789,57,,,1,31,,111813,57,,,1,70,,111803,57,,,1,74,,111809,57,,,1,30,,111798,57,,,1,70,,111791,57,,,1,30,,111804,57,,,1,26,,111795,57,,,1,70,,111801,57,,,1,30,,111812,57,,,1,70,,111817,57,,,1,30,,111808,57,,,1,70,,111805,57,,,1,30,,111797,57,,,1,70,,111806,57,,,1,30,,111788,57,,,1,75,,111802,57,,,1,70,,111821,57,,,1,34,,111820,57,,,1,69,,111807,57,,,1,28,,111794,57,,,1,70,,111799,57,,,1,30,,111792,57,,,1,70,,111811,57,,,1,30,,111796,57,,,1,67,,111815,57,,,1,30,,111810,57,,,1,24,,111819,57,,,1,70,,111818,57,,,1,30,,111800,57,,,1,70,,111814,57,,,1,30,,111793,57,,,1,100,,111816,57,,,1,148,,111790,57,,,1
16800,'4',551,,111822,57,,,1,75,,111824,57,,,1,31,,111848,57,,,1,70,,111838,57,,,1,74,,111844,57,,,1,30,,111833,57,,,1,70,,111826,57,,,1,30,,111839,57,,,1,26,,111830,57,,,1,70,,111836,57,,,1,30,,111847,57,,,1,70,,111852,57,,,1,30,,111843,57,,,1,70,,111840,57,,,1,30,,111832,57,,,1,70,,111841,57,,,1,30,,111823,57,,,1,75,,111837,57,,,1,70,,111856,57,,,1,34,,111855,57,,,1,69,,111842,57,,,1,28,,111829,57,,,1,70,,111834,57,,,1,30,,111827,57,,,1,70,,111846,57,,,1,30,,111831,57,,,1,67,,111850,57,,,1,30,,111845,57,,,1,24,,111854,57,,,1,70,,111853,57,,,1,30,,111835,57,,,1,70,,111849,57,,,1,30,,111828,57,,,1,100,,111851,57,,,1,148,,111825,57,,,1
16800,'5',551,,111885,57,,,1,75,,111882,57,,,1,31,,111876,57,,,1,70,,111887,57,,,1,74,,111873,57,,,1,30,,111879,57,,,1,70,,111891,57,,,1,30,,111859,57,,,1,26,,111861,57,,,1,70,,111889,57,,,1,30,,111883,57,,,1,70,,111867,57,,,1,30,,111871,57,,,1,70,,111860,57,,,1,30,,111880,57,,,1,70,,111890,57,,,1,30,,111886,57,,,1,75,,111881,57,,,1,70,,111869,57,,,1,34,,111857,57,,,1,67,,111878,57,,,1,30,,111858,57,,,1,70,,111865,57,,,1,30,,111884,57,,,1,70,,111862,57,,,1,30,,111864,57,,,1,67,,111863,57,,,1,30,,111868,57,,,1,24,,111877,57,,,1,70,,111866,57,,,1,30,,111870,57,,,1,70,,111872,57,,,1,30,,111874,57,,,1,100,,111888,57,,,1,148,,111875,57,,,1
16800,'6',551,,111892,57,,,1,75,,111894,57,,,1,31,,111918,57,,,1,70,,111908,57,,,1,74,,111914,57,,,1,30,,111903,57,,,1,70,,111896,57,,,1,30,,111909,57,,,1,26,,111900,57,,,1,70,,111906,57,,,1,30,,111917,57,,,1,70,,111922,57,,,1,30,,111913,57,,,1,70,,111910,57,,,1,30,,111902,57,,,1,70,,111911,57,,,1,30,,111893,57,,,1,75,,111907,57,,,1,70,,111926,57,,,1,34,,111925,57,,,1,69,,111912,57,,,1,28,,111899,57,,,1,70,,111904,57,,,1,30,,111897,57,,,1,70,,111916,57,,,1,30,,111901,57,,,1,67,,111920,57,,,1,30,,111915,57,,,1,24,,111924,57,,,1,70,,111923,57,,,1,30,,111905,57,,,1,70,,111919,57,,,1,30,,111898,57,,,1,100,,111921,57,,,1,148,,111895,57,,,1
16800,'7',551,,111955,57,,,1,75,,111952,57,,,1,31,,111946,57,,,1,70,,111957,57,,,1,74,,111943,57,,,1,30,,111949,57,,,1,70,,111961,57,,,1,30,,111929,57,,,1,26,,111931,57,,,1,70,,111959,57,,,1,30,,111953,57,,,1,70,,111937,57,,,1,30,,111941,57,,,1,70,,111930,57,,,1,30,,111950,57,,,1,70,,111960,57,,,1,30,,111956,57,,,1,75,,111951,57,,,1,70,,111939,57,,,1,34,,111927,57,,,1,67,,111948,57,,,1,30,,111928,57,,,1,70,,111935,57,,,1,30,,111954,57,,,1,70,,111932,57,,,1,30,,111934,57,,,1,67,,111933,57,,,1,30,,111938,57,,,1,24,,111947,57,,,1,70,,111936,57,,,1,30,,111940,57,,,1,70,,111942,57,,,1,30,,111944,57,,,1,100,,111958,57,,,1,148,,111945,57,,,1
16800,'8',706,,111987,57,,,1,100,,111983,57,,,1,30,,111962,57,,,1,70,,111968,57,,,1,30,,111970,57,,,1,70,,111965,57,,,1,34,,111977,57,,,1,70,,111976,57,,,1,30,,111975,57,,,1,70,,111991,57,,,1,31,,111990,57,,,1,70,,111978,57,,,1,30,,111989,57,,,1,70,,111971,57,,,1,30,,111969,57,,,1,70,,111964,57,,,1,30,,111988,57,,,1,70,,111963,57,,,1,30,,111981,57,,,1,70,,111986,57,,,1,30,,111967,57,,,1,70,,111979,57,,,1,29,,111993,57,,,1,70,,111972,57,,,1,30,,111984,57,,,1,70,,111973,57,,,1,26,,111974,57,,,1,70,,111985,57,,,1,30,,111982,57,,,1,70,,111992,57,,,1,100,,111966,57,,,1,120,,111980,57,,,1
16800,'9',704,,111995,57,,,1,100,,112009,57,,,1,100,,112017,57,,,1,30,,112008,57,,,1,70,,112002,57,,,1,34,,112007,57,,,1,70,,111994,57,,,1,30,,112001,57,,,1,70,,111998,57,,,1,31,,112012,57,,,1,70,,112005,57,,,1,30,,112000,57,,,1,70,,112020,57,,,1,30,,112003,57,,,1,70,,111997,57,,,1,30,,112004,57,,,1,70,,112016,57,,,1,30,,112013,57,,,1,70,,112010,57,,,1,30,,112014,57,,,1,70,,112019,57,,,1,29,,111996,57,,,1,70,,112006,57,,,1,100,,112021,57,,,1,96,,112018,57,,,1,100,,111999,57,,,1,100,,112015,57,,,1,113,,112011,57,,,1
