4700,'12',602,,244670,30,,,1,31,,244667,30,,,1,71,,244665,30,,,1,30,,244668,30,,,1,19,,244669,30,,,1,71,,244664,30,,,1,29,,244666,30,,,1
4700,'14',602,,244674,30,,,1,31,,244673,30,,,1,71,,244672,30,,,1,30,,244675,30,,,1,20,,175621,30,,,1,70,,148022,30,,,1,29,,244671,30,,,1
4700,'15',602,,244682,30,,,1,31,,244679,30,,,1,71,,244677,30,,,1,30,,244680,30,,,1,19,,244681,30,,,1,71,,244676,30,,,1,29,,244678,30,,,1
4700,'17',602,,244686,30,,,1,31,,244685,30,,,1,71,,244684,30,,,1,30,,244687,30,,,1,20,,175487,30,,,1,70,,147906,30,,,1,29,,244683,30,,,1
4700,'18',602,,244691,30,,,1,31,,244690,30,,,1,71,,244689,30,,,1,30,,244692,30,,,1,20,,1299,30,,,1,70,,59033,30,,,1,29,,244688,30,,,1
4700,'2',602,,244696,30,,,1,31,,244695,30,,,1,71,,195601,30,,,1,30,,244697,30,,,1,20,,244694,30,,,1,70,,244698,30,,,1,29,,244693,30,,,1
4700,'3',602,,244702,30,,,1,31,,179777,30,,,1,71,,244700,30,,,1,30,,61198,30,,,1,19,,142443,30,,,1,71,,244699,30,,,1,29,,244701,30,,,1
4700,'4',602,,244709,30,,,1,31,,244706,30,,,1,71,,244704,30,,,1,30,,244707,30,,,1,19,,244708,30,,,1,71,,244703,30,,,1,29,,244705,30,,,1
4700,'5',602,,244716,30,,,1,31,,244713,30,,,1,71,,244711,30,,,1,30,,244714,30,,,1,19,,244715,30,,,1,71,,244710,30,,,1,29,,244712,30,,,1
4700,'7',602,,244721,30,,,1,31,,244720,30,,,1,71,,244719,30,,,1,30,,244722,30,,,1,20,,244718,30,,,1,70,,244723,30,,,1,29,,244717,30,,,1
4700,'8',602,,244724,30,,,1,31,,244729,30,,,1,71,,244725,30,,,1,30,,244727,30,,,1,20,,244726,30,,,1,70,,244730,30,,,1,29,,244728,30,,,1
4700,'9',602,,244737,30,,,1,31,,244734,30,,,1,71,,244732,30,,,1,30,,244735,30,,,1,19,,244736,30,,,1,71,,244731,30,,,1,29,,244733,30,,,1
