3100,'1',743,,29807,9,,,1,100,,29820,9,,,1,100,,29797,9,,,1,70,,29800,9,,,1,30,,29805,9,,,1,70,,29819,9,,,1,30,,29799,9,,,1,71,,29808,9,,,1,30,,29814,9,,,1,70,,29809,9,,,1,30,,29818,9,,,1,70,,29802,9,,,1,30,,29815,9,,,1,70,,29812,9,,,1,30,,29817,9,,,1,70,,29810,9,,,1,30,,29803,9,,,1,70,,29811,9,,,1,30,,29813,9,,,1,100,,29816,9,,,1,100,,29806,9,,,1,99,,29801,9,,,1,100,,29804,9,,,1,100,,29798,9,,,1
3100,'10',640,,29847,9,,,1,70,,29848,9,,,1,30,,29827,9,,,1,70,,29831,9,,,1,30,,29854,9,,,1,70,,29836,9,,,1,30,,29832,9,,,1,70,,29841,9,,,1,30,,29823,9,,,1,70,,29833,9,,,1,30,,29829,9,,,1,70,,29842,9,,,1,30,,29840,9,,,1,70,,29826,9,,,1,30,,29853,9,,,1,70,,29839,9,,,1,30,,29821,9,,,1,70,,29844,9,,,1,32,,29834,9,,,1,68,,29822,9,,,1,30,,29843,9,,,1,70,,29837,9,,,1,30,,29824,9,,,1,70,,29828,9,,,1,30,,29851,9,,,1,70,,29852,9,,,1,30,,29838,9,,,1,70,,29846,9,,,1,30,,29830,9,,,1,70,,29850,9,,,1,29,,29835,9,,,1,100,,29849,9,,,1
3100,'11',640,,29881,9,,,1,70,,29882,9,,,1,30,,29861,9,,,1,70,,29865,9,,,1,30,,29888,9,,,1,70,,29870,9,,,1,30,,29866,9,,,1,70,,29875,9,,,1,30,,29857,9,,,1,70,,29867,9,,,1,30,,29863,9,,,1,70,,29876,9,,,1,30,,29874,9,,,1,70,,29860,9,,,1,30,,29887,9,,,1,70,,29873,9,,,1,30,,29855,9,,,1,70,,29878,9,,,1,32,,29868,9,,,1,68,,29856,9,,,1,30,,29877,9,,,1,70,,29871,9,,,1,30,,29858,9,,,1,70,,29862,9,,,1,30,,29885,9,,,1,70,,29886,9,,,1,30,,29872,9,,,1,70,,29880,9,,,1,30,,29864,9,,,1,70,,29884,9,,,1,29,,29869,9,,,1,100,,29883,9,,,1
3100,'12',640,,29915,9,,,1,70,,29916,9,,,1,30,,29895,9,,,1,70,,29899,9,,,1,30,,29922,9,,,1,70,,29904,9,,,1,30,,29900,9,,,1,70,,29909,9,,,1,30,,29891,9,,,1,70,,29901,9,,,1,30,,29897,9,,,1,70,,29910,9,,,1,30,,29908,9,,,1,70,,29894,9,,,1,30,,29921,9,,,1,70,,29907,9,,,1,30,,29889,9,,,1,70,,29912,9,,,1,32,,29902,9,,,1,68,,29890,9,,,1,30,,29911,9,,,1,70,,29905,9,,,1,30,,29892,9,,,1,70,,29896,9,,,1,30,,29919,9,,,1,70,,29920,9,,,1,30,,29906,9,,,1,70,,29914,9,,,1,30,,29898,9,,,1,70,,29918,9,,,1,29,,29903,9,,,1,100,,29917,9,,,1
3100,'13',640,,29926,9,,,1,70,,29948,9,,,1,30,,29942,9,,,1,70,,29925,9,,,1,30,,29954,9,,,1,70,,29934,9,,,1,30,,29939,9,,,1,70,,29935,9,,,1,30,,29931,9,,,1,70,,29941,9,,,1,30,,29949,9,,,1,70,,29924,9,,,1,30,,29951,9,,,1,70,,29945,9,,,1,30,,29940,9,,,1,70,,29927,9,,,1,30,,29932,9,,,1,70,,29950,9,,,1,30,,29947,9,,,1,70,,29929,9,,,1,30,,29930,9,,,1,70,,29928,9,,,1,30,,29953,9,,,1,70,,29946,9,,,1,30,,29938,9,,,1,70,,29937,9,,,1,30,,29923,9,,,1,70,,29933,9,,,1,30,,29944,9,,,1,70,,29943,9,,,1,29,,29936,9,,,1,100,,29952,9,,,1
3100,'14',710,,29979,9,,,1,30,,29974,9,,,1,70,,29955,9,,,1,30,,29976,9,,,1,70,,29981,9,,,1,30,,29986,9,,,1,70,,29985,9,,,1,30,,29984,9,,,1,70,,29968,9,,,1,30,,29963,9,,,1,71,,29983,9,,,1,30,,29959,9,,,1,70,,29970,9,,,1,30,,29969,9,,,1,70,,29971,9,,,1,30,,29980,9,,,1,70,,29964,9,,,1,30,,29982,9,,,1,70,,29975,9,,,1,30,,29960,9,,,1,70,,29967,9,,,1,30,,29987,9,,,1,70,,29956,9,,,1,30,,29961,9,,,1,70,,29966,9,,,1,30,,29957,9,,,1,69,,29973,9,,,1,30,,29958,9,,,1,70,,29977,9,,,1,30,,29978,9,,,1,70,,29965,9,,,1,30,,29972,9,,,1,70,,29962,9,,,1
3100,'15',640,,30014,9,,,1,70,,30015,9,,,1,30,,29994,9,,,1,70,,29998,9,,,1,30,,30021,9,,,1,70,,30003,9,,,1,30,,29999,9,,,1,70,,30008,9,,,1,30,,29990,9,,,1,70,,30000,9,,,1,30,,29996,9,,,1,70,,30009,9,,,1,30,,30007,9,,,1,70,,29993,9,,,1,30,,30020,9,,,1,70,,30006,9,,,1,30,,29988,9,,,1,70,,30011,9,,,1,32,,30001,9,,,1,68,,29989,9,,,1,30,,30010,9,,,1,70,,30004,9,,,1,30,,29991,9,,,1,70,,29995,9,,,1,30,,30018,9,,,1,70,,30019,9,,,1,30,,30005,9,,,1,70,,30013,9,,,1,30,,29997,9,,,1,70,,30017,9,,,1,29,,30002,9,,,1,100,,30016,9,,,1
3100,'16',640,,30048,9,,,1,70,,30049,9,,,1,30,,30028,9,,,1,70,,30032,9,,,1,30,,30055,9,,,1,70,,30037,9,,,1,30,,30033,9,,,1,70,,30042,9,,,1,30,,30024,9,,,1,70,,30034,9,,,1,30,,30030,9,,,1,70,,30043,9,,,1,30,,30041,9,,,1,70,,30027,9,,,1,30,,30054,9,,,1,70,,30040,9,,,1,30,,30022,9,,,1,70,,30045,9,,,1,32,,30035,9,,,1,68,,30023,9,,,1,30,,30044,9,,,1,70,,30038,9,,,1,30,,30025,9,,,1,70,,30029,9,,,1,30,,30052,9,,,1,70,,30053,9,,,1,30,,30039,9,,,1,70,,30047,9,,,1,30,,30031,9,,,1,70,,30051,9,,,1,29,,30036,9,,,1,100,,30050,9,,,1
3100,'17',640,,30059,9,,,1,70,,30081,9,,,1,30,,30075,9,,,1,70,,30058,9,,,1,30,,30087,9,,,1,70,,30067,9,,,1,30,,30072,9,,,1,70,,30068,9,,,1,30,,30064,9,,,1,70,,30074,9,,,1,30,,30082,9,,,1,70,,30057,9,,,1,30,,30084,9,,,1,70,,30078,9,,,1,30,,30073,9,,,1,70,,30060,9,,,1,30,,30065,9,,,1,70,,30083,9,,,1,30,,30080,9,,,1,70,,30062,9,,,1,30,,30063,9,,,1,70,,30061,9,,,1,30,,30086,9,,,1,70,,30079,9,,,1,30,,30071,9,,,1,70,,30070,9,,,1,30,,30056,9,,,1,70,,30066,9,,,1,30,,30077,9,,,1,70,,30076,9,,,1,29,,30069,9,,,1,100,,30085,9,,,1
3100,'18',640,,30096,9,,,1,70,,30114,9,,,1,30,,30107,9,,,1,70,,30110,9,,,1,30,,30099,9,,,1,70,,30113,9,,,1,30,,30112,9,,,1,70,,30105,9,,,1,30,,30094,9,,,1,70,,30119,9,,,1,30,,30098,9,,,1,70,,30090,9,,,1,30,,30104,9,,,1,70,,30118,9,,,1,30,,30089,9,,,1,70,,30101,9,,,1,30,,30102,9,,,1,70,,30097,9,,,1,31,,30092,9,,,1,71,,30115,9,,,1,28,,30111,9,,,1,70,,30091,9,,,1,30,,30093,9,,,1,70,,30106,9,,,1,30,,30109,9,,,1,70,,30108,9,,,1,30,,30095,9,,,1,70,,30116,9,,,1,30,,30117,9,,,1,70,,30088,9,,,1,29,,30100,9,,,1,100,,30103,9,,,1
3100,'19',640,,30123,9,,,1,70,,30145,9,,,1,30,,30139,9,,,1,70,,30122,9,,,1,30,,30151,9,,,1,70,,30131,9,,,1,30,,30136,9,,,1,70,,30132,9,,,1,30,,30128,9,,,1,70,,30138,9,,,1,30,,30146,9,,,1,70,,30121,9,,,1,30,,30148,9,,,1,70,,30142,9,,,1,30,,30137,9,,,1,70,,30124,9,,,1,30,,30129,9,,,1,70,,30147,9,,,1,30,,30144,9,,,1,70,,30126,9,,,1,30,,30127,9,,,1,70,,30125,9,,,1,30,,30150,9,,,1,70,,30143,9,,,1,30,,30135,9,,,1,70,,30134,9,,,1,30,,30120,9,,,1,70,,30130,9,,,1,30,,30141,9,,,1,70,,30140,9,,,1,29,,30133,9,,,1,100,,30149,9,,,1
3100,'2',743,,30162,9,,,1,100,,30175,9,,,1,100,,30152,9,,,1,70,,30155,9,,,1,30,,30160,9,,,1,70,,30174,9,,,1,30,,30154,9,,,1,71,,30163,9,,,1,30,,30169,9,,,1,70,,30164,9,,,1,30,,30173,9,,,1,70,,30157,9,,,1,30,,30170,9,,,1,70,,30167,9,,,1,30,,30172,9,,,1,70,,30165,9,,,1,30,,30158,9,,,1,70,,30166,9,,,1,30,,30168,9,,,1,100,,30171,9,,,1,100,,30161,9,,,1,99,,30156,9,,,1,100,,30159,9,,,1,100,,30153,9,,,1
3100,'3',640,,30202,9,,,1,70,,30203,9,,,1,30,,30182,9,,,1,70,,30186,9,,,1,30,,30209,9,,,1,70,,30191,9,,,1,30,,30187,9,,,1,70,,30196,9,,,1,30,,30178,9,,,1,70,,30188,9,,,1,30,,30184,9,,,1,70,,30197,9,,,1,30,,30195,9,,,1,70,,30181,9,,,1,30,,30208,9,,,1,70,,30194,9,,,1,30,,30176,9,,,1,70,,30199,9,,,1,32,,30189,9,,,1,68,,30177,9,,,1,30,,30198,9,,,1,70,,30192,9,,,1,30,,30179,9,,,1,70,,30183,9,,,1,30,,30206,9,,,1,70,,30207,9,,,1,30,,30193,9,,,1,70,,30201,9,,,1,30,,30185,9,,,1,70,,30205,9,,,1,29,,30190,9,,,1,100,,30204,9,,,1
3100,'4',640,,30236,9,,,1,70,,30237,9,,,1,30,,30216,9,,,1,70,,30220,9,,,1,30,,30243,9,,,1,70,,30225,9,,,1,30,,30221,9,,,1,70,,30230,9,,,1,30,,30212,9,,,1,70,,30222,9,,,1,30,,30218,9,,,1,70,,30231,9,,,1,30,,30229,9,,,1,70,,30215,9,,,1,30,,30242,9,,,1,70,,30228,9,,,1,30,,30210,9,,,1,70,,30233,9,,,1,32,,30223,9,,,1,68,,30211,9,,,1,30,,30232,9,,,1,70,,30226,9,,,1,30,,30213,9,,,1,70,,30217,9,,,1,30,,30240,9,,,1,70,,30241,9,,,1,30,,30227,9,,,1,70,,30235,9,,,1,30,,30219,9,,,1,70,,30239,9,,,1,29,,30224,9,,,1,100,,30238,9,,,1
3100,'5',640,,30247,9,,,1,70,,30269,9,,,1,30,,30263,9,,,1,70,,30246,9,,,1,30,,30275,9,,,1,70,,30255,9,,,1,30,,30260,9,,,1,70,,30256,9,,,1,30,,30252,9,,,1,70,,30262,9,,,1,30,,30270,9,,,1,70,,30245,9,,,1,30,,30272,9,,,1,70,,30266,9,,,1,30,,30261,9,,,1,70,,30248,9,,,1,30,,30253,9,,,1,70,,30271,9,,,1,30,,30268,9,,,1,70,,30250,9,,,1,30,,30251,9,,,1,70,,30249,9,,,1,30,,30274,9,,,1,70,,30267,9,,,1,30,,30259,9,,,1,70,,30258,9,,,1,30,,30244,9,,,1,70,,30254,9,,,1,30,,30265,9,,,1,70,,30264,9,,,1,29,,30257,9,,,1,100,,30273,9,,,1
3100,'6',640,,30302,9,,,1,70,,30303,9,,,1,30,,30282,9,,,1,70,,30286,9,,,1,30,,30309,9,,,1,70,,30291,9,,,1,30,,30287,9,,,1,70,,30296,9,,,1,30,,30278,9,,,1,70,,30288,9,,,1,30,,30284,9,,,1,70,,30297,9,,,1,30,,30295,9,,,1,70,,30281,9,,,1,30,,30308,9,,,1,70,,30294,9,,,1,30,,30276,9,,,1,70,,30299,9,,,1,32,,30289,9,,,1,68,,30277,9,,,1,30,,30298,9,,,1,70,,30292,9,,,1,30,,30279,9,,,1,70,,30283,9,,,1,30,,30306,9,,,1,70,,30307,9,,,1,30,,30293,9,,,1,70,,30301,9,,,1,30,,30285,9,,,1,70,,30305,9,,,1,29,,30290,9,,,1,100,,30304,9,,,1
3100,'7',640,,30313,9,,,1,70,,30335,9,,,1,30,,30329,9,,,1,70,,30312,9,,,1,30,,30341,9,,,1,70,,30321,9,,,1,30,,30326,9,,,1,70,,30322,9,,,1,30,,30318,9,,,1,70,,30328,9,,,1,30,,30336,9,,,1,70,,30311,9,,,1,30,,30338,9,,,1,70,,30332,9,,,1,30,,30327,9,,,1,70,,30314,9,,,1,30,,30319,9,,,1,70,,30337,9,,,1,30,,30334,9,,,1,70,,30316,9,,,1,30,,30317,9,,,1,70,,30315,9,,,1,30,,30340,9,,,1,70,,30333,9,,,1,30,,30325,9,,,1,70,,30324,9,,,1,30,,30310,9,,,1,70,,30320,9,,,1,30,,30331,9,,,1,70,,30330,9,,,1,29,,30323,9,,,1,100,,30339,9,,,1
3100,'8',710,,30366,9,,,1,30,,30361,9,,,1,70,,30342,9,,,1,30,,30363,9,,,1,70,,30368,9,,,1,30,,30373,9,,,1,70,,30372,9,,,1,30,,30371,9,,,1,70,,30355,9,,,1,30,,30350,9,,,1,71,,30370,9,,,1,30,,30346,9,,,1,70,,30357,9,,,1,30,,30356,9,,,1,70,,30358,9,,,1,30,,30367,9,,,1,70,,30351,9,,,1,30,,30369,9,,,1,70,,30362,9,,,1,30,,30347,9,,,1,70,,30354,9,,,1,30,,30374,9,,,1,70,,30343,9,,,1,30,,30348,9,,,1,70,,30353,9,,,1,30,,30344,9,,,1,69,,30360,9,,,1,30,,30345,9,,,1,70,,30364,9,,,1,30,,30365,9,,,1,70,,30352,9,,,1,30,,30359,9,,,1,70,,30349,9,,,1
3100,'9',743,,30385,9,,,1,100,,30398,9,,,1,100,,30375,9,,,1,70,,30378,9,,,1,30,,30383,9,,,1,70,,30397,9,,,1,30,,30377,9,,,1,71,,30386,9,,,1,30,,30392,9,,,1,70,,30387,9,,,1,30,,30396,9,,,1,70,,30380,9,,,1,30,,30393,9,,,1,70,,30390,9,,,1,30,,30395,9,,,1,70,,30388,9,,,1,30,,30381,9,,,1,70,,30389,9,,,1,30,,30391,9,,,1,100,,30394,9,,,1,100,,30384,9,,,1,99,,30379,9,,,1,100,,30382,9,,,1,100,,30376,9,,,1
3400,'1',757,,32508,32,,,1,100,,32513,32,,,1,96,,32510,32,,,1,70,,32504,32,,,1,30,,32505,32,,,1,70,,32512,32,,,1,30,,32509,32,,,1,70,,32515,32,,,1,30,,32521,32,,,1,70,,32503,32,,,1,30,,32517,32,,,1,70,,32518,32,,,1,30,,32522,32,,,1,70,,32516,32,,,1,82,,32514,32,,,1,18,,32507,32,,,1,30,,32520,32,,,1,70,,32523,32,,,1,30,,32511,32,,,1,70,,32519,32,,,1,83,,32506,32,,,1
3400,'10',550,,32543,35,,,1,75,,32553,32,,,1,31,,32557,32,,,1,71,,32556,32,,,1,30,,32541,32,,,1,49,,32552,35,0,23 24,1,21,,32527,32,,,1,29,,32540,32,,,1,70,,32530,32,,,1,28,,32538,32,,,1,69,,32546,32,,,1,31,,32524,32,,,1,70,,32549,32,,,1,30,,32531,32,,,1,70,,32545,32,,,1,31,,32544,32,,,1,70,,32528,32,,,1,30,,32532,32,,,1,70,,32529,32,,,1,30,,32534,32,,,1,73,,32539,32,,,1,30,,32542,32,,,1,70,,32548,32,,,1,28,,32558,32,,,1,70,,32525,32,,,1,29,,32551,32,,,1,70,,32554,32,,,1,30,,32526,32,,,1,70,,32555,32,,,1,30,,32536,32,,,1,70,,32535,32,,,1,30,,32537,32,,,1,70,,32550,32,,,1,30,,32547,32,,,1
3400,'11',550,,32578,35,,,1,75,,32588,32,,,1,31,,32592,32,,,1,71,,32591,32,,,1,30,,32576,32,,,1,49,,32587,35,0,23 24,1,21,,32562,32,,,1,29,,32575,32,,,1,70,,32565,32,,,1,28,,32573,32,,,1,69,,32581,32,,,1,31,,32559,32,,,1,70,,32584,32,,,1,30,,32566,32,,,1,70,,32580,32,,,1,31,,32579,32,,,1,70,,32563,32,,,1,30,,32567,32,,,1,70,,32564,32,,,1,30,,32569,32,,,1,73,,32574,32,,,1,30,,32577,32,,,1,70,,32583,32,,,1,28,,32593,32,,,1,70,,32560,32,,,1,29,,32586,32,,,1,70,,32589,32,,,1,30,,32561,32,,,1,70,,32590,32,,,1,30,,32571,32,,,1,70,,32570,32,,,1,30,,32572,32,,,1,70,,32585,32,,,1,30,,32582,32,,,1
3400,'12',550,,32613,35,,,1,75,,32623,32,,,1,31,,32627,32,,,1,71,,32626,32,,,1,30,,32611,32,,,1,49,,32622,35,0,23 24,1,21,,32597,32,,,1,29,,32610,32,,,1,70,,32600,32,,,1,28,,32608,32,,,1,69,,32616,32,,,1,31,,32594,32,,,1,70,,32619,32,,,1,30,,32601,32,,,1,70,,32615,32,,,1,31,,32614,32,,,1,70,,32598,32,,,1,30,,32602,32,,,1,70,,32599,32,,,1,30,,32604,32,,,1,73,,32609,32,,,1,30,,32612,32,,,1,70,,32618,32,,,1,28,,32628,32,,,1,70,,32595,32,,,1,29,,32621,32,,,1,70,,32624,32,,,1,30,,32596,32,,,1,70,,32625,32,,,1,30,,32606,32,,,1,70,,32605,32,,,1,30,,32607,32,,,1,70,,32620,32,,,1,30,,32617,32,,,1
3400,'13',550,,32644,35,,,1,75,,32653,32,,,1,31,,32650,32,,,1,71,,32654,32,,,1,30,,32637,32,,,1,70,,32659,32,,,1,29,,32660,32,,,1,70,,32635,32,,,1,28,,32636,32,,,1,69,,32656,32,,,1,31,,32655,32,,,1,70,,32640,32,,,1,30,,32629,32,,,1,70,,32642,32,,,1,31,,32630,32,,,1,70,,32646,32,,,1,30,,32651,32,,,1,70,,32632,32,,,1,30,,32631,32,,,1,73,,32649,32,,,1,30,,32645,32,,,1,70,,32647,32,,,1,28,,32638,32,,,1,70,,32639,32,,,1,29,,32634,32,,,1,70,,32641,32,,,1,30,,32657,32,,,1,70,,32643,32,,,1,30,,32661,32,,,1,70,,32652,32,,,1,30,,32648,32,,,1,70,,32633,32,,,1,30,,32658,32,,,1
3400,'14',707,,32674,32,,,1,100,,32679,32,,,1,30,,32670,32,,,1,70,,32677,32,,,1,30,,32665,32,,,1,70,,32685,32,,,1,30,,32663,32,,,1,70,,32664,32,,,1,30,,32683,32,,,1,70,,32675,32,,,1,30,,32676,32,,,1,70,,32669,32,,,1,30,,32673,32,,,1,70,,32662,32,,,1,30,,32667,32,,,1,70,,32684,32,,,1,30,,32682,32,,,1,70,,32680,32,,,1,30,,32671,32,,,1,70,,32668,32,,,1,30,,32687,32,,,1,70,,32681,32,,,1,30,,32672,32,,,1,70,,32686,32,,,1,30,,32666,32,,,1,75,,32678,32,,,1
3400,'15',550,,32707,35,,,1,75,,32717,32,,,1,31,,32721,32,,,1,71,,32720,32,,,1,30,,32705,32,,,1,49,,32716,35,0,23 24,1,21,,32691,32,,,1,29,,32704,32,,,1,70,,32694,32,,,1,28,,32702,32,,,1,69,,32710,32,,,1,31,,32688,32,,,1,70,,32713,32,,,1,30,,32695,32,,,1,70,,32709,32,,,1,31,,32708,32,,,1,70,,32692,32,,,1,30,,32696,32,,,1,70,,32693,32,,,1,30,,32698,32,,,1,73,,32703,32,,,1,30,,32706,32,,,1,70,,32712,32,,,1,28,,32722,32,,,1,70,,32689,32,,,1,29,,32715,32,,,1,70,,32718,32,,,1,30,,32690,32,,,1,70,,32719,32,,,1,30,,32700,32,,,1,70,,32699,32,,,1,30,,32701,32,,,1,70,,32714,32,,,1,30,,32711,32,,,1
3400,'16',550,,32742,35,,,1,75,,32752,32,,,1,31,,32756,32,,,1,71,,32755,32,,,1,30,,32740,32,,,1,49,,32751,35,0,23 24,1,21,,32726,32,,,1,29,,32739,32,,,1,70,,32729,32,,,1,28,,32737,32,,,1,69,,32745,32,,,1,31,,32723,32,,,1,70,,32748,32,,,1,30,,32730,32,,,1,70,,32744,32,,,1,31,,32743,32,,,1,70,,32727,32,,,1,30,,32731,32,,,1,70,,32728,32,,,1,30,,32733,32,,,1,73,,32738,32,,,1,30,,32741,32,,,1,70,,32747,32,,,1,28,,32757,32,,,1,70,,32724,32,,,1,29,,32750,32,,,1,70,,32753,32,,,1,30,,32725,32,,,1,70,,32754,32,,,1,30,,32735,32,,,1,70,,32734,32,,,1,30,,32736,32,,,1,70,,32749,32,,,1,30,,32746,32,,,1
3400,'17',550,,32773,35,,,1,75,,32782,32,,,1,31,,32779,32,,,1,71,,32783,32,,,1,30,,32766,32,,,1,70,,32788,32,,,1,29,,32789,32,,,1,70,,32764,32,,,1,28,,32765,32,,,1,69,,32785,32,,,1,31,,32784,32,,,1,70,,32769,32,,,1,30,,32758,32,,,1,70,,32771,32,,,1,31,,32759,32,,,1,70,,32775,32,,,1,30,,32780,32,,,1,70,,32761,32,,,1,30,,32760,32,,,1,73,,32778,32,,,1,30,,32774,32,,,1,70,,32776,32,,,1,28,,32767,32,,,1,70,,32768,32,,,1,29,,32763,32,,,1,70,,32770,32,,,1,30,,32786,32,,,1,70,,32772,32,,,1,30,,32790,32,,,1,70,,32781,32,,,1,30,,32777,32,,,1,70,,32762,32,,,1,30,,32787,32,,,1
3400,'18',550,,32816,35,,,1,75,,32812,32,,,1,31,,32796,32,,,1,71,,32794,32,,,1,30,,32808,32,,,1,70,,32795,32,,,1,29,,32813,32,,,1,70,,32823,32,,,1,28,,32806,32,,,1,69,,32799,32,,,1,31,,32820,32,,,1,70,,32804,32,,,1,30,,32814,32,,,1,70,,32802,32,,,1,31,,32811,32,,,1,70,,32819,32,,,1,30,,32793,32,,,1,70,,32810,32,,,1,30,,32818,32,,,1,73,,32792,32,,,1,30,,32817,32,,,1,70,,32805,32,,,1,28,,32797,32,,,1,70,,32821,32,,,1,29,,32807,32,,,1,70,,32791,32,,,1,30,,32801,32,,,1,70,,32822,32,,,1,30,,32798,32,,,1,70,,32815,32,,,1,30,,32800,32,,,1,70,,32803,32,,,1,30,,32809,32,,,1
3400,'19',550,,32839,35,,,1,75,,32848,32,,,1,31,,32845,32,,,1,71,,32849,32,,,1,30,,32832,32,,,1,70,,32854,32,,,1,29,,32855,32,,,1,70,,32830,32,,,1,28,,32831,32,,,1,69,,32851,32,,,1,31,,32850,32,,,1,70,,32835,32,,,1,30,,32824,32,,,1,70,,32837,32,,,1,31,,32825,32,,,1,70,,32841,32,,,1,30,,32846,32,,,1,70,,32827,32,,,1,30,,32826,32,,,1,73,,32844,32,,,1,30,,32840,32,,,1,70,,32842,32,,,1,28,,32833,32,,,1,70,,32834,32,,,1,29,,32829,32,,,1,70,,32836,32,,,1,30,,32852,32,,,1,70,,32838,32,,,1,30,,32856,32,,,1,70,,32847,32,,,1,30,,32843,32,,,1,70,,32828,32,,,1,30,,32853,32,,,1
3400,'2',757,,32862,32,,,1,100,,32867,32,,,1,96,,32864,32,,,1,70,,32858,32,,,1,30,,32859,32,,,1,70,,32866,32,,,1,30,,32863,32,,,1,70,,32869,32,,,1,30,,32875,32,,,1,70,,32857,32,,,1,30,,32871,32,,,1,70,,32872,32,,,1,30,,32876,32,,,1,70,,32870,32,,,1,82,,32868,32,,,1,18,,32861,32,,,1,30,,32874,32,,,1,70,,32877,32,,,1,30,,32865,32,,,1,70,,32873,32,,,1,83,,32860,32,,,1
3400,'3',550,,32897,35,,,1,75,,32907,32,,,1,31,,32911,32,,,1,71,,32910,32,,,1,30,,32895,32,,,1,49,,32906,35,0,23 24,1,21,,32881,32,,,1,29,,32894,32,,,1,70,,32884,32,,,1,28,,32892,32,,,1,69,,32900,32,,,1,31,,32878,32,,,1,70,,32903,32,,,1,30,,32885,32,,,1,70,,32899,32,,,1,31,,32898,32,,,1,70,,32882,32,,,1,30,,32886,32,,,1,70,,32883,32,,,1,30,,32888,32,,,1,73,,32893,32,,,1,30,,32896,32,,,1,70,,32902,32,,,1,28,,32912,32,,,1,70,,32879,32,,,1,29,,32905,32,,,1,70,,32908,32,,,1,30,,32880,32,,,1,70,,32909,32,,,1,30,,32890,32,,,1,70,,32889,32,,,1,30,,32891,32,,,1,70,,32904,32,,,1,30,,32901,32,,,1
3400,'4',550,,32932,35,,,1,75,,32942,32,,,1,31,,32946,32,,,1,71,,32945,32,,,1,30,,32930,32,,,1,49,,32941,35,0,23 24,1,21,,32916,32,,,1,29,,32929,32,,,1,70,,32919,32,,,1,28,,32927,32,,,1,69,,32935,32,,,1,31,,32913,32,,,1,70,,32938,32,,,1,30,,32920,32,,,1,70,,32934,32,,,1,31,,32933,32,,,1,70,,32917,32,,,1,30,,32921,32,,,1,70,,32918,32,,,1,30,,32923,32,,,1,73,,32928,32,,,1,30,,32931,32,,,1,70,,32937,32,,,1,28,,32947,32,,,1,70,,32914,32,,,1,29,,32940,32,,,1,70,,32943,32,,,1,30,,32915,32,,,1,70,,32944,32,,,1,30,,32925,32,,,1,70,,32924,32,,,1,30,,32926,32,,,1,70,,32939,32,,,1,30,,32936,32,,,1
3400,'5',550,,32963,35,,,1,75,,32972,32,,,1,31,,32969,32,,,1,71,,32973,32,,,1,30,,32956,32,,,1,70,,32978,32,,,1,29,,32979,32,,,1,70,,32954,32,,,1,28,,32955,32,,,1,69,,32975,32,,,1,31,,32974,32,,,1,70,,32959,32,,,1,30,,32948,32,,,1,70,,32961,32,,,1,31,,32949,32,,,1,70,,32965,32,,,1,30,,32970,32,,,1,70,,32951,32,,,1,30,,32950,32,,,1,73,,32968,32,,,1,30,,32964,32,,,1,70,,32966,32,,,1,28,,32957,32,,,1,70,,32958,32,,,1,29,,32953,32,,,1,70,,32960,32,,,1,30,,32976,32,,,1,70,,32962,32,,,1,30,,32980,32,,,1,70,,32971,32,,,1,30,,32967,32,,,1,70,,32952,32,,,1,30,,32977,32,,,1
3400,'6',550,,33000,35,,,1,75,,33010,32,,,1,31,,33014,32,,,1,71,,33013,32,,,1,30,,32998,32,,,1,49,,33009,35,0,23 24,1,21,,32984,32,,,1,29,,32997,32,,,1,70,,32987,32,,,1,28,,32995,32,,,1,69,,33003,32,,,1,31,,32981,32,,,1,70,,33006,32,,,1,30,,32988,32,,,1,70,,33002,32,,,1,31,,33001,32,,,1,70,,32985,32,,,1,30,,32989,32,,,1,70,,32986,32,,,1,30,,32991,32,,,1,73,,32996,32,,,1,30,,32999,32,,,1,70,,33005,32,,,1,28,,33015,32,,,1,70,,32982,32,,,1,29,,33008,32,,,1,70,,33011,32,,,1,30,,32983,32,,,1,70,,33012,32,,,1,30,,32993,32,,,1,70,,32992,32,,,1,30,,32994,32,,,1,70,,33007,32,,,1,30,,33004,32,,,1
3400,'7',550,,33031,35,,,1,75,,33040,32,,,1,31,,33037,32,,,1,71,,33041,32,,,1,30,,33024,32,,,1,70,,33046,32,,,1,29,,33047,32,,,1,70,,33022,32,,,1,28,,33023,32,,,1,69,,33043,32,,,1,31,,33042,32,,,1,70,,33027,32,,,1,30,,33016,32,,,1,70,,33029,32,,,1,31,,33017,32,,,1,70,,33033,32,,,1,30,,33038,32,,,1,70,,33019,32,,,1,30,,33018,32,,,1,73,,33036,32,,,1,30,,33032,32,,,1,70,,33034,32,,,1,28,,33025,32,,,1,70,,33026,32,,,1,29,,33021,32,,,1,70,,33028,32,,,1,30,,33044,32,,,1,70,,33030,32,,,1,30,,33048,32,,,1,70,,33039,32,,,1,30,,33035,32,,,1,70,,33020,32,,,1,30,,33045,32,,,1
3400,'8',707,,33061,32,,,1,100,,33066,32,,,1,30,,33057,32,,,1,70,,33064,32,,,1,30,,33052,32,,,1,70,,33072,32,,,1,30,,33050,32,,,1,70,,33051,32,,,1,30,,33070,32,,,1,70,,33062,32,,,1,30,,33063,32,,,1,70,,33056,32,,,1,30,,33060,32,,,1,70,,33049,32,,,1,30,,33054,32,,,1,70,,33071,32,,,1,30,,33069,32,,,1,70,,33067,32,,,1,30,,33058,32,,,1,70,,33055,32,,,1,30,,33074,32,,,1,70,,33068,32,,,1,30,,33059,32,,,1,70,,33073,32,,,1,30,,33053,32,,,1,75,,33065,32,,,1
3400,'9',757,,33080,32,,,1,100,,33085,32,,,1,96,,33082,32,,,1,70,,33076,32,,,1,30,,33077,32,,,1,70,,33084,32,,,1,30,,33081,32,,,1,70,,33087,32,,,1,30,,33093,32,,,1,70,,33075,32,,,1,30,,33089,32,,,1,70,,33090,32,,,1,30,,33094,32,,,1,70,,33088,32,,,1,82,,33086,32,,,1,18,,33079,32,,,1,30,,33092,32,,,1,70,,33095,32,,,1,30,,33083,32,,,1,70,,33091,32,,,1,83,,33078,32,,,1
