26301,'1',1635,,203864,35,,,1,90,,203865,35,,,1,102,,12927,35,,,1,89,,203863,35,,,1
26301,'10',1633,,203868,35,,,1,94,,203867,35,,,1,103,,203869,35,,,1,86,,203866,35,,,1
26301,'12',1633,,203871,35,,,1,92,,203870,35,,,1,102,,203872,35,,,1,89,,9841,35,,,1
26301,'14',1633,,203874,35,,,1,92,,55037,35,,,1,102,,203875,35,,,1,89,,203873,35,,,1
26301,'15',1633,,203877,35,,,1,92,,55314,35,,,1,102,,203878,35,,,1,89,,203876,35,,,1
26301,'16',1633,,203881,35,,,1,92,,203880,35,,,1,102,,203882,35,,,1,89,,203879,35,,,1
26301,'17',1635,,203884,35,,,1,90,,203885,35,,,1,102,,13213,35,,,1,89,,203883,35,,,1
26301,'2',1635,,203887,35,,,1,90,,203888,35,,,1,102,,12987,35,,,1,89,,203886,35,,,1
26301,'3',1633,,203890,35,,,1,92,,55216,35,,,1,102,,203891,35,,,1,89,,203889,35,,,1
26301,'5',1635,,203893,35,,,1,90,,203895,35,,,1,102,,203894,35,,,1,89,,203892,35,,,1
26301,'6',1635,,203897,35,,,1,90,,203898,35,,,1,102,,13543,35,,,1,89,,203896,35,,,1
26301,'8',1635,,203900,35,,,1,90,,203901,35,,,1,102,,13483,35,,,1,89,,203899,35,,,1
30101,'16',1515,,204644,60,,,1
30101,'8',1515,,89781,60,,,1
