2400,'1',944,,24261,55,0,69,1,101,,24244,55,0,69,1,70,,24254,55,0,69,1,30,,24248,55,0,69,1,70,,24242,55,0,69,1,32,,24240,55,0,69,1,70,,24243,55,0,69,1,30,,24249,55,0,69,1,70,,24258,55,0,69,1,30,,24251,55,0,69,1,70,,24245,55,0,69,1,30,,24262,55,0,69,1,70,,24263,55,0,69,1,30,,24252,55,0,69,1,70,,24255,55,0,69,1,30,,24247,55,0,69,1,70,,24264,55,0,69,1,27,,24246,55,0,69,1
2400,'10',557,,24306,55,,,1,144,,24265,55,,,1,105,,24292,55,,,1,30,,24305,55,,,1,70,,24296,55,,,1,29,,24287,55,,,1,70,,24275,55,,,1,29,,24310,55,,,1,70,,24301,55,,,1,30,,24282,55,,,1,70,,24304,55,,,1,30,,24271,55,,,1,70,,24298,55,,,1,30,,24276,55,,,1,72,,24309,55,,,1,30,,24308,55,,,1,70,,24297,55,,,1,417,,24286,55,,,1,95,,24283,55,,,1,102,,24294,55,,,1,100,,24278,55,,,1,100,,24273,55,,,1
2400,'11',557,,24352,55,,,1,144,,24311,55,,,1,105,,24338,55,,,1,30,,24351,55,,,1,70,,24342,55,,,1,29,,24333,55,,,1,70,,24321,55,,,1,29,,24356,55,,,1,70,,24347,55,,,1,30,,24328,55,,,1,70,,24350,55,,,1,30,,24317,55,,,1,70,,24344,55,,,1,30,,24322,55,,,1,72,,24355,55,,,1,30,,24354,55,,,1,70,,24343,55,,,1,417,,24332,55,,,1,95,,24329,55,,,1,102,,24340,55,,,1,100,,24324,55,,,1,100,,24319,55,,,1
2400,'12',557,,24398,55,,,1,144,,24357,55,,,1,105,,24384,55,,,1,30,,24397,55,,,1,70,,24388,55,,,1,29,,24379,55,,,1,70,,24367,55,,,1,29,,24402,55,,,1,70,,24393,55,,,1,30,,24374,55,,,1,70,,24396,55,,,1,30,,24363,55,,,1,70,,24390,55,,,1,30,,24368,55,,,1,72,,24401,55,,,1,30,,24400,55,,,1,70,,24389,55,,,1,417,,24378,55,,,1,95,,24375,55,,,1,102,,24386,55,,,1,100,,24370,55,,,1,100,,24365,55,,,1
2400,'13',557,,24420,55,,,1,144,,24430,55,,,1,33,,24428,55,,,1,72,,24413,55,,,1,30,,24444,55,,,1,71,,24407,55,,,1,28,,24418,55,,,1,70,,24437,55,,,1,29,,24423,55,,,1,70,,24414,55,,,1,30,,24421,55,,,1,70,,24412,55,,,1,30,,24410,55,,,1,70,,24403,55,,,1,30,,24406,55,,,1,72,,24422,55,,,1,30,,24408,55,,,1,68,,24434,55,,,1,419,,24404,55,,,1,95,,24438,55,,,1,102,,24445,55,,,1,100,,24416,55,,,1,100,,24425,55,,,1
2400,'14',711,,24459,55,0,69,1,100,,24467,55,0,69,1,32,,24449,55,0,69,1,70,,24454,55,0,69,1,30,,24456,55,0,69,1,70,,24477,55,0,69,1,33,,24474,55,0,69,1,70,,24476,55,0,69,1,30,,24472,55,0,69,1,70,,24452,55,0,69,1,32,,24473,55,0,69,1,70,,24461,55,0,69,1,30,,24458,55,0,69,1,70,,24460,55,0,69,1,30,,24453,55,0,69,1,70,,24471,55,0,69,1,30,,24462,55,0,69,1,70,,24475,55,0,69,1,30,,24478,55,0,69,1,70,,24463,55,0,69,1,30,,24457,55,0,69,1,70,,24450,55,0,69,1,27,,24451,55,0,69,1,70,,24470,55,0,69,1,30,,24469,55,0,69,1,70,,24455,55,0,69,1,27,,24448,55,0,69,1,70,,24465,44,0,69,1,100,,24468,44,0,69,1,100,,24466,44,0,69,1,100,,24464,44,0,69,1
2400,'15',557,,24520,55,,,1,144,,24479,55,,,1,105,,24506,55,,,1,30,,24519,55,,,1,70,,24510,55,,,1,29,,24501,55,,,1,70,,24489,55,,,1,29,,24524,55,,,1,70,,24515,55,,,1,30,,24496,55,,,1,70,,24518,55,,,1,30,,24485,55,,,1,70,,24512,55,,,1,30,,24490,55,,,1,72,,24523,55,,,1,30,,24522,55,,,1,70,,24511,55,,,1,417,,24500,55,,,1,95,,24497,55,,,1,102,,24508,55,,,1,100,,24492,55,,,1,100,,24487,55,,,1
2400,'16',557,,24566,55,,,1,144,,24525,55,,,1,105,,24552,55,,,1,30,,24565,55,,,1,70,,24556,55,,,1,29,,24547,55,,,1,70,,24535,55,,,1,29,,24570,55,,,1,70,,24561,55,,,1,30,,24542,55,,,1,70,,24564,55,,,1,30,,24531,55,,,1,70,,24558,55,,,1,30,,24536,55,,,1,72,,24569,55,,,1,30,,24568,55,,,1,70,,24557,55,,,1,417,,24546,55,,,1,95,,24543,55,,,1,102,,24554,55,,,1,100,,24538,55,,,1,100,,24533,55,,,1
2400,'17',557,,24588,55,,,1,144,,24598,55,,,1,33,,24596,55,,,1,72,,24581,55,,,1,30,,24612,55,,,1,71,,24575,55,,,1,28,,24586,55,,,1,70,,24605,55,,,1,29,,24591,55,,,1,70,,24582,55,,,1,30,,24589,55,,,1,70,,24580,55,,,1,30,,24578,55,,,1,70,,24571,55,,,1,30,,24574,55,,,1,72,,24590,55,,,1,30,,24576,55,,,1,68,,24602,55,,,1,419,,24572,55,,,1,95,,24606,55,,,1,102,,24613,55,,,1,100,,24584,55,,,1,100,,24593,55,,,1
2400,'18',557,,24626,55,,,1,144,,24627,55,,,1,105,,24616,55,,,1,101,,24634,55,,,1,98,,24624,55,,,1,99,,24629,55,,,1,100,,24632,55,,,1,100,,24618,55,,,1,102,,24633,55,,,1,100,,24619,55,,,1,397,,24625,55,,,1,55,,24617,55,,,1,142,,24620,55,,,1,59,,24630,55,,,1,96,,24621,55,,,1
2400,'19',557,,24652,55,,,1,144,,24662,55,,,1,33,,24660,55,,,1,72,,24645,55,,,1,30,,24676,55,,,1,71,,24639,55,,,1,28,,24650,55,,,1,70,,24669,55,,,1,29,,24655,55,,,1,70,,24646,55,,,1,30,,24653,55,,,1,70,,24644,55,,,1,30,,24642,55,,,1,70,,24635,55,,,1,30,,24638,55,,,1,72,,24654,55,,,1,30,,24640,55,,,1,68,,24666,55,,,1,419,,24636,55,,,1,95,,24670,55,,,1,102,,24677,55,,,1,100,,24648,55,,,1,100,,24657,55,,,1
2400,'2',944,,24701,55,0,69,1,101,,24684,55,0,69,1,70,,24694,55,0,69,1,30,,24688,55,0,69,1,70,,24682,55,0,69,1,32,,24680,55,0,69,1,70,,24683,55,0,69,1,30,,24689,55,0,69,1,70,,24698,55,0,69,1,30,,24691,55,0,69,1,70,,24685,55,0,69,1,30,,24702,55,0,69,1,70,,24703,55,0,69,1,30,,24692,55,0,69,1,70,,24695,55,0,69,1,30,,24687,55,0,69,1,70,,24704,55,0,69,1,27,,24686,55,0,69,1
2400,'3',557,,24746,55,,,1,144,,24705,55,,,1,105,,24732,55,,,1,30,,24745,55,,,1,70,,24736,55,,,1,29,,24727,55,,,1,70,,24715,55,,,1,29,,24750,55,,,1,70,,24741,55,,,1,30,,24722,55,,,1,70,,24744,55,,,1,30,,24711,55,,,1,70,,24738,55,,,1,30,,24716,55,,,1,72,,24749,55,,,1,30,,24748,55,,,1,70,,24737,55,,,1,417,,24726,55,,,1,95,,24723,55,,,1,102,,24734,55,,,1,100,,24718,55,,,1,100,,24713,55,,,1
2400,'4',557,,24792,55,,,1,144,,24751,55,,,1,105,,24778,55,,,1,30,,24791,55,,,1,70,,24782,55,,,1,29,,24773,55,,,1,70,,24761,55,,,1,29,,24796,55,,,1,70,,24787,55,,,1,30,,24768,55,,,1,70,,24790,55,,,1,30,,24757,55,,,1,70,,24784,55,,,1,30,,24762,55,,,1,72,,24795,55,,,1,30,,24794,55,,,1,70,,24783,55,,,1,417,,24772,55,,,1,95,,24769,55,,,1,102,,24780,55,,,1,100,,24764,55,,,1,100,,24759,55,,,1
2400,'5',557,,24814,55,,,1,144,,24824,55,,,1,33,,24822,55,,,1,72,,24807,55,,,1,30,,24838,55,,,1,71,,24801,55,,,1,28,,24812,55,,,1,70,,24831,55,,,1,29,,24817,55,,,1,70,,24808,55,,,1,30,,24815,55,,,1,70,,24806,55,,,1,30,,24804,55,,,1,70,,24797,55,,,1,30,,24800,55,,,1,72,,24816,55,,,1,30,,24802,55,,,1,68,,24828,55,,,1,419,,24798,55,,,1,95,,24832,55,,,1,102,,24839,55,,,1,100,,24810,55,,,1,100,,24819,55,,,1
2400,'6',557,,24883,55,,,1,144,,24842,55,,,1,105,,24869,55,,,1,30,,24882,55,,,1,70,,24873,55,,,1,29,,24864,55,,,1,70,,24852,55,,,1,29,,24887,55,,,1,70,,24878,55,,,1,30,,24859,55,,,1,70,,24881,55,,,1,30,,24848,55,,,1,70,,24875,55,,,1,30,,24853,55,,,1,72,,24886,55,,,1,30,,24885,55,,,1,70,,24874,55,,,1,417,,24863,55,,,1,95,,24860,55,,,1,102,,24871,55,,,1,100,,24855,55,,,1,100,,24850,55,,,1
2400,'7',557,,24905,55,,,1,144,,24915,55,,,1,33,,24913,55,,,1,72,,24898,55,,,1,30,,24929,55,,,1,71,,24892,55,,,1,28,,24903,55,,,1,70,,24922,55,,,1,29,,24908,55,,,1,70,,24899,55,,,1,30,,24906,55,,,1,70,,24897,55,,,1,30,,24895,55,,,1,70,,24888,55,,,1,30,,24891,55,,,1,72,,24907,55,,,1,30,,24893,55,,,1,68,,24919,55,,,1,419,,24889,55,,,1,95,,24923,55,,,1,102,,24930,55,,,1,100,,24901,55,,,1,100,,24910,55,,,1
2400,'8',711,,24944,55,0,69,1,100,,24952,55,0,69,1,32,,24934,55,0,69,1,70,,24939,55,0,69,1,30,,24941,55,0,69,1,70,,24962,55,0,69,1,33,,24959,55,0,69,1,70,,24961,55,0,69,1,30,,24957,55,0,69,1,70,,24937,55,0,69,1,32,,24958,55,0,69,1,70,,24946,55,0,69,1,30,,24943,55,0,69,1,70,,24945,55,0,69,1,30,,24938,55,0,69,1,70,,24956,55,0,69,1,30,,24947,55,0,69,1,70,,24960,55,0,69,1,30,,24963,55,0,69,1,70,,24948,55,0,69,1,30,,24942,55,0,69,1,70,,24935,55,0,69,1,27,,24936,55,0,69,1,70,,24955,55,0,69,1,30,,24954,55,0,69,1,70,,24940,55,0,69,1,27,,24933,55,0,69,1,70,,24950,44,0,69,1,100,,24953,44,0,69,1,100,,24951,44,0,69,1,100,,24949,44,0,69,1
2400,'9',944,,24985,55,0,69,1,101,,24968,55,0,69,1,70,,24978,55,0,69,1,30,,24972,55,0,69,1,70,,24966,55,0,69,1,32,,24964,55,0,69,1,70,,24967,55,0,69,1,30,,24973,55,0,69,1,70,,24982,55,0,69,1,30,,24975,55,0,69,1,70,,24969,55,0,69,1,30,,24986,55,0,69,1,70,,24987,55,0,69,1,30,,24976,55,0,69,1,70,,24979,55,0,69,1,30,,24971,55,0,69,1,70,,24988,55,0,69,1,27,,24970,55,0,69,1
22600,'10',1534,,115951,7,,,1,25,,115950,7,,,1,61,,115948,7,,,1,27,,115953,7,,,1,69,,115952,7,,,1,29,,115949,7,,,1,70,,115947,7,,,1
22600,'11',1534,,115958,7,,,1,25,,115957,7,,,1,61,,115955,7,,,1,27,,115960,7,,,1,69,,115959,7,,,1,29,,115956,7,,,1,70,,115954,7,,,1
22600,'12',1534,,115965,7,,,1,25,,115964,7,,,1,61,,115962,7,,,1,27,,115967,7,,,1,69,,115966,7,,,1,29,,115963,7,,,1,70,,115961,7,,,1
22600,'13',1534,,115969,7,,,1,25,,115971,7,,,1,61,,115972,7,,,1,27,,115973,7,,,1,69,,115974,7,,,1,29,,115968,7,,,1,70,,115970,7,,,1
22600,'15',1534,,115979,7,,,1,25,,115978,7,,,1,61,,115976,7,,,1,27,,115981,7,,,1,69,,115980,7,,,1,29,,115977,7,,,1,70,,115975,7,,,1
22600,'16',1534,,115986,7,,,1,25,,115985,7,,,1,61,,115983,7,,,1,27,,115988,7,,,1,69,,115987,7,,,1,29,,115984,7,,,1,70,,115982,7,,,1
22600,'17',1534,,115990,7,,,1,25,,115992,7,,,1,61,,115993,7,,,1,27,,115994,7,,,1,69,,115995,7,,,1,29,,115989,7,,,1,70,,115991,7,,,1
22600,'18',1534,,115997,7,,,1,86,,115998,7,,,1,96,,115996,7,,,1,99,,115999,7,,,1
22600,'19',1534,,116001,7,,,1,25,,116003,7,,,1,61,,116004,7,,,1,27,,116005,7,,,1,69,,116006,7,,,1,29,,116000,7,,,1,70,,116002,7,,,1
22600,'3',1534,,116011,7,,,1,25,,116010,7,,,1,61,,116008,7,,,1,27,,116013,7,,,1,69,,116012,7,,,1,29,,116009,7,,,1,70,,116007,7,,,1
22600,'4',1534,,116018,7,,,1,25,,116017,7,,,1,61,,116015,7,,,1,27,,116020,7,,,1,69,,116019,7,,,1,29,,116016,7,,,1,70,,116014,7,,,1
22600,'5',1534,,116022,7,,,1,25,,116024,7,,,1,61,,116025,7,,,1,27,,116026,7,,,1,69,,116027,7,,,1,29,,116021,7,,,1,70,,116023,7,,,1
22600,'6',1534,,116032,7,,,1,25,,116031,7,,,1,61,,116029,7,,,1,27,,116034,7,,,1,69,,116033,7,,,1,29,,116030,7,,,1,70,,116028,7,,,1
22600,'7',1534,,116036,7,,,1,25,,116038,7,,,1,61,,116039,7,,,1,27,,116040,7,,,1,69,,116041,7,,,1,29,,116035,7,,,1,70,,116037,7,,,1
62701,'10',1518,,118534,16,,,1
62701,'11',1518,,118535,16,,,1
62701,'12',1518,,118536,16,,,1
62701,'15',1518,,118537,16,,,1
62701,'16',1518,,118538,16,,,1
62701,'3',1518,,118539,16,,,1
62701,'4',1518,,118540,16,,,1
62701,'6',1518,,118541,16,,,1
64801,'10',1508,,118942,2,,,1
64801,'11',1508,,118943,2,,,1
64801,'12',1508,,118944,2,,,1
64801,'15',1508,,118945,2,,,1
64801,'16',1508,,118946,2,,,1
64801,'3',1508,,118947,2,,,1
64801,'4',1508,,118948,2,,,1
64801,'6',1508,,118949,2,,,1
67800,'10',823,,119926,40,4,,1
67800,'11',823,,119927,40,4,,1
67800,'12',823,,119928,40,4,,1
67800,'15',823,,119929,40,4,,1
67800,'16',823,,119930,40,4,,1
67800,'3',823,,119931,40,4,,1
67800,'4',823,,119932,40,4,,1
67800,'6',823,,119933,40,4,,1
