4700,'12',548,,244670,4,,,1,71,,244667,4,,,1,30,,244665,4,,,1,70,,244668,4,,,1,19,,244669,4,,,1,71,,244664,4,,,1,30,,244666,4,,,1
4700,'14',548,,244674,4,,,1,71,,244673,4,,,1,30,,244672,4,,,1,70,,244675,4,,,1,20,,175621,4,,,1,70,,148022,4,,,1,30,,244671,4,,,1
4700,'15',548,,244682,4,,,1,71,,244679,4,,,1,30,,244677,4,,,1,70,,244680,4,,,1,19,,244681,4,,,1,71,,244676,4,,,1,30,,244678,4,,,1
4700,'17',548,,244686,4,,,1,71,,244685,4,,,1,30,,244684,4,,,1,70,,244687,4,,,1,20,,175487,4,,,1,70,,147906,4,,,1,30,,244683,4,,,1
4700,'18',548,,244691,4,,,1,71,,244690,4,,,1,30,,244689,4,,,1,70,,244692,4,,,1,20,,1299,4,,,1,70,,59033,4,,,1,30,,244688,4,,,1
4700,'2',548,,244696,4,,,1,71,,244695,4,,,1,30,,195601,4,,,1,70,,244697,4,,,1,20,,244694,4,,,1,70,,244698,4,,,1,30,,244693,4,,,1
4700,'3',548,,244702,4,,,1,71,,179777,4,,,1,30,,244700,4,,,1,70,,61198,4,,,1,19,,142443,4,,,1,71,,244699,4,,,1,30,,244701,4,,,1
4700,'4',548,,244709,4,,,1,71,,244706,4,,,1,30,,244704,4,,,1,70,,244707,4,,,1,19,,244708,4,,,1,71,,244703,4,,,1,30,,244705,4,,,1
4700,'5',548,,244716,4,,,1,71,,244713,4,,,1,30,,244711,4,,,1,70,,244714,4,,,1,19,,244715,4,,,1,71,,244710,4,,,1,30,,244712,4,,,1
4700,'7',548,,244721,4,,,1,71,,244720,4,,,1,30,,244719,4,,,1,70,,244722,4,,,1,20,,244718,4,,,1,70,,244723,4,,,1,30,,244717,4,,,1
4700,'8',548,,244724,4,,,1,71,,244729,4,,,1,30,,244725,4,,,1,70,,244727,4,,,1,20,,244726,4,,,1,70,,244730,4,,,1,30,,244728,4,,,1
4700,'9',548,,244737,4,,,1,71,,244734,4,,,1,30,,244732,4,,,1,70,,244735,4,,,1,19,,244736,4,,,1,71,,244731,4,,,1,30,,244733,4,,,1
