3901,'1',934,,704871,,,1,70,,704848,,,1,30,,704852,,,1,70,,704860,,,1,30,,704893,,,1,70,,646111,,,1,30,,704856,,,1,70,,704877,,,1,30,,704888,,,1,70,,704891,,,1,30,,704837,,,1,70,,704850,,,1,30,,704834,,,1,70,,704892,,,1,30,,704868,,,1,70,,704859,,,1,30,,704885,,,1,70,,704853,,,1,30,,704857,,,1,70,,704872,,,1,30,,588920,,,1,70,,704854,,,1,30,,704858,,,1,70,,704847,,,1
3901,'10',553,,704944,,,1,73,,704932,,,1,21,,576314,,,1,72,,704919,,,1,29,,704949,,,1,68,,458523,,,1,31,,704927,,,1,70,,704910,,,1,30,,704936,,,1,70,,704906,,,1,30,,704920,,,1,70,,704911,,,1,30,,610448,,,1,70,,704950,,,1,30,,704918,,,1,70,,704931,,,1,30,,704926,,,1,70,,704905,,,1,33,,704930,,,1,70,,704943,,,1,17,,704954,,,1,13,,704938,,,1,52,,704964,,,1,12,,704899,,,1,16,,704942,,,1,14,,704929,,,1,56,,704945,,,1,14,,704916,,,1,16,,704935,,,1,14,,704955,,,1,15,,609630,,,1,55,,704912,,,1,15,,704952,,,1,15,,704953,,,1,67,,704904,,,1,30,,557857,,,1,70,,557882,,,1,30,,704959,,,1,70,,645319,,,1,28,,704921,,,1,70,,704914,,,1,30,,704958,,,1
3901,'11',553,,705010,,,1,73,,704998,,,1,21,,576501,,,1,72,,704985,,,1,29,,705015,,,1,68,,458637,,,1,31,,704993,,,1,70,,704976,,,1,30,,705002,,,1,70,,704972,,,1,30,,704986,,,1,70,,704977,,,1,30,,610672,,,1,70,,705016,,,1,30,,704984,,,1,70,,704997,,,1,30,,704992,,,1,70,,704971,,,1,33,,704996,,,1,70,,705009,,,1,17,,705020,,,1,13,,705004,,,1,52,,705030,,,1,12,,704965,,,1,16,,705008,,,1,14,,704995,,,1,56,,705011,,,1,14,,704982,,,1,16,,705001,,,1,14,,705021,,,1,15,,609842,,,1,55,,704978,,,1,15,,705018,,,1,15,,705019,,,1,67,,704970,,,1,30,,558192,,,1,70,,558217,,,1,30,,705025,,,1,70,,645609,,,1,28,,704987,,,1,70,,704980,,,1,30,,705024,,,1
3901,'12',553,,705076,,,1,73,,705064,,,1,21,,576596,,,1,72,,705051,,,1,29,,705081,,,1,68,,458555,,,1,31,,705059,,,1,70,,705042,,,1,30,,705068,,,1,70,,705038,,,1,30,,705052,,,1,70,,705043,,,1,30,,610772,,,1,70,,705082,,,1,30,,705050,,,1,70,,705063,,,1,30,,705058,,,1,70,,705037,,,1,33,,705062,,,1,70,,705075,,,1,17,,705086,,,1,13,,705070,,,1,52,,705096,,,1,12,,705031,,,1,16,,705074,,,1,14,,705061,,,1,56,,705077,,,1,14,,705048,,,1,16,,705067,,,1,14,,705087,,,1,15,,609948,,,1,55,,705044,,,1,15,,705084,,,1,15,,705085,,,1,67,,705036,,,1,30,,558347,,,1,70,,558372,,,1,30,,705091,,,1,70,,645737,,,1,28,,705053,,,1,70,,705046,,,1,30,,705090,,,1
3901,'13',553,,705154,,,1,73,,705125,,,1,21,,705142,,,1,72,,559030,,,1,28,,705123,,,1,69,,616798,,,1,33,,705127,,,1,68,,705152,,,1,30,,705150,,,1,70,,705102,,,1,30,,705107,,,1,70,,705143,,,1,30,,705104,,,1,70,,555187,,,1,30,,705112,,,1,70,,705139,,,1,30,,705111,,,1,70,,705099,,,1,33,,705145,,,1,70,,555228,,,1,17,,705141,,,1,13,,705129,,,1,50,,633387,,,1,14,,705122,,,1,15,,705106,,,1,13,,705117,,,1,58,,705135,,,1,12,,705108,,,1,19,,641262,,,1,13,,705144,,,1,15,,705137,,,1,55,,705101,,,1,15,,613111,,,1,15,,705132,,,1,67,,673152,,,1,30,,705151,,,1,70,,705103,,,1,30,,705133,,,1,70,,705126,,,1,28,,705118,,,1,70,,568584,,,1,30,,705114,,,1
3901,'14',833,,705199,,,1,70,,705191,,,1,30,,571565,,,1,70,,705177,,,1,30,,631256,,,1,70,,705198,,,1,30,,705210,,,1,70,,705172,,,1,30,,705160,,,1,70,,705173,,,1,30,,705179,,,1,70,,705196,,,1,30,,705166,,,1,70,,705182,,,1,30,,363506,,,1,70,,705194,,,1,30,,705169,,,1,70,,705203,,,1,30,,705187,,,1,70,,705200,,,1,30,,668011,,,1,70,,643615,,,1,30,,705164,,,1,70,,705197,,,1,30,,669965,,,1,70,,565345,,,1,30,,705165,,,1,70,,568002,,,1
3901,'15',553,,705257,,,1,73,,705245,,,1,21,,576374,,,1,72,,705232,,,1,29,,705262,,,1,68,,458421,,,1,31,,705240,,,1,70,,705223,,,1,30,,705249,,,1,70,,705219,,,1,30,,705233,,,1,70,,705224,,,1,30,,610520,,,1,70,,705263,,,1,30,,705231,,,1,70,,705244,,,1,30,,705239,,,1,70,,705218,,,1,33,,705243,,,1,70,,705256,,,1,17,,705267,,,1,13,,705251,,,1,52,,705277,,,1,12,,705212,,,1,16,,705255,,,1,14,,705242,,,1,56,,705258,,,1,14,,705229,,,1,16,,705248,,,1,14,,705268,,,1,15,,609698,,,1,55,,705225,,,1,15,,705265,,,1,15,,705266,,,1,67,,705217,,,1,30,,557965,,,1,70,,557990,,,1,30,,705272,,,1,70,,645415,,,1,28,,705234,,,1,70,,705227,,,1,30,,705271,,,1
3901,'16',553,,705323,,,1,73,,705311,,,1,21,,576873,,,1,72,,705298,,,1,29,,705328,,,1,68,,458392,,,1,31,,705306,,,1,70,,705289,,,1,30,,705315,,,1,70,,705285,,,1,30,,705299,,,1,70,,705290,,,1,30,,611104,,,1,70,,705329,,,1,30,,705297,,,1,70,,705310,,,1,30,,705305,,,1,70,,705284,,,1,33,,705309,,,1,70,,705322,,,1,17,,705333,,,1,13,,705317,,,1,52,,705343,,,1,12,,705278,,,1,16,,705321,,,1,14,,705308,,,1,56,,705324,,,1,14,,705295,,,1,16,,705314,,,1,14,,705334,,,1,15,,610297,,,1,55,,705291,,,1,15,,705331,,,1,15,,705332,,,1,67,,705283,,,1,30,,558868,,,1,70,,558893,,,1,30,,705338,,,1,70,,646161,,,1,28,,705300,,,1,70,,705293,,,1,30,,705337,,,1
3901,'17',553,,345064,,,1,73,,705376,,,1,21,,705395,,,1,72,,705397,,,1,28,,705374,,,1,69,,705373,,,1,33,,557662,,,1,68,,583040,,,1,30,,705404,,,1,70,,705348,,,1,30,,705356,,,1,70,,670127,,,1,30,,705350,,,1,70,,705344,,,1,30,,705361,,,1,70,,705391,,,1,30,,592608,,,1,70,,667514,,,1,33,,705398,,,1,70,,705394,,,1,17,,705393,,,1,13,,705379,,,1,50,,705385,,,1,14,,705372,,,1,15,,705355,,,1,13,,705365,,,1,58,,705384,,,1,12,,653533,,,1,19,,705367,,,1,13,,585794,,,1,15,,705389,,,1,55,,667879,,,1,15,,705368,,,1,15,,705381,,,1,67,,705380,,,1,30,,578838,,,1,70,,705349,,,1,30,,500564,,,1,70,,592621,,,1,28,,705366,,,1,70,,705402,,,1,30,,705363,,,1
3901,'18',553,,705424,,,1,73,,705458,,,1,21,,705414,,,1,72,,705476,,,1,29,,705456,,,1,70,,705461,,,1,31,,705477,,,1,68,,705441,,,1,30,,705427,,,1,70,,705419,,,1,30,,705446,,,1,70,,705478,,,1,30,,705408,,,1,70,,705467,,,1,30,,626690,,,1,70,,705417,,,1,30,,705464,,,1,70,,705475,,,1,33,,705448,,,1,70,,705444,,,1,17,,705429,,,1,13,,660711,,,1,52,,705445,,,1,12,,705472,,,1,16,,705436,,,1,15,,705420,,,1,55,,509971,,,1,14,,705425,,,1,16,,652933,,,1,14,,705421,,,1,15,,705460,,,1,55,,705418,,,1,15,,705415,,,1,15,,705454,,,1,67,,705412,,,1,30,,648546,,,1,70,,705471,,,1,30,,705455,,,1,70,,705451,,,1,28,,705462,,,1,70,,705453,,,1,30,,705416,,,1
3901,'19',553,,705536,,,1,73,,705507,,,1,21,,705524,,,1,72,,559277,,,1,28,,705505,,,1,69,,617012,,,1,33,,705509,,,1,68,,705534,,,1,30,,705532,,,1,70,,705484,,,1,30,,705489,,,1,70,,705525,,,1,30,,705486,,,1,70,,555666,,,1,30,,705494,,,1,70,,705521,,,1,30,,705493,,,1,70,,705481,,,1,33,,705527,,,1,70,,555708,,,1,17,,705523,,,1,13,,705511,,,1,50,,633598,,,1,14,,705504,,,1,15,,705488,,,1,13,,705499,,,1,58,,705517,,,1,12,,705490,,,1,19,,641836,,,1,13,,705526,,,1,15,,705519,,,1,55,,705483,,,1,15,,613335,,,1,15,,705514,,,1,67,,673229,,,1,30,,705533,,,1,70,,705485,,,1,30,,705515,,,1,70,,705508,,,1,28,,705500,,,1,70,,568795,,,1,30,,705496,,,1
3901,'2',934,,705575,,,1,70,,705552,,,1,30,,705556,,,1,70,,705564,,,1,30,,705597,,,1,70,,645687,,,1,30,,705560,,,1,70,,705581,,,1,30,,705592,,,1,70,,705595,,,1,30,,705541,,,1,70,,705554,,,1,30,,705538,,,1,70,,705596,,,1,30,,705572,,,1,70,,705563,,,1,30,,705589,,,1,70,,705557,,,1,30,,705561,,,1,70,,705576,,,1,30,,588656,,,1,70,,705558,,,1,30,,705562,,,1,70,,705551,,,1
3901,'3',553,,705648,,,1,73,,705636,,,1,21,,576404,,,1,72,,705623,,,1,29,,705653,,,1,68,,458363,,,1,31,,705631,,,1,70,,705614,,,1,30,,705640,,,1,70,,705610,,,1,30,,705624,,,1,70,,705615,,,1,30,,610556,,,1,70,,705654,,,1,30,,705622,,,1,70,,705635,,,1,30,,705630,,,1,70,,705609,,,1,33,,705634,,,1,70,,705647,,,1,17,,705658,,,1,13,,705642,,,1,52,,705668,,,1,12,,705603,,,1,16,,705646,,,1,14,,705633,,,1,56,,705649,,,1,14,,705620,,,1,16,,705639,,,1,14,,705659,,,1,15,,609732,,,1,55,,705616,,,1,15,,705656,,,1,15,,705657,,,1,67,,705608,,,1,30,,558019,,,1,70,,558044,,,1,30,,705663,,,1,70,,645463,,,1,28,,705625,,,1,70,,705618,,,1,30,,705662,,,1
3901,'4',553,,705714,,,1,73,,705702,,,1,21,,576344,,,1,72,,705689,,,1,29,,705719,,,1,68,,458143,,,1,31,,705697,,,1,70,,705680,,,1,30,,705706,,,1,70,,705676,,,1,30,,705690,,,1,70,,705681,,,1,30,,610484,,,1,70,,705720,,,1,30,,705688,,,1,70,,705701,,,1,30,,705696,,,1,70,,705675,,,1,33,,705700,,,1,70,,705713,,,1,17,,705724,,,1,13,,705708,,,1,52,,705734,,,1,12,,705669,,,1,16,,705712,,,1,14,,705699,,,1,56,,705715,,,1,14,,705686,,,1,16,,705705,,,1,14,,705725,,,1,15,,609664,,,1,55,,705682,,,1,15,,705722,,,1,15,,705723,,,1,67,,705674,,,1,30,,557911,,,1,70,,557936,,,1,30,,705729,,,1,70,,645367,,,1,28,,705691,,,1,70,,705684,,,1,30,,705728,,,1
3901,'5',553,,705805,,,1,73,,705766,,,1,21,,705789,,,1,72,,705793,,,1,28,,705764,,,1,69,,705763,,,1,33,,705768,,,1,68,,705803,,,1,30,,705800,,,1,70,,705741,,,1,30,,492382,,,1,70,,705790,,,1,30,,705743,,,1,70,,705735,,,1,30,,705752,,,1,70,,705785,,,1,30,,705751,,,1,70,,705738,,,1,33,,705794,,,1,70,,705788,,,1,17,,705787,,,1,13,,705771,,,1,50,,705779,,,1,14,,705762,,,1,15,,525053,,,1,13,,562721,,,1,58,,705778,,,1,12,,705749,,,1,19,,705758,,,1,13,,705792,,,1,15,,705783,,,1,55,,705740,,,1,15,,705759,,,1,15,,705775,,,1,67,,705773,,,1,30,,705802,,,1,70,,705742,,,1,30,,705777,,,1,70,,705767,,,1,28,,705757,,,1,70,,705797,,,1,30,,705754,,,1
3901,'6',553,,705852,,,1,73,,705840,,,1,21,,576471,,,1,72,,705827,,,1,29,,705857,,,1,68,,458334,,,1,31,,705835,,,1,70,,705818,,,1,30,,705844,,,1,70,,705814,,,1,30,,705828,,,1,70,,705819,,,1,30,,610636,,,1,70,,705858,,,1,30,,705826,,,1,70,,705839,,,1,30,,705834,,,1,70,,705813,,,1,33,,705838,,,1,70,,705851,,,1,17,,705862,,,1,13,,705846,,,1,52,,705872,,,1,12,,705807,,,1,16,,705850,,,1,14,,705837,,,1,56,,705853,,,1,14,,705824,,,1,16,,705843,,,1,14,,705863,,,1,15,,609808,,,1,55,,705820,,,1,15,,705860,,,1,15,,705861,,,1,67,,705812,,,1,30,,558138,,,1,70,,558163,,,1,30,,705867,,,1,70,,645561,,,1,28,,705829,,,1,70,,705822,,,1,30,,705866,,,1
3901,'7',553,,705944,,,1,73,,705904,,,1,21,,705927,,,1,72,,705931,,,1,28,,705902,,,1,69,,705901,,,1,33,,705906,,,1,68,,705942,,,1,30,,705939,,,1,70,,705878,,,1,30,,705886,,,1,70,,705928,,,1,30,,705880,,,1,70,,705873,,,1,30,,705892,,,1,70,,705923,,,1,30,,705891,,,1,70,,705875,,,1,33,,705932,,,1,70,,705926,,,1,17,,705925,,,1,13,,705909,,,1,50,,705918,,,1,14,,705900,,,1,15,,705885,,,1,13,,705895,,,1,58,,705917,,,1,12,,705889,,,1,19,,705896,,,1,13,,705930,,,1,15,,626439,,,1,55,,705877,,,1,15,,705897,,,1,15,,705913,,,1,67,,705911,,,1,30,,705941,,,1,70,,705879,,,1,30,,705915,,,1,70,,705905,,,1,28,,640294,,,1,70,,705936,,,1,30,,705893,,,1
3901,'8',833,,705997,,,1,70,,705990,,,1,30,,706013,,,1,70,,705973,,,1,30,,705983,,,1,70,,705996,,,1,30,,706010,,,1,70,,705966,,,1,30,,705953,,,1,70,,705967,,,1,30,,705974,,,1,70,,705994,,,1,30,,705959,,,1,70,,705979,,,1,30,,705957,,,1,70,,471352,,,1,30,,705962,,,1,70,,706002,,,1,30,,705985,,,1,70,,705998,,,1,30,,705988,,,1,70,,705976,,,1,30,,557366,,,1,70,,474791,,,1,30,,705972,,,1,70,,705948,,,1,30,,705958,,,1,70,,705965,,,1
3901,'9',934,,706049,,,1,70,,706029,,,1,30,,666139,,,1,70,,706040,,,1,30,,554899,,,1,70,,706043,,,1,30,,574743,,,1,70,,649202,,,1,30,,706062,,,1,70,,706065,,,1,30,,706015,,,1,70,,706031,,,1,30,,581669,,,1,70,,706066,,,1,30,,706046,,,1,70,,706039,,,1,30,,706060,,,1,70,,706032,,,1,30,,706036,,,1,70,,706050,,,1,30,,706027,,,1,70,,706033,,,1,30,,706037,,,1,70,,669730,,,1
63900,'10',832,,769205,,,1
63900,'11',832,,769206,,,1
63900,'12',832,,769207,,,1
63900,'15',832,,769208,,,1
63900,'16',832,,769209,,,1
63900,'3',832,,769210,,,1
63900,'4',832,,769211,,,1
63900,'6',832,,769212,,,1
