4700,'12',558,,244670,21,,,1,71,,244667,21,,,1,71,,244665,21,,,1,30,,244668,21,,,1,19,,244669,21,,,1,71,,244664,21,,,1,30,,244666,21,,,1
4700,'14',558,,244674,21,,,1,71,,244673,21,,,1,71,,244672,21,,,1,30,,244675,21,,,1,20,,175621,21,,,1,70,,148022,21,,,1,30,,244671,21,,,1
4700,'15',558,,244682,21,,,1,71,,244679,21,,,1,71,,244677,21,,,1,30,,244680,21,,,1,19,,244681,21,,,1,71,,244676,21,,,1,30,,244678,21,,,1
4700,'17',558,,244686,21,,,1,71,,244685,21,,,1,71,,244684,21,,,1,30,,244687,21,,,1,20,,175487,21,,,1,70,,147906,21,,,1,30,,244683,21,,,1
4700,'18',558,,244691,21,,,1,71,,244690,21,,,1,71,,244689,21,,,1,30,,244692,21,,,1,20,,1299,21,,,1,70,,59033,21,,,1,30,,244688,21,,,1
4700,'2',558,,244696,21,,,1,71,,244695,21,,,1,71,,195601,21,,,1,30,,244697,21,,,1,20,,244694,21,,,1,70,,244698,21,,,1,30,,244693,21,,,1
4700,'3',558,,244702,21,,,1,71,,179777,21,,,1,71,,244700,21,,,1,30,,61198,21,,,1,19,,142443,21,,,1,71,,244699,21,,,1,30,,244701,21,,,1
4700,'4',558,,244709,21,,,1,71,,244706,21,,,1,71,,244704,21,,,1,30,,244707,21,,,1,19,,244708,21,,,1,71,,244703,21,,,1,30,,244705,21,,,1
4700,'5',558,,244716,21,,,1,71,,244713,21,,,1,71,,244711,21,,,1,30,,244714,21,,,1,19,,244715,21,,,1,71,,244710,21,,,1,30,,244712,21,,,1
4700,'7',558,,244721,21,,,1,71,,244720,21,,,1,71,,244719,21,,,1,30,,244722,21,,,1,20,,244718,21,,,1,70,,244723,21,,,1,30,,244717,21,,,1
4700,'8',558,,244724,21,,,1,71,,244729,21,,,1,71,,244725,21,,,1,30,,244727,21,,,1,20,,244726,21,,,1,70,,244730,21,,,1,30,,244728,21,,,1
4700,'9',558,,244737,21,,,1,71,,244734,21,,,1,71,,244732,21,,,1,30,,244735,21,,,1,19,,244736,21,,,1,71,,244731,21,,,1,30,,244733,21,,,1
