8100,'1',615,,350800,54,,,0,30,,350805,54,,,0,70,,235170,54,,,0,28,,155000,54,,,0,72,,350795,54,,,0,32,,350809,54,,,0,69,,350810,54,,,0,29,,350811,54,,,0,70,,350806,54,,,0,30,,350813,54,,,0,70,,350799,54,,,0,30,,350798,54,,,0,70,,350817,54,,,0,30,,233888,54,,,0,70,,279520,54,,,0,30,,350803,54,,,0,72,,350807,54,,,0,30,,227655,54,,,0,70,,350797,54,,,0,35,,350814,54,,,0,72,,241705,54,,,0,30,,350792,54,,,0,69,,350818,54,,,0,28,,350794,54,,,0,68,,350796,54,,,0,30,,350808,54,,,0,66,,350793,54,,,0,29,,350815,54,,,0,70,,350819,54,,,0,30,,246669,54,,,0,68,,350812,54,,,0,30,,350801,54,,,0,70,,350816,54,,,0,30,,350802,54,,,0,100,,350804,54,,,0,85,,218496,54,,,0
8100,'10',800,,350833,54,,,0,30,,350836,54,,,0,70,,350827,54,,,0,30,,350821,54,,,0,70,,350838,54,,,0,30,,350822,54,,,0,72,,350825,54,,,0,30,,258919,54,,,0,70,,350839,54,,,0,30,,230200,54,,,0,71,,350831,54,,,0,30,,350837,54,,,0,70,,350832,54,,,0,30,,222998,54,,,0,70,,289658,54,,,0,30,,245165,54,,,0,70,,350830,54,,,0,30,,350834,54,,,0,70,,350820,54,,,0,30,,288032,54,,,0,70,,233933,54,,,0,30,,350826,54,,,0,69,,350824,54,,,0,30,,207555,54,,,0,70,,350835,54,,,0,100,,350823,54,,,0,98,,350829,54,,,0,100,,350828,54,,,0,100,,262301,54,,,0
8100,'11',615,,350857,54,,,0,30,,350840,54,,,0,70,,350842,54,,,0,28,,350845,54,,,0,67,,350861,54,,,0,35,,350848,54,,,0,72,,350854,54,,,0,28,,350852,54,,,0,70,,350864,54,,,0,30,,350849,54,,,0,70,,255045,54,,,0,30,,182098,54,,,0,70,,350859,54,,,0,30,,270985,54,,,0,70,,206920,54,,,0,30,,350862,54,,,0,72,,291576,54,,,0,30,,206073,54,,,0,70,,350860,54,,,0,35,,350865,54,,,0,74,,350847,54,,,0,97,,350850,54,,,0,28,,211573,54,,,0,68,,350846,54,,,0,30,,350855,54,,,0,66,,350841,54,,,0,29,,350856,54,,,0,70,,350858,54,,,0,30,,350843,54,,,0,68,,268478,54,,,0,30,,350863,54,,,0,70,,350851,54,,,0,30,,350844,54,,,0,100,,350853,54,,,0,85,,281410,54,,,0
8100,'12',757,,350867,54,,,0,70,,350886,54,,,0,30,,350889,54,,,0,70,,350876,54,,,0,30,,350890,54,,,0,70,,350879,54,,,0,32,,350881,54,,,0,70,,350885,54,,,0,30,,350883,54,,,0,70,,350877,54,,,0,71,,350868,54,,,0,30,,350882,54,,,0,70,,350887,54,,,0,30,,350880,54,,,0,70,,350874,54,,,0,30,,350884,54,,,0,70,,350869,54,,,0,30,,350888,54,,,0,70,,261314,54,,,0,30,,350866,54,,,0,70,,350870,54,,,0,30,,350871,54,,,0,29,,350891,54,,,0,100,,350873,54,,,0,100,,350872,54,,,0,98,,350875,54,,,0,100,,350878,54,,,0
8100,'13',615,,350909,54,,,0,30,,350892,54,,,0,70,,350894,54,,,0,28,,350897,54,,,0,67,,350913,54,,,0,35,,350900,54,,,0,72,,350906,54,,,0,28,,350904,54,,,0,70,,350916,54,,,0,30,,350901,54,,,0,70,,255073,54,,,0,30,,181558,54,,,0,70,,350911,54,,,0,30,,271022,54,,,0,70,,206967,54,,,0,30,,350914,54,,,0,72,,291603,54,,,0,30,,206063,54,,,0,70,,350912,54,,,0,35,,350917,54,,,0,74,,350899,54,,,0,97,,350902,54,,,0,28,,211620,54,,,0,68,,350898,54,,,0,30,,350907,54,,,0,66,,350893,54,,,0,29,,350908,54,,,0,70,,350910,54,,,0,30,,350895,54,,,0,68,,268508,54,,,0,30,,350915,54,,,0,70,,350903,54,,,0,30,,350896,54,,,0,100,,350905,54,,,0,85,,281445,54,,,0
8100,'14',615,,350935,54,,,0,30,,350918,54,,,0,70,,350920,54,,,0,28,,350923,54,,,0,67,,350939,54,,,0,35,,350926,54,,,0,72,,350932,54,,,0,28,,350930,54,,,0,70,,350942,54,,,0,30,,350927,54,,,0,70,,255200,54,,,0,30,,181843,54,,,0,70,,350937,54,,,0,30,,271182,54,,,0,70,,207142,54,,,0,30,,350940,54,,,0,72,,291706,54,,,0,30,,206065,54,,,0,70,,350938,54,,,0,35,,350943,54,,,0,74,,350925,54,,,0,97,,350928,54,,,0,28,,211844,54,,,0,68,,350924,54,,,0,30,,350933,54,,,0,66,,350919,54,,,0,29,,350934,54,,,0,70,,350936,54,,,0,30,,350921,54,,,0,68,,268631,54,,,0,30,,350941,54,,,0,70,,350929,54,,,0,30,,350922,54,,,0,100,,350931,54,,,0,85,,281611,54,,,0
8100,'15',757,,350945,54,,,0,70,,350964,54,,,0,30,,269528,54,,,0,70,,350954,54,,,0,30,,350967,54,,,0,70,,350957,54,,,0,32,,350959,54,,,0,70,,350963,54,,,0,30,,350960,54,,,0,70,,350955,54,,,0,71,,350946,54,,,0,30,,258283,54,,,0,70,,350965,54,,,0,30,,350958,54,,,0,70,,350952,54,,,0,30,,350961,54,,,0,70,,350947,54,,,0,30,,350966,54,,,0,70,,350962,54,,,0,30,,350944,54,,,0,70,,350948,54,,,0,30,,350949,54,,,0,29,,350968,54,,,0,100,,350951,54,,,0,100,,350950,54,,,0,98,,350953,54,,,0,100,,350956,54,,,0
8100,'16',800,,181424,54,,,0,30,,350989,54,,,0,70,,350981,54,,,0,30,,350971,54,,,0,70,,350991,54,,,0,30,,350972,54,,,0,72,,286218,54,,,0,30,,350985,54,,,0,70,,350993,54,,,0,30,,350973,54,,,0,71,,350986,54,,,0,30,,350990,54,,,0,70,,185951,54,,,0,30,,350980,54,,,0,70,,350978,54,,,0,30,,350992,54,,,0,70,,350984,54,,,0,30,,350987,54,,,0,70,,350970,54,,,0,30,,350974,54,,,0,70,,350994,54,,,0,30,,350979,54,,,0,69,,350976,54,,,0,30,,350977,54,,,0,70,,350988,54,,,0,100,,350975,54,,,0,98,,350983,54,,,0,100,,350982,54,,,0,100,,350969,54,,,0
8100,'2',615,,351013,54,,,0,30,,350995,54,,,0,70,,350998,54,,,0,28,,351000,54,,,0,67,,351017,54,,,0,35,,351002,54,,,0,72,,351009,54,,,0,28,,351008,54,,,0,70,,351021,54,,,0,30,,351003,54,,,0,70,,351011,54,,,0,30,,351018,54,,,0,70,,351015,54,,,0,30,,351024,54,,,0,70,,351006,54,,,0,30,,264471,54,,,0,72,,351004,54,,,0,30,,351019,54,,,0,70,,351016,54,,,0,35,,351022,54,,,0,74,,351001,54,,,0,97,,276360,54,,,0,28,,350997,54,,,0,68,,267404,54,,,0,30,,351010,54,,,0,66,,350996,54,,,0,29,,351012,54,,,0,70,,351014,54,,,0,30,,270808,54,,,0,68,,351005,54,,,0,30,,351020,54,,,0,70,,351007,54,,,0,30,,350999,54,,,0,100,,242406,54,,,0,85,,351023,54,,,0
8100,'3',615,,351042,54,,,0,30,,237744,54,,,0,70,,351027,54,,,0,28,,291823,54,,,0,67,,351044,54,,,0,35,,210071,54,,,0,72,,351038,54,,,0,28,,351036,54,,,0,70,,351049,54,,,0,30,,351031,54,,,0,70,,351040,54,,,0,30,,351045,54,,,0,70,,277254,54,,,0,30,,351052,54,,,0,70,,351035,54,,,0,30,,351047,54,,,0,72,,351032,54,,,0,30,,351046,54,,,0,70,,288495,54,,,0,35,,351050,54,,,0,74,,351030,54,,,0,97,,351033,54,,,0,28,,351026,54,,,0,68,,351029,54,,,0,30,,351039,54,,,0,66,,351025,54,,,0,29,,351041,54,,,0,70,,351043,54,,,0,30,,351028,54,,,0,68,,351034,54,,,0,30,,351048,54,,,0,70,,211018,54,,,0,30,,210062,54,,,0,100,,351037,54,,,0,85,,351051,54,,,0
8100,'4',615,,351057,54,,,0,30,,351060,54,,,0,70,,351076,54,,,0,29,,223021,54,,,0,69,,351078,54,,,0,34,,351070,54,,,0,70,,351082,54,,,0,28,,225077,54,,,0,70,,351079,54,,,0,30,,351071,54,,,0,70,,351066,54,,,0,30,,226375,54,,,0,70,,351064,54,,,0,30,,351067,54,,,0,70,,351056,54,,,0,30,,351075,54,,,0,72,,250261,54,,,0,30,,351058,54,,,0,70,,351055,54,,,0,35,,351069,54,,,0,72,,351062,54,,,0,30,,215892,54,,,0,69,,351077,54,,,0,28,,351074,54,,,0,68,,351081,54,,,0,30,,351061,54,,,0,66,,351068,54,,,0,29,,351072,54,,,0,70,,272777,54,,,0,30,,351080,54,,,0,68,,351053,54,,,0,30,,351073,54,,,0,70,,351065,54,,,0,30,,351059,54,,,0,100,,351063,54,,,0,85,,351054,54,,,0
8100,'5',615,,351100,54,,,0,30,,237854,54,,,0,70,,351085,54,,,0,28,,291873,54,,,0,67,,351102,54,,,0,35,,177633,54,,,0,72,,351096,54,,,0,28,,351094,54,,,0,70,,351107,54,,,0,30,,351089,54,,,0,70,,351098,54,,,0,30,,351103,54,,,0,70,,277338,54,,,0,30,,351110,54,,,0,70,,351093,54,,,0,30,,351105,54,,,0,72,,351090,54,,,0,30,,351104,54,,,0,70,,193815,54,,,0,35,,351108,54,,,0,74,,351088,54,,,0,97,,351091,54,,,0,28,,351084,54,,,0,68,,351087,54,,,0,30,,351097,54,,,0,66,,351083,54,,,0,29,,351099,54,,,0,70,,351101,54,,,0,30,,351086,54,,,0,68,,351092,54,,,0,30,,351106,54,,,0,70,,211173,54,,,0,30,,210211,54,,,0,100,,351095,54,,,0,85,,351109,54,,,0
8100,'6',615,,351128,54,,,0,30,,351111,54,,,0,70,,351113,54,,,0,28,,351116,54,,,0,67,,351132,54,,,0,35,,351119,54,,,0,72,,351125,54,,,0,28,,351123,54,,,0,70,,351135,54,,,0,30,,351120,54,,,0,70,,254867,54,,,0,30,,182030,54,,,0,70,,351130,54,,,0,30,,270773,54,,,0,70,,206648,54,,,0,30,,351133,54,,,0,72,,291412,54,,,0,30,,206071,54,,,0,70,,351131,54,,,0,35,,351136,54,,,0,74,,351118,54,,,0,97,,351121,54,,,0,28,,211269,54,,,0,68,,351117,54,,,0,30,,351126,54,,,0,66,,351112,54,,,0,29,,351127,54,,,0,70,,351129,54,,,0,30,,351114,54,,,0,68,,268310,54,,,0,30,,351134,54,,,0,70,,351122,54,,,0,30,,351115,54,,,0,100,,351124,54,,,0,85,,281189,54,,,0
8100,'7',615,,351155,54,,,0,30,,351137,54,,,0,70,,351140,54,,,0,28,,351142,54,,,0,67,,351159,54,,,0,35,,351144,54,,,0,72,,351151,54,,,0,28,,351150,54,,,0,70,,351163,54,,,0,30,,351145,54,,,0,70,,351153,54,,,0,30,,351160,54,,,0,70,,351157,54,,,0,30,,351166,54,,,0,70,,351148,54,,,0,30,,264268,54,,,0,72,,351146,54,,,0,30,,351161,54,,,0,70,,351158,54,,,0,35,,351164,54,,,0,74,,351143,54,,,0,97,,276245,54,,,0,28,,351139,54,,,0,68,,267331,54,,,0,30,,351152,54,,,0,66,,351138,54,,,0,29,,351154,54,,,0,70,,351156,54,,,0,30,,270709,54,,,0,68,,351147,54,,,0,30,,351162,54,,,0,70,,351149,54,,,0,30,,351141,54,,,0,100,,242271,54,,,0,85,,351165,54,,,0
8100,'8',757,,351168,54,,,0,70,,351187,54,,,0,30,,351190,54,,,0,70,,351177,54,,,0,30,,351191,54,,,0,70,,351180,54,,,0,32,,351182,54,,,0,70,,351186,54,,,0,30,,351184,54,,,0,70,,351178,54,,,0,71,,351169,54,,,0,30,,351183,54,,,0,70,,351188,54,,,0,30,,351181,54,,,0,70,,351175,54,,,0,30,,351185,54,,,0,70,,351170,54,,,0,30,,351189,54,,,0,70,,125287,54,,,0,30,,351167,54,,,0,70,,351171,54,,,0,30,,351172,54,,,0,29,,351192,54,,,0,100,,351174,54,,,0,100,,351173,54,,,0,98,,351176,54,,,0,100,,351179,54,,,0
8100,'9',615,,351210,54,,,0,30,,351193,54,,,0,70,,351195,54,,,0,28,,351198,54,,,0,67,,351214,54,,,0,35,,351201,54,,,0,72,,351207,54,,,0,28,,351205,54,,,0,70,,351217,54,,,0,30,,351202,54,,,0,70,,254782,54,,,0,30,,181882,54,,,0,70,,351212,54,,,0,30,,270676,54,,,0,70,,206528,54,,,0,30,,351215,54,,,0,72,,291333,54,,,0,30,,206067,54,,,0,70,,351213,54,,,0,35,,351218,54,,,0,74,,351200,54,,,0,97,,351203,54,,,0,28,,211110,54,,,0,68,,351199,54,,,0,30,,351208,54,,,0,66,,351194,54,,,0,29,,351209,54,,,0,70,,351211,54,,,0,30,,351196,54,,,0,68,,268225,54,,,0,30,,351216,54,,,0,70,,351204,54,,,0,30,,351197,54,,,0,100,,351206,54,,,0,85,,281081,54,,,0
