4301,'12',609,,241136,10,,,1,95,,241144,10,,,1,35,,241148,10,,,1,70,,241141,10,,,1,32,,241143,10,,,1,98,,155120,10,,,1,100,,241139,10,,,1,99,,241140,10,,,1,101,,241138,10,,,1,100,,241137,10,,,1,100,,241147,10,,,1,106,,241145,10,,,1,269,,241149,10,,,1,25,,68299,10,,,1,99,,173102,10,,,1,100,,241150,10,,,1,100,,241151,10,,,1,95,,241142,10,,,1,100,,241146,10,,,1
4301,'14',609,,241158,10,,,1,30,,241164,10,,,1,65,,241166,10,,,1,33,,154192,10,,,1,73,,175636,10,,,1,29,,241160,10,,,1,100,,153831,10,,,1,100,,164976,10,,,1,99,,241165,10,,,1,101,,241167,10,,,1,100,,241159,10,,,1,100,,241163,10,,,1,106,,241162,10,,,1,269,,241154,10,,,1,25,,241161,10,,,1,99,,241155,10,,,1,100,,241152,10,,,1,100,,241153,10,,,1,95,,241156,10,,,1,100,,241157,10,,,1
4301,'15',609,,241168,10,,,1,95,,241176,10,,,1,35,,241180,10,,,1,70,,241173,10,,,1,32,,241175,10,,,1,98,,155299,10,,,1,100,,241171,10,,,1,99,,241172,10,,,1,101,,241170,10,,,1,100,,241169,10,,,1,100,,241179,10,,,1,106,,241177,10,,,1,269,,241181,10,,,1,25,,68961,10,,,1,99,,173271,10,,,1,100,,241182,10,,,1,100,,241183,10,,,1,95,,241174,10,,,1,100,,241178,10,,,1
4301,'17',609,,241190,10,,,1,30,,241196,10,,,1,65,,241198,10,,,1,33,,154120,10,,,1,73,,49804,10,,,1,29,,241192,10,,,1,100,,98040,10,,,1,100,,164901,10,,,1,99,,241197,10,,,1,101,,241199,10,,,1,100,,241191,10,,,1,100,,241195,10,,,1,106,,241194,10,,,1,269,,241186,10,,,1,25,,241193,10,,,1,99,,241187,10,,,1,100,,241184,10,,,1,100,,241185,10,,,1,95,,241188,10,,,1,100,,241189,10,,,1
4301,'18',609,,241206,10,,,1,30,,241212,10,,,1,65,,241214,10,,,1,33,,23651,10,,,1,73,,175789,10,,,1,29,,241208,10,,,1,100,,153861,10,,,1,100,,165073,10,,,1,99,,241213,10,,,1,101,,241215,10,,,1,100,,241207,10,,,1,100,,241211,10,,,1,106,,241210,10,,,1,269,,241202,10,,,1,25,,241209,10,,,1,99,,241203,10,,,1,100,,241200,10,,,1,100,,241201,10,,,1,95,,241204,10,,,1,100,,241205,10,,,1
4301,'2',609,,241221,10,,,1,30,,241228,10,,,1,65,,241229,10,,,1,33,,241231,10,,,1,73,,241225,10,,,1,29,,241223,10,,,1,100,,241219,10,,,1,100,,241230,10,,,1,99,,169838,10,,,1,101,,241232,10,,,1,100,,241222,10,,,1,100,,241227,10,,,1,106,,241226,10,,,1,269,,176948,10,,,1,25,,241224,10,,,1,99,,241218,10,,,1,100,,241216,10,,,1,100,,241217,10,,,1,95,,241220,10,,,1,100,,145293,10,,,1
4301,'3',609,,105517,10,,,1,95,,241238,10,,,1,35,,241244,10,,,1,70,,152294,10,,,1,32,,241237,10,,,1,98,,241241,10,,,1,100,,135663,10,,,1,99,,241236,10,,,1,101,,241235,10,,,1,100,,241234,10,,,1,100,,241243,10,,,1,106,,241239,10,,,1,269,,241245,10,,,1,25,,241242,10,,,1,99,,241233,10,,,1,100,,241246,10,,,1,100,,241247,10,,,1,95,,174525,10,,,1,100,,241240,10,,,1
4301,'4',609,,241248,10,,,1,95,,241256,10,,,1,35,,241260,10,,,1,70,,241253,10,,,1,32,,241255,10,,,1,98,,155382,10,,,1,100,,241251,10,,,1,99,,241252,10,,,1,101,,241250,10,,,1,100,,241249,10,,,1,100,,241259,10,,,1,106,,241257,10,,,1,269,,241261,10,,,1,25,,68892,10,,,1,99,,173343,10,,,1,100,,241262,10,,,1,100,,241263,10,,,1,95,,241254,10,,,1,100,,241258,10,,,1
4301,'5',609,,241264,10,,,1,95,,241272,10,,,1,35,,241276,10,,,1,70,,241269,10,,,1,32,,241271,10,,,1,98,,154732,10,,,1,100,,241267,10,,,1,99,,241268,10,,,1,101,,241266,10,,,1,100,,241265,10,,,1,100,,241275,10,,,1,106,,241273,10,,,1,269,,241277,10,,,1,25,,68230,10,,,1,99,,172737,10,,,1,100,,241278,10,,,1,100,,241279,10,,,1,95,,241270,10,,,1,100,,241274,10,,,1
4301,'7',609,,124535,10,,,1,30,,241292,10,,,1,65,,241294,10,,,1,33,,241296,10,,,1,73,,241289,10,,,1,29,,241287,10,,,1,100,,241283,10,,,1,100,,241295,10,,,1,99,,241293,10,,,1,101,,191456,10,,,1,100,,241286,10,,,1,100,,241291,10,,,1,106,,241290,10,,,1,269,,241282,10,,,1,25,,241288,10,,,1,99,,181612,10,,,1,100,,241280,10,,,1,100,,241281,10,,,1,95,,241284,10,,,1,100,,241285,10,,,1
4301,'8',609,,241312,10,,,1,30,,241316,10,,,1,65,,241315,10,,,1,33,,241303,10,,,1,70,,241300,10,,,1,32,,241309,10,,,1,100,,241308,10,,,1,100,,241297,10,,,1,99,,241306,10,,,1,101,,241311,10,,,1,100,,241313,10,,,1,100,,241310,10,,,1,106,,241307,10,,,1,269,,241304,10,,,1,25,,241298,10,,,1,99,,241302,10,,,1,100,,241314,10,,,1,100,,241299,10,,,1,95,,241305,10,,,1,100,,241301,10,,,1
4301,'9',609,,241317,10,,,1,95,,241325,10,,,1,35,,241329,10,,,1,70,,241322,10,,,1,32,,241324,10,,,1,98,,155070,10,,,1,100,,241320,10,,,1,99,,241321,10,,,1,101,,241319,10,,,1,100,,241318,10,,,1,100,,241328,10,,,1,106,,241326,10,,,1,269,,241330,10,,,1,25,,68565,10,,,1,99,,173058,10,,,1,100,,241331,10,,,1,100,,241332,10,,,1,95,,241323,10,,,1,100,,241327,10,,,1
