11200,'1',501,,194893,13,,,1,102,,78379,13,,,1,30,,194878,13,,,1,70,,47557,13,,,1,31,,20972,13,,,1,72,,194895,13,,,1,32,,194876,13,,,1,67,,85549,13,,,1,30,,194897,13,,,1,70,,194892,13,,,1,30,,194886,13,,,1,70,,51244,13,,,1,30,,58071,13,,,1,70,,194883,13,,,1,30,,194887,13,,,1,70,,194888,13,,,1,30,,194879,13,,,1,70,,194877,13,,,1,31,,194885,13,,,1,70,,107714,13,,,1,30,,63805,13,,,1,72,,194896,13,,,1,28,,75182,13,,,1,70,,194890,13,,,1,30,,194875,13,,,1,70,,74164,13,,,1,30,,194894,13,,,1,70,,194884,13,,,1,29,,194881,13,,,1,70,,194891,13,,,1,30,,43787,13,,,1,70,,194880,13,,,1,29,,194882,13,,,1,70,,31307,13,,,1,99,,194889,13,,,1
11200,'10',501,,194907,13,,,1,102,,194901,13,,,1,101,,194908,13,,,1,102,,8826,13,,,1,101,,194905,13,,,1,98,,194903,13,,,1,100,,67795,13,,,1,100,,194912,13,,,1,100,,194909,13,,,1,100,,194900,13,,,1,101,,194899,13,,,1,100,,194911,13,,,1,102,,194898,13,,,1,98,,43096,13,,,1,100,,194910,13,,,1,99,,194902,13,,,1,100,,80628,13,,,1,99,,194904,13,,,1,99,,194906,13,,,1
11200,'11',701,,194928,13,,,1,100,,194937,13,,,1,100,,194917,13,,,1,31,,194931,13,,,1,70,,194930,13,,,1,30,,194934,13,,,1,70,,194920,13,,,1,31,,194923,13,,,1,70,,194926,13,,,1,30,,194925,13,,,1,70,,194921,13,,,1,30,,194924,13,,,1,70,,21132,13,,,1,30,,67720,13,,,1,70,,194922,13,,,1,30,,194914,13,,,1,70,,46750,13,,,1,30,,194913,13,,,1,70,,194936,13,,,1,29,,194918,13,,,1,70,,194915,13,,,1,30,,90767,13,,,1,70,,194929,13,,,1,30,,194919,13,,,1,70,,74332,13,,,1,30,,194927,13,,,1,70,,194935,13,,,1,30,,194916,13,,,1,99,,194933,13,,,1,70,,194932,13,,,1
11200,'12',501,,194946,13,,,1,102,,194960,13,,,1,30,,194944,13,,,1,71,,37569,13,,,1,30,,194956,13,,,1,70,,194961,13,,,1,34,,194941,13,,,1,68,,194952,13,,,1,29,,194951,13,,,1,70,,194949,13,,,1,30,,194966,13,,,1,70,,194943,13,,,1,30,,194965,13,,,1,70,,194954,13,,,1,30,,194942,13,,,1,70,,194967,13,,,1,30,,194962,13,,,1,70,,194938,13,,,1,31,,106929,13,,,1,70,,101621,13,,,1,30,,7894,13,,,1,70,,194964,13,,,1,28,,194947,13,,,1,74,,194959,13,,,1,28,,194948,13,,,1,70,,194957,13,,,1,30,,194939,13,,,1,70,,194963,13,,,1,29,,194945,13,,,1,70,,194955,13,,,1,30,,4829,13,,,1,70,,194958,13,,,1,29,,194950,13,,,1,70,,194953,13,,,1,99,,194940,13,,,1
11200,'13',701,,194984,13,,,1,100,,194988,13,,,1,100,,194971,13,,,1,31,,194985,13,,,1,70,,51351,13,,,1,30,,106096,13,,,1,70,,98157,13,,,1,31,,194979,13,,,1,70,,194982,13,,,1,30,,194981,13,,,1,70,,7320,13,,,1,30,,194980,13,,,1,70,,194986,13,,,1,30,,194976,13,,,1,70,,194977,13,,,1,30,,194969,13,,,1,70,,194978,13,,,1,30,,194968,13,,,1,70,,194987,13,,,1,29,,194972,13,,,1,70,,22343,13,,,1,30,,194973,13,,,1,70,,95144,13,,,1,30,,194975,13,,,1,70,,194974,13,,,1,30,,194983,13,,,1,70,,75401,13,,,1,30,,194970,13,,,1,99,,50042,13,,,1,70,,90664,13,,,1
11200,'14',501,,194996,13,,,1,102,,195008,13,,,1,30,,194995,13,,,1,71,,195010,13,,,1,30,,195005,13,,,1,70,,46995,13,,,1,34,,194992,13,,,1,68,,195002,13,,,1,29,,195001,13,,,1,70,,194999,13,,,1,30,,195013,13,,,1,70,,194994,13,,,1,30,,13419,13,,,1,70,,61503,13,,,1,30,,194993,13,,,1,70,,195014,13,,,1,30,,195011,13,,,1,70,,194989,13,,,1,31,,195004,13,,,1,70,,194998,13,,,1,30,,195009,13,,,1,70,,20203,13,,,1,28,,194997,13,,,1,74,,195007,13,,,1,28,,13397,13,,,1,70,,4167,13,,,1,30,,194990,13,,,1,70,,195012,13,,,1,29,,117479,13,,,1,70,,17957,13,,,1,30,,194991,13,,,1,70,,195006,13,,,1,29,,195000,13,,,1,70,,195003,13,,,1,99,,81312,13,,,1
11200,'15',501,,195022,13,,,1,102,,195034,13,,,1,30,,195021,13,,,1,71,,195036,13,,,1,30,,195031,13,,,1,70,,47346,13,,,1,34,,195018,13,,,1,68,,195028,13,,,1,29,,195027,13,,,1,70,,195025,13,,,1,30,,195039,13,,,1,70,,195020,13,,,1,30,,13767,13,,,1,70,,61672,13,,,1,30,,195019,13,,,1,70,,195040,13,,,1,30,,195037,13,,,1,70,,195015,13,,,1,31,,195030,13,,,1,70,,195024,13,,,1,30,,195035,13,,,1,70,,20230,13,,,1,28,,195023,13,,,1,74,,195033,13,,,1,28,,13745,13,,,1,70,,4602,13,,,1,30,,195016,13,,,1,70,,195038,13,,,1,29,,117511,13,,,1,70,,18282,13,,,1,30,,195017,13,,,1,70,,195032,13,,,1,29,,195026,13,,,1,70,,195029,13,,,1,99,,81507,13,,,1
11200,'16',501,,195048,13,,,1,102,,195063,13,,,1,30,,195046,13,,,1,71,,195066,13,,,1,30,,195060,13,,,1,70,,195065,13,,,1,34,,70737,13,,,1,68,,195055,13,,,1,29,,195054,13,,,1,70,,195052,13,,,1,30,,52222,13,,,1,70,,195045,13,,,1,30,,195070,13,,,1,70,,195057,13,,,1,30,,195044,13,,,1,70,,5138,13,,,1,30,,195067,13,,,1,70,,77032,13,,,1,31,,195058,13,,,1,70,,195051,13,,,1,30,,195064,13,,,1,70,,195069,13,,,1,28,,195049,13,,,1,74,,195062,13,,,1,28,,195050,13,,,1,70,,195061,13,,,1,30,,195041,13,,,1,70,,195068,13,,,1,29,,195047,13,,,1,70,,195059,13,,,1,30,,195043,13,,,1,70,,87337,13,,,1,29,,195053,13,,,1,70,,195056,13,,,1,99,,195042,13,,,1
11200,'17',501,,195089,13,,,1,102,,78676,13,,,1,30,,195074,13,,,1,70,,47849,13,,,1,31,,21142,13,,,1,72,,195091,13,,,1,32,,195072,13,,,1,67,,85774,13,,,1,30,,195093,13,,,1,70,,195088,13,,,1,30,,195082,13,,,1,70,,51472,13,,,1,30,,58293,13,,,1,70,,195079,13,,,1,30,,195083,13,,,1,70,,195084,13,,,1,30,,195075,13,,,1,70,,195073,13,,,1,31,,195081,13,,,1,70,,107873,13,,,1,30,,63979,13,,,1,72,,195092,13,,,1,28,,75607,13,,,1,70,,195086,13,,,1,30,,195071,13,,,1,70,,74431,13,,,1,30,,195090,13,,,1,70,,195080,13,,,1,29,,195077,13,,,1,70,,195087,13,,,1,30,,44097,13,,,1,70,,195076,13,,,1,29,,195078,13,,,1,70,,31488,13,,,1,99,,195085,13,,,1
11200,'2',501,,195112,13,,,1,102,,78444,13,,,1,30,,195097,13,,,1,70,,47620,13,,,1,31,,21006,13,,,1,72,,195114,13,,,1,32,,195095,13,,,1,67,,85597,13,,,1,30,,195116,13,,,1,70,,195111,13,,,1,30,,195105,13,,,1,70,,51292,13,,,1,30,,58120,13,,,1,70,,195102,13,,,1,30,,195106,13,,,1,70,,195107,13,,,1,30,,195098,13,,,1,70,,195096,13,,,1,31,,195104,13,,,1,70,,107750,13,,,1,30,,63840,13,,,1,72,,195115,13,,,1,28,,75266,13,,,1,70,,195109,13,,,1,30,,195094,13,,,1,70,,74222,13,,,1,30,,195113,13,,,1,70,,195103,13,,,1,29,,195100,13,,,1,70,,195110,13,,,1,30,,43854,13,,,1,70,,195099,13,,,1,29,,195101,13,,,1,70,,31345,13,,,1,99,,195108,13,,,1
11200,'3',501,,195124,13,,,1,102,,195136,13,,,1,30,,195123,13,,,1,71,,195138,13,,,1,30,,195133,13,,,1,70,,47218,13,,,1,34,,195120,13,,,1,68,,195130,13,,,1,29,,195129,13,,,1,70,,195127,13,,,1,30,,195141,13,,,1,70,,195122,13,,,1,30,,13641,13,,,1,70,,61604,13,,,1,30,,195121,13,,,1,70,,195142,13,,,1,30,,195139,13,,,1,70,,195117,13,,,1,31,,195132,13,,,1,70,,195126,13,,,1,30,,195137,13,,,1,70,,20219,13,,,1,28,,195125,13,,,1,74,,195135,13,,,1,28,,13619,13,,,1,70,,4449,13,,,1,30,,195118,13,,,1,70,,195140,13,,,1,29,,117498,13,,,1,70,,18163,13,,,1,30,,195119,13,,,1,70,,195134,13,,,1,29,,195128,13,,,1,70,,195131,13,,,1,99,,81439,13,,,1
11200,'4',612,,195146,13,,,1,100,,20790,13,,,1,100,,195168,13,,,1,30,,195145,13,,,1,71,,106498,13,,,1,30,,195152,13,,,1,70,,195149,13,,,1,30,,195143,13,,,1,71,,42480,13,,,1,30,,195164,13,,,1,70,,195162,13,,,1,30,,195156,13,,,1,70,,195159,13,,,1,30,,41379,13,,,1,70,,33587,13,,,1,30,,195144,13,,,1,70,,195148,13,,,1,30,,195150,13,,,1,70,,195158,13,,,1,30,,195147,13,,,1,69,,195154,13,,,1,30,,195165,13,,,1,70,,195166,13,,,1,30,,195155,13,,,1,70,,84054,13,,,1,30,,195161,13,,,1,70,,79133,13,,,1,30,,195157,13,,,1,70,,195153,13,,,1,30,,195163,13,,,1,69,,195167,13,,,1,100,,195151,13,,,1,100,,195160,13,,,1
11200,'5',501,,195194,13,,,1,102,,195193,13,,,1,30,,195171,13,,,1,70,,195185,13,,,1,31,,195178,13,,,1,72,,195199,13,,,1,32,,195170,13,,,1,67,,195197,13,,,1,30,,195201,13,,,1,70,,195192,13,,,1,30,,195181,13,,,1,70,,195182,13,,,1,30,,195189,13,,,1,70,,195176,13,,,1,30,,195183,13,,,1,70,,195184,13,,,1,30,,195172,13,,,1,70,,82233,13,,,1,31,,195179,13,,,1,70,,195195,13,,,1,30,,195190,13,,,1,72,,195200,13,,,1,28,,195180,13,,,1,70,,195187,13,,,1,30,,195169,13,,,1,70,,195198,13,,,1,30,,195196,13,,,1,70,,99365,13,,,1,29,,195174,13,,,1,70,,195191,13,,,1,30,,195177,13,,,1,70,,195173,13,,,1,29,,195175,13,,,1,70,,195188,13,,,1,99,,195186,13,,,1
11200,'6',501,,195220,13,,,1,102,,79027,13,,,1,30,,195205,13,,,1,70,,48178,13,,,1,31,,21344,13,,,1,72,,195222,13,,,1,32,,195203,13,,,1,67,,86048,13,,,1,30,,195224,13,,,1,70,,195219,13,,,1,30,,195213,13,,,1,70,,51733,13,,,1,30,,58569,13,,,1,70,,195210,13,,,1,30,,195214,13,,,1,70,,195215,13,,,1,30,,195206,13,,,1,70,,195204,13,,,1,31,,195212,13,,,1,70,,108051,13,,,1,30,,64189,13,,,1,72,,195223,13,,,1,28,,76118,13,,,1,70,,195217,13,,,1,30,,195202,13,,,1,70,,74750,13,,,1,30,,195221,13,,,1,70,,195211,13,,,1,29,,195208,13,,,1,70,,195218,13,,,1,30,,44443,13,,,1,70,,195207,13,,,1,29,,195209,13,,,1,70,,31696,13,,,1,99,,195216,13,,,1
11200,'7',612,,51924,13,,,1,100,,195240,13,,,1,100,,195253,13,,,1,30,,195229,13,,,1,71,,195236,13,,,1,30,,195238,13,,,1,70,,195233,13,,,1,30,,195225,13,,,1,71,,195247,13,,,1,30,,195249,13,,,1,70,,195246,13,,,1,30,,41510,13,,,1,70,,91683,13,,,1,30,,195232,13,,,1,70,,195226,13,,,1,30,,195227,13,,,1,70,,195231,13,,,1,30,,195234,13,,,1,70,,195243,13,,,1,30,,195230,13,,,1,69,,47391,13,,,1,30,,195250,13,,,1,70,,195251,13,,,1,30,,195241,13,,,1,70,,195237,13,,,1,30,,195245,13,,,1,70,,195228,13,,,1,30,,195242,13,,,1,70,,195239,13,,,1,30,,195248,13,,,1,69,,195252,13,,,1,100,,195235,13,,,1,100,,195244,13,,,1
11200,'8',501,,195272,13,,,1,102,,78962,13,,,1,30,,195257,13,,,1,70,,48115,13,,,1,31,,21310,13,,,1,72,,195274,13,,,1,32,,195255,13,,,1,67,,86000,13,,,1,30,,195276,13,,,1,70,,195271,13,,,1,30,,195265,13,,,1,70,,51685,13,,,1,30,,58520,13,,,1,70,,195262,13,,,1,30,,195266,13,,,1,70,,195267,13,,,1,30,,195258,13,,,1,70,,195256,13,,,1,31,,195264,13,,,1,70,,108015,13,,,1,30,,64154,13,,,1,72,,195275,13,,,1,28,,76034,13,,,1,70,,195269,13,,,1,30,,195254,13,,,1,70,,74692,13,,,1,30,,195273,13,,,1,70,,195263,13,,,1,29,,195260,13,,,1,70,,195270,13,,,1,30,,44376,13,,,1,70,,195259,13,,,1,29,,195261,13,,,1,70,,31658,13,,,1,99,,195268,13,,,1
11200,'9',701,,195292,13,,,1,100,,195300,13,,,1,100,,195280,13,,,1,31,,107149,13,,,1,70,,195294,13,,,1,30,,195297,13,,,1,70,,195285,13,,,1,31,,43273,13,,,1,70,,195290,13,,,1,30,,48076,13,,,1,70,,195287,13,,,1,30,,38373,13,,,1,70,,195298,13,,,1,30,,195286,13,,,1,70,,195288,13,,,1,30,,51640,13,,,1,70,,195289,13,,,1,30,,195277,13,,,1,70,,37211,13,,,1,29,,195281,13,,,1,70,,195278,13,,,1,30,,195282,13,,,1,70,,195293,13,,,1,30,,195284,13,,,1,70,,195283,13,,,1,30,,195291,13,,,1,70,,195299,13,,,1,30,,195279,13,,,1,99,,195296,13,,,1,70,,195295,13,,,1
61000,'1',749,,204764,13,,,1
61000,'17',749,,204765,13,,,1
61000,'2',749,,204766,13,,,1
61000,'5',749,,204767,13,,,1
61000,'6',749,,204768,13,,,1
61000,'8',749,,204769,13,,,1
68800,'1',752,,205989,65,,,1,1,,205988,62,,,1
68800,'17',752,,205991,65,,,1,1,,205990,62,,,1
68800,'2',752,,205993,65,,,1,1,,205992,62,,,1
68800,'5',752,,205995,65,,,1,1,,205994,62,,,1
68800,'6',752,,205997,65,,,1,1,,205996,62,,,1
68800,'8',752,,205999,65,,,1,1,,205998,62,,,1
