23701,'1',1549,,374991,11,,,0,95,,374990,11,,,0,95,,219176,11,,,0,100,,374989,11,,,0
23701,'11',1549,,374993,11,,,0,95,,374994,11,,,0,95,,191314,11,,,0,100,,374992,11,,,0
23701,'13',1549,,374996,11,,,0,95,,374997,11,,,0,95,,190892,11,,,0,100,,374995,11,,,0
23701,'14',1549,,374999,11,,,0,95,,375000,11,,,0,95,,191101,11,,,0,100,,374998,11,,,0
23701,'2',1549,,375002,11,,,0,95,,375004,11,,,0,95,,375003,11,,,0,100,,375001,11,,,0
23701,'3',1549,,375006,11,,,0,95,,256701,11,,,0,95,,375007,11,,,0,100,,375005,11,,,0
23701,'4',1551,,375010,11,,,0,93,,375008,11,,,0,95,,375009,11,,,0,100,,233489,11,,,0
23701,'5',1549,,375012,11,,,0,95,,174847,11,,,0,95,,375013,11,,,0,100,,375011,11,,,0
23701,'6',1549,,375015,11,,,0,95,,375016,11,,,0,95,,191258,11,,,0,100,,375014,11,,,0
23701,'7',1549,,375018,11,,,0,95,,375020,11,,,0,95,,375019,11,,,0,100,,375017,11,,,0
23701,'9',1549,,375022,11,,,0,95,,375023,11,,,0,95,,191130,11,,,0,100,,375021,11,,,0
