16100,'1',542,,369152,20,,,0,74,,369166,20,,,0,15,,369154,20,,,0,70,,369159,20,,,0,30,,369142,20,,,0,70,,369144,20,,,0,30,,286886,20,,,0,70,,369157,20,,,0,28,,369153,20,,,0,30,,369168,20,,,0,70,,369156,20,,,0,30,,369148,20,,,0,70,,263312,20,,,0,30,,252103,20,,,0,70,,225010,20,,,0,30,,369162,20,,,0,70,,220789,20,,,0,30,,369165,20,,,0,70,,369167,20,,,0,30,,369160,20,,,0,73,,369151,20,,,0,68,,369145,20,,,0,30,,369146,20,,,0,72,,226271,20,,,0,30,,369155,20,,,0,70,,369161,20,,,0,27,,369150,20,,,0,30,,369143,20,,,0,70,,369149,20,,,0,30,,263280,20,,,0,68,,369164,20,,,0,30,,369147,20,,,0,70,,369158,20,,,0,30,,369163,20,,,0,100,,218504,20,,,0
16100,'10',715,,369170,20,,,0,100,,241722,20,,,0,100,,369174,20,,,0,100,,369173,20,,,0,100,,270886,20,,,0,101,,369175,20,,,0,100,,290557,20,,,0,100,,272767,20,,,0,100,,369178,20,,,0,100,,233915,20,,,0,100,,369171,20,,,0,99,,369172,20,,,0,100,,213687,20,,,0,100,,369169,20,,,0,100,,369177,20,,,0,100,,369176,20,,,0
16100,'11',542,,369182,20,,,0,74,,369202,20,,,0,15,,369196,20,,,0,70,,369199,20,,,0,32,,369192,20,,,0,68,,228639,20,,,0,30,,369187,20,,,0,70,,369186,20,,,0,28,,369183,20,,,0,30,,369195,20,,,0,70,,246160,20,,,0,30,,252191,20,,,0,70,,282081,20,,,0,30,,270252,20,,,0,70,,369204,20,,,0,30,,369198,20,,,0,70,,369189,20,,,0,30,,267981,20,,,0,100,,183301,20,,,0,75,,369203,20,,,0,70,,239024,20,,,0,28,,369188,20,,,0,70,,369180,20,,,0,30,,369185,20,,,0,70,,369191,20,,,0,27,,369184,20,,,0,30,,369201,20,,,0,70,,369197,20,,,0,30,,369190,20,,,0,68,,369193,20,,,0,30,,369194,20,,,0,70,,235406,20,,,0,30,,369179,20,,,0,100,,369181,20,,,0
16100,'12',720,,168449,20,,,0,100,,369205,20,,,0,100,,369211,20,,,0,100,,369220,20,,,0,100,,369207,20,,,0,101,,369217,20,,,0,100,,369209,20,,,0,100,,369216,20,,,0,100,,369219,20,,,0,100,,369208,20,,,0,100,,369218,20,,,0,99,,369214,20,,,0,100,,369212,20,,,0,100,,369210,20,,,0,100,,369215,20,,,0,100,,369213,20,,,0,100,,369206,20,,,0
16100,'13',542,,369224,20,,,0,74,,369244,20,,,0,15,,369238,20,,,0,70,,369241,20,,,0,32,,369234,20,,,0,68,,228669,20,,,0,30,,369229,20,,,0,70,,369228,20,,,0,28,,369225,20,,,0,30,,369237,20,,,0,70,,246172,20,,,0,30,,252217,20,,,0,70,,282109,20,,,0,30,,270303,20,,,0,70,,369246,20,,,0,30,,369240,20,,,0,70,,369231,20,,,0,30,,268008,20,,,0,100,,182774,20,,,0,75,,369245,20,,,0,70,,239077,20,,,0,28,,369230,20,,,0,70,,369222,20,,,0,30,,369227,20,,,0,70,,369233,20,,,0,27,,369226,20,,,0,30,,369243,20,,,0,70,,369239,20,,,0,30,,369232,20,,,0,68,,369235,20,,,0,30,,369236,20,,,0,70,,235471,20,,,0,30,,369221,20,,,0,100,,369223,20,,,0
16100,'14',542,,369250,20,,,0,74,,369270,20,,,0,15,,369264,20,,,0,70,,369267,20,,,0,32,,369260,20,,,0,68,,228800,20,,,0,30,,369255,20,,,0,70,,369254,20,,,0,28,,369251,20,,,0,30,,369263,20,,,0,70,,246218,20,,,0,30,,252307,20,,,0,70,,282273,20,,,0,30,,270513,20,,,0,70,,369272,20,,,0,30,,369266,20,,,0,70,,369257,20,,,0,30,,268118,20,,,0,100,,183052,20,,,0,75,,369271,20,,,0,70,,239252,20,,,0,28,,369256,20,,,0,70,,369248,20,,,0,30,,369253,20,,,0,70,,369259,20,,,0,27,,369252,20,,,0,30,,369269,20,,,0,70,,369265,20,,,0,30,,369258,20,,,0,68,,369261,20,,,0,30,,369262,20,,,0,70,,235749,20,,,0,30,,369247,20,,,0,100,,369249,20,,,0
16100,'15',720,,369284,20,,,0,100,,217807,20,,,0,100,,369278,20,,,0,100,,369285,20,,,0,100,,369274,20,,,0,101,,369281,20,,,0,100,,369276,20,,,0,100,,369280,20,,,0,100,,369283,20,,,0,100,,369275,20,,,0,100,,369282,20,,,0,99,,240024,20,,,0,100,,190467,20,,,0,100,,369277,20,,,0,100,,369279,20,,,0,100,,232650,20,,,0,100,,369273,20,,,0
16100,'16',715,,369289,20,,,0,100,,369287,20,,,0,100,,369296,20,,,0,100,,369295,20,,,0,100,,369291,20,,,0,101,,369297,20,,,0,100,,369293,20,,,0,100,,369299,20,,,0,100,,369300,20,,,0,100,,369292,20,,,0,100,,369290,20,,,0,99,,369294,20,,,0,100,,369286,20,,,0,100,,369288,20,,,0,100,,281653,20,,,0,100,,369298,20,,,0
16100,'2',542,,221438,20,,,0,74,,369328,20,,,0,15,,369321,20,,,0,70,,369323,20,,,0,32,,281930,20,,,0,68,,369317,20,,,0,30,,369311,20,,,0,70,,369310,20,,,0,28,,369306,20,,,0,30,,369320,20,,,0,70,,369329,20,,,0,30,,369327,20,,,0,70,,369313,20,,,0,30,,369303,20,,,0,70,,369331,20,,,0,30,,369322,20,,,0,70,,369314,20,,,0,30,,369305,20,,,0,100,,369326,20,,,0,75,,369330,20,,,0,70,,369304,20,,,0,28,,369312,20,,,0,70,,369302,20,,,0,30,,369308,20,,,0,70,,369316,20,,,0,27,,369307,20,,,0,30,,369325,20,,,0,70,,148965,20,,,0,30,,369315,20,,,0,68,,369318,20,,,0,30,,369319,20,,,0,70,,369332,20,,,0,30,,369301,20,,,0,100,,244140,20,,,0
16100,'3',542,,369338,20,,,0,74,,223750,20,,,0,15,,369350,20,,,0,70,,369353,20,,,0,32,,369347,20,,,0,68,,369348,20,,,0,30,,265219,20,,,0,70,,219686,20,,,0,28,,369339,20,,,0,30,,270604,20,,,0,70,,369358,20,,,0,30,,369357,20,,,0,70,,369343,20,,,0,30,,369334,20,,,0,70,,369360,20,,,0,30,,369352,20,,,0,70,,369344,20,,,0,30,,369336,20,,,0,100,,369356,20,,,0,75,,369359,20,,,0,70,,369335,20,,,0,28,,285094,20,,,0,70,,246937,20,,,0,30,,369341,20,,,0,70,,369346,20,,,0,27,,369340,20,,,0,30,,369355,20,,,0,70,,369351,20,,,0,30,,369345,20,,,0,68,,253519,20,,,0,30,,369349,20,,,0,70,,369361,20,,,0,30,,369333,20,,,0,100,,369337,20,,,0
16100,'4',542,,369364,20,,,0,89,,369374,20,,,0,98,,369369,20,,,0,102,,369375,20,,,0,98,,369365,20,,,0,100,,180106,20,,,0,100,,263443,20,,,0,100,,369367,20,,,0,100,,369362,20,,,0,100,,369363,20,,,0,103,,369371,20,,,0,102,,243415,20,,,0,98,,214403,20,,,0,97,,369368,20,,,0,100,,369376,20,,,0,98,,369372,20,,,0,100,,369370,20,,,0,100,,369373,20,,,0,30,,369366,20,,,0
16100,'5',542,,369382,20,,,0,74,,223822,20,,,0,15,,369394,20,,,0,70,,369397,20,,,0,32,,369391,20,,,0,68,,369392,20,,,0,30,,265320,20,,,0,70,,219793,20,,,0,28,,369383,20,,,0,30,,270693,20,,,0,70,,369402,20,,,0,30,,369401,20,,,0,70,,369387,20,,,0,30,,369378,20,,,0,70,,369404,20,,,0,30,,369396,20,,,0,70,,369388,20,,,0,30,,369380,20,,,0,100,,369400,20,,,0,75,,369403,20,,,0,70,,369379,20,,,0,28,,285180,20,,,0,70,,137163,20,,,0,30,,369385,20,,,0,70,,369390,20,,,0,27,,369384,20,,,0,30,,369399,20,,,0,70,,369395,20,,,0,30,,369389,20,,,0,68,,253627,20,,,0,30,,369393,20,,,0,70,,369405,20,,,0,30,,369377,20,,,0,100,,369381,20,,,0
16100,'6',542,,369409,20,,,0,74,,369429,20,,,0,15,,369423,20,,,0,70,,369426,20,,,0,32,,369419,20,,,0,68,,228451,20,,,0,30,,369414,20,,,0,70,,369413,20,,,0,28,,369410,20,,,0,30,,369422,20,,,0,70,,246094,20,,,0,30,,252059,20,,,0,70,,281858,20,,,0,30,,269946,20,,,0,70,,369431,20,,,0,30,,369425,20,,,0,70,,369416,20,,,0,30,,267822,20,,,0,100,,183240,20,,,0,75,,369430,20,,,0,70,,238737,20,,,0,28,,369415,20,,,0,70,,369407,20,,,0,30,,369412,20,,,0,70,,369418,20,,,0,27,,369411,20,,,0,30,,369428,20,,,0,70,,369424,20,,,0,30,,369417,20,,,0,68,,369420,20,,,0,30,,369421,20,,,0,70,,235012,20,,,0,30,,369406,20,,,0,100,,369408,20,,,0
16100,'7',542,,221398,20,,,0,74,,369459,20,,,0,15,,369452,20,,,0,70,,369454,20,,,0,32,,281825,20,,,0,68,,369448,20,,,0,30,,369442,20,,,0,70,,369441,20,,,0,28,,369437,20,,,0,30,,369451,20,,,0,70,,369460,20,,,0,30,,369458,20,,,0,70,,369444,20,,,0,30,,369434,20,,,0,70,,369462,20,,,0,30,,369453,20,,,0,70,,369445,20,,,0,30,,369436,20,,,0,100,,369457,20,,,0,75,,369461,20,,,0,70,,369435,20,,,0,28,,369443,20,,,0,70,,369433,20,,,0,30,,369439,20,,,0,70,,369447,20,,,0,27,,369438,20,,,0,30,,369456,20,,,0,70,,82617,20,,,0,30,,369446,20,,,0,68,,369449,20,,,0,30,,369450,20,,,0,70,,369463,20,,,0,30,,369432,20,,,0,100,,244009,20,,,0
16100,'8',720,,243606,20,,,0,100,,369464,20,,,0,100,,369470,20,,,0,100,,369479,20,,,0,100,,369466,20,,,0,101,,369476,20,,,0,100,,369468,20,,,0,100,,369475,20,,,0,100,,369478,20,,,0,100,,369467,20,,,0,100,,369477,20,,,0,99,,369473,20,,,0,100,,369471,20,,,0,100,,369469,20,,,0,100,,369474,20,,,0,100,,369472,20,,,0,100,,369465,20,,,0
16100,'9',542,,369483,20,,,0,74,,369503,20,,,0,15,,369497,20,,,0,70,,369500,20,,,0,32,,369493,20,,,0,68,,228365,20,,,0,30,,369488,20,,,0,70,,369487,20,,,0,28,,369484,20,,,0,30,,369496,20,,,0,70,,246065,20,,,0,30,,252006,20,,,0,70,,281752,20,,,0,30,,269791,20,,,0,70,,369505,20,,,0,30,,369499,20,,,0,70,,369490,20,,,0,30,,267744,20,,,0,100,,183094,20,,,0,75,,369504,20,,,0,70,,238601,20,,,0,28,,369489,20,,,0,70,,369481,20,,,0,30,,369486,20,,,0,70,,369492,20,,,0,27,,369485,20,,,0,30,,369502,20,,,0,70,,369498,20,,,0,30,,369491,20,,,0,68,,369494,20,,,0,30,,369495,20,,,0,70,,234831,20,,,0,30,,369480,20,,,0,100,,369482,20,,,0
26501,'1',1618,,375414,32,,,0,32,,375413,32,,,0,70,,375418,32,,,0,30,,375415,32,,,0,70,,375417,32,,,0,30,,270111,32,,,0,67,,375416,32,,,0
26501,'11',1619,,375423,32,,,0,32,,375422,32,,,0,69,,375421,32,,,0,30,,375424,32,,,0,70,,375420,32,,,0,30,,375419,32,,,0,67,,187688,32,,,0
26501,'13',1619,,375429,32,,,0,32,,375428,32,,,0,69,,375427,32,,,0,30,,375430,32,,,0,70,,375426,32,,,0,30,,375425,32,,,0,67,,187504,32,,,0
26501,'14',1619,,375435,32,,,0,32,,375434,32,,,0,69,,375433,32,,,0,30,,375436,32,,,0,70,,375432,32,,,0,30,,375431,32,,,0,67,,187601,32,,,0
26501,'2',1619,,375439,32,,,0,32,,219958,32,,,0,69,,375438,32,,,0,30,,273553,32,,,0,70,,375437,32,,,0,30,,291957,32,,,0,67,,375440,32,,,0
26501,'3',1619,,224212,32,,,0,32,,375444,32,,,0,69,,375443,32,,,0,30,,375446,32,,,0,70,,375442,32,,,0,30,,375441,32,,,0,67,,375445,32,,,0
26501,'4',1618,,375448,32,,,0,103,,375449,32,,,0,101,,375450,32,,,0,95,,375447,32,,,0
26501,'5',1619,,184634,32,,,0,32,,375454,32,,,0,69,,375453,32,,,0,30,,375456,32,,,0,70,,375452,32,,,0,30,,375451,32,,,0,67,,375455,32,,,0
26501,'6',1619,,375461,32,,,0,32,,375460,32,,,0,69,,375459,32,,,0,30,,375462,32,,,0,70,,375458,32,,,0,30,,375457,32,,,0,67,,187671,32,,,0
26501,'7',1619,,375465,32,,,0,32,,219838,32,,,0,69,,375464,32,,,0,30,,273378,32,,,0,70,,375463,32,,,0,30,,291881,32,,,0,67,,375466,32,,,0
26501,'9',1619,,375471,32,,,0,32,,375470,32,,,0,69,,375469,32,,,0,30,,375472,32,,,0,70,,375468,32,,,0,30,,375467,32,,,0,67,,187618,32,,,0
66100,'11',816,,377005,21,,,0
66100,'13',816,,377006,21,,,0
66100,'14',816,,377007,21,,,0
66100,'2',816,,199451,21,,,0
66100,'3',816,,377008,21,,,0
66100,'5',816,,377009,21,,,0
66100,'6',816,,377010,21,,,0
66100,'7',816,,4181,21,,,0
66100,'9',816,,377011,21,,,0
66400,'11',802,,377111,10,,,0,4,,377110,10,,,0,11,,377109,10,,,0
66400,'13',802,,377114,10,,,0,4,,377113,10,,,0,11,,377112,10,,,0
66400,'14',802,,377117,10,,,0,4,,377116,10,,,0,11,,377115,10,,,0
66400,'2',802,,240723,10,,,0,4,,126782,10,,,0,11,,377118,10,,,0
66400,'3',802,,377121,10,,,0,4,,377120,10,,,0,11,,377119,10,,,0
66400,'5',802,,377124,10,,,0,4,,377123,10,,,0,11,,377122,10,,,0
66400,'6',802,,377127,10,,,0,4,,377126,10,,,0,11,,377125,10,,,0
66400,'7',802,,240653,10,,,0,4,,109370,10,,,0,11,,377128,10,,,0
66400,'9',802,,377131,10,,,0,4,,377130,10,,,0,11,,377129,10,,,0
67401,'11',1443,,377612,3,,,0,2,,377609,3,,,0
67401,'13',1443,,377617,3,,,0,2,,377614,3,,,0
67401,'14',1443,,377622,3,,,0,2,,377619,3,,,0
67401,'2',1443,,377627,3,,,0,2,,193430,3,,,0
67401,'3',1443,,377632,3,,,0,2,,377628,3,,,0
67401,'5',1443,,377637,3,,,0,2,,377633,3,,,0
67401,'6',1443,,377642,3,,,0,2,,377639,3,,,0
67401,'7',1443,,377647,3,,,0,2,,193511,3,,,0
67401,'9',1443,,377652,3,,,0,2,,377649,3,,,0
