5100,'1',702,,246455,46,,,1,100,,246454,46,,,1,31,,246469,46,,,1,70,,246468,46,,,1,30,,246456,46,,,1,70,,246462,46,,,1,31,,246458,46,,,1,70,,126620,46,,,1,30,,246470,46,,,1,70,,246465,46,,,1,31,,60698,46,,,1,70,,246473,46,,,1,30,,246461,46,,,1,70,,185965,46,,,1,31,,246452,46,,,1,70,,246467,46,,,1,30,,246463,46,,,1,70,,246471,46,,,1,28,,189560,46,,,1,70,,246453,46,,,1,30,,246466,46,,,1,70,,246451,46,,,1,29,,246464,46,,,1,70,,246472,46,,,1,30,,246460,31,,,1,70,,166551,46,,,1,29,,246459,31,,,1,70,,246449,46,,,1,100,,246474,46,,,1,30,,246450,31,,,1,72,,246457,46,,,1
5100,'10',702,,246480,46,,,1,100,,151435,46,,,1,31,,246495,46,,,1,70,,246494,46,,,1,30,,246481,46,,,1,70,,246487,46,,,1,31,,246483,46,,,1,70,,246490,46,,,1,30,,246496,46,,,1,70,,246489,46,,,1,31,,246491,46,,,1,70,,246501,46,,,1,30,,246486,46,,,1,70,,246500,46,,,1,31,,246477,46,,,1,70,,246493,46,,,1,30,,246488,46,,,1,70,,246497,46,,,1,28,,246498,46,,,1,70,,246478,46,,,1,30,,246492,46,,,1,70,,246476,46,,,1,29,,147932,46,,,1,70,,246499,46,,,1,30,,246485,31,,,1,70,,246479,46,,,1,29,,246484,31,,,1,70,,246475,46,,,1,100,,246502,46,,,1,30,,165627,31,,,1,72,,246482,46,,,1
5100,'11',828,,246507,46,,,1,100,,246503,46,,,1,30,,153935,46,,,1,71,,161980,46,,,1,30,,246517,46,,,1,70,,246516,46,,,1,30,,246513,46,,,1,71,,246509,46,,,1,70,,246504,46,,,1,30,,154515,46,,,1,70,,145328,46,,,1,31,,246505,46,,,1,70,,246519,46,,,1,30,,246514,46,,,1,70,,246510,46,,,1,28,,246506,46,,,1,30,,246508,46,,,1,70,,127058,46,,,1,30,,183193,46,,,1,69,,246511,46,,,1,30,,133968,46,,,1,70,,246515,46,,,1,30,,246518,46,,,1,69,,170728,46,,,1,31,,246512,26,,,1,69,,246520,46,,,1,100,,157757,46,,,1,100,,202581,46,,,1
5100,'12',609,,246529,54,,,1,101,,246536,54,,,1,107,,246522,54,,,1,30,,159128,54,,,1,98,,246533,54,,,1,70,,246521,54,,,1,32,,246544,46,,,1,70,,246545,46,,,1,30,,159124,46,,,1,70,,246527,46,,,1,30,,246535,46,,,1,70,,246523,46,,,1,30,,246531,46,,,1,70,,246537,46,,,1,30,,246530,46,,,1,71,,29191,13,,,1,1,,246542,46,,,1,36,,159131,46,,,1,75,,246541,46,,,1,25,,246538,46,,,1,70,,246532,46,,,1,30,,246540,46,,,1,70,,246543,46,,,1,26,,204471,46,,,1,70,,181863,46,,,1,22,,246528,46,,,1,69,,58941,46,,,1,28,,246525,46,,,1,69,,246534,46,,,1,30,,246524,46,,,1,70,,159135,46,,,1,30,,246539,46,,,1
5100,'13',702,,171324,46,,,1,100,,246550,46,,,1,31,,246559,46,,,1,70,,163081,46,,,1,30,,3042,46,,,1,70,,164650,46,,,1,31,,28069,46,,,1,70,,246556,46,,,1,30,,246560,46,,,1,70,,20753,46,,,1,31,,246557,46,,,1,70,,246564,46,,,1,30,,153912,46,,,1,70,,246563,46,,,1,31,,246549,46,,,1,70,,246558,46,,,1,30,,45182,46,,,1,70,,156876,46,,,1,28,,246561,46,,,1,70,,104067,46,,,1,30,,192882,46,,,1,70,,246548,46,,,1,29,,246555,46,,,1,70,,246562,46,,,1,30,,246554,31,,,1,70,,246551,46,,,1,29,,246553,31,,,1,70,,246546,46,,,1,100,,108651,46,,,1,30,,246547,31,,,1,72,,246552,46,,,1
5100,'14',609,,246574,54,,,1,101,,83720,54,,,1,28,,246586,54,,,1,79,,246587,54,,,1,30,,202379,54,,,1,70,,140484,54,,,1,28,,246567,54,,,1,70,,246590,54,,,1,32,,246585,46,,,1,70,,246583,46,,,1,30,,246572,46,,,1,70,,246575,46,,,1,30,,246573,46,,,1,70,,246565,46,,,1,30,,246581,46,,,1,70,,201431,46,,,1,30,,246589,46,,,1,72,,180905,46,,,1,36,,246577,46,,,1,75,,189122,46,,,1,25,,246570,46,,,1,70,,142418,46,,,1,30,,246588,46,,,1,70,,246579,46,,,1,26,,246569,46,,,1,70,,246576,46,,,1,22,,246582,46,,,1,69,,246578,46,,,1,28,,246566,46,,,1,69,,246580,46,,,1,30,,246584,46,,,1,70,,246571,46,,,1,30,,246568,46,,,1
5100,'15',609,,246599,54,,,1,101,,246606,54,,,1,107,,246592,54,,,1,30,,159226,54,,,1,98,,246603,54,,,1,70,,246591,54,,,1,32,,246614,46,,,1,70,,246615,46,,,1,30,,159222,46,,,1,70,,246597,46,,,1,30,,246605,46,,,1,70,,246593,46,,,1,30,,246601,46,,,1,70,,246607,46,,,1,30,,246600,46,,,1,71,,29594,13,,,1,1,,246612,46,,,1,36,,159229,46,,,1,75,,246611,46,,,1,25,,246608,46,,,1,70,,246602,46,,,1,30,,246610,46,,,1,70,,246613,46,,,1,26,,204482,46,,,1,70,,182011,46,,,1,22,,246598,46,,,1,69,,59377,46,,,1,28,,246595,46,,,1,69,,246604,46,,,1,30,,246594,46,,,1,70,,159233,46,,,1,30,,246609,46,,,1
5100,'16',828,,246619,46,,,1,100,,246616,46,,,1,30,,246639,46,,,1,71,,246620,46,,,1,30,,246635,46,,,1,70,,246633,46,,,1,30,,246627,46,,,1,71,,246622,46,,,1,70,,199414,46,,,1,30,,246628,46,,,1,70,,246629,46,,,1,31,,246617,46,,,1,70,,246637,46,,,1,30,,174209,46,,,1,70,,246623,46,,,1,28,,97392,46,,,1,30,,170167,46,,,1,70,,246630,46,,,1,30,,246634,46,,,1,69,,246624,46,,,1,30,,246618,46,,,1,70,,246632,46,,,1,30,,246636,46,,,1,69,,246621,46,,,1,31,,246625,26,,,1,69,,246638,46,,,1,100,,246626,46,,,1,100,,246631,46,,,1
5100,'17',609,,246649,54,,,1,101,,150666,54,,,1,28,,246661,54,,,1,79,,246662,54,,,1,30,,202338,54,,,1,70,,140411,54,,,1,28,,246642,54,,,1,70,,246665,54,,,1,32,,246660,46,,,1,70,,246658,46,,,1,30,,246647,46,,,1,70,,246650,46,,,1,30,,246648,46,,,1,70,,246640,46,,,1,30,,246656,46,,,1,70,,201379,46,,,1,30,,246664,46,,,1,72,,19388,46,,,1,36,,246652,46,,,1,75,,189042,46,,,1,25,,246645,46,,,1,70,,81648,46,,,1,30,,246663,46,,,1,70,,246654,46,,,1,26,,246644,46,,,1,70,,246651,46,,,1,22,,246657,46,,,1,69,,246653,46,,,1,28,,246641,46,,,1,69,,246655,46,,,1,30,,246659,46,,,1,70,,246646,46,,,1,30,,246643,46,,,1
5100,'18',609,,246675,54,,,1,101,,150844,54,,,1,28,,246687,54,,,1,79,,246688,54,,,1,30,,202445,54,,,1,70,,140575,54,,,1,28,,246668,54,,,1,70,,246691,54,,,1,32,,246686,46,,,1,70,,246684,46,,,1,30,,246673,46,,,1,70,,246676,46,,,1,30,,246674,46,,,1,70,,246666,46,,,1,30,,246682,46,,,1,70,,89233,46,,,1,30,,246690,46,,,1,72,,181020,46,,,1,36,,246678,46,,,1,75,,189235,46,,,1,25,,246671,46,,,1,70,,142466,46,,,1,30,,246689,46,,,1,70,,246680,46,,,1,26,,246670,46,,,1,70,,246677,46,,,1,22,,246683,46,,,1,69,,246679,46,,,1,28,,246667,46,,,1,69,,246681,46,,,1,30,,246685,46,,,1,70,,246672,46,,,1,30,,246669,46,,,1
5100,'2',609,,246702,54,,,1,101,,246695,54,,,1,28,,246715,54,,,1,79,,246716,54,,,1,30,,246708,54,,,1,70,,246698,54,,,1,28,,246693,54,,,1,70,,156057,54,,,1,32,,179547,46,,,1,70,,246711,46,,,1,30,,246701,46,,,1,70,,246703,46,,,1,30,,110924,46,,,1,70,,246692,46,,,1,30,,246710,46,,,1,70,,246712,46,,,1,30,,246718,46,,,1,72,,246694,46,,,1,36,,246705,46,,,1,75,,246719,46,,,1,25,,246699,46,,,1,70,,246713,46,,,1,30,,246717,46,,,1,70,,246707,46,,,1,26,,246697,46,,,1,70,,246704,46,,,1,22,,132622,46,,,1,69,,246706,46,,,1,28,,136252,46,,,1,69,,246709,46,,,1,30,,246714,46,,,1,70,,246700,46,,,1,30,,246696,46,,,1
5100,'3',609,,60664,54,,,1,101,,246738,54,,,1,107,,246721,54,,,1,30,,246727,54,,,1,98,,246734,54,,,1,70,,246720,54,,,1,32,,246744,46,,,1,70,,19703,46,,,1,30,,246723,46,,,1,70,,131339,46,,,1,30,,246737,46,,,1,70,,246722,46,,,1,30,,246730,46,,,1,70,,246739,46,,,1,30,,169555,46,,,1,71,,246733,13,,,1,1,,246742,46,,,1,36,,246729,46,,,1,75,,246741,46,,,1,25,,133291,46,,,1,70,,134431,46,,,1,30,,246740,46,,,1,70,,246743,46,,,1,26,,246731,46,,,1,70,,246725,46,,,1,22,,246728,46,,,1,69,,246735,46,,,1,28,,246724,46,,,1,69,,246736,46,,,1,30,,148036,46,,,1,70,,246732,46,,,1,30,,171198,46,,,1
5100,'4',609,,246753,54,,,1,101,,246760,54,,,1,107,,246746,54,,,1,30,,159278,54,,,1,98,,246757,54,,,1,70,,246745,54,,,1,32,,246768,46,,,1,70,,246769,46,,,1,30,,159274,46,,,1,70,,246751,46,,,1,30,,246759,46,,,1,70,,246747,46,,,1,30,,246755,46,,,1,70,,246761,46,,,1,30,,246754,46,,,1,71,,29549,13,,,1,1,,246766,46,,,1,36,,159281,46,,,1,75,,246765,46,,,1,25,,246762,46,,,1,70,,246756,46,,,1,30,,246764,46,,,1,70,,246767,46,,,1,26,,204486,46,,,1,70,,182079,46,,,1,22,,246752,46,,,1,69,,59330,46,,,1,28,,246749,46,,,1,69,,246758,46,,,1,30,,246748,46,,,1,70,,159285,46,,,1,30,,246763,46,,,1
5100,'5',609,,246778,54,,,1,101,,246785,54,,,1,107,,246771,54,,,1,30,,158894,54,,,1,98,,246782,54,,,1,70,,246770,54,,,1,32,,246793,46,,,1,70,,246794,46,,,1,30,,158890,46,,,1,70,,246776,46,,,1,30,,246784,46,,,1,70,,246772,46,,,1,30,,246780,46,,,1,70,,246786,46,,,1,30,,246779,46,,,1,71,,29146,13,,,1,1,,246791,46,,,1,36,,158897,46,,,1,75,,246790,46,,,1,25,,246787,46,,,1,70,,246781,46,,,1,30,,246789,46,,,1,70,,246792,46,,,1,26,,204447,46,,,1,70,,181539,46,,,1,22,,246777,46,,,1,69,,58894,46,,,1,28,,246774,46,,,1,69,,246783,46,,,1,30,,246773,46,,,1,70,,158901,46,,,1,30,,246788,46,,,1
5100,'6',828,,246798,46,,,1,100,,31618,46,,,1,30,,246817,46,,,1,71,,246799,46,,,1,30,,246815,46,,,1,70,,246813,46,,,1,30,,246806,46,,,1,71,,246802,46,,,1,70,,246795,46,,,1,30,,246808,46,,,1,70,,246809,46,,,1,31,,168262,46,,,1,70,,179198,46,,,1,30,,246807,46,,,1,70,,246803,46,,,1,28,,246796,46,,,1,30,,246800,46,,,1,70,,246810,46,,,1,30,,246814,46,,,1,69,,53727,46,,,1,30,,246797,46,,,1,70,,246812,46,,,1,30,,246816,46,,,1,69,,246801,46,,,1,31,,246804,26,,,1,69,,146770,46,,,1,100,,246805,46,,,1,100,,246811,46,,,1
5100,'7',609,,246830,54,,,1,101,,246822,54,,,1,28,,188381,54,,,1,79,,177966,54,,,1,30,,246835,54,,,1,70,,246825,54,,,1,28,,246820,54,,,1,70,,246846,54,,,1,32,,246843,46,,,1,70,,246839,46,,,1,30,,246828,46,,,1,70,,246831,46,,,1,30,,246829,46,,,1,70,,246818,46,,,1,30,,246837,46,,,1,70,,246840,46,,,1,30,,246845,46,,,1,72,,246821,46,,,1,36,,246833,46,,,1,75,,246847,46,,,1,25,,246826,46,,,1,70,,246841,46,,,1,30,,246844,46,,,1,70,,202309,46,,,1,26,,246824,46,,,1,70,,246832,46,,,1,22,,246838,46,,,1,69,,246834,46,,,1,28,,246819,46,,,1,69,,246836,46,,,1,30,,246842,46,,,1,70,,246827,46,,,1,30,,246823,46,,,1
5100,'8',609,,246850,54,,,1,101,,246848,54,,,1,28,,246870,54,,,1,78,,246864,54,,,1,31,,246865,54,,,1,69,,246858,54,,,1,29,,246854,54,,,1,70,,246857,54,,,1,32,,246849,46,,,1,70,,246875,46,,,1,30,,246879,46,,,1,70,,246861,46,,,1,30,,246862,46,,,1,70,,246871,46,,,1,30,,246867,46,,,1,70,,246868,46,,,1,30,,246877,46,,,1,72,,246878,46,,,1,36,,246869,46,,,1,75,,246874,46,,,1,25,,246859,46,,,1,70,,246880,46,,,1,30,,246860,46,,,1,70,,246852,46,,,1,26,,246876,46,,,1,70,,246855,46,,,1,22,,246873,46,,,1,69,,246853,46,,,1,28,,246856,46,,,1,69,,246866,46,,,1,30,,246872,46,,,1,70,,246863,46,,,1,30,,246851,46,,,1
5100,'9',609,,246889,54,,,1,101,,246896,54,,,1,107,,246882,54,,,1,30,,159102,54,,,1,98,,246893,54,,,1,70,,246881,54,,,1,32,,246904,46,,,1,70,,246905,46,,,1,30,,159098,46,,,1,70,,246887,46,,,1,30,,246895,46,,,1,70,,246883,46,,,1,30,,246891,46,,,1,70,,246897,46,,,1,30,,246890,46,,,1,71,,29352,13,,,1,1,,246902,46,,,1,36,,159105,46,,,1,75,,246901,46,,,1,25,,246898,46,,,1,70,,246892,46,,,1,30,,246900,46,,,1,70,,246903,46,,,1,26,,204467,46,,,1,70,,181824,46,,,1,22,,246888,46,,,1,69,,59108,46,,,1,28,,246885,46,,,1,69,,246894,46,,,1,30,,246884,46,,,1,70,,159109,46,,,1,30,,246899,46,,,1
8100,'1',806,,266710,65,,,1,30,,266707,65,,,1,70,,266717,65,,,1,30,,266702,65,,,1,70,,266696,65,,,1,30,,266703,65,,,1,73,,266705,65,,,1,30,,266709,65,,,1,70,,266698,65,,,1,30,,266720,65,,,1,71,,266711,65,,,1,30,,196945,65,,,1,70,,266712,65,,,1,30,,266715,65,,,1,70,,266713,65,,,1,30,,266697,65,,,1,70,,148577,65,,,1,30,,266716,65,,,1,70,,266701,65,,,1,30,,266719,65,,,1,70,,266699,65,,,1,30,,266714,65,,,1,69,,266704,65,,,1,30,,266706,65,,,1,70,,266708,65,,,1,100,,266721,65,,,1,97,,266718,65,,,1,100,,182064,65,,,1,100,,266700,65,,,1
8100,'10',806,,266736,65,,,1,30,,266733,65,,,1,70,,266743,65,,,1,30,,266728,65,,,1,70,,266722,65,,,1,30,,266729,65,,,1,73,,266731,65,,,1,30,,125538,65,,,1,70,,266724,65,,,1,30,,266747,65,,,1,71,,266737,65,,,1,30,,266749,65,,,1,70,,266738,65,,,1,30,,266741,65,,,1,70,,266739,65,,,1,30,,266723,65,,,1,70,,266735,65,,,1,30,,266742,65,,,1,70,,266727,65,,,1,30,,266746,65,,,1,70,,266725,65,,,1,30,,266740,65,,,1,69,,266730,65,,,1,30,,266732,65,,,1,70,,266734,65,,,1,100,,266748,65,,,1,97,,266745,65,,,1,100,,266744,65,,,1,100,,266726,65,,,1
8100,'11',803,,266755,65,,,1,30,,266766,65,,,1,70,,266751,65,,,1,30,,266758,65,,,1,70,,266752,65,,,1,30,,266763,65,,,1,73,,266764,65,,,1,30,,194666,65,,,1,70,,266759,65,,,1,30,,266765,65,,,1,71,,266756,65,,,1,30,,172660,65,,,1,70,,266767,65,,,1,30,,130804,65,,,1,70,,266769,65,,,1,30,,266760,65,,,1,70,,266757,65,,,1,30,,266750,65,,,1,70,,266761,65,,,1,30,,266754,65,,,1,70,,266772,65,,,1,30,,266770,65,,,1,69,,266753,65,,,1,100,,266768,65,,,1,100,,171416,65,,,1,97,,266771,65,,,1,100,,266762,65,,,1
8100,'12',620,,197444,65,,,1,30,,266775,65,,,1,70,,266777,65,,,1,28,,149344,65,,,1,67,,166904,65,,,1,35,,266799,65,,,1,72,,266789,65,,,1,28,,82999,65,,,1,70,,266786,65,,,1,30,,266795,65,,,1,70,,266792,65,,,1,30,,266783,65,,,1,70,,152473,65,,,1,32,,266774,65,,,1,70,,266781,65,,,1,30,,266784,65,,,1,72,,266796,65,,,1,30,,266790,65,,,1,70,,266787,65,,,1,35,,266773,65,,,1,74,,266801,65,,,1,97,,266780,65,,,1,28,,178132,65,,,1,68,,266798,65,,,1,30,,266791,65,,,1,66,,266776,65,,,1,28,,266793,65,,,1,70,,266794,65,,,1,30,,266778,65,,,1,67,,266779,65,,,1,30,,266785,65,,,1,70,,266782,65,,,1,30,,266797,65,,,1,100,,266788,65,,,1,85,,266800,65,,,1
8100,'13',806,,266811,65,,,1,30,,131585,65,,,1,70,,266816,65,,,1,30,,161332,65,,,1,70,,266802,65,,,1,30,,266806,65,,,1,73,,200647,65,,,1,30,,266810,65,,,1,70,,266803,65,,,1,30,,266820,65,,,1,71,,266812,65,,,1,30,,266821,65,,,1,70,,266813,65,,,1,30,,266814,65,,,1,70,,176930,65,,,1,30,,178593,65,,,1,70,,266809,65,,,1,30,,266815,65,,,1,70,,158803,65,,,1,30,,266819,65,,,1,70,,266804,65,,,1,30,,118057,65,,,1,69,,31726,65,,,1,30,,266807,65,,,1,70,,266808,65,,,1,100,,177667,65,,,1,97,,266818,65,,,1,100,,266817,65,,,1,100,,266805,65,,,1
8100,'14',620,,266832,65,,,1,30,,266840,65,,,1,70,,266841,65,,,1,28,,266830,65,,,1,72,,266847,65,,,1,32,,266835,65,,,1,69,,266836,65,,,1,29,,266838,65,,,1,70,,266833,65,,,1,30,,149075,65,,,1,70,,266829,65,,,1,30,,266828,65,,,1,70,,185301,65,,,1,32,,45621,65,,,1,70,,266845,65,,,1,30,,266842,65,,,1,72,,266834,65,,,1,30,,178025,65,,,1,70,,266827,65,,,1,35,,266844,65,,,1,72,,152217,65,,,1,70,,266825,65,,,1,29,,266823,65,,,1,28,,266826,65,,,1,68,,266848,65,,,1,30,,266839,65,,,1,66,,266850,65,,,1,28,,266846,65,,,1,70,,266824,65,,,1,30,,266831,65,,,1,67,,266837,65,,,1,30,,189861,65,,,1,70,,266822,65,,,1,30,,153319,65,,,1,100,,266843,65,,,1,85,,266849,65,,,1
8100,'15',620,,197546,65,,,1,30,,266853,65,,,1,70,,266855,65,,,1,28,,149600,65,,,1,67,,167021,65,,,1,35,,266877,65,,,1,72,,266867,65,,,1,28,,83047,65,,,1,70,,266864,65,,,1,30,,266873,65,,,1,70,,266870,65,,,1,30,,266861,65,,,1,70,,152672,65,,,1,32,,266852,65,,,1,70,,266859,65,,,1,30,,266862,65,,,1,72,,266874,65,,,1,30,,266868,65,,,1,70,,266865,65,,,1,35,,266851,65,,,1,74,,266879,65,,,1,97,,266858,65,,,1,28,,178235,65,,,1,68,,266876,65,,,1,30,,266869,65,,,1,66,,266854,65,,,1,28,,266871,65,,,1,70,,266872,65,,,1,30,,266856,65,,,1,67,,266857,65,,,1,30,,266863,65,,,1,70,,266860,65,,,1,30,,266875,65,,,1,100,,266866,65,,,1,85,,266878,65,,,1
8100,'16',803,,266884,65,,,1,30,,266897,65,,,1,70,,266880,65,,,1,30,,266887,65,,,1,70,,266881,65,,,1,30,,266893,65,,,1,73,,266895,65,,,1,30,,266892,65,,,1,70,,38115,65,,,1,30,,266896,65,,,1,71,,266885,65,,,1,30,,266888,65,,,1,70,,266898,65,,,1,30,,266894,65,,,1,70,,266900,65,,,1,30,,266889,65,,,1,70,,266886,65,,,1,30,,157381,65,,,1,70,,266890,65,,,1,30,,266883,65,,,1,70,,266903,65,,,1,30,,266901,65,,,1,69,,266882,65,,,1,100,,266899,65,,,1,100,,266902,65,,,1,97,,176556,65,,,1,100,,266891,65,,,1
8100,'17',620,,266914,65,,,1,30,,266922,65,,,1,70,,266923,65,,,1,28,,266912,65,,,1,72,,266929,65,,,1,32,,266917,65,,,1,69,,266918,65,,,1,29,,266920,65,,,1,70,,266915,65,,,1,30,,148951,65,,,1,70,,266911,65,,,1,30,,266910,65,,,1,70,,185202,65,,,1,32,,150670,65,,,1,70,,266927,65,,,1,30,,266924,65,,,1,72,,266916,65,,,1,30,,177975,65,,,1,70,,266909,65,,,1,35,,266926,65,,,1,72,,87952,65,,,1,70,,266907,65,,,1,29,,266905,65,,,1,28,,266908,65,,,1,68,,266930,65,,,1,30,,266921,65,,,1,66,,266932,65,,,1,28,,266928,65,,,1,70,,266906,65,,,1,30,,266913,65,,,1,67,,266919,65,,,1,30,,73134,65,,,1,70,,266904,65,,,1,30,,153274,65,,,1,100,,266925,65,,,1,85,,266931,65,,,1
8100,'18',620,,266943,65,,,1,30,,266951,65,,,1,70,,266952,65,,,1,28,,266941,65,,,1,72,,266958,65,,,1,32,,266946,65,,,1,69,,266947,65,,,1,29,,266949,65,,,1,70,,266944,65,,,1,30,,149202,65,,,1,70,,266940,65,,,1,30,,266939,65,,,1,70,,105144,65,,,1,32,,150848,65,,,1,70,,266956,65,,,1,30,,266953,65,,,1,72,,266945,65,,,1,30,,103530,65,,,1,70,,266938,65,,,1,35,,266955,65,,,1,72,,152334,65,,,1,70,,266936,65,,,1,29,,266934,65,,,1,28,,266937,65,,,1,68,,266959,65,,,1,30,,266950,65,,,1,66,,266961,65,,,1,28,,266957,65,,,1,70,,266935,65,,,1,30,,266942,65,,,1,67,,266948,65,,,1,30,,189962,65,,,1,70,,266933,65,,,1,30,,307,65,,,1,100,,266954,65,,,1,85,,266960,65,,,1
8100,'2',620,,266975,65,,,1,30,,266982,65,,,1,70,,266983,65,,,1,28,,266971,65,,,1,72,,266988,65,,,1,32,,266978,65,,,1,69,,129313,65,,,1,29,,266980,65,,,1,70,,266976,65,,,1,30,,266981,65,,,1,70,,266970,65,,,1,30,,93623,65,,,1,70,,266963,65,,,1,32,,266973,65,,,1,70,,266987,65,,,1,30,,266985,65,,,1,72,,266977,65,,,1,30,,266968,65,,,1,70,,266969,65,,,1,35,,266986,65,,,1,72,,266964,65,,,1,70,,266966,65,,,1,29,,102994,65,,,1,28,,266967,65,,,1,68,,121478,65,,,1,30,,122166,65,,,1,66,,266990,65,,,1,28,,148393,65,,,1,70,,266965,65,,,1,30,,266972,65,,,1,67,,266979,65,,,1,30,,266974,65,,,1,70,,266962,65,,,1,30,,266984,65,,,1,100,,8409,65,,,1,85,,266989,65,,,1
8100,'3',620,,267010,65,,,1,30,,266991,65,,,1,70,,123760,65,,,1,28,,267012,65,,,1,67,,267006,65,,,1,35,,267016,65,,,1,72,,140540,65,,,1,28,,266999,65,,,1,70,,267003,65,,,1,30,,130532,65,,,1,70,,267009,65,,,1,30,,267000,65,,,1,70,,267005,65,,,1,32,,130500,65,,,1,70,,266997,65,,,1,30,,267001,65,,,1,72,,267013,65,,,1,30,,267008,65,,,1,70,,267004,65,,,1,35,,134409,65,,,1,74,,267018,65,,,1,97,,266996,65,,,1,28,,266993,65,,,1,68,,267015,65,,,1,30,,124762,65,,,1,66,,266992,65,,,1,28,,168614,65,,,1,70,,267011,65,,,1,30,,266994,65,,,1,67,,266995,65,,,1,30,,267002,65,,,1,70,,266998,65,,,1,30,,267014,65,,,1,100,,267007,65,,,1,85,,267017,65,,,1
8100,'4',620,,197589,65,,,1,30,,267021,65,,,1,70,,267023,65,,,1,28,,149727,65,,,1,67,,167080,65,,,1,35,,267045,65,,,1,72,,267035,65,,,1,28,,83041,65,,,1,70,,267032,65,,,1,30,,267041,65,,,1,70,,267038,65,,,1,30,,267029,65,,,1,70,,152762,65,,,1,32,,267020,65,,,1,70,,267027,65,,,1,30,,267030,65,,,1,72,,267042,65,,,1,30,,267036,65,,,1,70,,267033,65,,,1,35,,267019,65,,,1,74,,267047,65,,,1,97,,267026,65,,,1,28,,178290,65,,,1,68,,267044,65,,,1,30,,267037,65,,,1,66,,267022,65,,,1,28,,267039,65,,,1,70,,267040,65,,,1,30,,267024,65,,,1,67,,267025,65,,,1,30,,267031,65,,,1,70,,267028,65,,,1,30,,267043,65,,,1,100,,267034,65,,,1,85,,267046,65,,,1
8100,'5',620,,197233,65,,,1,30,,267050,65,,,1,70,,267052,65,,,1,28,,148793,65,,,1,67,,166643,65,,,1,35,,267074,65,,,1,72,,267064,65,,,1,28,,82993,65,,,1,70,,267061,65,,,1,30,,267070,65,,,1,70,,267067,65,,,1,30,,267058,65,,,1,70,,152051,65,,,1,32,,267049,65,,,1,70,,267056,65,,,1,30,,267059,65,,,1,72,,267071,65,,,1,30,,267065,65,,,1,70,,267062,65,,,1,35,,267048,65,,,1,74,,267076,65,,,1,97,,267055,65,,,1,28,,177899,65,,,1,68,,267073,65,,,1,30,,267066,65,,,1,66,,267051,65,,,1,28,,267068,65,,,1,70,,267069,65,,,1,30,,267053,65,,,1,67,,267054,65,,,1,30,,267060,65,,,1,70,,267057,65,,,1,30,,267072,65,,,1,100,,267063,65,,,1,85,,267075,65,,,1
8100,'6',803,,267079,65,,,1,30,,143121,65,,,1,70,,167660,65,,,1,30,,267081,65,,,1,70,,147220,65,,,1,30,,267087,65,,,1,73,,267089,65,,,1,30,,267086,65,,,1,70,,267083,65,,,1,30,,267090,65,,,1,71,,267080,65,,,1,30,,267082,65,,,1,70,,267091,65,,,1,30,,267088,65,,,1,70,,267093,65,,,1,30,,267084,65,,,1,70,,142273,65,,,1,30,,267077,65,,,1,70,,163259,65,,,1,30,,267078,65,,,1,70,,267097,65,,,1,30,,267094,65,,,1,69,,191328,65,,,1,100,,267092,65,,,1,100,,267095,65,,,1,97,,267096,65,,,1,100,,267085,65,,,1
8100,'7',620,,267112,65,,,1,30,,267121,65,,,1,70,,267122,65,,,1,28,,267108,65,,,1,72,,128213,65,,,1,32,,267115,65,,,1,69,,267116,65,,,1,29,,267118,65,,,1,70,,267113,65,,,1,30,,267120,65,,,1,70,,267107,65,,,1,30,,267106,65,,,1,70,,267099,65,,,1,32,,267110,65,,,1,70,,267127,65,,,1,30,,267124,65,,,1,72,,267114,65,,,1,30,,267104,65,,,1,70,,267105,65,,,1,35,,267126,65,,,1,72,,267100,65,,,1,70,,267102,65,,,1,29,,267101,65,,,1,28,,267103,65,,,1,68,,267129,65,,,1,30,,267119,65,,,1,66,,267131,65,,,1,28,,267128,65,,,1,70,,170212,65,,,1,30,,267109,65,,,1,67,,267117,65,,,1,30,,267111,65,,,1,70,,267098,65,,,1,30,,267123,65,,,1,100,,267125,65,,,1,85,,267130,65,,,1
8100,'8',620,,267167,65,,,1,30,,267143,65,,,1,70,,267147,65,,,1,29,,267164,65,,,1,69,,267150,65,,,1,34,,267152,65,,,1,70,,267135,65,,,1,28,,267139,65,,,1,70,,267163,65,,,1,30,,267153,65,,,1,70,,267160,65,,,1,30,,267159,65,,,1,70,,267157,65,,,1,32,,267161,65,,,1,70,,267166,65,,,1,30,,267148,65,,,1,72,,267136,65,,,1,30,,267165,65,,,1,70,,267140,65,,,1,35,,267151,65,,,1,72,,267145,65,,,1,70,,267133,65,,,1,29,,267149,65,,,1,28,,267155,65,,,1,68,,267134,65,,,1,30,,267144,65,,,1,66,,267162,65,,,1,28,,267154,65,,,1,70,,267141,65,,,1,30,,267132,65,,,1,67,,267137,65,,,1,30,,267156,65,,,1,70,,267158,65,,,1,30,,267142,65,,,1,100,,267146,65,,,1,85,,267138,65,,,1
8100,'9',620,,197414,65,,,1,30,,267170,65,,,1,70,,267172,65,,,1,28,,149286,65,,,1,67,,166871,65,,,1,35,,267194,65,,,1,72,,267184,65,,,1,28,,83017,65,,,1,70,,267181,65,,,1,30,,267190,65,,,1,70,,267187,65,,,1,30,,267178,65,,,1,70,,152420,65,,,1,32,,267169,65,,,1,70,,267176,65,,,1,30,,267179,65,,,1,72,,267191,65,,,1,30,,267185,65,,,1,70,,267182,65,,,1,35,,267168,65,,,1,74,,267196,65,,,1,97,,267175,65,,,1,28,,178102,65,,,1,68,,267193,65,,,1,30,,267186,65,,,1,66,,267171,65,,,1,28,,267188,65,,,1,70,,267189,65,,,1,30,,267173,65,,,1,67,,267174,65,,,1,30,,267180,65,,,1,70,,267177,65,,,1,30,,267192,65,,,1,100,,267183,65,,,1,85,,267195,65,,,1
