4001,'10',442,,41637,5,0,55,1,70,,41607,5,,,1,16,,41649,5,0,55,1
4001,'11',442,,41701,5,0,55,1,70,,41671,5,,,1,16,,41713,5,0,55,1
4001,'12',442,,41765,5,0,55,1,70,,41735,5,,,1,16,,41777,5,0,55,1
4001,'13',442,,41811,5,0,55,1,70,,41843,5,,,1,16,,41852,5,0,55,1
4001,'15',442,,41936,5,0,55,1,70,,41906,5,,,1,16,,41948,5,0,55,1
4001,'16',442,,42000,5,0,55,1,70,,41970,5,,,1,16,,42012,5,0,55,1
4001,'17',442,,42046,5,0,55,1,70,,42078,5,,,1,16,,42087,5,0,55,1
4001,'18',442,,42099,5,0,55,1,70,,42114,5,,,1,31,,42111,5,,,1
4001,'19',442,,42153,5,0,55,1,70,,42185,5,,,1,16,,42194,5,0,55,1
4001,'3',442,,42275,5,0,55,1,70,,42245,5,,,1,16,,42287,5,0,55,1
4001,'4',442,,42339,5,0,55,1,70,,42309,5,,,1,16,,42351,5,0,55,1
4001,'5',442,,42385,5,0,55,1,70,,42417,5,,,1,16,,42426,5,0,55,1
4001,'6',442,,42470,5,0,55,1,70,,42440,5,,,1,16,,42482,5,0,55,1
4001,'7',442,,42516,5,0,55,1,70,,42548,5,,,1,16,,42557,5,0,55,1
4200,'1',710,,44780,9,,,1,99,,44779,9,,,1,100,,44784,9,,,1,30,,44774,9,,,1,70,,44776,9,,,1,30,,44778,9,,,1,70,,44786,9,,,1,30,,44789,9,,,1,70,,44790,9,,,1,30,,44773,9,,,1,70,,44775,9,,,1,30,,44782,9,,,1,70,,44792,9,,,1,30,,44791,9,,,1,70,,44787,9,,,1,30,,44781,9,,,1,70,,44785,9,,,1,30,,44783,9,,,1,70,,44788,9,,,1,100,,44777,9,,,1
4200,'10',525,,44814,9,,,1,101,,44800,9,,,1,26,,44797,9,,,1,75,,44802,9,,,1,30,,44815,9,,,1,70,,44804,9,,,1,30,,44820,9,,,1,67,,44798,9,,,1,30,,44796,9,,,1,70,,44811,9,,,1,30,,44821,9,,,1,70,,44809,9,,,1,30,,44818,9,,,1,71,,44817,9,,,1,30,,44813,9,,,1,70,,44807,9,,,1,30,,44799,9,,,1,70,,44803,9,,,1,30,,44794,9,,,1,71,,44816,9,,,1,103,,44806,9,,,1,30,,44793,9,,,1,71,,44805,9,,,1,80,,44819,9,,,1,30,,44822,9,,,1,70,,44812,9,,,1,30,,44808,9,,,1,70,,44795,9,,,1,28,,44810,9,,,1,70,,44801,9,,,1
4200,'11',525,,44844,9,,,1,101,,44830,9,,,1,26,,44827,9,,,1,75,,44832,9,,,1,30,,44845,9,,,1,70,,44834,9,,,1,30,,44850,9,,,1,67,,44828,9,,,1,30,,44826,9,,,1,70,,44841,9,,,1,30,,44851,9,,,1,70,,44839,9,,,1,30,,44848,9,,,1,71,,44847,9,,,1,30,,44843,9,,,1,70,,44837,9,,,1,30,,44829,9,,,1,70,,44833,9,,,1,30,,44824,9,,,1,71,,44846,9,,,1,103,,44836,9,,,1,30,,44823,9,,,1,71,,44835,9,,,1,80,,44849,9,,,1,30,,44852,9,,,1,70,,44842,9,,,1,30,,44838,9,,,1,70,,44825,9,,,1,28,,44840,9,,,1,70,,44831,9,,,1
4200,'12',525,,44874,9,,,1,101,,44860,9,,,1,26,,44857,9,,,1,75,,44862,9,,,1,30,,44875,9,,,1,70,,44864,9,,,1,30,,44880,9,,,1,67,,44858,9,,,1,30,,44856,9,,,1,70,,44871,9,,,1,30,,44881,9,,,1,70,,44869,9,,,1,30,,44878,9,,,1,71,,44877,9,,,1,30,,44873,9,,,1,70,,44867,9,,,1,30,,44859,9,,,1,70,,44863,9,,,1,30,,44854,9,,,1,71,,44876,9,,,1,103,,44866,9,,,1,30,,44853,9,,,1,71,,44865,9,,,1,80,,44879,9,,,1,30,,44882,9,,,1,70,,44872,9,,,1,30,,44868,9,,,1,70,,44855,9,,,1,28,,44870,9,,,1,70,,44861,9,,,1
4200,'13',525,,44897,9,,,1,101,,44895,9,,,1,26,,44905,9,,,1,74,,44911,9,,,1,31,,44886,9,,,1,71,,44891,9,,,1,29,,44912,9,,,1,67,,44902,9,,,1,30,,44892,9,,,1,70,,44890,9,,,1,30,,44898,9,,,1,70,,44884,9,,,1,30,,44913,9,,,1,71,,44883,9,,,1,30,,44887,9,,,1,70,,44901,9,,,1,30,,44889,9,,,1,70,,44896,9,,,1,30,,44909,9,,,1,71,,44908,9,,,1,31,,44888,9,,,1,72,,44900,9,,,1,29,,44906,9,,,1,74,,44904,9,,,1,78,,44903,9,,,1,30,,44885,9,,,1,70,,44893,9,,,1,30,,44907,9,,,1,70,,44899,9,,,1,28,,44910,9,,,1,70,,44894,9,,,1
4200,'14',545,,44931,9,,,1,100,,44919,9,,,1,100,,44914,9,,,1,70,,44915,9,,,1,30,,44935,9,,,1,70,,44936,9,,,1,30,,44928,9,,,1,70,,44922,9,,,1,30,,44934,9,,,1,70,,44932,9,,,1,30,,44929,9,,,1,70,,44924,9,,,1,30,,44921,9,,,1,70,,44926,9,,,1,30,,44933,9,,,1,70,,44925,9,,,1,30,,44917,9,,,1,70,,44918,9,,,1,30,,44938,9,,,1,70,,44937,9,,,1,30,,44923,9,,,1,70,,44927,9,,,1,30,,44920,9,,,1,70,,44930,9,,,1,30,,44916,9,,,1
4200,'15',525,,44960,9,,,1,101,,44946,9,,,1,26,,44943,9,,,1,75,,44948,9,,,1,30,,44961,9,,,1,70,,44950,9,,,1,30,,44966,9,,,1,67,,44944,9,,,1,30,,44942,9,,,1,70,,44957,9,,,1,30,,44967,9,,,1,70,,44955,9,,,1,30,,44964,9,,,1,71,,44963,9,,,1,30,,44959,9,,,1,70,,44953,9,,,1,30,,44945,9,,,1,70,,44949,9,,,1,30,,44940,9,,,1,71,,44962,9,,,1,103,,44952,9,,,1,30,,44939,9,,,1,71,,44951,9,,,1,80,,44965,9,,,1,30,,44968,9,,,1,70,,44958,9,,,1,30,,44954,9,,,1,70,,44941,9,,,1,28,,44956,9,,,1,70,,44947,9,,,1
4200,'16',525,,44990,9,,,1,101,,44976,9,,,1,26,,44973,9,,,1,75,,44978,9,,,1,30,,44991,9,,,1,70,,44980,9,,,1,30,,44996,9,,,1,67,,44974,9,,,1,30,,44972,9,,,1,70,,44987,9,,,1,30,,44997,9,,,1,70,,44985,9,,,1,30,,44994,9,,,1,71,,44993,9,,,1,30,,44989,9,,,1,70,,44983,9,,,1,30,,44975,9,,,1,70,,44979,9,,,1,30,,44970,9,,,1,71,,44992,9,,,1,103,,44982,9,,,1,30,,44969,9,,,1,71,,44981,9,,,1,80,,44995,9,,,1,30,,44998,9,,,1,70,,44988,9,,,1,30,,44984,9,,,1,70,,44971,9,,,1,28,,44986,9,,,1,70,,44977,9,,,1
4200,'17',525,,45013,9,,,1,101,,45011,9,,,1,26,,45021,9,,,1,74,,45027,9,,,1,31,,45002,9,,,1,71,,45007,9,,,1,29,,45028,9,,,1,67,,45018,9,,,1,30,,45008,9,,,1,70,,45006,9,,,1,30,,45014,9,,,1,70,,45000,9,,,1,30,,45029,9,,,1,71,,44999,9,,,1,30,,45003,9,,,1,70,,45017,9,,,1,30,,45005,9,,,1,70,,45012,9,,,1,30,,45025,9,,,1,71,,45024,9,,,1,31,,45004,9,,,1,72,,45016,9,,,1,29,,45022,9,,,1,74,,45020,9,,,1,78,,45019,9,,,1,30,,45001,9,,,1,70,,45009,9,,,1,30,,45023,9,,,1,70,,45015,9,,,1,28,,45026,9,,,1,70,,45010,9,,,1
4200,'18',525,,45053,9,,,1,101,,45041,9,,,1,26,,45045,9,,,1,104,,45044,9,,,1,71,,45056,9,,,1,30,,45047,9,,,1,67,,45054,9,,,1,30,,45040,9,,,1,70,,45037,9,,,1,30,,45048,9,,,1,70,,45030,9,,,1,30,,45049,9,,,1,71,,45038,9,,,1,30,,45043,9,,,1,70,,45036,9,,,1,30,,45031,9,,,1,70,,45034,9,,,1,30,,45033,9,,,1,71,,45051,9,,,1,32,,45050,9,,,1,71,,45057,9,,,1,30,,45035,9,,,1,71,,45046,9,,,1,80,,45052,9,,,1,30,,45042,9,,,1,70,,45039,9,,,1,100,,45055,9,,,1,98,,45032,9,,,1
4200,'19',525,,45072,9,,,1,101,,45070,9,,,1,26,,45080,9,,,1,74,,45086,9,,,1,31,,45061,9,,,1,71,,45066,9,,,1,29,,45087,9,,,1,67,,45077,9,,,1,30,,45067,9,,,1,70,,45065,9,,,1,30,,45073,9,,,1,70,,45059,9,,,1,30,,45088,9,,,1,71,,45058,9,,,1,30,,45062,9,,,1,70,,45076,9,,,1,30,,45064,9,,,1,70,,45071,9,,,1,30,,45084,9,,,1,71,,45083,9,,,1,31,,45063,9,,,1,72,,45075,9,,,1,29,,45081,9,,,1,74,,45079,9,,,1,78,,45078,9,,,1,30,,45060,9,,,1,70,,45068,9,,,1,30,,45082,9,,,1,70,,45074,9,,,1,28,,45085,9,,,1,70,,45069,9,,,1
4200,'2',710,,45096,9,,,1,99,,45095,9,,,1,100,,45100,9,,,1,30,,45090,9,,,1,70,,45092,9,,,1,30,,45094,9,,,1,70,,45102,9,,,1,30,,45105,9,,,1,70,,45106,9,,,1,30,,45089,9,,,1,70,,45091,9,,,1,30,,45098,9,,,1,70,,45108,9,,,1,30,,45107,9,,,1,70,,45103,9,,,1,30,,45097,9,,,1,70,,45101,9,,,1,30,,45099,9,,,1,70,,45104,9,,,1,100,,45093,9,,,1
4200,'3',525,,45130,9,,,1,101,,45116,9,,,1,26,,45113,9,,,1,75,,45118,9,,,1,30,,45131,9,,,1,70,,45120,9,,,1,30,,45136,9,,,1,67,,45114,9,,,1,30,,45112,9,,,1,70,,45127,9,,,1,30,,45137,9,,,1,70,,45125,9,,,1,30,,45134,9,,,1,71,,45133,9,,,1,30,,45129,9,,,1,70,,45123,9,,,1,30,,45115,9,,,1,70,,45119,9,,,1,30,,45110,9,,,1,71,,45132,9,,,1,103,,45122,9,,,1,30,,45109,9,,,1,71,,45121,9,,,1,80,,45135,9,,,1,30,,45138,9,,,1,70,,45128,9,,,1,30,,45124,9,,,1,70,,45111,9,,,1,28,,45126,9,,,1,70,,45117,9,,,1
4200,'4',525,,45160,9,,,1,101,,45146,9,,,1,26,,45143,9,,,1,75,,45148,9,,,1,30,,45161,9,,,1,70,,45150,9,,,1,30,,45166,9,,,1,67,,45144,9,,,1,30,,45142,9,,,1,70,,45157,9,,,1,30,,45167,9,,,1,70,,45155,9,,,1,30,,45164,9,,,1,71,,45163,9,,,1,30,,45159,9,,,1,70,,45153,9,,,1,30,,45145,9,,,1,70,,45149,9,,,1,30,,45140,9,,,1,71,,45162,9,,,1,103,,45152,9,,,1,30,,45139,9,,,1,71,,45151,9,,,1,80,,45165,9,,,1,30,,45168,9,,,1,70,,45158,9,,,1,30,,45154,9,,,1,70,,45141,9,,,1,28,,45156,9,,,1,70,,45147,9,,,1
4200,'5',525,,45183,9,,,1,101,,45181,9,,,1,26,,45191,9,,,1,74,,45197,9,,,1,31,,45172,9,,,1,71,,45177,9,,,1,29,,45198,9,,,1,67,,45188,9,,,1,30,,45178,9,,,1,70,,45176,9,,,1,30,,45184,9,,,1,70,,45170,9,,,1,30,,45199,9,,,1,71,,45169,9,,,1,30,,45173,9,,,1,70,,45187,9,,,1,30,,45175,9,,,1,70,,45182,9,,,1,30,,45195,9,,,1,71,,45194,9,,,1,31,,45174,9,,,1,72,,45186,9,,,1,29,,45192,9,,,1,74,,45190,9,,,1,78,,45189,9,,,1,30,,45171,9,,,1,70,,45179,9,,,1,30,,45193,9,,,1,70,,45185,9,,,1,28,,45196,9,,,1,70,,45180,9,,,1
4200,'6',525,,45221,9,,,1,101,,45207,9,,,1,26,,45204,9,,,1,75,,45209,9,,,1,30,,45222,9,,,1,70,,45211,9,,,1,30,,45227,9,,,1,67,,45205,9,,,1,30,,45203,9,,,1,70,,45218,9,,,1,30,,45228,9,,,1,70,,45216,9,,,1,30,,45225,9,,,1,71,,45224,9,,,1,30,,45220,9,,,1,70,,45214,9,,,1,30,,45206,9,,,1,70,,45210,9,,,1,30,,45201,9,,,1,71,,45223,9,,,1,103,,45213,9,,,1,30,,45200,9,,,1,71,,45212,9,,,1,80,,45226,9,,,1,30,,45229,9,,,1,70,,45219,9,,,1,30,,45215,9,,,1,70,,45202,9,,,1,28,,45217,9,,,1,70,,45208,9,,,1
4200,'7',525,,45244,9,,,1,101,,45242,9,,,1,26,,45252,9,,,1,74,,45258,9,,,1,31,,45233,9,,,1,71,,45238,9,,,1,29,,45259,9,,,1,67,,45249,9,,,1,30,,45239,9,,,1,70,,45237,9,,,1,30,,45245,9,,,1,70,,45231,9,,,1,30,,45260,9,,,1,71,,45230,9,,,1,30,,45234,9,,,1,70,,45248,9,,,1,30,,45236,9,,,1,70,,45243,9,,,1,30,,45256,9,,,1,71,,45255,9,,,1,31,,45235,9,,,1,72,,45247,9,,,1,29,,45253,9,,,1,74,,45251,9,,,1,78,,45250,9,,,1,30,,45232,9,,,1,70,,45240,9,,,1,30,,45254,9,,,1,70,,45246,9,,,1,28,,45257,9,,,1,70,,45241,9,,,1
4200,'8',545,,45278,9,,,1,100,,45266,9,,,1,100,,45261,9,,,1,70,,45262,9,,,1,30,,45282,9,,,1,70,,45283,9,,,1,30,,45275,9,,,1,70,,45269,9,,,1,30,,45281,9,,,1,70,,45279,9,,,1,30,,45276,9,,,1,70,,45271,9,,,1,30,,45268,9,,,1,70,,45273,9,,,1,30,,45280,9,,,1,70,,45272,9,,,1,30,,45264,9,,,1,70,,45265,9,,,1,30,,45285,9,,,1,70,,45284,9,,,1,30,,45270,9,,,1,70,,45274,9,,,1,30,,45267,9,,,1,70,,45277,9,,,1,30,,45263,9,,,1
4200,'9',710,,45293,9,,,1,99,,45292,9,,,1,100,,45297,9,,,1,30,,45287,9,,,1,70,,45289,9,,,1,30,,45291,9,,,1,70,,45299,9,,,1,30,,45302,9,,,1,70,,45303,9,,,1,30,,45286,9,,,1,70,,45288,9,,,1,30,,45295,9,,,1,70,,45305,9,,,1,30,,45304,9,,,1,70,,45300,9,,,1,30,,45294,9,,,1,70,,45298,9,,,1,30,,45296,9,,,1,70,,45301,9,,,1,100,,45290,9,,,1
