62100,'11',753,,120311,0,73 74 75,1,69,,231950,,,1
62100,'12',753,,231952,0,73 74 75,1,69,,231953,,,1
62100,'14',753,,120341,0,73 74 75,1,69,,231955,,,1
62100,'2',753,,120317,0,73 74 75,1,69,,231957,,,1
62100,'4',753,,120329,0,73 74 75,1,69,,231959,,,1
62100,'5',753,,120335,0,73 74 75,1,69,,231961,,,1
62100,'6',753,,120283,0,73 74 75,1,69,,231963,,,1
62700,'11',745,,232014,,,1
62700,'12',745,,60033,,,1
62700,'14',745,,232015,,,1
62700,'2',745,,232016,,,1
62700,'4',745,,232017,,,1
62700,'5',745,,232018,,,1
62700,'6',745,,232019,,,1
