1101,'1',838,,216197,64,,,1,74,,216194,64,,,1,30,,216199,64,,,1,72,,216203,64,,,1,30,,216190,64,,,1,73,,216189,64,,,1,33,,216193,64,,,1,71,,216206,64,,,1,30,,124248,64,,,1,70,,216201,64,,,1,30,,216186,64,,,1,70,,216198,64,,,1,30,,216176,64,,,1,70,,216182,64,,,1,30,,216183,64,,,1,70,,182059,64,,,1,30,,216192,64,,,1,68,,216177,64,,,1,30,,216195,64,,,1,70,,175092,64,,,1,30,,216196,64,,,1,68,,216184,64,,,1,30,,147575,64,,,1,69,,216185,64,,,1
1101,'10',838,,175590,64,,,1,74,,200061,64,,,1,30,,216233,64,,,1,72,,216238,64,,,1,30,,216225,64,,,1,73,,216224,64,,,1,33,,216229,64,,,1,71,,216240,64,,,1,30,,216208,64,,,1,70,,216236,64,,,1,30,,216221,64,,,1,70,,216232,64,,,1,30,,216210,64,,,1,70,,216215,64,,,1,30,,216216,64,,,1,70,,216218,64,,,1,30,,216228,64,,,1,68,,216211,64,,,1,30,,216230,64,,,1,70,,216219,64,,,1,30,,216231,64,,,1,68,,195838,64,,,1,30,,216207,64,,,1,69,,216220,64,,,1
1101,'11',911,,183167,64,,,1,30,,216249,64,,,1,72,,216256,64,,,1,30,,216248,64,,,1,73,,216244,64,,,1,32,,216255,64,,,1,70,,216263,64,,,1,30,,216269,64,,,1,70,,216262,64,,,1,30,,184742,64,,,1,70,,216261,64,,,1,30,,144903,64,,,1,70,,204907,64,,,1,30,,216251,64,,,1,70,,216268,64,,,1,30,,216242,64,,,1,68,,216243,64,,,1,30,,159640,64,,,1,70,,216254,64,,,1
1101,'12',824,,216307,64,,,1,28,,155910,64,,,1,72,,216309,64,,,1,26,,216270,64,,,1,70,,216273,64,,,1,32,,216284,64,,,1,72,,201079,64,,,1,30,,216295,64,,,1,104,,216308,64,,,1,70,,216285,64,,,1,30,,150968,64,,,1,70,,216303,64,,,1,75,,216296,64,,,1,104,,216305,64,,,1,33,,76896,64,,,1,72,,216293,64,,,1,32,,216278,64,,,1,65,,216300,64,,,1,30,,216290,64,,,1,84,,216297,64,,,1,18,,216286,64,,,1,18,,216288,64,,,1,66,,103447,64,,,1,26,,137612,64,,,1
1101,'13',838,,216334,64,,,1,74,,216331,64,,,1,30,,216336,64,,,1,72,,216340,64,,,1,30,,129280,64,,,1,73,,216326,64,,,1,33,,216330,64,,,1,71,,173878,64,,,1,30,,216312,64,,,1,70,,165912,64,,,1,30,,216324,64,,,1,70,,216335,64,,,1,30,,216313,64,,,1,70,,38599,64,,,1,30,,216318,64,,,1,70,,216321,64,,,1,30,,216329,64,,,1,68,,165180,64,,,1,30,,216332,64,,,1,70,,216322,64,,,1,30,,216333,64,,,1,68,,216319,64,,,1,30,,216311,64,,,1,69,,216323,64,,,1
1101,'14',824,,216374,64,,,1,28,,216359,64,,,1,72,,216352,64,,,1,26,,216364,64,,,1,70,,174441,64,,,1,32,,216381,64,,,1,72,,216385,64,,,1,30,,216370,64,,,1,73,,216368,64,,,1,31,,216355,64,,,1,70,,183476,64,,,1,30,,185360,64,,,1,70,,130487,64,,,1,75,,216371,64,,,1,32,,97541,64,,,1,72,,133255,64,,,1,31,,216363,64,,,1,74,,216383,64,,,1,32,,216344,64,,,1,65,,216358,64,,,1,30,,216356,64,,,1,84,,216380,64,,,1,18,,178909,64,,,1,18,,216350,64,,,1,66,,216348,64,,,1,26,,216345,64,,,1
1101,'15',824,,216427,64,,,1,28,,156129,64,,,1,72,,216429,64,,,1,26,,216390,64,,,1,70,,216393,64,,,1,32,,216404,64,,,1,72,,201194,64,,,1,30,,216415,64,,,1,104,,216428,64,,,1,70,,216405,64,,,1,30,,151152,64,,,1,70,,216423,64,,,1,75,,216416,64,,,1,104,,216425,64,,,1,33,,77783,64,,,1,72,,216413,64,,,1,32,,216398,64,,,1,65,,216420,64,,,1,30,,216410,64,,,1,84,,216417,64,,,1,18,,216406,64,,,1,18,,216408,64,,,1,66,,104056,64,,,1,26,,137726,64,,,1
1101,'16',911,,216444,64,,,1,30,,216439,64,,,1,72,,216447,64,,,1,30,,216438,64,,,1,73,,216434,64,,,1,32,,216446,64,,,1,70,,19874,64,,,1,30,,216462,64,,,1,70,,216455,64,,,1,30,,216445,64,,,1,70,,155516,64,,,1,30,,216448,64,,,1,70,,216459,64,,,1,30,,216441,64,,,1,70,,216461,64,,,1,30,,216432,64,,,1,68,,216433,64,,,1,30,,216454,64,,,1,70,,79769,64,,,1
1101,'17',824,,216494,64,,,1,28,,216479,64,,,1,72,,216472,64,,,1,26,,216484,64,,,1,70,,174315,64,,,1,32,,216501,64,,,1,72,,216505,64,,,1,30,,216490,64,,,1,73,,216488,64,,,1,31,,216475,64,,,1,70,,183418,64,,,1,30,,9886,64,,,1,70,,130405,64,,,1,75,,216491,64,,,1,32,,125485,64,,,1,72,,133229,64,,,1,31,,216483,64,,,1,74,,216503,64,,,1,32,,216464,64,,,1,65,,216478,64,,,1,30,,216476,64,,,1,84,,216500,64,,,1,18,,178861,64,,,1,18,,216470,64,,,1,66,,216468,64,,,1,26,,216465,64,,,1
1101,'18',824,,216541,64,,,1,28,,216526,64,,,1,72,,216519,64,,,1,26,,216531,64,,,1,70,,174584,64,,,1,32,,216548,64,,,1,72,,216552,64,,,1,30,,216537,64,,,1,73,,216535,64,,,1,31,,216522,64,,,1,70,,183563,64,,,1,30,,185497,64,,,1,70,,130596,64,,,1,75,,216538,64,,,1,32,,125700,64,,,1,72,,7352,64,,,1,31,,216530,64,,,1,74,,216550,64,,,1,32,,216511,64,,,1,65,,216525,64,,,1,30,,216523,64,,,1,84,,216547,64,,,1,18,,178964,64,,,1,18,,216517,64,,,1,66,,216515,64,,,1,26,,216512,64,,,1
1101,'2',824,,216594,64,,,1,28,,216574,64,,,1,72,,216565,64,,,1,26,,216579,64,,,1,70,,216563,64,,,1,32,,125928,64,,,1,72,,216607,64,,,1,30,,216590,64,,,1,73,,149444,64,,,1,31,,216569,64,,,1,70,,216562,64,,,1,30,,216602,64,,,1,70,,216603,64,,,1,75,,216591,64,,,1,32,,216588,64,,,1,72,,216582,64,,,1,31,,216578,64,,,1,74,,216604,64,,,1,32,,216557,64,,,1,65,,216573,64,,,1,30,,216571,64,,,1,84,,187276,64,,,1,18,,216600,64,,,1,18,,123067,64,,,1,66,,216560,64,,,1,26,,216558,64,,,1
1101,'3',824,,216659,64,,,1,28,,216620,64,,,1,72,,216662,64,,,1,26,,216611,64,,,1,70,,216615,64,,,1,32,,216627,64,,,1,72,,216634,64,,,1,30,,216642,64,,,1,104,,216660,64,,,1,70,,216628,64,,,1,30,,216649,64,,,1,70,,69184,64,,,1,75,,216643,64,,,1,104,,216658,64,,,1,33,,216638,64,,,1,72,,216639,64,,,1,32,,216621,64,,,1,65,,216648,64,,,1,30,,216633,64,,,1,84,,216646,64,,,1,18,,216629,64,,,1,18,,216631,64,,,1,66,,216661,64,,,1,26,,216644,64,,,1
1101,'4',824,,216702,64,,,1,28,,156220,64,,,1,72,,216704,64,,,1,26,,216665,64,,,1,70,,216668,64,,,1,32,,216679,64,,,1,72,,201250,64,,,1,30,,216690,64,,,1,104,,216703,64,,,1,70,,216680,64,,,1,30,,151232,64,,,1,70,,216698,64,,,1,75,,216691,64,,,1,104,,216700,64,,,1,33,,77694,64,,,1,72,,216688,64,,,1,32,,216673,64,,,1,65,,216695,64,,,1,30,,216685,64,,,1,84,,216692,64,,,1,18,,216681,64,,,1,18,,216683,64,,,1,66,,103984,64,,,1,26,,137780,64,,,1
1101,'5',824,,216743,64,,,1,28,,155436,64,,,1,72,,216745,64,,,1,26,,216706,64,,,1,70,,216709,64,,,1,32,,216720,64,,,1,72,,200851,64,,,1,30,,216731,64,,,1,104,,216744,64,,,1,70,,216721,64,,,1,30,,150572,64,,,1,70,,216739,64,,,1,75,,216732,64,,,1,104,,216741,64,,,1,33,,76807,64,,,1,72,,216729,64,,,1,32,,216714,64,,,1,65,,216736,64,,,1,30,,216726,64,,,1,84,,216733,64,,,1,18,,216722,64,,,1,18,,216724,64,,,1,66,,103375,64,,,1,26,,137379,64,,,1
1101,'6',911,,216756,64,,,1,30,,216752,64,,,1,72,,216759,64,,,1,30,,216751,64,,,1,73,,216749,64,,,1,32,,216758,64,,,1,70,,216768,64,,,1,30,,216775,64,,,1,70,,216767,64,,,1,30,,216757,64,,,1,70,,216766,64,,,1,30,,216760,64,,,1,70,,216773,64,,,1,30,,144155,64,,,1,70,,130988,64,,,1,30,,216747,64,,,1,68,,216748,64,,,1,30,,216765,64,,,1,70,,216755,64,,,1
1101,'7',824,,216815,64,,,1,28,,216793,64,,,1,72,,216784,64,,,1,26,,216798,64,,,1,70,,216783,64,,,1,32,,216824,64,,,1,72,,216831,64,,,1,30,,216811,64,,,1,73,,216804,64,,,1,31,,216788,64,,,1,70,,216781,64,,,1,30,,216826,64,,,1,70,,216827,64,,,1,75,,216812,64,,,1,32,,216809,64,,,1,72,,216802,64,,,1,31,,216797,64,,,1,74,,216828,64,,,1,32,,143782,64,,,1,65,,216792,64,,,1,30,,216790,64,,,1,84,,216823,64,,,1,18,,216822,64,,,1,18,,216782,64,,,1,66,,216779,64,,,1,26,,216777,64,,,1
1101,'8',824,,216866,64,,,1,28,,216870,64,,,1,72,,216878,64,,,1,26,,216871,64,,,1,70,,216861,64,,,1,32,,216875,64,,,1,72,,216838,64,,,1,30,,216855,64,,,1,73,,216864,64,,,1,31,,216860,64,,,1,70,,216876,64,,,1,30,,216842,64,,,1,70,,216843,64,,,1,75,,216851,64,,,1,32,,216867,64,,,1,72,,216839,64,,,1,31,,216869,64,,,1,74,,216853,64,,,1,32,,216844,64,,,1,65,,216874,64,,,1,30,,216859,64,,,1,93,,216852,64,,,1,27,,216856,64,,,1,66,,216865,64,,,1,26,,216845,64,,,1
1101,'9',824,,216917,64,,,1,28,,155854,64,,,1,72,,216919,64,,,1,26,,216880,64,,,1,70,,216883,64,,,1,32,,216894,64,,,1,72,,201050,64,,,1,30,,216905,64,,,1,104,,216918,64,,,1,70,,216895,64,,,1,30,,150922,64,,,1,70,,216913,64,,,1,75,,216906,64,,,1,104,,216915,64,,,1,33,,77250,64,,,1,72,,216903,64,,,1,32,,216888,64,,,1,65,,216910,64,,,1,30,,216900,64,,,1,84,,216907,64,,,1,18,,216896,64,,,1,18,,216898,64,,,1,66,,103699,64,,,1,26,,137584,64,,,1
5101,'1',748,,246918,47,,,1,101,,197169,47,,,1,70,,246930,47,,,1,30,,246917,47,,,1,71,,246923,47,,,1,30,,246916,47,,,1,70,,246907,47,,,1,30,,246921,47,,,1,70,,246913,47,,,1,30,,246925,47,,,1,70,,246928,47,,,1,30,,246931,47,,,1,70,,151176,47,,,1,30,,246932,47,,,1,70,,246912,47,,,1,30,,246908,47,,,1,70,,246929,47,,,1,30,,198556,47,,,1,70,,246927,47,,,1,30,,246914,47,,,1,71,,246919,47,,,1,100,,246924,47,,,1,99,,246915,47,,,1,100,,246926,47,,,1,100,,246909,47,,,1,99,,246906,47,,,1,100,,246910,47,,,1
5101,'10',748,,246946,47,,,1,101,,246940,47,,,1,70,,246958,47,,,1,30,,190979,47,,,1,71,,246951,47,,,1,30,,246944,47,,,1,70,,246934,47,,,1,30,,246949,47,,,1,70,,188415,47,,,1,30,,246953,47,,,1,70,,246956,47,,,1,30,,246959,47,,,1,70,,246945,47,,,1,30,,246960,47,,,1,70,,246939,47,,,1,30,,122611,47,,,1,70,,246957,47,,,1,30,,246935,47,,,1,70,,246955,47,,,1,30,,246942,47,,,1,71,,246947,47,,,1,100,,246952,47,,,1,99,,246943,47,,,1,100,,246954,47,,,1,100,,246936,47,,,1,99,,246933,47,,,1,100,,246937,47,,,1
5101,'11',913,,185806,47,,,1,30,,135854,47,,,1,71,,246984,47,,,1,30,,246979,47,,,1,70,,148459,47,,,1,30,,246969,47,,,1,70,,246962,47,,,1,30,,246974,47,,,1,70,,31902,47,,,1,30,,246964,47,,,1,70,,246983,47,,,1,30,,246965,47,,,1,70,,246976,47,,,1,30,,246980,47,,,1,70,,246966,47,,,1,30,,246981,47,,,1,70,,246971,47,,,1,30,,246967,47,,,1,70,,246975,47,,,1,30,,246978,47,,,1,70,,246963,47,,,1,30,,246982,47,,,1,69,,246970,47,,,1,100,,246973,47,,,1,100,,246968,47,,,1,199,,246977,47,,,1
5101,'12',723,,246995,47,,,1,31,,246992,47,,,1,102,,246991,47,,,1,51,,247003,47,,,1,19,,247005,47,,,1,27,,205702,47,,,1,70,,112128,47,,,1,30,,134568,47,,,1,70,,246999,47,,,1,30,,246998,47,,,1,70,,203855,47,,,1,30,,246993,47,,,1,70,,247001,47,,,1,30,,246988,47,,,1,70,,246985,47,,,1,30,,246996,47,,,1,74,,160117,47,,,1,73,,247006,47,,,1,30,,247002,47,,,1,28,,246987,47,,,1,70,,247008,47,,,1,29,,176864,47,,,1,70,,246997,47,,,1,26,,173120,47,,,1,67,,247000,47,,,1,29,,246986,47,,,1,70,,148244,47,,,1,28,,247004,47,,,1,70,,145667,47,,,1,30,,246989,47,,,1,68,,246994,47,,,1,99,,247007,47,,,1
5101,'13',748,,190680,47,,,1,101,,247015,47,,,1,70,,167493,47,,,1,30,,247022,47,,,1,71,,247027,47,,,1,30,,247020,47,,,1,70,,247009,47,,,1,30,,247025,47,,,1,70,,247016,47,,,1,30,,247028,47,,,1,70,,247031,47,,,1,30,,247032,47,,,1,70,,247021,47,,,1,30,,247033,47,,,1,70,,247014,47,,,1,30,,247010,47,,,1,70,,138085,47,,,1,30,,247011,47,,,1,70,,247030,47,,,1,30,,247018,47,,,1,71,,247023,47,,,1,100,,100044,47,,,1,99,,247019,47,,,1,100,,247029,47,,,1,100,,247012,47,,,1,99,,185650,47,,,1,100,,137163,47,,,1
5101,'14',723,,247056,47,,,1,31,,247053,47,,,1,74,,247045,47,,,1,28,,247057,47,,,1,70,,247040,47,,,1,27,,247049,47,,,1,70,,247055,47,,,1,30,,247047,47,,,1,70,,247044,47,,,1,30,,247039,47,,,1,70,,247048,47,,,1,30,,247050,47,,,1,70,,247041,47,,,1,30,,171743,47,,,1,70,,247038,47,,,1,30,,247051,47,,,1,74,,247034,47,,,1,73,,247046,47,,,1,30,,171154,47,,,1,28,,247042,47,,,1,70,,247036,47,,,1,29,,247043,47,,,1,70,,247037,47,,,1,26,,191000,47,,,1,67,,199475,47,,,1,29,,154179,47,,,1,70,,247035,47,,,1,28,,196342,47,,,1,70,,247054,47,,,1,30,,26406,47,,,1,68,,247052,47,,,1,99,,180077,47,,,1
5101,'15',723,,247068,47,,,1,31,,247065,47,,,1,102,,247064,47,,,1,51,,247076,47,,,1,19,,247078,47,,,1,27,,205713,47,,,1,70,,112465,47,,,1,30,,134747,47,,,1,70,,247072,47,,,1,30,,247071,47,,,1,70,,203860,47,,,1,30,,247066,47,,,1,70,,247074,47,,,1,30,,247061,47,,,1,70,,247058,47,,,1,30,,247069,47,,,1,74,,160263,47,,,1,73,,247079,47,,,1,30,,247075,47,,,1,28,,247060,47,,,1,70,,247081,47,,,1,29,,177038,47,,,1,70,,247070,47,,,1,26,,173289,47,,,1,67,,247073,47,,,1,29,,247059,47,,,1,70,,148500,47,,,1,28,,247077,47,,,1,70,,145778,47,,,1,30,,247062,47,,,1,68,,247067,47,,,1,99,,247080,47,,,1
5101,'16',913,,247088,47,,,1,30,,247095,47,,,1,71,,19883,47,,,1,30,,247093,47,,,1,70,,247097,47,,,1,30,,247084,47,,,1,70,,107078,47,,,1,30,,145917,47,,,1,70,,247099,47,,,1,30,,142318,47,,,1,70,,247100,47,,,1,30,,95750,47,,,1,70,,247090,47,,,1,30,,247094,47,,,1,70,,167153,47,,,1,30,,247096,47,,,1,70,,247086,47,,,1,30,,247083,47,,,1,70,,247089,47,,,1,30,,247092,47,,,1,70,,92176,47,,,1,30,,247098,47,,,1,69,,247085,47,,,1,100,,247087,47,,,1,100,,123492,47,,,1,199,,247091,47,,,1
5101,'17',723,,247123,47,,,1,31,,247120,47,,,1,74,,247112,47,,,1,28,,247124,47,,,1,70,,247107,47,,,1,27,,247116,47,,,1,70,,247122,47,,,1,30,,247114,47,,,1,70,,247111,47,,,1,30,,247106,47,,,1,70,,247115,47,,,1,30,,247117,47,,,1,70,,247108,47,,,1,30,,171681,47,,,1,70,,247105,47,,,1,30,,247118,47,,,1,74,,247101,47,,,1,73,,247113,47,,,1,30,,171086,47,,,1,28,,247109,47,,,1,70,,247103,47,,,1,29,,247110,47,,,1,70,,247104,47,,,1,26,,190947,47,,,1,67,,199450,47,,,1,29,,154110,47,,,1,70,,247102,47,,,1,28,,74068,47,,,1,70,,247121,47,,,1,30,,159400,47,,,1,68,,247119,47,,,1,99,,179983,47,,,1
5101,'18',723,,247147,47,,,1,31,,247144,47,,,1,74,,247136,47,,,1,28,,247148,47,,,1,70,,247131,47,,,1,27,,247140,47,,,1,70,,247146,47,,,1,30,,247138,47,,,1,70,,247135,47,,,1,30,,247130,47,,,1,70,,247139,47,,,1,30,,247141,47,,,1,70,,247132,47,,,1,30,,171826,47,,,1,70,,247129,47,,,1,30,,247142,47,,,1,74,,247125,47,,,1,73,,247137,47,,,1,30,,171237,47,,,1,28,,247133,47,,,1,70,,247127,47,,,1,29,,247134,47,,,1,70,,247128,47,,,1,26,,191060,47,,,1,67,,90739,47,,,1,29,,154287,47,,,1,70,,247126,47,,,1,28,,196346,47,,,1,70,,247145,47,,,1,30,,159508,47,,,1,68,,247143,47,,,1,99,,180195,47,,,1
5101,'2',723,,247176,47,,,1,31,,182557,47,,,1,74,,247162,47,,,1,28,,192459,47,,,1,70,,247154,47,,,1,27,,247166,47,,,1,70,,247175,47,,,1,30,,247164,47,,,1,70,,247160,47,,,1,30,,247153,47,,,1,70,,247165,47,,,1,30,,247167,47,,,1,70,,247155,47,,,1,30,,247177,47,,,1,70,,199858,47,,,1,30,,247168,47,,,1,74,,247149,47,,,1,73,,247163,47,,,1,30,,247174,47,,,1,28,,247156,47,,,1,70,,247151,47,,,1,29,,247157,47,,,1,70,,247152,47,,,1,26,,247159,47,,,1,67,,247173,47,,,1,29,,247169,47,,,1,70,,247150,47,,,1,28,,247158,47,,,1,70,,247172,47,,,1,30,,247161,47,,,1,68,,247171,47,,,1,99,,247170,47,,,1
5101,'3',723,,203434,47,,,1,31,,247189,47,,,1,102,,247185,47,,,1,51,,247199,47,,,1,19,,129814,47,,,1,27,,247195,47,,,1,70,,247179,47,,,1,30,,247183,47,,,1,70,,189153,47,,,1,30,,247194,47,,,1,70,,247201,47,,,1,30,,247190,47,,,1,70,,247196,47,,,1,30,,184294,47,,,1,70,,44639,47,,,1,30,,247192,47,,,1,74,,247197,47,,,1,73,,247202,47,,,1,30,,247198,47,,,1,28,,247180,47,,,1,70,,247203,47,,,1,29,,247186,47,,,1,70,,247193,47,,,1,26,,247188,47,,,1,67,,7006,47,,,1,29,,247178,47,,,1,70,,247187,47,,,1,28,,247200,47,,,1,70,,247181,47,,,1,30,,247182,47,,,1,68,,247191,47,,,1,99,,49630,47,,,1
5101,'4',723,,247214,47,,,1,31,,247211,47,,,1,102,,247210,47,,,1,51,,247222,47,,,1,19,,247224,47,,,1,27,,205718,47,,,1,70,,112428,47,,,1,30,,134832,47,,,1,70,,247218,47,,,1,30,,247217,47,,,1,70,,203862,47,,,1,30,,247212,47,,,1,70,,247220,47,,,1,30,,247207,47,,,1,70,,247204,47,,,1,30,,247215,47,,,1,74,,160332,47,,,1,73,,247225,47,,,1,30,,247221,47,,,1,28,,247206,47,,,1,70,,247227,47,,,1,29,,177123,47,,,1,70,,247216,47,,,1,26,,173361,47,,,1,67,,247219,47,,,1,29,,247205,47,,,1,70,,148638,47,,,1,28,,247223,47,,,1,70,,145838,47,,,1,30,,247208,47,,,1,68,,247213,47,,,1,99,,247226,47,,,1
5101,'5',723,,247238,47,,,1,31,,247235,47,,,1,102,,247234,47,,,1,51,,247246,47,,,1,19,,247248,47,,,1,27,,205692,47,,,1,70,,112091,47,,,1,30,,134182,47,,,1,70,,247242,47,,,1,30,,247241,47,,,1,70,,203840,47,,,1,30,,247236,47,,,1,70,,247244,47,,,1,30,,247231,47,,,1,70,,247228,47,,,1,30,,247239,47,,,1,74,,159792,47,,,1,73,,247249,47,,,1,30,,247245,47,,,1,28,,247230,47,,,1,70,,247251,47,,,1,29,,176477,47,,,1,70,,247240,47,,,1,26,,172755,47,,,1,67,,247243,47,,,1,29,,247229,47,,,1,70,,147675,47,,,1,28,,247247,47,,,1,70,,145447,47,,,1,30,,247232,47,,,1,68,,247237,47,,,1,99,,247250,47,,,1
5101,'6',913,,247265,47,,,1,30,,247270,47,,,1,71,,247276,47,,,1,30,,247269,47,,,1,70,,247272,47,,,1,30,,177878,47,,,1,70,,247253,47,,,1,30,,247264,47,,,1,70,,247274,47,,,1,30,,247255,47,,,1,70,,247275,47,,,1,30,,247256,47,,,1,70,,247267,47,,,1,30,,178332,47,,,1,70,,247257,47,,,1,30,,247271,47,,,1,70,,247261,47,,,1,30,,247258,47,,,1,70,,247266,47,,,1,30,,159752,47,,,1,70,,247254,47,,,1,30,,247273,47,,,1,69,,247260,47,,,1,100,,247263,47,,,1,100,,247259,47,,,1,199,,247268,47,,,1
5101,'7',723,,247305,47,,,1,31,,247300,47,,,1,74,,247291,47,,,1,28,,247307,47,,,1,70,,247283,47,,,1,27,,247294,47,,,1,70,,247304,47,,,1,30,,247292,47,,,1,70,,247289,47,,,1,30,,247282,47,,,1,70,,247293,47,,,1,30,,247295,47,,,1,70,,247284,47,,,1,30,,247306,47,,,1,70,,247281,47,,,1,30,,247296,47,,,1,74,,247277,47,,,1,73,,192702,47,,,1,30,,247303,47,,,1,28,,247285,47,,,1,70,,247279,47,,,1,29,,247286,47,,,1,70,,247280,47,,,1,26,,247288,47,,,1,67,,247302,47,,,1,29,,247297,47,,,1,70,,247278,47,,,1,28,,247287,47,,,1,70,,247301,47,,,1,30,,247290,47,,,1,68,,247299,47,,,1,99,,247298,47,,,1
5101,'8',723,,247321,47,,,1,31,,247327,47,,,1,73,,247322,47,,,1,29,,247328,47,,,1,70,,247329,47,,,1,27,,247323,47,,,1,70,,247326,47,,,1,30,,247337,47,,,1,70,,247318,47,,,1,30,,247314,47,,,1,70,,247308,47,,,1,30,,247335,47,,,1,70,,247310,47,,,1,30,,247333,47,,,1,70,,247330,47,,,1,30,,247309,47,,,1,74,,247338,47,,,1,73,,247313,47,,,1,30,,247316,47,,,1,29,,247315,47,,,1,69,,247339,47,,,1,29,,247311,47,,,1,70,,247319,47,,,1,26,,247320,47,,,1,67,,247332,47,,,1,29,,247317,47,,,1,70,,247334,47,,,1,28,,247324,47,,,1,70,,247331,47,,,1,30,,247336,47,,,1,68,,247325,47,,,1,99,,247312,47,,,1
5101,'9',723,,247350,47,,,1,31,,247347,47,,,1,102,,247346,47,,,1,51,,247358,47,,,1,19,,247360,47,,,1,27,,205697,47,,,1,70,,112270,47,,,1,30,,134522,47,,,1,70,,247354,47,,,1,30,,247353,47,,,1,70,,203853,47,,,1,30,,247348,47,,,1,70,,247356,47,,,1,30,,247343,47,,,1,70,,247340,47,,,1,30,,247351,47,,,1,74,,160079,47,,,1,73,,247361,47,,,1,30,,247357,47,,,1,28,,247342,47,,,1,70,,247363,47,,,1,29,,176813,47,,,1,70,,247352,47,,,1,26,,173076,47,,,1,67,,247355,47,,,1,29,,247341,47,,,1,70,,148179,47,,,1,28,,247359,47,,,1,70,,145635,47,,,1,30,,247344,47,,,1,68,,247349,47,,,1,99,,247362,47,,,1
