7000,'1',542,,405869,,,1,76,,405834,,,1,14,,405863,,,1,14,,405841,,,1,55,,405839,,,1,15,,405873,,,1,15,,405857,,,1,13,,405853,,,1,15,,405871,,,1,55,,405858,,,1,15,,405855,,,1,15,,405868,,,1,72,,405866,,,1,31,,405838,,,1,70,,405859,,,1,30,,405845,,,1,70,,264602,,,1,30,,405865,,,1,70,,405851,,,1,30,,405837,,,1,70,,405867,,,1,30,,405872,,,1,69,,405842,,,1,30,,405856,,,1,69,,172662,,,1,30,,405852,,,1,14,,405847,,,1,55,,405874,,,1,15,,278326,,,1,15,,405833,,,1,15,,405836,,,1,55,,405843,,,1,15,,405864,,,1,15,,405862,,,1,15,,405840,,,1,55,,216795,,,1,17,,405849,,,1,15,,326715,,,1,55,,294748,,,1,17,,405861,,,1,30,,405860,,,1,70,,405850,,,1,33,,405844,,,1,70,,405848,,,1,30,,405835,,,1,100,,405854,,,1
7000,'10',548,,405884,,,1,70,,405890,,,1,30,,405892,,,1,70,,188618,,,1,100,,405893,,,1,100,,405889,,,1,30,,241698,,,1,70,,405891,,,1,30,,405877,,,1,70,,131324,,,1,30,,405887,,,1,70,,405901,,,1,30,,405888,,,1,70,,405898,,,1,30,,405902,,,1,70,,405875,,,1,30,,405878,,,1,70,,405896,,,1,30,,405897,,,1,70,,405880,,,1,30,,249431,,,1,70,,405895,,,1,30,,405883,,,1,70,,405899,,,1,30,,405885,,,1,70,,405876,,,1,30,,405900,,,1,70,,405879,,,1,30,,405881,,,1,70,,183973,,,1,100,,405882,,,1,100,,405886,,,1
7000,'11',542,,405936,,,1,76,,405929,,,1,14,,405939,,,1,14,,405908,,,1,55,,405918,,,1,15,,405915,,,1,15,,405913,,,1,28,,405919,,,1,55,,405916,,,1,15,,294803,,,1,15,,405904,,,1,72,,405942,,,1,31,,405910,,,1,70,,405930,,,1,30,,288249,,,1,70,,405934,,,1,30,,405905,,,1,70,,405925,,,1,30,,405923,,,1,70,,405931,,,1,30,,405906,,,1,69,,405921,,,1,30,,328680,,,1,69,,405935,,,1,30,,405938,,,1,14,,405907,,,1,55,,405927,,,1,30,,405933,,,1,15,,405940,,,1,55,,405912,,,1,15,,298866,,,1,15,,405914,,,1,15,,405909,,,1,55,,405911,,,1,17,,308678,,,1,70,,213825,,,1,17,,405928,,,1,30,,405917,,,1,70,,405920,,,1,33,,405924,,,1,70,,405932,,,1,30,,405926,,,1,100,,405937,,,1
7000,'12',542,,405979,,,1,76,,405944,,,1,14,,405973,,,1,14,,405951,,,1,55,,405949,,,1,15,,405983,,,1,15,,405967,,,1,13,,405963,,,1,15,,405981,,,1,55,,405968,,,1,15,,405965,,,1,15,,405978,,,1,72,,405976,,,1,31,,405948,,,1,70,,405969,,,1,30,,405955,,,1,70,,264896,,,1,30,,405975,,,1,70,,405961,,,1,30,,405947,,,1,70,,405977,,,1,30,,405982,,,1,69,,405952,,,1,30,,405966,,,1,69,,173118,,,1,30,,405962,,,1,14,,405957,,,1,55,,405984,,,1,15,,278883,,,1,15,,405943,,,1,15,,405946,,,1,55,,405953,,,1,15,,405974,,,1,15,,405972,,,1,15,,405950,,,1,55,,217016,,,1,17,,405959,,,1,15,,327236,,,1,55,,294994,,,1,17,,405971,,,1,30,,405970,,,1,70,,405960,,,1,33,,405954,,,1,70,,405958,,,1,30,,405945,,,1,100,,405964,,,1
7000,'13',548,,405995,,,1,70,,406001,,,1,30,,406003,,,1,70,,405985,,,1,100,,406004,,,1,100,,405999,,,1,30,,405990,,,1,70,,406002,,,1,30,,405988,,,1,70,,406007,,,1,30,,405998,,,1,70,,406012,,,1,30,,240228,,,1,70,,301404,,,1,30,,406013,,,1,70,,405986,,,1,30,,243737,,,1,70,,406008,,,1,30,,406009,,,1,70,,405991,,,1,30,,406000,,,1,70,,406006,,,1,30,,405994,,,1,70,,406010,,,1,30,,405996,,,1,70,,405987,,,1,30,,406011,,,1,70,,405989,,,1,30,,282717,,,1,70,,405993,,,1,100,,405992,,,1,100,,405997,,,1
7000,'14',542,,294860,,,1,76,,248720,,,1,14,,406049,,,1,14,,406019,,,1,55,,238945,,,1,15,,164451,,,1,15,,406025,,,1,28,,322943,,,1,55,,406028,,,1,15,,406023,,,1,15,,406015,,,1,72,,283939,,,1,31,,406021,,,1,70,,406039,,,1,30,,406029,,,1,70,,406043,,,1,30,,406016,,,1,70,,406037,,,1,30,,406035,,,1,70,,406040,,,1,30,,406017,,,1,69,,406033,,,1,30,,406048,,,1,69,,406044,,,1,30,,406047,,,1,14,,406018,,,1,55,,406038,,,1,30,,406042,,,1,15,,406050,,,1,55,,406024,,,1,15,,406026,,,1,15,,406027,,,1,15,,232855,,,1,55,,406022,,,1,17,,406020,,,1,70,,406045,,,1,17,,268778,,,1,30,,406030,,,1,70,,406032,,,1,33,,406036,,,1,70,,406041,,,1,30,,309783,,,1,100,,406046,,,1
7000,'15',542,,406088,,,1,76,,406053,,,1,14,,406082,,,1,14,,406060,,,1,55,,406058,,,1,15,,406092,,,1,15,,406076,,,1,13,,406072,,,1,15,,406090,,,1,55,,406077,,,1,15,,406074,,,1,15,,406087,,,1,72,,406085,,,1,31,,406057,,,1,70,,406078,,,1,30,,406064,,,1,70,,264660,,,1,30,,406084,,,1,70,,406070,,,1,30,,406056,,,1,70,,406086,,,1,30,,406091,,,1,69,,406061,,,1,30,,406075,,,1,69,,172840,,,1,30,,406071,,,1,14,,406066,,,1,55,,406093,,,1,15,,278441,,,1,15,,406052,,,1,15,,406055,,,1,55,,406062,,,1,15,,406083,,,1,15,,406081,,,1,15,,406059,,,1,55,,216878,,,1,17,,406068,,,1,15,,326832,,,1,55,,294798,,,1,17,,406080,,,1,30,,406079,,,1,70,,406069,,,1,33,,406063,,,1,70,,406067,,,1,30,,406054,,,1,100,,406073,,,1
7000,'16',735,,406105,,,1,100,,406114,,,1,100,,406103,,,1,70,,406099,,,1,30,,406097,,,1,70,,406102,,,1,30,,315567,,,1,70,,406106,,,1,30,,406094,,,1,70,,406116,,,1,30,,406112,,,1,70,,406113,,,1,30,,406111,,,1,70,,21454,,,1,30,,406109,,,1,70,,406095,,,1,30,,406098,,,1,70,,406104,,,1,30,,406101,,,1,70,,406096,,,1,30,,406120,,,1,70,,122721,,,1,30,,406117,,,1,70,,406110,,,1,100,,406118,,,1,100,,406107,,,1,105,,406119,,,1
7000,'17',735,,406130,,,1,100,,406138,,,1,100,,327178,,,1,70,,406125,,,1,30,,406123,,,1,70,,406128,,,1,30,,406137,,,1,70,,406131,,,1,30,,328845,,,1,70,,406141,,,1,30,,406136,,,1,70,,267185,,,1,30,,406135,,,1,70,,406143,,,1,30,,406133,,,1,70,,226931,,,1,30,,406124,,,1,70,,406129,,,1,30,,406127,,,1,70,,406122,,,1,30,,249018,,,1,70,,406139,,,1,30,,302975,,,1,70,,406134,,,1,100,,406142,,,1,100,,406132,,,1,105,,406144,,,1
7000,'18',542,,294640,,,1,76,,248171,,,1,14,,406180,,,1,14,,406150,,,1,55,,238411,,,1,15,,164321,,,1,15,,406156,,,1,28,,322672,,,1,55,,406159,,,1,15,,406154,,,1,15,,406146,,,1,72,,283594,,,1,31,,406152,,,1,70,,406170,,,1,30,,406160,,,1,70,,406174,,,1,30,,406147,,,1,70,,406168,,,1,30,,406166,,,1,70,,406171,,,1,30,,406148,,,1,69,,406164,,,1,30,,406179,,,1,69,,406175,,,1,30,,406178,,,1,14,,406149,,,1,55,,406169,,,1,30,,406173,,,1,15,,406181,,,1,55,,406155,,,1,15,,406157,,,1,15,,406158,,,1,15,,232848,,,1,55,,406153,,,1,17,,406151,,,1,70,,406176,,,1,17,,268106,,,1,30,,406161,,,1,70,,406163,,,1,33,,406167,,,1,70,,406172,,,1,30,,309288,,,1,100,,406177,,,1
7000,'19',735,,256327,,,1,100,,271289,,,1,100,,406188,,,1,70,,325212,,,1,30,,279644,,,1,70,,406187,,,1,30,,406197,,,1,70,,406190,,,1,30,,406183,,,1,70,,406201,,,1,30,,406195,,,1,70,,406196,,,1,30,,406194,,,1,70,,406203,,,1,30,,406193,,,1,70,,406184,,,1,30,,261749,,,1,70,,406189,,,1,30,,406186,,,1,70,,406185,,,1,30,,406204,,,1,70,,406199,,,1,30,,406202,,,1,70,,324344,,,1,100,,169390,,,1,100,,406191,,,1,105,,268725,,,1
7000,'2',542,,294679,,,1,76,,248274,,,1,14,,406240,,,1,14,,406210,,,1,55,,238515,,,1,15,,164692,,,1,15,,406216,,,1,28,,322729,,,1,55,,406219,,,1,15,,406214,,,1,15,,406206,,,1,72,,283656,,,1,31,,406212,,,1,70,,406230,,,1,30,,406220,,,1,70,,406234,,,1,30,,406207,,,1,70,,406228,,,1,30,,406226,,,1,70,,406231,,,1,30,,406208,,,1,69,,406224,,,1,30,,406239,,,1,69,,406235,,,1,30,,406238,,,1,14,,406209,,,1,55,,406229,,,1,30,,406233,,,1,15,,406241,,,1,55,,406215,,,1,15,,406217,,,1,15,,406218,,,1,15,,232858,,,1,55,,406213,,,1,17,,406211,,,1,70,,406236,,,1,17,,268243,,,1,30,,406221,,,1,70,,406223,,,1,33,,406227,,,1,70,,406232,,,1,30,,309382,,,1,100,,406237,,,1
7000,'20',542,,338517,,,1,76,,252033,,,1,14,,236528,,,1,14,,406248,,,1,55,,406247,,,1,15,,263113,,,1,15,,406262,,,1,13,,307004,,,1,15,,406274,,,1,55,,406263,,,1,15,,406260,,,1,15,,406272,,,1,72,,406270,,,1,31,,406246,,,1,70,,406264,,,1,30,,406251,,,1,70,,406265,,,1,30,,406268,,,1,70,,287716,,,1,30,,406245,,,1,70,,406271,,,1,30,,406275,,,1,69,,254444,,,1,30,,406261,,,1,69,,406255,,,1,30,,406257,,,1,14,,406253,,,1,55,,406276,,,1,15,,406256,,,1,15,,327992,,,1,15,,406244,,,1,55,,406250,,,1,15,,406267,,,1,15,,323612,,,1,15,,282688,,,1,55,,406249,,,1,17,,328018,,,1,15,,406269,,,1,55,,406273,,,1,17,,406266,,,1,30,,287725,,,1,70,,240998,,,1,33,,312555,,,1,70,,406254,,,1,30,,406243,,,1,100,,406259,,,1
7000,'21',735,,406285,,,1,100,,406293,,,1,100,,326449,,,1,70,,406280,,,1,30,,406278,,,1,70,,406283,,,1,30,,406292,,,1,70,,406286,,,1,30,,328427,,,1,70,,406296,,,1,30,,406291,,,1,70,,266739,,,1,30,,406290,,,1,70,,406298,,,1,30,,406288,,,1,70,,226606,,,1,30,,406279,,,1,70,,406284,,,1,30,,406282,,,1,70,,406277,,,1,30,,248131,,,1,70,,406294,,,1,30,,301861,,,1,70,,406289,,,1,100,,406297,,,1,100,,406287,,,1,105,,406299,,,1
7000,'3',542,,406330,,,1,76,,406324,,,1,14,,406335,,,1,14,,406303,,,1,55,,406316,,,1,15,,406312,,,1,15,,406310,,,1,28,,406317,,,1,55,,406313,,,1,15,,406308,,,1,15,,310554,,,1,72,,406338,,,1,31,,406306,,,1,70,,406325,,,1,30,,406314,,,1,70,,406328,,,1,30,,406301,,,1,70,,255421,,,1,30,,74545,,,1,70,,406326,,,1,30,,325006,,,1,69,,406320,,,1,30,,406334,,,1,69,,406329,,,1,30,,406333,,,1,14,,406302,,,1,55,,272985,,,1,30,,406327,,,1,15,,406336,,,1,55,,406309,,,1,15,,406311,,,1,15,,291041,,,1,15,,406304,,,1,55,,406307,,,1,17,,406305,,,1,70,,406331,,,1,17,,406323,,,1,30,,406315,,,1,70,,406319,,,1,33,,406321,,,1,70,,174104,,,1,30,,406322,,,1,100,,406332,,,1
7000,'4',542,,406368,,,1,76,,406362,,,1,14,,406373,,,1,14,,406341,,,1,55,,406354,,,1,15,,406350,,,1,15,,406348,,,1,28,,406355,,,1,55,,406351,,,1,15,,406346,,,1,15,,310207,,,1,72,,406376,,,1,31,,406344,,,1,70,,406363,,,1,30,,406352,,,1,70,,406366,,,1,30,,406339,,,1,70,,255268,,,1,30,,254680,,,1,70,,406364,,,1,30,,324725,,,1,69,,406358,,,1,30,,406372,,,1,69,,406367,,,1,30,,406371,,,1,14,,406340,,,1,55,,152050,,,1,30,,406365,,,1,15,,406374,,,1,55,,406347,,,1,15,,406349,,,1,15,,290761,,,1,15,,406342,,,1,55,,406345,,,1,17,,406343,,,1,70,,406369,,,1,17,,406361,,,1,30,,406353,,,1,70,,406357,,,1,33,,406359,,,1,70,,296694,,,1,30,,406360,,,1,100,,406370,,,1
7000,'5',618,,406391,,,1,14,,406418,,,1,14,,406413,,,1,55,,406409,,,1,15,,406400,,,1,15,,406390,,,1,13,,406387,,,1,15,,406410,,,1,55,,406407,,,1,15,,406404,,,1,15,,406383,,,1,72,,406397,,,1,31,,406398,,,1,70,,406378,,,1,30,,406417,,,1,70,,406403,,,1,30,,406412,,,1,70,,406396,,,1,30,,406415,,,1,70,,406388,,,1,30,,406381,,,1,69,,406392,,,1,30,,406399,,,1,69,,406382,,,1,30,,228857,,,1,14,,406405,,,1,55,,281892,,,1,15,,406416,,,1,15,,275157,,,1,15,,406384,,,1,55,,406377,,,1,15,,406389,,,1,15,,406401,,,1,15,,406414,,,1,55,,259673,,,1,17,,406385,,,1,15,,406379,,,1,55,,406395,,,1,17,,173205,,,1,30,,406380,,,1,70,,406408,,,1,33,,406402,,,1,70,,406386,,,1,30,,406394,,,1,100,,406393,,,1
7000,'6',542,,294601,,,1,76,,248068,,,1,14,,406454,,,1,14,,406424,,,1,55,,238307,,,1,15,,164987,,,1,15,,406430,,,1,28,,322615,,,1,55,,406433,,,1,15,,406428,,,1,15,,406420,,,1,72,,283532,,,1,31,,406426,,,1,70,,406444,,,1,30,,406434,,,1,70,,406448,,,1,30,,406421,,,1,70,,406442,,,1,30,,406440,,,1,70,,406445,,,1,30,,406422,,,1,69,,406438,,,1,30,,406453,,,1,69,,406449,,,1,30,,406452,,,1,14,,406423,,,1,55,,406443,,,1,30,,406447,,,1,15,,406455,,,1,55,,406429,,,1,15,,406431,,,1,15,,406432,,,1,15,,232867,,,1,55,,406427,,,1,17,,406425,,,1,70,,406450,,,1,17,,267969,,,1,30,,406435,,,1,70,,406437,,,1,33,,406441,,,1,70,,406446,,,1,30,,309194,,,1,100,,406451,,,1
7000,'7',542,,406489,,,1,76,,406482,,,1,14,,406492,,,1,14,,406461,,,1,55,,406471,,,1,15,,406468,,,1,15,,406466,,,1,28,,406472,,,1,55,,406469,,,1,15,,294944,,,1,15,,406457,,,1,72,,406495,,,1,31,,406463,,,1,70,,406483,,,1,30,,288406,,,1,70,,406487,,,1,30,,406458,,,1,70,,406478,,,1,30,,406476,,,1,70,,406484,,,1,30,,406459,,,1,69,,406474,,,1,30,,328842,,,1,69,,406488,,,1,30,,406491,,,1,14,,406460,,,1,55,,406480,,,1,30,,406486,,,1,15,,406493,,,1,55,,406465,,,1,15,,299073,,,1,15,,406467,,,1,15,,406462,,,1,55,,406464,,,1,17,,308837,,,1,70,,213733,,,1,17,,406481,,,1,30,,406470,,,1,70,,406473,,,1,33,,406477,,,1,70,,406485,,,1,30,,406479,,,1,100,,406490,,,1
7000,'8',542,,406532,,,1,76,,406497,,,1,14,,406526,,,1,14,,406504,,,1,55,,406502,,,1,15,,406536,,,1,15,,406520,,,1,13,,406516,,,1,15,,406534,,,1,55,,406521,,,1,15,,406518,,,1,15,,406531,,,1,72,,406529,,,1,31,,406501,,,1,70,,406522,,,1,30,,406508,,,1,70,,264957,,,1,30,,406528,,,1,70,,406514,,,1,30,,406500,,,1,70,,406530,,,1,30,,406535,,,1,69,,406505,,,1,30,,406519,,,1,69,,172733,,,1,30,,406515,,,1,14,,406510,,,1,55,,406537,,,1,15,,279004,,,1,15,,406496,,,1,15,,406499,,,1,55,,406506,,,1,15,,406527,,,1,15,,406525,,,1,15,,406503,,,1,55,,216826,,,1,17,,406512,,,1,15,,327351,,,1,55,,295049,,,1,17,,406524,,,1,30,,406523,,,1,70,,406513,,,1,33,,406507,,,1,70,,406511,,,1,30,,406498,,,1,100,,406517,,,1
7000,'9',542,,294769,,,1,76,,248498,,,1,14,,406572,,,1,14,,406542,,,1,55,,238726,,,1,15,,164887,,,1,15,,406548,,,1,28,,322829,,,1,55,,406551,,,1,15,,406546,,,1,15,,406538,,,1,72,,283800,,,1,31,,406544,,,1,70,,406562,,,1,30,,406552,,,1,70,,406566,,,1,30,,406539,,,1,70,,406560,,,1,30,,406558,,,1,70,,406563,,,1,30,,406540,,,1,69,,406556,,,1,30,,406571,,,1,69,,406567,,,1,30,,406570,,,1,14,,406541,,,1,55,,406561,,,1,30,,406565,,,1,15,,406573,,,1,55,,406547,,,1,15,,406549,,,1,15,,406550,,,1,15,,232861,,,1,55,,406545,,,1,17,,406543,,,1,70,,406568,,,1,17,,268509,,,1,30,,406553,,,1,70,,406555,,,1,33,,406559,,,1,70,,406564,,,1,30,,309580,,,1,100,,406569,,,1
67301,'11',830,,449719,,,1,5,,449720,,,1,7,,449718,,,1
67301,'14',830,,253190,,,1,5,,449722,,,1,7,,449721,,,1
67301,'18',830,,252933,,,1,5,,449724,,,1,7,,449723,,,1
67301,'2',830,,252983,,,1,5,,449726,,,1,7,,449725,,,1
67301,'3',830,,449728,,,1,5,,449729,,,1,7,,449727,,,1
67301,'4',830,,449731,,,1,5,,449732,,,1,7,,449730,,,1
67301,'6',830,,252883,,,1,5,,449734,,,1,7,,449733,,,1
67301,'7',830,,449736,,,1,5,,449737,,,1,7,,449735,,,1
67301,'9',830,,253084,,,1,5,,449739,,,1,7,,449738,,,1
69000,'11',812,,450290,,,1,2,,450289,,,1
69000,'14',812,,450292,,,1,2,,450291,,,1
69000,'18',812,,450294,,,1,2,,450293,,,1
69000,'2',812,,450296,,,1,2,,450295,,,1
69000,'3',812,,450298,,,1,2,,450297,,,1
69000,'4',812,,450300,,,1,2,,450299,,,1
69000,'6',812,,450302,,,1,2,,450301,,,1
69000,'7',812,,450304,,,1,2,,450303,,,1
69000,'9',812,,450306,,,1,2,,450305,,,1
