8601,'10',643,,743147,4,,1,71,,743163,4,,1,31,,743161,4,,1,73,,743158,4,,1,31,,743142,4,,1,69,,487203,4,,1,617,,743167,4,,1,70,,743169,4,,1,33,,743139,4,,1,97,,743134,4,,1,70,,743159,4,,1
8601,'11',643,,743184,4,,1,71,,743200,4,,1,31,,743198,4,,1,73,,743195,4,,1,31,,743179,4,,1,69,,341241,4,,1,617,,743204,4,,1,70,,743206,4,,1,33,,743176,4,,1,97,,743171,4,,1,70,,743196,4,,1
8601,'12',643,,743221,4,,1,71,,743237,4,,1,31,,743235,4,,1,73,,743232,4,,1,31,,743216,4,,1,69,,341242,4,,1,617,,743241,4,,1,70,,743243,4,,1,33,,743213,4,,1,97,,743208,4,,1,70,,743233,4,,1
8601,'13',643,,743271,4,,1,71,,743257,4,,1,31,,743267,4,,1,73,,743278,4,,1,31,,743250,4,,1,69,,743252,4,,1,617,,743277,4,,1,70,,743269,4,,1,31,,743262,4,,1,70,,743264,4,,1,29,,743273,4,,1,71,,743272,4,,1
8601,'15',643,,743320,4,,1,71,,743336,4,,1,31,,743334,4,,1,73,,743331,4,,1,31,,743315,4,,1,69,,351857,4,,1,617,,743340,4,,1,70,,743342,4,,1,33,,743312,4,,1,97,,743307,4,,1,70,,743332,4,,1
8601,'16',643,,743357,4,,1,71,,743373,4,,1,31,,743371,4,,1,73,,743368,4,,1,31,,743352,4,,1,69,,341240,4,,1,617,,743377,4,,1,70,,743379,4,,1,33,,743349,4,,1,97,,743344,4,,1,70,,743369,4,,1
8601,'17',643,,624518,4,,1,71,,640248,4,,1,31,,743406,4,,1,73,,743415,4,,1,31,,743384,4,,1,69,,743387,4,,1,617,,743414,4,,1,70,,743410,4,,1,31,,743403,4,,1,70,,522177,4,,1,29,,577762,4,,1,71,,743411,4,,1
8601,'19',643,,743491,4,,1,71,,743477,4,,1,31,,743487,4,,1,73,,743498,4,,1,31,,743469,4,,1,69,,743471,4,,1,617,,743497,4,,1,70,,743489,4,,1,31,,743482,4,,1,70,,743484,4,,1,29,,743493,4,,1,71,,743492,4,,1
8601,'3',643,,743542,4,,1,71,,743558,4,,1,31,,743556,4,,1,73,,743553,4,,1,31,,743537,4,,1,69,,341243,4,,1,617,,743562,4,,1,70,,743564,4,,1,33,,743534,4,,1,97,,743529,4,,1,70,,743554,4,,1
8601,'4',643,,743579,4,,1,71,,743595,4,,1,31,,743593,4,,1,73,,743590,4,,1,31,,743574,4,,1,69,,341244,4,,1,617,,743599,4,,1,70,,743601,4,,1,33,,743571,4,,1,97,,743566,4,,1,70,,743591,4,,1
8601,'5',643,,743638,4,,1,71,,743619,4,,1,31,,743632,4,,1,73,,743643,4,,1,31,,477607,4,,1,69,,743611,4,,1,617,,743642,4,,1,70,,743636,4,,1,31,,743629,4,,1,70,,743631,4,,1,29,,743639,4,,1,71,,561045,4,,1
8601,'6',643,,743660,4,,1,71,,743676,4,,1,31,,743674,4,,1,73,,743671,4,,1,31,,743655,4,,1,69,,351741,4,,1,617,,743680,4,,1,70,,743682,4,,1,33,,743652,4,,1,97,,743647,4,,1,70,,743672,4,,1
8601,'7',643,,743719,4,,1,71,,743700,4,,1,31,,743714,4,,1,73,,743726,4,,1,31,,743690,4,,1,69,,743692,4,,1,617,,743725,4,,1,70,,600724,4,,1,31,,743709,4,,1,70,,743711,4,,1,29,,743721,4,,1,71,,743720,4,,1
