9300,'1',748,,94366,21,,,1,100,,94371,21,,,1,70,,94361,21,,,1,30,,94367,21,,,1,71,,94359,21,,,1,30,,94372,21,,,1,7,,94354,11,,,1,63,,94369,21,,,1,30,,94365,21,,,1,70,,94363,21,,,1,30,,94356,21,,,1,70,,94353,21,,,1,30,,94360,21,,,1,70,,94368,21,,,1,20,,94346,11,,,1,10,,94351,21,,,1,70,,94362,21,,,1,30,,94375,21,,,1,70,,94348,21,,,1,30,,94355,21,,,1,70,,94347,21,,,1,30,,94377,21,,,1,70,,94370,21,,,1,30,,94349,21,,,1,70,,94373,21,,,1,30,,94352,21,,,1,69,,94374,21,,,1,30,,94357,21,,,1,70,,94376,21,,,1,30,,94350,21,,,1,100,,94358,21,,,1,100,,94364,21,,,1
9300,'10',526,,94401,21,,,1,83,,94404,21,,,1,30,,94402,21,,,1,70,,94383,21,,,1,32,,94399,21,,,1,69,,94388,21,,,1,33,,94386,21,,,1,69,,94390,21,,,1,30,,94392,21,,,1,70,,94398,21,,,1,29,,94405,21,,,1,70,,94379,21,,,1,30,,94410,21,,,1,70,,94406,21,,,1,30,,94396,21,,,1,70,,94389,21,,,1,30,,94382,21,,,1,70,,94385,21,,,1,30,,94400,21,,,1,99,,94403,21,,,1,74,,94409,21,,,1,98,,94380,21,,,1,98,,94393,21,,,1,30,,94384,21,,,1,70,,94408,21,,,1,30,,94394,21,,,1,70,,94391,21,,,1,29,,94381,21,,,1,70,,94387,21,,,1,30,,94397,21,,,1,70,,94407,21,,,1,30,,94395,21,,,1,99,,94378,21,,,1
9300,'11',526,,94434,21,,,1,83,,94437,21,,,1,30,,94435,21,,,1,70,,94416,21,,,1,32,,94432,21,,,1,69,,94421,21,,,1,33,,94419,21,,,1,69,,94423,21,,,1,30,,94425,21,,,1,70,,94431,21,,,1,29,,94438,21,,,1,70,,94412,21,,,1,30,,94443,21,,,1,70,,94439,21,,,1,30,,94429,21,,,1,70,,94422,21,,,1,30,,94415,21,,,1,70,,94418,21,,,1,30,,94433,21,,,1,99,,94436,21,,,1,74,,94442,21,,,1,98,,94413,21,,,1,98,,94426,21,,,1,30,,94417,21,,,1,70,,94441,21,,,1,30,,94427,21,,,1,70,,94424,21,,,1,29,,94414,21,,,1,70,,94420,21,,,1,30,,94430,21,,,1,70,,94440,21,,,1,30,,94428,21,,,1,99,,94411,21,,,1
9300,'12',526,,94467,21,,,1,83,,94470,21,,,1,30,,94468,21,,,1,70,,94449,21,,,1,32,,94465,21,,,1,69,,94454,21,,,1,33,,94452,21,,,1,69,,94456,21,,,1,30,,94458,21,,,1,70,,94464,21,,,1,29,,94471,21,,,1,70,,94445,21,,,1,30,,94476,21,,,1,70,,94472,21,,,1,30,,94462,21,,,1,70,,94455,21,,,1,30,,94448,21,,,1,70,,94451,21,,,1,30,,94466,21,,,1,99,,94469,21,,,1,74,,94475,21,,,1,98,,94446,21,,,1,98,,94459,21,,,1,30,,94450,21,,,1,70,,94474,21,,,1,30,,94460,21,,,1,70,,94457,21,,,1,29,,94447,21,,,1,70,,94453,21,,,1,30,,94463,21,,,1,70,,94473,21,,,1,30,,94461,21,,,1,99,,94444,21,,,1
9300,'13',526,,94500,21,,,1,83,,94488,21,,,1,30,,94508,21,,,1,70,,94510,21,,,1,32,,94493,21,,,1,69,,94494,21,,,1,33,,94512,21,,,1,69,,94477,21,,,1,30,,94504,21,,,1,70,,94498,21,,,1,29,,94502,21,,,1,70,,94501,21,,,1,30,,94487,21,,,1,70,,94503,21,,,1,30,,94481,21,,,1,70,,94499,21,,,1,30,,94497,21,,,1,70,,94505,21,,,1,30,,94484,21,,,1,71,,94490,21,,,1,30,,94509,21,,,1,70,,94485,21,,,1,30,,94480,21,,,1,70,,94491,21,,,1,29,,94483,21,,,1,69,,94478,21,,,1,30,,94507,21,,,1,70,,94486,21,,,1,30,,94479,21,,,1,70,,94506,21,,,1,29,,94511,21,,,1,70,,94482,21,,,1,30,,94492,21,,,1,70,,94496,21,,,1,30,,94495,21,,,1,99,,94489,21,,,1
9300,'14',650,,94533,21,,,1,91,,94542,21,,,1,100,,94522,21,,,1,70,,94515,21,,,1,30,,94513,21,,,1,70,,94528,21,,,1,31,,94541,21,,,1,70,,94529,21,,,1,30,,94535,21,,,1,70,,94514,21,,,1,30,,94519,21,,,1,70,,94526,21,,,1,30,,94536,21,,,1,70,,94516,21,,,1,30,,94539,21,,,1,70,,94540,21,,,1,30,,94521,21,,,1,70,,94532,21,,,1,30,,94530,21,,,1,70,,94520,21,,,1,30,,94525,21,,,1,70,,94523,21,,,1,30,,94527,21,,,1,70,,94531,21,,,1,30,,94545,21,,,1,70,,94543,21,,,1,29,,94537,21,,,1,70,,94544,21,,,1,30,,94534,21,,,1,70,,94538,21,,,1,30,,94517,21,,,1,100,,94524,21,,,1,100,,94518,21,,,1
9300,'15',526,,94569,21,,,1,83,,94572,21,,,1,30,,94570,21,,,1,70,,94551,21,,,1,32,,94567,21,,,1,69,,94556,21,,,1,33,,94554,21,,,1,69,,94558,21,,,1,30,,94560,21,,,1,70,,94566,21,,,1,29,,94573,21,,,1,70,,94547,21,,,1,30,,94578,21,,,1,70,,94574,21,,,1,30,,94564,21,,,1,70,,94557,21,,,1,30,,94550,21,,,1,70,,94553,21,,,1,30,,94568,21,,,1,99,,94571,21,,,1,74,,94577,21,,,1,98,,94548,21,,,1,98,,94561,21,,,1,30,,94552,21,,,1,70,,94576,21,,,1,30,,94562,21,,,1,70,,94559,21,,,1,29,,94549,21,,,1,70,,94555,21,,,1,30,,94565,21,,,1,70,,94575,21,,,1,30,,94563,21,,,1,99,,94546,21,,,1
9300,'16',526,,94602,21,,,1,83,,94605,21,,,1,30,,94603,21,,,1,70,,94584,21,,,1,32,,94600,21,,,1,69,,94589,21,,,1,33,,94587,21,,,1,69,,94591,21,,,1,30,,94593,21,,,1,70,,94599,21,,,1,29,,94606,21,,,1,70,,94580,21,,,1,30,,94611,21,,,1,70,,94607,21,,,1,30,,94597,21,,,1,70,,94590,21,,,1,30,,94583,21,,,1,70,,94586,21,,,1,30,,94601,21,,,1,99,,94604,21,,,1,74,,94610,21,,,1,98,,94581,21,,,1,98,,94594,21,,,1,30,,94585,21,,,1,70,,94609,21,,,1,30,,94595,21,,,1,70,,94592,21,,,1,29,,94582,21,,,1,70,,94588,21,,,1,30,,94598,21,,,1,70,,94608,21,,,1,30,,94596,21,,,1,99,,94579,21,,,1
9300,'17',526,,94635,21,,,1,83,,94623,21,,,1,30,,94643,21,,,1,70,,94645,21,,,1,32,,94628,21,,,1,69,,94629,21,,,1,33,,94647,21,,,1,69,,94612,21,,,1,30,,94639,21,,,1,70,,94633,21,,,1,29,,94637,21,,,1,70,,94636,21,,,1,30,,94622,21,,,1,70,,94638,21,,,1,30,,94616,21,,,1,70,,94634,21,,,1,30,,94632,21,,,1,70,,94640,21,,,1,30,,94619,21,,,1,71,,94625,21,,,1,30,,94644,21,,,1,70,,94620,21,,,1,30,,94615,21,,,1,70,,94626,21,,,1,29,,94618,21,,,1,69,,94613,21,,,1,30,,94642,21,,,1,70,,94621,21,,,1,30,,94614,21,,,1,70,,94641,21,,,1,29,,94646,21,,,1,70,,94617,21,,,1,30,,94627,21,,,1,70,,94631,21,,,1,30,,94630,21,,,1,99,,94624,21,,,1
9300,'18',526,,94653,21,,,1,83,,94681,21,,,1,30,,94650,21,,,1,70,,94672,21,,,1,32,,94662,21,,,1,69,,94651,21,,,1,33,,94679,21,,,1,69,,94659,21,,,1,30,,94675,21,,,1,70,,94670,21,,,1,29,,94680,21,,,1,70,,94677,21,,,1,30,,94663,21,,,1,70,,94673,21,,,1,30,,94671,21,,,1,70,,94667,21,,,1,30,,94665,21,,,1,70,,94674,21,,,1,30,,94661,21,,,1,69,,94660,21,,,1,34,,94649,21,,,1,68,,94669,21,,,1,29,,94676,21,,,1,71,,94666,21,,,1,28,,94678,21,,,1,71,,94668,21,,,1,29,,94652,21,,,1,70,,94648,21,,,1,30,,94657,21,,,1,70,,94654,21,,,1,29,,94683,21,,,1,70,,94656,21,,,1,30,,94655,21,,,1,70,,94658,21,,,1,30,,94682,21,,,1,99,,94664,21,,,1
9300,'19',526,,94707,21,,,1,83,,94695,21,,,1,30,,94715,21,,,1,70,,94717,21,,,1,32,,94700,21,,,1,69,,94701,21,,,1,33,,94719,21,,,1,69,,94684,21,,,1,30,,94711,21,,,1,70,,94705,21,,,1,29,,94709,21,,,1,70,,94708,21,,,1,30,,94694,21,,,1,70,,94710,21,,,1,30,,94688,21,,,1,70,,94706,21,,,1,30,,94704,21,,,1,70,,94712,21,,,1,30,,94691,21,,,1,71,,94697,21,,,1,30,,94716,21,,,1,70,,94692,21,,,1,30,,94687,21,,,1,70,,94698,21,,,1,29,,94690,21,,,1,69,,94685,21,,,1,30,,94714,21,,,1,70,,94693,21,,,1,30,,94686,21,,,1,70,,94713,21,,,1,29,,94718,21,,,1,70,,94689,21,,,1,30,,94699,21,,,1,70,,94703,21,,,1,30,,94702,21,,,1,99,,94696,21,,,1
9300,'2',748,,94740,21,,,1,100,,94745,21,,,1,70,,94735,21,,,1,30,,94741,21,,,1,71,,94733,21,,,1,30,,94746,21,,,1,7,,94728,11,,,1,63,,94743,21,,,1,30,,94739,21,,,1,70,,94737,21,,,1,30,,94730,21,,,1,70,,94727,21,,,1,30,,94734,21,,,1,70,,94742,21,,,1,20,,94720,11,,,1,10,,94725,21,,,1,70,,94736,21,,,1,30,,94749,21,,,1,70,,94722,21,,,1,30,,94729,21,,,1,70,,94721,21,,,1,30,,94751,21,,,1,70,,94744,21,,,1,30,,94723,21,,,1,70,,94747,21,,,1,30,,94726,21,,,1,69,,94748,21,,,1,30,,94731,21,,,1,70,,94750,21,,,1,30,,94724,21,,,1,100,,94732,21,,,1,100,,94738,21,,,1
9300,'3',526,,94775,21,,,1,83,,94778,21,,,1,30,,94776,21,,,1,70,,94757,21,,,1,32,,94773,21,,,1,69,,94762,21,,,1,33,,94760,21,,,1,69,,94764,21,,,1,30,,94766,21,,,1,70,,94772,21,,,1,29,,94779,21,,,1,70,,94753,21,,,1,30,,94784,21,,,1,70,,94780,21,,,1,30,,94770,21,,,1,70,,94763,21,,,1,30,,94756,21,,,1,70,,94759,21,,,1,30,,94774,21,,,1,99,,94777,21,,,1,74,,94783,21,,,1,98,,94754,21,,,1,98,,94767,21,,,1,30,,94758,21,,,1,70,,94782,21,,,1,30,,94768,21,,,1,70,,94765,21,,,1,29,,94755,21,,,1,70,,94761,21,,,1,30,,94771,21,,,1,70,,94781,21,,,1,30,,94769,21,,,1,99,,94752,21,,,1
9300,'4',526,,94808,21,,,1,83,,94811,21,,,1,30,,94809,21,,,1,70,,94790,21,,,1,32,,94806,21,,,1,69,,94795,21,,,1,33,,94793,21,,,1,69,,94797,21,,,1,30,,94799,21,,,1,70,,94805,21,,,1,29,,94812,21,,,1,70,,94786,21,,,1,30,,94817,21,,,1,70,,94813,21,,,1,30,,94803,21,,,1,70,,94796,21,,,1,30,,94789,21,,,1,70,,94792,21,,,1,30,,94807,21,,,1,99,,94810,21,,,1,74,,94816,21,,,1,98,,94787,21,,,1,98,,94800,21,,,1,30,,94791,21,,,1,70,,94815,21,,,1,30,,94801,21,,,1,70,,94798,21,,,1,29,,94788,21,,,1,70,,94794,21,,,1,30,,94804,21,,,1,70,,94814,21,,,1,30,,94802,21,,,1,99,,94785,21,,,1
9300,'5',526,,94841,21,,,1,83,,94829,21,,,1,30,,94849,21,,,1,70,,94851,21,,,1,32,,94834,21,,,1,69,,94835,21,,,1,33,,94853,21,,,1,69,,94818,21,,,1,30,,94845,21,,,1,70,,94839,21,,,1,29,,94843,21,,,1,70,,94842,21,,,1,30,,94828,21,,,1,70,,94844,21,,,1,30,,94822,21,,,1,70,,94840,21,,,1,30,,94838,21,,,1,70,,94846,21,,,1,30,,94825,21,,,1,71,,94831,21,,,1,30,,94850,21,,,1,70,,94826,21,,,1,30,,94821,21,,,1,70,,94832,21,,,1,29,,94824,21,,,1,69,,94819,21,,,1,30,,94848,21,,,1,70,,94827,21,,,1,30,,94820,21,,,1,70,,94847,21,,,1,29,,94852,21,,,1,70,,94823,21,,,1,30,,94833,21,,,1,70,,94837,21,,,1,30,,94836,21,,,1,99,,94830,21,,,1
9300,'6',526,,94877,21,,,1,83,,94880,21,,,1,30,,94878,21,,,1,70,,94859,21,,,1,32,,94875,21,,,1,69,,94864,21,,,1,33,,94862,21,,,1,69,,94866,21,,,1,30,,94868,21,,,1,70,,94874,21,,,1,29,,94881,21,,,1,70,,94855,21,,,1,30,,94886,21,,,1,70,,94882,21,,,1,30,,94872,21,,,1,70,,94865,21,,,1,30,,94858,21,,,1,70,,94861,21,,,1,30,,94876,21,,,1,99,,94879,21,,,1,74,,94885,21,,,1,98,,94856,21,,,1,98,,94869,21,,,1,30,,94860,21,,,1,70,,94884,21,,,1,30,,94870,21,,,1,70,,94867,21,,,1,29,,94857,21,,,1,70,,94863,21,,,1,30,,94873,21,,,1,70,,94883,21,,,1,30,,94871,21,,,1,99,,94854,21,,,1
9300,'7',526,,94910,21,,,1,83,,94898,21,,,1,30,,94918,21,,,1,70,,94920,21,,,1,32,,94903,21,,,1,69,,94904,21,,,1,33,,94922,21,,,1,69,,94887,21,,,1,30,,94914,21,,,1,70,,94908,21,,,1,29,,94912,21,,,1,70,,94911,21,,,1,30,,94897,21,,,1,70,,94913,21,,,1,30,,94891,21,,,1,70,,94909,21,,,1,30,,94907,21,,,1,70,,94915,21,,,1,30,,94894,21,,,1,71,,94900,21,,,1,30,,94919,21,,,1,70,,94895,21,,,1,30,,94890,21,,,1,70,,94901,21,,,1,29,,94893,21,,,1,69,,94888,21,,,1,30,,94917,21,,,1,70,,94896,21,,,1,30,,94889,21,,,1,70,,94916,21,,,1,29,,94921,21,,,1,70,,94892,21,,,1,30,,94902,21,,,1,70,,94906,21,,,1,30,,94905,21,,,1,99,,94899,21,,,1
9300,'8',650,,94943,21,,,1,91,,94952,21,,,1,100,,94932,21,,,1,70,,94925,21,,,1,30,,94923,21,,,1,70,,94938,21,,,1,31,,94951,21,,,1,70,,94939,21,,,1,30,,94945,21,,,1,70,,94924,21,,,1,30,,94929,21,,,1,70,,94936,21,,,1,30,,94946,21,,,1,70,,94926,21,,,1,30,,94949,21,,,1,70,,94950,21,,,1,30,,94931,21,,,1,70,,94942,21,,,1,30,,94940,21,,,1,70,,94930,21,,,1,30,,94935,21,,,1,70,,94933,21,,,1,30,,94937,21,,,1,70,,94941,21,,,1,30,,94955,21,,,1,70,,94953,21,,,1,29,,94947,21,,,1,70,,94954,21,,,1,30,,94944,21,,,1,70,,94948,21,,,1,30,,94927,21,,,1,100,,94934,21,,,1,100,,94928,21,,,1
9300,'9',748,,94976,21,,,1,100,,94981,21,,,1,70,,94971,21,,,1,30,,94977,21,,,1,71,,94969,21,,,1,30,,94982,21,,,1,7,,94964,11,,,1,63,,94979,21,,,1,30,,94975,21,,,1,70,,94973,21,,,1,30,,94966,21,,,1,70,,94963,21,,,1,30,,94970,21,,,1,70,,94978,21,,,1,20,,94956,11,,,1,10,,94961,21,,,1,70,,94972,21,,,1,30,,94985,21,,,1,70,,94958,21,,,1,30,,94965,21,,,1,70,,94957,21,,,1,30,,94987,21,,,1,70,,94980,21,,,1,30,,94959,21,,,1,70,,94983,21,,,1,30,,94962,21,,,1,69,,94984,21,,,1,30,,94967,21,,,1,70,,94986,21,,,1,30,,94960,21,,,1,100,,94968,21,,,1,100,,94974,21,,,1
