9301,'1',756,,95006,12,,,1,100,,95004,12,,,1,70,,95002,12,,,1,30,,94995,12,,,1,70,,95013,12,,,1,30,,95011,12,,,1,48,,95010,12,,,1,22,,94994,12,,,1,30,,95009,12,,,1,70,,94999,12,,,1,30,,94998,12,,,1,70,,95014,12,,,1,30,,95000,12,,,1,70,,95001,12,,,1,23,,95015,12,,,1,7,,94996,12,,,1,70,,94992,12,,,1,30,,95003,12,,,1,70,,94988,12,,,1,30,,94997,12,,,1,70,,94989,12,,,1,30,,95008,12,,,1,70,,94991,12,,,1,30,,94990,12,,,1,70,,95017,12,,,1,30,,95018,12,,,1,70,,95016,12,,,1,30,,95007,12,,,1,70,,95005,12,,,1,30,,94993,12,,,1,100,,95012,12,,,1,100,,95019,12,,,1
9301,'10',537,,95050,12,,,1,83,,95025,12,,,1,30,,95020,12,,,1,70,,95036,12,,,1,31,,95028,12,,,1,68,,95021,12,,,1,33,,95022,12,,,1,69,,95030,12,,,1,30,,95049,12,,,1,69,,95052,12,,,1,30,,95037,12,,,1,70,,95034,12,,,1,30,,95026,12,,,1,70,,95044,12,,,1,30,,95033,12,,,1,70,,95041,12,,,1,30,,95043,12,,,1,70,,95027,12,,,1,30,,95023,12,,,1,100,,95038,12,,,1,74,,95045,12,,,1,97,,95032,12,,,1,100,,95029,12,,,1,30,,95042,12,,,1,70,,95048,12,,,1,30,,95039,12,,,1,70,,95024,12,,,1,29,,95035,12,,,1,70,,95047,12,,,1,30,,95040,12,,,1,70,,95046,12,,,1,30,,95031,12,,,1,102,,95051,12,,,1
9301,'11',537,,95083,12,,,1,83,,95058,12,,,1,30,,95053,12,,,1,70,,95069,12,,,1,31,,95061,12,,,1,68,,95054,12,,,1,33,,95055,12,,,1,69,,95063,12,,,1,30,,95082,12,,,1,69,,95085,12,,,1,30,,95070,12,,,1,70,,95067,12,,,1,30,,95059,12,,,1,70,,95077,12,,,1,30,,95066,12,,,1,70,,95074,12,,,1,30,,95076,12,,,1,70,,95060,12,,,1,30,,95056,12,,,1,100,,95071,12,,,1,74,,95078,12,,,1,97,,95065,12,,,1,100,,95062,12,,,1,30,,95075,12,,,1,70,,95081,12,,,1,30,,95072,12,,,1,70,,95057,12,,,1,29,,95068,12,,,1,70,,95080,12,,,1,30,,95073,12,,,1,70,,95079,12,,,1,30,,95064,12,,,1,102,,95084,12,,,1
9301,'12',537,,95116,12,,,1,83,,95091,12,,,1,30,,95086,12,,,1,70,,95102,12,,,1,31,,95094,12,,,1,68,,95087,12,,,1,33,,95088,12,,,1,69,,95096,12,,,1,30,,95115,12,,,1,69,,95118,12,,,1,30,,95103,12,,,1,70,,95100,12,,,1,30,,95092,12,,,1,70,,95110,12,,,1,30,,95099,12,,,1,70,,95107,12,,,1,30,,95109,12,,,1,70,,95093,12,,,1,30,,95089,12,,,1,100,,95104,12,,,1,74,,95111,12,,,1,97,,95098,12,,,1,100,,95095,12,,,1,30,,95108,12,,,1,70,,95114,12,,,1,30,,95105,12,,,1,70,,95090,12,,,1,29,,95101,12,,,1,70,,95113,12,,,1,30,,95106,12,,,1,70,,95112,12,,,1,30,,95097,12,,,1,102,,95117,12,,,1
9301,'13',537,,95150,12,,,1,83,,95126,12,,,1,30,,95120,12,,,1,70,,95135,12,,,1,31,,95142,12,,,1,68,,95140,12,,,1,33,,95148,12,,,1,69,,95141,12,,,1,30,,95133,12,,,1,69,,95125,12,,,1,30,,95143,12,,,1,70,,95128,12,,,1,30,,95145,12,,,1,70,,95151,12,,,1,30,,95123,12,,,1,70,,95146,12,,,1,30,,95129,12,,,1,70,,95153,12,,,1,30,,95147,12,,,1,72,,95154,12,,,1,30,,95138,12,,,1,70,,95144,12,,,1,30,,95139,12,,,1,69,,95149,12,,,1,30,,95134,12,,,1,70,,95124,12,,,1,30,,95152,12,,,1,70,,95119,12,,,1,30,,95137,12,,,1,70,,95130,12,,,1,29,,95132,12,,,1,70,,95127,12,,,1,30,,95136,12,,,1,70,,95131,12,,,1,30,,95121,12,,,1,102,,95122,12,,,1
9301,'14',657,,95182,12,,,1,91,,95162,12,,,1,100,,95187,12,,,1,70,,95161,12,,,1,30,,95185,12,,,1,70,,95179,12,,,1,31,,95183,12,,,1,70,,95163,12,,,1,30,,95186,12,,,1,70,,95168,12,,,1,30,,95172,12,,,1,70,,95170,12,,,1,30,,95171,12,,,1,70,,95155,12,,,1,30,,95164,12,,,1,70,,95180,12,,,1,30,,95166,12,,,1,70,,95169,12,,,1,30,,95159,12,,,1,70,,95167,12,,,1,30,,95176,12,,,1,70,,95181,12,,,1,30,,95158,12,,,1,70,,95160,12,,,1,30,,95173,12,,,1,70,,95175,12,,,1,29,,95184,12,,,1,70,,95156,12,,,1,30,,95177,12,,,1,70,,95174,12,,,1,30,,95165,12,,,1,100,,95178,12,,,1,100,,95157,12,,,1
9301,'15',537,,95218,12,,,1,83,,95193,12,,,1,30,,95188,12,,,1,70,,95204,12,,,1,31,,95196,12,,,1,68,,95189,12,,,1,33,,95190,12,,,1,69,,95198,12,,,1,30,,95217,12,,,1,69,,95220,12,,,1,30,,95205,12,,,1,70,,95202,12,,,1,30,,95194,12,,,1,70,,95212,12,,,1,30,,95201,12,,,1,70,,95209,12,,,1,30,,95211,12,,,1,70,,95195,12,,,1,30,,95191,12,,,1,100,,95206,12,,,1,74,,95213,12,,,1,97,,95200,12,,,1,100,,95197,12,,,1,30,,95210,12,,,1,70,,95216,12,,,1,30,,95207,12,,,1,70,,95192,12,,,1,29,,95203,12,,,1,70,,95215,12,,,1,30,,95208,12,,,1,70,,95214,12,,,1,30,,95199,12,,,1,102,,95219,12,,,1
9301,'16',537,,95251,12,,,1,83,,95226,12,,,1,30,,95221,12,,,1,70,,95237,12,,,1,31,,95229,12,,,1,68,,95222,12,,,1,33,,95223,12,,,1,69,,95231,12,,,1,30,,95250,12,,,1,69,,95253,12,,,1,30,,95238,12,,,1,70,,95235,12,,,1,30,,95227,12,,,1,70,,95245,12,,,1,30,,95234,12,,,1,70,,95242,12,,,1,30,,95244,12,,,1,70,,95228,12,,,1,30,,95224,12,,,1,100,,95239,12,,,1,74,,95246,12,,,1,97,,95233,12,,,1,100,,95230,12,,,1,30,,95243,12,,,1,70,,95249,12,,,1,30,,95240,12,,,1,70,,95225,12,,,1,29,,95236,12,,,1,70,,95248,12,,,1,30,,95241,12,,,1,70,,95247,12,,,1,30,,95232,12,,,1,102,,95252,12,,,1
9301,'17',537,,95285,12,,,1,83,,95261,12,,,1,30,,95255,12,,,1,70,,95270,12,,,1,31,,95277,12,,,1,68,,95275,12,,,1,33,,95283,12,,,1,69,,95276,12,,,1,30,,95268,12,,,1,69,,95260,12,,,1,30,,95278,12,,,1,70,,95263,12,,,1,30,,95280,12,,,1,70,,95286,12,,,1,30,,95258,12,,,1,70,,95281,12,,,1,30,,95264,12,,,1,70,,95288,12,,,1,30,,95282,12,,,1,72,,95289,12,,,1,30,,95273,12,,,1,70,,95279,12,,,1,30,,95274,12,,,1,69,,95284,12,,,1,30,,95269,12,,,1,70,,95259,12,,,1,30,,95287,12,,,1,70,,95254,12,,,1,30,,95272,12,,,1,70,,95265,12,,,1,29,,95267,12,,,1,70,,95262,12,,,1,30,,95271,12,,,1,70,,95266,12,,,1,30,,95256,12,,,1,102,,95257,12,,,1
9301,'18',537,,95313,12,,,1,83,,95317,12,,,1,28,,95311,12,,,1,70,,95290,12,,,1,33,,95292,12,,,1,68,,95298,12,,,1,33,,95297,12,,,1,69,,95310,12,,,1,30,,95307,12,,,1,69,,95325,12,,,1,30,,95295,12,,,1,70,,95301,12,,,1,30,,95303,12,,,1,70,,95324,12,,,1,30,,95314,12,,,1,70,,95319,12,,,1,30,,95323,12,,,1,70,,95315,12,,,1,30,,95302,12,,,1,70,,95300,12,,,1,34,,95294,12,,,1,68,,95316,12,,,1,29,,95321,12,,,1,70,,95296,12,,,1,28,,95322,12,,,1,72,,95293,12,,,1,30,,95309,12,,,1,70,,95318,12,,,1,30,,95291,12,,,1,70,,95306,12,,,1,29,,95308,12,,,1,70,,95299,12,,,1,30,,95304,12,,,1,70,,95312,12,,,1,30,,95320,12,,,1,102,,95305,12,,,1
9301,'19',537,,95357,12,,,1,83,,95333,12,,,1,30,,95327,12,,,1,70,,95342,12,,,1,31,,95349,12,,,1,68,,95347,12,,,1,33,,95355,12,,,1,69,,95348,12,,,1,30,,95340,12,,,1,69,,95332,12,,,1,30,,95350,12,,,1,70,,95335,12,,,1,30,,95352,12,,,1,70,,95358,12,,,1,30,,95330,12,,,1,70,,95353,12,,,1,30,,95336,12,,,1,70,,95360,12,,,1,30,,95354,12,,,1,72,,95361,12,,,1,30,,95345,12,,,1,70,,95351,12,,,1,30,,95346,12,,,1,69,,95356,12,,,1,30,,95341,12,,,1,70,,95331,12,,,1,30,,95359,12,,,1,70,,95326,12,,,1,30,,95344,12,,,1,70,,95337,12,,,1,29,,95339,12,,,1,70,,95334,12,,,1,30,,95343,12,,,1,70,,95338,12,,,1,30,,95328,12,,,1,102,,95329,12,,,1
9301,'2',756,,95380,12,,,1,100,,95378,12,,,1,70,,95376,12,,,1,30,,95369,12,,,1,70,,95387,12,,,1,30,,95385,12,,,1,48,,95384,12,,,1,22,,95368,12,,,1,30,,95383,12,,,1,70,,95373,12,,,1,30,,95372,12,,,1,70,,95388,12,,,1,30,,95374,12,,,1,70,,95375,12,,,1,23,,95389,12,,,1,7,,95370,12,,,1,70,,95366,12,,,1,30,,95377,12,,,1,70,,95362,12,,,1,30,,95371,12,,,1,70,,95363,12,,,1,30,,95382,12,,,1,70,,95365,12,,,1,30,,95364,12,,,1,70,,95391,12,,,1,30,,95392,12,,,1,70,,95390,12,,,1,30,,95381,12,,,1,70,,95379,12,,,1,30,,95367,12,,,1,100,,95386,12,,,1,100,,95393,12,,,1
9301,'3',537,,95424,12,,,1,83,,95399,12,,,1,30,,95394,12,,,1,70,,95410,12,,,1,31,,95402,12,,,1,68,,95395,12,,,1,33,,95396,12,,,1,69,,95404,12,,,1,30,,95423,12,,,1,69,,95426,12,,,1,30,,95411,12,,,1,70,,95408,12,,,1,30,,95400,12,,,1,70,,95418,12,,,1,30,,95407,12,,,1,70,,95415,12,,,1,30,,95417,12,,,1,70,,95401,12,,,1,30,,95397,12,,,1,100,,95412,12,,,1,74,,95419,12,,,1,97,,95406,12,,,1,100,,95403,12,,,1,30,,95416,12,,,1,70,,95422,12,,,1,30,,95413,12,,,1,70,,95398,12,,,1,29,,95409,12,,,1,70,,95421,12,,,1,30,,95414,12,,,1,70,,95420,12,,,1,30,,95405,12,,,1,102,,95425,12,,,1
9301,'4',537,,95457,12,,,1,83,,95432,12,,,1,30,,95427,12,,,1,70,,95443,12,,,1,31,,95435,12,,,1,68,,95428,12,,,1,33,,95429,12,,,1,69,,95437,12,,,1,30,,95456,12,,,1,69,,95459,12,,,1,30,,95444,12,,,1,70,,95441,12,,,1,30,,95433,12,,,1,70,,95451,12,,,1,30,,95440,12,,,1,70,,95448,12,,,1,30,,95450,12,,,1,70,,95434,12,,,1,30,,95430,12,,,1,100,,95445,12,,,1,74,,95452,12,,,1,97,,95439,12,,,1,100,,95436,12,,,1,30,,95449,12,,,1,70,,95455,12,,,1,30,,95446,12,,,1,70,,95431,12,,,1,29,,95442,12,,,1,70,,95454,12,,,1,30,,95447,12,,,1,70,,95453,12,,,1,30,,95438,12,,,1,102,,95458,12,,,1
9301,'5',537,,95491,12,,,1,83,,95467,12,,,1,30,,95461,12,,,1,70,,95476,12,,,1,31,,95483,12,,,1,68,,95481,12,,,1,33,,95489,12,,,1,69,,95482,12,,,1,30,,95474,12,,,1,69,,95466,12,,,1,30,,95484,12,,,1,70,,95469,12,,,1,30,,95486,12,,,1,70,,95492,12,,,1,30,,95464,12,,,1,70,,95487,12,,,1,30,,95470,12,,,1,70,,95494,12,,,1,30,,95488,12,,,1,72,,95495,12,,,1,30,,95479,12,,,1,70,,95485,12,,,1,30,,95480,12,,,1,69,,95490,12,,,1,30,,95475,12,,,1,70,,95465,12,,,1,30,,95493,12,,,1,70,,95460,12,,,1,30,,95478,12,,,1,70,,95471,12,,,1,29,,95473,12,,,1,70,,95468,12,,,1,30,,95477,12,,,1,70,,95472,12,,,1,30,,95462,12,,,1,102,,95463,12,,,1
9301,'6',537,,95526,12,,,1,83,,95501,12,,,1,30,,95496,12,,,1,70,,95512,12,,,1,31,,95504,12,,,1,68,,95497,12,,,1,33,,95498,12,,,1,69,,95506,12,,,1,30,,95525,12,,,1,69,,95528,12,,,1,30,,95513,12,,,1,70,,95510,12,,,1,30,,95502,12,,,1,70,,95520,12,,,1,30,,95509,12,,,1,70,,95517,12,,,1,30,,95519,12,,,1,70,,95503,12,,,1,30,,95499,12,,,1,100,,95514,12,,,1,74,,95521,12,,,1,97,,95508,12,,,1,100,,95505,12,,,1,30,,95518,12,,,1,70,,95524,12,,,1,30,,95515,12,,,1,70,,95500,12,,,1,29,,95511,12,,,1,70,,95523,12,,,1,30,,95516,12,,,1,70,,95522,12,,,1,30,,95507,12,,,1,102,,95527,12,,,1
9301,'7',537,,95560,12,,,1,83,,95536,12,,,1,30,,95530,12,,,1,70,,95545,12,,,1,31,,95552,12,,,1,68,,95550,12,,,1,33,,95558,12,,,1,69,,95551,12,,,1,30,,95543,12,,,1,69,,95535,12,,,1,30,,95553,12,,,1,70,,95538,12,,,1,30,,95555,12,,,1,70,,95561,12,,,1,30,,95533,12,,,1,70,,95556,12,,,1,30,,95539,12,,,1,70,,95563,12,,,1,30,,95557,12,,,1,72,,95564,12,,,1,30,,95548,12,,,1,70,,95554,12,,,1,30,,95549,12,,,1,69,,95559,12,,,1,30,,95544,12,,,1,70,,95534,12,,,1,30,,95562,12,,,1,70,,95529,12,,,1,30,,95547,12,,,1,70,,95540,12,,,1,29,,95542,12,,,1,70,,95537,12,,,1,30,,95546,12,,,1,70,,95541,12,,,1,30,,95531,12,,,1,102,,95532,12,,,1
9301,'8',657,,95592,12,,,1,91,,95572,12,,,1,100,,95597,12,,,1,70,,95571,12,,,1,30,,95595,12,,,1,70,,95589,12,,,1,31,,95593,12,,,1,70,,95573,12,,,1,30,,95596,12,,,1,70,,95578,12,,,1,30,,95582,12,,,1,70,,95580,12,,,1,30,,95581,12,,,1,70,,95565,12,,,1,30,,95574,12,,,1,70,,95590,12,,,1,30,,95576,12,,,1,70,,95579,12,,,1,30,,95569,12,,,1,70,,95577,12,,,1,30,,95586,12,,,1,70,,95591,12,,,1,30,,95568,12,,,1,70,,95570,12,,,1,30,,95583,12,,,1,70,,95585,12,,,1,29,,95594,12,,,1,70,,95566,12,,,1,30,,95587,12,,,1,70,,95584,12,,,1,30,,95575,12,,,1,100,,95588,12,,,1,100,,95567,12,,,1
9301,'9',756,,95616,12,,,1,100,,95614,12,,,1,70,,95612,12,,,1,30,,95605,12,,,1,70,,95623,12,,,1,30,,95621,12,,,1,48,,95620,12,,,1,22,,95604,12,,,1,30,,95619,12,,,1,70,,95609,12,,,1,30,,95608,12,,,1,70,,95624,12,,,1,30,,95610,12,,,1,70,,95611,12,,,1,23,,95625,12,,,1,7,,95606,12,,,1,70,,95602,12,,,1,30,,95613,12,,,1,70,,95598,12,,,1,30,,95607,12,,,1,70,,95599,12,,,1,30,,95618,12,,,1,70,,95601,12,,,1,30,,95600,12,,,1,70,,95627,12,,,1,30,,95628,12,,,1,70,,95626,12,,,1,30,,95617,12,,,1,70,,95615,12,,,1,30,,95603,12,,,1,100,,95622,12,,,1,100,,95629,12,,,1
69700,'10',1601,,120462,60,,,1
69700,'11',1601,,120464,60,,,1
69700,'12',1601,,120466,60,,,1
69700,'15',1601,,120468,60,,,1
69700,'16',1601,,120470,60,,,1
69700,'3',1601,,120472,60,,,1
69700,'4',1601,,120474,60,,,1
69700,'6',1601,,120476,60,,,1
69900,'10',818,,120583,9,,,1
69900,'11',818,,120585,9,,,1
69900,'12',818,,120587,9,,,1
69900,'15',818,,120589,9,,,1
69900,'16',818,,120591,9,,,1
69900,'3',818,,120593,9,,,1
69900,'4',818,,120595,9,,,1
69900,'6',818,,120597,9,,,1
