16100,'1',716,,287084,22,,,1,100,,287075,22,,,1,100,,149651,22,,,1,100,,287081,22,,,1,100,,287078,22,,,1,101,,157826,22,,,1,100,,287082,22,,,1,100,,287076,22,,,1,100,,62652,22,,,1,100,,287080,22,,,1,100,,287079,22,,,1,99,,287083,22,,,1,100,,287077,22,,,1,100,,197561,22,,,1,100,,44703,22,,,1,100,,287074,22,,,1
16100,'10',716,,287099,22,,,1,100,,287087,22,,,1,100,,287096,22,,,1,100,,287095,22,,,1,100,,287092,22,,,1,101,,287094,22,,,1,100,,287097,22,,,1,100,,287088,22,,,1,100,,287089,22,,,1,100,,287093,22,,,1,100,,51333,22,,,1,99,,287098,22,,,1,100,,287091,22,,,1,100,,287090,22,,,1,100,,287086,22,,,1,100,,287085,22,,,1
16100,'11',721,,287100,22,,,1,100,,287102,22,,,1,100,,201166,22,,,1,100,,287101,22,,,1,100,,287104,22,,,1,101,,287108,22,,,1,100,,287110,22,,,1,100,,287106,22,,,1,100,,54601,22,,,1,100,,287105,22,,,1,100,,287107,22,,,1,99,,287112,22,,,1,100,,287109,22,,,1,100,,107649,22,,,1,100,,287113,22,,,1,100,,287111,22,,,1,100,,287103,22,,,1
16100,'12',543,,287136,22,,,1,74,,287114,22,,,1,15,,287126,22,,,1,70,,287123,22,,,1,32,,287134,22,,,1,68,,173127,22,,,1,30,,287128,22,,,1,70,,287121,22,,,1,28,,134597,22,,,1,70,,287127,22,,,1,30,,287115,22,,,1,70,,137154,22,,,1,30,,287130,22,,,1,70,,287118,22,,,1,30,,287116,22,,,1,70,,287122,22,,,1,30,,287131,22,,,1,70,,287139,22,,,1,100,,287140,22,,,1,35,,287138,22,,,1,70,,287137,22,,,1,28,,287129,22,,,1,70,,203592,22,,,1,30,,187174,22,,,1,70,,287133,22,,,1,27,,287119,22,,,1,70,,287124,22,,,1,30,,152465,22,,,1,70,,287132,22,,,1,28,,183666,22,,,1,30,,287125,22,,,1,70,,287117,22,,,1,30,,152450,22,,,1,100,,287135,22,,,1
16100,'13',716,,287153,22,,,1,100,,287143,22,,,1,100,,287151,22,,,1,100,,287150,22,,,1,100,,287147,22,,,1,101,,287149,22,,,1,100,,287152,22,,,1,100,,194560,22,,,1,100,,287144,22,,,1,100,,184604,22,,,1,100,,287148,22,,,1,99,,203458,22,,,1,100,,287146,22,,,1,100,,287145,22,,,1,100,,287142,22,,,1,100,,287141,22,,,1
16100,'14',543,,287175,22,,,1,74,,175644,22,,,1,15,,287168,22,,,1,70,,287171,22,,,1,30,,287155,22,,,1,70,,287178,22,,,1,30,,287157,22,,,1,70,,287170,22,,,1,28,,197320,22,,,1,70,,287154,22,,,1,30,,287169,22,,,1,70,,287176,22,,,1,30,,287177,22,,,1,70,,31602,22,,,1,30,,287160,22,,,1,70,,287165,22,,,1,30,,287173,22,,,1,70,,287167,22,,,1,30,,139701,22,,,1,70,,287164,22,,,1,33,,287174,22,,,1,68,,287158,22,,,1,30,,287159,22,,,1,72,,198090,22,,,1,30,,197322,22,,,1,70,,287163,22,,,1,27,,287161,22,,,1,70,,287156,22,,,1,30,,197312,22,,,1,70,,287162,22,,,1,28,,287166,22,,,1,30,,174485,22,,,1,70,,287172,22,,,1,30,,161730,22,,,1,100,,89643,22,,,1
16100,'15',543,,287201,22,,,1,74,,287179,22,,,1,15,,287191,22,,,1,70,,287188,22,,,1,32,,287199,22,,,1,68,,173296,22,,,1,30,,287193,22,,,1,70,,287186,22,,,1,28,,134776,22,,,1,70,,287192,22,,,1,30,,287180,22,,,1,70,,137270,22,,,1,30,,287195,22,,,1,70,,287183,22,,,1,30,,287181,22,,,1,70,,287187,22,,,1,30,,287196,22,,,1,70,,287204,22,,,1,100,,287205,22,,,1,35,,287203,22,,,1,70,,287202,22,,,1,28,,287194,22,,,1,70,,203610,22,,,1,30,,187354,22,,,1,70,,287198,22,,,1,27,,287184,22,,,1,70,,287189,22,,,1,30,,152664,22,,,1,70,,287197,22,,,1,28,,183814,22,,,1,30,,287190,22,,,1,70,,287182,22,,,1,30,,152649,22,,,1,100,,287200,22,,,1
16100,'16',721,,287206,22,,,1,100,,177237,22,,,1,100,,287215,22,,,1,100,,60934,22,,,1,100,,287208,22,,,1,101,,287211,22,,,1,100,,287213,22,,,1,100,,155508,22,,,1,100,,287219,22,,,1,100,,287209,22,,,1,100,,287210,22,,,1,99,,287217,22,,,1,100,,287212,22,,,1,100,,287214,22,,,1,100,,287218,22,,,1,100,,287216,22,,,1,100,,287207,22,,,1
16100,'17',543,,287241,22,,,1,74,,175516,22,,,1,15,,287234,22,,,1,70,,287237,22,,,1,30,,287221,22,,,1,70,,287244,22,,,1,30,,287223,22,,,1,70,,287236,22,,,1,28,,197284,22,,,1,70,,287220,22,,,1,30,,287235,22,,,1,70,,287242,22,,,1,30,,287243,22,,,1,70,,147876,22,,,1,30,,287226,22,,,1,70,,287231,22,,,1,30,,287239,22,,,1,70,,287233,22,,,1,30,,37522,22,,,1,70,,287230,22,,,1,33,,287240,22,,,1,68,,287224,22,,,1,30,,287225,22,,,1,72,,198065,22,,,1,30,,84327,22,,,1,70,,287229,22,,,1,27,,287227,22,,,1,70,,287222,22,,,1,30,,197276,22,,,1,70,,287228,22,,,1,28,,287232,22,,,1,30,,174359,22,,,1,70,,287238,22,,,1,30,,161669,22,,,1,100,,201362,22,,,1
16100,'18',543,,287266,22,,,1,74,,175800,22,,,1,15,,287259,22,,,1,70,,287262,22,,,1,30,,287246,22,,,1,70,,287269,22,,,1,30,,287248,22,,,1,70,,287261,22,,,1,28,,2407,22,,,1,70,,287245,22,,,1,30,,287260,22,,,1,70,,287267,22,,,1,30,,287268,22,,,1,70,,148125,22,,,1,30,,287251,22,,,1,70,,287256,22,,,1,30,,287264,22,,,1,70,,287258,22,,,1,30,,139799,22,,,1,70,,287255,22,,,1,33,,287265,22,,,1,68,,287249,22,,,1,30,,287250,22,,,1,72,,198126,22,,,1,30,,197382,22,,,1,70,,287254,22,,,1,27,,287252,22,,,1,70,,287247,22,,,1,30,,197371,22,,,1,70,,287253,22,,,1,28,,287257,22,,,1,30,,5128,22,,,1,70,,287263,22,,,1,30,,161811,22,,,1,100,,201468,22,,,1
16100,'2',543,,188160,22,,,1,74,,287293,22,,,1,15,,287286,22,,,1,70,,287290,22,,,1,30,,176055,22,,,1,70,,160190,22,,,1,30,,60064,22,,,1,70,,287289,22,,,1,28,,287284,22,,,1,70,,287271,22,,,1,30,,287287,22,,,1,70,,287295,22,,,1,30,,287296,22,,,1,70,,287288,22,,,1,30,,287274,22,,,1,70,,287281,22,,,1,30,,287292,22,,,1,70,,171949,22,,,1,30,,287270,22,,,1,70,,287280,22,,,1,33,,130026,22,,,1,68,,170685,22,,,1,30,,287273,22,,,1,72,,287276,22,,,1,30,,287285,22,,,1,70,,187259,22,,,1,27,,287277,22,,,1,70,,287272,22,,,1,30,,287275,22,,,1,70,,287279,22,,,1,28,,287283,22,,,1,30,,287294,22,,,1,70,,287291,22,,,1,30,,287282,22,,,1,100,,287278,22,,,1
16100,'3',543,,121947,22,,,1,74,,121214,22,,,1,15,,142864,22,,,1,70,,287305,22,,,1,32,,287315,22,,,1,68,,287308,22,,,1,30,,49612,22,,,1,70,,10702,22,,,1,28,,287319,22,,,1,70,,287310,22,,,1,30,,287297,22,,,1,70,,287316,22,,,1,30,,287312,22,,,1,70,,179379,22,,,1,30,,287298,22,,,1,70,,158748,22,,,1,30,,123804,22,,,1,70,,287320,22,,,1,100,,287321,22,,,1,35,,287318,22,,,1,70,,287317,22,,,1,28,,287311,22,,,1,70,,287301,22,,,1,30,,287303,22,,,1,70,,287314,22,,,1,27,,287302,22,,,1,70,,287307,22,,,1,30,,287304,22,,,1,70,,287313,22,,,1,28,,287309,22,,,1,30,,20043,22,,,1,70,,287299,22,,,1,30,,287300,22,,,1,100,,926,22,,,1
16100,'4',543,,287344,22,,,1,74,,287322,22,,,1,15,,287334,22,,,1,70,,287331,22,,,1,32,,287342,22,,,1,68,,173368,22,,,1,30,,287336,22,,,1,70,,287329,22,,,1,28,,134861,22,,,1,70,,287335,22,,,1,30,,287323,22,,,1,70,,137328,22,,,1,30,,287338,22,,,1,70,,287326,22,,,1,30,,287324,22,,,1,70,,287330,22,,,1,30,,287339,22,,,1,70,,287347,22,,,1,100,,287348,22,,,1,35,,287346,22,,,1,70,,287345,22,,,1,28,,287337,22,,,1,70,,203615,22,,,1,30,,187429,22,,,1,70,,287341,22,,,1,27,,287327,22,,,1,70,,287332,22,,,1,30,,152754,22,,,1,70,,287340,22,,,1,28,,183875,22,,,1,30,,287333,22,,,1,70,,287325,22,,,1,30,,152739,22,,,1,100,,287343,22,,,1
16100,'5',543,,287371,22,,,1,74,,287349,22,,,1,15,,287361,22,,,1,70,,287358,22,,,1,32,,287369,22,,,1,68,,172762,22,,,1,30,,287363,22,,,1,70,,287356,22,,,1,28,,134211,22,,,1,70,,287362,22,,,1,30,,287350,22,,,1,70,,136910,22,,,1,30,,287365,22,,,1,70,,287353,22,,,1,30,,287351,22,,,1,70,,287357,22,,,1,30,,287366,22,,,1,70,,287374,22,,,1,100,,287375,22,,,1,35,,287373,22,,,1,70,,287372,22,,,1,28,,287364,22,,,1,70,,203556,22,,,1,30,,186790,22,,,1,70,,287368,22,,,1,27,,287354,22,,,1,70,,287359,22,,,1,30,,152043,22,,,1,70,,287367,22,,,1,28,,183338,22,,,1,30,,287360,22,,,1,70,,287352,22,,,1,30,,152028,22,,,1,100,,287370,22,,,1
16100,'6',721,,196043,22,,,1,100,,287377,22,,,1,100,,287387,22,,,1,100,,287376,22,,,1,100,,287379,22,,,1,101,,287383,22,,,1,100,,287385,22,,,1,100,,287381,22,,,1,100,,287389,22,,,1,100,,287380,22,,,1,100,,287382,22,,,1,99,,122380,22,,,1,100,,287384,22,,,1,100,,287386,22,,,1,100,,197611,22,,,1,100,,287388,22,,,1,100,,287378,22,,,1
16100,'7',543,,287417,22,,,1,74,,287418,22,,,1,15,,287410,22,,,1,70,,119609,22,,,1,30,,287392,22,,,1,70,,287422,22,,,1,30,,287394,22,,,1,70,,287413,22,,,1,28,,287407,22,,,1,70,,287391,22,,,1,30,,287411,22,,,1,70,,287420,22,,,1,30,,287421,22,,,1,70,,287412,22,,,1,30,,287397,22,,,1,70,,187918,22,,,1,30,,287415,22,,,1,70,,287408,22,,,1,30,,287390,22,,,1,70,,287404,22,,,1,33,,287416,22,,,1,68,,287395,22,,,1,30,,287396,22,,,1,72,,287399,22,,,1,30,,287409,22,,,1,70,,287403,22,,,1,27,,287400,22,,,1,70,,287393,22,,,1,30,,287398,22,,,1,70,,287402,22,,,1,28,,287406,22,,,1,30,,287419,22,,,1,70,,287414,22,,,1,30,,287405,22,,,1,100,,287401,22,,,1
16100,'8',543,,287425,22,,,1,89,,287432,22,,,1,98,,287430,22,,,1,102,,287433,22,,,1,98,,287426,22,,,1,100,,287440,22,,,1,100,,287437,22,,,1,100,,287427,22,,,1,100,,287423,22,,,1,100,,287424,22,,,1,103,,287434,22,,,1,102,,287439,22,,,1,98,,287429,22,,,1,97,,287428,22,,,1,100,,287441,22,,,1,98,,287435,22,,,1,100,,287431,22,,,1,100,,287436,22,,,1,30,,287438,22,,,1
16100,'9',543,,287464,22,,,1,74,,287442,22,,,1,15,,287454,22,,,1,70,,287451,22,,,1,32,,287462,22,,,1,68,,173083,22,,,1,30,,287456,22,,,1,70,,287449,22,,,1,28,,134551,22,,,1,70,,287455,22,,,1,30,,287443,22,,,1,70,,137123,22,,,1,30,,287458,22,,,1,70,,287446,22,,,1,30,,287444,22,,,1,70,,287450,22,,,1,30,,287459,22,,,1,70,,287467,22,,,1,100,,287468,22,,,1,35,,287466,22,,,1,70,,287465,22,,,1,28,,287457,22,,,1,70,,203587,22,,,1,30,,187130,22,,,1,70,,287461,22,,,1,27,,287447,22,,,1,70,,287452,22,,,1,30,,152412,22,,,1,70,,287460,22,,,1,28,,183625,22,,,1,30,,287453,22,,,1,70,,287445,22,,,1,30,,152397,22,,,1,100,,287463,22,,,1
66100,'12',818,,5001,23,,,1
66100,'15',818,,5635,23,,,1
66100,'3',818,,295336,23,,,1
66100,'4',818,,5575,23,,,1
66100,'5',818,,4941,23,,,1
66100,'9',818,,5258,23,,,1
66400,'12',804,,295407,12,,,1,4,,295406,12,,,1,11,,170575,12,,,1
66400,'15',804,,295409,12,,,1,4,,295408,12,,,1,11,,170784,12,,,1
66400,'3',804,,174541,12,,,1,4,,141947,12,,,1,11,,295410,12,,,1
66400,'4',804,,295412,12,,,1,4,,295411,12,,,1,11,,170879,12,,,1
66400,'5',804,,295414,12,,,1,4,,295413,12,,,1,11,,170114,12,,,1
66400,'9',804,,295416,12,,,1,4,,295415,12,,,1,11,,170518,12,,,1
67401,'12',1444,,295728,5,,,1,2,,176893,5,,,1
67401,'15',1444,,295732,5,,,1,2,,177067,5,,,1
67401,'3',1444,,171782,5,,,1,2,,295735,5,,,1
67401,'4',1444,,295740,5,,,1,2,,177152,5,,,1
67401,'5',1444,,295744,5,,,1,2,,176506,5,,,1
67401,'9',1444,,295748,5,,,1,2,,176842,5,,,1
