5700,'1',631,,177926,0,15 16,1,71,,177919,0,15 16,1,30,,177912,0,15 16,1,70,,177916,0,15 16,1,31,,177929,0,15 16,1,73,,177901,0,15 16,1,30,,177892,0,15 16,1,70,,177924,0,15 16,1,27,,177914,0,15 16,1,70,,177895,0,15 16,1,30,,45512,0,15 16,1,70,,177904,0,15 16,1,30,,177899,0,15 16,1,70,,177897,0,15 16,1,33,,177931,0,15 16,1,70,,177932,0,15 16,1,30,,177933,0,15 16,1,69,,2376,0,15 16,1,17,,47091,0,15 16,1,15,,177911,0,15 16,1,16,,177915,0,15 16,1,55,,97757,0,15 16,1,13,,177902,0,15 16,1,16,,177928,0,15 16,1,17,,177906,0,15 16,1,54,,177894,0,15 16,1,14,,1238,0,15 16,1,16,,177905,0,15 16,1,14,,177898,0,15 16,1,55,,177917,0,15 16,1,30,,177893,0,15 16,1,70,,35051,0,15 16,1,29,,177921,0,15 16,1,65,,49370,0,15 16,1,30,,177909,0,15 16,1,70,,177925,0,15 16,1,28,,53147,0,15 16,1,30,,177923,0,15 16,1,67,,177930,0,15 16,1,29,,112644,0,15 16,1,73,,177922,0,15 16,1,74,,177927,0,15 16,1
5700,'10',817,,42540,0,15 16,1,99,,177935,0,15 16,1,100,,177946,0,15 16,1,100,,177941,0,15 16,1,101,,177942,0,15 16,1,100,,177955,0,15 16,1,100,,177945,0,15 16,1,100,,177949,0,15 16,1,99,,177947,0,15 16,1,100,,177948,0,15 16,1,100,,177950,0,15 16,1,99,,177954,0,15 16,1,100,,177944,0,15 16,1,100,,177940,0,15 16,1,100,,177937,0,15 16,1
5700,'11',631,,177958,0,15 16,1,71,,177978,0,15 16,1,30,,77014,0,15 16,1,70,,177957,0,15 16,1,31,,177964,0,15 16,1,73,,83427,0,15 16,1,30,,177972,0,15 16,1,70,,177977,0,15 16,1,27,,177987,0,15 16,1,70,,114145,0,15 16,1,30,,177984,0,15 16,1,70,,177962,0,15 16,1,30,,177991,0,15 16,1,70,,177986,0,15 16,1,33,,177956,0,15 16,1,70,,105378,0,15 16,1,99,,177963,0,15 16,1,15,,177975,0,15 16,1,17,,177985,0,15 16,1,16,,177992,0,15 16,1,55,,66255,0,15 16,1,13,,177967,0,15 16,1,16,,177969,0,15 16,1,16,,177973,0,15 16,1,55,,177966,0,15 16,1,14,,94019,0,15 16,1,16,,177961,0,15 16,1,14,,177970,0,15 16,1,55,,177959,0,15 16,1,30,,177988,0,15 16,1,70,,177980,0,15 16,1,29,,177976,0,15 16,1,65,,177960,0,15 16,1,30,,177968,0,15 16,1,70,,124637,0,15 16,1,28,,63588,0,15 16,1,30,,8436,0,15 16,1,67,,177979,0,15 16,1,29,,177994,0,15 16,1,73,,177974,0,15 16,1,74,,177990,0,15 16,1
5700,'12',631,,177997,0,15 16,1,71,,178023,0,15 16,1,30,,178019,0,15 16,1,70,,177996,0,15 16,1,31,,178002,0,15 16,1,73,,178003,0,15 16,1,30,,178015,0,15 16,1,70,,71744,0,15 16,1,27,,178032,0,15 16,1,70,,178022,0,15 16,1,30,,178029,0,15 16,1,70,,94885,0,15 16,1,30,,178036,0,15 16,1,70,,178031,0,15 16,1,33,,177995,0,15 16,1,70,,178035,0,15 16,1,99,,178001,0,15 16,1,15,,178018,0,15 16,1,17,,178030,0,15 16,1,16,,178037,0,15 16,1,55,,178013,0,15 16,1,13,,178008,0,15 16,1,16,,178011,0,15 16,1,16,,178017,0,15 16,1,55,,178005,0,15 16,1,14,,178010,0,15 16,1,16,,178000,0,15 16,1,14,,178012,0,15 16,1,55,,177998,0,15 16,1,30,,178033,0,15 16,1,70,,178026,0,15 16,1,29,,178020,0,15 16,1,65,,177999,0,15 16,1,30,,178009,0,15 16,1,70,,178025,0,15 16,1,28,,178007,0,15 16,1,30,,178006,0,15 16,1,67,,178024,0,15 16,1,29,,178039,0,15 16,1,73,,178016,0,15 16,1,74,,91908,0,15 16,1
5700,'13',817,,178049,0,15 16,1,99,,178042,0,15 16,1,100,,178053,0,15 16,1,100,,178048,0,15 16,1,101,,76731,0,15 16,1,100,,178058,0,15 16,1,100,,178052,0,15 16,1,100,,178054,0,15 16,1,99,,71895,0,15 16,1,100,,85213,0,15 16,1,100,,178055,0,15 16,1,99,,178057,0,15 16,1,100,,178051,0,15 16,1,100,,178047,0,15 16,1,100,,178044,0,15 16,1
5700,'14',631,,178061,0,15 16,1,71,,178081,0,15 16,1,30,,77424,0,15 16,1,70,,178060,0,15 16,1,31,,178067,0,15 16,1,73,,83714,0,15 16,1,30,,178075,0,15 16,1,70,,178080,0,15 16,1,27,,178090,0,15 16,1,70,,114382,0,15 16,1,30,,178087,0,15 16,1,70,,178065,0,15 16,1,30,,178094,0,15 16,1,70,,178089,0,15 16,1,33,,178059,0,15 16,1,70,,105562,0,15 16,1,99,,178066,0,15 16,1,15,,178078,0,15 16,1,17,,178088,0,15 16,1,16,,178095,0,15 16,1,55,,66560,0,15 16,1,13,,178070,0,15 16,1,16,,178072,0,15 16,1,16,,178076,0,15 16,1,55,,178069,0,15 16,1,14,,94645,0,15 16,1,16,,178064,0,15 16,1,14,,178073,0,15 16,1,55,,178062,0,15 16,1,30,,178091,0,15 16,1,70,,178083,0,15 16,1,29,,178079,0,15 16,1,65,,178063,0,15 16,1,30,,178071,0,15 16,1,70,,124667,0,15 16,1,28,,63753,0,15 16,1,30,,8755,0,15 16,1,67,,178082,0,15 16,1,29,,178097,0,15 16,1,73,,178077,0,15 16,1,74,,178093,0,15 16,1
5700,'15',919,,178108,0,15 16,1,99,,178098,0,15 16,1,101,,178116,0,15 16,1,101,,178121,0,15 16,1,100,,178100,0,15 16,1,100,,178102,0,15 16,1,100,,178101,0,15 16,1,99,,178103,0,15 16,1,100,,178104,0,15 16,1,100,,178109,0,15 16,1
5700,'16',919,,178131,0,15 16,1,99,,178123,0,15 16,1,101,,178138,0,15 16,1,101,,178143,0,15 16,1,100,,178125,0,15 16,1,100,,39696,0,15 16,1,100,,178126,0,15 16,1,99,,56263,0,15 16,1,100,,178127,0,15 16,1,100,,91479,0,15 16,1
5700,'17',631,,178177,0,15 16,1,71,,178169,0,15 16,1,30,,178162,0,15 16,1,70,,178165,0,15 16,1,31,,80952,0,15 16,1,73,,178155,0,15 16,1,30,,120000,0,15 16,1,70,,178175,0,15 16,1,27,,178163,0,15 16,1,70,,60827,0,15 16,1,30,,178154,0,15 16,1,70,,9499,0,15 16,1,30,,178151,0,15 16,1,70,,119617,0,15 16,1,33,,178179,0,15 16,1,70,,178180,0,15 16,1,30,,178182,0,15 16,1,69,,178181,0,15 16,1,17,,178164,0,15 16,1,15,,73814,0,15 16,1,16,,75632,0,15 16,1,55,,178167,0,15 16,1,13,,178156,0,15 16,1,16,,65941,0,15 16,1,17,,178157,0,15 16,1,54,,83780,0,15 16,1,14,,178149,0,15 16,1,16,,20026,0,15 16,1,14,,178150,0,15 16,1,55,,178166,0,15 16,1,30,,178145,0,15 16,1,70,,178174,0,15 16,1,29,,178171,0,15 16,1,65,,178153,0,15 16,1,30,,178160,0,15 16,1,70,,178176,0,15 16,1,28,,178148,0,15 16,1,30,,178173,0,15 16,1,67,,178178,0,15 16,1,29,,178146,0,15 16,1,73,,178172,0,15 16,1,74,,982,0,15 16,1
5700,'18',817,,178187,0,15 16,1,99,,77241,0,15 16,1,100,,108419,0,15 16,1,100,,89886,0,15 16,1,101,,178186,0,15 16,1,100,,178196,0,15 16,1,100,,41499,0,15 16,1,100,,96698,0,15 16,1,99,,178190,0,15 16,1,100,,178191,0,15 16,1,100,,178192,0,15 16,1,99,,95643,0,15 16,1,100,,178189,0,15 16,1,100,,61437,0,15 16,1,100,,119517,0,15 16,1
5700,'19',631,,178229,0,15 16,1,71,,178221,0,15 16,1,30,,178214,0,15 16,1,70,,178217,0,15 16,1,31,,79914,0,15 16,1,73,,178207,0,15 16,1,30,,119976,0,15 16,1,70,,178227,0,15 16,1,27,,178215,0,15 16,1,70,,60333,0,15 16,1,30,,178206,0,15 16,1,70,,9103,0,15 16,1,30,,178203,0,15 16,1,70,,119401,0,15 16,1,33,,178231,0,15 16,1,70,,178232,0,15 16,1,30,,178234,0,15 16,1,69,,178233,0,15 16,1,17,,178216,0,15 16,1,15,,73308,0,15 16,1,16,,75366,0,15 16,1,55,,178219,0,15 16,1,13,,178208,0,15 16,1,16,,65331,0,15 16,1,17,,178209,0,15 16,1,54,,83386,0,15 16,1,14,,178201,0,15 16,1,16,,19414,0,15 16,1,14,,178202,0,15 16,1,55,,178218,0,15 16,1,30,,178197,0,15 16,1,70,,178226,0,15 16,1,29,,178223,0,15 16,1,65,,178205,0,15 16,1,30,,178212,0,15 16,1,70,,178228,0,15 16,1,28,,178200,0,15 16,1,30,,178225,0,15 16,1,67,,178230,0,15 16,1,29,,178198,0,15 16,1,73,,178224,0,15 16,1,74,,354,0,15 16,1
5700,'2',631,,178237,0,15 16,1,71,,178257,0,15 16,1,30,,77192,0,15 16,1,70,,178236,0,15 16,1,31,,178243,0,15 16,1,73,,83574,0,15 16,1,30,,178251,0,15 16,1,70,,178256,0,15 16,1,27,,178266,0,15 16,1,70,,114266,0,15 16,1,30,,178263,0,15 16,1,70,,178241,0,15 16,1,30,,178270,0,15 16,1,70,,178265,0,15 16,1,33,,178235,0,15 16,1,70,,105434,0,15 16,1,99,,178242,0,15 16,1,15,,178254,0,15 16,1,17,,178264,0,15 16,1,16,,178271,0,15 16,1,55,,66420,0,15 16,1,13,,178246,0,15 16,1,16,,178248,0,15 16,1,16,,178252,0,15 16,1,55,,178245,0,15 16,1,14,,94309,0,15 16,1,16,,178240,0,15 16,1,14,,178249,0,15 16,1,55,,178238,0,15 16,1,30,,178267,0,15 16,1,70,,178259,0,15 16,1,29,,178255,0,15 16,1,65,,178239,0,15 16,1,30,,178247,0,15 16,1,70,,124643,0,15 16,1,28,,63621,0,15 16,1,30,,8607,0,15 16,1,67,,178258,0,15 16,1,29,,178273,0,15 16,1,73,,178253,0,15 16,1,74,,178269,0,15 16,1
5700,'20',919,,178282,0,15 16,1,99,,178274,0,15 16,1,101,,178289,0,15 16,1,101,,178294,0,15 16,1,100,,178276,0,15 16,1,100,,39142,0,15 16,1,100,,178277,0,15 16,1,99,,56052,0,15 16,1,100,,178278,0,15 16,1,100,,91275,0,15 16,1
5700,'21',631,,178328,0,15 16,1,71,,178320,0,15 16,1,30,,178313,0,15 16,1,70,,178316,0,15 16,1,31,,80859,0,15 16,1,73,,178306,0,15 16,1,30,,119997,0,15 16,1,70,,178326,0,15 16,1,27,,178314,0,15 16,1,70,,60776,0,15 16,1,30,,178305,0,15 16,1,70,,9464,0,15 16,1,30,,178302,0,15 16,1,70,,119594,0,15 16,1,33,,178330,0,15 16,1,70,,178331,0,15 16,1,30,,178333,0,15 16,1,69,,178332,0,15 16,1,17,,178315,0,15 16,1,15,,73765,0,15 16,1,16,,75598,0,15 16,1,55,,178318,0,15 16,1,13,,178307,0,15 16,1,16,,65885,0,15 16,1,17,,178308,0,15 16,1,54,,83744,0,15 16,1,14,,178300,0,15 16,1,16,,19965,0,15 16,1,14,,178301,0,15 16,1,55,,178317,0,15 16,1,30,,178296,0,15 16,1,70,,178325,0,15 16,1,29,,178322,0,15 16,1,65,,178304,0,15 16,1,30,,178311,0,15 16,1,70,,178327,0,15 16,1,28,,178299,0,15 16,1,30,,178324,0,15 16,1,67,,178329,0,15 16,1,29,,178297,0,15 16,1,73,,178323,0,15 16,1,74,,918,0,15 16,1
5700,'22',817,,42499,0,15 16,1,99,,178335,0,15 16,1,100,,178346,0,15 16,1,100,,178341,0,15 16,1,101,,178342,0,15 16,1,100,,178355,0,15 16,1,100,,178345,0,15 16,1,100,,178349,0,15 16,1,99,,178347,0,15 16,1,100,,178348,0,15 16,1,100,,178350,0,15 16,1,99,,178354,0,15 16,1,100,,178344,0,15 16,1,100,,178340,0,15 16,1,100,,178337,0,15 16,1
5700,'3',919,,37595,0,15 16,1,99,,178356,0,15 16,1,101,,178368,0,15 16,1,101,,178372,0,15 16,1,100,,178358,0,15 16,1,100,,178359,0,15 16,1,100,,112074,0,15 16,1,99,,178360,0,15 16,1,100,,178361,0,15 16,1,100,,178363,0,15 16,1
5700,'4',631,,178375,0,15 16,1,71,,178395,0,15 16,1,30,,77308,0,15 16,1,70,,178374,0,15 16,1,31,,178381,0,15 16,1,73,,83644,0,15 16,1,30,,178389,0,15 16,1,70,,178394,0,15 16,1,27,,178404,0,15 16,1,70,,114324,0,15 16,1,30,,178401,0,15 16,1,70,,178379,0,15 16,1,30,,178408,0,15 16,1,70,,178403,0,15 16,1,33,,178373,0,15 16,1,70,,105498,0,15 16,1,99,,178380,0,15 16,1,15,,178392,0,15 16,1,17,,178402,0,15 16,1,16,,178409,0,15 16,1,55,,66490,0,15 16,1,13,,178384,0,15 16,1,16,,178386,0,15 16,1,16,,178390,0,15 16,1,55,,178383,0,15 16,1,14,,94477,0,15 16,1,16,,178378,0,15 16,1,14,,178387,0,15 16,1,55,,178376,0,15 16,1,30,,178405,0,15 16,1,70,,178397,0,15 16,1,29,,178393,0,15 16,1,65,,178377,0,15 16,1,30,,178385,0,15 16,1,70,,124655,0,15 16,1,28,,63687,0,15 16,1,30,,8681,0,15 16,1,67,,178396,0,15 16,1,29,,178411,0,15 16,1,73,,178391,0,15 16,1,74,,178407,0,15 16,1
5700,'5',631,,178414,0,15 16,1,71,,178434,0,15 16,1,30,,77366,0,15 16,1,70,,178413,0,15 16,1,31,,178420,0,15 16,1,73,,83679,0,15 16,1,30,,178428,0,15 16,1,70,,178433,0,15 16,1,27,,178443,0,15 16,1,70,,114353,0,15 16,1,30,,178440,0,15 16,1,70,,178418,0,15 16,1,30,,178447,0,15 16,1,70,,178442,0,15 16,1,33,,178412,0,15 16,1,70,,105530,0,15 16,1,99,,178419,0,15 16,1,15,,178431,0,15 16,1,17,,178441,0,15 16,1,16,,178448,0,15 16,1,55,,66525,0,15 16,1,13,,178423,0,15 16,1,16,,178425,0,15 16,1,16,,178429,0,15 16,1,55,,178422,0,15 16,1,14,,94561,0,15 16,1,16,,178417,0,15 16,1,14,,178426,0,15 16,1,55,,178415,0,15 16,1,30,,178444,0,15 16,1,70,,178436,0,15 16,1,29,,178432,0,15 16,1,65,,178416,0,15 16,1,30,,178424,0,15 16,1,70,,124661,0,15 16,1,28,,63720,0,15 16,1,30,,8718,0,15 16,1,67,,178435,0,15 16,1,29,,178450,0,15 16,1,73,,178430,0,15 16,1,74,,178446,0,15 16,1
5700,'6',631,,178453,0,15 16,1,71,,178473,0,15 16,1,30,,76669,0,15 16,1,70,,178452,0,15 16,1,31,,178459,0,15 16,1,73,,83195,0,15 16,1,30,,178467,0,15 16,1,70,,178472,0,15 16,1,27,,178482,0,15 16,1,70,,113966,0,15 16,1,30,,178479,0,15 16,1,70,,178457,0,15 16,1,30,,178486,0,15 16,1,70,,178481,0,15 16,1,33,,178451,0,15 16,1,70,,105203,0,15 16,1,99,,178458,0,15 16,1,15,,178470,0,15 16,1,17,,178480,0,15 16,1,16,,178487,0,15 16,1,55,,66013,0,15 16,1,13,,178462,0,15 16,1,16,,178464,0,15 16,1,16,,178468,0,15 16,1,55,,178461,0,15 16,1,14,,93509,0,15 16,1,16,,178456,0,15 16,1,14,,178465,0,15 16,1,55,,178454,0,15 16,1,30,,178483,0,15 16,1,70,,178475,0,15 16,1,29,,178471,0,15 16,1,65,,178455,0,15 16,1,30,,178463,0,15 16,1,70,,124625,0,15 16,1,28,,63417,0,15 16,1,30,,8188,0,15 16,1,67,,178474,0,15 16,1,29,,178489,0,15 16,1,73,,178469,0,15 16,1,74,,178485,0,15 16,1
5700,'7',631,,178504,0,15 16,1,71,,178533,0,15 16,1,30,,178499,0,15 16,1,70,,178519,0,15 16,1,31,,178508,0,15 16,1,73,,178531,0,15 16,1,30,,178503,0,15 16,1,70,,178500,0,15 16,1,27,,178509,0,15 16,1,70,,178535,0,15 16,1,30,,178523,0,15 16,1,70,,178491,0,15 16,1,30,,178529,0,15 16,1,70,,178515,0,15 16,1,33,,178507,0,15 16,1,70,,178514,0,15 16,1,30,,178501,0,15 16,1,69,,178526,0,15 16,1,15,,178511,0,15 16,1,15,,178536,0,15 16,1,16,,178522,0,15 16,1,56,,178524,0,15 16,1,14,,178528,0,15 16,1,16,,178505,0,15 16,1,16,,178527,0,15 16,1,56,,178498,0,15 16,1,15,,178495,0,15 16,1,14,,178517,0,15 16,1,14,,178521,0,15 16,1,55,,178518,0,15 16,1,30,,178538,0,15 16,1,70,,178493,0,15 16,1,29,,178534,0,15 16,1,65,,178513,0,15 16,1,30,,178510,0,15 16,1,70,,178540,0,15 16,1,28,,178525,0,15 16,1,30,,178512,0,15 16,1,67,,178496,0,15 16,1,29,,178537,0,15 16,1,73,,178490,0,15 16,1,74,,178530,0,15 16,1
5700,'8',919,,178549,0,15 16,1,99,,178541,0,15 16,1,101,,178556,0,15 16,1,101,,178561,0,15 16,1,100,,178543,0,15 16,1,100,,39460,0,15 16,1,100,,178544,0,15 16,1,99,,56173,0,15 16,1,100,,178545,0,15 16,1,100,,91416,0,15 16,1
5700,'9',631,,65268,0,15 16,1,71,,178596,0,15 16,1,30,,178587,0,15 16,1,70,,178592,0,15 16,1,31,,178605,0,15 16,1,73,,178576,0,15 16,1,30,,178563,0,15 16,1,70,,178601,0,15 16,1,27,,178589,0,15 16,1,70,,178566,0,15 16,1,30,,178575,0,15 16,1,70,,178579,0,15 16,1,30,,178572,0,15 16,1,70,,178568,0,15 16,1,33,,178607,0,15 16,1,70,,178608,0,15 16,1,30,,86375,0,15 16,1,69,,178609,0,15 16,1,17,,178590,0,15 16,1,15,,178586,0,15 16,1,16,,178591,0,15 16,1,55,,178594,0,15 16,1,13,,178577,0,15 16,1,16,,178604,0,15 16,1,17,,178581,0,15 16,1,54,,178564,0,15 16,1,14,,178570,0,15 16,1,16,,178580,0,15 16,1,14,,178571,0,15 16,1,55,,178593,0,15 16,1,30,,50573,0,15 16,1,70,,178600,0,15 16,1,29,,46575,0,15 16,1,65,,178574,0,15 16,1,30,,178584,0,15 16,1,70,,178602,0,15 16,1,28,,178569,0,15 16,1,30,,178599,0,15 16,1,67,,178606,0,15 16,1,29,,178565,0,15 16,1,73,,178598,0,15 16,1,74,,178603,0,15 16,1
6800,'1',449,,186950,,,1,61,,186906,,,1,39,,35062,,,1,68,,186905,,,1,25,,186914,,,1,65,,186958,,,1,26,,186946,,,1,21,,186926,,,1,65,,51772,,,1,23,,186949,,,1
6800,'10',452,,186995,,,1,70,,186990,,,1
6800,'11',449,,187016,,,1,61,,187029,,,1,39,,187055,,,1,68,,187062,,,1,25,,39383,,,1,65,,187025,,,1,26,,187044,,,1,21,,187048,,,1,65,,38397,,,1,21,,187049,,,1
6800,'12',449,,187072,,,1,61,,187087,,,1,39,,187109,,,1,68,,187120,,,1,25,,187076,,,1,65,,187083,,,1,26,,187101,,,1,21,,187103,,,1,65,,187084,,,1,21,,187104,,,1
6800,'13',452,,49267,,,1,70,,88539,,,1
6800,'14',449,,187170,,,1,61,,187183,,,1,39,,187209,,,1,68,,187216,,,1,25,,40110,,,1,65,,187179,,,1,26,,187198,,,1,21,,187202,,,1,65,,38680,,,1,21,,187203,,,1
6800,'17',449,,187344,,,1,61,,187303,,,1,39,,187355,,,1,68,,187302,,,1,25,,187311,,,1,65,,59143,,,1,26,,187340,,,1,21,,187321,,,1,65,,187328,,,1,23,,3417,,,1
6800,'18',452,,187389,,,1,70,,187385,,,1
6800,'19',449,,187447,,,1,61,,187406,,,1,39,,187458,,,1,68,,187405,,,1,25,,187414,,,1,65,,58623,,,1,26,,187443,,,1,21,,187424,,,1,65,,187431,,,1,23,,2547,,,1
6800,'2',449,,187466,,,1,61,,187479,,,1,39,,187505,,,1,68,,187512,,,1,25,,39778,,,1,65,,187475,,,1,26,,187494,,,1,21,,187498,,,1,65,,38548,,,1,21,,187499,,,1
6800,'21',449,,187598,,,1,61,,187557,,,1,39,,187609,,,1,68,,187556,,,1,25,,187565,,,1,65,,59092,,,1,26,,187594,,,1,21,,187575,,,1,65,,187582,,,1,23,,3338,,,1
6800,'22',452,,187643,,,1,70,,187638,,,1
6800,'4',449,,187697,,,1,61,,187710,,,1,39,,187736,,,1,68,,187743,,,1,25,,39944,,,1,65,,187706,,,1,26,,187725,,,1,21,,187729,,,1,65,,38614,,,1,21,,187730,,,1
6800,'5',449,,187752,,,1,61,,187765,,,1,39,,187791,,,1,68,,187798,,,1,25,,40027,,,1,65,,187761,,,1,26,,187780,,,1,21,,187784,,,1,65,,38647,,,1,21,,187785,,,1
6800,'6',449,,187807,,,1,61,,187820,,,1,39,,187846,,,1,68,,187853,,,1,25,,38816,,,1,65,,187816,,,1,26,,187835,,,1,21,,187839,,,1,65,,38183,,,1,21,,187840,,,1
6800,'7',449,,187925,,,1,61,,187880,,,1,39,,187899,,,1,68,,187896,,,1,25,,187914,,,1,65,,187910,,,1,24,,187902,,,1,27,,187919,,,1,62,,187881,,,1,22,,187905,,,1
6800,'9',449,,188010,,,1,61,,187970,,,1,39,,188021,,,1,68,,187969,,,1,25,,72115,,,1,65,,188017,,,1,26,,188005,,,1,21,,5284,,,1,65,,187994,,,1,23,,188009,,,1
66500,'11',831,,232602,,,1,2,,232601,,,1
66500,'12',831,,232604,,,1,2,,232603,,,1
66500,'14',831,,232606,,,1,2,,232605,,,1
66500,'2',831,,232608,,,1,2,,232607,,,1
66500,'4',831,,232610,,,1,2,,232609,,,1
66500,'5',831,,232612,,,1,2,,232611,,,1
66500,'6',831,,232614,,,1,2,,232613,,,1
