8001,'1',720,,79313,8,,,1,100,,79319,8,,,1,100,,79314,8,,,1,100,,79318,8,,,1,30,,79328,8,,,1,70,,79320,8,,,1,30,,79334,8,,,1,70,,79330,8,,,1,30,,79317,8,,,1,70,,79325,8,,,1,30,,79315,8,,,1,70,,79329,8,,,1,30,,79324,8,,,1,70,,79332,8,,,1,30,,79316,8,,,1,70,,79326,8,,,1,30,,79322,8,,,1,100,,79312,8,,,1,100,,79331,8,,,1,100,,79333,8,,,1,100,,79323,8,,,1,100,,79327,8,,,1,100,,79321,8,,,1
8001,'10',505,,79373,8,,,1,30,,79335,8,,,1,70,,79347,8,,,1,30,,79367,8,,,1,68,,79391,8,,,1,31,,79341,8,,,1,71,,79350,8,,,1,31,,79380,8,,,1,69,,79364,8,,,1,30,,79379,8,,,1,70,,79358,8,,,1,30,,79384,8,,,1,70,,79377,8,,,1,29,,79337,8,,,1,70,,79336,8,,,1,31,,79344,8,,,1,70,,79338,8,,,1,99,,79390,8,,,1,29,,79395,8,,,1,71,,79345,8,,,1,32,,79355,8,,,1,71,,79352,8,,,1,28,,79340,8,,,1,70,,79394,8,,,1,30,,79372,8,,,1,70,,79353,8,,,1,30,,79387,8,,,1,70,,79368,8,,,1,35,,79369,8,,,1,65,,79361,8,,,1,25,,79385,8,,,1,70,,79360,8,,,1,31,,79393,8,,,1,69,,79388,8,,,1,31,,79378,8,,,1,71,,79382,8,,,1,32,,79370,8,,,1
8001,'11',505,,79436,8,,,1,30,,79398,8,,,1,70,,79410,8,,,1,30,,79430,8,,,1,68,,79454,8,,,1,31,,79404,8,,,1,71,,79413,8,,,1,31,,79443,8,,,1,69,,79427,8,,,1,30,,79442,8,,,1,70,,79421,8,,,1,30,,79447,8,,,1,70,,79440,8,,,1,29,,79400,8,,,1,70,,79399,8,,,1,31,,79407,8,,,1,70,,79401,8,,,1,99,,79453,8,,,1,29,,79458,8,,,1,71,,79408,8,,,1,32,,79418,8,,,1,71,,79415,8,,,1,28,,79403,8,,,1,70,,79457,8,,,1,30,,79435,8,,,1,70,,79416,8,,,1,30,,79450,8,,,1,70,,79431,8,,,1,35,,79432,8,,,1,65,,79424,8,,,1,25,,79448,8,,,1,70,,79423,8,,,1,31,,79456,8,,,1,69,,79451,8,,,1,31,,79441,8,,,1,71,,79445,8,,,1,32,,79433,8,,,1
8001,'12',505,,79499,8,,,1,30,,79461,8,,,1,70,,79473,8,,,1,30,,79493,8,,,1,68,,79517,8,,,1,31,,79467,8,,,1,71,,79476,8,,,1,31,,79506,8,,,1,69,,79490,8,,,1,30,,79505,8,,,1,70,,79484,8,,,1,30,,79510,8,,,1,70,,79503,8,,,1,29,,79463,8,,,1,70,,79462,8,,,1,31,,79470,8,,,1,70,,79464,8,,,1,99,,79516,8,,,1,29,,79521,8,,,1,71,,79471,8,,,1,32,,79481,8,,,1,71,,79478,8,,,1,28,,79466,8,,,1,70,,79520,8,,,1,30,,79498,8,,,1,70,,79479,8,,,1,30,,79513,8,,,1,70,,79494,8,,,1,35,,79495,8,,,1,65,,79487,8,,,1,25,,79511,8,,,1,70,,79486,8,,,1,31,,79519,8,,,1,69,,79514,8,,,1,31,,79504,8,,,1,71,,79508,8,,,1,32,,79496,8,,,1
8001,'13',505,,79583,8,,,1,30,,79548,8,,,1,70,,79529,8,,,1,30,,79524,8,,,1,68,,79528,8,,,1,31,,79525,8,,,1,71,,79588,8,,,1,30,,79578,8,,,1,71,,79557,8,,,1,29,,79538,8,,,1,70,,79571,8,,,1,30,,79585,8,,,1,70,,79542,8,,,1,29,,79553,8,,,1,70,,79545,8,,,1,31,,79526,8,,,1,70,,79577,8,,,1,30,,79559,8,,,1,69,,79573,8,,,1,29,,79547,8,,,1,71,,79581,8,,,1,30,,79576,8,,,1,71,,79541,8,,,1,29,,79546,8,,,1,71,,79527,8,,,1,30,,79574,8,,,1,70,,79540,8,,,1,30,,79554,8,,,1,70,,79533,8,,,1,35,,79534,8,,,1,65,,79570,8,,,1,25,,79580,8,,,1,70,,79539,8,,,1,31,,79564,8,,,1,69,,79543,8,,,1,31,,79551,8,,,1,71,,79563,8,,,1,32,,79566,8,,,1
8001,'14',700,,79612,8,,,1,30,,79592,8,,,1,70,,79595,8,,,1,30,,79594,8,,,1,70,,79607,8,,,1,30,,79593,8,,,1,70,,79598,8,,,1,30,,79605,8,,,1,70,,79600,8,,,1,30,,79596,8,,,1,70,,79614,8,,,1,30,,79615,8,,,1,70,,79597,8,,,1,30,,79621,8,,,1,70,,79591,8,,,1,30,,79611,8,,,1,70,,79617,8,,,1,30,,79623,8,,,1,70,,79599,8,,,1,30,,79590,8,,,1,70,,79619,8,,,1,30,,79603,8,,,1,70,,79589,8,,,1,30,,79602,8,,,1,70,,79618,8,,,1,30,,79608,8,,,1,70,,79604,8,,,1,30,,79610,8,,,1,70,,79613,8,,,1,30,,79606,8,,,1,70,,79622,8,,,1,30,,79616,8,,,1,70,,79609,8,,,1,30,,79601,8,,,1,71,,79620,8,,,1
8001,'15',505,,79662,8,,,1,30,,79624,8,,,1,70,,79636,8,,,1,30,,79656,8,,,1,68,,79680,8,,,1,31,,79630,8,,,1,71,,79639,8,,,1,31,,79669,8,,,1,69,,79653,8,,,1,30,,79668,8,,,1,70,,79647,8,,,1,30,,79673,8,,,1,70,,79666,8,,,1,29,,79626,8,,,1,70,,79625,8,,,1,31,,79633,8,,,1,70,,79627,8,,,1,99,,79679,8,,,1,29,,79684,8,,,1,71,,79634,8,,,1,32,,79644,8,,,1,71,,79641,8,,,1,28,,79629,8,,,1,70,,79683,8,,,1,30,,79661,8,,,1,70,,79642,8,,,1,30,,79676,8,,,1,70,,79657,8,,,1,35,,79658,8,,,1,65,,79650,8,,,1,25,,79674,8,,,1,70,,79649,8,,,1,31,,79682,8,,,1,69,,79677,8,,,1,31,,79667,8,,,1,71,,79671,8,,,1,32,,79659,8,,,1
8001,'16',505,,79725,8,,,1,30,,79687,8,,,1,70,,79699,8,,,1,30,,79719,8,,,1,68,,79743,8,,,1,31,,79693,8,,,1,71,,79702,8,,,1,31,,79732,8,,,1,69,,79716,8,,,1,30,,79731,8,,,1,70,,79710,8,,,1,30,,79736,8,,,1,70,,79729,8,,,1,29,,79689,8,,,1,70,,79688,8,,,1,31,,79696,8,,,1,70,,79690,8,,,1,99,,79742,8,,,1,29,,79747,8,,,1,71,,79697,8,,,1,32,,79707,8,,,1,71,,79704,8,,,1,28,,79692,8,,,1,70,,79746,8,,,1,30,,79724,8,,,1,70,,79705,8,,,1,30,,79739,8,,,1,70,,79720,8,,,1,35,,79721,8,,,1,65,,79713,8,,,1,25,,79737,8,,,1,70,,79712,8,,,1,31,,79745,8,,,1,69,,79740,8,,,1,31,,79730,8,,,1,71,,79734,8,,,1,32,,79722,8,,,1
8001,'17',505,,79809,8,,,1,30,,79774,8,,,1,70,,79755,8,,,1,30,,79750,8,,,1,68,,79754,8,,,1,31,,79751,8,,,1,71,,79814,8,,,1,30,,79804,8,,,1,71,,79783,8,,,1,29,,79764,8,,,1,70,,79797,8,,,1,30,,79811,8,,,1,70,,79768,8,,,1,29,,79779,8,,,1,70,,79771,8,,,1,31,,79752,8,,,1,70,,79803,8,,,1,30,,79785,8,,,1,69,,79799,8,,,1,29,,79773,8,,,1,71,,79807,8,,,1,30,,79802,8,,,1,71,,79767,8,,,1,29,,79772,8,,,1,71,,79753,8,,,1,30,,79800,8,,,1,70,,79766,8,,,1,30,,79780,8,,,1,70,,79759,8,,,1,35,,79760,8,,,1,65,,79796,8,,,1,25,,79806,8,,,1,70,,79765,8,,,1,31,,79790,8,,,1,69,,79769,8,,,1,31,,79777,8,,,1,71,,79789,8,,,1,32,,79792,8,,,1
8001,'18',505,,79841,8,,,1,30,,79878,8,,,1,70,,79870,8,,,1,30,,79858,8,,,1,66,,79879,8,,,1,32,,79863,8,,,1,72,,79822,8,,,1,31,,79846,8,,,1,69,,79835,8,,,1,30,,79836,8,,,1,70,,79819,8,,,1,30,,79826,8,,,1,70,,79877,8,,,1,29,,79844,8,,,1,70,,79817,8,,,1,31,,79843,8,,,1,70,,79861,8,,,1,30,,79862,8,,,1,69,,79830,8,,,1,27,,79875,8,,,1,73,,79860,8,,,1,30,,79857,8,,,1,73,,79833,8,,,1,28,,79828,8,,,1,70,,79873,8,,,1,30,,79842,8,,,1,70,,79832,8,,,1,30,,79837,8,,,1,70,,79849,8,,,1,35,,79874,8,,,1,65,,79821,8,,,1,25,,79869,8,,,1,70,,79852,8,,,1,31,,79854,8,,,1,69,,79816,8,,,1,31,,79864,8,,,1,71,,79850,8,,,1,32,,79829,8,,,1
8001,'19',505,,79939,8,,,1,30,,79904,8,,,1,70,,79885,8,,,1,30,,79880,8,,,1,68,,79884,8,,,1,31,,79881,8,,,1,71,,79944,8,,,1,30,,79934,8,,,1,71,,79913,8,,,1,29,,79894,8,,,1,70,,79927,8,,,1,30,,79941,8,,,1,70,,79898,8,,,1,29,,79909,8,,,1,70,,79901,8,,,1,31,,79882,8,,,1,70,,79933,8,,,1,30,,79915,8,,,1,69,,79929,8,,,1,29,,79903,8,,,1,71,,79937,8,,,1,30,,79932,8,,,1,71,,79897,8,,,1,29,,79902,8,,,1,71,,79883,8,,,1,30,,79930,8,,,1,70,,79896,8,,,1,30,,79910,8,,,1,70,,79889,8,,,1,35,,79890,8,,,1,65,,79926,8,,,1,25,,79936,8,,,1,70,,79895,8,,,1,31,,79920,8,,,1,69,,79899,8,,,1,31,,79907,8,,,1,71,,79919,8,,,1,32,,79922,8,,,1
8001,'2',720,,79946,8,,,1,100,,79952,8,,,1,100,,79947,8,,,1,100,,79951,8,,,1,30,,79961,8,,,1,70,,79953,8,,,1,30,,79967,8,,,1,70,,79963,8,,,1,30,,79950,8,,,1,70,,79958,8,,,1,30,,79948,8,,,1,70,,79962,8,,,1,30,,79957,8,,,1,70,,79965,8,,,1,30,,79949,8,,,1,70,,79959,8,,,1,30,,79955,8,,,1,100,,79945,8,,,1,100,,79964,8,,,1,100,,79966,8,,,1,100,,79956,8,,,1,100,,79960,8,,,1,100,,79954,8,,,1
8001,'3',505,,80006,8,,,1,30,,79968,8,,,1,70,,79980,8,,,1,30,,80000,8,,,1,68,,80024,8,,,1,31,,79974,8,,,1,71,,79983,8,,,1,31,,80013,8,,,1,69,,79997,8,,,1,30,,80012,8,,,1,70,,79991,8,,,1,30,,80017,8,,,1,70,,80010,8,,,1,29,,79970,8,,,1,70,,79969,8,,,1,31,,79977,8,,,1,70,,79971,8,,,1,99,,80023,8,,,1,29,,80028,8,,,1,71,,79978,8,,,1,32,,79988,8,,,1,71,,79985,8,,,1,28,,79973,8,,,1,70,,80027,8,,,1,30,,80005,8,,,1,70,,79986,8,,,1,30,,80020,8,,,1,70,,80001,8,,,1,35,,80002,8,,,1,65,,79994,8,,,1,25,,80018,8,,,1,70,,79993,8,,,1,31,,80026,8,,,1,69,,80021,8,,,1,31,,80011,8,,,1,71,,80015,8,,,1,32,,80003,8,,,1
8001,'4',505,,80069,8,,,1,30,,80031,8,,,1,70,,80043,8,,,1,30,,80063,8,,,1,68,,80087,8,,,1,31,,80037,8,,,1,71,,80046,8,,,1,31,,80076,8,,,1,69,,80060,8,,,1,30,,80075,8,,,1,70,,80054,8,,,1,30,,80080,8,,,1,70,,80073,8,,,1,29,,80033,8,,,1,70,,80032,8,,,1,31,,80040,8,,,1,70,,80034,8,,,1,99,,80086,8,,,1,29,,80091,8,,,1,71,,80041,8,,,1,32,,80051,8,,,1,71,,80048,8,,,1,28,,80036,8,,,1,70,,80090,8,,,1,30,,80068,8,,,1,70,,80049,8,,,1,30,,80083,8,,,1,70,,80064,8,,,1,35,,80065,8,,,1,65,,80057,8,,,1,25,,80081,8,,,1,70,,80056,8,,,1,31,,80089,8,,,1,69,,80084,8,,,1,31,,80074,8,,,1,71,,80078,8,,,1,32,,80066,8,,,1
8001,'5',505,,80153,8,,,1,30,,80118,8,,,1,70,,80099,8,,,1,30,,80094,8,,,1,68,,80098,8,,,1,31,,80095,8,,,1,71,,80158,8,,,1,30,,80148,8,,,1,71,,80127,8,,,1,29,,80108,8,,,1,70,,80141,8,,,1,30,,80155,8,,,1,70,,80112,8,,,1,29,,80123,8,,,1,70,,80115,8,,,1,31,,80096,8,,,1,70,,80147,8,,,1,30,,80129,8,,,1,69,,80143,8,,,1,29,,80117,8,,,1,71,,80151,8,,,1,30,,80146,8,,,1,71,,80111,8,,,1,29,,80116,8,,,1,71,,80097,8,,,1,30,,80144,8,,,1,70,,80110,8,,,1,30,,80124,8,,,1,70,,80103,8,,,1,35,,80104,8,,,1,65,,80140,8,,,1,25,,80150,8,,,1,70,,80109,8,,,1,31,,80134,8,,,1,69,,80113,8,,,1,31,,80121,8,,,1,71,,80133,8,,,1,32,,80136,8,,,1
8001,'6',505,,80197,8,,,1,30,,80159,8,,,1,70,,80171,8,,,1,30,,80191,8,,,1,68,,80215,8,,,1,31,,80165,8,,,1,71,,80174,8,,,1,31,,80204,8,,,1,69,,80188,8,,,1,30,,80203,8,,,1,70,,80182,8,,,1,30,,80208,8,,,1,70,,80201,8,,,1,29,,80161,8,,,1,70,,80160,8,,,1,31,,80168,8,,,1,70,,80162,8,,,1,99,,80214,8,,,1,29,,80219,8,,,1,71,,80169,8,,,1,32,,80179,8,,,1,71,,80176,8,,,1,28,,80164,8,,,1,70,,80218,8,,,1,30,,80196,8,,,1,70,,80177,8,,,1,30,,80211,8,,,1,70,,80192,8,,,1,35,,80193,8,,,1,65,,80185,8,,,1,25,,80209,8,,,1,70,,80184,8,,,1,31,,80217,8,,,1,69,,80212,8,,,1,31,,80202,8,,,1,71,,80206,8,,,1,32,,80194,8,,,1
8001,'7',505,,80281,8,,,1,30,,80246,8,,,1,70,,80227,8,,,1,30,,80222,8,,,1,68,,80226,8,,,1,31,,80223,8,,,1,71,,80286,8,,,1,30,,80276,8,,,1,71,,80255,8,,,1,29,,80236,8,,,1,70,,80269,8,,,1,30,,80283,8,,,1,70,,80240,8,,,1,29,,80251,8,,,1,70,,80243,8,,,1,31,,80224,8,,,1,70,,80275,8,,,1,30,,80257,8,,,1,69,,80271,8,,,1,29,,80245,8,,,1,71,,80279,8,,,1,30,,80274,8,,,1,71,,80239,8,,,1,29,,80244,8,,,1,71,,80225,8,,,1,30,,80272,8,,,1,70,,80238,8,,,1,30,,80252,8,,,1,70,,80231,8,,,1,35,,80232,8,,,1,65,,80268,8,,,1,25,,80278,8,,,1,70,,80237,8,,,1,31,,80262,8,,,1,69,,80241,8,,,1,31,,80249,8,,,1,71,,80261,8,,,1,32,,80264,8,,,1
8001,'8',700,,80310,8,,,1,30,,80290,8,,,1,70,,80293,8,,,1,30,,80292,8,,,1,70,,80305,8,,,1,30,,80291,8,,,1,70,,80296,8,,,1,30,,80303,8,,,1,70,,80298,8,,,1,30,,80294,8,,,1,70,,80312,8,,,1,30,,80313,8,,,1,70,,80295,8,,,1,30,,80319,8,,,1,70,,80289,8,,,1,30,,80309,8,,,1,70,,80315,8,,,1,30,,80321,8,,,1,70,,80297,8,,,1,30,,80288,8,,,1,70,,80317,8,,,1,30,,80301,8,,,1,70,,80287,8,,,1,30,,80300,8,,,1,70,,80316,8,,,1,30,,80306,8,,,1,70,,80302,8,,,1,30,,80308,8,,,1,70,,80311,8,,,1,30,,80304,8,,,1,70,,80320,8,,,1,30,,80314,8,,,1,70,,80307,8,,,1,30,,80299,8,,,1,71,,80318,8,,,1
8001,'9',720,,80323,8,,,1,100,,80329,8,,,1,100,,80324,8,,,1,100,,80328,8,,,1,30,,80338,8,,,1,70,,80330,8,,,1,30,,80344,8,,,1,70,,80340,8,,,1,30,,80327,8,,,1,70,,80335,8,,,1,30,,80325,8,,,1,70,,80339,8,,,1,30,,80334,8,,,1,70,,80342,8,,,1,30,,80326,8,,,1,70,,80336,8,,,1,30,,80332,8,,,1,100,,80322,8,,,1,100,,80341,8,,,1,100,,80343,8,,,1,100,,80333,8,,,1,100,,80337,8,,,1,100,,80331,8,,,1
65901,'10',1525,,119098,11,,,1,7,,119097,11,,,1,6,,119094,11,,,1
65901,'11',1525,,119103,11,,,1,7,,119102,11,,,1,6,,119099,11,,,1
65901,'12',1525,,119108,11,,,1,7,,119107,11,,,1,6,,119104,11,,,1
65901,'15',1525,,119113,11,,,1,7,,119112,11,,,1,6,,119109,11,,,1
65901,'16',1525,,119118,11,,,1,7,,119117,11,,,1,6,,119114,11,,,1
65901,'3',1525,,119123,11,,,1,7,,119122,11,,,1,6,,119119,11,,,1
65901,'4',1525,,119128,11,,,1,7,,119127,11,,,1,6,,119124,11,,,1
65901,'6',1525,,119133,11,,,1,7,,119132,11,,,1,6,,119129,11,,,1
69901,'10',1602,,120599,11,,,1
69901,'11',1602,,120601,11,,,1
69901,'12',1602,,120603,11,,,1
69901,'15',1602,,120605,11,,,1
69901,'16',1602,,120607,11,,,1
69901,'3',1602,,120609,11,,,1
69901,'4',1602,,120611,11,,,1
69901,'6',1602,,120613,11,,,1
