19800,'1',612,,374449,26,,,0,93,,374450,26,,,0,101,,374452,26,,,0,905,,374453,26,,,0,98,,374451,26,,,0
19800,'11',612,,374456,26,,,0,93,,177134,26,,,0,103,,374454,26,,,0,901,,374455,26,,,0,100,,374457,26,,,0
19800,'13',612,,374460,26,,,0,93,,176488,26,,,0,103,,374458,26,,,0,901,,374459,26,,,0,100,,374461,26,,,0
19800,'14',612,,374464,26,,,0,93,,176824,26,,,0,103,,374462,26,,,0,901,,374463,26,,,0,100,,374465,26,,,0
19800,'2',612,,374467,26,,,0,93,,374468,26,,,0,103,,374466,26,,,0,901,,251289,26,,,0,100,,374469,26,,,0
19800,'3',612,,374472,26,,,0,93,,374473,26,,,0,103,,374470,26,,,0,901,,374471,26,,,0,100,,374474,26,,,0
19800,'4',612,,374477,26,,,0,93,,374479,26,,,0,103,,374478,26,,,0,901,,374476,26,,,0,100,,374475,26,,,0
19800,'5',612,,374482,26,,,0,93,,374483,26,,,0,103,,374480,26,,,0,901,,374481,26,,,0,100,,374484,26,,,0
19800,'6',612,,374487,26,,,0,93,,177049,26,,,0,103,,374485,26,,,0,901,,374486,26,,,0,100,,374488,26,,,0
19800,'7',612,,374490,26,,,0,93,,374491,26,,,0,103,,374489,26,,,0,901,,251219,26,,,0,100,,374492,26,,,0
19800,'9',612,,374495,26,,,0,93,,176875,26,,,0,103,,374493,26,,,0,901,,374494,26,,,0,100,,374496,26,,,0
