16300,'1',612,,198603,14,,,1,35,,198618,14,,,1,70,,198606,14,,,1,30,,74152,14,,,1,72,,198613,14,,,1,28,,198614,14,,,1,67,,101192,14,,,1,25,,88017,14,,,1,70,,198602,14,,,1,30,,198619,14,,,1,70,,198623,14,,,1,30,,198624,14,,,1,70,,198611,14,,,1,30,,198616,14,,,1,70,,198617,14,,,1,30,,198621,14,,,1,70,,198622,14,,,1,29,,198609,14,,,1,84,,198610,14,,,1,30,,198625,14,,,1,70,,198620,14,,,1,99,,198612,14,,,1,30,,198608,14,,,1,70,,198601,14,,,1,21,,33774,14,,,1,70,,198607,14,,,1,30,,198605,14,,,1,70,,198615,14,,,1,25,,198604,14,,,1,100,,28427,14,,,1,100,,26990,14,,,1
16300,'10',639,,56675,14,,,1,105,,198629,14,,,1,101,,198637,14,,,1,96,,198632,14,,,1,95,,198639,14,,,1,100,,198638,14,,,1,100,,198628,14,,,1,100,,198634,14,,,1,100,,198627,14,,,1,113,,198636,14,,,1,100,,106472,14,,,1,99,,86627,14,,,1,97,,198635,14,,,1,94,,198626,14,,,1,100,,198631,14,,,1,100,,198633,14,,,1,98,,198630,14,,,1
16300,'11',733,,198650,14,,,1,70,,198649,14,,,1,100,,198648,14,,,1,30,,51433,14,,,1,70,,198642,14,,,1,30,,198643,14,,,1,70,,39526,14,,,1,30,,198654,14,,,1,70,,198640,14,,,1,30,,88192,14,,,1,70,,198653,14,,,1,30,,50099,14,,,1,70,,198655,14,,,1,30,,198647,14,,,1,70,,198651,14,,,1,30,,198644,14,,,1,70,,198646,14,,,1,30,,198645,14,,,1,70,,198656,14,,,1,30,,198652,14,,,1,100,,198641,14,,,1,100,,44049,14,,,1
16300,'12',612,,198681,14,,,1,35,,198661,14,,,1,70,,198676,14,,,1,30,,198683,14,,,1,71,,198674,14,,,1,29,,198680,14,,,1,67,,86318,14,,,1,25,,198660,14,,,1,70,,198662,14,,,1,30,,33763,14,,,1,70,,198673,14,,,1,30,,198667,14,,,1,70,,87145,14,,,1,30,,198671,14,,,1,70,,198665,14,,,1,30,,198682,14,,,1,70,,198659,14,,,1,34,,198663,14,,,1,79,,57165,14,,,1,30,,198677,14,,,1,70,,198675,14,,,1,30,,198668,14,,,1,69,,198672,14,,,1,30,,198658,14,,,1,70,,198666,14,,,1,21,,198669,14,,,1,70,,198678,14,,,1,30,,198664,14,,,1,70,,42669,14,,,1,25,,198679,14,,,1,100,,198657,14,,,1,100,,198670,14,,,1
16300,'13',733,,198695,14,,,1,70,,198694,14,,,1,100,,198692,14,,,1,30,,198691,14,,,1,70,,198686,14,,,1,30,,198687,14,,,1,70,,198699,14,,,1,30,,198697,14,,,1,70,,37762,14,,,1,30,,198689,14,,,1,70,,198696,14,,,1,30,,198684,14,,,1,70,,198698,14,,,1,30,,37800,14,,,1,70,,78515,14,,,1,30,,198688,14,,,1,70,,198690,14,,,1,30,,99548,14,,,1,70,,198700,14,,,1,30,,69591,14,,,1,100,,198685,14,,,1,100,,198693,14,,,1
16300,'14',612,,23192,14,,,1,35,,198705,14,,,1,70,,198721,14,,,1,30,,96461,14,,,1,71,,198719,14,,,1,29,,7549,14,,,1,67,,198715,14,,,1,25,,198704,14,,,1,70,,198707,14,,,1,30,,198724,14,,,1,70,,198718,14,,,1,30,,198712,14,,,1,70,,198717,14,,,1,30,,198716,14,,,1,70,,198710,14,,,1,30,,12385,14,,,1,70,,198702,14,,,1,34,,198708,14,,,1,79,,198706,14,,,1,30,,198722,14,,,1,70,,198720,14,,,1,30,,198713,14,,,1,69,,99853,14,,,1,30,,198701,14,,,1,70,,198711,14,,,1,21,,198714,14,,,1,70,,198723,14,,,1,30,,198709,14,,,1,70,,198703,14,,,1,25,,26433,14,,,1,100,,63258,14,,,1,100,,82610,14,,,1
16300,'15',612,,23393,14,,,1,35,,198729,14,,,1,70,,198745,14,,,1,30,,96842,14,,,1,71,,198743,14,,,1,29,,7762,14,,,1,67,,198739,14,,,1,25,,198728,14,,,1,70,,198731,14,,,1,30,,198748,14,,,1,70,,198742,14,,,1,30,,198736,14,,,1,70,,198741,14,,,1,30,,198740,14,,,1,70,,198734,14,,,1,30,,12731,14,,,1,70,,198726,14,,,1,34,,198732,14,,,1,79,,198730,14,,,1,30,,198746,14,,,1,70,,198744,14,,,1,30,,198737,14,,,1,69,,100140,14,,,1,30,,198725,14,,,1,70,,198735,14,,,1,21,,198738,14,,,1,70,,198747,14,,,1,30,,198733,14,,,1,70,,198727,14,,,1,25,,26788,14,,,1,100,,63575,14,,,1,100,,82824,14,,,1
16300,'16',612,,198772,14,,,1,35,,198754,14,,,1,70,,198768,14,,,1,30,,198774,14,,,1,71,,198767,14,,,1,29,,198771,14,,,1,67,,198761,14,,,1,25,,198753,14,,,1,70,,198756,14,,,1,30,,198775,14,,,1,70,,198766,14,,,1,30,,198759,14,,,1,70,,198764,14,,,1,30,,198763,14,,,1,70,,198758,14,,,1,30,,198773,14,,,1,70,,198751,14,,,1,34,,107807,14,,,1,79,,198755,14,,,1,30,,94538,14,,,1,70,,34517,14,,,1,30,,88170,14,,,1,69,,198765,14,,,1,30,,198750,14,,,1,70,,25222,14,,,1,21,,198760,14,,,1,70,,198769,14,,,1,30,,198757,14,,,1,70,,198752,14,,,1,25,,198770,14,,,1,100,,198749,14,,,1,100,,198762,14,,,1
16300,'17',612,,198778,14,,,1,35,,198793,14,,,1,70,,198781,14,,,1,30,,74419,14,,,1,72,,198788,14,,,1,28,,198789,14,,,1,67,,101314,14,,,1,25,,88253,14,,,1,70,,198777,14,,,1,30,,198794,14,,,1,70,,198798,14,,,1,30,,198799,14,,,1,70,,198786,14,,,1,30,,198791,14,,,1,70,,198792,14,,,1,30,,198796,14,,,1,70,,198797,14,,,1,29,,198784,14,,,1,84,,198785,14,,,1,30,,198800,14,,,1,70,,198795,14,,,1,99,,198787,14,,,1,30,,198783,14,,,1,70,,198776,14,,,1,21,,33948,14,,,1,70,,198782,14,,,1,30,,198780,14,,,1,70,,198790,14,,,1,25,,198779,14,,,1,100,,28624,14,,,1,100,,27266,14,,,1
16300,'2',612,,198803,14,,,1,35,,198818,14,,,1,70,,198806,14,,,1,30,,74210,14,,,1,72,,198813,14,,,1,28,,198814,14,,,1,67,,101220,14,,,1,25,,88070,14,,,1,70,,198802,14,,,1,30,,198819,14,,,1,70,,198823,14,,,1,30,,198824,14,,,1,70,,198811,14,,,1,30,,198816,14,,,1,70,,198817,14,,,1,30,,198821,14,,,1,70,,198822,14,,,1,29,,198809,14,,,1,84,,198810,14,,,1,30,,198825,14,,,1,70,,198820,14,,,1,99,,198812,14,,,1,30,,198808,14,,,1,70,,198801,14,,,1,21,,33811,14,,,1,70,,198807,14,,,1,30,,198805,14,,,1,70,,198815,14,,,1,25,,198804,14,,,1,100,,28470,14,,,1,100,,27050,14,,,1
16300,'3',612,,23323,14,,,1,35,,198830,14,,,1,70,,198846,14,,,1,30,,96702,14,,,1,71,,198844,14,,,1,29,,7689,14,,,1,67,,198840,14,,,1,25,,198829,14,,,1,70,,198832,14,,,1,30,,198849,14,,,1,70,,198843,14,,,1,30,,198837,14,,,1,70,,198842,14,,,1,30,,198841,14,,,1,70,,198835,14,,,1,30,,12606,14,,,1,70,,198827,14,,,1,34,,198833,14,,,1,79,,198831,14,,,1,30,,198847,14,,,1,70,,198845,14,,,1,30,,198838,14,,,1,69,,100044,14,,,1,30,,198826,14,,,1,70,,198836,14,,,1,21,,198839,14,,,1,70,,198848,14,,,1,30,,198834,14,,,1,70,,198828,14,,,1,25,,26659,14,,,1,100,,63465,14,,,1,100,,82749,14,,,1
16300,'4',703,,198857,14,,,1,100,,198870,14,,,1,30,,198862,14,,,1,70,,198851,14,,,1,30,,198867,14,,,1,70,,198865,14,,,1,30,,198850,14,,,1,70,,198859,14,,,1,30,,198860,14,,,1,70,,198869,14,,,1,30,,66601,14,,,1,70,,198861,14,,,1,30,,198868,14,,,1,70,,198863,14,,,1,30,,198853,14,,,1,70,,198855,14,,,1,30,,20792,14,,,1,70,,198858,14,,,1,30,,37342,14,,,1,70,,198854,14,,,1,30,,198856,14,,,1,100,,198866,14,,,1,100,,35471,14,,,1,100,,198864,14,,,1,100,,198871,14,,,1,100,,198852,14,,,1
16300,'5',612,,17370,14,,,1,35,,198891,14,,,1,70,,198876,14,,,1,30,,198892,14,,,1,72,,198886,14,,,1,28,,198887,14,,,1,67,,198877,14,,,1,25,,198883,14,,,1,70,,198873,14,,,1,30,,17388,14,,,1,70,,198895,14,,,1,30,,198896,14,,,1,70,,198884,14,,,1,30,,103217,14,,,1,70,,198890,14,,,1,30,,114645,14,,,1,70,,198894,14,,,1,29,,198881,14,,,1,84,,198882,14,,,1,30,,198897,14,,,1,70,,198893,14,,,1,99,,198885,14,,,1,30,,84263,14,,,1,70,,198872,14,,,1,21,,198880,14,,,1,70,,198879,14,,,1,30,,198875,14,,,1,70,,198888,14,,,1,25,,198874,14,,,1,100,,198889,14,,,1,100,,198878,14,,,1
16300,'6',612,,198900,14,,,1,35,,198915,14,,,1,70,,198903,14,,,1,30,,74738,14,,,1,72,,198910,14,,,1,28,,198911,14,,,1,67,,101472,14,,,1,25,,88538,14,,,1,70,,198899,14,,,1,30,,198916,14,,,1,70,,198920,14,,,1,30,,198921,14,,,1,70,,198908,14,,,1,30,,198913,14,,,1,70,,198914,14,,,1,30,,198918,14,,,1,70,,198919,14,,,1,29,,198906,14,,,1,84,,198907,14,,,1,30,,198922,14,,,1,70,,198917,14,,,1,99,,198909,14,,,1,30,,198905,14,,,1,70,,198898,14,,,1,21,,34145,14,,,1,70,,198904,14,,,1,30,,198902,14,,,1,70,,198912,14,,,1,25,,198901,14,,,1,100,,28855,14,,,1,100,,27597,14,,,1
16300,'7',703,,198929,14,,,1,100,,198942,14,,,1,30,,198933,14,,,1,70,,198923,14,,,1,30,,198939,14,,,1,70,,198937,14,,,1,30,,51912,14,,,1,70,,21488,14,,,1,30,,198931,14,,,1,70,,198941,14,,,1,30,,198936,14,,,1,70,,198932,14,,,1,30,,63666,14,,,1,70,,198934,14,,,1,30,,198925,14,,,1,70,,198926,14,,,1,30,,198940,14,,,1,70,,198930,14,,,1,30,,198943,14,,,1,70,,72107,14,,,1,30,,198928,14,,,1,100,,198938,14,,,1,100,,198927,14,,,1,100,,198935,14,,,1,100,,97970,14,,,1,100,,198924,14,,,1
16300,'8',612,,198946,14,,,1,35,,198961,14,,,1,70,,198949,14,,,1,30,,74680,14,,,1,72,,198956,14,,,1,28,,198957,14,,,1,67,,101444,14,,,1,25,,88485,14,,,1,70,,198945,14,,,1,30,,198962,14,,,1,70,,198966,14,,,1,30,,198967,14,,,1,70,,198954,14,,,1,30,,198959,14,,,1,70,,198960,14,,,1,30,,198964,14,,,1,70,,198965,14,,,1,29,,198952,14,,,1,84,,198953,14,,,1,30,,198968,14,,,1,70,,198963,14,,,1,99,,198955,14,,,1,30,,198951,14,,,1,70,,198944,14,,,1,21,,34108,14,,,1,70,,198950,14,,,1,30,,198948,14,,,1,70,,198958,14,,,1,25,,198947,14,,,1,100,,28812,14,,,1,100,,27537,14,,,1
16300,'9',733,,198981,14,,,1,70,,198980,14,,,1,100,,29511,14,,,1,30,,198977,14,,,1,70,,75933,14,,,1,30,,198972,14,,,1,70,,198986,14,,,1,30,,198985,14,,,1,70,,198970,14,,,1,30,,198974,14,,,1,70,,198984,14,,,1,30,,198969,14,,,1,70,,75988,14,,,1,30,,198978,14,,,1,70,,198982,14,,,1,30,,198973,14,,,1,70,,198976,14,,,1,30,,198975,14,,,1,70,,113050,14,,,1,30,,198983,14,,,1,100,,198971,14,,,1,100,,198979,14,,,1
26600,'1',539,,204032,14,,,1,81,,119229,14,,,1,83,,204031,14,,,1,100,,78380,14,,,1
26600,'10',539,,204034,14,,,1,79,,204033,14,,,1,41,,98975,14,,,1,144,,204035,14,,,1
26600,'12',539,,204037,14,,,1,81,,66744,14,,,1,81,,204036,14,,,1,102,,204038,14,,,1
26600,'14',539,,204041,14,,,1,81,,204040,14,,,1,81,,204039,14,,,1,102,,28023,14,,,1
26600,'15',539,,204044,14,,,1,81,,204043,14,,,1,81,,204042,14,,,1,102,,28106,14,,,1
26600,'16',539,,204046,14,,,1,81,,204045,14,,,1,81,,96111,14,,,1,102,,204047,14,,,1
26600,'17',539,,204049,14,,,1,81,,119244,14,,,1,83,,204048,14,,,1,100,,78677,14,,,1
26600,'2',539,,204051,14,,,1,81,,119234,14,,,1,83,,204050,14,,,1,100,,78445,14,,,1
26600,'3',539,,204054,14,,,1,81,,204053,14,,,1,81,,204052,14,,,1,102,,28074,14,,,1
26600,'5',539,,69328,14,,,1,81,,204055,14,,,1,83,,104346,14,,,1,100,,204056,14,,,1
26600,'6',539,,204058,14,,,1,81,,119254,14,,,1,83,,204057,14,,,1,100,,79028,14,,,1
26600,'8',539,,204060,14,,,1,81,,119249,14,,,1,83,,204059,14,,,1,100,,78963,14,,,1
