4700,'1',556,,157208,19,,,1,71,,157205,19,,,1,31,,157203,19,,,1,70,,157206,19,,,1,19,,157207,19,,,1,71,,157202,19,,,1,30,,157204,19,,,1
4700,'10',556,,157209,19,,,1,71,,96328,19,,,1,31,,157210,19,,,1,70,,157212,19,,,1,20,,157211,19,,,1,70,,157214,19,,,1,30,,157213,19,,,1
4700,'12',556,,157218,19,,,1,71,,157217,19,,,1,31,,25852,19,,,1,70,,65130,19,,,1,20,,157216,19,,,1,70,,86338,19,,,1,30,,157215,19,,,1
4700,'14',556,,21914,19,,,1,71,,43221,19,,,1,31,,157221,19,,,1,70,,157222,19,,,1,20,,157220,19,,,1,70,,157223,19,,,1,30,,157219,19,,,1
4700,'15',556,,22126,19,,,1,71,,43570,19,,,1,31,,157226,19,,,1,70,,157227,19,,,1,20,,157225,19,,,1,70,,157228,19,,,1,30,,157224,19,,,1
4700,'16',556,,157233,19,,,1,71,,157232,19,,,1,31,,157231,19,,,1,70,,157234,19,,,1,20,,157230,19,,,1,70,,157235,19,,,1,30,,157229,19,,,1
4700,'17',556,,157242,19,,,1,71,,157239,19,,,1,31,,157237,19,,,1,70,,157240,19,,,1,19,,157241,19,,,1,71,,157236,19,,,1,30,,157238,19,,,1
4700,'2',556,,157249,19,,,1,71,,157246,19,,,1,31,,157244,19,,,1,70,,157247,19,,,1,19,,157248,19,,,1,71,,157243,19,,,1,30,,157245,19,,,1
4700,'3',556,,22052,19,,,1,71,,43442,19,,,1,31,,157252,19,,,1,70,,157253,19,,,1,20,,157251,19,,,1,70,,157254,19,,,1,30,,157250,19,,,1
4700,'5',556,,157261,19,,,1,71,,157258,19,,,1,31,,157256,19,,,1,70,,157259,19,,,1,19,,157260,19,,,1,71,,157255,19,,,1,30,,157257,19,,,1
4700,'6',556,,157268,19,,,1,71,,157265,19,,,1,31,,157263,19,,,1,70,,157266,19,,,1,19,,157267,19,,,1,71,,157262,19,,,1,30,,157264,19,,,1
4700,'8',556,,157275,19,,,1,71,,157272,19,,,1,31,,157270,19,,,1,70,,157273,19,,,1,19,,157274,19,,,1,71,,157269,19,,,1,30,,157271,19,,,1
