3100,'1',747,,29807,17,,,1,100,,29820,17,,,1,100,,29797,17,,,1,70,,29800,17,,,1,30,,29805,17,,,1,70,,29819,17,,,1,30,,29799,17,,,1,71,,29808,17,,,1,30,,29814,17,,,1,70,,29809,17,,,1,30,,29818,17,,,1,70,,29802,17,,,1,30,,29815,17,,,1,70,,29812,17,,,1,30,,29817,17,,,1,70,,29810,17,,,1,30,,29803,17,,,1,70,,29811,17,,,1,30,,29813,17,,,1,100,,29816,17,,,1,100,,29806,17,,,1,99,,29801,17,,,1,100,,29804,17,,,1,100,,29798,17,,,1
3100,'10',645,,29847,17,,,1,70,,29848,17,,,1,30,,29827,17,,,1,70,,29831,17,,,1,30,,29854,17,,,1,70,,29836,17,,,1,30,,29832,17,,,1,70,,29841,17,,,1,30,,29823,17,,,1,70,,29833,17,,,1,30,,29829,17,,,1,70,,29842,17,,,1,30,,29840,17,,,1,70,,29826,17,,,1,30,,29853,17,,,1,70,,29839,17,,,1,30,,29821,17,,,1,13,,29845,10,,,1,47,,29825,10,,,1,10,,29844,17,,,1,32,,29834,17,,,1,69,,29822,17,,,1,30,,29843,17,,,1,70,,29837,17,,,1,30,,29824,17,,,1,70,,29828,17,,,1,29,,29851,17,,,1,70,,29852,17,,,1,30,,29838,17,,,1,70,,29846,17,,,1,29,,29830,17,,,1,70,,29850,17,,,1,29,,29835,17,,,1,100,,29849,17,,,1
3100,'11',645,,29881,17,,,1,70,,29882,17,,,1,30,,29861,17,,,1,70,,29865,17,,,1,30,,29888,17,,,1,70,,29870,17,,,1,30,,29866,17,,,1,70,,29875,17,,,1,30,,29857,17,,,1,70,,29867,17,,,1,30,,29863,17,,,1,70,,29876,17,,,1,30,,29874,17,,,1,70,,29860,17,,,1,30,,29887,17,,,1,70,,29873,17,,,1,30,,29855,17,,,1,13,,29879,10,,,1,47,,29859,10,,,1,10,,29878,17,,,1,32,,29868,17,,,1,69,,29856,17,,,1,30,,29877,17,,,1,70,,29871,17,,,1,30,,29858,17,,,1,70,,29862,17,,,1,29,,29885,17,,,1,70,,29886,17,,,1,30,,29872,17,,,1,70,,29880,17,,,1,29,,29864,17,,,1,70,,29884,17,,,1,29,,29869,17,,,1,100,,29883,17,,,1
3100,'12',645,,29915,17,,,1,70,,29916,17,,,1,30,,29895,17,,,1,70,,29899,17,,,1,30,,29922,17,,,1,70,,29904,17,,,1,30,,29900,17,,,1,70,,29909,17,,,1,30,,29891,17,,,1,70,,29901,17,,,1,30,,29897,17,,,1,70,,29910,17,,,1,30,,29908,17,,,1,70,,29894,17,,,1,30,,29921,17,,,1,70,,29907,17,,,1,30,,29889,17,,,1,13,,29913,10,,,1,47,,29893,10,,,1,10,,29912,17,,,1,32,,29902,17,,,1,69,,29890,17,,,1,30,,29911,17,,,1,70,,29905,17,,,1,30,,29892,17,,,1,70,,29896,17,,,1,29,,29919,17,,,1,70,,29920,17,,,1,30,,29906,17,,,1,70,,29914,17,,,1,29,,29898,17,,,1,70,,29918,17,,,1,29,,29903,17,,,1,100,,29917,17,,,1
3100,'13',645,,29926,17,,,1,70,,29948,17,,,1,30,,29942,17,,,1,70,,29925,17,,,1,30,,29954,17,,,1,70,,29934,17,,,1,30,,29939,17,,,1,70,,29935,17,,,1,30,,29931,17,,,1,70,,29941,17,,,1,30,,29949,17,,,1,70,,29924,17,,,1,30,,29951,17,,,1,70,,29945,17,,,1,30,,29940,17,,,1,70,,29927,17,,,1,30,,29932,17,,,1,70,,29950,17,,,1,30,,29947,17,,,1,71,,29929,17,,,1,30,,29930,17,,,1,70,,29928,17,,,1,30,,29953,17,,,1,70,,29946,17,,,1,29,,29938,17,,,1,70,,29937,17,,,1,30,,29923,17,,,1,70,,29933,17,,,1,29,,29944,17,,,1,70,,29943,17,,,1,29,,29936,17,,,1,100,,29952,17,,,1
3100,'14',714,,29979,17,,,1,30,,29974,17,,,1,70,,29955,17,,,1,30,,29976,17,,,1,70,,29981,17,,,1,30,,29986,17,,,1,70,,29985,17,,,1,30,,29984,17,,,1,70,,29968,17,,,1,30,,29963,17,,,1,71,,29983,17,,,1,30,,29959,17,,,1,70,,29970,17,,,1,30,,29969,17,,,1,70,,29971,17,,,1,30,,29980,17,,,1,70,,29964,17,,,1,30,,29982,17,,,1,70,,29975,17,,,1,30,,29960,17,,,1,70,,29967,17,,,1,30,,29987,17,,,1,70,,29956,17,,,1,30,,29961,17,,,1,70,,29966,17,,,1,30,,29957,17,,,1,69,,29973,17,,,1,30,,29958,17,,,1,70,,29977,17,,,1,30,,29978,17,,,1,70,,29965,17,,,1,30,,29972,17,,,1,70,,29962,17,,,1
3100,'15',645,,30014,17,,,1,70,,30015,17,,,1,30,,29994,17,,,1,70,,29998,17,,,1,30,,30021,17,,,1,70,,30003,17,,,1,30,,29999,17,,,1,70,,30008,17,,,1,30,,29990,17,,,1,70,,30000,17,,,1,30,,29996,17,,,1,70,,30009,17,,,1,30,,30007,17,,,1,70,,29993,17,,,1,30,,30020,17,,,1,70,,30006,17,,,1,30,,29988,17,,,1,13,,30012,10,,,1,47,,29992,10,,,1,10,,30011,17,,,1,32,,30001,17,,,1,69,,29989,17,,,1,30,,30010,17,,,1,70,,30004,17,,,1,30,,29991,17,,,1,70,,29995,17,,,1,29,,30018,17,,,1,70,,30019,17,,,1,30,,30005,17,,,1,70,,30013,17,,,1,29,,29997,17,,,1,70,,30017,17,,,1,29,,30002,17,,,1,100,,30016,17,,,1
3100,'16',645,,30048,17,,,1,70,,30049,17,,,1,30,,30028,17,,,1,70,,30032,17,,,1,30,,30055,17,,,1,70,,30037,17,,,1,30,,30033,17,,,1,70,,30042,17,,,1,30,,30024,17,,,1,70,,30034,17,,,1,30,,30030,17,,,1,70,,30043,17,,,1,30,,30041,17,,,1,70,,30027,17,,,1,30,,30054,17,,,1,70,,30040,17,,,1,30,,30022,17,,,1,13,,30046,10,,,1,47,,30026,10,,,1,10,,30045,17,,,1,32,,30035,17,,,1,69,,30023,17,,,1,30,,30044,17,,,1,70,,30038,17,,,1,30,,30025,17,,,1,70,,30029,17,,,1,29,,30052,17,,,1,70,,30053,17,,,1,30,,30039,17,,,1,70,,30047,17,,,1,29,,30031,17,,,1,70,,30051,17,,,1,29,,30036,17,,,1,100,,30050,17,,,1
3100,'17',645,,30059,17,,,1,70,,30081,17,,,1,30,,30075,17,,,1,70,,30058,17,,,1,30,,30087,17,,,1,70,,30067,17,,,1,30,,30072,17,,,1,70,,30068,17,,,1,30,,30064,17,,,1,70,,30074,17,,,1,30,,30082,17,,,1,70,,30057,17,,,1,30,,30084,17,,,1,70,,30078,17,,,1,30,,30073,17,,,1,70,,30060,17,,,1,30,,30065,17,,,1,70,,30083,17,,,1,30,,30080,17,,,1,71,,30062,17,,,1,30,,30063,17,,,1,70,,30061,17,,,1,30,,30086,17,,,1,70,,30079,17,,,1,29,,30071,17,,,1,70,,30070,17,,,1,30,,30056,17,,,1,70,,30066,17,,,1,29,,30077,17,,,1,70,,30076,17,,,1,29,,30069,17,,,1,100,,30085,17,,,1
3100,'18',645,,30096,17,,,1,70,,30114,17,,,1,30,,30107,17,,,1,70,,30110,17,,,1,30,,30099,17,,,1,70,,30113,17,,,1,30,,30112,17,,,1,70,,30105,17,,,1,30,,30094,17,,,1,70,,30119,17,,,1,30,,30098,17,,,1,70,,30090,17,,,1,30,,30104,17,,,1,70,,30118,17,,,1,30,,30089,17,,,1,70,,30101,17,,,1,30,,30102,17,,,1,70,,30097,17,,,1,31,,30092,17,,,1,72,,30115,17,,,1,28,,30111,17,,,1,70,,30091,17,,,1,30,,30093,17,,,1,70,,30106,17,,,1,29,,30109,17,,,1,70,,30108,17,,,1,30,,30095,17,,,1,70,,30116,17,,,1,29,,30117,17,,,1,70,,30088,17,,,1,29,,30100,17,,,1,100,,30103,17,,,1
3100,'19',645,,30123,17,,,1,70,,30145,17,,,1,30,,30139,17,,,1,70,,30122,17,,,1,30,,30151,17,,,1,70,,30131,17,,,1,30,,30136,17,,,1,70,,30132,17,,,1,30,,30128,17,,,1,70,,30138,17,,,1,30,,30146,17,,,1,70,,30121,17,,,1,30,,30148,17,,,1,70,,30142,17,,,1,30,,30137,17,,,1,70,,30124,17,,,1,30,,30129,17,,,1,70,,30147,17,,,1,30,,30144,17,,,1,71,,30126,17,,,1,30,,30127,17,,,1,70,,30125,17,,,1,30,,30150,17,,,1,70,,30143,17,,,1,29,,30135,17,,,1,70,,30134,17,,,1,30,,30120,17,,,1,70,,30130,17,,,1,29,,30141,17,,,1,70,,30140,17,,,1,29,,30133,17,,,1,100,,30149,17,,,1
3100,'2',747,,30162,17,,,1,100,,30175,17,,,1,100,,30152,17,,,1,70,,30155,17,,,1,30,,30160,17,,,1,70,,30174,17,,,1,30,,30154,17,,,1,71,,30163,17,,,1,30,,30169,17,,,1,70,,30164,17,,,1,30,,30173,17,,,1,70,,30157,17,,,1,30,,30170,17,,,1,70,,30167,17,,,1,30,,30172,17,,,1,70,,30165,17,,,1,30,,30158,17,,,1,70,,30166,17,,,1,30,,30168,17,,,1,100,,30171,17,,,1,100,,30161,17,,,1,99,,30156,17,,,1,100,,30159,17,,,1,100,,30153,17,,,1
3100,'3',645,,30202,17,,,1,70,,30203,17,,,1,30,,30182,17,,,1,70,,30186,17,,,1,30,,30209,17,,,1,70,,30191,17,,,1,30,,30187,17,,,1,70,,30196,17,,,1,30,,30178,17,,,1,70,,30188,17,,,1,30,,30184,17,,,1,70,,30197,17,,,1,30,,30195,17,,,1,70,,30181,17,,,1,30,,30208,17,,,1,70,,30194,17,,,1,30,,30176,17,,,1,13,,30200,10,,,1,47,,30180,10,,,1,10,,30199,17,,,1,32,,30189,17,,,1,69,,30177,17,,,1,30,,30198,17,,,1,70,,30192,17,,,1,30,,30179,17,,,1,70,,30183,17,,,1,29,,30206,17,,,1,70,,30207,17,,,1,30,,30193,17,,,1,70,,30201,17,,,1,29,,30185,17,,,1,70,,30205,17,,,1,29,,30190,17,,,1,100,,30204,17,,,1
3100,'4',645,,30236,17,,,1,70,,30237,17,,,1,30,,30216,17,,,1,70,,30220,17,,,1,30,,30243,17,,,1,70,,30225,17,,,1,30,,30221,17,,,1,70,,30230,17,,,1,30,,30212,17,,,1,70,,30222,17,,,1,30,,30218,17,,,1,70,,30231,17,,,1,30,,30229,17,,,1,70,,30215,17,,,1,30,,30242,17,,,1,70,,30228,17,,,1,30,,30210,17,,,1,13,,30234,10,,,1,47,,30214,10,,,1,10,,30233,17,,,1,32,,30223,17,,,1,69,,30211,17,,,1,30,,30232,17,,,1,70,,30226,17,,,1,30,,30213,17,,,1,70,,30217,17,,,1,29,,30240,17,,,1,70,,30241,17,,,1,30,,30227,17,,,1,70,,30235,17,,,1,29,,30219,17,,,1,70,,30239,17,,,1,29,,30224,17,,,1,100,,30238,17,,,1
3100,'5',645,,30247,17,,,1,70,,30269,17,,,1,30,,30263,17,,,1,70,,30246,17,,,1,30,,30275,17,,,1,70,,30255,17,,,1,30,,30260,17,,,1,70,,30256,17,,,1,30,,30252,17,,,1,70,,30262,17,,,1,30,,30270,17,,,1,70,,30245,17,,,1,30,,30272,17,,,1,70,,30266,17,,,1,30,,30261,17,,,1,70,,30248,17,,,1,30,,30253,17,,,1,70,,30271,17,,,1,30,,30268,17,,,1,71,,30250,17,,,1,30,,30251,17,,,1,70,,30249,17,,,1,30,,30274,17,,,1,70,,30267,17,,,1,29,,30259,17,,,1,70,,30258,17,,,1,30,,30244,17,,,1,70,,30254,17,,,1,29,,30265,17,,,1,70,,30264,17,,,1,29,,30257,17,,,1,100,,30273,17,,,1
3100,'6',645,,30302,17,,,1,70,,30303,17,,,1,30,,30282,17,,,1,70,,30286,17,,,1,30,,30309,17,,,1,70,,30291,17,,,1,30,,30287,17,,,1,70,,30296,17,,,1,30,,30278,17,,,1,70,,30288,17,,,1,30,,30284,17,,,1,70,,30297,17,,,1,30,,30295,17,,,1,70,,30281,17,,,1,30,,30308,17,,,1,70,,30294,17,,,1,30,,30276,17,,,1,13,,30300,10,,,1,47,,30280,10,,,1,10,,30299,17,,,1,32,,30289,17,,,1,69,,30277,17,,,1,30,,30298,17,,,1,70,,30292,17,,,1,30,,30279,17,,,1,70,,30283,17,,,1,29,,30306,17,,,1,70,,30307,17,,,1,30,,30293,17,,,1,70,,30301,17,,,1,29,,30285,17,,,1,70,,30305,17,,,1,29,,30290,17,,,1,100,,30304,17,,,1
3100,'7',645,,30313,17,,,1,70,,30335,17,,,1,30,,30329,17,,,1,70,,30312,17,,,1,30,,30341,17,,,1,70,,30321,17,,,1,30,,30326,17,,,1,70,,30322,17,,,1,30,,30318,17,,,1,70,,30328,17,,,1,30,,30336,17,,,1,70,,30311,17,,,1,30,,30338,17,,,1,70,,30332,17,,,1,30,,30327,17,,,1,70,,30314,17,,,1,30,,30319,17,,,1,70,,30337,17,,,1,30,,30334,17,,,1,71,,30316,17,,,1,30,,30317,17,,,1,70,,30315,17,,,1,30,,30340,17,,,1,70,,30333,17,,,1,29,,30325,17,,,1,70,,30324,17,,,1,30,,30310,17,,,1,70,,30320,17,,,1,29,,30331,17,,,1,70,,30330,17,,,1,29,,30323,17,,,1,100,,30339,17,,,1
3100,'8',714,,30366,17,,,1,30,,30361,17,,,1,70,,30342,17,,,1,30,,30363,17,,,1,70,,30368,17,,,1,30,,30373,17,,,1,70,,30372,17,,,1,30,,30371,17,,,1,70,,30355,17,,,1,30,,30350,17,,,1,71,,30370,17,,,1,30,,30346,17,,,1,70,,30357,17,,,1,30,,30356,17,,,1,70,,30358,17,,,1,30,,30367,17,,,1,70,,30351,17,,,1,30,,30369,17,,,1,70,,30362,17,,,1,30,,30347,17,,,1,70,,30354,17,,,1,30,,30374,17,,,1,70,,30343,17,,,1,30,,30348,17,,,1,70,,30353,17,,,1,30,,30344,17,,,1,69,,30360,17,,,1,30,,30345,17,,,1,70,,30364,17,,,1,30,,30365,17,,,1,70,,30352,17,,,1,30,,30359,17,,,1,70,,30349,17,,,1
3100,'9',747,,30385,17,,,1,100,,30398,17,,,1,100,,30375,17,,,1,70,,30378,17,,,1,30,,30383,17,,,1,70,,30397,17,,,1,30,,30377,17,,,1,71,,30386,17,,,1,30,,30392,17,,,1,70,,30387,17,,,1,30,,30396,17,,,1,70,,30380,17,,,1,30,,30393,17,,,1,70,,30390,17,,,1,30,,30395,17,,,1,70,,30388,17,,,1,30,,30381,17,,,1,70,,30389,17,,,1,30,,30391,17,,,1,100,,30394,17,,,1,100,,30384,17,,,1,99,,30379,17,,,1,100,,30382,17,,,1,100,,30376,17,,,1
3400,'1',800,,32508,40,,,1,100,,32513,40,,,1,56,,32510,40,,,1,70,,32504,40,,,1,30,,32505,40,,,1,70,,32512,40,,,1,30,,32509,40,,,1,70,,32515,40,,,1,30,,32521,40,,,1,70,,32503,40,,,1,30,,32517,40,,,1,70,,32518,40,,,1,30,,32522,40,,,1,70,,32516,40,,,1,82,,32514,40,,,1,18,,32507,40,,,1,30,,32520,40,,,1,70,,32523,40,,,1,30,,32511,40,,,1,70,,32519,40,,,1,83,,32506,40,,,1
3400,'10',554,,32543,43,,,1,75,,32553,40,,,1,71,,32557,40,,,1,31,,32556,40,,,1,70,,32541,40,,,1,30,,32527,40,,,1,69,,32540,40,,,1,30,,32530,40,,,1,28,,32538,40,,,1,69,,32546,40,,,1,30,,32524,40,,,1,70,,32549,40,,,1,30,,32531,40,,,1,70,,32545,40,,,1,31,,32544,40,,,1,70,,32528,40,,,1,30,,32532,40,,,1,70,,32529,40,,,1,30,,32534,40,,,1,74,,32539,40,,,1,70,,32542,40,,,1,30,,32548,40,,,1,27,,32558,40,,,1,70,,32525,40,,,1,29,,32551,40,,,1,70,,32554,40,,,1,30,,32526,40,,,1,70,,32555,40,,,1,30,,32536,40,,,1,70,,32535,40,,,1,30,,32537,40,,,1,70,,32550,40,,,1,30,,32547,40,,,1
3400,'11',554,,32578,43,,,1,75,,32588,40,,,1,71,,32592,40,,,1,31,,32591,40,,,1,70,,32576,40,,,1,30,,32562,40,,,1,69,,32575,40,,,1,30,,32565,40,,,1,28,,32573,40,,,1,69,,32581,40,,,1,30,,32559,40,,,1,70,,32584,40,,,1,30,,32566,40,,,1,70,,32580,40,,,1,31,,32579,40,,,1,70,,32563,40,,,1,30,,32567,40,,,1,70,,32564,40,,,1,30,,32569,40,,,1,74,,32574,40,,,1,70,,32577,40,,,1,30,,32583,40,,,1,27,,32593,40,,,1,70,,32560,40,,,1,29,,32586,40,,,1,70,,32589,40,,,1,30,,32561,40,,,1,70,,32590,40,,,1,30,,32571,40,,,1,70,,32570,40,,,1,30,,32572,40,,,1,70,,32585,40,,,1,30,,32582,40,,,1
3400,'12',554,,32613,43,,,1,75,,32623,40,,,1,71,,32627,40,,,1,31,,32626,40,,,1,70,,32611,40,,,1,30,,32597,40,,,1,69,,32610,40,,,1,30,,32600,40,,,1,28,,32608,40,,,1,69,,32616,40,,,1,30,,32594,40,,,1,70,,32619,40,,,1,30,,32601,40,,,1,70,,32615,40,,,1,31,,32614,40,,,1,70,,32598,40,,,1,30,,32602,40,,,1,70,,32599,40,,,1,30,,32604,40,,,1,74,,32609,40,,,1,70,,32612,40,,,1,30,,32618,40,,,1,27,,32628,40,,,1,70,,32595,40,,,1,29,,32621,40,,,1,70,,32624,40,,,1,30,,32596,40,,,1,70,,32625,40,,,1,30,,32606,40,,,1,70,,32605,40,,,1,30,,32607,40,,,1,70,,32620,40,,,1,30,,32617,40,,,1
3400,'13',554,,32644,43,,,1,75,,32653,40,,,1,71,,32650,40,,,1,31,,32654,40,,,1,70,,32637,40,,,1,30,,32659,40,,,1,69,,32660,40,,,1,30,,32635,40,,,1,28,,32636,40,,,1,69,,32656,40,,,1,30,,32655,40,,,1,70,,32640,40,,,1,30,,32629,40,,,1,70,,32642,40,,,1,31,,32630,40,,,1,70,,32646,40,,,1,30,,32651,40,,,1,70,,32632,40,,,1,30,,32631,40,,,1,74,,32649,40,,,1,70,,32645,40,,,1,30,,32647,40,,,1,27,,32638,40,,,1,70,,32639,40,,,1,29,,32634,40,,,1,70,,32641,40,,,1,30,,32657,40,,,1,70,,32643,40,,,1,30,,32661,40,,,1,70,,32652,40,,,1,30,,32648,40,,,1,70,,32633,40,,,1,30,,32658,40,,,1
3400,'14',710,,32674,40,,,1,100,,32679,40,,,1,30,,32670,40,,,1,70,,32677,40,,,1,30,,32665,40,,,1,70,,32685,40,,,1,30,,32663,40,,,1,70,,32664,40,,,1,30,,32683,40,,,1,70,,32675,40,,,1,30,,32676,40,,,1,70,,32669,40,,,1,30,,32673,40,,,1,70,,32662,40,,,1,30,,32667,40,,,1,70,,32684,40,,,1,30,,32682,40,,,1,70,,32680,40,,,1,30,,32671,40,,,1,70,,32668,40,,,1,30,,32687,40,,,1,70,,32681,40,,,1,30,,32672,40,,,1,70,,32686,40,,,1,30,,32666,40,,,1,75,,32678,40,,,1
3400,'15',554,,32707,43,,,1,75,,32717,40,,,1,71,,32721,40,,,1,31,,32720,40,,,1,70,,32705,40,,,1,30,,32691,40,,,1,69,,32704,40,,,1,30,,32694,40,,,1,28,,32702,40,,,1,69,,32710,40,,,1,30,,32688,40,,,1,70,,32713,40,,,1,30,,32695,40,,,1,70,,32709,40,,,1,31,,32708,40,,,1,70,,32692,40,,,1,30,,32696,40,,,1,70,,32693,40,,,1,30,,32698,40,,,1,74,,32703,40,,,1,70,,32706,40,,,1,30,,32712,40,,,1,27,,32722,40,,,1,70,,32689,40,,,1,29,,32715,40,,,1,70,,32718,40,,,1,30,,32690,40,,,1,70,,32719,40,,,1,30,,32700,40,,,1,70,,32699,40,,,1,30,,32701,40,,,1,70,,32714,40,,,1,30,,32711,40,,,1
3400,'16',554,,32742,43,,,1,75,,32752,40,,,1,71,,32756,40,,,1,31,,32755,40,,,1,70,,32740,40,,,1,30,,32726,40,,,1,69,,32739,40,,,1,30,,32729,40,,,1,28,,32737,40,,,1,69,,32745,40,,,1,30,,32723,40,,,1,70,,32748,40,,,1,30,,32730,40,,,1,70,,32744,40,,,1,31,,32743,40,,,1,70,,32727,40,,,1,30,,32731,40,,,1,70,,32728,40,,,1,30,,32733,40,,,1,74,,32738,40,,,1,70,,32741,40,,,1,30,,32747,40,,,1,27,,32757,40,,,1,70,,32724,40,,,1,29,,32750,40,,,1,70,,32753,40,,,1,30,,32725,40,,,1,70,,32754,40,,,1,30,,32735,40,,,1,70,,32734,40,,,1,30,,32736,40,,,1,70,,32749,40,,,1,30,,32746,40,,,1
3400,'17',554,,32773,43,,,1,75,,32782,40,,,1,71,,32779,40,,,1,31,,32783,40,,,1,70,,32766,40,,,1,30,,32788,40,,,1,69,,32789,40,,,1,30,,32764,40,,,1,28,,32765,40,,,1,69,,32785,40,,,1,30,,32784,40,,,1,70,,32769,40,,,1,30,,32758,40,,,1,70,,32771,40,,,1,31,,32759,40,,,1,70,,32775,40,,,1,30,,32780,40,,,1,70,,32761,40,,,1,30,,32760,40,,,1,74,,32778,40,,,1,70,,32774,40,,,1,30,,32776,40,,,1,27,,32767,40,,,1,70,,32768,40,,,1,29,,32763,40,,,1,70,,32770,40,,,1,30,,32786,40,,,1,70,,32772,40,,,1,30,,32790,40,,,1,70,,32781,40,,,1,30,,32777,40,,,1,70,,32762,40,,,1,30,,32787,40,,,1
3400,'18',554,,32816,43,,,1,75,,32812,40,,,1,71,,32796,40,,,1,31,,32794,40,,,1,70,,32808,40,,,1,30,,32795,40,,,1,69,,32813,40,,,1,30,,32823,40,,,1,28,,32806,40,,,1,69,,32799,40,,,1,30,,32820,40,,,1,70,,32804,40,,,1,30,,32814,40,,,1,70,,32802,40,,,1,31,,32811,40,,,1,70,,32819,40,,,1,30,,32793,40,,,1,70,,32810,40,,,1,30,,32818,40,,,1,74,,32792,40,,,1,70,,32817,40,,,1,30,,32805,40,,,1,27,,32797,40,,,1,70,,32821,40,,,1,29,,32807,40,,,1,70,,32791,40,,,1,30,,32801,40,,,1,70,,32822,40,,,1,30,,32798,40,,,1,70,,32815,40,,,1,30,,32800,40,,,1,70,,32803,40,,,1,30,,32809,40,,,1
3400,'19',554,,32839,43,,,1,75,,32848,40,,,1,71,,32845,40,,,1,31,,32849,40,,,1,70,,32832,40,,,1,30,,32854,40,,,1,69,,32855,40,,,1,30,,32830,40,,,1,28,,32831,40,,,1,69,,32851,40,,,1,30,,32850,40,,,1,70,,32835,40,,,1,30,,32824,40,,,1,70,,32837,40,,,1,31,,32825,40,,,1,70,,32841,40,,,1,30,,32846,40,,,1,70,,32827,40,,,1,30,,32826,40,,,1,74,,32844,40,,,1,70,,32840,40,,,1,30,,32842,40,,,1,27,,32833,40,,,1,70,,32834,40,,,1,29,,32829,40,,,1,70,,32836,40,,,1,30,,32852,40,,,1,70,,32838,40,,,1,30,,32856,40,,,1,70,,32847,40,,,1,30,,32843,40,,,1,70,,32828,40,,,1,30,,32853,40,,,1
3400,'2',800,,32862,40,,,1,100,,32867,40,,,1,56,,32864,40,,,1,70,,32858,40,,,1,30,,32859,40,,,1,70,,32866,40,,,1,30,,32863,40,,,1,70,,32869,40,,,1,30,,32875,40,,,1,70,,32857,40,,,1,30,,32871,40,,,1,70,,32872,40,,,1,30,,32876,40,,,1,70,,32870,40,,,1,82,,32868,40,,,1,18,,32861,40,,,1,30,,32874,40,,,1,70,,32877,40,,,1,30,,32865,40,,,1,70,,32873,40,,,1,83,,32860,40,,,1
3400,'3',554,,32897,43,,,1,75,,32907,40,,,1,71,,32911,40,,,1,31,,32910,40,,,1,70,,32895,40,,,1,30,,32881,40,,,1,69,,32894,40,,,1,30,,32884,40,,,1,28,,32892,40,,,1,69,,32900,40,,,1,30,,32878,40,,,1,70,,32903,40,,,1,30,,32885,40,,,1,70,,32899,40,,,1,31,,32898,40,,,1,70,,32882,40,,,1,30,,32886,40,,,1,70,,32883,40,,,1,30,,32888,40,,,1,74,,32893,40,,,1,70,,32896,40,,,1,30,,32902,40,,,1,27,,32912,40,,,1,70,,32879,40,,,1,29,,32905,40,,,1,70,,32908,40,,,1,30,,32880,40,,,1,70,,32909,40,,,1,30,,32890,40,,,1,70,,32889,40,,,1,30,,32891,40,,,1,70,,32904,40,,,1,30,,32901,40,,,1
3400,'4',554,,32932,43,,,1,75,,32942,40,,,1,71,,32946,40,,,1,31,,32945,40,,,1,70,,32930,40,,,1,30,,32916,40,,,1,69,,32929,40,,,1,30,,32919,40,,,1,28,,32927,40,,,1,69,,32935,40,,,1,30,,32913,40,,,1,70,,32938,40,,,1,30,,32920,40,,,1,70,,32934,40,,,1,31,,32933,40,,,1,70,,32917,40,,,1,30,,32921,40,,,1,70,,32918,40,,,1,30,,32923,40,,,1,74,,32928,40,,,1,70,,32931,40,,,1,30,,32937,40,,,1,27,,32947,40,,,1,70,,32914,40,,,1,29,,32940,40,,,1,70,,32943,40,,,1,30,,32915,40,,,1,70,,32944,40,,,1,30,,32925,40,,,1,70,,32924,40,,,1,30,,32926,40,,,1,70,,32939,40,,,1,30,,32936,40,,,1
3400,'5',554,,32963,43,,,1,75,,32972,40,,,1,71,,32969,40,,,1,31,,32973,40,,,1,70,,32956,40,,,1,30,,32978,40,,,1,69,,32979,40,,,1,30,,32954,40,,,1,28,,32955,40,,,1,69,,32975,40,,,1,30,,32974,40,,,1,70,,32959,40,,,1,30,,32948,40,,,1,70,,32961,40,,,1,31,,32949,40,,,1,70,,32965,40,,,1,30,,32970,40,,,1,70,,32951,40,,,1,30,,32950,40,,,1,74,,32968,40,,,1,70,,32964,40,,,1,30,,32966,40,,,1,27,,32957,40,,,1,70,,32958,40,,,1,29,,32953,40,,,1,70,,32960,40,,,1,30,,32976,40,,,1,70,,32962,40,,,1,30,,32980,40,,,1,70,,32971,40,,,1,30,,32967,40,,,1,70,,32952,40,,,1,30,,32977,40,,,1
3400,'6',554,,33000,43,,,1,75,,33010,40,,,1,71,,33014,40,,,1,31,,33013,40,,,1,70,,32998,40,,,1,30,,32984,40,,,1,69,,32997,40,,,1,30,,32987,40,,,1,28,,32995,40,,,1,69,,33003,40,,,1,30,,32981,40,,,1,70,,33006,40,,,1,30,,32988,40,,,1,70,,33002,40,,,1,31,,33001,40,,,1,70,,32985,40,,,1,30,,32989,40,,,1,70,,32986,40,,,1,30,,32991,40,,,1,74,,32996,40,,,1,70,,32999,40,,,1,30,,33005,40,,,1,27,,33015,40,,,1,70,,32982,40,,,1,29,,33008,40,,,1,70,,33011,40,,,1,30,,32983,40,,,1,70,,33012,40,,,1,30,,32993,40,,,1,70,,32992,40,,,1,30,,32994,40,,,1,70,,33007,40,,,1,30,,33004,40,,,1
3400,'7',554,,33031,43,,,1,75,,33040,40,,,1,71,,33037,40,,,1,31,,33041,40,,,1,70,,33024,40,,,1,30,,33046,40,,,1,69,,33047,40,,,1,30,,33022,40,,,1,28,,33023,40,,,1,69,,33043,40,,,1,30,,33042,40,,,1,70,,33027,40,,,1,30,,33016,40,,,1,70,,33029,40,,,1,31,,33017,40,,,1,70,,33033,40,,,1,30,,33038,40,,,1,70,,33019,40,,,1,30,,33018,40,,,1,74,,33036,40,,,1,70,,33032,40,,,1,30,,33034,40,,,1,27,,33025,40,,,1,70,,33026,40,,,1,29,,33021,40,,,1,70,,33028,40,,,1,30,,33044,40,,,1,70,,33030,40,,,1,30,,33048,40,,,1,70,,33039,40,,,1,30,,33035,40,,,1,70,,33020,40,,,1,30,,33045,40,,,1
3400,'8',710,,33061,40,,,1,100,,33066,40,,,1,30,,33057,40,,,1,70,,33064,40,,,1,30,,33052,40,,,1,70,,33072,40,,,1,30,,33050,40,,,1,70,,33051,40,,,1,30,,33070,40,,,1,70,,33062,40,,,1,30,,33063,40,,,1,70,,33056,40,,,1,30,,33060,40,,,1,70,,33049,40,,,1,30,,33054,40,,,1,70,,33071,40,,,1,30,,33069,40,,,1,70,,33067,40,,,1,30,,33058,40,,,1,70,,33055,40,,,1,30,,33074,40,,,1,70,,33068,40,,,1,30,,33059,40,,,1,70,,33073,40,,,1,30,,33053,40,,,1,75,,33065,40,,,1
3400,'9',800,,33080,40,,,1,100,,33085,40,,,1,56,,33082,40,,,1,70,,33076,40,,,1,30,,33077,40,,,1,70,,33084,40,,,1,30,,33081,40,,,1,70,,33087,40,,,1,30,,33093,40,,,1,70,,33075,40,,,1,30,,33089,40,,,1,70,,33090,40,,,1,30,,33094,40,,,1,70,,33088,40,,,1,82,,33086,40,,,1,18,,33079,40,,,1,30,,33092,40,,,1,70,,33095,40,,,1,30,,33083,40,,,1,70,,33091,40,,,1,83,,33078,40,,,1
