6300,'1',633,,67446,,,1,22,,67436,,,1,56,,67426,,,1,17,,67448,,,1,15,,67429,,,1,57,,67427,,,1,16,,67419,,,1,14,,67440,,,1,15,,67442,,,1,71,,67437,,,1,30,,67452,,,1,68,,67454,,,1,28,,67433,,,1,70,,67423,,,1,31,,67420,,,1,70,,67409,,,1,31,,67430,,,1,66,,67449,,,1,30,,67414,,,1,72,,67455,,,1,30,,67451,,,1,68,,67425,,,1,31,,67424,,,1,15,,67412,,,1,55,,67417,,,1,17,,67411,,,1,15,,67438,,,1,70,,67422,,,1,16,,67450,,,1,15,,67434,,,1,15,,67435,,,1,55,,67418,,,1,11,,67421,,,1,15,,67453,,,1,15,,67410,,,1,69,,67415,,,1,32,,67432,,,1,70,,67443,,,1,30,,67439,,,1,70,,67428,,,1,30,,67445,,,1,69,,67431,,,1,28,,67444,,,1,70,,67413,,,1,30,,67441,,,1,80,,67416,,,1
6300,'10',633,,67498,,,1,22,,67468,,,1,56,,67492,,,1,17,,67464,,,1,15,,67456,,,1,57,,67490,,,1,14,,67484,,,1,16,,67461,,,1,17,,67481,,,1,71,,67496,,,1,28,,67497,,,1,68,,67483,,,1,28,,67462,,,1,70,,67491,,,1,31,,67500,,,1,70,,67460,,,1,31,,67457,,,1,66,,67463,,,1,30,,67469,,,1,72,,67486,,,1,30,,67473,,,1,68,,67478,,,1,31,,67501,,,1,15,,67480,,,1,55,,67477,,,1,15,,67458,,,1,15,,67479,,,1,17,,67494,,,1,55,,67495,,,1,16,,67499,,,1,15,,67459,,,1,15,,67465,,,1,55,,67503,,,1,13,,67487,,,1,13,,67470,,,1,15,,67485,,,1,69,,67475,,,1,32,,67493,,,1,70,,67488,,,1,30,,67476,,,1,70,,67482,,,1,30,,67489,,,1,69,,67471,,,1,28,,67467,,,1,70,,67466,,,1,30,,67472,,,1,80,,67474,,,1
6300,'11',633,,67541,,,1,22,,67531,,,1,56,,67521,,,1,17,,67543,,,1,15,,67524,,,1,57,,67522,,,1,16,,67514,,,1,14,,67535,,,1,15,,67537,,,1,71,,67532,,,1,30,,67547,,,1,68,,67549,,,1,28,,67528,,,1,70,,67518,,,1,31,,67515,,,1,70,,67504,,,1,31,,67525,,,1,66,,67544,,,1,30,,67509,,,1,72,,67550,,,1,30,,67546,,,1,68,,67520,,,1,31,,67519,,,1,15,,67507,,,1,55,,67512,,,1,17,,67506,,,1,15,,67533,,,1,70,,67517,,,1,16,,67545,,,1,15,,67529,,,1,15,,67530,,,1,55,,67513,,,1,11,,67516,,,1,15,,67548,,,1,15,,67505,,,1,69,,67510,,,1,32,,67527,,,1,70,,67538,,,1,30,,67534,,,1,70,,67523,,,1,30,,67540,,,1,69,,67526,,,1,28,,67539,,,1,70,,67508,,,1,30,,67536,,,1,80,,67511,,,1
6300,'12',633,,67561,,,1,22,,67594,,,1,56,,67554,,,1,17,,67553,,,1,15,,67595,,,1,57,,67593,,,1,14,,67573,,,1,16,,67596,,,1,17,,67590,,,1,71,,67570,,,1,28,,67586,,,1,68,,67583,,,1,28,,67571,,,1,70,,67566,,,1,31,,67575,,,1,70,,67591,,,1,31,,67569,,,1,66,,67578,,,1,30,,67576,,,1,72,,67555,,,1,30,,67589,,,1,68,,67568,,,1,31,,67580,,,1,15,,67560,,,1,55,,67597,,,1,17,,67551,,,1,15,,67577,,,1,15,,67565,,,1,55,,67587,,,1,16,,67572,,,1,16,,67588,,,1,56,,67585,,,1,13,,67563,,,1,13,,67557,,,1,13,,67564,,,1,15,,67584,,,1,69,,67581,,,1,32,,67559,,,1,70,,67567,,,1,30,,67558,,,1,70,,67574,,,1,30,,67556,,,1,69,,67579,,,1,28,,67552,,,1,70,,67598,,,1,30,,67562,,,1,80,,67582,,,1
6300,'13',812,,67621,,,1,104,,67614,,,1,100,,67607,,,1,103,,67601,,,1,30,,67602,,,1,70,,67619,,,1,30,,67624,,,1,70,,67603,,,1,30,,67613,,,1,70,,67611,,,1,30,,67615,,,1,70,,67609,,,1,30,,67600,,,1,70,,67627,,,1,30,,67625,,,1,70,,67599,,,1,30,,67605,,,1,70,,67610,,,1,30,,67616,,,1,70,,67608,,,1,30,,67626,,,1,70,,67606,,,1,30,,67620,,,1,68,,67617,,,1,30,,67618,,,1,70,,67622,,,1,30,,67612,,,1,68,,67623,,,1,100,,67604,,,1
6300,'14',812,,67650,,,1,104,,67643,,,1,100,,67636,,,1,103,,67630,,,1,30,,67631,,,1,70,,67648,,,1,30,,67653,,,1,70,,67632,,,1,30,,67642,,,1,70,,67640,,,1,30,,67644,,,1,70,,67638,,,1,30,,67629,,,1,70,,67656,,,1,30,,67654,,,1,70,,67628,,,1,30,,67634,,,1,70,,67639,,,1,30,,67645,,,1,70,,67637,,,1,30,,67655,,,1,70,,67635,,,1,30,,67649,,,1,68,,67646,,,1,30,,67647,,,1,70,,67651,,,1,30,,67641,,,1,68,,67652,,,1,100,,67633,,,1
6300,'15',633,,67699,,,1,22,,67669,,,1,56,,67693,,,1,17,,67665,,,1,15,,67657,,,1,57,,67691,,,1,14,,67685,,,1,16,,67662,,,1,17,,67682,,,1,71,,67697,,,1,28,,67698,,,1,68,,67684,,,1,28,,67663,,,1,70,,67692,,,1,31,,67701,,,1,70,,67661,,,1,31,,67658,,,1,66,,67664,,,1,30,,67670,,,1,72,,67687,,,1,30,,67674,,,1,68,,67679,,,1,31,,67702,,,1,15,,67681,,,1,55,,67678,,,1,15,,67659,,,1,15,,67680,,,1,17,,67695,,,1,55,,67696,,,1,16,,67700,,,1,15,,67660,,,1,15,,67666,,,1,55,,67704,,,1,13,,67688,,,1,13,,67671,,,1,15,,67686,,,1,69,,67676,,,1,32,,67694,,,1,70,,67689,,,1,30,,67677,,,1,70,,67683,,,1,30,,67690,,,1,69,,67672,,,1,28,,67668,,,1,70,,67667,,,1,30,,67673,,,1,80,,67675,,,1
6300,'16',633,,67742,,,1,22,,67732,,,1,56,,67722,,,1,17,,67744,,,1,15,,67725,,,1,57,,67723,,,1,16,,67715,,,1,14,,67736,,,1,15,,67738,,,1,71,,67733,,,1,30,,67748,,,1,68,,67750,,,1,28,,67729,,,1,70,,67719,,,1,31,,67716,,,1,70,,67705,,,1,31,,67726,,,1,66,,67745,,,1,30,,67710,,,1,72,,67751,,,1,30,,67747,,,1,68,,67721,,,1,31,,67720,,,1,15,,67708,,,1,55,,67713,,,1,17,,67707,,,1,15,,67734,,,1,70,,67718,,,1,16,,67746,,,1,15,,67730,,,1,15,,67731,,,1,55,,67714,,,1,11,,67717,,,1,15,,67749,,,1,15,,67706,,,1,69,,67711,,,1,32,,67728,,,1,70,,67739,,,1,30,,67735,,,1,70,,67724,,,1,30,,67741,,,1,69,,67727,,,1,28,,67740,,,1,70,,67709,,,1,30,,67737,,,1,80,,67712,,,1
6300,'17',812,,67774,,,1,104,,67767,,,1,100,,67760,,,1,103,,67754,,,1,30,,67755,,,1,70,,67772,,,1,30,,67777,,,1,70,,67756,,,1,30,,67766,,,1,70,,67764,,,1,30,,67768,,,1,70,,67762,,,1,30,,67753,,,1,70,,67780,,,1,30,,67778,,,1,70,,67752,,,1,30,,67758,,,1,70,,67763,,,1,30,,67769,,,1,70,,67761,,,1,30,,67779,,,1,70,,67759,,,1,30,,67773,,,1,68,,67770,,,1,30,,67771,,,1,70,,67775,,,1,30,,67765,,,1,68,,67776,,,1,100,,67757,,,1
6300,'18',725,,67794,,,1,30,,67796,,,1,70,,67800,,,1,31,,67784,,,1,70,,67792,,,1,30,,67783,,,1,70,,67812,,,1,33,,67781,,,1,70,,67793,,,1,30,,67801,,,1,70,,67789,,,1,30,,67803,,,1,70,,67786,,,1,30,,67805,,,1,70,,67787,,,1,30,,67799,,,1,70,,67806,,,1,30,,67808,,,1,70,,67810,,,1,30,,67811,,,1,70,,67785,,,1,30,,67790,,,1,70,,67791,,,1,30,,67798,,,1,70,,67782,,,1,30,,67797,,,1,70,,67814,,,1,28,,67809,,,1,70,,67804,,,1,30,,67813,,,1,70,,67802,,,1,28,,67788,,,1,70,,67807,,,1,30,,67795,,,1
6300,'19',725,,67828,,,1,30,,67830,,,1,70,,67834,,,1,31,,67818,,,1,70,,67826,,,1,30,,67817,,,1,70,,67846,,,1,33,,67815,,,1,70,,67827,,,1,30,,67835,,,1,70,,67823,,,1,30,,67837,,,1,70,,67820,,,1,30,,67839,,,1,70,,67821,,,1,30,,67833,,,1,70,,67840,,,1,30,,67842,,,1,70,,67844,,,1,30,,67845,,,1,70,,67819,,,1,30,,67824,,,1,70,,67825,,,1,30,,67832,,,1,70,,67816,,,1,30,,67831,,,1,70,,67848,,,1,28,,67843,,,1,70,,67838,,,1,30,,67847,,,1,70,,67836,,,1,28,,67822,,,1,70,,67841,,,1,30,,67829,,,1
6300,'2',812,,67871,,,1,104,,67864,,,1,100,,67857,,,1,103,,67851,,,1,30,,67852,,,1,70,,67869,,,1,30,,67874,,,1,70,,67853,,,1,30,,67863,,,1,70,,67861,,,1,30,,67865,,,1,70,,67859,,,1,30,,67850,,,1,70,,67877,,,1,30,,67875,,,1,70,,67849,,,1,30,,67855,,,1,70,,67860,,,1,30,,67866,,,1,70,,67858,,,1,30,,67876,,,1,70,,67856,,,1,30,,67870,,,1,68,,67867,,,1,30,,67868,,,1,70,,67872,,,1,30,,67862,,,1,68,,67873,,,1,100,,67854,,,1
6300,'20',633,,67915,,,1,22,,67905,,,1,56,,67895,,,1,17,,67917,,,1,15,,67898,,,1,57,,67896,,,1,16,,67888,,,1,14,,67909,,,1,15,,67911,,,1,71,,67906,,,1,30,,67921,,,1,68,,67923,,,1,28,,67902,,,1,70,,67892,,,1,31,,67889,,,1,70,,67878,,,1,31,,67899,,,1,66,,67918,,,1,30,,67883,,,1,72,,67924,,,1,30,,67920,,,1,68,,67894,,,1,31,,67893,,,1,15,,67881,,,1,55,,67886,,,1,17,,67880,,,1,15,,67907,,,1,70,,67891,,,1,16,,67919,,,1,15,,67903,,,1,15,,67904,,,1,55,,67887,,,1,11,,67890,,,1,15,,67922,,,1,15,,67879,,,1,69,,67884,,,1,32,,67901,,,1,70,,67912,,,1,30,,67908,,,1,70,,67897,,,1,30,,67914,,,1,69,,67900,,,1,28,,67913,,,1,70,,67882,,,1,30,,67910,,,1,80,,67885,,,1
6300,'3',633,,67962,,,1,22,,67952,,,1,56,,67942,,,1,17,,67964,,,1,15,,67945,,,1,57,,67943,,,1,16,,67935,,,1,14,,67956,,,1,15,,67958,,,1,71,,67953,,,1,30,,67968,,,1,68,,67970,,,1,28,,67949,,,1,70,,67939,,,1,31,,67936,,,1,70,,67925,,,1,31,,67946,,,1,66,,67965,,,1,30,,67930,,,1,72,,67971,,,1,30,,67967,,,1,68,,67941,,,1,31,,67940,,,1,15,,67928,,,1,55,,67933,,,1,17,,67927,,,1,15,,67954,,,1,70,,67938,,,1,16,,67966,,,1,15,,67950,,,1,15,,67951,,,1,55,,67934,,,1,11,,67937,,,1,15,,67969,,,1,15,,67926,,,1,69,,67931,,,1,32,,67948,,,1,70,,67959,,,1,30,,67955,,,1,70,,67944,,,1,30,,67961,,,1,69,,67947,,,1,28,,67960,,,1,70,,67929,,,1,30,,67957,,,1,80,,67932,,,1
6300,'4',633,,68009,,,1,22,,67999,,,1,56,,67989,,,1,17,,68011,,,1,15,,67992,,,1,57,,67990,,,1,16,,67982,,,1,14,,68003,,,1,15,,68005,,,1,71,,68000,,,1,30,,68015,,,1,68,,68017,,,1,28,,67996,,,1,70,,67986,,,1,31,,67983,,,1,70,,67972,,,1,31,,67993,,,1,66,,68012,,,1,30,,67977,,,1,72,,68018,,,1,30,,68014,,,1,68,,67988,,,1,31,,67987,,,1,15,,67975,,,1,55,,67980,,,1,17,,67974,,,1,15,,68001,,,1,70,,67985,,,1,16,,68013,,,1,15,,67997,,,1,15,,67998,,,1,55,,67981,,,1,11,,67984,,,1,15,,68016,,,1,15,,67973,,,1,69,,67978,,,1,32,,67995,,,1,70,,68006,,,1,30,,68002,,,1,70,,67991,,,1,30,,68008,,,1,69,,67994,,,1,28,,68007,,,1,70,,67976,,,1,30,,68004,,,1,80,,67979,,,1
6300,'5',633,,68056,,,1,22,,68046,,,1,56,,68036,,,1,17,,68058,,,1,15,,68039,,,1,57,,68037,,,1,16,,68029,,,1,14,,68050,,,1,15,,68052,,,1,71,,68047,,,1,30,,68062,,,1,68,,68064,,,1,28,,68043,,,1,70,,68033,,,1,31,,68030,,,1,70,,68019,,,1,31,,68040,,,1,66,,68059,,,1,30,,68024,,,1,72,,68065,,,1,30,,68061,,,1,68,,68035,,,1,31,,68034,,,1,15,,68022,,,1,55,,68027,,,1,17,,68021,,,1,15,,68048,,,1,70,,68032,,,1,16,,68060,,,1,15,,68044,,,1,15,,68045,,,1,55,,68028,,,1,11,,68031,,,1,15,,68063,,,1,15,,68020,,,1,69,,68025,,,1,32,,68042,,,1,70,,68053,,,1,30,,68049,,,1,70,,68038,,,1,30,,68055,,,1,69,,68041,,,1,28,,68054,,,1,70,,68023,,,1,30,,68051,,,1,80,,68026,,,1
6300,'6',633,,68103,,,1,22,,68093,,,1,56,,68083,,,1,17,,68105,,,1,15,,68086,,,1,57,,68084,,,1,16,,68076,,,1,14,,68097,,,1,15,,68099,,,1,71,,68094,,,1,30,,68109,,,1,68,,68111,,,1,28,,68090,,,1,70,,68080,,,1,31,,68077,,,1,70,,68066,,,1,31,,68087,,,1,66,,68106,,,1,30,,68071,,,1,72,,68112,,,1,30,,68108,,,1,68,,68082,,,1,31,,68081,,,1,15,,68069,,,1,55,,68074,,,1,17,,68068,,,1,15,,68095,,,1,70,,68079,,,1,16,,68107,,,1,15,,68091,,,1,15,,68092,,,1,55,,68075,,,1,11,,68078,,,1,15,,68110,,,1,15,,68067,,,1,69,,68072,,,1,32,,68089,,,1,70,,68100,,,1,30,,68096,,,1,70,,68085,,,1,30,,68102,,,1,69,,68088,,,1,28,,68101,,,1,70,,68070,,,1,30,,68098,,,1,80,,68073,,,1
6300,'7',633,,68155,,,1,22,,68125,,,1,56,,68149,,,1,17,,68121,,,1,15,,68113,,,1,57,,68147,,,1,14,,68141,,,1,16,,68118,,,1,17,,68138,,,1,71,,68153,,,1,28,,68154,,,1,68,,68140,,,1,28,,68119,,,1,70,,68148,,,1,31,,68157,,,1,70,,68117,,,1,31,,68114,,,1,66,,68120,,,1,30,,68126,,,1,72,,68143,,,1,30,,68130,,,1,68,,68135,,,1,31,,68158,,,1,15,,68137,,,1,55,,68134,,,1,15,,68115,,,1,15,,68136,,,1,17,,68151,,,1,55,,68152,,,1,16,,68156,,,1,15,,68116,,,1,15,,68122,,,1,55,,68160,,,1,13,,68144,,,1,13,,68127,,,1,15,,68142,,,1,69,,68132,,,1,32,,68150,,,1,70,,68145,,,1,30,,68133,,,1,70,,68139,,,1,30,,68146,,,1,69,,68128,,,1,28,,68124,,,1,70,,68123,,,1,30,,68129,,,1,80,,68131,,,1
6300,'8',633,,68203,,,1,22,,68173,,,1,56,,68197,,,1,17,,68169,,,1,15,,68161,,,1,57,,68195,,,1,14,,68189,,,1,16,,68166,,,1,17,,68186,,,1,71,,68201,,,1,28,,68202,,,1,68,,68188,,,1,28,,68167,,,1,70,,68196,,,1,31,,68205,,,1,70,,68165,,,1,31,,68162,,,1,66,,68168,,,1,30,,68174,,,1,72,,68191,,,1,30,,68178,,,1,68,,68183,,,1,31,,68206,,,1,15,,68185,,,1,55,,68182,,,1,15,,68163,,,1,15,,68184,,,1,17,,68199,,,1,55,,68200,,,1,16,,68204,,,1,15,,68164,,,1,15,,68170,,,1,55,,68208,,,1,13,,68192,,,1,13,,68175,,,1,15,,68190,,,1,69,,68180,,,1,32,,68198,,,1,70,,68193,,,1,30,,68181,,,1,70,,68187,,,1,30,,68194,,,1,69,,68176,,,1,28,,68172,,,1,70,,68171,,,1,30,,68177,,,1,80,,68179,,,1
6300,'9',633,,68251,,,1,22,,68221,,,1,56,,68245,,,1,17,,68217,,,1,15,,68209,,,1,57,,68243,,,1,14,,68237,,,1,16,,68214,,,1,17,,68234,,,1,71,,68249,,,1,28,,68250,,,1,68,,68236,,,1,28,,68215,,,1,70,,68244,,,1,31,,68253,,,1,70,,68213,,,1,31,,68210,,,1,66,,68216,,,1,30,,68222,,,1,72,,68239,,,1,30,,68226,,,1,68,,68231,,,1,31,,68254,,,1,15,,68233,,,1,55,,68230,,,1,15,,68211,,,1,15,,68232,,,1,17,,68247,,,1,55,,68248,,,1,16,,68252,,,1,15,,68212,,,1,15,,68218,,,1,55,,68256,,,1,13,,68240,,,1,13,,68223,,,1,15,,68238,,,1,69,,68228,,,1,32,,68246,,,1,70,,68241,,,1,30,,68229,,,1,70,,68235,,,1,30,,68242,,,1,69,,68224,,,1,28,,68220,,,1,70,,68219,,,1,30,,68225,,,1,80,,68227,,,1
6301,'1',527,,68279,,,1,30,,68270,,,1,55,,68260,,,1,14,,68275,,,1,16,,68286,,,1,10,,68267,,,1,53,,68285,,,1,13,,68272,,,1,19,,68296,,,1,13,,68278,,,1,57,,68280,,,1,20,,68295,,,1,14,,68263,,,1,70,,68302,,,1,30,,68299,,,1,70,,68269,,,1,30,,68300,,,1,65,,68303,,,1,30,,68257,,,1,70,,68264,,,1,30,,68274,,,1,70,,68297,,,1,30,,68265,,,1,70,,68294,,,1,30,,68258,,,1,70,,68262,,,1,30,,68305,,,1,70,,68306,,,1,15,,68281,,,1,15,,68304,,,1,15,,68268,,,1,55,,68298,,,1,15,,68282,,,1,30,,68291,,,1,55,,68301,,,1,15,,68271,,,1,15,,68289,,,1,15,,68292,,,1,55,,68287,,,1,15,,68284,,,1,30,,68276,,,1,70,,68261,,,1,30,,68277,,,1,70,,68283,,,1,30,,68290,,,1,70,,68259,,,1,30,,68293,,,1,70,,68273,,,1,30,,68266,,,1
6301,'10',527,,68318,,,1,30,,68344,,,1,55,,68333,,,1,13,,68336,,,1,15,,68348,,,1,10,,68309,,,1,55,,68339,,,1,14,,68349,,,1,18,,68335,,,1,13,,68332,,,1,57,,68308,,,1,21,,68343,,,1,13,,68345,,,1,70,,68330,,,1,30,,68315,,,1,70,,68310,,,1,30,,68355,,,1,65,,68321,,,1,30,,68307,,,1,70,,68329,,,1,30,,68312,,,1,70,,68317,,,1,30,,68311,,,1,70,,68314,,,1,30,,68334,,,1,70,,68350,,,1,29,,68326,,,1,71,,68337,,,1,15,,68356,,,1,13,,68353,,,1,17,,68347,,,1,55,,68322,,,1,15,,68324,,,1,15,,68352,,,1,15,,68341,,,1,55,,68340,,,1,15,,68338,,,1,15,,68351,,,1,15,,68346,,,1,55,,68357,,,1,15,,68342,,,1,30,,68325,,,1,70,,68354,,,1,30,,68328,,,1,70,,68323,,,1,30,,68327,,,1,70,,68319,,,1,30,,68316,,,1,70,,68320,,,1,30,,68313,,,1
6301,'11',527,,68380,,,1,30,,68371,,,1,55,,68361,,,1,14,,68376,,,1,16,,68387,,,1,10,,68368,,,1,53,,68386,,,1,13,,68373,,,1,19,,68397,,,1,13,,68379,,,1,57,,68381,,,1,20,,68396,,,1,14,,68364,,,1,70,,68403,,,1,30,,68400,,,1,70,,68370,,,1,30,,68401,,,1,65,,68404,,,1,30,,68358,,,1,70,,68365,,,1,30,,68375,,,1,70,,68398,,,1,30,,68366,,,1,70,,68395,,,1,30,,68359,,,1,70,,68363,,,1,30,,68406,,,1,70,,68407,,,1,15,,68382,,,1,15,,68405,,,1,15,,68369,,,1,55,,68399,,,1,15,,68383,,,1,30,,68392,,,1,55,,68402,,,1,15,,68372,,,1,15,,68390,,,1,15,,68393,,,1,55,,68388,,,1,15,,68385,,,1,30,,68377,,,1,70,,68362,,,1,30,,68378,,,1,70,,68384,,,1,30,,68391,,,1,70,,68360,,,1,30,,68394,,,1,70,,68374,,,1,30,,68367,,,1
6301,'12',527,,68433,,,1,30,,68452,,,1,54,,68414,,,1,14,,68418,,,1,15,,68410,,,1,12,,68428,,,1,53,,68437,,,1,15,,68426,,,1,17,,68451,,,1,15,,68435,,,1,55,,68458,,,1,20,,68424,,,1,14,,68442,,,1,70,,68436,,,1,30,,68411,,,1,70,,68415,,,1,30,,68439,,,1,65,,68429,,,1,30,,68430,,,1,70,,68440,,,1,30,,68423,,,1,70,,68448,,,1,30,,68409,,,1,70,,68419,,,1,30,,68443,,,1,68,,68417,,,1,32,,68453,,,1,68,,68441,,,1,15,,68455,,,1,15,,68449,,,1,17,,68456,,,1,55,,68434,,,1,15,,68446,,,1,15,,68438,,,1,15,,68413,,,1,56,,68445,,,1,14,,68454,,,1,15,,68444,,,1,15,,68421,,,1,55,,68422,,,1,15,,68408,,,1,30,,68425,,,1,70,,68457,,,1,30,,68420,,,1,70,,68431,,,1,30,,68416,,,1,70,,68432,,,1,30,,68427,,,1,70,,68447,,,1,30,,68450,,,1
6301,'13',722,,68482,,,1,100,,68473,,,1,100,,68486,,,1,101,,68487,,,1,30,,68477,,,1,70,,68485,,,1,30,,68469,,,1,70,,68480,,,1,30,,68470,,,1,70,,68483,,,1,30,,68462,,,1,70,,68461,,,1,30,,68472,,,1,70,,68478,,,1,30,,68465,,,1,70,,68475,,,1,30,,68466,,,1,70,,68468,,,1,30,,68481,,,1,70,,68460,,,1,30,,68459,,,1,70,,68463,,,1,30,,68471,,,1,70,,68479,,,1,30,,68467,,,1,70,,68474,,,1,30,,68464,,,1,70,,68476,,,1,100,,68484,,,1
6301,'14',722,,68511,,,1,100,,68502,,,1,100,,68515,,,1,101,,68516,,,1,30,,68506,,,1,70,,68514,,,1,30,,68498,,,1,70,,68509,,,1,30,,68499,,,1,70,,68512,,,1,30,,68491,,,1,70,,68490,,,1,30,,68501,,,1,70,,68507,,,1,30,,68494,,,1,70,,68504,,,1,30,,68495,,,1,70,,68497,,,1,30,,68510,,,1,70,,68489,,,1,30,,68488,,,1,70,,68492,,,1,30,,68500,,,1,70,,68508,,,1,30,,68496,,,1,70,,68503,,,1,30,,68493,,,1,70,,68505,,,1,100,,68513,,,1
6301,'15',527,,68528,,,1,30,,68554,,,1,55,,68543,,,1,13,,68546,,,1,15,,68558,,,1,10,,68519,,,1,55,,68549,,,1,14,,68559,,,1,18,,68545,,,1,13,,68542,,,1,57,,68518,,,1,21,,68553,,,1,13,,68555,,,1,70,,68540,,,1,30,,68525,,,1,70,,68520,,,1,30,,68565,,,1,65,,68531,,,1,30,,68517,,,1,70,,68539,,,1,30,,68522,,,1,70,,68527,,,1,30,,68521,,,1,70,,68524,,,1,30,,68544,,,1,70,,68560,,,1,29,,68536,,,1,71,,68547,,,1,15,,68566,,,1,13,,68563,,,1,17,,68557,,,1,55,,68532,,,1,15,,68534,,,1,15,,68562,,,1,15,,68551,,,1,55,,68550,,,1,15,,68548,,,1,15,,68561,,,1,15,,68556,,,1,55,,68567,,,1,15,,68552,,,1,30,,68535,,,1,70,,68564,,,1,30,,68538,,,1,70,,68533,,,1,30,,68537,,,1,70,,68529,,,1,30,,68526,,,1,70,,68530,,,1,30,,68523,,,1
6301,'16',527,,68590,,,1,30,,68581,,,1,55,,68571,,,1,14,,68586,,,1,16,,68597,,,1,10,,68578,,,1,53,,68596,,,1,13,,68583,,,1,19,,68607,,,1,13,,68589,,,1,57,,68591,,,1,20,,68606,,,1,14,,68574,,,1,70,,68613,,,1,30,,68610,,,1,70,,68580,,,1,30,,68611,,,1,65,,68614,,,1,30,,68568,,,1,70,,68575,,,1,30,,68585,,,1,70,,68608,,,1,30,,68576,,,1,70,,68605,,,1,30,,68569,,,1,70,,68573,,,1,30,,68616,,,1,70,,68617,,,1,15,,68592,,,1,15,,68615,,,1,15,,68579,,,1,55,,68609,,,1,15,,68593,,,1,30,,68602,,,1,55,,68612,,,1,15,,68582,,,1,15,,68600,,,1,15,,68603,,,1,55,,68598,,,1,15,,68595,,,1,30,,68587,,,1,70,,68572,,,1,30,,68588,,,1,70,,68594,,,1,30,,68601,,,1,70,,68570,,,1,30,,68604,,,1,70,,68584,,,1,30,,68577,,,1
6301,'17',722,,68641,,,1,100,,68632,,,1,100,,68645,,,1,101,,68646,,,1,30,,68636,,,1,70,,68644,,,1,30,,68628,,,1,70,,68639,,,1,30,,68629,,,1,70,,68642,,,1,30,,68621,,,1,70,,68620,,,1,30,,68631,,,1,70,,68637,,,1,30,,68624,,,1,70,,68634,,,1,30,,68625,,,1,70,,68627,,,1,30,,68640,,,1,70,,68619,,,1,30,,68618,,,1,70,,68622,,,1,30,,68630,,,1,70,,68638,,,1,30,,68626,,,1,70,,68633,,,1,30,,68623,,,1,70,,68635,,,1,100,,68643,,,1
6301,'18',723,,68659,,,1,77,,68677,,,1,30,,68665,,,1,70,,68651,,,1,30,,68674,,,1,70,,68649,,,1,30,,68669,,,1,71,,68664,,,1,30,,68678,,,1,70,,68655,,,1,30,,68661,,,1,70,,68676,,,1,30,,68667,,,1,70,,68670,,,1,30,,68656,,,1,70,,68673,,,1,30,,68666,,,1,70,,68668,,,1,30,,68648,,,1,70,,68663,,,1,30,,68650,,,1,70,,68654,,,1,30,,68680,,,1,70,,68675,,,1,30,,68679,,,1,70,,68658,,,1,30,,68662,,,1,70,,68647,,,1,30,,68652,,,1,70,,68671,,,1,30,,68653,,,1,70,,68657,,,1,30,,68660,,,1,70,,68672,,,1
6301,'19',723,,68693,,,1,77,,68711,,,1,30,,68699,,,1,70,,68685,,,1,30,,68708,,,1,70,,68683,,,1,30,,68703,,,1,71,,68698,,,1,30,,68712,,,1,70,,68689,,,1,30,,68695,,,1,70,,68710,,,1,30,,68701,,,1,70,,68704,,,1,30,,68690,,,1,70,,68707,,,1,30,,68700,,,1,70,,68702,,,1,30,,68682,,,1,70,,68697,,,1,30,,68684,,,1,70,,68688,,,1,30,,68714,,,1,70,,68709,,,1,30,,68713,,,1,70,,68692,,,1,30,,68696,,,1,70,,68681,,,1,30,,68686,,,1,70,,68705,,,1,30,,68687,,,1,70,,68691,,,1,30,,68694,,,1,70,,68706,,,1
6301,'2',722,,68738,,,1,100,,68729,,,1,100,,68742,,,1,101,,68743,,,1,30,,68733,,,1,70,,68741,,,1,30,,68725,,,1,70,,68736,,,1,30,,68726,,,1,70,,68739,,,1,30,,68718,,,1,70,,68717,,,1,30,,68728,,,1,70,,68734,,,1,30,,68721,,,1,70,,68731,,,1,30,,68722,,,1,70,,68724,,,1,30,,68737,,,1,70,,68716,,,1,30,,68715,,,1,70,,68719,,,1,30,,68727,,,1,70,,68735,,,1,30,,68723,,,1,70,,68730,,,1,30,,68720,,,1,70,,68732,,,1,100,,68740,,,1
6301,'20',527,,68766,,,1,30,,68757,,,1,55,,68747,,,1,14,,68762,,,1,16,,68773,,,1,10,,68754,,,1,53,,68772,,,1,13,,68759,,,1,19,,68783,,,1,13,,68765,,,1,57,,68767,,,1,20,,68782,,,1,14,,68750,,,1,70,,68789,,,1,30,,68786,,,1,70,,68756,,,1,30,,68787,,,1,65,,68790,,,1,30,,68744,,,1,70,,68751,,,1,30,,68761,,,1,70,,68784,,,1,30,,68752,,,1,70,,68781,,,1,30,,68745,,,1,70,,68749,,,1,30,,68792,,,1,70,,68793,,,1,15,,68768,,,1,15,,68791,,,1,15,,68755,,,1,55,,68785,,,1,15,,68769,,,1,30,,68778,,,1,55,,68788,,,1,15,,68758,,,1,15,,68776,,,1,15,,68779,,,1,55,,68774,,,1,15,,68771,,,1,30,,68763,,,1,70,,68748,,,1,30,,68764,,,1,70,,68770,,,1,30,,68777,,,1,70,,68746,,,1,30,,68780,,,1,70,,68760,,,1,30,,68753,,,1
6301,'3',527,,68816,,,1,30,,68807,,,1,55,,68797,,,1,14,,68812,,,1,16,,68823,,,1,10,,68804,,,1,53,,68822,,,1,13,,68809,,,1,19,,68833,,,1,13,,68815,,,1,57,,68817,,,1,20,,68832,,,1,14,,68800,,,1,70,,68839,,,1,30,,68836,,,1,70,,68806,,,1,30,,68837,,,1,65,,68840,,,1,30,,68794,,,1,70,,68801,,,1,30,,68811,,,1,70,,68834,,,1,30,,68802,,,1,70,,68831,,,1,30,,68795,,,1,70,,68799,,,1,30,,68842,,,1,70,,68843,,,1,15,,68818,,,1,15,,68841,,,1,15,,68805,,,1,55,,68835,,,1,15,,68819,,,1,30,,68828,,,1,55,,68838,,,1,15,,68808,,,1,15,,68826,,,1,15,,68829,,,1,55,,68824,,,1,15,,68821,,,1,30,,68813,,,1,70,,68798,,,1,30,,68814,,,1,70,,68820,,,1,30,,68827,,,1,70,,68796,,,1,30,,68830,,,1,70,,68810,,,1,30,,68803,,,1
6301,'4',527,,68866,,,1,30,,68857,,,1,55,,68847,,,1,14,,68862,,,1,16,,68873,,,1,10,,68854,,,1,53,,68872,,,1,13,,68859,,,1,19,,68883,,,1,13,,68865,,,1,57,,68867,,,1,20,,68882,,,1,14,,68850,,,1,70,,68889,,,1,30,,68886,,,1,70,,68856,,,1,30,,68887,,,1,65,,68890,,,1,30,,68844,,,1,70,,68851,,,1,30,,68861,,,1,70,,68884,,,1,30,,68852,,,1,70,,68881,,,1,30,,68845,,,1,70,,68849,,,1,30,,68892,,,1,70,,68893,,,1,15,,68868,,,1,15,,68891,,,1,15,,68855,,,1,55,,68885,,,1,15,,68869,,,1,30,,68878,,,1,55,,68888,,,1,15,,68858,,,1,15,,68876,,,1,15,,68879,,,1,55,,68874,,,1,15,,68871,,,1,30,,68863,,,1,70,,68848,,,1,30,,68864,,,1,70,,68870,,,1,30,,68877,,,1,70,,68846,,,1,30,,68880,,,1,70,,68860,,,1,30,,68853,,,1
6301,'5',527,,68916,,,1,30,,68907,,,1,55,,68897,,,1,14,,68912,,,1,16,,68923,,,1,10,,68904,,,1,53,,68922,,,1,13,,68909,,,1,19,,68933,,,1,13,,68915,,,1,57,,68917,,,1,20,,68932,,,1,14,,68900,,,1,70,,68939,,,1,30,,68936,,,1,70,,68906,,,1,30,,68937,,,1,65,,68940,,,1,30,,68894,,,1,70,,68901,,,1,30,,68911,,,1,70,,68934,,,1,30,,68902,,,1,70,,68931,,,1,30,,68895,,,1,70,,68899,,,1,30,,68942,,,1,70,,68943,,,1,15,,68918,,,1,15,,68941,,,1,15,,68905,,,1,55,,68935,,,1,15,,68919,,,1,30,,68928,,,1,55,,68938,,,1,15,,68908,,,1,15,,68926,,,1,15,,68929,,,1,55,,68924,,,1,15,,68921,,,1,30,,68913,,,1,70,,68898,,,1,30,,68914,,,1,70,,68920,,,1,30,,68927,,,1,70,,68896,,,1,30,,68930,,,1,70,,68910,,,1,30,,68903,,,1
6301,'6',527,,68966,,,1,30,,68957,,,1,55,,68947,,,1,14,,68962,,,1,16,,68973,,,1,10,,68954,,,1,53,,68972,,,1,13,,68959,,,1,19,,68983,,,1,13,,68965,,,1,57,,68967,,,1,20,,68982,,,1,14,,68950,,,1,70,,68989,,,1,30,,68986,,,1,70,,68956,,,1,30,,68987,,,1,65,,68990,,,1,30,,68944,,,1,70,,68951,,,1,30,,68961,,,1,70,,68984,,,1,30,,68952,,,1,70,,68981,,,1,30,,68945,,,1,70,,68949,,,1,30,,68992,,,1,70,,68993,,,1,15,,68968,,,1,15,,68991,,,1,15,,68955,,,1,55,,68985,,,1,15,,68969,,,1,30,,68978,,,1,55,,68988,,,1,15,,68958,,,1,15,,68976,,,1,15,,68979,,,1,55,,68974,,,1,15,,68971,,,1,30,,68963,,,1,70,,68948,,,1,30,,68964,,,1,70,,68970,,,1,30,,68977,,,1,70,,68946,,,1,30,,68980,,,1,70,,68960,,,1,30,,68953,,,1
6301,'7',527,,69005,,,1,30,,69031,,,1,55,,69020,,,1,13,,69023,,,1,15,,69035,,,1,10,,68996,,,1,55,,69026,,,1,14,,69036,,,1,18,,69022,,,1,13,,69019,,,1,57,,68995,,,1,21,,69030,,,1,13,,69032,,,1,70,,69017,,,1,30,,69002,,,1,70,,68997,,,1,30,,69042,,,1,65,,69008,,,1,30,,68994,,,1,70,,69016,,,1,30,,68999,,,1,70,,69004,,,1,30,,68998,,,1,70,,69001,,,1,30,,69021,,,1,70,,69037,,,1,29,,69013,,,1,71,,69024,,,1,15,,69043,,,1,13,,69040,,,1,17,,69034,,,1,55,,69009,,,1,15,,69011,,,1,15,,69039,,,1,15,,69028,,,1,55,,69027,,,1,15,,69025,,,1,15,,69038,,,1,15,,69033,,,1,55,,69044,,,1,15,,69029,,,1,30,,69012,,,1,70,,69041,,,1,30,,69015,,,1,70,,69010,,,1,30,,69014,,,1,70,,69006,,,1,30,,69003,,,1,70,,69007,,,1,30,,69000,,,1
6301,'8',527,,69056,,,1,30,,69082,,,1,55,,69071,,,1,13,,69074,,,1,15,,69086,,,1,10,,69047,,,1,55,,69077,,,1,14,,69087,,,1,18,,69073,,,1,13,,69070,,,1,57,,69046,,,1,21,,69081,,,1,13,,69083,,,1,70,,69068,,,1,30,,69053,,,1,70,,69048,,,1,30,,69093,,,1,65,,69059,,,1,30,,69045,,,1,70,,69067,,,1,30,,69050,,,1,70,,69055,,,1,30,,69049,,,1,70,,69052,,,1,30,,69072,,,1,70,,69088,,,1,29,,69064,,,1,71,,69075,,,1,15,,69094,,,1,13,,69091,,,1,17,,69085,,,1,55,,69060,,,1,15,,69062,,,1,15,,69090,,,1,15,,69079,,,1,55,,69078,,,1,15,,69076,,,1,15,,69089,,,1,15,,69084,,,1,55,,69095,,,1,15,,69080,,,1,30,,69063,,,1,70,,69092,,,1,30,,69066,,,1,70,,69061,,,1,30,,69065,,,1,70,,69057,,,1,30,,69054,,,1,70,,69058,,,1,30,,69051,,,1
6301,'9',527,,69107,,,1,30,,69133,,,1,55,,69122,,,1,13,,69125,,,1,15,,69137,,,1,10,,69098,,,1,55,,69128,,,1,14,,69138,,,1,18,,69124,,,1,13,,69121,,,1,57,,69097,,,1,21,,69132,,,1,13,,69134,,,1,70,,69119,,,1,30,,69104,,,1,70,,69099,,,1,30,,69144,,,1,65,,69110,,,1,30,,69096,,,1,70,,69118,,,1,30,,69101,,,1,70,,69106,,,1,30,,69100,,,1,70,,69103,,,1,30,,69123,,,1,70,,69139,,,1,29,,69115,,,1,71,,69126,,,1,15,,69145,,,1,13,,69142,,,1,17,,69136,,,1,55,,69111,,,1,15,,69113,,,1,15,,69141,,,1,15,,69130,,,1,55,,69129,,,1,15,,69127,,,1,15,,69140,,,1,15,,69135,,,1,55,,69146,,,1,15,,69131,,,1,30,,69114,,,1,70,,69143,,,1,30,,69117,,,1,70,,69112,,,1,30,,69116,,,1,70,,69108,,,1,30,,69105,,,1,70,,69109,,,1,30,,69102,,,1
