5701,'1',813,,250486,38,0,59 60,1,31,,250482,38,,,1,100,,200759,38,,,1,100,,250484,38,,,1,102,,185938,38,,,1,100,,163206,38,,,1,100,,124264,38,,,1,100,,195687,38,,,1,100,,250494,38,,,1,100,,250491,38,,,1,100,,144097,38,,,1,100,,250488,38,,,1,99,,250492,38,,,1,99,,250479,38,,,1,100,,250489,38,,,1,100,,137293,38,,,1
5701,'10',813,,250508,38,0,59 60,1,31,,250503,38,,,1,100,,250496,38,,,1,100,,250504,38,,,1,102,,250507,38,,,1,100,,250505,38,,,1,100,,250501,38,,,1,100,,250500,38,,,1,100,,250517,38,,,1,100,,250514,38,,,1,100,,250499,38,,,1,100,,250510,38,,,1,99,,250515,38,,,1,99,,250497,38,,,1,100,,250512,38,,,1,100,,250511,38,,,1
5701,'11',941,,18390,38,,,1,100,,250524,38,,,1,102,,250535,38,,,1,100,,250519,38,,,1,100,,145332,38,,,1,100,,250523,38,,,1,100,,250525,38,,,1,100,,174980,38,,,1,100,,250537,38,,,1
5701,'12',635,,250543,39,,,1,10,,181888,38,,,1,55,,86392,38,,,1,15,,250565,38,,,1,15,,250573,38,,,1,15,,250578,38,,,1,14,,250549,38,,,1,71,,250564,38,,,1,18,,250560,38,,,1,53,,250571,38,,,1,30,,250555,38,,,1,72,,250557,38,,,1,30,,250551,38,,,1,70,,250568,38,,,1,30,,250546,38,,,1,70,,250559,38,,,1,30,,250569,38,,,1,69,,250574,38,,,1,30,,250580,38,,,1,99,,250577,38,,,1,70,,250550,38,,,1,31,,250542,38,,,1,70,,250576,38,,,1,31,,163055,38,,,1,71,,250545,38,,,1,30,,250552,38,,,1,70,,250558,38,,,1,30,,250561,38,,,1,73,,250567,38,,,1,26,,250563,38,,,1,70,,250566,38,,,1,30,,148262,38,,,1,70,,250579,38,,,1,30,,250556,38,,,1,67,,250572,38,,,1,30,,60268,38,,,1,27,,250544,38,,,1,74,,51294,38,,,1,82,,200616,39,,,1
5701,'13',813,,250593,38,0,59 60,1,31,,250588,38,,,1,100,,250581,38,,,1,100,,250590,38,,,1,102,,250592,38,,,1,100,,250591,38,,,1,100,,250586,38,,,1,100,,250585,38,,,1,100,,250602,38,,,1,100,,250599,38,,,1,100,,250584,38,,,1,100,,250595,38,,,1,99,,250600,38,,,1,99,,250582,38,,,1,100,,250597,38,,,1,100,,250596,38,,,1
5701,'14',635,,250635,39,,,1,10,,163403,38,,,1,55,,250629,38,,,1,15,,250611,38,,,1,15,,250608,38,,,1,15,,250627,38,,,1,14,,250639,38,,,1,58,,250636,38,,,1,13,,250638,38,,,1,18,,250628,38,,,1,53,,250623,38,,,1,30,,250640,38,,,1,72,,250612,38,,,1,30,,250613,38,,,1,70,,250615,38,,,1,30,,250622,38,,,1,70,,162906,38,,,1,30,,163423,38,,,1,69,,59243,38,,,1,30,,250630,38,,,1,70,,250642,38,,,1,29,,250609,38,,,1,70,,193553,38,,,1,31,,250621,38,,,1,70,,162881,38,,,1,31,,172946,38,,,1,71,,173615,38,,,1,30,,193077,38,,,1,70,,250614,38,,,1,30,,250606,38,,,1,73,,250641,38,,,1,26,,250631,38,,,1,70,,250637,38,,,1,30,,250610,38,,,1,70,,250624,38,,,1,30,,250604,38,,,1,67,,250634,38,,,1,30,,250632,38,,,1,27,,250633,38,,,1,74,,250605,38,,,1,82,,250619,39,,,1
5701,'15',635,,250644,39,,,1,10,,182036,38,,,1,55,,86845,38,,,1,15,,250666,38,,,1,15,,250674,38,,,1,15,,250679,38,,,1,14,,250650,38,,,1,71,,250665,38,,,1,18,,250661,38,,,1,53,,250672,38,,,1,30,,250656,38,,,1,72,,250658,38,,,1,30,,250652,38,,,1,70,,250669,38,,,1,30,,250647,38,,,1,70,,250660,38,,,1,30,,250670,38,,,1,69,,250675,38,,,1,30,,250681,38,,,1,99,,250678,38,,,1,70,,250651,38,,,1,31,,250643,38,,,1,70,,250677,38,,,1,31,,163190,38,,,1,71,,250646,38,,,1,30,,250653,38,,,1,70,,250659,38,,,1,30,,250662,38,,,1,73,,250668,38,,,1,26,,250664,38,,,1,70,,250667,38,,,1,30,,148518,38,,,1,70,,250680,38,,,1,30,,250657,38,,,1,67,,250673,38,,,1,30,,60572,38,,,1,27,,250645,38,,,1,74,,51735,38,,,1,82,,200731,39,,,1
5701,'16',941,,250683,38,,,1,100,,154027,38,,,1,102,,250698,38,,,1,100,,250682,38,,,1,100,,250692,38,,,1,100,,250686,38,,,1,100,,250688,38,,,1,100,,250702,38,,,1,100,,179762,38,,,1
5701,'17',635,,250734,39,,,1,10,,163354,38,,,1,55,,250728,38,,,1,15,,250710,38,,,1,15,,250707,38,,,1,15,,250726,38,,,1,14,,250738,38,,,1,58,,250735,38,,,1,13,,250737,38,,,1,18,,250727,38,,,1,53,,250722,38,,,1,30,,250739,38,,,1,72,,250711,38,,,1,30,,250712,38,,,1,70,,250714,38,,,1,30,,250721,38,,,1,70,,162848,38,,,1,30,,163376,38,,,1,69,,183432,38,,,1,30,,250729,38,,,1,70,,250741,38,,,1,29,,250708,38,,,1,70,,193475,38,,,1,31,,250720,38,,,1,70,,162822,38,,,1,31,,172878,38,,,1,71,,173547,38,,,1,30,,193047,38,,,1,70,,250713,38,,,1,30,,250705,38,,,1,73,,250740,38,,,1,26,,250730,38,,,1,70,,250736,38,,,1,30,,250709,38,,,1,70,,250723,38,,,1,30,,250703,38,,,1,67,,250733,38,,,1,30,,250731,38,,,1,27,,250732,38,,,1,74,,250704,38,,,1,82,,250718,39,,,1
5701,'18',635,,250773,39,,,1,10,,163456,38,,,1,55,,250767,38,,,1,15,,250749,38,,,1,15,,250746,38,,,1,15,,250765,38,,,1,14,,250777,38,,,1,58,,250774,38,,,1,13,,250776,38,,,1,18,,250766,38,,,1,53,,250761,38,,,1,30,,250778,38,,,1,72,,250750,38,,,1,30,,250751,38,,,1,70,,250753,38,,,1,30,,250760,38,,,1,70,,162983,38,,,1,30,,90735,38,,,1,69,,183579,38,,,1,30,,250768,38,,,1,70,,250780,38,,,1,29,,250747,38,,,1,70,,193672,38,,,1,31,,250759,38,,,1,70,,109696,38,,,1,31,,173042,38,,,1,71,,173713,38,,,1,30,,193133,38,,,1,70,,250752,38,,,1,30,,250744,38,,,1,73,,250779,38,,,1,26,,250769,38,,,1,70,,250775,38,,,1,30,,250748,38,,,1,70,,250762,38,,,1,30,,250742,38,,,1,67,,250772,38,,,1,30,,250770,38,,,1,27,,250771,38,,,1,74,,250743,38,,,1,82,,250757,39,,,1
5701,'2',635,,250812,39,,,1,10,,250784,38,,,1,55,,250805,38,,,1,15,,250787,38,,,1,15,,157717,38,,,1,15,,159623,38,,,1,14,,250817,38,,,1,58,,250813,38,,,1,13,,250815,38,,,1,18,,250804,38,,,1,53,,250800,38,,,1,30,,250818,38,,,1,72,,73028,38,,,1,30,,201134,38,,,1,70,,250791,38,,,1,30,,4515,38,,,1,70,,250816,38,,,1,30,,250806,38,,,1,69,,250794,38,,,1,30,,250807,38,,,1,70,,250820,38,,,1,29,,250785,38,,,1,70,,250819,38,,,1,31,,250797,38,,,1,70,,250790,38,,,1,31,,250808,38,,,1,71,,250798,38,,,1,30,,250788,38,,,1,70,,250789,38,,,1,30,,250782,38,,,1,73,,118396,38,,,1,26,,143579,38,,,1,70,,250814,38,,,1,30,,250786,38,,,1,70,,250801,38,,,1,30,,250781,38,,,1,67,,250811,38,,,1,30,,250809,38,,,1,27,,250810,38,,,1,74,,138089,38,,,1,82,,250796,39,,,1
5701,'3',635,,250822,39,,,1,10,,250849,38,,,1,55,,250825,38,,,1,15,,250843,38,,,1,15,,250851,38,,,1,15,,250856,38,,,1,14,,250828,38,,,1,71,,250842,38,,,1,18,,250839,38,,,1,53,,124769,38,,,1,30,,250834,38,,,1,72,,250836,38,,,1,30,,250831,38,,,1,70,,250846,38,,,1,30,,167893,38,,,1,70,,250838,38,,,1,30,,133723,38,,,1,69,,52710,38,,,1,30,,250857,38,,,1,99,,250855,38,,,1,70,,250829,38,,,1,31,,250821,38,,,1,70,,250854,38,,,1,31,,250852,38,,,1,71,,250824,38,,,1,30,,250832,38,,,1,70,,250837,38,,,1,30,,60110,38,,,1,73,,250845,38,,,1,26,,159056,38,,,1,70,,250844,38,,,1,30,,250847,38,,,1,70,,158121,38,,,1,30,,184307,38,,,1,67,,250850,38,,,1,30,,250841,38,,,1,27,,250823,38,,,1,74,,250835,38,,,1,82,,250830,39,,,1
5701,'4',635,,250859,39,,,1,10,,182104,38,,,1,55,,86797,38,,,1,15,,250881,38,,,1,15,,250889,38,,,1,15,,250894,38,,,1,14,,250865,38,,,1,71,,250880,38,,,1,18,,250876,38,,,1,53,,250887,38,,,1,30,,250871,38,,,1,72,,250873,38,,,1,30,,250867,38,,,1,70,,250884,38,,,1,30,,250862,38,,,1,70,,250875,38,,,1,30,,250885,38,,,1,69,,250890,38,,,1,30,,250896,38,,,1,99,,250893,38,,,1,70,,250866,38,,,1,31,,250858,38,,,1,70,,250892,38,,,1,31,,163248,38,,,1,71,,250861,38,,,1,30,,250868,38,,,1,70,,250874,38,,,1,30,,250877,38,,,1,73,,250883,38,,,1,26,,250879,38,,,1,70,,250882,38,,,1,30,,148656,38,,,1,70,,250895,38,,,1,30,,250872,38,,,1,67,,250888,38,,,1,30,,60542,38,,,1,27,,250860,38,,,1,74,,51687,38,,,1,82,,200787,39,,,1
5701,'5',635,,250898,39,,,1,10,,181564,38,,,1,55,,86344,38,,,1,15,,250920,38,,,1,15,,250928,38,,,1,15,,250933,38,,,1,14,,250904,38,,,1,71,,250919,38,,,1,18,,250915,38,,,1,53,,250926,38,,,1,30,,250910,38,,,1,72,,250912,38,,,1,30,,250906,38,,,1,70,,250923,38,,,1,30,,250901,38,,,1,70,,250914,38,,,1,30,,250924,38,,,1,69,,250929,38,,,1,30,,250935,38,,,1,99,,250932,38,,,1,70,,250905,38,,,1,31,,250897,38,,,1,70,,250931,38,,,1,31,,162739,38,,,1,71,,250900,38,,,1,30,,250907,38,,,1,70,,250913,38,,,1,30,,250916,38,,,1,73,,250922,38,,,1,26,,250918,38,,,1,70,,250921,38,,,1,30,,147693,38,,,1,70,,250934,38,,,1,30,,250911,38,,,1,67,,250927,38,,,1,30,,60238,38,,,1,27,,250899,38,,,1,74,,51246,38,,,1,82,,200377,39,,,1
5701,'6',941,,250936,38,,,1,100,,250941,38,,,1,102,,250951,38,,,1,100,,163254,38,,,1,100,,250946,38,,,1,100,,250939,38,,,1,100,,250942,38,,,1,100,,250956,38,,,1,100,,250952,38,,,1
5701,'7',635,,250993,39,,,1,10,,250960,38,,,1,55,,250985,38,,,1,15,,250964,38,,,1,15,,250961,38,,,1,15,,250983,38,,,1,14,,177296,38,,,1,58,,24112,38,,,1,13,,133573,38,,,1,18,,250984,38,,,1,53,,250980,38,,,1,30,,250996,38,,,1,72,,250965,38,,,1,30,,250966,38,,,1,70,,250970,38,,,1,30,,250978,38,,,1,70,,250995,38,,,1,30,,250986,38,,,1,69,,250973,38,,,1,30,,250987,38,,,1,70,,250999,38,,,1,29,,250962,38,,,1,70,,250997,38,,,1,31,,250976,38,,,1,70,,250969,38,,,1,31,,250989,38,,,1,71,,250977,38,,,1,30,,250967,38,,,1,70,,250968,38,,,1,30,,250958,38,,,1,73,,250998,38,,,1,26,,250988,38,,,1,70,,250994,38,,,1,30,,250963,38,,,1,70,,250981,38,,,1,30,,197659,38,,,1,67,,250992,38,,,1,30,,250990,38,,,1,27,,250991,38,,,1,74,,250957,38,,,1,82,,174274,39,,,1
5701,'8',635,,251014,39,,,1,10,,251028,38,,,1,55,,251022,38,,,1,15,,251038,38,,,1,15,,251021,38,,,1,15,,251010,38,,,1,14,,251005,38,,,1,57,,251030,38,,,1,14,,251025,38,,,1,16,,251029,38,,,1,55,,251046,38,,,1,30,,251040,38,,,1,72,,251027,38,,,1,30,,251000,38,,,1,70,,251012,38,,,1,30,,251011,38,,,1,70,,251031,38,,,1,30,,251002,38,,,1,69,,251001,38,,,1,30,,251009,38,,,1,70,,251041,38,,,1,29,,251045,38,,,1,69,,251032,38,,,1,31,,251033,38,,,1,71,,251016,38,,,1,32,,251043,38,,,1,70,,251003,38,,,1,30,,251020,38,,,1,70,,251007,38,,,1,30,,251036,38,,,1,73,,251042,38,,,1,26,,251017,38,,,1,70,,251018,38,,,1,30,,251039,38,,,1,70,,251047,38,,,1,30,,251004,38,,,1,67,,251037,38,,,1,30,,251008,38,,,1,27,,251035,38,,,1,74,,251013,38,,,1,82,,251026,39,,,1
5701,'9',635,,251050,39,,,1,10,,181849,38,,,1,55,,86569,38,,,1,15,,251072,38,,,1,15,,251080,38,,,1,15,,251085,38,,,1,14,,251056,38,,,1,71,,251071,38,,,1,18,,251067,38,,,1,53,,251078,38,,,1,30,,251062,38,,,1,72,,251064,38,,,1,30,,251058,38,,,1,70,,251075,38,,,1,30,,251053,38,,,1,70,,251066,38,,,1,30,,251076,38,,,1,69,,251081,38,,,1,30,,251087,38,,,1,99,,251084,38,,,1,70,,251057,38,,,1,31,,251049,38,,,1,70,,251083,38,,,1,31,,163019,38,,,1,71,,251052,38,,,1,30,,251059,38,,,1,70,,251065,38,,,1,30,,251068,38,,,1,73,,251074,38,,,1,26,,251070,38,,,1,70,,251073,38,,,1,30,,148197,38,,,1,70,,251086,38,,,1,30,,251063,38,,,1,67,,251079,38,,,1,30,,60390,38,,,1,27,,251051,38,,,1,74,,51474,38,,,1,82,,200585,39,,,1
66501,'12',1534,,295438,19,,,1,9,,295437,19,,,1
66501,'15',1534,,295441,19,,,1,9,,295440,19,,,1
66501,'3',1534,,295444,19,,,1,9,,295443,19,,,1
66501,'4',1534,,295447,19,,,1,9,,295446,19,,,1
66501,'5',1534,,295450,19,,,1,9,,295449,19,,,1
66501,'9',1534,,295453,19,,,1,9,,295452,19,,,1
67500,'12',848,,295749,68,,,1
67500,'15',848,,295750,68,,,1
67500,'3',848,,295751,68,,,1
67500,'4',848,,295752,68,,,1
67500,'5',848,,295753,68,,,1
67500,'9',848,,295754,68,,,1
