1900,'1',650,,573534,,,1,100,,573529,,,1,70,,573523,,,1,31,,573539,,,1,70,,522310,,,1,30,,573525,,,1,70,,573530,,,1,30,,573518,,,1,70,,573522,,,1,30,,573515,,,1,70,,573537,,,1,32,,476873,,,1,70,,573535,,,1,30,,573531,,,1,70,,505210,,,1,30,,573532,,,1,70,,573527,,,1,30,,573526,,,1,70,,573524,,,1,30,,573516,,,1,70,,573528,,,1,30,,573538,,,1,70,,573521,,,1,29,,573517,,,1,70,,573514,,,1,30,,523004,,,1,70,,476952,,,1,29,,573533,,,1,70,,573519,,,1,29,,467369,,,1,70,,573536,,,1,30,,573520,,,1,100,,398203,,,1
1900,'10',924,,573546,,,1,30,,573560,,,1,70,,573552,,,1,30,,573548,,,1,70,,573558,,,1,30,,573556,,,1,70,,502649,,,1,32,,573561,,,1,70,,573550,,,1,30,,573545,,,1,70,,573542,,,1,30,,573543,,,1,70,,573557,,,1,30,,573540,,,1,70,,573544,,,1,30,,573551,,,1,70,,573549,,,1,30,,573554,,,1,70,,573547,,,1,29,,573541,,,1,70,,485098,,,1,30,,573555,,,1,68,,573562,,,1,30,,412061,,,1,70,,454198,,,1,30,,573559,,,1,100,,573553,,,1
1900,'11',540,,573583,,,1,64,,573581,,,1,29,,573591,,,1,18,,573586,,,1,68,,573580,,,1,29,,573575,,,1,70,,514516,,,1,31,,573571,,,1,70,,573573,,,1,30,,573564,,,1,68,,459769,,,1,30,,573587,,,1,70,,573589,,,1,30,,573579,,,1,71,,573592,,,1,30,,573565,,,1,70,,573593,,,1,30,,476181,,,1,70,,573568,,,1,32,,573563,,,1,67,,515875,,,1,29,,573572,,,1,71,,573570,,,1,30,,573588,,,1,70,,573577,,,1,31,,453329,,,1,72,,573578,,,1,30,,573569,,,1,70,,573574,,,1,30,,573582,,,1,69,,573566,,,1,31,,444333,,,1,71,,573576,,,1,31,,573567,,,1,71,,573585,,,1,30,,573584,,,1,148,,573590,,,1
1900,'12',540,,573612,,,1,64,,573610,,,1,29,,573621,,,1,18,,573616,,,1,68,,573609,,,1,29,,573604,,,1,70,,573623,,,1,31,,573599,,,1,70,,573602,,,1,30,,573595,,,1,68,,573619,,,1,30,,573617,,,1,70,,476765,,,1,30,,573608,,,1,71,,573622,,,1,30,,490231,,,1,70,,573625,,,1,30,,573614,,,1,70,,538751,,,1,32,,358956,,,1,67,,573594,,,1,29,,573600,,,1,71,,523505,,,1,30,,573618,,,1,70,,573606,,,1,31,,573601,,,1,72,,573607,,,1,30,,573598,,,1,70,,573603,,,1,30,,573611,,,1,69,,573596,,,1,31,,573624,,,1,71,,573605,,,1,31,,573597,,,1,71,,573615,,,1,30,,573613,,,1,148,,573620,,,1
1900,'13',540,,573644,,,1,64,,573642,,,1,29,,573653,,,1,18,,573648,,,1,68,,573641,,,1,29,,573636,,,1,70,,573655,,,1,31,,573631,,,1,70,,573634,,,1,30,,573627,,,1,68,,573651,,,1,30,,573649,,,1,70,,476395,,,1,30,,573640,,,1,71,,573654,,,1,30,,489631,,,1,70,,573657,,,1,30,,573646,,,1,70,,538375,,,1,32,,531815,,,1,67,,573626,,,1,29,,573632,,,1,71,,523041,,,1,30,,573650,,,1,70,,573638,,,1,31,,573633,,,1,72,,573639,,,1,30,,573630,,,1,70,,573635,,,1,30,,573643,,,1,69,,573628,,,1,31,,573656,,,1,71,,573637,,,1,31,,573629,,,1,71,,573647,,,1,30,,573645,,,1,148,,573652,,,1
1900,'14',540,,573676,,,1,64,,573674,,,1,29,,573685,,,1,18,,573680,,,1,68,,573673,,,1,29,,573668,,,1,70,,573687,,,1,31,,573663,,,1,70,,573666,,,1,30,,573659,,,1,68,,573683,,,1,30,,573681,,,1,70,,476660,,,1,30,,573672,,,1,71,,573686,,,1,30,,490067,,,1,70,,573689,,,1,30,,573678,,,1,70,,538643,,,1,32,,532277,,,1,67,,573658,,,1,29,,573664,,,1,71,,523377,,,1,30,,573682,,,1,70,,573670,,,1,31,,573665,,,1,72,,573671,,,1,30,,573662,,,1,70,,573667,,,1,30,,573675,,,1,69,,573660,,,1,31,,573688,,,1,71,,573669,,,1,31,,573661,,,1,71,,573679,,,1,30,,573677,,,1,148,,573684,,,1
1900,'15',540,,573708,,,1,64,,573706,,,1,29,,573717,,,1,18,,573712,,,1,68,,573705,,,1,29,,573700,,,1,70,,573719,,,1,31,,573695,,,1,70,,573698,,,1,30,,573691,,,1,68,,573715,,,1,30,,573713,,,1,70,,476606,,,1,30,,573704,,,1,71,,573718,,,1,30,,489967,,,1,70,,573721,,,1,30,,573710,,,1,70,,538585,,,1,32,,532171,,,1,67,,573690,,,1,29,,573696,,,1,71,,523307,,,1,30,,573714,,,1,70,,573702,,,1,31,,573697,,,1,72,,573703,,,1,30,,573694,,,1,70,,573699,,,1,30,,573707,,,1,69,,573692,,,1,31,,573720,,,1,71,,573701,,,1,31,,573693,,,1,71,,573711,,,1,30,,573709,,,1,148,,573716,,,1
1900,'16',540,,573725,,,1,64,,573729,,,1,29,,573739,,,1,17,,573728,,,1,69,,366235,,,1,29,,573730,,,1,70,,573740,,,1,33,,573723,,,1,68,,573727,,,1,30,,573753,,,1,68,,573736,,,1,30,,573755,,,1,70,,573734,,,1,30,,573745,,,1,71,,433585,,,1,30,,573742,,,1,70,,573735,,,1,30,,573726,,,1,70,,573751,,,1,32,,573749,,,1,67,,573732,,,1,29,,573741,,,1,69,,573744,,,1,32,,573752,,,1,70,,573724,,,1,31,,573733,,,1,72,,573738,,,1,30,,573750,,,1,70,,573722,,,1,30,,573743,,,1,69,,573754,,,1,31,,573748,,,1,71,,573746,,,1,31,,573747,,,1,71,,573731,,,1,30,,401953,,,1,148,,573737,,,1
1900,'17',540,,573774,,,1,64,,573772,,,1,29,,573783,,,1,18,,573778,,,1,68,,573771,,,1,29,,573766,,,1,70,,573785,,,1,31,,573761,,,1,70,,573764,,,1,30,,573757,,,1,68,,573781,,,1,30,,573779,,,1,70,,476579,,,1,30,,573770,,,1,71,,573784,,,1,30,,489917,,,1,70,,573787,,,1,30,,573776,,,1,70,,538556,,,1,32,,532118,,,1,67,,573756,,,1,29,,573762,,,1,71,,523272,,,1,30,,573780,,,1,70,,573768,,,1,31,,573763,,,1,72,,573769,,,1,30,,573760,,,1,70,,573765,,,1,30,,573773,,,1,69,,573758,,,1,31,,573786,,,1,71,,573767,,,1,31,,573759,,,1,71,,573777,,,1,30,,573775,,,1,148,,573782,,,1
1900,'18',540,,573806,,,1,64,,573804,,,1,29,,573815,,,1,18,,573810,,,1,68,,573803,,,1,29,,573798,,,1,70,,573817,,,1,31,,573793,,,1,70,,573796,,,1,30,,573789,,,1,68,,573813,,,1,30,,573811,,,1,70,,476866,,,1,30,,573802,,,1,71,,573816,,,1,30,,490416,,,1,70,,573819,,,1,30,,573808,,,1,70,,538865,,,1,32,,532640,,,1,67,,573788,,,1,29,,573794,,,1,71,,523653,,,1,30,,573812,,,1,70,,573800,,,1,31,,573795,,,1,72,,573801,,,1,30,,573792,,,1,70,,573797,,,1,30,,573805,,,1,69,,573790,,,1,31,,573818,,,1,71,,573799,,,1,31,,573791,,,1,71,,573809,,,1,30,,573807,,,1,148,,573814,,,1
1900,'19',540,,573841,,,1,64,,573839,,,1,29,,573847,,,1,18,,476728,,,1,68,,573838,,,1,29,,573833,,,1,70,,573849,,,1,31,,573828,,,1,70,,573831,,,1,30,,573822,,,1,68,,573845,,,1,30,,451475,,,1,70,,573846,,,1,30,,573837,,,1,71,,573848,,,1,30,,573823,,,1,70,,573851,,,1,30,,573843,,,1,70,,573825,,,1,32,,573821,,,1,67,,573820,,,1,29,,573829,,,1,71,,573827,,,1,30,,457365,,,1,70,,573835,,,1,31,,573830,,,1,72,,573836,,,1,30,,573826,,,1,70,,573832,,,1,30,,573840,,,1,69,,573824,,,1,31,,573850,,,1,71,,573834,,,1,31,,510990,,,1,71,,573844,,,1,30,,573842,,,1,148,,374042,,,1
1900,'2',924,,451380,,,1,30,,573875,,,1,70,,573865,,,1,30,,573861,,,1,70,,573873,,,1,30,,573869,,,1,70,,573858,,,1,32,,547047,,,1,70,,573863,,,1,30,,573859,,,1,70,,573854,,,1,30,,573855,,,1,70,,573871,,,1,30,,573852,,,1,70,,573856,,,1,30,,573864,,,1,70,,573862,,,1,30,,573867,,,1,70,,573860,,,1,29,,573853,,,1,70,,573872,,,1,30,,573868,,,1,68,,573876,,,1,30,,573857,,,1,70,,573870,,,1,30,,573874,,,1,100,,573866,,,1
1900,'20',540,,573895,,,1,64,,573893,,,1,29,,573904,,,1,18,,573899,,,1,68,,573892,,,1,29,,573887,,,1,70,,573906,,,1,31,,573882,,,1,70,,573885,,,1,30,,573878,,,1,68,,573902,,,1,30,,573900,,,1,70,,476792,,,1,30,,573891,,,1,71,,573905,,,1,30,,490284,,,1,70,,573908,,,1,30,,573897,,,1,70,,538783,,,1,32,,532504,,,1,67,,573877,,,1,29,,573883,,,1,71,,523552,,,1,30,,573901,,,1,70,,573889,,,1,31,,573884,,,1,72,,573890,,,1,30,,573881,,,1,70,,573886,,,1,30,,573894,,,1,69,,573879,,,1,31,,573907,,,1,71,,573888,,,1,31,,573880,,,1,71,,573898,,,1,30,,573896,,,1,148,,573903,,,1
1900,'21',540,,573912,,,1,64,,573915,,,1,29,,573926,,,1,17,,573914,,,1,69,,573933,,,1,29,,573916,,,1,70,,573927,,,1,33,,522361,,,1,68,,573913,,,1,30,,573939,,,1,68,,573922,,,1,30,,573940,,,1,70,,573920,,,1,30,,573931,,,1,71,,573925,,,1,30,,530732,,,1,70,,573921,,,1,30,,461762,,,1,70,,573937,,,1,32,,573935,,,1,67,,573918,,,1,29,,573928,,,1,69,,573930,,,1,32,,573938,,,1,70,,573910,,,1,31,,573919,,,1,72,,573924,,,1,30,,573936,,,1,70,,573909,,,1,30,,573929,,,1,69,,474687,,,1,31,,488798,,,1,71,,573932,,,1,31,,573934,,,1,71,,573917,,,1,30,,573911,,,1,148,,573923,,,1
1900,'22',540,,573955,,,1,64,,573953,,,1,29,,573964,,,1,18,,573958,,,1,68,,480212,,,1,29,,456122,,,1,70,,573966,,,1,31,,513783,,,1,70,,573950,,,1,30,,573943,,,1,68,,573961,,,1,30,,573959,,,1,70,,573962,,,1,30,,573952,,,1,71,,573965,,,1,30,,573944,,,1,70,,573968,,,1,30,,573956,,,1,70,,573946,,,1,32,,573942,,,1,67,,573941,,,1,29,,573948,,,1,71,,573947,,,1,30,,573960,,,1,70,,573951,,,1,31,,573949,,,1,72,,481193,,,1,30,,544263,,,1,70,,515184,,,1,30,,573954,,,1,69,,495518,,,1,31,,573967,,,1,71,,521497,,,1,31,,573945,,,1,71,,573957,,,1,30,,488361,,,1,148,,573963,,,1
1900,'23',540,,573973,,,1,64,,573977,,,1,29,,573988,,,1,17,,573976,,,1,69,,573996,,,1,29,,573978,,,1,70,,573989,,,1,33,,573970,,,1,68,,573975,,,1,30,,574003,,,1,68,,573984,,,1,30,,574005,,,1,70,,573982,,,1,30,,573994,,,1,71,,573987,,,1,30,,573991,,,1,70,,573983,,,1,30,,573974,,,1,70,,574001,,,1,32,,573999,,,1,67,,573980,,,1,29,,573990,,,1,69,,573993,,,1,32,,574002,,,1,70,,573971,,,1,31,,573981,,,1,72,,573986,,,1,30,,574000,,,1,70,,573969,,,1,30,,573992,,,1,69,,574004,,,1,31,,573998,,,1,71,,573995,,,1,31,,573997,,,1,71,,573979,,,1,30,,573972,,,1,148,,573985,,,1
1900,'3',924,,574014,,,1,30,,574030,,,1,70,,574020,,,1,30,,574016,,,1,70,,574028,,,1,30,,574024,,,1,70,,574012,,,1,32,,574031,,,1,70,,574018,,,1,30,,574013,,,1,70,,574008,,,1,30,,574009,,,1,70,,574026,,,1,30,,574006,,,1,70,,574010,,,1,30,,574019,,,1,70,,574017,,,1,30,,574022,,,1,70,,574015,,,1,29,,574007,,,1,70,,574027,,,1,30,,574023,,,1,68,,574032,,,1,30,,574011,,,1,70,,574025,,,1,30,,574029,,,1,100,,574021,,,1
1900,'4',650,,574052,,,1,100,,574048,,,1,70,,574041,,,1,31,,574059,,,1,70,,574055,,,1,30,,574043,,,1,70,,574049,,,1,30,,464027,,,1,70,,432454,,,1,30,,574034,,,1,70,,574057,,,1,32,,574046,,,1,70,,574053,,,1,30,,574050,,,1,70,,574037,,,1,30,,534733,,,1,70,,574045,,,1,30,,497378,,,1,70,,574042,,,1,30,,503471,,,1,70,,574047,,,1,30,,574058,,,1,70,,574039,,,1,29,,574035,,,1,70,,574033,,,1,30,,574040,,,1,70,,574036,,,1,29,,574051,,,1,70,,534708,,,1,29,,574054,,,1,70,,574056,,,1,30,,574038,,,1,100,,574044,,,1
1900,'5',540,,574088,,,1,64,,574086,,,1,46,,574085,,,1,98,,574087,,,1,70,,574090,,,1,33,,574078,,,1,68,,574079,,,1,30,,574089,,,1,68,,574083,,,1,30,,574075,,,1,70,,574093,,,1,30,,574065,,,1,71,,574081,,,1,30,,574069,,,1,70,,574072,,,1,30,,574073,,,1,70,,574071,,,1,32,,574076,,,1,67,,574077,,,1,29,,574063,,,1,71,,574074,,,1,30,,574067,,,1,70,,574092,,,1,31,,574094,,,1,72,,574061,,,1,30,,574062,,,1,70,,574070,,,1,30,,574084,,,1,69,,574080,,,1,31,,574066,,,1,71,,574091,,,1,31,,574060,,,1,71,,574068,,,1,30,,574082,,,1,148,,574064,,,1
1900,'6',540,,531039,,,1,64,,511287,,,1,29,,574108,,,1,17,,574101,,,1,69,,574113,,,1,29,,531046,,,1,70,,574109,,,1,33,,574096,,,1,68,,574100,,,1,30,,417392,,,1,68,,574105,,,1,30,,574120,,,1,70,,574103,,,1,30,,502048,,,1,71,,574107,,,1,30,,574110,,,1,70,,574104,,,1,30,,574099,,,1,70,,574117,,,1,32,,574116,,,1,67,,574102,,,1,29,,461856,,,1,69,,487580,,,1,32,,574118,,,1,70,,574097,,,1,31,,520577,,,1,72,,574106,,,1,30,,466489,,,1,70,,574095,,,1,30,,574111,,,1,69,,574119,,,1,31,,574115,,,1,71,,574112,,,1,31,,574114,,,1,71,,491564,,,1,30,,574098,,,1,148,,479202,,,1
1900,'7',924,,451651,,,1,30,,574144,,,1,70,,574134,,,1,30,,574130,,,1,70,,574142,,,1,30,,574138,,,1,70,,574127,,,1,32,,547132,,,1,70,,574132,,,1,30,,574128,,,1,70,,574123,,,1,30,,574124,,,1,70,,574140,,,1,30,,574121,,,1,70,,574125,,,1,30,,574133,,,1,70,,574131,,,1,30,,574136,,,1,70,,574129,,,1,29,,574122,,,1,70,,574141,,,1,30,,574137,,,1,68,,574145,,,1,30,,574126,,,1,70,,574139,,,1,30,,574143,,,1,100,,574135,,,1
1900,'8',540,,574164,,,1,64,,574162,,,1,29,,574173,,,1,18,,574168,,,1,68,,574161,,,1,29,,574156,,,1,70,,574175,,,1,31,,574151,,,1,70,,574154,,,1,30,,574147,,,1,68,,574171,,,1,30,,574169,,,1,70,,476633,,,1,30,,574160,,,1,71,,574174,,,1,30,,490017,,,1,70,,574177,,,1,30,,574166,,,1,70,,538614,,,1,32,,532224,,,1,67,,574146,,,1,29,,574152,,,1,71,,523342,,,1,30,,574170,,,1,70,,574158,,,1,31,,574153,,,1,72,,574159,,,1,30,,574150,,,1,70,,574155,,,1,30,,574163,,,1,69,,574148,,,1,31,,574176,,,1,71,,574157,,,1,31,,574149,,,1,71,,574167,,,1,30,,574165,,,1,148,,574172,,,1
1900,'9',540,,531634,,,1,64,,511524,,,1,29,,574191,,,1,17,,574184,,,1,69,,574196,,,1,29,,531641,,,1,70,,574192,,,1,33,,574179,,,1,68,,574183,,,1,30,,417085,,,1,68,,574188,,,1,30,,574203,,,1,70,,574186,,,1,30,,502308,,,1,71,,574190,,,1,30,,574193,,,1,70,,574187,,,1,30,,574182,,,1,70,,574200,,,1,32,,574199,,,1,67,,574185,,,1,29,,462451,,,1,69,,488182,,,1,32,,574201,,,1,70,,574180,,,1,31,,521194,,,1,72,,574189,,,1,30,,467018,,,1,70,,574178,,,1,30,,574194,,,1,69,,574202,,,1,31,,574198,,,1,71,,574195,,,1,31,,574197,,,1,71,,492236,,,1,30,,574181,,,1,148,,479547,,,1
2000,'1',712,,574862,,,1,100,,574865,,,1,30,,574845,,,1,70,,574853,,,1,31,,574864,,,1,70,,574843,,,1,32,,501966,,,1,70,,574848,,,1,30,,574855,,,1,70,,474594,,,1,30,,574844,,,1,70,,574859,,,1,30,,574849,,,1,70,,574861,,,1,31,,574846,,,1,70,,574857,,,1,30,,574854,,,1,70,,574847,,,1,30,,574850,,,1,70,,574852,,,1,30,,574841,,,1,70,,574842,,,1,29,,494271,,,1,70,,574858,,,1,30,,574856,,,1,80,,574851,,,1,98,,531808,,,1,99,,574860,,,1,100,,547152,,,1,100,,574863,,,1
2000,'10',941,,574875,,,1,70,,574881,,,1,32,,574877,,,1,70,,483952,,,1,30,,574872,,,1,70,,504841,,,1,30,,574883,,,1,70,,574868,,,1,30,,476532,,,1,70,,574866,,,1,31,,574873,,,1,70,,574879,,,1,30,,477793,,,1,70,,521669,,,1,30,,574882,,,1,70,,574874,,,1,30,,574876,,,1,70,,574880,,,1,29,,574871,,,1,70,,543461,,,1,30,,574878,,,1,70,,574867,,,1,28,,574869,,,1,70,,574870,,,1,99,,482623,,,1,100,,464136,,,1
2000,'11',542,,549088,,,1,104,,574893,,,1,70,,490159,,,1,33,,574895,,,1,71,,523435,,,1,26,,465990,,,1,70,,574888,,,1,29,,574884,,,1,70,,574885,,,1,30,,574898,,,1,70,,574891,,,1,30,,574907,,,1,70,,466806,,,1,32,,574908,,,1,70,,61935,,,1,31,,574902,,,1,70,,574889,,,1,29,,574892,,,1,70,,574904,,,1,29,,574887,,,1,70,,574886,,,1,30,,574894,,,1,70,,574900,,,1,30,,460557,,,1,67,,574896,,,1,32,,574899,,,1,71,,574890,,,1,30,,574909,,,1,70,,574906,,,1,32,,574897,,,1,67,,574903,,,1,30,,574901,,,1,68,,574905,,,1,99,,544005,,,1,99,,224938,,,1
2000,'12',542,,574926,,,1,104,,547898,,,1,70,,574919,,,1,33,,574921,,,1,71,,574911,,,1,26,,574920,,,1,70,,574915,,,1,29,,574910,,,1,70,,574912,,,1,30,,574925,,,1,70,,574917,,,1,30,,541708,,,1,70,,574914,,,1,32,,545154,,,1,70,,574916,,,1,31,,511871,,,1,70,,460607,,,1,29,,574918,,,1,70,,489097,,,1,29,,535500,,,1,70,,574913,,,1,30,,477474,,,1,70,,574929,,,1,30,,574927,,,1,67,,379517,,,1,32,,574928,,,1,71,,542448,,,1,30,,574933,,,1,70,,499183,,,1,32,,574924,,,1,67,,574931,,,1,30,,574930,,,1,68,,574932,,,1,99,,574923,,,1,99,,574922,,,1
2000,'13',542,,574950,,,1,104,,403384,,,1,70,,574943,,,1,33,,574945,,,1,71,,574935,,,1,26,,574944,,,1,70,,574939,,,1,29,,574934,,,1,70,,574936,,,1,30,,574949,,,1,70,,574941,,,1,30,,541493,,,1,70,,574938,,,1,32,,544798,,,1,70,,574940,,,1,31,,511617,,,1,70,,415844,,,1,29,,574942,,,1,70,,335107,,,1,29,,535264,,,1,70,,574937,,,1,30,,477084,,,1,70,,574953,,,1,30,,574951,,,1,67,,499399,,,1,32,,574952,,,1,71,,542139,,,1,30,,574957,,,1,70,,340941,,,1,32,,574948,,,1,67,,574955,,,1,30,,574954,,,1,68,,574956,,,1,99,,574947,,,1,99,,574946,,,1
2000,'14',542,,574974,,,1,104,,403648,,,1,70,,574967,,,1,33,,574969,,,1,71,,574959,,,1,26,,574968,,,1,70,,574963,,,1,29,,574958,,,1,70,,574960,,,1,30,,574973,,,1,70,,574965,,,1,30,,541645,,,1,70,,574962,,,1,32,,545046,,,1,70,,574964,,,1,31,,511816,,,1,70,,416201,,,1,29,,574966,,,1,70,,431425,,,1,29,,535442,,,1,70,,574961,,,1,30,,477370,,,1,70,,574977,,,1,30,,574975,,,1,67,,499725,,,1,32,,574976,,,1,71,,542358,,,1,30,,574981,,,1,70,,433032,,,1,32,,574972,,,1,67,,574979,,,1,30,,574978,,,1,68,,574980,,,1,99,,574971,,,1,99,,574970,,,1
2000,'15',542,,574998,,,1,104,,403687,,,1,70,,574991,,,1,33,,574993,,,1,71,,574983,,,1,26,,574992,,,1,70,,574987,,,1,29,,574982,,,1,70,,574984,,,1,30,,574997,,,1,70,,574989,,,1,30,,541613,,,1,70,,574986,,,1,32,,544994,,,1,70,,574988,,,1,31,,511758,,,1,70,,416261,,,1,29,,574990,,,1,70,,334994,,,1,29,,535402,,,1,70,,574985,,,1,30,,477310,,,1,70,,575001,,,1,30,,574999,,,1,67,,499651,,,1,32,,575000,,,1,71,,542306,,,1,30,,575005,,,1,70,,340940,,,1,32,,574996,,,1,67,,575003,,,1,30,,575002,,,1,68,,575004,,,1,99,,574995,,,1,99,,574994,,,1
2000,'16',542,,575019,,,1,104,,575029,,,1,70,,575034,,,1,33,,575020,,,1,71,,575028,,,1,26,,575021,,,1,70,,575016,,,1,29,,575033,,,1,70,,575026,,,1,30,,575008,,,1,70,,575025,,,1,30,,575032,,,1,70,,575036,,,1,32,,575030,,,1,70,,575012,,,1,31,,575010,,,1,70,,575018,,,1,29,,575023,,,1,70,,539304,,,1,29,,575006,,,1,70,,575011,,,1,30,,575009,,,1,70,,575015,,,1,30,,575031,,,1,67,,575007,,,1,32,,575035,,,1,71,,575017,,,1,30,,451947,,,1,70,,575014,,,1,32,,575024,,,1,67,,502590,,,1,30,,575027,,,1,68,,363574,,,1,99,,575013,,,1,99,,575022,,,1
2000,'17',542,,575053,,,1,104,,272978,,,1,70,,575046,,,1,33,,575048,,,1,71,,575038,,,1,26,,575047,,,1,70,,575042,,,1,29,,575037,,,1,70,,575039,,,1,30,,575052,,,1,70,,575044,,,1,30,,541597,,,1,70,,575041,,,1,32,,544968,,,1,70,,575043,,,1,31,,511729,,,1,70,,416069,,,1,29,,575045,,,1,70,,431306,,,1,29,,535382,,,1,70,,575040,,,1,30,,477280,,,1,70,,575056,,,1,30,,575054,,,1,67,,499614,,,1,32,,575055,,,1,71,,542280,,,1,30,,575060,,,1,70,,432868,,,1,32,,575051,,,1,67,,575058,,,1,30,,575057,,,1,68,,575059,,,1,99,,575050,,,1,99,,575049,,,1
2000,'18',542,,575077,,,1,104,,403453,,,1,70,,575070,,,1,33,,575072,,,1,71,,575062,,,1,26,,575071,,,1,70,,575066,,,1,29,,575061,,,1,70,,575063,,,1,30,,575076,,,1,70,,575068,,,1,30,,541769,,,1,70,,575065,,,1,32,,545263,,,1,70,,575067,,,1,31,,511956,,,1,70,,415942,,,1,29,,575069,,,1,70,,334838,,,1,29,,535580,,,1,70,,575064,,,1,30,,477588,,,1,70,,575080,,,1,30,,575078,,,1,67,,499981,,,1,32,,575079,,,1,71,,542545,,,1,30,,575084,,,1,70,,340938,,,1,32,,575075,,,1,67,,575082,,,1,30,,575081,,,1,68,,575083,,,1,99,,575074,,,1,99,,575073,,,1
2000,'19',542,,575104,,,1,104,,575097,,,1,70,,575098,,,1,33,,528968,,,1,71,,575086,,,1,26,,575099,,,1,70,,575091,,,1,29,,575085,,,1,70,,575087,,,1,30,,528103,,,1,70,,575095,,,1,30,,575113,,,1,70,,575089,,,1,32,,575114,,,1,70,,575094,,,1,31,,575109,,,1,70,,575092,,,1,29,,575096,,,1,70,,575110,,,1,29,,575090,,,1,70,,575088,,,1,30,,575100,,,1,70,,575107,,,1,30,,575105,,,1,67,,575101,,,1,32,,575106,,,1,71,,575093,,,1,30,,575115,,,1,70,,575112,,,1,32,,466872,,,1,67,,363326,,,1,30,,575108,,,1,68,,575111,,,1,99,,575103,,,1,99,,575102,,,1
2000,'2',941,,575128,,,1,70,,575134,,,1,32,,575131,,,1,70,,575135,,,1,30,,575123,,,1,70,,575121,,,1,30,,575137,,,1,70,,490986,,,1,30,,575118,,,1,70,,575116,,,1,31,,544530,,,1,70,,575133,,,1,30,,575129,,,1,70,,575124,,,1,30,,575136,,,1,70,,575127,,,1,30,,575130,,,1,70,,518942,,,1,29,,575122,,,1,70,,575125,,,1,30,,575132,,,1,70,,575117,,,1,28,,575119,,,1,70,,575120,,,1,99,,575126,,,1,100,,575138,,,1
2000,'20',542,,575155,,,1,104,,403486,,,1,70,,575148,,,1,33,,575150,,,1,71,,575140,,,1,26,,575149,,,1,70,,575144,,,1,29,,575139,,,1,70,,575141,,,1,30,,575154,,,1,70,,575146,,,1,30,,541725,,,1,70,,575143,,,1,32,,545181,,,1,70,,575145,,,1,31,,511900,,,1,70,,415992,,,1,29,,575147,,,1,70,,334894,,,1,29,,535526,,,1,70,,575142,,,1,30,,477505,,,1,70,,575158,,,1,30,,575156,,,1,67,,499882,,,1,32,,575157,,,1,71,,542475,,,1,30,,575162,,,1,70,,340939,,,1,32,,575153,,,1,67,,575160,,,1,30,,575159,,,1,68,,575161,,,1,99,,575152,,,1,99,,575151,,,1
2000,'21',542,,575174,,,1,104,,575182,,,1,70,,461793,,,1,33,,542625,,,1,71,,575181,,,1,26,,575176,,,1,70,,575171,,,1,29,,575188,,,1,70,,502465,,,1,30,,575165,,,1,70,,575179,,,1,30,,575187,,,1,70,,575190,,,1,32,,575183,,,1,70,,575167,,,1,31,,575166,,,1,70,,575173,,,1,29,,237690,,,1,70,,575186,,,1,29,,575163,,,1,70,,522372,,,1,30,,527616,,,1,70,,575170,,,1,30,,575184,,,1,67,,575164,,,1,32,,575189,,,1,71,,575172,,,1,30,,575178,,,1,70,,575169,,,1,32,,496005,,,1,67,,575175,,,1,30,,575180,,,1,68,,575185,,,1,99,,575168,,,1,99,,575177,,,1
2000,'22',542,,575213,,,1,104,,575203,,,1,70,,575204,,,1,33,,575207,,,1,71,,575192,,,1,26,,575205,,,1,70,,575197,,,1,29,,575191,,,1,70,,575193,,,1,30,,575212,,,1,70,,575201,,,1,30,,575222,,,1,70,,575195,,,1,32,,575223,,,1,70,,575200,,,1,31,,575218,,,1,70,,575198,,,1,29,,575202,,,1,70,,575220,,,1,29,,575196,,,1,70,,575194,,,1,30,,575206,,,1,70,,575216,,,1,30,,575214,,,1,67,,575208,,,1,32,,575215,,,1,71,,575199,,,1,30,,575224,,,1,70,,575221,,,1,32,,575211,,,1,67,,575219,,,1,30,,575217,,,1,68,,537885,,,1,99,,575210,,,1,99,,575209,,,1
2000,'23',542,,575238,,,1,104,,575250,,,1,70,,575257,,,1,33,,575239,,,1,71,,575249,,,1,26,,575241,,,1,70,,575235,,,1,29,,575256,,,1,70,,575247,,,1,30,,575227,,,1,70,,575246,,,1,30,,575255,,,1,70,,575259,,,1,32,,575251,,,1,70,,575231,,,1,31,,575229,,,1,70,,575237,,,1,29,,575243,,,1,70,,575254,,,1,29,,575225,,,1,70,,575230,,,1,30,,575228,,,1,70,,575234,,,1,30,,575252,,,1,67,,575226,,,1,32,,575258,,,1,71,,575236,,,1,30,,575244,,,1,70,,575233,,,1,32,,575245,,,1,67,,575240,,,1,30,,575248,,,1,68,,575253,,,1,99,,575232,,,1,99,,575242,,,1
2000,'3',941,,575274,,,1,70,,575281,,,1,32,,575277,,,1,70,,575282,,,1,30,,575268,,,1,70,,575266,,,1,30,,575284,,,1,70,,575262,,,1,30,,575263,,,1,70,,575260,,,1,31,,575270,,,1,70,,575279,,,1,30,,575275,,,1,70,,575269,,,1,30,,575283,,,1,70,,575273,,,1,30,,575276,,,1,70,,575280,,,1,29,,575267,,,1,70,,575271,,,1,30,,575278,,,1,70,,575261,,,1,28,,575264,,,1,70,,575265,,,1,99,,575272,,,1,100,,575285,,,1
2000,'4',712,,502624,,,1,100,,575308,,,1,30,,575288,,,1,70,,575298,,,1,31,,575307,,,1,70,,575286,,,1,32,,575305,,,1,70,,575292,,,1,30,,575301,,,1,70,,575290,,,1,30,,575287,,,1,70,,525460,,,1,30,,575293,,,1,70,,575304,,,1,31,,575289,,,1,70,,467972,,,1,30,,575299,,,1,70,,575291,,,1,30,,575294,,,1,70,,575297,,,1,30,,501257,,,1,70,,492678,,,1,29,,575296,,,1,70,,575303,,,1,30,,575302,,,1,80,,575295,,,1,98,,575309,,,1,99,,480780,,,1,100,,575300,,,1,100,,575306,,,1
2000,'5',542,,575328,,,1,104,,575324,,,1,103,,575323,,,1,99,,575321,,,1,97,,575326,,,1,100,,575322,,,1,100,,575320,,,1,102,,575313,,,1,101,,575317,,,1,99,,575327,,,1,99,,575315,,,1,100,,575325,,,1,100,,575311,,,1,99,,575314,,,1,101,,575319,,,1,102,,575318,,,1,97,,575316,,,1,167,,575310,,,1,99,,575312,,,1
2000,'6',542,,575340,,,1,104,,575349,,,1,70,,575354,,,1,33,,575341,,,1,71,,575348,,,1,26,,396429,,,1,70,,491580,,,1,29,,575353,,,1,70,,575347,,,1,30,,575331,,,1,70,,347802,,,1,30,,462847,,,1,70,,575355,,,1,32,,575350,,,1,70,,575334,,,1,31,,430449,,,1,70,,575339,,,1,29,,575344,,,1,70,,575352,,,1,29,,575329,,,1,70,,575333,,,1,30,,575332,,,1,70,,575337,,,1,30,,470107,,,1,67,,575330,,,1,32,,519277,,,1,71,,575338,,,1,30,,575345,,,1,70,,575336,,,1,32,,575346,,,1,67,,575342,,,1,30,,348862,,,1,68,,575351,,,1,99,,575335,,,1,99,,575343,,,1
2000,'7',941,,575368,,,1,70,,575374,,,1,32,,575371,,,1,70,,575375,,,1,30,,575363,,,1,70,,575361,,,1,30,,575377,,,1,70,,491255,,,1,30,,575358,,,1,70,,575356,,,1,31,,544705,,,1,70,,575373,,,1,30,,575369,,,1,70,,575364,,,1,30,,575376,,,1,70,,575367,,,1,30,,575370,,,1,70,,519109,,,1,29,,575362,,,1,70,,575365,,,1,30,,575372,,,1,70,,575357,,,1,28,,575359,,,1,70,,575360,,,1,99,,575366,,,1,100,,575378,,,1
2000,'8',542,,575395,,,1,104,,403624,,,1,70,,575388,,,1,33,,575390,,,1,71,,575380,,,1,26,,575389,,,1,70,,575384,,,1,29,,575379,,,1,70,,575381,,,1,30,,575394,,,1,70,,575386,,,1,30,,541629,,,1,70,,575383,,,1,32,,545020,,,1,70,,575385,,,1,31,,511787,,,1,70,,416171,,,1,29,,575387,,,1,70,,334782,,,1,29,,535422,,,1,70,,575382,,,1,30,,477340,,,1,70,,575398,,,1,30,,575396,,,1,67,,499688,,,1,32,,575397,,,1,71,,542332,,,1,30,,575402,,,1,70,,340937,,,1,32,,575393,,,1,67,,575400,,,1,30,,575399,,,1,68,,575401,,,1,99,,575392,,,1,99,,575391,,,1
2000,'9',542,,575414,,,1,104,,575423,,,1,70,,575428,,,1,33,,575415,,,1,71,,575422,,,1,26,,396277,,,1,70,,492252,,,1,29,,575427,,,1,70,,575421,,,1,30,,575405,,,1,70,,347482,,,1,30,,463572,,,1,70,,575429,,,1,32,,575424,,,1,70,,575408,,,1,31,,430271,,,1,70,,575413,,,1,29,,575418,,,1,70,,575426,,,1,29,,575403,,,1,70,,575407,,,1,30,,575406,,,1,70,,575411,,,1,30,,470462,,,1,67,,575404,,,1,32,,519622,,,1,71,,575412,,,1,30,,575419,,,1,70,,575410,,,1,32,,575420,,,1,67,,575416,,,1,30,,348554,,,1,68,,575425,,,1,99,,575409,,,1,99,,575417,,,1
