22801,'1',1650,,374808,57,,,0,82,,374809,57,,,0,97,,296253,57,,,0
22801,'11',1651,,374812,57,,,0,80,,374811,57,,,0,98,,374810,57,,,0
22801,'13',1651,,374815,57,,,0,80,,374814,57,,,0,98,,374813,57,,,0
22801,'14',1651,,374818,57,,,0,80,,374817,57,,,0,98,,374816,57,,,0
22801,'2',1651,,374820,57,,,0,80,,284057,57,,,0,98,,374819,57,,,0
22801,'3',1651,,374823,57,,,0,80,,374822,57,,,0,98,,374821,57,,,0
22801,'4',1651,,374826,57,,,0,80,,374824,57,,,0,98,,374825,57,,,0
22801,'5',1651,,374829,57,,,0,80,,374828,57,,,0,98,,374827,57,,,0
22801,'6',1651,,374832,57,,,0,80,,374831,57,,,0,98,,374830,57,,,0
22801,'7',1651,,374834,57,,,0,80,,283922,57,,,0,98,,374833,57,,,0
22801,'9',1651,,374837,57,,,0,80,,374836,57,,,0,98,,374835,57,,,0
30201,'14',1512,,376068,51,,,0
30201,'2',1512,,376069,51,,,0
