3400,'1',546,,318497,27,,,0,75,,282409,24,,,0,31,,318503,24,,,0,71,,318496,24,,,0,30,,318490,24,,,0,70,,318510,24,,,0,29,,318511,24,,,0,70,,318487,24,,,0,29,,318491,24,,,0,69,,318488,24,,,0,30,,318508,24,,,0,70,,318505,24,,,0,30,,318513,24,,,0,70,,318506,24,,,0,31,,318514,24,,,0,70,,318499,24,,,0,30,,318494,24,,,0,70,,318516,24,,,0,30,,318515,24,,,0,73,,318502,24,,,0,30,,318498,24,,,0,70,,318500,24,,,0,28,,318492,24,,,0,70,,318504,24,,,0,29,,318489,24,,,0,70,,318493,24,,,0,30,,232503,24,,,0,70,,318507,24,,,0,30,,318512,24,,,0,70,,318495,24,,,0,30,,318501,24,,,0,70,,229527,24,,,0,30,,318509,24,,,0
3400,'10',703,,318532,24,,,0,100,,318526,24,,,0,30,,318528,24,,,0,70,,318524,24,,,0,30,,284861,24,,,0,70,,318522,24,,,0,30,,318534,24,,,0,70,,210560,24,,,0,30,,283363,24,,,0,70,,251347,24,,,0,30,,318527,24,,,0,70,,287064,24,,,0,30,,318531,24,,,0,70,,242498,24,,,0,30,,318518,24,,,0,70,,318519,24,,,0,30,,318521,24,,,0,70,,220066,24,,,0,30,,318529,24,,,0,70,,318523,24,,,0,30,,318533,24,,,0,70,,264622,24,,,0,30,,318530,24,,,0,70,,318520,24,,,0,30,,318517,24,,,0,75,,318525,24,,,0
3400,'11',546,,272843,27,,,0,75,,318538,24,,,0,31,,318537,24,,,0,71,,318558,24,,,0,30,,318550,24,,,0,49,,278064,27,0,23 24,0,21,,318560,24,,,0,29,,318549,24,,,0,70,,318541,24,,,0,29,,318553,24,,,0,69,,266438,24,,,0,30,,291592,24,,,0,70,,215171,24,,,0,30,,318543,24,,,0,70,,318547,24,,,0,31,,318546,24,,,0,70,,318535,24,,,0,30,,318542,24,,,0,70,,318539,24,,,0,30,,318544,24,,,0,73,,318554,24,,,0,30,,203679,24,,,0,70,,232575,24,,,0,28,,318557,24,,,0,70,,318559,24,,,0,29,,318556,24,,,0,70,,318536,24,,,0,30,,225725,24,,,0,70,,295994,24,,,0,30,,318551,24,,,0,70,,318545,24,,,0,30,,318552,24,,,0,70,,318555,24,,,0,30,,318548,24,,,0
3400,'12',753,,290336,24,,,0,100,,318572,24,,,0,96,,318565,24,,,0,70,,318579,24,,,0,30,,318580,24,,,0,70,,318568,24,,,0,30,,318566,24,,,0,70,,318574,24,,,0,30,,318569,24,,,0,70,,318563,24,,,0,30,,318576,24,,,0,70,,318577,24,,,0,30,,318570,24,,,0,70,,318575,24,,,0,82,,318573,24,,,0,18,,318562,24,,,0,30,,318571,24,,,0,70,,318564,24,,,0,30,,318567,24,,,0,70,,318578,24,,,0,83,,318561,24,,,0
3400,'13',546,,272886,27,,,0,75,,318584,24,,,0,31,,318583,24,,,0,71,,318604,24,,,0,30,,318596,24,,,0,49,,278090,27,0,23 24,0,21,,318606,24,,,0,29,,318595,24,,,0,70,,318587,24,,,0,29,,318599,24,,,0,69,,266484,24,,,0,30,,291619,24,,,0,70,,215211,24,,,0,30,,318589,24,,,0,70,,318593,24,,,0,31,,318592,24,,,0,70,,318581,24,,,0,30,,318588,24,,,0,70,,318585,24,,,0,30,,318590,24,,,0,73,,318600,24,,,0,30,,203622,24,,,0,70,,232600,24,,,0,28,,318603,24,,,0,70,,318605,24,,,0,29,,318602,24,,,0,70,,318582,24,,,0,30,,225763,24,,,0,70,,295995,24,,,0,30,,318597,24,,,0,70,,318591,24,,,0,30,,318598,24,,,0,70,,318601,24,,,0,30,,318594,24,,,0
3400,'14',546,,273048,27,,,0,75,,318610,24,,,0,31,,318609,24,,,0,71,,318630,24,,,0,30,,318622,24,,,0,49,,278212,27,0,23 24,0,21,,318632,24,,,0,29,,318621,24,,,0,70,,318613,24,,,0,29,,318625,24,,,0,69,,266673,24,,,0,30,,291722,24,,,0,70,,215374,24,,,0,30,,318615,24,,,0,70,,318619,24,,,0,31,,318618,24,,,0,70,,318607,24,,,0,30,,318614,24,,,0,70,,318611,24,,,0,30,,318616,24,,,0,73,,318626,24,,,0,30,,203654,24,,,0,70,,232705,24,,,0,28,,318629,24,,,0,70,,318631,24,,,0,29,,318628,24,,,0,70,,318608,24,,,0,30,,225882,24,,,0,70,,295996,24,,,0,30,,318623,24,,,0,70,,318617,24,,,0,30,,318624,24,,,0,70,,318627,24,,,0,30,,318620,24,,,0
3400,'15',753,,318638,24,,,0,100,,318642,24,,,0,96,,318637,24,,,0,70,,318649,24,,,0,30,,247904,24,,,0,70,,318639,24,,,0,30,,240891,24,,,0,70,,318644,24,,,0,30,,280854,24,,,0,70,,318635,24,,,0,30,,318646,24,,,0,70,,318647,24,,,0,30,,318640,24,,,0,70,,318645,24,,,0,82,,318643,24,,,0,18,,318634,24,,,0,30,,318641,24,,,0,70,,318636,24,,,0,30,,244504,24,,,0,70,,318648,24,,,0,83,,318633,24,,,0
3400,'16',703,,318667,24,,,0,100,,318658,24,,,0,30,,318663,24,,,0,70,,318656,24,,,0,30,,318672,24,,,0,70,,228292,24,,,0,30,,318670,24,,,0,70,,318671,24,,,0,30,,318652,24,,,0,70,,318660,24,,,0,30,,318661,24,,,0,70,,318662,24,,,0,30,,318666,24,,,0,70,,318650,24,,,0,30,,318651,24,,,0,70,,246453,24,,,0,30,,318654,24,,,0,70,,318659,24,,,0,30,,318664,24,,,0,70,,318655,24,,,0,30,,318669,24,,,0,70,,318668,24,,,0,30,,318665,24,,,0,70,,318653,24,,,0,30,,237711,24,,,0,75,,318657,24,,,0
3400,'2',546,,318697,27,,,0,75,,216474,24,,,0,31,,318675,24,,,0,71,,318701,24,,,0,30,,318692,24,,,0,49,,318682,27,0,23 24,0,21,,318704,24,,,0,29,,318691,24,,,0,70,,318679,24,,,0,29,,318695,24,,,0,69,,318687,24,,,0,30,,318700,24,,,0,70,,318690,24,,,0,30,,318681,24,,,0,70,,318686,24,,,0,31,,318685,24,,,0,70,,318673,24,,,0,30,,318680,24,,,0,70,,318676,24,,,0,30,,318683,24,,,0,73,,318696,24,,,0,30,,318693,24,,,0,70,,318689,24,,,0,28,,318699,24,,,0,70,,318702,24,,,0,29,,318698,24,,,0,70,,318674,24,,,0,30,,318703,24,,,0,70,,318678,24,,,0,30,,245083,24,,,0,70,,318684,24,,,0,30,,318694,24,,,0,70,,224992,24,,,0,30,,318688,24,,,0
3400,'3',546,,318727,27,,,0,75,,318708,24,,,0,31,,318707,24,,,0,71,,318731,24,,,0,30,,211036,24,,,0,49,,318715,27,0,23 24,0,21,,318734,24,,,0,29,,318721,24,,,0,70,,318712,24,,,0,29,,318725,24,,,0,69,,318718,24,,,0,30,,318730,24,,,0,70,,318720,24,,,0,30,,318714,24,,,0,70,,234667,24,,,0,31,,181685,24,,,0,70,,318705,24,,,0,30,,318713,24,,,0,70,,318709,24,,,0,30,,318716,24,,,0,73,,318726,24,,,0,30,,318722,24,,,0,70,,318719,24,,,0,28,,266008,24,,,0,70,,318732,24,,,0,29,,318729,24,,,0,70,,318706,24,,,0,30,,318733,24,,,0,70,,318711,24,,,0,30,,318723,24,,,0,70,,318717,24,,,0,30,,318724,24,,,0,70,,318728,24,,,0,30,,266000,24,,,0
3400,'4',546,,318753,27,,,0,75,,318757,24,,,0,31,,318735,24,,,0,71,,318761,24,,,0,30,,223524,24,,,0,70,,268442,24,,,0,29,,318750,24,,,0,70,,318740,24,,,0,29,,318744,24,,,0,69,,318738,24,,,0,30,,318748,24,,,0,70,,281355,24,,,0,30,,318751,24,,,0,70,,318741,24,,,0,31,,318749,24,,,0,70,,318747,24,,,0,30,,252153,24,,,0,70,,318756,24,,,0,30,,318746,24,,,0,73,,318759,24,,,0,30,,318754,24,,,0,70,,318743,24,,,0,28,,318736,24,,,0,70,,263445,24,,,0,29,,318745,24,,,0,70,,318760,24,,,0,30,,318742,24,,,0,70,,318758,24,,,0,30,,318737,24,,,0,70,,318752,24,,,0,30,,318739,24,,,0,70,,275750,24,,,0,30,,318755,24,,,0
3400,'5',546,,318784,27,,,0,75,,318765,24,,,0,31,,318764,24,,,0,71,,318788,24,,,0,30,,211189,24,,,0,49,,318772,27,0,23 24,0,21,,318791,24,,,0,29,,318778,24,,,0,70,,318769,24,,,0,29,,318782,24,,,0,69,,318775,24,,,0,30,,318787,24,,,0,70,,318777,24,,,0,30,,318771,24,,,0,70,,122125,24,,,0,31,,262948,24,,,0,70,,318762,24,,,0,30,,318770,24,,,0,70,,318766,24,,,0,30,,318773,24,,,0,73,,318783,24,,,0,30,,318779,24,,,0,70,,318776,24,,,0,28,,266105,24,,,0,70,,318789,24,,,0,29,,318786,24,,,0,70,,318763,24,,,0,30,,318790,24,,,0,70,,318768,24,,,0,30,,318780,24,,,0,70,,318774,24,,,0,30,,318781,24,,,0,70,,318785,24,,,0,30,,266097,24,,,0
3400,'6',546,,272607,27,,,0,75,,318795,24,,,0,31,,318794,24,,,0,71,,318815,24,,,0,30,,318807,24,,,0,49,,277894,27,0,23 24,0,21,,318817,24,,,0,29,,318806,24,,,0,70,,318798,24,,,0,29,,318810,24,,,0,69,,266177,24,,,0,30,,291428,24,,,0,70,,214923,24,,,0,30,,318800,24,,,0,70,,318804,24,,,0,31,,318803,24,,,0,70,,318792,24,,,0,30,,318799,24,,,0,70,,318796,24,,,0,30,,318801,24,,,0,73,,318811,24,,,0,30,,203674,24,,,0,70,,232424,24,,,0,28,,318814,24,,,0,70,,318816,24,,,0,29,,318813,24,,,0,70,,318793,24,,,0,30,,225510,24,,,0,70,,295992,24,,,0,30,,318808,24,,,0,70,,318802,24,,,0,30,,318809,24,,,0,70,,318812,24,,,0,30,,318805,24,,,0
3400,'7',546,,318842,27,,,0,75,,216354,24,,,0,31,,318820,24,,,0,71,,318846,24,,,0,30,,318837,24,,,0,49,,318827,27,0,23 24,0,21,,318849,24,,,0,29,,318836,24,,,0,70,,318824,24,,,0,29,,318840,24,,,0,69,,318832,24,,,0,30,,318845,24,,,0,70,,318835,24,,,0,30,,318826,24,,,0,70,,318831,24,,,0,31,,318830,24,,,0,70,,318818,24,,,0,30,,318825,24,,,0,70,,318821,24,,,0,30,,318828,24,,,0,73,,318841,24,,,0,30,,318838,24,,,0,70,,318834,24,,,0,28,,318844,24,,,0,70,,318847,24,,,0,29,,318843,24,,,0,70,,318819,24,,,0,30,,318848,24,,,0,70,,318823,24,,,0,30,,244986,24,,,0,70,,318829,24,,,0,30,,318839,24,,,0,70,,224902,24,,,0,30,,318833,24,,,0
3400,'8',753,,290673,24,,,0,100,,318861,24,,,0,96,,318854,24,,,0,70,,318868,24,,,0,30,,318869,24,,,0,70,,318857,24,,,0,30,,318855,24,,,0,70,,318863,24,,,0,30,,318858,24,,,0,70,,318852,24,,,0,30,,318865,24,,,0,70,,318866,24,,,0,30,,318859,24,,,0,70,,318864,24,,,0,82,,318862,24,,,0,18,,318851,24,,,0,30,,318860,24,,,0,70,,318853,24,,,0,30,,318856,24,,,0,70,,318867,24,,,0,83,,318850,24,,,0
3400,'9',546,,272499,27,,,0,75,,318873,24,,,0,31,,318872,24,,,0,71,,318893,24,,,0,30,,318885,24,,,0,49,,277814,27,0,23 24,0,21,,318895,24,,,0,29,,318884,24,,,0,70,,318876,24,,,0,29,,318888,24,,,0,69,,266057,24,,,0,30,,291349,24,,,0,70,,214818,24,,,0,30,,318878,24,,,0,70,,318882,24,,,0,31,,318881,24,,,0,70,,318870,24,,,0,30,,318877,24,,,0,70,,318874,24,,,0,30,,318879,24,,,0,73,,318889,24,,,0,30,,203659,24,,,0,70,,232351,24,,,0,28,,318892,24,,,0,70,,318894,24,,,0,29,,318891,24,,,0,70,,318871,24,,,0,30,,225406,24,,,0,70,,295991,24,,,0,30,,318886,24,,,0,70,,318880,24,,,0,30,,318887,24,,,0,70,,318890,24,,,0,30,,318883,24,,,0
63401,'11',1448,,376601,28,,,0
63401,'13',1448,,376602,28,,,0
63401,'14',1448,,376603,28,,,0
63401,'2',1448,,376604,28,,,0
63401,'3',1448,,376605,28,,,0
63401,'5',1448,,376606,28,,,0
63401,'6',1448,,376607,28,,,0
63401,'7',1448,,376608,28,,,0
63401,'9',1448,,376609,28,,,0
