6000,'10',614,,60759,16,,,1,30,,60737,16,,,1,70,,60746,16,,,1,30,,60753,16,,,1,72,,60750,16,,,1,28,,60741,16,,,1,71,,60758,16,,,1,30,,60748,16,,,1,70,,60738,16,,,1,30,,60754,16,,,1,72,,60760,16,,,1,30,,60757,16,,,1,70,,60756,16,,,1,30,,60765,16,,,1,70,,60734,16,,,1,30,,60762,16,,,1,100,,60755,16,,,1,102,,60740,16,,,1,64,,60735,36,,,1,34,,60763,36,,,1,70,,60761,36,,,1,26,,60752,36,,,1,70,,60739,36,,,1,30,,60745,36,,,1,72,,60751,36,,,1,28,,60747,16,,,1,70,,60744,16,,,1,30,,60736,16,,,1,70,,60742,16,,,1,30,,60733,16,,,1,70,,60764,16,,,1,100,,60743,16,,,1,100,,60749,16,,,1
6000,'11',614,,60792,16,,,1,30,,60770,16,,,1,70,,60779,16,,,1,30,,60786,16,,,1,72,,60783,16,,,1,28,,60774,16,,,1,71,,60791,16,,,1,30,,60781,16,,,1,70,,60771,16,,,1,30,,60787,16,,,1,72,,60793,16,,,1,30,,60790,16,,,1,70,,60789,16,,,1,30,,60798,16,,,1,70,,60767,16,,,1,30,,60795,16,,,1,100,,60788,16,,,1,102,,60773,16,,,1,64,,60768,36,,,1,34,,60796,36,,,1,70,,60794,36,,,1,26,,60785,36,,,1,70,,60772,36,,,1,30,,60778,36,,,1,72,,60784,36,,,1,28,,60780,16,,,1,70,,60777,16,,,1,30,,60769,16,,,1,70,,60775,16,,,1,30,,60766,16,,,1,70,,60797,16,,,1,100,,60776,16,,,1,100,,60782,16,,,1
6000,'12',614,,60825,16,,,1,30,,60803,16,,,1,70,,60812,16,,,1,30,,60819,16,,,1,72,,60816,16,,,1,28,,60807,16,,,1,71,,60824,16,,,1,30,,60814,16,,,1,70,,60804,16,,,1,30,,60820,16,,,1,72,,60826,16,,,1,30,,60823,16,,,1,70,,60822,16,,,1,30,,60831,16,,,1,70,,60800,16,,,1,30,,60828,16,,,1,100,,60821,16,,,1,102,,60806,16,,,1,64,,60801,36,,,1,34,,60829,36,,,1,70,,60827,36,,,1,26,,60818,36,,,1,70,,60805,36,,,1,30,,60811,36,,,1,72,,60817,36,,,1,28,,60813,16,,,1,70,,60810,16,,,1,30,,60802,16,,,1,70,,60808,16,,,1,30,,60799,16,,,1,70,,60830,16,,,1,100,,60809,16,,,1,100,,60815,16,,,1
6000,'13',614,,60851,16,,,1,30,,60832,16,,,1,70,,60856,16,,,1,30,,60857,16,,,1,72,,60850,16,,,1,30,,60863,16,,,1,69,,60848,16,,,1,30,,60840,16,,,1,70,,60855,16,,,1,30,,60861,16,,,1,72,,60837,16,,,1,30,,60847,16,,,1,70,,60849,16,,,1,30,,60860,16,,,1,70,,60853,16,,,1,30,,60862,16,,,1,70,,60854,16,,,1,30,,60858,16,,,1,70,,60835,16,,,1,30,,60866,16,,,1,66,,60846,36,,,1,34,,60834,36,,,1,69,,60841,36,,,1,27,,60833,36,,,1,70,,60836,36,,,1,30,,60843,36,,,1,72,,60859,36,,,1,28,,60838,16,,,1,70,,60865,16,,,1,30,,60864,16,,,1,70,,60844,16,,,1,30,,60842,16,,,1,70,,60845,16,,,1,100,,60839,16,,,1,100,,60852,16,,,1
6000,'15',614,,60893,16,,,1,30,,60871,16,,,1,70,,60880,16,,,1,30,,60887,16,,,1,72,,60884,16,,,1,28,,60875,16,,,1,71,,60892,16,,,1,30,,60882,16,,,1,70,,60872,16,,,1,30,,60888,16,,,1,72,,60894,16,,,1,30,,60891,16,,,1,70,,60890,16,,,1,30,,60899,16,,,1,70,,60868,16,,,1,30,,60896,16,,,1,100,,60889,16,,,1,102,,60874,16,,,1,64,,60869,36,,,1,34,,60897,36,,,1,70,,60895,36,,,1,26,,60886,36,,,1,70,,60873,36,,,1,30,,60879,36,,,1,72,,60885,36,,,1,28,,60881,16,,,1,70,,60878,16,,,1,30,,60870,16,,,1,70,,60876,16,,,1,30,,60867,16,,,1,70,,60898,16,,,1,100,,60877,16,,,1,100,,60883,16,,,1
6000,'16',614,,60926,16,,,1,30,,60904,16,,,1,70,,60913,16,,,1,30,,60920,16,,,1,72,,60917,16,,,1,28,,60908,16,,,1,71,,60925,16,,,1,30,,60915,16,,,1,70,,60905,16,,,1,30,,60921,16,,,1,72,,60927,16,,,1,30,,60924,16,,,1,70,,60923,16,,,1,30,,60932,16,,,1,70,,60901,16,,,1,30,,60929,16,,,1,100,,60922,16,,,1,102,,60907,16,,,1,64,,60902,36,,,1,34,,60930,36,,,1,70,,60928,36,,,1,26,,60919,36,,,1,70,,60906,36,,,1,30,,60912,36,,,1,72,,60918,36,,,1,28,,60914,16,,,1,70,,60911,16,,,1,30,,60903,16,,,1,70,,60909,16,,,1,30,,60900,16,,,1,70,,60931,16,,,1,100,,60910,16,,,1,100,,60916,16,,,1
6000,'17',614,,60952,16,,,1,30,,60933,16,,,1,70,,60957,16,,,1,30,,60958,16,,,1,72,,60951,16,,,1,30,,60964,16,,,1,69,,60949,16,,,1,30,,60941,16,,,1,70,,60956,16,,,1,30,,60962,16,,,1,72,,60938,16,,,1,30,,60948,16,,,1,70,,60950,16,,,1,30,,60961,16,,,1,70,,60954,16,,,1,30,,60963,16,,,1,70,,60955,16,,,1,30,,60959,16,,,1,70,,60936,16,,,1,30,,60967,16,,,1,66,,60947,36,,,1,34,,60935,36,,,1,69,,60942,36,,,1,27,,60934,36,,,1,70,,60937,36,,,1,30,,60944,36,,,1,72,,60960,36,,,1,28,,60939,16,,,1,70,,60966,16,,,1,30,,60965,16,,,1,70,,60945,16,,,1,30,,60943,16,,,1,70,,60946,16,,,1,100,,60940,16,,,1,100,,60953,16,,,1
6000,'18',614,,60982,16,,,1,30,,60968,16,,,1,70,,60980,16,,,1,30,,60972,16,,,1,72,,60999,16,,,1,30,,60985,16,,,1,69,,60969,16,,,1,30,,60981,16,,,1,70,,60976,16,,,1,30,,60977,16,,,1,72,,60990,16,,,1,30,,60974,16,,,1,70,,60970,16,,,1,30,,60994,16,,,1,70,,61001,16,,,1,30,,60997,16,,,1,70,,60998,16,,,1,30,,60978,16,,,1,70,,60993,16,,,1,32,,60979,16,,,1,64,,60983,36,,,1,32,,60971,36,,,1,71,,60984,36,,,1,29,,61000,36,,,1,70,,60986,36,,,1,30,,60992,36,,,1,70,,60975,36,,,1,28,,60991,16,,,1,70,,60995,16,,,1,30,,60996,16,,,1,70,,60973,16,,,1,30,,60989,16,,,1,70,,61002,16,,,1,100,,60988,16,,,1,100,,60987,16,,,1
6000,'19',614,,61022,16,,,1,30,,61003,16,,,1,70,,61027,16,,,1,30,,61028,16,,,1,72,,61021,16,,,1,30,,61034,16,,,1,69,,61019,16,,,1,30,,61011,16,,,1,70,,61026,16,,,1,30,,61032,16,,,1,72,,61008,16,,,1,30,,61018,16,,,1,70,,61020,16,,,1,30,,61031,16,,,1,70,,61024,16,,,1,30,,61033,16,,,1,70,,61025,16,,,1,30,,61029,16,,,1,70,,61006,16,,,1,30,,61037,16,,,1,66,,61017,36,,,1,34,,61005,36,,,1,69,,61012,36,,,1,27,,61004,36,,,1,70,,61007,36,,,1,30,,61014,36,,,1,72,,61030,36,,,1,28,,61009,16,,,1,70,,61036,16,,,1,30,,61035,16,,,1,70,,61015,16,,,1,30,,61013,16,,,1,70,,61016,16,,,1,100,,61010,16,,,1,100,,61023,16,,,1
6000,'3',614,,61064,16,,,1,30,,61042,16,,,1,70,,61051,16,,,1,30,,61058,16,,,1,72,,61055,16,,,1,28,,61046,16,,,1,71,,61063,16,,,1,30,,61053,16,,,1,70,,61043,16,,,1,30,,61059,16,,,1,72,,61065,16,,,1,30,,61062,16,,,1,70,,61061,16,,,1,30,,61070,16,,,1,70,,61039,16,,,1,30,,61067,16,,,1,100,,61060,16,,,1,102,,61045,16,,,1,64,,61040,36,,,1,34,,61068,36,,,1,70,,61066,36,,,1,26,,61057,36,,,1,70,,61044,36,,,1,30,,61050,36,,,1,72,,61056,36,,,1,28,,61052,16,,,1,70,,61049,16,,,1,30,,61041,16,,,1,70,,61047,16,,,1,30,,61038,16,,,1,70,,61069,16,,,1,100,,61048,16,,,1,100,,61054,16,,,1
6000,'4',614,,61097,16,,,1,30,,61075,16,,,1,70,,61084,16,,,1,30,,61091,16,,,1,72,,61088,16,,,1,28,,61079,16,,,1,71,,61096,16,,,1,30,,61086,16,,,1,70,,61076,16,,,1,30,,61092,16,,,1,72,,61098,16,,,1,30,,61095,16,,,1,70,,61094,16,,,1,30,,61103,16,,,1,70,,61072,16,,,1,30,,61100,16,,,1,100,,61093,16,,,1,102,,61078,16,,,1,64,,61073,36,,,1,34,,61101,36,,,1,70,,61099,36,,,1,26,,61090,36,,,1,70,,61077,36,,,1,30,,61083,36,,,1,72,,61089,36,,,1,28,,61085,16,,,1,70,,61082,16,,,1,30,,61074,16,,,1,70,,61080,16,,,1,30,,61071,16,,,1,70,,61102,16,,,1,100,,61081,16,,,1,100,,61087,16,,,1
6000,'5',614,,61123,16,,,1,30,,61104,16,,,1,70,,61128,16,,,1,30,,61129,16,,,1,72,,61122,16,,,1,30,,61135,16,,,1,69,,61120,16,,,1,30,,61112,16,,,1,70,,61127,16,,,1,30,,61133,16,,,1,72,,61109,16,,,1,30,,61119,16,,,1,70,,61121,16,,,1,30,,61132,16,,,1,70,,61125,16,,,1,30,,61134,16,,,1,70,,61126,16,,,1,30,,61130,16,,,1,70,,61107,16,,,1,30,,61138,16,,,1,66,,61118,36,,,1,34,,61106,36,,,1,69,,61113,36,,,1,27,,61105,36,,,1,70,,61108,36,,,1,30,,61115,36,,,1,72,,61131,36,,,1,28,,61110,16,,,1,70,,61137,16,,,1,30,,61136,16,,,1,70,,61116,16,,,1,30,,61114,16,,,1,70,,61117,16,,,1,100,,61111,16,,,1,100,,61124,16,,,1
6000,'6',614,,61165,16,,,1,30,,61143,16,,,1,70,,61152,16,,,1,30,,61159,16,,,1,72,,61156,16,,,1,28,,61147,16,,,1,71,,61164,16,,,1,30,,61154,16,,,1,70,,61144,16,,,1,30,,61160,16,,,1,72,,61166,16,,,1,30,,61163,16,,,1,70,,61162,16,,,1,30,,61171,16,,,1,70,,61140,16,,,1,30,,61168,16,,,1,100,,61161,16,,,1,102,,61146,16,,,1,64,,61141,36,,,1,34,,61169,36,,,1,70,,61167,36,,,1,26,,61158,36,,,1,70,,61145,36,,,1,30,,61151,36,,,1,72,,61157,36,,,1,28,,61153,16,,,1,70,,61150,16,,,1,30,,61142,16,,,1,70,,61148,16,,,1,30,,61139,16,,,1,70,,61170,16,,,1,100,,61149,16,,,1,100,,61155,16,,,1
6000,'7',614,,61191,16,,,1,30,,61172,16,,,1,70,,61196,16,,,1,30,,61197,16,,,1,72,,61190,16,,,1,30,,61203,16,,,1,69,,61188,16,,,1,30,,61180,16,,,1,70,,61195,16,,,1,30,,61201,16,,,1,72,,61177,16,,,1,30,,61187,16,,,1,70,,61189,16,,,1,30,,61200,16,,,1,70,,61193,16,,,1,30,,61202,16,,,1,70,,61194,16,,,1,30,,61198,16,,,1,70,,61175,16,,,1,30,,61206,16,,,1,66,,61186,36,,,1,34,,61174,36,,,1,69,,61181,36,,,1,27,,61173,36,,,1,70,,61176,36,,,1,30,,61183,36,,,1,72,,61199,36,,,1,28,,61178,16,,,1,70,,61205,16,,,1,30,,61204,16,,,1,70,,61184,16,,,1,30,,61182,16,,,1,70,,61185,16,,,1,100,,61179,16,,,1,100,,61192,16,,,1
16100,'10',1628,,107687,54,,,1,28,,107678,54,,,1,70,,107661,54,,,1,30,,107664,54,,,1,70,,107682,54,,,1,23,,107663,54,,,1,70,,107671,54,,,1
16100,'11',1628,,107723,54,,,1,28,,107714,54,,,1,70,,107697,54,,,1,30,,107700,54,,,1,70,,107718,54,,,1,23,,107699,54,,,1,70,,107707,54,,,1
16100,'12',1628,,107759,54,,,1,28,,107750,54,,,1,70,,107733,54,,,1,30,,107736,54,,,1,70,,107754,54,,,1,23,,107735,54,,,1,70,,107743,54,,,1
16100,'13',1624,,107769,54,,,1,30,,107770,54,,,1,72,,107773,54,,,1,30,,107785,54,,,1,70,,107778,54,,,1,23,,107774,54,,,1,70,,107767,54,,,1
16100,'15',1628,,107846,54,,,1,28,,107837,54,,,1,70,,107820,54,,,1,30,,107823,54,,,1,70,,107841,54,,,1,23,,107822,54,,,1,70,,107830,54,,,1
16100,'16',1628,,107882,54,,,1,28,,107873,54,,,1,70,,107856,54,,,1,30,,107859,54,,,1,70,,107877,54,,,1,23,,107858,54,,,1,70,,107866,54,,,1
16100,'17',1624,,107892,54,,,1,30,,107893,54,,,1,72,,107896,54,,,1,30,,107908,54,,,1,70,,107901,54,,,1,23,,107897,54,,,1,70,,107890,54,,,1
16100,'18',1658,,107939,54,,,1,98,,107928,54,,,1,93,,107927,54,,,1
16100,'19',1624,,107946,54,,,1,30,,107947,54,,,1,72,,107950,54,,,1,30,,107962,54,,,1,70,,107955,54,,,1,23,,107951,54,,,1,70,,107944,54,,,1
16100,'3',1628,,108024,54,,,1,28,,108015,54,,,1,70,,107998,54,,,1,30,,108001,54,,,1,70,,108019,54,,,1,23,,108000,54,,,1,70,,108008,54,,,1
16100,'4',1628,,108060,54,,,1,28,,108051,54,,,1,70,,108034,54,,,1,30,,108037,54,,,1,70,,108055,54,,,1,23,,108036,54,,,1,70,,108044,54,,,1
16100,'5',1624,,108070,54,,,1,30,,108071,54,,,1,72,,108074,54,,,1,30,,108086,54,,,1,70,,108079,54,,,1,23,,108075,54,,,1,70,,108068,54,,,1
16100,'6',1628,,108131,54,,,1,28,,108122,54,,,1,70,,108105,54,,,1,30,,108108,54,,,1,70,,108126,54,,,1,23,,108107,54,,,1,70,,108115,54,,,1
16100,'7',1624,,108141,54,,,1,30,,108142,54,,,1,72,,108145,54,,,1,30,,108157,54,,,1,70,,108150,54,,,1,23,,108146,54,,,1,70,,108139,54,,,1
16301,'1',738,,110099,16,,,1,100,,110106,16,,,1,70,,110091,16,,,1,30,,110104,16,,,1,70,,110092,16,,,1,30,,110090,16,,,1,70,,110087,16,,,1,30,,110089,16,,,1,70,,110100,16,,,1,30,,110103,16,,,1,70,,110088,16,,,1,30,,110093,16,,,1,70,,110095,16,,,1,30,,110086,16,,,1,70,,110097,16,,,1,30,,110102,16,,,1,70,,110101,16,,,1,30,,110098,16,,,1,70,,110096,16,,,1,100,,110094,16,,,1,100,,110105,16,,,1
16301,'10',610,,110113,16,,,1,30,,110119,16,,,1,70,,110115,16,,,1,30,,110120,16,,,1,68,,110125,16,,,1,33,,110123,16,,,1,66,,110131,16,,,1,30,,110118,16,,,1,70,,110116,16,,,1,30,,110132,16,,,1,70,,110130,16,,,1,30,,110108,16,,,1,70,,110124,16,,,1,30,,110110,16,,,1,70,,110134,16,,,1,30,,110112,16,,,1,70,,110133,16,,,1,33,,110114,16,,,1,70,,110129,16,,,1,30,,110111,16,,,1,100,,110107,16,,,1,70,,110128,16,,,1,98,,110127,16,,,1,30,,110109,16,,,1,70,,110126,16,,,1,30,,110121,16,,,1,68,,110117,16,,,1,100,,110135,16,,,1,100,,110122,16,,,1
16301,'11',610,,110142,16,,,1,30,,110148,16,,,1,70,,110144,16,,,1,30,,110149,16,,,1,68,,110154,16,,,1,33,,110152,16,,,1,66,,110160,16,,,1,30,,110147,16,,,1,70,,110145,16,,,1,30,,110161,16,,,1,70,,110159,16,,,1,30,,110137,16,,,1,70,,110153,16,,,1,30,,110139,16,,,1,70,,110163,16,,,1,30,,110141,16,,,1,70,,110162,16,,,1,33,,110143,16,,,1,70,,110158,16,,,1,30,,110140,16,,,1,100,,110136,16,,,1,70,,110157,16,,,1,98,,110156,16,,,1,30,,110138,16,,,1,70,,110155,16,,,1,30,,110150,16,,,1,68,,110146,16,,,1,100,,110164,16,,,1,100,,110151,16,,,1
16301,'12',610,,110171,16,,,1,30,,110177,16,,,1,70,,110173,16,,,1,30,,110178,16,,,1,68,,110183,16,,,1,33,,110181,16,,,1,66,,110189,16,,,1,30,,110176,16,,,1,70,,110174,16,,,1,30,,110190,16,,,1,70,,110188,16,,,1,30,,110166,16,,,1,70,,110182,16,,,1,30,,110168,16,,,1,70,,110192,16,,,1,30,,110170,16,,,1,70,,110191,16,,,1,33,,110172,16,,,1,70,,110187,16,,,1,30,,110169,16,,,1,100,,110165,16,,,1,70,,110186,16,,,1,98,,110185,16,,,1,30,,110167,16,,,1,70,,110184,16,,,1,30,,110179,16,,,1,68,,110175,16,,,1,100,,110193,16,,,1,100,,110180,16,,,1
16301,'13',610,,110224,16,,,1,30,,110208,16,,,1,70,,110211,16,,,1,29,,110217,16,,,1,69,,110207,16,,,1,34,,110216,16,,,1,65,,110201,16,,,1,30,,110218,16,,,1,70,,110222,16,,,1,30,,110194,16,,,1,70,,110223,16,,,1,30,,110205,16,,,1,70,,110202,16,,,1,30,,110215,16,,,1,70,,110197,16,,,1,30,,110219,16,,,1,70,,110213,16,,,1,33,,110204,16,,,1,70,,110212,16,,,1,29,,110210,16,,,1,71,,110220,16,,,1,30,,110221,16,,,1,70,,110209,16,,,1,30,,110196,16,,,1,68,,110199,16,,,1,30,,110200,16,,,1,70,,110214,16,,,1,30,,110206,16,,,1,68,,110198,16,,,1,100,,110203,16,,,1,100,,110195,16,,,1
16301,'14',738,,110243,16,,,1,70,,110247,16,,,1,30,,110226,16,,,1,70,,110245,16,,,1,30,,110240,16,,,1,70,,110241,16,,,1,30,,110229,16,,,1,70,,110238,16,,,1,30,,110231,16,,,1,70,,110246,16,,,1,30,,110228,16,,,1,70,,110225,16,,,1,30,,110234,16,,,1,70,,110236,16,,,1,30,,110249,16,,,1,70,,110242,16,,,1,30,,110232,16,,,1,70,,110239,16,,,1,30,,110237,16,,,1,70,,110233,16,,,1,100,,110235,16,,,1,100,,110230,16,,,1,100,,110248,16,,,1,100,,110244,16,,,1,100,,110227,16,,,1
16301,'15',610,,110256,16,,,1,30,,110262,16,,,1,70,,110258,16,,,1,30,,110263,16,,,1,68,,110268,16,,,1,33,,110266,16,,,1,66,,110274,16,,,1,30,,110261,16,,,1,70,,110259,16,,,1,30,,110275,16,,,1,70,,110273,16,,,1,30,,110251,16,,,1,70,,110267,16,,,1,30,,110253,16,,,1,70,,110277,16,,,1,30,,110255,16,,,1,70,,110276,16,,,1,33,,110257,16,,,1,70,,110272,16,,,1,30,,110254,16,,,1,100,,110250,16,,,1,70,,110271,16,,,1,98,,110270,16,,,1,30,,110252,16,,,1,70,,110269,16,,,1,30,,110264,16,,,1,68,,110260,16,,,1,100,,110278,16,,,1,100,,110265,16,,,1
16301,'16',610,,110285,16,,,1,30,,110291,16,,,1,70,,110287,16,,,1,30,,110292,16,,,1,68,,110297,16,,,1,33,,110295,16,,,1,66,,110303,16,,,1,30,,110290,16,,,1,70,,110288,16,,,1,30,,110304,16,,,1,70,,110302,16,,,1,30,,110280,16,,,1,70,,110296,16,,,1,30,,110282,16,,,1,70,,110306,16,,,1,30,,110284,16,,,1,70,,110305,16,,,1,33,,110286,16,,,1,70,,110301,16,,,1,30,,110283,16,,,1,100,,110279,16,,,1,70,,110300,16,,,1,98,,110299,16,,,1,30,,110281,16,,,1,70,,110298,16,,,1,30,,110293,16,,,1,68,,110289,16,,,1,100,,110307,16,,,1,100,,110294,16,,,1
16301,'17',610,,110338,16,,,1,30,,110322,16,,,1,70,,110325,16,,,1,29,,110331,16,,,1,69,,110321,16,,,1,34,,110330,16,,,1,65,,110315,16,,,1,30,,110332,16,,,1,70,,110336,16,,,1,30,,110308,16,,,1,70,,110337,16,,,1,30,,110319,16,,,1,70,,110316,16,,,1,30,,110329,16,,,1,70,,110311,16,,,1,30,,110333,16,,,1,70,,110327,16,,,1,33,,110318,16,,,1,70,,110326,16,,,1,29,,110324,16,,,1,71,,110334,16,,,1,30,,110335,16,,,1,70,,110323,16,,,1,30,,110310,16,,,1,68,,110313,16,,,1,30,,110314,16,,,1,70,,110328,16,,,1,30,,110320,16,,,1,68,,110312,16,,,1,100,,110317,16,,,1,100,,110309,16,,,1
16301,'18',606,,110348,16,,,1,104,,110353,16,,,1,96,,110347,16,,,1,101,,110351,16,,,1,100,,110339,16,,,1,100,,110354,16,,,1,100,,110352,16,,,1,100,,110346,16,,,1,100,,110350,16,,,1,103,,110342,16,,,1,101,,110349,16,,,1,98,,110341,16,,,1,99,,110345,16,,,1,100,,110344,16,,,1,98,,110340,16,,,1,100,,110343,16,,,1,100,,110355,16,,,1
16301,'19',610,,110386,16,,,1,30,,110370,16,,,1,70,,110373,16,,,1,29,,110379,16,,,1,69,,110369,16,,,1,34,,110378,16,,,1,65,,110363,16,,,1,30,,110380,16,,,1,70,,110384,16,,,1,30,,110356,16,,,1,70,,110385,16,,,1,30,,110367,16,,,1,70,,110364,16,,,1,30,,110377,16,,,1,70,,110359,16,,,1,30,,110381,16,,,1,70,,110375,16,,,1,33,,110366,16,,,1,70,,110374,16,,,1,29,,110372,16,,,1,71,,110382,16,,,1,30,,110383,16,,,1,70,,110371,16,,,1,30,,110358,16,,,1,68,,110361,16,,,1,30,,110362,16,,,1,70,,110376,16,,,1,30,,110368,16,,,1,68,,110360,16,,,1,100,,110365,16,,,1,100,,110357,16,,,1
16301,'2',738,,110400,16,,,1,100,,110407,16,,,1,70,,110392,16,,,1,30,,110405,16,,,1,70,,110393,16,,,1,30,,110391,16,,,1,70,,110388,16,,,1,30,,110390,16,,,1,70,,110401,16,,,1,30,,110404,16,,,1,70,,110389,16,,,1,30,,110394,16,,,1,70,,110396,16,,,1,30,,110387,16,,,1,70,,110398,16,,,1,30,,110403,16,,,1,70,,110402,16,,,1,30,,110399,16,,,1,70,,110397,16,,,1,100,,110395,16,,,1,100,,110406,16,,,1
16301,'3',610,,110414,16,,,1,30,,110420,16,,,1,70,,110416,16,,,1,30,,110421,16,,,1,68,,110426,16,,,1,33,,110424,16,,,1,66,,110432,16,,,1,30,,110419,16,,,1,70,,110417,16,,,1,30,,110433,16,,,1,70,,110431,16,,,1,30,,110409,16,,,1,70,,110425,16,,,1,30,,110411,16,,,1,70,,110435,16,,,1,30,,110413,16,,,1,70,,110434,16,,,1,33,,110415,16,,,1,70,,110430,16,,,1,30,,110412,16,,,1,100,,110408,16,,,1,70,,110429,16,,,1,98,,110428,16,,,1,30,,110410,16,,,1,70,,110427,16,,,1,30,,110422,16,,,1,68,,110418,16,,,1,100,,110436,16,,,1,100,,110423,16,,,1
16301,'4',610,,110443,16,,,1,30,,110449,16,,,1,70,,110445,16,,,1,30,,110450,16,,,1,68,,110455,16,,,1,33,,110453,16,,,1,66,,110461,16,,,1,30,,110448,16,,,1,70,,110446,16,,,1,30,,110462,16,,,1,70,,110460,16,,,1,30,,110438,16,,,1,70,,110454,16,,,1,30,,110440,16,,,1,70,,110464,16,,,1,30,,110442,16,,,1,70,,110463,16,,,1,33,,110444,16,,,1,70,,110459,16,,,1,30,,110441,16,,,1,100,,110437,16,,,1,70,,110458,16,,,1,98,,110457,16,,,1,30,,110439,16,,,1,70,,110456,16,,,1,30,,110451,16,,,1,68,,110447,16,,,1,100,,110465,16,,,1,100,,110452,16,,,1
16301,'5',610,,110496,16,,,1,30,,110480,16,,,1,70,,110483,16,,,1,29,,110489,16,,,1,69,,110479,16,,,1,34,,110488,16,,,1,65,,110473,16,,,1,30,,110490,16,,,1,70,,110494,16,,,1,30,,110466,16,,,1,70,,110495,16,,,1,30,,110477,16,,,1,70,,110474,16,,,1,30,,110487,16,,,1,70,,110469,16,,,1,30,,110491,16,,,1,70,,110485,16,,,1,33,,110476,16,,,1,70,,110484,16,,,1,29,,110482,16,,,1,71,,110492,16,,,1,30,,110493,16,,,1,70,,110481,16,,,1,30,,110468,16,,,1,68,,110471,16,,,1,30,,110472,16,,,1,70,,110486,16,,,1,30,,110478,16,,,1,68,,110470,16,,,1,100,,110475,16,,,1,100,,110467,16,,,1
16301,'6',610,,110503,16,,,1,30,,110509,16,,,1,70,,110505,16,,,1,30,,110510,16,,,1,68,,110515,16,,,1,33,,110513,16,,,1,66,,110521,16,,,1,30,,110508,16,,,1,70,,110506,16,,,1,30,,110522,16,,,1,70,,110520,16,,,1,30,,110498,16,,,1,70,,110514,16,,,1,30,,110500,16,,,1,70,,110524,16,,,1,30,,110502,16,,,1,70,,110523,16,,,1,33,,110504,16,,,1,70,,110519,16,,,1,30,,110501,16,,,1,100,,110497,16,,,1,70,,110518,16,,,1,98,,110517,16,,,1,30,,110499,16,,,1,70,,110516,16,,,1,30,,110511,16,,,1,68,,110507,16,,,1,100,,110525,16,,,1,100,,110512,16,,,1
16301,'7',610,,110556,16,,,1,30,,110540,16,,,1,70,,110543,16,,,1,29,,110549,16,,,1,69,,110539,16,,,1,34,,110548,16,,,1,65,,110533,16,,,1,30,,110550,16,,,1,70,,110554,16,,,1,30,,110526,16,,,1,70,,110555,16,,,1,30,,110537,16,,,1,70,,110534,16,,,1,30,,110547,16,,,1,70,,110529,16,,,1,30,,110551,16,,,1,70,,110545,16,,,1,33,,110536,16,,,1,70,,110544,16,,,1,29,,110542,16,,,1,71,,110552,16,,,1,30,,110553,16,,,1,70,,110541,16,,,1,30,,110528,16,,,1,68,,110531,16,,,1,30,,110532,16,,,1,70,,110546,16,,,1,30,,110538,16,,,1,68,,110530,16,,,1,100,,110535,16,,,1,100,,110527,16,,,1
16301,'8',738,,110575,16,,,1,70,,110579,16,,,1,30,,110558,16,,,1,70,,110577,16,,,1,30,,110572,16,,,1,70,,110573,16,,,1,30,,110561,16,,,1,70,,110570,16,,,1,30,,110563,16,,,1,70,,110578,16,,,1,30,,110560,16,,,1,70,,110557,16,,,1,30,,110566,16,,,1,70,,110568,16,,,1,30,,110581,16,,,1,70,,110574,16,,,1,30,,110564,16,,,1,70,,110571,16,,,1,30,,110569,16,,,1,70,,110565,16,,,1,100,,110567,16,,,1,100,,110562,16,,,1,100,,110580,16,,,1,100,,110576,16,,,1,100,,110559,16,,,1
16301,'9',738,,110595,16,,,1,100,,110602,16,,,1,70,,110587,16,,,1,30,,110600,16,,,1,70,,110588,16,,,1,30,,110586,16,,,1,70,,110583,16,,,1,30,,110585,16,,,1,70,,110596,16,,,1,30,,110599,16,,,1,70,,110584,16,,,1,30,,110589,16,,,1,70,,110591,16,,,1,30,,110582,16,,,1,70,,110593,16,,,1,30,,110598,16,,,1,70,,110597,16,,,1,30,,110594,16,,,1,70,,110592,16,,,1,100,,110590,16,,,1,100,,110601,16,,,1
65600,'10',1537,,118974,10,,,1
65600,'11',1537,,118975,10,,,1
65600,'12',1537,,118976,10,,,1
65600,'15',1537,,118977,10,,,1
65600,'16',1537,,118978,10,,,1
65600,'3',1537,,118979,10,,,1
65600,'4',1537,,118980,10,,,1
65600,'6',1537,,118981,10,,,1
65700,'10',1537,,118991,10,,,1
65700,'11',1537,,118993,10,,,1
65700,'12',1537,,118995,10,,,1
65700,'15',1537,,118997,10,,,1
65700,'16',1537,,118999,10,,,1
65700,'3',1537,,119001,10,,,1
65700,'4',1537,,119003,10,,,1
65700,'6',1537,,119005,10,,,1
66200,'10',1439,,119166,25,,,1
66200,'11',1439,,119167,25,,,1
66200,'12',1439,,119168,25,,,1
66200,'15',1439,,119169,25,,,1
66200,'16',1439,,119170,25,,,1
66200,'3',1439,,119171,25,,,1
66200,'4',1439,,119172,25,,,1
66200,'6',1439,,119173,25,,,1
68101,'10',1554,,120062,35,,,1
68101,'11',1554,,120063,35,,,1
68101,'12',1554,,120064,35,,,1
68101,'15',1554,,120065,35,,,1
68101,'16',1554,,120066,35,,,1
68101,'3',1554,,120067,35,,,1
68101,'4',1554,,120068,35,,,1
68101,'6',1554,,120069,35,,,1
