16801,'1',535,,115982,,,1,77,,115989,,,1,35,,115979,,,1,70,,115974,,,1,30,,115969,,,1,75,,115966,,,1,12,,115962,0,44,1,18,,115981,,,1,70,,115976,,,1,28,,115985,,,1,65,,115968,,,1,30,,115970,,,1,70,,115975,,,1,30,,115963,,,1,70,,115984,,,1,30,,115967,,,1,70,,115957,,,1,30,,115958,,,1,70,,115991,,,1,37,,115983,,,1,70,,115990,,,1,32,,115988,,,1,71,,115959,,,1,28,,115993,,,1,70,,115964,,,1,30,,115972,,,1,67,,115977,,,1,30,,115961,,,1,69,,115971,,,1,30,,115978,,,1,64,,115992,,,1,25,,115987,,,1,70,,115980,,,1,30,,115986,,,1,70,,115965,,,1,100,,115960,,,1,107,,115973,,,1
16801,'10',535,,116024,,,1,77,,115996,,,1,35,,116016,,,1,70,,116019,,,1,30,,116026,,,1,75,,116020,,,1,30,,116029,,,1,70,,116025,,,1,28,,116018,,,1,65,,116008,,,1,30,,116009,,,1,70,,116007,,,1,30,,116012,,,1,70,,115994,,,1,30,,116028,,,1,70,,115995,,,1,30,,116003,,,1,70,,115998,,,1,37,,116021,,,1,70,,116004,,,1,32,,116002,,,1,69,,116015,,,1,30,,116001,,,1,70,,116010,,,1,30,,116005,,,1,67,,115999,,,1,30,,116013,,,1,69,,116000,,,1,30,,116006,,,1,64,,116014,,,1,25,,116023,,,1,70,,116027,,,1,30,,116017,,,1,70,,116022,,,1,100,,116011,,,1,107,,115997,,,1
16801,'11',535,,116055,,,1,77,,116062,,,1,35,,116052,,,1,70,,116047,,,1,30,,116042,,,1,75,,116039,,,1,12,,116035,0,44,1,18,,116054,,,1,70,,116049,,,1,28,,116058,,,1,65,,116041,,,1,30,,116043,,,1,70,,116048,,,1,30,,116036,,,1,70,,116057,,,1,30,,116040,,,1,70,,116030,,,1,30,,116031,,,1,70,,116064,,,1,37,,116056,,,1,70,,116063,,,1,32,,116061,,,1,71,,116032,,,1,28,,116066,,,1,70,,116037,,,1,30,,116045,,,1,67,,116050,,,1,30,,116034,,,1,69,,116044,,,1,30,,116051,,,1,64,,116065,,,1,25,,116060,,,1,70,,116053,,,1,30,,116059,,,1,70,,116038,,,1,100,,116033,,,1,107,,116046,,,1
16801,'12',535,,116077,,,1,112,,116067,,,1,100,,116075,,,1,105,,116072,,,1,98,,116086,,,1,95,,116081,,,1,100,,116078,,,1,100,,116084,,,1,100,,116080,,,1,107,,116082,,,1,102,,116069,,,1,99,,116073,,,1,100,,116070,,,1,97,,116074,,,1,99,,116083,,,1,89,,116068,,,1,100,,116071,,,1,100,,116079,,,1,100,,116076,,,1,77,,116085,,,1
16801,'13',631,,116099,,,1,100,,116101,,,1,100,,116091,,,1,72,,116100,,,1,30,,116107,,,1,70,,116092,,,1,31,,116105,,,1,70,,116111,,,1,30,,116090,,,1,70,,116098,,,1,31,,116109,,,1,70,,116096,,,1,30,,116097,,,1,70,,116104,,,1,30,,116114,,,1,70,,116103,,,1,30,,116102,,,1,70,,116113,,,1,30,,116110,,,1,70,,116087,,,1,30,,116108,,,1,70,,116106,,,1,29,,116089,,,1,70,,116088,,,1,30,,116095,,,1,100,,116115,,,1,98,,116094,,,1,99,,116093,,,1,100,,116112,,,1
16801,'14',631,,116128,,,1,100,,116130,,,1,100,,116120,,,1,72,,116129,,,1,30,,116136,,,1,70,,116121,,,1,31,,116134,,,1,70,,116140,,,1,30,,116119,,,1,70,,116127,,,1,31,,116138,,,1,70,,116125,,,1,30,,116126,,,1,70,,116133,,,1,30,,116143,,,1,70,,116132,,,1,30,,116131,,,1,70,,116142,,,1,30,,116139,,,1,70,,116116,,,1,30,,116137,,,1,70,,116135,,,1,29,,116118,,,1,70,,116117,,,1,30,,116124,,,1,100,,116144,,,1,98,,116123,,,1,99,,116122,,,1,100,,116141,,,1
16801,'15',535,,116175,,,1,77,,116147,,,1,35,,116167,,,1,70,,116170,,,1,30,,116177,,,1,75,,116171,,,1,30,,116180,,,1,70,,116176,,,1,28,,116169,,,1,65,,116159,,,1,30,,116160,,,1,70,,116158,,,1,30,,116163,,,1,70,,116145,,,1,30,,116179,,,1,70,,116146,,,1,30,,116154,,,1,70,,116149,,,1,37,,116172,,,1,70,,116155,,,1,32,,116153,,,1,69,,116166,,,1,30,,116152,,,1,70,,116161,,,1,30,,116156,,,1,67,,116150,,,1,30,,116164,,,1,69,,116151,,,1,30,,116157,,,1,64,,116165,,,1,25,,116174,,,1,70,,116178,,,1,30,,116168,,,1,70,,116173,,,1,100,,116162,,,1,107,,116148,,,1
16801,'16',535,,116206,,,1,77,,116213,,,1,35,,116203,,,1,70,,116198,,,1,30,,116193,,,1,75,,116190,,,1,12,,116186,0,44,1,18,,116205,,,1,70,,116200,,,1,28,,116209,,,1,65,,116192,,,1,30,,116194,,,1,70,,116199,,,1,30,,116187,,,1,70,,116208,,,1,30,,116191,,,1,70,,116181,,,1,30,,116182,,,1,70,,116215,,,1,37,,116207,,,1,70,,116214,,,1,32,,116212,,,1,71,,116183,,,1,28,,116217,,,1,70,,116188,,,1,30,,116196,,,1,67,,116201,,,1,30,,116185,,,1,69,,116195,,,1,30,,116202,,,1,64,,116216,,,1,25,,116211,,,1,70,,116204,,,1,30,,116210,,,1,70,,116189,,,1,100,,116184,,,1,107,,116197,,,1
16801,'17',631,,116230,,,1,100,,116232,,,1,100,,116222,,,1,72,,116231,,,1,30,,116238,,,1,70,,116223,,,1,31,,116236,,,1,70,,116242,,,1,30,,116221,,,1,70,,116229,,,1,31,,116240,,,1,70,,116227,,,1,30,,116228,,,1,70,,116235,,,1,30,,116245,,,1,70,,116234,,,1,30,,116233,,,1,70,,116244,,,1,30,,116241,,,1,70,,116218,,,1,30,,116239,,,1,70,,116237,,,1,29,,116220,,,1,70,,116219,,,1,30,,116226,,,1,100,,116246,,,1,98,,116225,,,1,99,,116224,,,1,100,,116243,,,1
16801,'18',626,,116250,,,1,110,,116266,,,1,100,,116272,,,1,70,,116275,,,1,30,,116277,,,1,70,,116247,,,1,31,,116261,,,1,70,,116268,,,1,30,,116252,,,1,70,,116260,,,1,31,,116273,,,1,70,,116274,,,1,30,,116269,,,1,70,,116264,,,1,30,,116254,,,1,70,,116257,,,1,30,,116267,,,1,70,,116259,,,1,30,,116265,,,1,70,,116270,,,1,30,,116255,,,1,70,,116262,,,1,29,,116278,,,1,70,,116249,,,1,30,,116253,,,1,70,,116256,,,1,30,,116248,,,1,70,,116276,,,1,30,,116251,,,1,70,,116258,,,1,29,,116271,,,1,100,,116263,,,1
16801,'19',626,,116282,,,1,110,,116298,,,1,100,,116304,,,1,70,,116307,,,1,30,,116309,,,1,70,,116279,,,1,31,,116293,,,1,70,,116300,,,1,30,,116284,,,1,70,,116292,,,1,31,,116305,,,1,70,,116306,,,1,30,,116301,,,1,70,,116296,,,1,30,,116286,,,1,70,,116289,,,1,30,,116299,,,1,70,,116291,,,1,30,,116297,,,1,70,,116302,,,1,30,,116287,,,1,70,,116294,,,1,29,,116310,,,1,70,,116281,,,1,30,,116285,,,1,70,,116288,,,1,30,,116280,,,1,70,,116308,,,1,30,,116283,,,1,70,,116290,,,1,29,,116303,,,1,100,,116295,,,1
16801,'2',631,,116323,,,1,100,,116325,,,1,100,,116315,,,1,72,,116324,,,1,30,,116331,,,1,70,,116316,,,1,31,,116329,,,1,70,,116335,,,1,30,,116314,,,1,70,,116322,,,1,31,,116333,,,1,70,,116320,,,1,30,,116321,,,1,70,,116328,,,1,30,,116338,,,1,70,,116327,,,1,30,,116326,,,1,70,,116337,,,1,30,,116334,,,1,70,,116311,,,1,30,,116332,,,1,70,,116330,,,1,29,,116313,,,1,70,,116312,,,1,30,,116319,,,1,100,,116339,,,1,98,,116318,,,1,99,,116317,,,1,100,,116336,,,1
16801,'20',535,,116365,,,1,77,,116372,,,1,35,,116362,,,1,70,,116357,,,1,30,,116352,,,1,75,,116349,,,1,12,,116345,0,44,1,18,,116364,,,1,70,,116359,,,1,28,,116368,,,1,65,,116351,,,1,30,,116353,,,1,70,,116358,,,1,30,,116346,,,1,70,,116367,,,1,30,,116350,,,1,70,,116340,,,1,30,,116341,,,1,70,,116374,,,1,37,,116366,,,1,70,,116373,,,1,32,,116371,,,1,71,,116342,,,1,28,,116376,,,1,70,,116347,,,1,30,,116355,,,1,67,,116360,,,1,30,,116344,,,1,69,,116354,,,1,30,,116361,,,1,64,,116375,,,1,25,,116370,,,1,70,,116363,,,1,30,,116369,,,1,70,,116348,,,1,100,,116343,,,1,107,,116356,,,1
16801,'3',535,,116402,,,1,77,,116409,,,1,35,,116399,,,1,70,,116394,,,1,30,,116389,,,1,75,,116386,,,1,12,,116382,0,44,1,18,,116401,,,1,70,,116396,,,1,28,,116405,,,1,65,,116388,,,1,30,,116390,,,1,70,,116395,,,1,30,,116383,,,1,70,,116404,,,1,30,,116387,,,1,70,,116377,,,1,30,,116378,,,1,70,,116411,,,1,37,,116403,,,1,70,,116410,,,1,32,,116408,,,1,71,,116379,,,1,28,,116413,,,1,70,,116384,,,1,30,,116392,,,1,67,,116397,,,1,30,,116381,,,1,69,,116391,,,1,30,,116398,,,1,64,,116412,,,1,25,,116407,,,1,70,,116400,,,1,30,,116406,,,1,70,,116385,,,1,100,,116380,,,1,107,,116393,,,1
16801,'4',535,,116439,,,1,77,,116446,,,1,35,,116436,,,1,70,,116431,,,1,30,,116426,,,1,75,,116423,,,1,12,,116419,0,44,1,18,,116438,,,1,70,,116433,,,1,28,,116442,,,1,65,,116425,,,1,30,,116427,,,1,70,,116432,,,1,30,,116420,,,1,70,,116441,,,1,30,,116424,,,1,70,,116414,,,1,30,,116415,,,1,70,,116448,,,1,37,,116440,,,1,70,,116447,,,1,32,,116445,,,1,71,,116416,,,1,28,,116450,,,1,70,,116421,,,1,30,,116429,,,1,67,,116434,,,1,30,,116418,,,1,69,,116428,,,1,30,,116435,,,1,64,,116449,,,1,25,,116444,,,1,70,,116437,,,1,30,,116443,,,1,70,,116422,,,1,100,,116417,,,1,107,,116430,,,1
16801,'5',535,,116476,,,1,77,,116483,,,1,35,,116473,,,1,70,,116468,,,1,30,,116463,,,1,75,,116460,,,1,12,,116456,0,44,1,18,,116475,,,1,70,,116470,,,1,28,,116479,,,1,65,,116462,,,1,30,,116464,,,1,70,,116469,,,1,30,,116457,,,1,70,,116478,,,1,30,,116461,,,1,70,,116451,,,1,30,,116452,,,1,70,,116485,,,1,37,,116477,,,1,70,,116484,,,1,32,,116482,,,1,71,,116453,,,1,28,,116487,,,1,70,,116458,,,1,30,,116466,,,1,67,,116471,,,1,30,,116455,,,1,69,,116465,,,1,30,,116472,,,1,64,,116486,,,1,25,,116481,,,1,70,,116474,,,1,30,,116480,,,1,70,,116459,,,1,100,,116454,,,1,107,,116467,,,1
16801,'6',535,,116513,,,1,77,,116520,,,1,35,,116510,,,1,70,,116505,,,1,30,,116500,,,1,75,,116497,,,1,12,,116493,0,44,1,18,,116512,,,1,70,,116507,,,1,28,,116516,,,1,65,,116499,,,1,30,,116501,,,1,70,,116506,,,1,30,,116494,,,1,70,,116515,,,1,30,,116498,,,1,70,,116488,,,1,30,,116489,,,1,70,,116522,,,1,37,,116514,,,1,70,,116521,,,1,32,,116519,,,1,71,,116490,,,1,28,,116524,,,1,70,,116495,,,1,30,,116503,,,1,67,,116508,,,1,30,,116492,,,1,69,,116502,,,1,30,,116509,,,1,64,,116523,,,1,25,,116518,,,1,70,,116511,,,1,30,,116517,,,1,70,,116496,,,1,100,,116491,,,1,107,,116504,,,1
16801,'7',535,,116555,,,1,77,,116527,,,1,35,,116547,,,1,70,,116550,,,1,30,,116557,,,1,75,,116551,,,1,30,,116560,,,1,70,,116556,,,1,28,,116549,,,1,65,,116539,,,1,30,,116540,,,1,70,,116538,,,1,30,,116543,,,1,70,,116525,,,1,30,,116559,,,1,70,,116526,,,1,30,,116534,,,1,70,,116529,,,1,37,,116552,,,1,70,,116535,,,1,32,,116533,,,1,69,,116546,,,1,30,,116532,,,1,70,,116541,,,1,30,,116536,,,1,67,,116530,,,1,30,,116544,,,1,69,,116531,,,1,30,,116537,,,1,64,,116545,,,1,25,,116554,,,1,70,,116558,,,1,30,,116548,,,1,70,,116553,,,1,100,,116542,,,1,107,,116528,,,1
16801,'8',535,,116591,,,1,77,,116563,,,1,35,,116583,,,1,70,,116586,,,1,30,,116593,,,1,75,,116587,,,1,30,,116596,,,1,70,,116592,,,1,28,,116585,,,1,65,,116575,,,1,30,,116576,,,1,70,,116574,,,1,30,,116579,,,1,70,,116561,,,1,30,,116595,,,1,70,,116562,,,1,30,,116570,,,1,70,,116565,,,1,37,,116588,,,1,70,,116571,,,1,32,,116569,,,1,69,,116582,,,1,30,,116568,,,1,70,,116577,,,1,30,,116572,,,1,67,,116566,,,1,30,,116580,,,1,69,,116567,,,1,30,,116573,,,1,64,,116581,,,1,25,,116590,,,1,70,,116594,,,1,30,,116584,,,1,70,,116589,,,1,100,,116578,,,1,107,,116564,,,1
16801,'9',535,,116627,,,1,77,,116599,,,1,35,,116619,,,1,70,,116622,,,1,30,,116629,,,1,75,,116623,,,1,30,,116632,,,1,70,,116628,,,1,28,,116621,,,1,65,,116611,,,1,30,,116612,,,1,70,,116610,,,1,30,,116615,,,1,70,,116597,,,1,30,,116631,,,1,70,,116598,,,1,30,,116606,,,1,70,,116601,,,1,37,,116624,,,1,70,,116607,,,1,32,,116605,,,1,69,,116618,,,1,30,,116604,,,1,70,,116613,,,1,30,,116608,,,1,67,,116602,,,1,30,,116616,,,1,69,,116603,,,1,30,,116609,,,1,64,,116617,,,1,25,,116626,,,1,70,,116630,,,1,30,,116620,,,1,70,,116625,,,1,100,,116614,,,1,107,,116600,,,1
65601,'1',835,,123101,,,1
65601,'11',835,,123102,,,1
65601,'16',835,,123103,,,1
65601,'20',835,,123104,,,1
65601,'3',835,,123105,,,1
65601,'4',835,,123106,,,1
65601,'5',835,,123107,,,1
65601,'6',835,,123108,,,1
66800,'1',711,,123561,,,1,3,,123560,,,1,2,,123558,,,1
66800,'11',711,,123566,,,1,3,,123565,,,1,2,,123563,,,1
66800,'16',711,,123571,,,1,3,,123570,,,1,2,,123568,,,1
66800,'20',711,,123576,,,1,3,,123575,,,1,2,,123573,,,1
66800,'3',711,,123581,,,1,3,,123580,,,1,2,,123578,,,1
66800,'4',711,,123586,,,1,3,,123585,,,1,2,,123583,,,1
66800,'5',711,,123591,,,1,3,,123590,,,1,2,,123588,,,1
66800,'6',711,,123596,,,1,3,,123595,,,1,2,,123593,,,1
