6000,'1',1603,,42735,23,,,1,34,,164120,23,,,1,70,,164119,23,,,1,26,,117965,23,,,1,70,,164100,23,,,1,30,,164105,23,,,1,72,,164110,23,,,1
6000,'10',1603,,164136,23,,,1,32,,164126,23,,,1,71,,164137,23,,,1,29,,35871,23,,,1,70,,164139,23,,,1,30,,84796,23,,,1,70,,164130,23,,,1
6000,'12',1603,,164164,23,,,1,34,,164153,23,,,1,69,,29079,23,,,1,27,,164152,23,,,1,70,,164155,23,,,1,30,,164161,23,,,1,72,,164174,23,,,1
6000,'14',1603,,64090,23,,,1,34,,164183,23,,,1,69,,164185,23,,,1,27,,164182,23,,,1,70,,70964,23,,,1,30,,164187,23,,,1,72,,31611,23,,,1
6000,'15',1603,,64299,23,,,1,34,,164206,23,,,1,69,,164208,23,,,1,27,,164205,23,,,1,70,,71232,23,,,1,30,,164210,23,,,1,72,,31821,23,,,1
6000,'16',1603,,164240,23,,,1,34,,164230,23,,,1,69,,164237,23,,,1,27,,164229,23,,,1,70,,164232,23,,,1,30,,37877,23,,,1,72,,164251,23,,,1
6000,'17',1603,,43028,23,,,1,34,,164283,23,,,1,70,,164282,23,,,1,26,,117981,23,,,1,70,,164263,23,,,1,30,,164268,23,,,1,72,,164273,23,,,1
6000,'2',1603,,42798,23,,,1,34,,164310,23,,,1,70,,164309,23,,,1,26,,117969,23,,,1,70,,164290,23,,,1,30,,164295,23,,,1,72,,164300,23,,,1
6000,'3',1603,,64228,23,,,1,34,,164314,23,,,1,69,,164316,23,,,1,27,,164313,23,,,1,70,,71137,23,,,1,30,,164318,23,,,1,72,,31747,23,,,1
6000,'5',1603,,164338,23,,,1,34,,164361,23,,,1,70,,164359,23,,,1,26,,164353,23,,,1,70,,164342,23,,,1,30,,164347,23,,,1,72,,37483,23,,,1
6000,'6',1603,,43354,23,,,1,34,,164388,23,,,1,70,,164387,23,,,1,26,,118000,23,,,1,70,,164368,23,,,1,30,,164373,23,,,1,72,,164378,23,,,1
6000,'8',1603,,43291,23,,,1,34,,164415,23,,,1,70,,164414,23,,,1,26,,117996,23,,,1,70,,164395,23,,,1,30,,164400,23,,,1,72,,164405,23,,,1
