11001,'1',606,,365116,69,0,35,0,38,,365110,69,0,35,0,70,,365113,69,0,35,0,30,,365119,69,0,35,0,70,,365105,69,0,35,0,35,,365108,69,0,35,0,68,,365127,69,0,35,0,30,,286372,69,0,35,0,66,,273589,69,0,35,0,28,,365112,69,0,35,0,70,,365106,69,0,35,0,34,,365123,69,0,35,0,70,,283346,69,0,35,0,30,,365111,69,0,35,0,68,,246124,69,0,35,0,30,,365102,69,0,35,0,70,,365120,69,0,35,0,30,,365109,69,0,35,0,70,,277971,69,0,35,0,30,,365117,69,0,35,0,77,,365115,69,0,35,0,35,,238861,69,0,35,0,73,,365122,69,0,35,0,26,,365125,69,0,35,0,70,,365121,69,0,35,0,27,,365114,69,0,35,0,66,,365103,69,0,35,0,25,,365126,69,0,35,0,61,,365118,69,0,35,0,30,,365124,69,0,35,0,70,,365107,69,0,35,0
11001,'10',640,,365130,70,0,35,0,70,,365128,70,0,35,0,1032,,123104,70,0,35,0,70,,365131,70,0,35,0
11001,'11',606,,365138,69,0,35,0,108,,217643,69,0,35,0,30,,365133,69,0,35,0,70,,365134,69,0,35,0,35,,365140,69,0,35,0,68,,365147,69,0,35,0,30,,365152,69,0,35,0,66,,365144,69,0,35,0,28,,365148,69,0,35,0,104,,249692,69,0,35,0,70,,365153,69,0,35,0,30,,365136,69,0,35,0,68,,365155,69,0,35,0,30,,365154,69,0,35,0,98,,365139,69,0,35,0,72,,365146,69,0,35,0,30,,251845,69,0,35,0,77,,365141,69,0,35,0,108,,207664,69,0,35,0,26,,243472,69,0,35,0,70,,134123,69,0,35,0,27,,365137,69,0,35,0,66,,365149,69,0,35,0,25,,365145,69,0,35,0,61,,365142,69,0,35,0,30,,365135,69,0,35,0,70,,365156,69,0,35,0
11001,'12',640,,365160,70,0,35,0,70,,365158,70,0,35,0,1032,,365161,70,0,35,0,70,,365159,70,0,35,0
11001,'13',606,,365167,69,0,35,0,108,,217708,69,0,35,0,30,,365162,69,0,35,0,70,,365163,69,0,35,0,35,,365169,69,0,35,0,68,,365176,69,0,35,0,30,,365181,69,0,35,0,66,,365173,69,0,35,0,28,,365177,69,0,35,0,104,,249728,69,0,35,0,70,,365182,69,0,35,0,30,,365165,69,0,35,0,68,,365184,69,0,35,0,30,,365183,69,0,35,0,98,,365168,69,0,35,0,72,,365175,69,0,35,0,30,,251869,69,0,35,0,77,,365170,69,0,35,0,108,,207702,69,0,35,0,26,,243529,69,0,35,0,70,,133480,69,0,35,0,27,,365166,69,0,35,0,66,,365178,69,0,35,0,25,,365174,69,0,35,0,61,,365171,69,0,35,0,30,,365164,69,0,35,0,70,,365185,69,0,35,0
11001,'14',606,,365191,69,0,35,0,108,,217953,69,0,35,0,30,,365186,69,0,35,0,70,,365187,69,0,35,0,35,,365193,69,0,35,0,68,,365200,69,0,35,0,30,,365205,69,0,35,0,66,,365197,69,0,35,0,28,,365201,69,0,35,0,104,,249886,69,0,35,0,70,,365206,69,0,35,0,30,,365189,69,0,35,0,68,,365208,69,0,35,0,30,,365207,69,0,35,0,98,,365192,69,0,35,0,72,,365199,69,0,35,0,30,,251973,69,0,35,0,77,,365194,69,0,35,0,108,,207861,69,0,35,0,26,,243757,69,0,35,0,70,,133813,69,0,35,0,27,,365190,69,0,35,0,66,,365202,69,0,35,0,25,,365198,69,0,35,0,61,,365195,69,0,35,0,30,,365188,69,0,35,0,70,,365209,69,0,35,0
11001,'15',640,,239170,70,0,35,0,70,,365211,70,0,35,0,1032,,365213,70,0,35,0,70,,365212,70,0,35,0
11001,'16',640,,365216,70,0,35,0,70,,365214,70,0,35,0,1032,,365218,70,0,35,0,70,,365217,70,0,35,0
11001,'2',606,,365223,69,0,35,0,108,,365226,69,0,35,0,30,,263185,69,0,35,0,70,,365220,69,0,35,0,35,,240708,69,0,35,0,68,,365237,69,0,35,0,30,,365244,69,0,35,0,66,,365234,69,0,35,0,28,,365238,69,0,35,0,104,,365243,69,0,35,0,70,,365245,69,0,35,0,30,,365221,69,0,35,0,68,,365246,69,0,35,0,30,,139667,69,0,35,0,98,,365224,69,0,35,0,72,,365236,69,0,35,0,30,,365230,69,0,35,0,77,,365225,69,0,35,0,108,,365233,69,0,35,0,26,,365227,69,0,35,0,70,,365232,69,0,35,0,27,,365222,69,0,35,0,66,,365239,69,0,35,0,25,,365235,69,0,35,0,61,,365228,69,0,35,0,30,,283244,69,0,35,0,70,,365247,69,0,35,0
11001,'3',606,,365253,69,0,35,0,108,,365255,69,0,35,0,30,,365248,69,0,35,0,70,,365249,69,0,35,0,35,,365254,69,0,35,0,68,,262778,69,0,35,0,30,,365271,69,0,35,0,66,,365262,69,0,35,0,28,,365265,69,0,35,0,104,,365270,69,0,35,0,70,,365272,69,0,35,0,30,,365251,69,0,35,0,68,,365274,69,0,35,0,30,,365273,69,0,35,0,98,,246939,69,0,35,0,72,,365264,69,0,35,0,30,,365259,69,0,35,0,77,,251575,69,0,35,0,108,,365261,69,0,35,0,26,,365256,69,0,35,0,70,,365260,69,0,35,0,27,,365252,69,0,35,0,66,,365266,69,0,35,0,25,,365263,69,0,35,0,61,,365257,69,0,35,0,30,,365250,69,0,35,0,70,,365275,69,0,35,0
11001,'4',606,,365294,69,0,35,0,38,,365286,69,0,35,0,70,,265629,69,0,35,0,30,,365288,69,0,35,0,70,,365299,69,0,35,0,35,,294133,69,0,35,0,68,,191578,69,0,35,0,30,,365295,69,0,35,0,66,,286723,69,0,35,0,28,,365278,69,0,35,0,70,,365300,69,0,35,0,34,,365297,69,0,35,0,70,,365292,69,0,35,0,30,,365280,69,0,35,0,68,,195879,69,0,35,0,30,,365289,69,0,35,0,70,,216654,69,0,35,0,30,,365279,69,0,35,0,70,,365283,69,0,35,0,30,,365293,69,0,35,0,83,,365284,69,0,35,0,30,,365282,69,0,35,0,72,,365291,69,0,35,0,26,,365285,69,0,35,0,70,,365276,69,0,35,0,27,,365298,69,0,35,0,66,,229609,69,0,35,0,25,,365277,69,0,35,0,61,,365281,69,0,35,0,30,,365296,69,0,35,0,70,,365290,69,0,35,0
11001,'5',606,,365307,69,0,35,0,108,,365309,69,0,35,0,30,,365302,69,0,35,0,70,,365303,69,0,35,0,35,,365308,69,0,35,0,68,,262969,69,0,35,0,30,,365325,69,0,35,0,66,,365316,69,0,35,0,28,,365319,69,0,35,0,104,,365324,69,0,35,0,70,,365326,69,0,35,0,30,,365305,69,0,35,0,68,,365328,69,0,35,0,30,,365327,69,0,35,0,98,,247014,69,0,35,0,72,,365318,69,0,35,0,30,,365313,69,0,35,0,77,,251641,69,0,35,0,108,,365315,69,0,35,0,26,,365310,69,0,35,0,70,,365314,69,0,35,0,27,,365306,69,0,35,0,66,,365320,69,0,35,0,25,,365317,69,0,35,0,61,,365311,69,0,35,0,30,,365304,69,0,35,0,70,,365329,69,0,35,0
11001,'6',606,,365335,69,0,35,0,108,,217278,69,0,35,0,30,,365330,69,0,35,0,70,,365331,69,0,35,0,35,,365337,69,0,35,0,68,,365344,69,0,35,0,30,,365349,69,0,35,0,66,,365341,69,0,35,0,28,,365345,69,0,35,0,104,,249482,69,0,35,0,70,,365350,69,0,35,0,30,,365333,69,0,35,0,68,,365352,69,0,35,0,30,,365351,69,0,35,0,98,,365336,69,0,35,0,72,,365343,69,0,35,0,30,,251695,69,0,35,0,77,,365338,69,0,35,0,108,,207395,69,0,35,0,26,,243155,69,0,35,0,70,,134033,69,0,35,0,27,,365334,69,0,35,0,66,,365346,69,0,35,0,25,,365342,69,0,35,0,61,,365339,69,0,35,0,30,,365332,69,0,35,0,70,,365353,69,0,35,0
11001,'7',606,,365357,69,0,35,0,108,,365360,69,0,35,0,30,,262988,69,0,35,0,70,,365354,69,0,35,0,35,,240638,69,0,35,0,68,,365371,69,0,35,0,30,,365378,69,0,35,0,66,,365368,69,0,35,0,28,,365372,69,0,35,0,104,,365377,69,0,35,0,70,,365379,69,0,35,0,30,,365355,69,0,35,0,68,,365380,69,0,35,0,30,,139740,69,0,35,0,98,,365358,69,0,35,0,72,,365370,69,0,35,0,30,,365364,69,0,35,0,77,,365359,69,0,35,0,108,,365367,69,0,35,0,26,,365361,69,0,35,0,70,,365366,69,0,35,0,27,,365356,69,0,35,0,66,,365373,69,0,35,0,25,,365369,69,0,35,0,61,,365362,69,0,35,0,30,,283115,69,0,35,0,70,,365381,69,0,35,0
11001,'8',640,,365385,70,0,35,0,70,,365383,70,0,35,0,1032,,365386,70,0,35,0,70,,365384,70,0,35,0
11001,'9',606,,365392,69,0,35,0,108,,217096,69,0,35,0,30,,365387,69,0,35,0,70,,365388,69,0,35,0,35,,365394,69,0,35,0,68,,365401,69,0,35,0,30,,365406,69,0,35,0,66,,365398,69,0,35,0,28,,365402,69,0,35,0,104,,249384,69,0,35,0,70,,365407,69,0,35,0,30,,365390,69,0,35,0,68,,365409,69,0,35,0,30,,365408,69,0,35,0,98,,365393,69,0,35,0,72,,365400,69,0,35,0,30,,251621,69,0,35,0,77,,365395,69,0,35,0,108,,207278,69,0,35,0,26,,243010,69,0,35,0,70,,133860,69,0,35,0,27,,365391,69,0,35,0,66,,365403,69,0,35,0,25,,365399,69,0,35,0,61,,365396,69,0,35,0,30,,365389,69,0,35,0,70,,365410,69,0,35,0
