62100,'10',754,,182817,0,73 74 75,1,70,,341184,,,1
62100,'12',754,,182196,0,73 74 75,1,70,,341186,,,1
62100,'14',754,,182548,0,73 74 75,1,70,,341188,,,1
62100,'18',754,,182739,0,73 74 75,1,70,,341190,,,1
62100,'21',754,,182313,0,73 74 75,1,70,,341192,,,1
62100,'22',754,,60894,0,73 74 75,1,70,,341194,,,1
62100,'4',754,,341196,0,73 74 75,1,70,,341197,,,1
62100,'8',754,,341199,0,73 74 75,1,70,,341200,,,1
62700,'10',746,,203947,,,1
62700,'12',746,,203382,,,1
62700,'14',746,,203699,,,1
62700,'18',746,,203865,,,1
62700,'21',746,,203484,,,1
62700,'22',746,,203421,,,1
62700,'4',746,,341248,,,1
62700,'8',746,,341249,,,1
