22100,'1',652,,272677,35,,,0,69,,374548,35,,,0
22100,'11',652,,374551,35,,,0,70,,255629,35,,,0
22100,'13',652,,374554,35,,,0,70,,255667,35,,,0
22100,'14',652,,374557,35,,,0,70,,255824,35,,,0
22100,'2',652,,374560,35,,,0,70,,374562,35,,,0
22100,'3',652,,374563,35,,,0,70,,374564,35,,,0
22100,'4',652,,374566,35,,,0,68,,374568,35,,,0
22100,'5',652,,374569,35,,,0,70,,374570,35,,,0
22100,'6',652,,374572,35,,,0,70,,255424,35,,,0
22100,'7',652,,374575,35,,,0,70,,374577,35,,,0
22100,'9',652,,374579,35,,,0,70,,255327,35,,,0
