4300,'10',908,,45887,15,,,1,100,,45888,15,,,1,101,,45883,15,,,1,100,,45880,15,,,1,101,,45876,15,,,1,100,,45875,15,,,1,101,,45891,15,,,1,33,,45879,15,,,1,68,,45885,15,,,1,30,,45889,15,,,1,70,,45878,15,,,1,30,,45886,15,,,1,68,,45892,15,,,1,100,,45877,15,,,1,98,,45884,15,,,1,100,,45881,15,,,1,99,,45882,15,,,1,100,,45890,15,,,1
4300,'11',908,,45905,15,,,1,100,,45906,15,,,1,101,,45901,15,,,1,100,,45898,15,,,1,101,,45894,15,,,1,100,,45893,15,,,1,101,,45909,15,,,1,33,,45897,15,,,1,68,,45903,15,,,1,30,,45907,15,,,1,70,,45896,15,,,1,30,,45904,15,,,1,68,,45910,15,,,1,100,,45895,15,,,1,98,,45902,15,,,1,100,,45899,15,,,1,99,,45900,15,,,1,100,,45908,15,,,1
4300,'12',908,,45923,15,,,1,100,,45924,15,,,1,101,,45919,15,,,1,100,,45916,15,,,1,101,,45912,15,,,1,100,,45911,15,,,1,101,,45927,15,,,1,33,,45915,15,,,1,68,,45921,15,,,1,30,,45925,15,,,1,70,,45914,15,,,1,30,,45922,15,,,1,68,,45928,15,,,1,100,,45913,15,,,1,98,,45920,15,,,1,100,,45917,15,,,1,99,,45918,15,,,1,100,,45926,15,,,1
4300,'13',908,,45941,15,,,1,100,,45942,15,,,1,101,,45933,15,,,1,100,,45946,15,,,1,101,,45940,15,,,1,100,,45932,15,,,1,101,,45939,15,,,1,31,,45935,15,,,1,70,,45938,15,,,1,29,,45929,15,,,1,69,,45934,15,,,1,32,,45931,15,,,1,68,,45937,15,,,1,100,,45943,15,,,1,98,,45936,15,,,1,100,,45945,15,,,1,99,,45930,15,,,1,100,,45944,15,,,1
4300,'15',908,,45959,15,,,1,100,,45960,15,,,1,101,,45955,15,,,1,100,,45952,15,,,1,101,,45948,15,,,1,100,,45947,15,,,1,101,,45963,15,,,1,33,,45951,15,,,1,68,,45957,15,,,1,30,,45961,15,,,1,70,,45950,15,,,1,30,,45958,15,,,1,68,,45964,15,,,1,100,,45949,15,,,1,98,,45956,15,,,1,100,,45953,15,,,1,99,,45954,15,,,1,100,,45962,15,,,1
4300,'16',908,,45977,15,,,1,100,,45978,15,,,1,101,,45973,15,,,1,100,,45970,15,,,1,101,,45966,15,,,1,100,,45965,15,,,1,101,,45981,15,,,1,33,,45969,15,,,1,68,,45975,15,,,1,30,,45979,15,,,1,70,,45968,15,,,1,30,,45976,15,,,1,68,,45982,15,,,1,100,,45967,15,,,1,98,,45974,15,,,1,100,,45971,15,,,1,99,,45972,15,,,1,100,,45980,15,,,1
4300,'17',908,,45995,15,,,1,100,,45996,15,,,1,101,,45987,15,,,1,100,,46000,15,,,1,101,,45994,15,,,1,100,,45986,15,,,1,101,,45993,15,,,1,31,,45989,15,,,1,70,,45992,15,,,1,29,,45983,15,,,1,69,,45988,15,,,1,32,,45985,15,,,1,68,,45991,15,,,1,100,,45997,15,,,1,98,,45990,15,,,1,100,,45999,15,,,1,99,,45984,15,,,1,100,,45998,15,,,1
4300,'18',908,,46003,15,,,1,100,,46005,15,,,1,101,,46013,15,,,1,100,,46004,15,,,1,101,,46015,15,,,1,100,,46014,15,,,1,101,,46016,15,,,1,33,,46001,15,,,1,68,,46012,15,,,1,30,,46018,15,,,1,70,,46009,15,,,1,30,,46007,15,,,1,68,,46008,15,,,1,100,,46017,15,,,1,98,,46006,15,,,1,100,,46010,15,,,1,99,,46011,15,,,1,100,,46002,15,,,1
4300,'19',908,,46031,15,,,1,100,,46032,15,,,1,101,,46023,15,,,1,100,,46036,15,,,1,101,,46030,15,,,1,100,,46022,15,,,1,101,,46029,15,,,1,31,,46025,15,,,1,70,,46028,15,,,1,29,,46019,15,,,1,69,,46024,15,,,1,32,,46021,15,,,1,68,,46027,15,,,1,100,,46033,15,,,1,98,,46026,15,,,1,100,,46035,15,,,1,99,,46020,15,,,1,100,,46034,15,,,1
4300,'3',908,,46049,15,,,1,100,,46050,15,,,1,101,,46045,15,,,1,100,,46042,15,,,1,101,,46038,15,,,1,100,,46037,15,,,1,101,,46053,15,,,1,33,,46041,15,,,1,68,,46047,15,,,1,30,,46051,15,,,1,70,,46040,15,,,1,30,,46048,15,,,1,68,,46054,15,,,1,100,,46039,15,,,1,98,,46046,15,,,1,100,,46043,15,,,1,99,,46044,15,,,1,100,,46052,15,,,1
4300,'4',908,,46067,15,,,1,100,,46068,15,,,1,101,,46063,15,,,1,100,,46060,15,,,1,101,,46056,15,,,1,100,,46055,15,,,1,101,,46071,15,,,1,33,,46059,15,,,1,68,,46065,15,,,1,30,,46069,15,,,1,70,,46058,15,,,1,30,,46066,15,,,1,68,,46072,15,,,1,100,,46057,15,,,1,98,,46064,15,,,1,100,,46061,15,,,1,99,,46062,15,,,1,100,,46070,15,,,1
4300,'5',908,,46085,15,,,1,100,,46086,15,,,1,101,,46077,15,,,1,100,,46090,15,,,1,101,,46084,15,,,1,100,,46076,15,,,1,101,,46083,15,,,1,31,,46079,15,,,1,70,,46082,15,,,1,29,,46073,15,,,1,69,,46078,15,,,1,32,,46075,15,,,1,68,,46081,15,,,1,100,,46087,15,,,1,98,,46080,15,,,1,100,,46089,15,,,1,99,,46074,15,,,1,100,,46088,15,,,1
4300,'6',908,,46103,15,,,1,100,,46104,15,,,1,101,,46099,15,,,1,100,,46096,15,,,1,101,,46092,15,,,1,100,,46091,15,,,1,101,,46107,15,,,1,33,,46095,15,,,1,68,,46101,15,,,1,30,,46105,15,,,1,70,,46094,15,,,1,30,,46102,15,,,1,68,,46108,15,,,1,100,,46093,15,,,1,98,,46100,15,,,1,100,,46097,15,,,1,99,,46098,15,,,1,100,,46106,15,,,1
4300,'7',908,,46121,15,,,1,100,,46122,15,,,1,101,,46113,15,,,1,100,,46126,15,,,1,101,,46120,15,,,1,100,,46112,15,,,1,101,,46119,15,,,1,31,,46115,15,,,1,70,,46118,15,,,1,29,,46109,15,,,1,69,,46114,15,,,1,32,,46111,15,,,1,68,,46117,15,,,1,100,,46123,15,,,1,98,,46116,15,,,1,100,,46125,15,,,1,99,,46110,15,,,1,100,,46124,15,,,1
