6200,'1',1202,,339548,5,,,0,35,,339543,5,,,0,70,,221647,5,,,0,30,,339536,5,,,0,69,,339526,5,,,0,31,,218506,5,,,0,70,,339529,5,,,0,30,,339524,5,,,0,72,,339547,5,,,0,33,,339544,5,,,0,70,,339546,5,,,0,30,,180179,5,,,0,70,,339533,5,,,0,25,,339538,5,,,0,70,,339534,5,,,0,30,,339541,5,,,0
6200,'11',1202,,339579,5,,,0,35,,339583,5,,,0,70,,339609,5,,,0,30,,339594,5,,,0,70,,339595,5,,,0,28,,339603,5,,,0,71,,284906,5,,,0,31,,284318,5,,,0,73,,339600,5,,,0,32,,339589,5,,,0,70,,339584,5,,,0,30,,339606,5,,,0,70,,339590,5,,,0,25,,339592,5,,,0,70,,339598,5,,,0,30,,339588,5,,,0
6200,'12',706,,339613,5,,,0,30,,339626,5,,,0,70,,339622,5,,,0,30,,339614,5,,,0,70,,339624,5,,,0,30,,339618,5,,,0,70,,339636,5,,,0,30,,339631,5,,,0,70,,339628,5,,,0,30,,339611,5,,,0,70,,339638,5,,,0,30,,339619,5,,,0,70,,339635,5,,,0,30,,339610,5,,,0,70,,339617,5,,,0,30,,339612,5,,,0,70,,339637,5,,,0,30,,339623,5,,,0,70,,339615,5,,,0,30,,156962,5,,,0,70,,339620,5,,,0,30,,339633,5,,,0,70,,339632,5,,,0,30,,339629,5,,,0,70,,288901,5,,,0,30,,339616,5,,,0,70,,339634,5,,,0,30,,339621,5,,,0,70,,339630,5,,,0,30,,287909,5,,,0,70,,339625,5,,,0,30,,339627,5,,,0
6200,'13',1202,,339639,5,,,0,35,,339643,5,,,0,70,,339669,5,,,0,30,,339654,5,,,0,70,,339655,5,,,0,28,,339663,5,,,0,71,,284933,5,,,0,31,,284369,5,,,0,73,,339660,5,,,0,32,,339649,5,,,0,70,,339644,5,,,0,30,,339666,5,,,0,70,,339650,5,,,0,25,,339652,5,,,0,70,,339658,5,,,0,30,,339648,5,,,0
6200,'14',1202,,339670,5,,,0,35,,339674,5,,,0,70,,339700,5,,,0,30,,339685,5,,,0,70,,339686,5,,,0,28,,339694,5,,,0,71,,285035,5,,,0,31,,284550,5,,,0,73,,339691,5,,,0,32,,339680,5,,,0,70,,339675,5,,,0,30,,339697,5,,,0,70,,339681,5,,,0,25,,339683,5,,,0,70,,339689,5,,,0,30,,339679,5,,,0
6200,'15',706,,339703,5,,,0,30,,339713,5,,,0,70,,272930,5,,,0,30,,339704,5,,,0,70,,339711,5,,,0,30,,339707,5,,,0,70,,339724,5,,,0,30,,339717,5,,,0,70,,339715,5,,,0,30,,339701,5,,,0,70,,221064,5,,,0,30,,339708,5,,,0,70,,339722,5,,,0,30,,253290,5,,,0,70,,339706,5,,,0,30,,339702,5,,,0,70,,339725,5,,,0,30,,339710,5,,,0,70,,275083,5,,,0,30,,339709,5,,,0,70,,291652,5,,,0,30,,339720,5,,,0,70,,339719,5,,,0,30,,339716,5,,,0,70,,339718,5,,,0,30,,339705,5,,,0,70,,339721,5,,,0,30,,291757,5,,,0,70,,242778,5,,,0,30,,339723,5,,,0,70,,339712,5,,,0,30,,339714,5,,,0
6200,'2',1202,,339753,5,,,0,35,,339758,5,,,0,70,,339782,5,,,0,30,,207467,5,,,0,70,,339768,5,,,0,28,,213164,5,,,0,71,,339761,5,,,0,31,,339769,5,,,0,73,,339774,5,,,0,32,,339762,5,,,0,70,,139008,5,,,0,30,,339779,5,,,0,70,,339763,5,,,0,25,,339765,5,,,0,70,,339772,5,,,0,30,,339760,5,,,0
6200,'3',1202,,339783,5,,,0,35,,339788,5,,,0,70,,339809,5,,,0,30,,339797,5,,,0,70,,246954,5,,,0,28,,339804,5,,,0,71,,339793,5,,,0,31,,339798,5,,,0,73,,339802,5,,,0,32,,175574,5,,,0,70,,339789,5,,,0,30,,339807,5,,,0,70,,220468,5,,,0,25,,339795,5,,,0,70,,339800,5,,,0,30,,277764,5,,,0
6200,'4',1202,,339810,5,,,0,35,,339837,5,,,0,70,,339813,5,,,0,30,,339832,5,,,0,68,,339816,5,,,0,30,,339840,5,,,0,71,,339812,5,,,0,31,,339819,5,,,0,72,,339830,5,,,0,32,,339814,5,,,0,71,,339834,5,,,0,30,,278048,5,,,0,70,,339836,5,,,0,25,,339818,5,,,0,70,,339817,5,,,0,30,,339820,5,,,0
6200,'5',1202,,339843,5,,,0,35,,339848,5,,,0,70,,339869,5,,,0,30,,339857,5,,,0,70,,247029,5,,,0,28,,339864,5,,,0,71,,339853,5,,,0,31,,339858,5,,,0,73,,339862,5,,,0,32,,253622,5,,,0,70,,339849,5,,,0,30,,339867,5,,,0,70,,220573,5,,,0,25,,339855,5,,,0,70,,339860,5,,,0,30,,277837,5,,,0
6200,'6',1202,,339870,5,,,0,35,,339874,5,,,0,70,,339900,5,,,0,30,,339885,5,,,0,70,,339886,5,,,0,28,,339894,5,,,0,71,,284732,5,,,0,31,,284009,5,,,0,73,,339891,5,,,0,32,,339880,5,,,0,70,,339875,5,,,0,30,,339897,5,,,0,70,,339881,5,,,0,25,,339883,5,,,0,70,,339889,5,,,0,30,,339879,5,,,0
6200,'7',1202,,339901,5,,,0,35,,339906,5,,,0,70,,339930,5,,,0,30,,207351,5,,,0,70,,339916,5,,,0,28,,213086,5,,,0,71,,339909,5,,,0,31,,339917,5,,,0,73,,339922,5,,,0,32,,339910,5,,,0,70,,77493,5,,,0,30,,339927,5,,,0,70,,339911,5,,,0,25,,339913,5,,,0,70,,339920,5,,,0,30,,339908,5,,,0
6200,'8',706,,339934,5,,,0,30,,339947,5,,,0,70,,339943,5,,,0,30,,339935,5,,,0,70,,339945,5,,,0,30,,339939,5,,,0,70,,339957,5,,,0,30,,339952,5,,,0,70,,339949,5,,,0,30,,339932,5,,,0,70,,339959,5,,,0,30,,339940,5,,,0,70,,339956,5,,,0,30,,339931,5,,,0,70,,339938,5,,,0,30,,339933,5,,,0,70,,339958,5,,,0,30,,339944,5,,,0,70,,339936,5,,,0,30,,289731,5,,,0,70,,339941,5,,,0,30,,339954,5,,,0,70,,339953,5,,,0,30,,339950,5,,,0,70,,289141,5,,,0,30,,339937,5,,,0,70,,339955,5,,,0,30,,339942,5,,,0,70,,339951,5,,,0,30,,288118,5,,,0,70,,339946,5,,,0,30,,339948,5,,,0
6200,'9',1202,,339960,5,,,0,35,,339964,5,,,0,70,,339990,5,,,0,30,,339975,5,,,0,70,,339976,5,,,0,28,,339984,5,,,0,71,,284650,5,,,0,31,,283872,5,,,0,73,,339981,5,,,0,32,,339970,5,,,0,70,,339965,5,,,0,30,,339987,5,,,0,70,,339971,5,,,0,25,,339973,5,,,0,70,,339979,5,,,0,30,,339969,5,,,0
16300,'1',617,,370403,20,,,0,35,,370381,20,,,0,70,,370388,20,,,0,30,,370384,20,,,0,71,,370398,20,,,0,29,,370402,20,,,0,66,,370394,20,,,0,25,,370379,20,,,0,70,,370382,20,,,0,30,,370404,20,,,0,70,,370395,20,,,0,30,,370399,20,,,0,70,,370396,20,,,0,30,,370393,20,,,0,70,,139826,20,,,0,30,,370383,20,,,0,70,,193669,20,,,0,36,,370385,20,,,0,79,,370380,20,,,0,30,,370389,20,,,0,70,,281970,20,,,0,30,,370400,20,,,0,69,,370397,20,,,0,30,,370405,20,,,0,70,,370387,20,,,0,19,,370391,20,,,0,70,,370390,20,,,0,30,,370386,20,,,0,70,,370406,20,,,0,25,,370401,20,,,0,100,,230675,20,,,0,100,,370392,20,,,0
16300,'10',706,,241221,20,,,0,100,,370411,20,,,0,30,,370423,20,,,0,70,,370428,20,,,0,30,,370421,20,,,0,70,,370416,20,,,0,30,,370427,20,,,0,70,,370417,20,,,0,30,,370422,20,,,0,70,,370426,20,,,0,30,,250800,20,,,0,70,,370420,20,,,0,30,,167510,20,,,0,70,,370424,20,,,0,30,,370409,20,,,0,70,,370412,20,,,0,30,,370419,20,,,0,70,,370414,20,,,0,30,,370410,20,,,0,70,,272091,20,,,0,30,,370415,20,,,0,100,,370418,20,,,0,100,,370413,20,,,0,100,,370425,20,,,0,100,,370407,20,,,0,100,,370408,20,,,0
16300,'11',617,,370429,20,,,0,35,,284316,20,,,0,70,,370433,20,,,0,30,,370442,20,,,0,72,,370443,20,,,0,28,,370449,20,,,0,66,,370431,20,,,0,25,,370440,20,,,0,70,,282815,20,,,0,30,,370441,20,,,0,70,,370432,20,,,0,30,,208600,20,,,0,70,,370447,20,,,0,30,,370445,20,,,0,70,,370446,20,,,0,30,,370435,20,,,0,70,,370436,20,,,0,29,,262411,20,,,0,86,,243478,20,,,0,30,,370434,20,,,0,70,,268750,20,,,0,99,,370448,20,,,0,30,,370439,20,,,0,70,,263530,20,,,0,19,,370438,20,,,0,70,,223539,20,,,0,30,,195256,20,,,0,70,,370444,20,,,0,25,,370430,20,,,0,100,,278892,20,,,0,100,,370437,20,,,0
16300,'12',736,,370462,20,,,0,70,,370461,20,,,0,100,,370458,20,,,0,30,,370460,20,,,0,70,,370468,20,,,0,30,,370469,20,,,0,70,,370452,20,,,0,30,,370451,20,,,0,70,,370466,20,,,0,30,,290833,20,,,0,70,,233279,20,,,0,30,,370465,20,,,0,70,,370453,20,,,0,30,,370457,20,,,0,70,,370455,20,,,0,30,,370450,20,,,0,70,,370463,20,,,0,30,,370454,20,,,0,70,,370464,20,,,0,30,,370456,20,,,0,100,,370467,20,,,0,100,,370459,20,,,0
16300,'13',617,,370470,20,,,0,35,,284367,20,,,0,70,,370474,20,,,0,30,,370483,20,,,0,72,,370484,20,,,0,28,,370490,20,,,0,66,,370472,20,,,0,25,,370481,20,,,0,70,,282840,20,,,0,30,,370482,20,,,0,70,,370473,20,,,0,30,,208655,20,,,0,70,,370488,20,,,0,30,,370486,20,,,0,70,,370487,20,,,0,30,,370476,20,,,0,70,,370477,20,,,0,29,,262453,20,,,0,86,,243535,20,,,0,30,,370475,20,,,0,70,,268755,20,,,0,99,,370489,20,,,0,30,,370480,20,,,0,70,,263592,20,,,0,19,,370479,20,,,0,70,,223567,20,,,0,30,,194877,20,,,0,70,,370485,20,,,0,25,,370471,20,,,0,100,,278943,20,,,0,100,,370478,20,,,0
16300,'14',617,,370491,20,,,0,35,,284548,20,,,0,70,,370495,20,,,0,30,,370504,20,,,0,72,,370505,20,,,0,28,,370511,20,,,0,66,,370493,20,,,0,25,,370502,20,,,0,70,,282932,20,,,0,30,,370503,20,,,0,70,,370494,20,,,0,30,,208892,20,,,0,70,,370509,20,,,0,30,,370507,20,,,0,70,,370508,20,,,0,30,,370497,20,,,0,70,,370498,20,,,0,29,,262623,20,,,0,86,,243763,20,,,0,30,,370496,20,,,0,70,,268771,20,,,0,99,,370510,20,,,0,30,,370501,20,,,0,70,,263882,20,,,0,19,,370500,20,,,0,70,,223675,20,,,0,30,,195073,20,,,0,70,,370506,20,,,0,25,,370492,20,,,0,100,,279120,20,,,0,100,,370499,20,,,0
16300,'15',736,,275128,20,,,0,70,,370523,20,,,0,100,,370520,20,,,0,30,,370522,20,,,0,70,,370528,20,,,0,30,,370529,20,,,0,70,,370515,20,,,0,30,,370514,20,,,0,70,,370527,20,,,0,30,,370513,20,,,0,70,,370525,20,,,0,30,,196100,20,,,0,70,,370516,20,,,0,30,,370519,20,,,0,70,,370517,20,,,0,30,,370512,20,,,0,70,,370524,20,,,0,30,,157973,20,,,0,70,,370526,20,,,0,30,,370518,20,,,0,100,,241996,20,,,0,100,,370521,20,,,0
16300,'16',706,,370537,20,,,0,100,,370534,20,,,0,30,,370547,20,,,0,70,,370551,20,,,0,30,,370545,20,,,0,70,,370539,20,,,0,30,,262717,20,,,0,70,,370540,20,,,0,30,,370546,20,,,0,70,,370550,20,,,0,30,,370543,20,,,0,70,,370544,20,,,0,30,,370542,20,,,0,70,,370548,20,,,0,30,,370532,20,,,0,70,,370535,20,,,0,30,,370541,20,,,0,70,,247372,20,,,0,30,,291247,20,,,0,70,,370533,20,,,0,30,,370538,20,,,0,100,,233660,20,,,0,100,,370536,20,,,0,100,,370549,20,,,0,100,,370530,20,,,0,100,,370531,20,,,0
16300,'2',617,,370552,20,,,0,35,,370573,20,,,0,70,,370557,20,,,0,30,,370568,20,,,0,72,,370569,20,,,0,28,,370576,20,,,0,66,,370554,20,,,0,25,,370566,20,,,0,70,,370578,20,,,0,30,,370567,20,,,0,70,,370555,20,,,0,30,,370556,20,,,0,70,,370574,20,,,0,30,,274665,20,,,0,70,,370572,20,,,0,30,,370559,20,,,0,70,,158515,20,,,0,29,,370564,20,,,0,86,,370565,20,,,0,30,,370558,20,,,0,70,,370570,20,,,0,99,,370575,20,,,0,30,,370563,20,,,0,70,,370577,20,,,0,19,,370562,20,,,0,70,,370561,20,,,0,30,,370553,20,,,0,70,,280156,20,,,0,25,,294031,20,,,0,100,,370571,20,,,0,100,,370560,20,,,0
16300,'3',617,,370579,20,,,0,35,,370598,20,,,0,70,,370584,20,,,0,30,,370593,20,,,0,72,,264002,20,,,0,28,,370600,20,,,0,66,,268827,20,,,0,25,,370591,20,,,0,70,,370602,20,,,0,30,,370592,20,,,0,70,,370582,20,,,0,30,,370583,20,,,0,70,,370599,20,,,0,30,,370597,20,,,0,70,,229330,20,,,0,30,,370585,20,,,0,70,,370586,20,,,0,29,,370589,20,,,0,86,,370590,20,,,0,30,,251121,20,,,0,70,,370594,20,,,0,99,,280999,20,,,0,30,,276101,20,,,0,70,,370601,20,,,0,19,,370588,20,,,0,70,,370587,20,,,0,30,,370581,20,,,0,70,,370595,20,,,0,25,,370580,20,,,0,100,,370596,20,,,0,100,,166751,20,,,0
16300,'4',644,,370612,20,,,0,105,,370605,20,,,0,101,,290095,20,,,0,95,,370608,20,,,0,95,,370614,20,,,0,100,,370613,20,,,0,100,,370603,20,,,0,100,,370609,20,,,0,100,,370616,20,,,0,115,,25716,20,,,0,100,,370604,20,,,0,99,,238206,20,,,0,95,,370611,20,,,0,94,,370615,20,,,0,100,,370607,20,,,0,100,,370610,20,,,0,98,,370606,20,,,0
16300,'5',617,,370617,20,,,0,35,,370636,20,,,0,70,,370622,20,,,0,30,,370631,20,,,0,72,,264198,20,,,0,28,,370638,20,,,0,66,,35427,20,,,0,25,,370629,20,,,0,70,,370640,20,,,0,30,,370630,20,,,0,70,,370620,20,,,0,30,,370621,20,,,0,70,,370637,20,,,0,30,,370635,20,,,0,70,,229412,20,,,0,30,,370623,20,,,0,70,,370624,20,,,0,29,,370627,20,,,0,86,,370628,20,,,0,30,,251190,20,,,0,70,,370632,20,,,0,99,,281117,20,,,0,30,,276212,20,,,0,70,,370639,20,,,0,19,,370626,20,,,0,70,,370625,20,,,0,30,,370619,20,,,0,70,,370633,20,,,0,25,,370618,20,,,0,100,,370634,20,,,0,100,,265312,20,,,0
16300,'6',617,,370641,20,,,0,35,,284007,20,,,0,70,,370645,20,,,0,30,,370654,20,,,0,72,,370655,20,,,0,28,,370661,20,,,0,66,,370643,20,,,0,25,,370652,20,,,0,70,,282676,20,,,0,30,,370653,20,,,0,70,,370644,20,,,0,30,,208239,20,,,0,70,,370659,20,,,0,30,,370657,20,,,0,70,,370658,20,,,0,30,,370647,20,,,0,70,,370648,20,,,0,29,,262163,20,,,0,86,,243161,20,,,0,30,,370646,20,,,0,70,,268727,20,,,0,99,,370660,20,,,0,30,,370651,20,,,0,70,,263112,20,,,0,19,,370650,20,,,0,70,,223376,20,,,0,30,,195204,20,,,0,70,,370656,20,,,0,25,,370642,20,,,0,100,,278580,20,,,0,100,,370649,20,,,0
16300,'7',617,,370662,20,,,0,35,,370683,20,,,0,70,,370667,20,,,0,30,,370678,20,,,0,72,,370679,20,,,0,28,,370686,20,,,0,66,,370664,20,,,0,25,,370676,20,,,0,70,,370688,20,,,0,30,,370677,20,,,0,70,,370665,20,,,0,30,,370666,20,,,0,70,,370684,20,,,0,30,,274500,20,,,0,70,,370682,20,,,0,30,,370669,20,,,0,70,,43212,20,,,0,29,,370674,20,,,0,86,,370675,20,,,0,30,,370668,20,,,0,70,,370680,20,,,0,99,,370685,20,,,0,30,,370673,20,,,0,70,,370687,20,,,0,19,,370672,20,,,0,70,,370671,20,,,0,30,,370663,20,,,0,70,,280083,20,,,0,25,,294019,20,,,0,100,,370681,20,,,0,100,,370670,20,,,0
16300,'8',736,,370701,20,,,0,70,,370700,20,,,0,100,,370697,20,,,0,30,,370699,20,,,0,70,,370707,20,,,0,30,,370708,20,,,0,70,,370691,20,,,0,30,,370690,20,,,0,70,,370705,20,,,0,30,,291143,20,,,0,70,,233563,20,,,0,30,,370704,20,,,0,70,,370692,20,,,0,30,,370696,20,,,0,70,,370694,20,,,0,30,,370689,20,,,0,70,,370702,20,,,0,30,,370693,20,,,0,70,,370703,20,,,0,30,,370695,20,,,0,100,,370706,20,,,0,100,,370698,20,,,0
16300,'9',617,,370709,20,,,0,35,,283870,20,,,0,70,,370713,20,,,0,30,,370722,20,,,0,72,,370723,20,,,0,28,,370729,20,,,0,66,,370711,20,,,0,25,,370720,20,,,0,70,,282622,20,,,0,30,,370721,20,,,0,70,,370712,20,,,0,30,,208062,20,,,0,70,,370727,20,,,0,30,,370725,20,,,0,70,,370726,20,,,0,30,,370715,20,,,0,70,,370716,20,,,0,29,,262049,20,,,0,86,,243016,20,,,0,30,,370714,20,,,0,70,,268717,20,,,0,99,,370728,20,,,0,30,,370719,20,,,0,70,,262910,20,,,0,19,,370718,20,,,0,70,,223295,20,,,0,30,,195096,20,,,0,70,,370724,20,,,0,25,,370710,20,,,0,100,,278444,20,,,0,100,,370717,20,,,0
