6300,'1',534,,184286,,,1,74,,92263,,,1,21,,184264,,,1,16,,184282,,,1,56,,113487,,,1,15,,184252,,,1,14,,184280,,,1,14,,184274,,,1,57,,184262,,,1,17,,105282,,,1,30,,184284,,,1,68,,184258,,,1,30,,184273,,,1,69,,184271,,,1,30,,184281,,,1,70,,92271,,,1,30,,184259,,,1,71,,184253,,,1,28,,184255,,,1,70,,184265,,,1,33,,184275,,,1,68,,184268,,,1,31,,184269,,,1,71,,184256,,,1,15,,184270,,,1,15,,184257,,,1,55,,184283,,,1,15,,184260,,,1,17,,184285,,,1,15,,3794,,,1,54,,20212,,,1,15,,184277,,,1,15,,184261,,,1,15,,109390,,,1,57,,184276,,,1,13,,184266,,,1,15,,70773,,,1,69,,184254,,,1,27,,84599,,,1,30,,184278,,,1,70,,87467,,,1,30,,184272,,,1,70,,184279,,,1,30,,184267,,,1,70,,184263,,,1,30,,99083,,,1,70,,116741,,,1,79,,57602,,,1
6300,'10',701,,184303,,,1,30,,184305,,,1,70,,184292,,,1,31,,19622,,,1,70,,184291,,,1,30,,184311,,,1,70,,55623,,,1,31,,184289,,,1,70,,184302,,,1,30,,184308,,,1,70,,184298,,,1,30,,184310,,,1,70,,184300,,,1,30,,184313,,,1,70,,184296,,,1,30,,52150,,,1,70,,184295,,,1,33,,77130,,,1,67,,184315,,,1,30,,184314,,,1,70,,184312,,,1,30,,184299,,,1,70,,184301,,,1,30,,184307,,,1,70,,184294,,,1,30,,184306,,,1,70,,184288,,,1,29,,184290,,,1,70,,184293,,,1,30,,184287,,,1,70,,184309,,,1,29,,184297,,,1,70,,80232,,,1,30,,184304,,,1
6300,'11',534,,184343,,,1,74,,184319,,,1,21,,184332,,,1,16,,51988,,,1,56,,184345,,,1,15,,184327,,,1,14,,73355,,,1,16,,184323,,,1,55,,184336,,,1,15,,184339,,,1,30,,184334,,,1,70,,184348,,,1,30,,39450,,,1,69,,184329,,,1,30,,184321,,,1,70,,18463,,,1,30,,104111,,,1,71,,36467,,,1,28,,184346,,,1,70,,184344,,,1,33,,184318,,,1,68,,95385,,,1,31,,184320,,,1,71,,184326,,,1,15,,184317,,,1,15,,184342,,,1,57,,184316,,,1,15,,184335,,,1,30,,184325,,,1,54,,184347,,,1,15,,184330,,,1,15,,95356,,,1,15,,184322,,,1,55,,184324,,,1,15,,184349,,,1,15,,27148,,,1,69,,184331,,,1,27,,94031,,,1,30,,95375,,,1,70,,184337,,,1,30,,363,,,1,70,,184341,,,1,30,,184328,,,1,70,,184340,,,1,30,,27190,,,1,70,,184338,,,1,79,,184333,,,1
6300,'12',534,,184378,,,1,74,,184355,,,1,21,,31484,,,1,16,,184361,,,1,56,,64967,,,1,15,,14390,,,1,14,,184362,,,1,16,,184358,,,1,55,,184372,,,1,15,,51500,,,1,30,,53825,,,1,70,,20126,,,1,30,,184382,,,1,69,,184366,,,1,30,,184356,,,1,70,,184381,,,1,30,,184350,,,1,71,,184363,,,1,28,,53844,,,1,70,,184379,,,1,33,,184353,,,1,68,,184380,,,1,31,,27818,,,1,71,,106757,,,1,15,,184352,,,1,15,,184377,,,1,57,,33652,,,1,15,,184371,,,1,30,,184360,,,1,54,,7466,,,1,15,,184367,,,1,15,,184369,,,1,15,,184357,,,1,55,,184359,,,1,15,,51514,,,1,15,,184351,,,1,69,,184368,,,1,27,,184365,,,1,30,,184375,,,1,70,,184373,,,1,30,,184354,,,1,70,,15838,,,1,30,,184364,,,1,70,,27852,,,1,30,,184376,,,1,70,,184374,,,1,79,,184370,,,1
6300,'13',701,,66748,,,1,30,,184398,,,1,70,,184387,,,1,31,,184403,,,1,70,,184386,,,1,30,,184404,,,1,70,,184408,,,1,31,,53042,,,1,70,,5048,,,1,30,,75775,,,1,70,,184393,,,1,30,,184402,,,1,70,,184395,,,1,30,,50373,,,1,70,,184391,,,1,30,,184401,,,1,70,,184390,,,1,33,,184405,,,1,67,,112063,,,1,30,,184407,,,1,70,,90294,,,1,30,,184394,,,1,70,,184396,,,1,30,,184400,,,1,70,,184389,,,1,30,,184399,,,1,70,,184384,,,1,29,,184385,,,1,70,,184388,,,1,30,,184383,,,1,70,,33101,,,1,29,,184392,,,1,70,,184406,,,1,30,,184397,,,1
6300,'14',534,,184436,,,1,74,,184412,,,1,21,,184425,,,1,16,,52527,,,1,56,,184438,,,1,15,,184420,,,1,14,,73717,,,1,16,,184416,,,1,55,,184429,,,1,15,,184432,,,1,30,,184427,,,1,70,,184441,,,1,30,,40177,,,1,69,,184422,,,1,30,,184414,,,1,70,,18910,,,1,30,,104535,,,1,71,,36754,,,1,28,,184439,,,1,70,,184437,,,1,33,,184411,,,1,68,,95819,,,1,31,,184413,,,1,71,,184419,,,1,15,,184410,,,1,15,,184435,,,1,57,,184409,,,1,15,,184428,,,1,30,,184418,,,1,54,,184440,,,1,15,,184423,,,1,15,,95790,,,1,15,,184415,,,1,55,,184417,,,1,15,,184442,,,1,15,,27616,,,1,69,,184424,,,1,27,,94657,,,1,30,,95809,,,1,70,,184430,,,1,30,,803,,,1,70,,184434,,,1,30,,184421,,,1,70,,184433,,,1,30,,27658,,,1,70,,184431,,,1,79,,184426,,,1
6300,'15',748,,184449,,,1,104,,184446,,,1,100,,184451,,,1,101,,184465,,,1,70,,184467,,,1,30,,184462,,,1,70,,184469,,,1,30,,184463,,,1,70,,184457,,,1,30,,184448,,,1,70,,184458,,,1,30,,184443,,,1,70,,184445,,,1,30,,184471,,,1,70,,184470,,,1,30,,184444,,,1,70,,184452,,,1,30,,184454,,,1,70,,184459,,,1,30,,184453,,,1,70,,184450,,,1,30,,184455,,,1,70,,184464,,,1,29,,184460,,,1,70,,184461,,,1,30,,184468,,,1,70,,184456,,,1,29,,184447,,,1,100,,184466,,,1
6300,'16',748,,4298,,,1,104,,184475,,,1,100,,68718,,,1,101,,83560,,,1,70,,184489,,,1,30,,184486,,,1,70,,184491,,,1,30,,184487,,,1,70,,184482,,,1,30,,184477,,,1,70,,184483,,,1,30,,184472,,,1,70,,184474,,,1,30,,184493,,,1,70,,184492,,,1,30,,184473,,,1,70,,184479,,,1,30,,184480,,,1,70,,111146,,,1,30,,60508,,,1,70,,184478,,,1,30,,56268,,,1,70,,184488,,,1,29,,184484,,,1,70,,184485,,,1,30,,184490,,,1,70,,184481,,,1,29,,184476,,,1,100,,45874,,,1
6300,'17',534,,184535,,,1,74,,184531,,,1,21,,184506,,,1,16,,184527,,,1,56,,184518,,,1,15,,184494,,,1,14,,184525,,,1,14,,184517,,,1,57,,80891,,,1,17,,184514,,,1,30,,184529,,,1,68,,184501,,,1,30,,184516,,,1,69,,184515,,,1,30,,184526,,,1,70,,184533,,,1,30,,184502,,,1,71,,184495,,,1,28,,184498,,,1,70,,184507,,,1,33,,184520,,,1,68,,184510,,,1,31,,184513,,,1,71,,184499,,,1,15,,108585,,,1,15,,184500,,,1,55,,184528,,,1,15,,184503,,,1,17,,184534,,,1,15,,184530,,,1,54,,184532,,,1,15,,184522,,,1,15,,184504,,,1,15,,184536,,,1,57,,184521,,,1,13,,184508,,,1,15,,184519,,,1,69,,184496,,,1,27,,184497,,,1,30,,184523,,,1,70,,184512,,,1,30,,40311,,,1,70,,184524,,,1,30,,19004,,,1,70,,46310,,,1,30,,184505,,,1,70,,184509,,,1,79,,184511,,,1
6300,'18',701,,184549,,,1,30,,184551,,,1,70,,184541,,,1,31,,184557,,,1,70,,184540,,,1,30,,36661,,,1,70,,184563,,,1,31,,184538,,,1,70,,184548,,,1,30,,184554,,,1,70,,18707,,,1,30,,184556,,,1,70,,184546,,,1,30,,184560,,,1,70,,184543,,,1,30,,184553,,,1,70,,64569,,,1,33,,184559,,,1,67,,184562,,,1,30,,84281,,,1,70,,184558,,,1,30,,184545,,,1,70,,184547,,,1,30,,184552,,,1,70,,184542,,,1,30,,121376,,,1,70,,5773,,,1,29,,184539,,,1,70,,10871,,,1,30,,184537,,,1,70,,184555,,,1,29,,184544,,,1,70,,184561,,,1,30,,184550,,,1
6300,'19',534,,184605,,,1,74,,184601,,,1,21,,184576,,,1,16,,184597,,,1,56,,184588,,,1,15,,184564,,,1,14,,184595,,,1,14,,184587,,,1,57,,79853,,,1,17,,184584,,,1,30,,184599,,,1,68,,184571,,,1,30,,184586,,,1,69,,184585,,,1,30,,184596,,,1,70,,184603,,,1,30,,184572,,,1,71,,184565,,,1,28,,184568,,,1,70,,184577,,,1,33,,184590,,,1,68,,184580,,,1,31,,184583,,,1,71,,184569,,,1,15,,108179,,,1,15,,184570,,,1,55,,184598,,,1,15,,184573,,,1,17,,184604,,,1,15,,184600,,,1,54,,184602,,,1,15,,184592,,,1,15,,184574,,,1,15,,184606,,,1,57,,184591,,,1,13,,184578,,,1,15,,184589,,,1,69,,184566,,,1,27,,184567,,,1,30,,184593,,,1,70,,184582,,,1,30,,39335,,,1,70,,184594,,,1,30,,18376,,,1,70,,45628,,,1,30,,184575,,,1,70,,184579,,,1,79,,184581,,,1
6300,'2',534,,184634,,,1,74,,184610,,,1,21,,184623,,,1,16,,52235,,,1,56,,184636,,,1,15,,184618,,,1,14,,73533,,,1,16,,184614,,,1,55,,184627,,,1,15,,184630,,,1,30,,184625,,,1,70,,184639,,,1,30,,39845,,,1,69,,184620,,,1,30,,184612,,,1,70,,18682,,,1,30,,104351,,,1,71,,36614,,,1,28,,184637,,,1,70,,184635,,,1,33,,184609,,,1,68,,95579,,,1,31,,184611,,,1,71,,184617,,,1,15,,184608,,,1,15,,184633,,,1,57,,184607,,,1,15,,184626,,,1,30,,184616,,,1,54,,184638,,,1,15,,184621,,,1,15,,95550,,,1,15,,184613,,,1,55,,184615,,,1,15,,184640,,,1,15,,27360,,,1,69,,184622,,,1,27,,94321,,,1,30,,95569,,,1,70,,184628,,,1,30,,563,,,1,70,,184632,,,1,30,,184619,,,1,70,,184631,,,1,30,,27402,,,1,70,,184629,,,1,79,,184624,,,1
6300,'20',748,,3823,,,1,104,,184644,,,1,100,,68462,,,1,101,,83350,,,1,70,,184658,,,1,30,,184655,,,1,70,,184660,,,1,30,,184656,,,1,70,,184651,,,1,30,,184646,,,1,70,,184652,,,1,30,,184641,,,1,70,,184643,,,1,30,,184662,,,1,70,,184661,,,1,30,,184642,,,1,70,,184648,,,1,30,,184649,,,1,70,,111108,,,1,30,,60285,,,1,70,,184647,,,1,30,,56057,,,1,70,,184657,,,1,29,,184653,,,1,70,,184654,,,1,30,,184659,,,1,70,,184650,,,1,29,,184645,,,1,100,,45565,,,1
6300,'21',534,,184704,,,1,74,,184700,,,1,21,,184675,,,1,16,,184696,,,1,56,,184687,,,1,15,,184663,,,1,14,,184694,,,1,14,,184686,,,1,57,,80798,,,1,17,,184683,,,1,30,,184698,,,1,68,,184670,,,1,30,,184685,,,1,69,,184684,,,1,30,,184695,,,1,70,,184702,,,1,30,,184671,,,1,71,,184664,,,1,28,,184667,,,1,70,,184676,,,1,33,,184689,,,1,68,,184679,,,1,31,,184682,,,1,71,,184668,,,1,15,,108550,,,1,15,,184669,,,1,55,,184697,,,1,15,,184672,,,1,17,,184703,,,1,15,,184699,,,1,54,,184701,,,1,15,,184691,,,1,15,,184673,,,1,15,,184705,,,1,57,,184690,,,1,13,,184677,,,1,15,,184688,,,1,69,,184665,,,1,27,,184666,,,1,30,,184692,,,1,70,,184681,,,1,30,,40228,,,1,70,,184693,,,1,30,,18942,,,1,70,,46241,,,1,30,,184674,,,1,70,,184678,,,1,79,,184680,,,1
6300,'22',701,,184722,,,1,30,,184724,,,1,70,,184711,,,1,31,,19575,,,1,70,,184710,,,1,30,,184730,,,1,70,,55592,,,1,31,,184708,,,1,70,,184721,,,1,30,,184727,,,1,70,,184717,,,1,30,,184729,,,1,70,,184719,,,1,30,,184732,,,1,70,,184715,,,1,30,,52106,,,1,70,,184714,,,1,33,,77096,,,1,67,,184734,,,1,30,,184733,,,1,70,,184731,,,1,30,,184718,,,1,70,,184720,,,1,30,,184726,,,1,70,,184713,,,1,30,,184725,,,1,70,,184707,,,1,29,,184709,,,1,70,,184712,,,1,30,,184706,,,1,70,,184728,,,1,29,,184716,,,1,70,,80149,,,1,30,,184723,,,1
6300,'3',748,,184740,,,1,104,,184737,,,1,100,,184742,,,1,101,,184750,,,1,70,,184752,,,1,30,,184747,,,1,70,,38265,,,1,30,,184748,,,1,70,,92144,,,1,30,,184739,,,1,70,,124054,,,1,30,,184735,,,1,70,,184736,,,1,30,,9660,,,1,70,,184753,,,1,30,,59301,,,1,70,,116040,,,1,30,,184744,,,1,70,,184746,,,1,30,,184743,,,1,70,,184741,,,1,30,,184745,,,1,70,,184749,,,1,29,,14632,,,1,70,,123642,,,1,30,,17764,,,1,70,,64025,,,1,29,,184738,,,1,100,,184751,,,1
6300,'4',534,,184781,,,1,74,,184757,,,1,21,,184770,,,1,16,,52381,,,1,56,,184783,,,1,15,,184765,,,1,14,,73625,,,1,16,,184761,,,1,55,,184774,,,1,15,,184777,,,1,30,,184772,,,1,70,,184786,,,1,30,,40011,,,1,69,,184767,,,1,30,,184759,,,1,70,,18796,,,1,30,,104443,,,1,71,,36684,,,1,28,,184784,,,1,70,,184782,,,1,33,,184756,,,1,68,,95699,,,1,31,,184758,,,1,71,,184764,,,1,15,,184755,,,1,15,,184780,,,1,57,,184754,,,1,15,,184773,,,1,30,,184763,,,1,54,,184785,,,1,15,,184768,,,1,15,,95670,,,1,15,,184760,,,1,55,,184762,,,1,15,,184787,,,1,15,,27488,,,1,69,,184769,,,1,27,,94489,,,1,30,,95689,,,1,70,,184775,,,1,30,,683,,,1,70,,184779,,,1,30,,184766,,,1,70,,184778,,,1,30,,27530,,,1,70,,184776,,,1,79,,184771,,,1
6300,'5',534,,184815,,,1,74,,184791,,,1,21,,184804,,,1,16,,52454,,,1,56,,184817,,,1,15,,184799,,,1,14,,73671,,,1,16,,184795,,,1,55,,184808,,,1,15,,184811,,,1,30,,184806,,,1,70,,184820,,,1,30,,40094,,,1,69,,184801,,,1,30,,184793,,,1,70,,18853,,,1,30,,104489,,,1,71,,36719,,,1,28,,184818,,,1,70,,184816,,,1,33,,184790,,,1,68,,95759,,,1,31,,184792,,,1,71,,184798,,,1,15,,184789,,,1,15,,184814,,,1,57,,184788,,,1,15,,184807,,,1,30,,184797,,,1,54,,184819,,,1,15,,184802,,,1,15,,95730,,,1,15,,184794,,,1,55,,184796,,,1,15,,184821,,,1,15,,27552,,,1,69,,184803,,,1,27,,94573,,,1,30,,95749,,,1,70,,184809,,,1,30,,743,,,1,70,,184813,,,1,30,,184800,,,1,70,,184812,,,1,30,,27594,,,1,70,,184810,,,1,79,,184805,,,1
6300,'6',534,,184849,,,1,74,,184825,,,1,21,,184838,,,1,16,,51541,,,1,56,,184851,,,1,15,,184833,,,1,14,,73053,,,1,16,,184829,,,1,55,,184842,,,1,15,,184845,,,1,30,,184840,,,1,70,,184854,,,1,30,,38883,,,1,69,,184835,,,1,30,,184827,,,1,70,,18103,,,1,30,,103777,,,1,71,,36240,,,1,28,,184852,,,1,70,,184850,,,1,33,,184824,,,1,68,,95016,,,1,31,,184826,,,1,71,,184832,,,1,15,,184823,,,1,15,,184848,,,1,57,,184822,,,1,15,,184841,,,1,30,,184831,,,1,54,,184853,,,1,15,,184836,,,1,15,,94987,,,1,15,,184828,,,1,55,,184830,,,1,15,,184855,,,1,15,,26759,,,1,69,,184837,,,1,27,,93521,,,1,30,,95006,,,1,70,,184843,,,1,30,,5,,,1,70,,184847,,,1,30,,184834,,,1,70,,184846,,,1,30,,26801,,,1,70,,184844,,,1,79,,184839,,,1
6300,'7',534,,184860,,,1,74,,184868,,,1,21,,184900,,,1,16,,184890,,,1,56,,184859,,,1,15,,184901,,,1,14,,184864,,,1,14,,184880,,,1,57,,184903,,,1,17,,184898,,,1,30,,184877,,,1,68,,184894,,,1,30,,184863,,,1,69,,184878,,,1,30,,184873,,,1,70,,184881,,,1,30,,184899,,,1,71,,184876,,,1,28,,184885,,,1,70,,184883,,,1,33,,184892,,,1,68,,184897,,,1,31,,184875,,,1,71,,184886,,,1,15,,184867,,,1,15,,184861,,,1,57,,184857,,,1,15,,184884,,,1,15,,184872,,,1,15,,184895,,,1,54,,184879,,,1,16,,184896,,,1,16,,184893,,,1,13,,184870,,,1,57,,184862,,,1,13,,184871,,,1,15,,184866,,,1,69,,184888,,,1,27,,184865,,,1,30,,184874,,,1,70,,184891,,,1,30,,184882,,,1,70,,184902,,,1,30,,184887,,,1,70,,184858,,,1,30,,184856,,,1,70,,184869,,,1,79,,184889,,,1
6300,'8',748,,4091,,,1,104,,184907,,,1,100,,68621,,,1,101,,83475,,,1,70,,184921,,,1,30,,184918,,,1,70,,184923,,,1,30,,184919,,,1,70,,184914,,,1,30,,184909,,,1,70,,184915,,,1,30,,184904,,,1,70,,184906,,,1,30,,184925,,,1,70,,184924,,,1,30,,184905,,,1,70,,184911,,,1,30,,184912,,,1,70,,111134,,,1,30,,60435,,,1,70,,184910,,,1,30,,56178,,,1,70,,184920,,,1,29,,184916,,,1,70,,184917,,,1,30,,184922,,,1,70,,184913,,,1,29,,184908,,,1,100,,45763,,,1
6300,'9',534,,79824,,,1,74,,184962,,,1,21,,184938,,,1,16,,58569,,,1,56,,184952,,,1,15,,184926,,,1,14,,184958,,,1,14,,184951,,,1,57,,184935,,,1,17,,184947,,,1,30,,184960,,,1,68,,12554,,,1,30,,184950,,,1,69,,184948,,,1,30,,184959,,,1,70,,184964,,,1,30,,184933,,,1,71,,184927,,,1,28,,184930,,,1,70,,184939,,,1,33,,184954,,,1,68,,184942,,,1,31,,184945,,,1,71,,184931,,,1,15,,184946,,,1,15,,184932,,,1,55,,96321,,,1,15,,65251,,,1,17,,40893,,,1,15,,184961,,,1,54,,184963,,,1,15,,184956,,,1,15,,184934,,,1,15,,184965,,,1,57,,184955,,,1,13,,66194,,,1,15,,184953,,,1,69,,184928,,,1,27,,184929,,,1,30,,99453,,,1,70,,184944,,,1,30,,184949,,,1,70,,184957,,,1,30,,184940,,,1,70,,184937,,,1,30,,184936,,,1,70,,184941,,,1,79,,184943,,,1
11000,'1',519,,216674,,,1,29,,216685,,,1,104,,216679,,,1,64,,216693,,,1,32,,216684,,,1,71,,216676,,,1,31,,216694,,,1,70,,216677,,,1,30,,216695,,,1,62,,216689,,,1,30,,109788,,,1,70,,216682,,,1,29,,81272,,,1,70,,13573,,,1,29,,216683,,,1,70,,216692,,,1,30,,216691,,,1,70,,216675,,,1,29,,216690,,,1,73,,216688,,,1,32,,216697,,,1,73,,216680,,,1,31,,216696,,,1,69,,40673,,,1,32,,216686,,,1,70,,97154,,,1,30,,79640,,,1,67,,216687,,,1,24,,216681,,,1,70,,65190,,,1,30,,216673,,,1,69,,216678,,,1
11000,'10',508,,216701,,,1,30,,216702,,,1,170,,216700,,,1,30,,216699,,,1,1071,,216698,,,1,30,,50876,,,1
11000,'11',519,,216711,,,1,29,,216715,,,1,104,,11663,,,1,64,,216703,,,1,33,,216717,,,1,70,,216713,,,1,101,,28239,,,1,30,,216723,,,1,62,,216706,,,1,30,,216722,,,1,70,,216712,,,1,29,,216708,,,1,70,,120784,,,1,29,,216709,,,1,100,,216714,,,1,70,,216719,,,1,29,,9129,,,1,73,,216724,,,1,32,,216720,,,1,73,,216721,,,1,101,,79987,,,1,31,,216705,,,1,70,,216704,,,1,30,,216716,,,1,91,,216718,,,1,70,,216707,,,1,30,,118921,,,1,69,,216710,,,1
11000,'12',519,,216733,,,1,29,,216738,,,1,104,,216742,,,1,64,,216725,,,1,33,,216740,,,1,70,,216736,,,1,101,,216726,,,1,30,,216748,,,1,62,,216729,,,1,30,,216746,,,1,70,,58277,,,1,29,,216731,,,1,70,,216734,,,1,29,,82076,,,1,100,,216737,,,1,70,,216741,,,1,29,,216735,,,1,73,,57429,,,1,32,,216743,,,1,73,,216745,,,1,101,,216744,,,1,31,,216728,,,1,70,,216727,,,1,30,,216739,,,1,91,,100262,,,1,70,,216730,,,1,30,,216747,,,1,69,,216732,,,1
11000,'13',508,,216752,,,1,30,,216753,,,1,170,,216751,,,1,30,,216750,,,1,1071,,216749,,,1,30,,216754,,,1
11000,'14',519,,216763,,,1,29,,216767,,,1,104,,12093,,,1,64,,216755,,,1,33,,216769,,,1,70,,216765,,,1,101,,28681,,,1,30,,216775,,,1,62,,216758,,,1,30,,216774,,,1,70,,216764,,,1,29,,216760,,,1,70,,120804,,,1,29,,216761,,,1,100,,216766,,,1,70,,216771,,,1,29,,9420,,,1,73,,216776,,,1,32,,216772,,,1,73,,216773,,,1,101,,80750,,,1,31,,216757,,,1,70,,216756,,,1,30,,216768,,,1,91,,216770,,,1,70,,216759,,,1,30,,119170,,,1,69,,216762,,,1
11000,'15',509,,216782,,,1,30,,216780,,,1,170,,216779,,,1,30,,216777,,,1,1071,,216781,,,1,30,,216778,,,1
11000,'16',509,,216787,,,1,30,,216786,,,1,170,,216785,,,1,30,,216783,,,1,1071,,58796,,,1,30,,216784,,,1
11000,'17',519,,216790,,,1,29,,216804,,,1,104,,216796,,,1,64,,121744,,,1,32,,216802,,,1,71,,216792,,,1,31,,216810,,,1,70,,216793,,,1,30,,216811,,,1,62,,25868,,,1,30,,216803,,,1,70,,216800,,,1,29,,216799,,,1,70,,216808,,,1,29,,216801,,,1,70,,216809,,,1,30,,67358,,,1,70,,216791,,,1,29,,216807,,,1,73,,33645,,,1,32,,84450,,,1,73,,216797,,,1,31,,20776,,,1,69,,216789,,,1,32,,40319,,,1,70,,216794,,,1,30,,216805,,,1,67,,216806,,,1,24,,216798,,,1,70,,216812,,,1,30,,216788,,,1,69,,216795,,,1
11000,'18',508,,216816,,,1,30,,216817,,,1,170,,216815,,,1,30,,216814,,,1,1071,,216813,,,1,30,,216818,,,1
11000,'19',519,,216821,,,1,29,,216835,,,1,104,,216827,,,1,64,,121688,,,1,32,,216833,,,1,71,,216823,,,1,31,,216841,,,1,70,,216824,,,1,30,,216842,,,1,62,,25390,,,1,30,,216834,,,1,70,,216831,,,1,29,,216830,,,1,70,,216839,,,1,29,,216832,,,1,70,,216840,,,1,30,,66930,,,1,70,,216822,,,1,29,,216838,,,1,73,,33253,,,1,32,,84068,,,1,73,,216828,,,1,31,,20570,,,1,69,,216820,,,1,32,,39343,,,1,70,,216825,,,1,30,,216836,,,1,67,,216837,,,1,24,,216829,,,1,70,,216843,,,1,30,,216819,,,1,69,,216826,,,1
11000,'2',519,,216852,,,1,29,,216856,,,1,104,,11869,,,1,64,,216844,,,1,33,,216858,,,1,70,,216854,,,1,101,,28441,,,1,30,,216864,,,1,62,,216847,,,1,30,,216863,,,1,70,,216853,,,1,29,,216849,,,1,70,,120788,,,1,29,,216850,,,1,100,,216855,,,1,70,,216860,,,1,29,,9280,,,1,73,,216865,,,1,32,,216861,,,1,73,,216862,,,1,101,,80394,,,1,31,,216846,,,1,70,,216845,,,1,30,,216857,,,1,91,,216859,,,1,70,,216848,,,1,30,,119014,,,1,69,,216851,,,1
11000,'20',509,,216870,,,1,30,,216869,,,1,170,,216868,,,1,30,,216866,,,1,1071,,58535,,,1,30,,216867,,,1
11000,'21',519,,216873,,,1,29,,216887,,,1,104,,216879,,,1,64,,121737,,,1,32,,216885,,,1,71,,216875,,,1,31,,216893,,,1,70,,216876,,,1,30,,216894,,,1,62,,25823,,,1,30,,216886,,,1,70,,216883,,,1,29,,216882,,,1,70,,216891,,,1,29,,216884,,,1,70,,216892,,,1,30,,67320,,,1,70,,216874,,,1,29,,216890,,,1,73,,33612,,,1,32,,84415,,,1,73,,216880,,,1,31,,20751,,,1,69,,216872,,,1,32,,40236,,,1,70,,216877,,,1,30,,216888,,,1,67,,216889,,,1,24,,216881,,,1,70,,216895,,,1,30,,216871,,,1,69,,216878,,,1
11000,'22',508,,216899,,,1,30,,216900,,,1,170,,216898,,,1,30,,216897,,,1,1071,,216896,,,1,30,,50832,,,1
11000,'3',509,,216905,,,1,30,,216903,,,1,170,,101503,,,1,30,,216901,,,1,1071,,216904,,,1,30,,216902,,,1
11000,'4',519,,216914,,,1,29,,216918,,,1,104,,11981,,,1,64,,216906,,,1,33,,216920,,,1,70,,216916,,,1,101,,28561,,,1,30,,216926,,,1,62,,216909,,,1,30,,216925,,,1,70,,216915,,,1,29,,216911,,,1,70,,120796,,,1,29,,216912,,,1,100,,216917,,,1,70,,216922,,,1,29,,9350,,,1,73,,216927,,,1,32,,216923,,,1,73,,216924,,,1,101,,80572,,,1,31,,216908,,,1,70,,216907,,,1,30,,216919,,,1,91,,216921,,,1,70,,216910,,,1,30,,119092,,,1,69,,216913,,,1
11000,'5',519,,216936,,,1,29,,216940,,,1,104,,12037,,,1,64,,216928,,,1,33,,216942,,,1,70,,216938,,,1,101,,28621,,,1,30,,216948,,,1,62,,216931,,,1,30,,216947,,,1,70,,216937,,,1,29,,216933,,,1,70,,120800,,,1,29,,216934,,,1,100,,216939,,,1,70,,216944,,,1,29,,9385,,,1,73,,216949,,,1,32,,216945,,,1,73,,216946,,,1,101,,80661,,,1,31,,216930,,,1,70,,216929,,,1,30,,216941,,,1,91,,216943,,,1,70,,216932,,,1,30,,119131,,,1,69,,216935,,,1
11000,'6',519,,216958,,,1,29,,216962,,,1,104,,11324,,,1,64,,216950,,,1,33,,216964,,,1,70,,216960,,,1,101,,27874,,,1,30,,216970,,,1,62,,216953,,,1,30,,216969,,,1,70,,216959,,,1,29,,216955,,,1,70,,120764,,,1,29,,216956,,,1,100,,216961,,,1,70,,216966,,,1,29,,8904,,,1,73,,216971,,,1,32,,216967,,,1,73,,216968,,,1,101,,79378,,,1,31,,216952,,,1,70,,216951,,,1,30,,216963,,,1,91,,216965,,,1,70,,216954,,,1,30,,118698,,,1,69,,216957,,,1
11000,'7',519,,216994,,,1,29,,216985,,,1,104,,216980,,,1,64,,217003,,,1,32,,216984,,,1,71,,217002,,,1,31,,216998,,,1,70,,216983,,,1,30,,216991,,,1,62,,216992,,,1,30,,216999,,,1,70,,216981,,,1,29,,216977,,,1,70,,216997,,,1,29,,216990,,,1,70,,216975,,,1,30,,216987,,,1,70,,217001,,,1,27,,216979,,,1,75,,216993,,,1,32,,216972,,,1,73,,216982,,,1,33,,216978,,,1,67,,216973,,,1,34,,216989,,,1,69,,217000,,,1,29,,216974,,,1,67,,216988,,,1,24,,216976,,,1,70,,216995,,,1,30,,216996,,,1,69,,216986,,,1
11000,'8',509,,217008,,,1,30,,217007,,,1,170,,217006,,,1,30,,217004,,,1,1071,,58698,,,1,30,,217005,,,1
11000,'9',519,,217011,,,1,29,,217024,,,1,104,,217017,,,1,64,,217034,,,1,32,,217022,,,1,71,,217013,,,1,31,,217035,,,1,70,,217014,,,1,30,,217036,,,1,62,,217029,,,1,30,,217023,,,1,70,,217020,,,1,29,,217019,,,1,70,,217032,,,1,29,,217021,,,1,70,,217033,,,1,30,,217031,,,1,70,,217012,,,1,29,,217030,,,1,73,,217028,,,1,32,,217038,,,1,73,,89573,,,1,31,,217037,,,1,69,,217010,,,1,32,,217025,,,1,70,,217015,,,1,30,,217026,,,1,67,,217027,,,1,24,,217018,,,1,70,,217039,,,1,30,,217009,,,1,69,,217016,,,1
11001,'11',1524,,217083,0,13,1
11001,'12',1524,,217107,0,13,1
11001,'14',1524,,217140,0,13,1
11001,'2',1524,,217238,0,13,1
11001,'4',1524,,217309,0,13,1
11001,'5',1524,,217335,0,13,1
11001,'6',1524,,217361,0,13,1
66001,'11',1601,,232471,,,1
66001,'12',1601,,232472,,,1
66001,'14',1601,,232473,,,1
66001,'2',1601,,232474,,,1
66001,'4',1601,,232475,,,1
66001,'5',1601,,232476,,,1
66001,'6',1601,,232477,,,1
67401,'11',1450,,232968,,,1,2,,46632,,,1
67401,'12',1450,,232975,,,1,2,,232973,,,1
67401,'14',1450,,232981,,,1,2,,46872,,,1
67401,'2',1450,,232987,,,1,2,,46752,,,1
67401,'4',1450,,232993,,,1,2,,46812,,,1
67401,'5',1450,,232999,,,1,2,,46842,,,1
67401,'6',1450,,233005,,,1,2,,46442,,,1
68801,'11',1513,,233352,0,13,1
68801,'12',1513,,233355,0,13,1
68801,'14',1513,,233357,0,13,1
68801,'2',1513,,233359,0,13,1
68801,'4',1513,,233361,0,13,1
68801,'5',1513,,233363,0,13,1
68801,'6',1513,,233365,0,13,1
