1801,'1',809,,20930,19,0,67,1,100,,20915,19,,,1,30,,20929,19,,,1,71,,20925,19,,,1,30,,20916,19,,,1,70,,20914,19,,,1,30,,20926,19,,,1,70,,20922,19,,,1,30,,20904,19,,,1,70,,20906,19,,,1,30,,20927,19,,,1,70,,20911,19,,,1,30,,20928,19,,,1,70,,20921,19,,,1,30,,20923,19,,,1,70,,20908,19,,,1,30,,20924,19,,,1,70,,20903,19,,,1,30,,20919,19,,,1,70,,20910,19,,,1,30,,20905,19,,,1,70,,20920,19,,,1,30,,20913,19,,,1,70,,20907,19,,,1,29,,20917,19,,,1,70,,20931,19,,,1,100,,20912,19,,,1,108,,20918,19,0,67,1
1801,'10',559,,20940,19,,,1,71,,20954,19,,,1,70,,20933,19,,,1,30,,20957,19,,,1,29,,20949,19,,,1,100,,20951,19,,,1,72,,20944,19,,,1,70,,20939,19,,,1,30,,20938,19,,,1,69,,20941,19,,,1,31,,20947,19,,,1,70,,20961,19,,,1,30,,20959,19,,,1,70,,20953,19,,,1,30,,20945,19,,,1,69,,20950,19,,,1,27,,20962,19,,,1,29,,20955,19,,,1,102,,20935,19,,,1,66,,20956,19,,,1,32,,20952,19,,,1,102,,20958,19,,,1,72,,20963,19,,,1,71,,20946,19,,,1,29,,20943,19,,,1,72,,20965,19,,,1,31,,20932,19,,,1,67,,20942,19,,,1,32,,20934,19,,,1,70,,20964,19,,,1,30,,20960,19,,,1,71,,20937,19,,,1,97,,20936,19,,,1
1801,'11',559,,20974,19,,,1,71,,20988,19,,,1,70,,20967,19,,,1,30,,20991,19,,,1,29,,20983,19,,,1,100,,20985,19,,,1,72,,20978,19,,,1,70,,20973,19,,,1,30,,20972,19,,,1,69,,20975,19,,,1,31,,20981,19,,,1,70,,20995,19,,,1,30,,20993,19,,,1,70,,20987,19,,,1,30,,20979,19,,,1,69,,20984,19,,,1,27,,20996,19,,,1,29,,20989,19,,,1,102,,20969,19,,,1,66,,20990,19,,,1,32,,20986,19,,,1,102,,20992,19,,,1,72,,20997,19,,,1,71,,20980,19,,,1,29,,20977,19,,,1,72,,20999,19,,,1,31,,20966,19,,,1,67,,20976,19,,,1,32,,20968,19,,,1,70,,20998,19,,,1,30,,20994,19,,,1,71,,20971,19,,,1,97,,20970,19,,,1
1801,'12',559,,21008,19,,,1,71,,21022,19,,,1,70,,21001,19,,,1,30,,21025,19,,,1,29,,21017,19,,,1,100,,21019,19,,,1,72,,21012,19,,,1,70,,21007,19,,,1,30,,21006,19,,,1,69,,21009,19,,,1,31,,21015,19,,,1,70,,21029,19,,,1,30,,21027,19,,,1,70,,21021,19,,,1,30,,21013,19,,,1,69,,21018,19,,,1,27,,21030,19,,,1,29,,21023,19,,,1,102,,21003,19,,,1,66,,21024,19,,,1,32,,21020,19,,,1,102,,21026,19,,,1,72,,21031,19,,,1,71,,21014,19,,,1,29,,21011,19,,,1,72,,21033,19,,,1,31,,21000,19,,,1,67,,21010,19,,,1,32,,21002,19,,,1,70,,21032,19,,,1,30,,21028,19,,,1,71,,21005,19,,,1,97,,21004,19,,,1
1801,'13',559,,21063,19,,,1,71,,21058,19,,,1,29,,21050,19,,,1,69,,21039,19,,,1,31,,21055,19,,,1,72,,21034,19,,,1,28,,21051,19,,,1,72,,21047,19,,,1,70,,21059,19,,,1,30,,21062,19,,,1,69,,21060,19,,,1,31,,21040,19,,,1,70,,21052,19,,,1,30,,21048,19,,,1,70,,21067,19,,,1,30,,21056,19,,,1,69,,21061,19,,,1,27,,21044,19,,,1,29,,21064,19,,,1,71,,21057,19,,,1,30,,21042,19,,,1,67,,21041,19,,,1,32,,21036,19,,,1,73,,21054,19,,,1,29,,21037,19,,,1,72,,21035,19,,,1,71,,21065,19,,,1,29,,21043,19,,,1,72,,21045,19,,,1,31,,21068,19,,,1,67,,21046,19,,,1,32,,21053,19,,,1,70,,21069,19,,,1,30,,21038,19,,,1,71,,21049,19,,,1,97,,21066,19,,,1
1801,'14',642,,21082,19,,,1,100,,21096,19,,,1,71,,21080,19,,,1,30,,21091,19,,,1,70,,21087,19,,,1,30,,21089,19,,,1,71,,21090,19,,,1,30,,21088,19,,,1,70,,21083,19,,,1,30,,21072,19,,,1,70,,21094,19,,,1,30,,21101,19,,,1,70,,21070,19,,,1,30,,21086,19,,,1,70,,21092,19,,,1,30,,21073,19,,,1,70,,21100,19,,,1,30,,21093,19,,,1,70,,21079,19,,,1,30,,21099,19,,,1,70,,21084,19,,,1,30,,21081,19,,,1,70,,21077,19,,,1,30,,21095,19,,,1,70,,21075,19,,,1,30,,21078,19,,,1,70,,21097,19,,,1,29,,21074,19,,,1,70,,21076,19,,,1,30,,21098,19,,,1,69,,21085,19,,,1,98,,21071,19,,,1
1801,'15',559,,21110,19,,,1,71,,21124,19,,,1,70,,21103,19,,,1,30,,21127,19,,,1,29,,21119,19,,,1,100,,21121,19,,,1,72,,21114,19,,,1,70,,21109,19,,,1,30,,21108,19,,,1,69,,21111,19,,,1,31,,21117,19,,,1,70,,21131,19,,,1,30,,21129,19,,,1,70,,21123,19,,,1,30,,21115,19,,,1,69,,21120,19,,,1,27,,21132,19,,,1,29,,21125,19,,,1,102,,21105,19,,,1,66,,21126,19,,,1,32,,21122,19,,,1,102,,21128,19,,,1,72,,21133,19,,,1,71,,21116,19,,,1,29,,21113,19,,,1,72,,21135,19,,,1,31,,21102,19,,,1,67,,21112,19,,,1,32,,21104,19,,,1,70,,21134,19,,,1,30,,21130,19,,,1,71,,21107,19,,,1,97,,21106,19,,,1
1801,'16',559,,21144,19,,,1,71,,21158,19,,,1,70,,21137,19,,,1,30,,21161,19,,,1,29,,21153,19,,,1,100,,21155,19,,,1,72,,21148,19,,,1,70,,21143,19,,,1,30,,21142,19,,,1,69,,21145,19,,,1,31,,21151,19,,,1,70,,21165,19,,,1,30,,21163,19,,,1,70,,21157,19,,,1,30,,21149,19,,,1,69,,21154,19,,,1,27,,21166,19,,,1,29,,21159,19,,,1,102,,21139,19,,,1,66,,21160,19,,,1,32,,21156,19,,,1,102,,21162,19,,,1,72,,21167,19,,,1,71,,21150,19,,,1,29,,21147,19,,,1,72,,21169,19,,,1,31,,21136,19,,,1,67,,21146,19,,,1,32,,21138,19,,,1,70,,21168,19,,,1,30,,21164,19,,,1,71,,21141,19,,,1,97,,21140,19,,,1
1801,'17',559,,21199,19,,,1,71,,21194,19,,,1,29,,21186,19,,,1,69,,21175,19,,,1,31,,21191,19,,,1,72,,21170,19,,,1,28,,21187,19,,,1,72,,21183,19,,,1,70,,21195,19,,,1,30,,21198,19,,,1,69,,21196,19,,,1,31,,21176,19,,,1,70,,21188,19,,,1,30,,21184,19,,,1,70,,21203,19,,,1,30,,21192,19,,,1,69,,21197,19,,,1,27,,21180,19,,,1,29,,21200,19,,,1,71,,21193,19,,,1,30,,21178,19,,,1,67,,21177,19,,,1,32,,21172,19,,,1,73,,21190,19,,,1,29,,21173,19,,,1,72,,21171,19,,,1,71,,21201,19,,,1,29,,21179,19,,,1,72,,21181,19,,,1,31,,21204,19,,,1,67,,21182,19,,,1,32,,21189,19,,,1,70,,21205,19,,,1,30,,21174,19,,,1,71,,21185,19,,,1,97,,21202,19,,,1
1801,'18',559,,21227,19,,,1,141,,21212,19,,,1,59,,21218,19,,,1,72,,21232,19,,,1,28,,21230,19,,,1,72,,21226,19,,,1,70,,21207,19,,,1,30,,21224,19,,,1,69,,21213,19,,,1,31,,21220,19,,,1,70,,21214,19,,,1,30,,21234,19,,,1,70,,21225,19,,,1,30,,21238,19,,,1,69,,21215,19,,,1,27,,21235,19,,,1,29,,21211,19,,,1,71,,21222,19,,,1,30,,21228,19,,,1,67,,21210,19,,,1,32,,21229,19,,,1,73,,21221,19,,,1,29,,21233,19,,,1,72,,21223,19,,,1,71,,21236,19,,,1,29,,21231,19,,,1,72,,21208,19,,,1,31,,21216,19,,,1,67,,21209,19,,,1,32,,21217,19,,,1,70,,21237,19,,,1,101,,21219,19,,,1,97,,21206,19,,,1
1801,'19',559,,21268,19,,,1,71,,21263,19,,,1,29,,21255,19,,,1,69,,21244,19,,,1,31,,21260,19,,,1,72,,21239,19,,,1,28,,21256,19,,,1,72,,21252,19,,,1,70,,21264,19,,,1,30,,21267,19,,,1,69,,21265,19,,,1,31,,21245,19,,,1,70,,21257,19,,,1,30,,21253,19,,,1,70,,21272,19,,,1,30,,21261,19,,,1,69,,21266,19,,,1,27,,21249,19,,,1,29,,21269,19,,,1,71,,21262,19,,,1,30,,21247,19,,,1,67,,21246,19,,,1,32,,21241,19,,,1,73,,21259,19,,,1,29,,21242,19,,,1,72,,21240,19,,,1,71,,21270,19,,,1,29,,21248,19,,,1,72,,21250,19,,,1,31,,21273,19,,,1,67,,21251,19,,,1,32,,21258,19,,,1,70,,21274,19,,,1,30,,21243,19,,,1,71,,21254,19,,,1,97,,21271,19,,,1
1801,'2',809,,21302,19,0,67,1,100,,21287,19,,,1,30,,21301,19,,,1,71,,21297,19,,,1,30,,21288,19,,,1,70,,21286,19,,,1,30,,21298,19,,,1,70,,21294,19,,,1,30,,21276,19,,,1,70,,21278,19,,,1,30,,21299,19,,,1,70,,21283,19,,,1,30,,21300,19,,,1,70,,21293,19,,,1,30,,21295,19,,,1,70,,21280,19,,,1,30,,21296,19,,,1,70,,21275,19,,,1,30,,21291,19,,,1,70,,21282,19,,,1,30,,21277,19,,,1,70,,21292,19,,,1,30,,21285,19,,,1,70,,21279,19,,,1,29,,21289,19,,,1,70,,21303,19,,,1,100,,21284,19,,,1,108,,21290,19,0,67,1
1801,'3',559,,21312,19,,,1,71,,21326,19,,,1,70,,21305,19,,,1,30,,21329,19,,,1,29,,21321,19,,,1,100,,21323,19,,,1,72,,21316,19,,,1,70,,21311,19,,,1,30,,21310,19,,,1,69,,21313,19,,,1,31,,21319,19,,,1,70,,21333,19,,,1,30,,21331,19,,,1,70,,21325,19,,,1,30,,21317,19,,,1,69,,21322,19,,,1,27,,21334,19,,,1,29,,21327,19,,,1,102,,21307,19,,,1,66,,21328,19,,,1,32,,21324,19,,,1,102,,21330,19,,,1,72,,21335,19,,,1,71,,21318,19,,,1,29,,21315,19,,,1,72,,21337,19,,,1,31,,21304,19,,,1,67,,21314,19,,,1,32,,21306,19,,,1,70,,21336,19,,,1,30,,21332,19,,,1,71,,21309,19,,,1,97,,21308,19,,,1
1801,'4',559,,21346,19,,,1,71,,21360,19,,,1,70,,21339,19,,,1,30,,21363,19,,,1,29,,21355,19,,,1,100,,21357,19,,,1,72,,21350,19,,,1,70,,21345,19,,,1,30,,21344,19,,,1,69,,21347,19,,,1,31,,21353,19,,,1,70,,21367,19,,,1,30,,21365,19,,,1,70,,21359,19,,,1,30,,21351,19,,,1,69,,21356,19,,,1,27,,21368,19,,,1,29,,21361,19,,,1,102,,21341,19,,,1,66,,21362,19,,,1,32,,21358,19,,,1,102,,21364,19,,,1,72,,21369,19,,,1,71,,21352,19,,,1,29,,21349,19,,,1,72,,21371,19,,,1,31,,21338,19,,,1,67,,21348,19,,,1,32,,21340,19,,,1,70,,21370,19,,,1,30,,21366,19,,,1,71,,21343,19,,,1,97,,21342,19,,,1
1801,'5',559,,21401,19,,,1,71,,21396,19,,,1,29,,21388,19,,,1,69,,21377,19,,,1,31,,21393,19,,,1,72,,21372,19,,,1,28,,21389,19,,,1,72,,21385,19,,,1,70,,21397,19,,,1,30,,21400,19,,,1,69,,21398,19,,,1,31,,21378,19,,,1,70,,21390,19,,,1,30,,21386,19,,,1,70,,21405,19,,,1,30,,21394,19,,,1,69,,21399,19,,,1,27,,21382,19,,,1,29,,21402,19,,,1,71,,21395,19,,,1,30,,21380,19,,,1,67,,21379,19,,,1,32,,21374,19,,,1,73,,21392,19,,,1,29,,21375,19,,,1,72,,21373,19,,,1,71,,21403,19,,,1,29,,21381,19,,,1,72,,21383,19,,,1,31,,21406,19,,,1,67,,21384,19,,,1,32,,21391,19,,,1,70,,21407,19,,,1,30,,21376,19,,,1,71,,21387,19,,,1,97,,21404,19,,,1
1801,'6',559,,21416,19,,,1,71,,21430,19,,,1,70,,21409,19,,,1,30,,21433,19,,,1,29,,21425,19,,,1,100,,21427,19,,,1,72,,21420,19,,,1,70,,21415,19,,,1,30,,21414,19,,,1,69,,21417,19,,,1,31,,21423,19,,,1,70,,21437,19,,,1,30,,21435,19,,,1,70,,21429,19,,,1,30,,21421,19,,,1,69,,21426,19,,,1,27,,21438,19,,,1,29,,21431,19,,,1,102,,21411,19,,,1,66,,21432,19,,,1,32,,21428,19,,,1,102,,21434,19,,,1,72,,21439,19,,,1,71,,21422,19,,,1,29,,21419,19,,,1,72,,21441,19,,,1,31,,21408,19,,,1,67,,21418,19,,,1,32,,21410,19,,,1,70,,21440,19,,,1,30,,21436,19,,,1,71,,21413,19,,,1,97,,21412,19,,,1
1801,'7',559,,21471,19,,,1,71,,21466,19,,,1,29,,21458,19,,,1,69,,21447,19,,,1,31,,21463,19,,,1,72,,21442,19,,,1,28,,21459,19,,,1,72,,21455,19,,,1,70,,21467,19,,,1,30,,21470,19,,,1,69,,21468,19,,,1,31,,21448,19,,,1,70,,21460,19,,,1,30,,21456,19,,,1,70,,21475,19,,,1,30,,21464,19,,,1,69,,21469,19,,,1,27,,21452,19,,,1,29,,21472,19,,,1,71,,21465,19,,,1,30,,21450,19,,,1,67,,21449,19,,,1,32,,21444,19,,,1,73,,21462,19,,,1,29,,21445,19,,,1,72,,21443,19,,,1,71,,21473,19,,,1,29,,21451,19,,,1,72,,21453,19,,,1,31,,21476,19,,,1,67,,21454,19,,,1,32,,21461,19,,,1,70,,21477,19,,,1,30,,21446,19,,,1,71,,21457,19,,,1,97,,21474,19,,,1
1801,'8',642,,21490,19,,,1,100,,21504,19,,,1,71,,21488,19,,,1,30,,21499,19,,,1,70,,21495,19,,,1,30,,21497,19,,,1,71,,21498,19,,,1,30,,21496,19,,,1,70,,21491,19,,,1,30,,21480,19,,,1,70,,21502,19,,,1,30,,21509,19,,,1,70,,21478,19,,,1,30,,21494,19,,,1,70,,21500,19,,,1,30,,21481,19,,,1,70,,21508,19,,,1,30,,21501,19,,,1,70,,21487,19,,,1,30,,21507,19,,,1,70,,21492,19,,,1,30,,21489,19,,,1,70,,21485,19,,,1,30,,21503,19,,,1,70,,21483,19,,,1,30,,21486,19,,,1,70,,21505,19,,,1,29,,21482,19,,,1,70,,21484,19,,,1,30,,21506,19,,,1,69,,21493,19,,,1,98,,21479,19,,,1
1801,'9',809,,21537,19,0,67,1,100,,21522,19,,,1,30,,21536,19,,,1,71,,21532,19,,,1,30,,21523,19,,,1,70,,21521,19,,,1,30,,21533,19,,,1,70,,21529,19,,,1,30,,21511,19,,,1,70,,21513,19,,,1,30,,21534,19,,,1,70,,21518,19,,,1,30,,21535,19,,,1,70,,21528,19,,,1,30,,21530,19,,,1,70,,21515,19,,,1,30,,21531,19,,,1,70,,21510,19,,,1,30,,21526,19,,,1,70,,21517,19,,,1,30,,21512,19,,,1,70,,21527,19,,,1,30,,21520,19,,,1,70,,21514,19,,,1,29,,21524,19,,,1,70,,21538,19,,,1,100,,21519,19,,,1,108,,21525,19,0,67,1
62401,'10',1613,,118518,34,,,1
62401,'11',1613,,118519,34,,,1
62401,'12',1613,,118520,34,,,1
62401,'15',1613,,118521,34,,,1
62401,'16',1613,,118522,34,,,1
62401,'3',1613,,118523,34,,,1
62401,'4',1613,,118524,34,,,1
62401,'6',1613,,118525,34,,,1
