6700,'1',714,,190794,8,0,9 10,1,100,,256675,8,0,9 10,1,30,,256676,8,0,9 10,1,70,,256677,8,0,9 10,1,30,,256665,8,0,9 10,1,70,,256661,8,0,9 10,1,30,,256662,8,0,9 10,1,70,,256671,8,0,9 10,1,30,,256674,8,0,9 10,1,70,,256678,8,0,9 10,1,30,,256673,8,0,9 10,1,70,,177092,8,0,9 10,1,30,,256670,8,0,9 10,1,70,,256679,8,0,9 10,1,30,,256664,8,0,9 10,1,70,,256667,8,0,9 10,1,30,,256660,8,0,9 10,1,70,,256663,8,0,9 10,1,30,,256668,8,0,9 10,1,70,,256669,8,0,9 10,1,100,,113245,8,0,9 10,1,100,,256666,8,0,9 10,1,100,,169976,8,0,9 10,1,100,,256672,8,0,9 10,1
6700,'10',714,,256681,8,0,9 10,1,100,,141395,8,0,9 10,1,30,,256698,8,0,9 10,1,70,,256699,8,0,9 10,1,30,,256686,8,0,9 10,1,70,,256682,8,0,9 10,1,30,,256683,8,0,9 10,1,70,,256694,8,0,9 10,1,30,,256697,8,0,9 10,1,70,,256700,8,0,9 10,1,30,,27952,8,0,9 10,1,70,,256693,8,0,9 10,1,30,,256692,8,0,9 10,1,70,,256701,8,0,9 10,1,30,,256685,8,0,9 10,1,70,,256689,8,0,9 10,1,30,,256680,8,0,9 10,1,70,,256684,8,0,9 10,1,30,,256690,8,0,9 10,1,70,,256691,8,0,9 10,1,100,,256696,8,0,9 10,1,100,,256688,8,0,9 10,1,100,,256687,8,0,9 10,1,100,,256695,8,0,9 10,1
6700,'11',741,,256711,8,0,9 10,1,100,,256716,8,0,9 10,1,100,,256705,8,0,9 10,1,70,,256708,8,0,9 10,1,30,,256713,8,0,9 10,1,70,,256703,8,0,9 10,1,30,,121506,8,0,9 10,1,70,,256709,8,0,9 10,1,30,,256710,8,0,9 10,1,70,,130793,8,0,9 10,1,30,,256704,8,0,9 10,1,70,,256702,8,0,9 10,1,30,,165952,8,0,9 10,1,70,,256707,8,0,9 10,1,30,,256706,8,0,9 10,1,70,,256712,8,0,9 10,1,30,,256717,8,0,9 10,1,70,,256715,8,0,9 10,1,100,,165959,8,0,9 10,1,100,,256714,8,0,9 10,1
6700,'12',559,,256733,8,,,1,78,,205144,8,,,1,71,,256725,8,,,1,9,,256728,8,0,9 10,1,17,,256724,8,,,1,73,,256731,8,,,1,30,,256720,8,,,1,70,,171282,8,0,9 10,1,29,,256722,8,0,9 10,1,70,,168687,8,0,9 10,1,30,,9959,8,0,9 10,1,70,,256726,8,0,9 10,1,28,,54068,8,0,9 10,1,70,,256739,8,0,9 10,1,31,,256735,8,0,9 10,1,70,,256736,8,0,9 10,1,30,,168695,8,0,9 10,1,70,,256719,8,0,9 10,1,31,,256727,8,0,9 10,1,72,,256741,8,0,9 10,1,31,,256742,8,0,9 10,1,72,,256718,8,0,9 10,1,30,,256734,8,0,9 10,1,73,,256737,8,0,9 10,1,30,,256721,8,0,9 10,1,71,,256730,8,0,9 10,1,30,,165145,8,0,9 10,1,70,,256732,8,0,9 10,1,29,,256738,8,0,9 10,1,68,,256723,8,0,9 10,1,25,,256729,8,0,9 10,1,100,,256740,8,0,9 10,1
6700,'13',714,,256743,8,0,9 10,1,100,,256757,8,0,9 10,1,30,,256758,8,0,9 10,1,70,,109971,8,0,9 10,1,30,,256748,8,0,9 10,1,70,,256744,8,0,9 10,1,30,,256745,8,0,9 10,1,70,,256753,8,0,9 10,1,30,,256756,8,0,9 10,1,70,,256759,8,0,9 10,1,30,,256755,8,0,9 10,1,70,,256752,8,0,9 10,1,30,,125861,8,0,9 10,1,70,,174847,8,0,9 10,1,30,,256747,8,0,9 10,1,70,,256751,8,0,9 10,1,30,,148286,8,0,9 10,1,70,,256746,8,0,9 10,1,30,,96668,8,0,9 10,1,70,,56078,8,0,9 10,1,100,,256754,8,0,9 10,1,100,,256750,8,0,9 10,1,100,,256749,8,0,9 10,1,100,,131598,8,0,9 10,1
6700,'14',559,,256782,8,,,1,78,,256776,8,,,1,69,,256766,8,,,1,28,,256778,8,,,1,73,,256765,8,,,1,31,,256770,8,,,1,69,,256779,8,0,9 10,1,29,,256775,8,0,9 10,1,70,,256760,8,0,9 10,1,30,,256780,8,0,9 10,1,70,,174433,8,0,9 10,1,28,,256762,8,0,9 10,1,70,,256777,8,0,9 10,1,31,,256769,8,0,9 10,1,70,,256773,8,0,9 10,1,30,,166295,8,0,9 10,1,70,,162878,8,0,9 10,1,31,,256774,8,0,9 10,1,72,,256771,8,0,9 10,1,31,,256781,8,0,9 10,1,70,,77551,8,0,9 10,1,30,,67312,8,0,9 10,1,75,,256761,8,0,9 10,1,30,,256763,8,0,9 10,1,71,,256783,8,0,9 10,1,30,,256768,8,0,9 10,1,70,,256764,8,0,9 10,1,29,,256772,8,0,9 10,1,68,,38311,8,0,9 10,1,25,,256767,8,0,9 10,1,100,,129053,8,0,9 10,1
6700,'15',559,,256799,8,,,1,78,,205146,8,,,1,71,,256791,8,,,1,9,,256794,8,0,9 10,1,17,,256790,8,,,1,73,,256797,8,,,1,30,,256786,8,,,1,70,,171427,8,0,9 10,1,29,,256788,8,0,9 10,1,70,,168783,8,0,9 10,1,30,,10498,8,0,9 10,1,70,,256792,8,0,9 10,1,28,,54387,8,0,9 10,1,70,,256805,8,0,9 10,1,31,,256801,8,0,9 10,1,70,,256802,8,0,9 10,1,30,,168791,8,0,9 10,1,70,,256785,8,0,9 10,1,31,,256793,8,0,9 10,1,72,,256807,8,0,9 10,1,31,,256808,8,0,9 10,1,72,,256784,8,0,9 10,1,30,,256800,8,0,9 10,1,73,,256803,8,0,9 10,1,30,,256787,8,0,9 10,1,71,,256796,8,0,9 10,1,30,,165318,8,0,9 10,1,70,,256798,8,0,9 10,1,29,,256804,8,0,9 10,1,68,,256789,8,0,9 10,1,25,,256795,8,0,9 10,1,100,,256806,8,0,9 10,1
6700,'16',741,,256818,8,0,9 10,1,100,,256823,8,0,9 10,1,100,,256813,8,0,9 10,1,70,,256814,8,0,9 10,1,30,,256821,8,0,9 10,1,70,,171585,8,0,9 10,1,30,,256820,8,0,9 10,1,70,,256816,8,0,9 10,1,30,,256817,8,0,9 10,1,70,,256815,8,0,9 10,1,30,,256811,8,0,9 10,1,70,,256810,8,0,9 10,1,30,,256809,8,0,9 10,1,70,,135998,8,0,9 10,1,30,,147729,8,0,9 10,1,70,,256819,8,0,9 10,1,30,,256824,8,0,9 10,1,70,,256822,8,0,9 10,1,100,,256812,8,0,9 10,1,100,,134245,8,0,9 10,1
6700,'17',559,,256847,8,,,1,78,,256841,8,,,1,69,,256831,8,,,1,28,,256843,8,,,1,73,,256830,8,,,1,31,,256835,8,,,1,69,,256844,8,0,9 10,1,29,,256840,8,0,9 10,1,70,,256825,8,0,9 10,1,30,,256845,8,0,9 10,1,70,,174307,8,0,9 10,1,28,,256827,8,0,9 10,1,70,,256842,8,0,9 10,1,31,,256834,8,0,9 10,1,70,,256838,8,0,9 10,1,30,,31255,8,0,9 10,1,70,,162817,8,0,9 10,1,31,,256839,8,0,9 10,1,72,,256836,8,0,9 10,1,31,,256846,8,0,9 10,1,70,,182271,8,0,9 10,1,30,,168549,8,0,9 10,1,75,,256826,8,0,9 10,1,30,,256828,8,0,9 10,1,71,,256848,8,0,9 10,1,30,,256833,8,0,9 10,1,70,,256829,8,0,9 10,1,29,,256837,8,0,9 10,1,68,,191481,8,0,9 10,1,25,,256832,8,0,9 10,1,100,,128977,8,0,9 10,1
6700,'18',559,,256871,8,,,1,78,,256865,8,,,1,69,,256855,8,,,1,28,,256867,8,,,1,73,,256854,8,,,1,31,,256859,8,,,1,69,,256868,8,0,9 10,1,29,,256864,8,0,9 10,1,70,,256849,8,0,9 10,1,30,,256869,8,0,9 10,1,70,,174573,8,0,9 10,1,28,,256851,8,0,9 10,1,70,,256866,8,0,9 10,1,31,,256858,8,0,9 10,1,70,,256862,8,0,9 10,1,30,,166352,8,0,9 10,1,70,,162954,8,0,9 10,1,31,,256863,8,0,9 10,1,72,,256860,8,0,9 10,1,31,,256870,8,0,9 10,1,70,,182422,8,0,9 10,1,30,,168637,8,0,9 10,1,75,,256850,8,0,9 10,1,30,,256852,8,0,9 10,1,71,,256872,8,0,9 10,1,30,,256857,8,0,9 10,1,70,,256853,8,0,9 10,1,29,,256861,8,0,9 10,1,68,,191633,8,0,9 10,1,25,,256856,8,0,9 10,1,100,,129151,8,0,9 10,1
6700,'2',559,,256895,8,,,1,78,,202124,8,,,1,69,,256880,8,,,1,28,,256892,8,,,1,73,,256879,8,,,1,31,,256884,8,,,1,69,,256893,8,0,9 10,1,29,,127027,8,0,9 10,1,70,,256874,8,0,9 10,1,30,,38735,8,0,9 10,1,70,,256873,8,0,9 10,1,28,,256876,8,0,9 10,1,70,,169837,8,0,9 10,1,31,,256882,8,0,9 10,1,70,,256888,8,0,9 10,1,30,,256878,8,0,9 10,1,70,,256883,8,0,9 10,1,31,,256889,8,0,9 10,1,72,,256885,8,0,9 10,1,31,,256894,8,0,9 10,1,70,,256891,8,0,9 10,1,30,,256886,8,0,9 10,1,75,,256875,8,0,9 10,1,30,,256877,8,0,9 10,1,71,,256896,8,0,9 10,1,30,,194610,8,0,9 10,1,70,,102013,8,0,9 10,1,29,,188604,8,0,9 10,1,68,,256887,8,0,9 10,1,25,,256881,8,0,9 10,1,100,,256890,8,0,9 10,1
6700,'3',559,,88722,8,,,1,78,,256904,8,,,1,71,,106327,8,,,1,9,,256909,8,0,9 10,1,17,,256905,8,,,1,73,,256913,8,,,1,30,,103068,8,,,1,70,,256900,8,0,9 10,1,29,,256902,8,0,9 10,1,70,,256911,8,0,9 10,1,30,,256899,8,0,9 10,1,70,,256907,8,0,9 10,1,28,,256903,8,0,9 10,1,70,,256919,8,0,9 10,1,31,,86186,8,0,9 10,1,70,,256916,8,0,9 10,1,30,,256918,8,0,9 10,1,70,,256898,8,0,9 10,1,31,,256908,8,0,9 10,1,72,,256920,8,0,9 10,1,31,,256921,8,0,9 10,1,72,,256897,8,0,9 10,1,30,,256915,8,0,9 10,1,73,,256917,8,0,9 10,1,30,,256901,8,0,9 10,1,71,,256912,8,0,9 10,1,30,,256906,8,0,9 10,1,70,,256914,8,0,9 10,1,29,,155776,8,0,9 10,1,68,,101565,8,0,9 10,1,25,,256910,8,0,9 10,1,100,,124775,8,0,9 10,1
6700,'4',559,,256937,8,,,1,78,,205147,8,,,1,71,,256929,8,,,1,9,,256932,8,0,9 10,1,17,,256928,8,,,1,73,,256935,8,,,1,30,,256924,8,,,1,70,,171492,8,0,9 10,1,29,,256926,8,0,9 10,1,70,,168830,8,0,9 10,1,30,,10438,8,0,9 10,1,70,,256930,8,0,9 10,1,28,,54354,8,0,9 10,1,70,,256943,8,0,9 10,1,31,,256939,8,0,9 10,1,70,,256940,8,0,9 10,1,30,,168838,8,0,9 10,1,70,,256923,8,0,9 10,1,31,,256931,8,0,9 10,1,72,,256945,8,0,9 10,1,31,,256946,8,0,9 10,1,72,,256922,8,0,9 10,1,30,,256938,8,0,9 10,1,73,,256941,8,0,9 10,1,30,,256925,8,0,9 10,1,71,,256934,8,0,9 10,1,30,,165400,8,0,9 10,1,70,,256936,8,0,9 10,1,29,,256942,8,0,9 10,1,68,,256927,8,0,9 10,1,25,,256933,8,0,9 10,1,100,,256944,8,0,9 10,1
6700,'5',559,,256962,8,,,1,78,,205142,8,,,1,71,,256954,8,,,1,9,,256957,8,0,9 10,1,17,,256953,8,,,1,73,,256960,8,,,1,30,,256949,8,,,1,70,,170964,8,0,9 10,1,29,,256951,8,0,9 10,1,70,,168478,8,0,9 10,1,30,,9899,8,0,9 10,1,70,,256955,8,0,9 10,1,28,,54035,8,0,9 10,1,70,,256968,8,0,9 10,1,31,,256964,8,0,9 10,1,70,,256965,8,0,9 10,1,30,,168486,8,0,9 10,1,70,,256948,8,0,9 10,1,31,,256956,8,0,9 10,1,72,,256970,8,0,9 10,1,31,,256971,8,0,9 10,1,72,,256947,8,0,9 10,1,30,,256963,8,0,9 10,1,73,,256966,8,0,9 10,1,30,,256950,8,0,9 10,1,71,,256959,8,0,9 10,1,30,,164754,8,0,9 10,1,70,,256961,8,0,9 10,1,29,,256967,8,0,9 10,1,68,,256952,8,0,9 10,1,25,,256958,8,0,9 10,1,100,,256969,8,0,9 10,1
6700,'6',741,,256983,8,0,9 10,1,100,,256988,8,0,9 10,1,100,,195746,8,0,9 10,1,70,,256979,8,0,9 10,1,30,,157890,8,0,9 10,1,70,,256974,8,0,9 10,1,30,,256985,8,0,9 10,1,70,,256981,8,0,9 10,1,30,,256982,8,0,9 10,1,70,,256980,8,0,9 10,1,30,,256975,8,0,9 10,1,70,,256973,8,0,9 10,1,30,,256972,8,0,9 10,1,70,,256978,8,0,9 10,1,30,,256977,8,0,9 10,1,70,,256984,8,0,9 10,1,30,,256989,8,0,9 10,1,70,,256987,8,0,9 10,1,100,,256976,8,0,9 10,1,100,,256986,8,0,9 10,1
6700,'7',559,,257015,8,,,1,78,,257008,8,,,1,69,,256996,8,,,1,28,,257011,8,,,1,73,,256995,8,,,1,31,,257000,8,,,1,69,,257012,8,0,9 10,1,29,,257007,8,0,9 10,1,70,,256991,8,0,9 10,1,30,,257013,8,0,9 10,1,70,,256990,8,0,9 10,1,28,,194913,8,0,9 10,1,70,,257009,8,0,9 10,1,31,,176566,8,0,9 10,1,70,,196724,8,0,9 10,1,30,,256993,8,0,9 10,1,70,,256999,8,0,9 10,1,31,,257005,8,0,9 10,1,72,,257001,8,0,9 10,1,31,,257014,8,0,9 10,1,70,,257010,8,0,9 10,1,30,,257003,8,0,9 10,1,75,,256992,8,0,9 10,1,30,,188361,8,0,9 10,1,71,,257016,8,0,9 10,1,30,,256998,8,0,9 10,1,70,,256994,8,0,9 10,1,29,,257002,8,0,9 10,1,68,,257004,8,0,9 10,1,25,,256997,8,0,9 10,1,100,,257006,8,0,9 10,1
6700,'8',559,,257046,8,,,1,77,,257020,8,,,1,69,,257033,8,,,1,29,,257041,8,,,1,73,,257044,8,,,1,32,,257017,8,,,1,68,,257028,8,0,9 10,1,29,,257038,8,0,9 10,1,70,,257036,8,0,9 10,1,30,,257039,8,0,9 10,1,70,,257030,8,0,9 10,1,28,,257029,8,0,9 10,1,70,,257043,8,0,9 10,1,31,,257040,8,0,9 10,1,70,,257032,8,0,9 10,1,30,,257035,8,0,9 10,1,70,,257042,8,0,9 10,1,31,,257024,8,0,9 10,1,72,,257037,8,0,9 10,1,31,,257034,8,0,9 10,1,72,,257022,8,0,9 10,1,30,,257026,8,0,9 10,1,73,,257021,8,0,9 10,1,30,,257019,8,0,9 10,1,71,,257031,8,0,9 10,1,30,,257045,8,0,9 10,1,70,,257025,8,0,9 10,1,29,,257047,8,0,9 10,1,68,,257027,8,0,9 10,1,25,,257018,8,0,9 10,1,100,,257023,8,0,9 10,1
6700,'9',559,,257063,8,,,1,78,,205143,8,,,1,71,,257055,8,,,1,9,,257058,8,0,9 10,1,17,,257054,8,,,1,73,,257061,8,,,1,30,,257050,8,,,1,70,,171247,8,0,9 10,1,29,,257052,8,0,9 10,1,70,,168662,8,0,9 10,1,30,,10181,8,0,9 10,1,70,,257056,8,0,9 10,1,28,,54197,8,0,9 10,1,70,,257069,8,0,9 10,1,31,,257065,8,0,9 10,1,70,,257066,8,0,9 10,1,30,,168670,8,0,9 10,1,70,,257049,8,0,9 10,1,31,,257057,8,0,9 10,1,72,,257071,8,0,9 10,1,31,,257072,8,0,9 10,1,72,,257048,8,0,9 10,1,30,,257064,8,0,9 10,1,73,,257067,8,0,9 10,1,30,,257051,8,0,9 10,1,71,,257060,8,0,9 10,1,30,,165101,8,0,9 10,1,70,,257062,8,0,9 10,1,29,,257068,8,0,9 10,1,68,,257053,8,0,9 10,1,25,,257059,8,0,9 10,1,100,,257070,8,0,9 10,1
