1801,'1',933,,20915,49,,,1,70,,20929,49,,,1,34,,20925,49,,,1,70,,20916,49,,,1,30,,20914,49,,,1,70,,20926,49,,,1,30,,20922,49,,,1,71,,20904,49,,,1,30,,20906,49,,,1,72,,20927,49,,,1,30,,20911,49,,,1,70,,20928,49,,,1,30,,20921,49,,,1,70,,20923,49,,,1,30,,20908,49,,,1,70,,20924,49,,,1,30,,20903,49,,,1,70,,20919,49,,,1,30,,20910,49,,,1,67,,20905,49,,,1,30,,20920,49,,,1,70,,20913,49,,,1,30,,20907,49,,,1,68,,20917,49,,,1,30,,20931,49,,,1,70,,20909,22,,,1,30,,20912,49,,,1
1801,'10',619,,20940,49,,,1,37,,20954,49,,,1,70,,20933,49,,,1,30,,20957,49,,,1,73,,20949,49,,,1,100,,20951,49,,,1,71,,20944,49,,,1,30,,20939,49,,,1,70,,20938,49,,,1,29,,20941,49,,,1,71,,20947,49,,,1,30,,20961,49,,,1,70,,20959,49,,,1,30,,20953,49,,,1,70,,20945,49,,,1,30,,20950,49,,,1,16,,20948,11,,,1,55,,20962,49,,,1,29,,20955,49,,,1,102,,20935,49,,,1,70,,20956,49,,,1,32,,20952,49,,,1,97,,20958,49,,,1,70,,20963,49,,,1,27,,20946,49,,,1,29,,20943,49,,,1,69,,20965,49,,,1,31,,20932,49,,,1,67,,20942,49,,,1,32,,20934,49,,,1,70,,20964,49,,,1,30,,20960,49,,,1,71,,20937,49,,,1,97,,20936,49,,,1
1801,'11',619,,20974,49,,,1,37,,20988,49,,,1,70,,20967,49,,,1,30,,20991,49,,,1,73,,20983,49,,,1,100,,20985,49,,,1,71,,20978,49,,,1,30,,20973,49,,,1,70,,20972,49,,,1,29,,20975,49,,,1,71,,20981,49,,,1,30,,20995,49,,,1,70,,20993,49,,,1,30,,20987,49,,,1,70,,20979,49,,,1,30,,20984,49,,,1,16,,20982,11,,,1,55,,20996,49,,,1,29,,20989,49,,,1,102,,20969,49,,,1,70,,20990,49,,,1,32,,20986,49,,,1,97,,20992,49,,,1,70,,20997,49,,,1,27,,20980,49,,,1,29,,20977,49,,,1,69,,20999,49,,,1,31,,20966,49,,,1,67,,20976,49,,,1,32,,20968,49,,,1,70,,20998,49,,,1,30,,20994,49,,,1,71,,20971,49,,,1,97,,20970,49,,,1
1801,'12',619,,21008,49,,,1,37,,21022,49,,,1,70,,21001,49,,,1,30,,21025,49,,,1,73,,21017,49,,,1,100,,21019,49,,,1,71,,21012,49,,,1,30,,21007,49,,,1,70,,21006,49,,,1,29,,21009,49,,,1,71,,21015,49,,,1,30,,21029,49,,,1,70,,21027,49,,,1,30,,21021,49,,,1,70,,21013,49,,,1,30,,21018,49,,,1,16,,21016,11,,,1,55,,21030,49,,,1,29,,21023,49,,,1,102,,21003,49,,,1,70,,21024,49,,,1,32,,21020,49,,,1,97,,21026,49,,,1,70,,21031,49,,,1,27,,21014,49,,,1,29,,21011,49,,,1,69,,21033,49,,,1,31,,21000,49,,,1,67,,21010,49,,,1,32,,21002,49,,,1,70,,21032,49,,,1,30,,21028,49,,,1,71,,21005,49,,,1,97,,21004,49,,,1
1801,'13',619,,21063,49,,,1,37,,21058,49,,,1,69,,21050,49,,,1,29,,21039,49,,,1,75,,21055,49,,,1,72,,21034,49,,,1,28,,21051,49,,,1,71,,21047,49,,,1,30,,21059,49,,,1,70,,21062,49,,,1,29,,21060,49,,,1,71,,21040,49,,,1,30,,21052,49,,,1,70,,21048,49,,,1,30,,21067,49,,,1,70,,21056,49,,,1,30,,21061,49,,,1,71,,21044,49,,,1,29,,21064,49,,,1,71,,21057,49,,,1,30,,21042,49,,,1,71,,21041,49,,,1,32,,21036,49,,,1,69,,21054,49,,,1,28,,21037,49,,,1,70,,21035,49,,,1,27,,21065,49,,,1,29,,21043,49,,,1,69,,21045,49,,,1,31,,21068,49,,,1,67,,21046,49,,,1,32,,21053,49,,,1,70,,21069,49,,,1,30,,21038,49,,,1,71,,21049,49,,,1,97,,21066,49,,,1
1801,'14',705,,21082,49,,,1,100,,21096,49,,,1,32,,21080,49,,,1,70,,21091,49,,,1,30,,21087,49,,,1,70,,21089,49,,,1,34,,21090,49,,,1,70,,21088,49,,,1,30,,21083,49,,,1,70,,21072,49,,,1,31,,21094,49,,,1,70,,21101,49,,,1,32,,21070,49,,,1,70,,21086,49,,,1,30,,21092,49,,,1,70,,21073,49,,,1,30,,21100,49,,,1,70,,21093,49,,,1,30,,21079,49,,,1,70,,21099,49,,,1,30,,21084,49,,,1,70,,21081,49,,,1,27,,21077,49,,,1,70,,21095,49,,,1,30,,21075,49,,,1,70,,21078,49,,,1,30,,21097,49,,,1,68,,21074,49,,,1,30,,21076,49,,,1,70,,21098,49,,,1,29,,21085,49,,,1,98,,21071,49,,,1
1801,'15',619,,21110,49,,,1,37,,21124,49,,,1,70,,21103,49,,,1,30,,21127,49,,,1,73,,21119,49,,,1,100,,21121,49,,,1,71,,21114,49,,,1,30,,21109,49,,,1,70,,21108,49,,,1,29,,21111,49,,,1,71,,21117,49,,,1,30,,21131,49,,,1,70,,21129,49,,,1,30,,21123,49,,,1,70,,21115,49,,,1,30,,21120,49,,,1,16,,21118,11,,,1,55,,21132,49,,,1,29,,21125,49,,,1,102,,21105,49,,,1,70,,21126,49,,,1,32,,21122,49,,,1,97,,21128,49,,,1,70,,21133,49,,,1,27,,21116,49,,,1,29,,21113,49,,,1,69,,21135,49,,,1,31,,21102,49,,,1,67,,21112,49,,,1,32,,21104,49,,,1,70,,21134,49,,,1,30,,21130,49,,,1,71,,21107,49,,,1,97,,21106,49,,,1
1801,'16',619,,21144,49,,,1,37,,21158,49,,,1,70,,21137,49,,,1,30,,21161,49,,,1,73,,21153,49,,,1,100,,21155,49,,,1,71,,21148,49,,,1,30,,21143,49,,,1,70,,21142,49,,,1,29,,21145,49,,,1,71,,21151,49,,,1,30,,21165,49,,,1,70,,21163,49,,,1,30,,21157,49,,,1,70,,21149,49,,,1,30,,21154,49,,,1,16,,21152,11,,,1,55,,21166,49,,,1,29,,21159,49,,,1,102,,21139,49,,,1,70,,21160,49,,,1,32,,21156,49,,,1,97,,21162,49,,,1,70,,21167,49,,,1,27,,21150,49,,,1,29,,21147,49,,,1,69,,21169,49,,,1,31,,21136,49,,,1,67,,21146,49,,,1,32,,21138,49,,,1,70,,21168,49,,,1,30,,21164,49,,,1,71,,21141,49,,,1,97,,21140,49,,,1
1801,'17',619,,21199,49,,,1,37,,21194,49,,,1,69,,21186,49,,,1,29,,21175,49,,,1,75,,21191,49,,,1,72,,21170,49,,,1,28,,21187,49,,,1,71,,21183,49,,,1,30,,21195,49,,,1,70,,21198,49,,,1,29,,21196,49,,,1,71,,21176,49,,,1,30,,21188,49,,,1,70,,21184,49,,,1,30,,21203,49,,,1,70,,21192,49,,,1,30,,21197,49,,,1,71,,21180,49,,,1,29,,21200,49,,,1,71,,21193,49,,,1,30,,21178,49,,,1,71,,21177,49,,,1,32,,21172,49,,,1,69,,21190,49,,,1,28,,21173,49,,,1,70,,21171,49,,,1,27,,21201,49,,,1,29,,21179,49,,,1,69,,21181,49,,,1,31,,21204,49,,,1,67,,21182,49,,,1,32,,21189,49,,,1,70,,21205,49,,,1,30,,21174,49,,,1,71,,21185,49,,,1,97,,21202,49,,,1
1801,'18',619,,21227,49,,,1,107,,21212,49,,,1,103,,21218,49,,,1,72,,21232,49,,,1,28,,21230,49,,,1,71,,21226,49,,,1,30,,21207,49,,,1,70,,21224,49,,,1,29,,21213,49,,,1,71,,21220,49,,,1,30,,21214,49,,,1,70,,21234,49,,,1,30,,21225,49,,,1,70,,21238,49,,,1,30,,21215,49,,,1,71,,21235,49,,,1,29,,21211,49,,,1,71,,21222,49,,,1,30,,21228,49,,,1,71,,21210,49,,,1,32,,21229,49,,,1,69,,21221,49,,,1,28,,21233,49,,,1,70,,21223,49,,,1,27,,21236,49,,,1,29,,21231,49,,,1,69,,21208,49,,,1,31,,21216,49,,,1,67,,21209,49,,,1,32,,21217,49,,,1,70,,21237,49,,,1,101,,21219,49,,,1,97,,21206,49,,,1
1801,'19',619,,21268,49,,,1,37,,21263,49,,,1,69,,21255,49,,,1,29,,21244,49,,,1,75,,21260,49,,,1,72,,21239,49,,,1,28,,21256,49,,,1,71,,21252,49,,,1,30,,21264,49,,,1,70,,21267,49,,,1,29,,21265,49,,,1,71,,21245,49,,,1,30,,21257,49,,,1,70,,21253,49,,,1,30,,21272,49,,,1,70,,21261,49,,,1,30,,21266,49,,,1,71,,21249,49,,,1,29,,21269,49,,,1,71,,21262,49,,,1,30,,21247,49,,,1,71,,21246,49,,,1,32,,21241,49,,,1,69,,21259,49,,,1,28,,21242,49,,,1,70,,21240,49,,,1,27,,21270,49,,,1,29,,21248,49,,,1,69,,21250,49,,,1,31,,21273,49,,,1,67,,21251,49,,,1,32,,21258,49,,,1,70,,21274,49,,,1,30,,21243,49,,,1,71,,21254,49,,,1,97,,21271,49,,,1
1801,'2',933,,21287,49,,,1,70,,21301,49,,,1,34,,21297,49,,,1,70,,21288,49,,,1,30,,21286,49,,,1,70,,21298,49,,,1,30,,21294,49,,,1,71,,21276,49,,,1,30,,21278,49,,,1,72,,21299,49,,,1,30,,21283,49,,,1,70,,21300,49,,,1,30,,21293,49,,,1,70,,21295,49,,,1,30,,21280,49,,,1,70,,21296,49,,,1,30,,21275,49,,,1,70,,21291,49,,,1,30,,21282,49,,,1,67,,21277,49,,,1,30,,21292,49,,,1,70,,21285,49,,,1,30,,21279,49,,,1,68,,21289,49,,,1,30,,21303,49,,,1,70,,21281,22,,,1,30,,21284,49,,,1
1801,'3',619,,21312,49,,,1,37,,21326,49,,,1,70,,21305,49,,,1,30,,21329,49,,,1,73,,21321,49,,,1,100,,21323,49,,,1,71,,21316,49,,,1,30,,21311,49,,,1,70,,21310,49,,,1,29,,21313,49,,,1,71,,21319,49,,,1,30,,21333,49,,,1,70,,21331,49,,,1,30,,21325,49,,,1,70,,21317,49,,,1,30,,21322,49,,,1,16,,21320,11,,,1,55,,21334,49,,,1,29,,21327,49,,,1,102,,21307,49,,,1,70,,21328,49,,,1,32,,21324,49,,,1,97,,21330,49,,,1,70,,21335,49,,,1,27,,21318,49,,,1,29,,21315,49,,,1,69,,21337,49,,,1,31,,21304,49,,,1,67,,21314,49,,,1,32,,21306,49,,,1,70,,21336,49,,,1,30,,21332,49,,,1,71,,21309,49,,,1,97,,21308,49,,,1
1801,'4',619,,21346,49,,,1,37,,21360,49,,,1,70,,21339,49,,,1,30,,21363,49,,,1,73,,21355,49,,,1,100,,21357,49,,,1,71,,21350,49,,,1,30,,21345,49,,,1,70,,21344,49,,,1,29,,21347,49,,,1,71,,21353,49,,,1,30,,21367,49,,,1,70,,21365,49,,,1,30,,21359,49,,,1,70,,21351,49,,,1,30,,21356,49,,,1,16,,21354,11,,,1,55,,21368,49,,,1,29,,21361,49,,,1,102,,21341,49,,,1,70,,21362,49,,,1,32,,21358,49,,,1,97,,21364,49,,,1,70,,21369,49,,,1,27,,21352,49,,,1,29,,21349,49,,,1,69,,21371,49,,,1,31,,21338,49,,,1,67,,21348,49,,,1,32,,21340,49,,,1,70,,21370,49,,,1,30,,21366,49,,,1,71,,21343,49,,,1,97,,21342,49,,,1
1801,'5',619,,21401,49,,,1,37,,21396,49,,,1,69,,21388,49,,,1,29,,21377,49,,,1,75,,21393,49,,,1,72,,21372,49,,,1,28,,21389,49,,,1,71,,21385,49,,,1,30,,21397,49,,,1,70,,21400,49,,,1,29,,21398,49,,,1,71,,21378,49,,,1,30,,21390,49,,,1,70,,21386,49,,,1,30,,21405,49,,,1,70,,21394,49,,,1,30,,21399,49,,,1,71,,21382,49,,,1,29,,21402,49,,,1,71,,21395,49,,,1,30,,21380,49,,,1,71,,21379,49,,,1,32,,21374,49,,,1,69,,21392,49,,,1,28,,21375,49,,,1,70,,21373,49,,,1,27,,21403,49,,,1,29,,21381,49,,,1,69,,21383,49,,,1,31,,21406,49,,,1,67,,21384,49,,,1,32,,21391,49,,,1,70,,21407,49,,,1,30,,21376,49,,,1,71,,21387,49,,,1,97,,21404,49,,,1
1801,'6',619,,21416,49,,,1,37,,21430,49,,,1,70,,21409,49,,,1,30,,21433,49,,,1,73,,21425,49,,,1,100,,21427,49,,,1,71,,21420,49,,,1,30,,21415,49,,,1,70,,21414,49,,,1,29,,21417,49,,,1,71,,21423,49,,,1,30,,21437,49,,,1,70,,21435,49,,,1,30,,21429,49,,,1,70,,21421,49,,,1,30,,21426,49,,,1,16,,21424,11,,,1,55,,21438,49,,,1,29,,21431,49,,,1,102,,21411,49,,,1,70,,21432,49,,,1,32,,21428,49,,,1,97,,21434,49,,,1,70,,21439,49,,,1,27,,21422,49,,,1,29,,21419,49,,,1,69,,21441,49,,,1,31,,21408,49,,,1,67,,21418,49,,,1,32,,21410,49,,,1,70,,21440,49,,,1,30,,21436,49,,,1,71,,21413,49,,,1,97,,21412,49,,,1
1801,'7',619,,21471,49,,,1,37,,21466,49,,,1,69,,21458,49,,,1,29,,21447,49,,,1,75,,21463,49,,,1,72,,21442,49,,,1,28,,21459,49,,,1,71,,21455,49,,,1,30,,21467,49,,,1,70,,21470,49,,,1,29,,21468,49,,,1,71,,21448,49,,,1,30,,21460,49,,,1,70,,21456,49,,,1,30,,21475,49,,,1,70,,21464,49,,,1,30,,21469,49,,,1,71,,21452,49,,,1,29,,21472,49,,,1,71,,21465,49,,,1,30,,21450,49,,,1,71,,21449,49,,,1,32,,21444,49,,,1,69,,21462,49,,,1,28,,21445,49,,,1,70,,21443,49,,,1,27,,21473,49,,,1,29,,21451,49,,,1,69,,21453,49,,,1,31,,21476,49,,,1,67,,21454,49,,,1,32,,21461,49,,,1,70,,21477,49,,,1,30,,21446,49,,,1,71,,21457,49,,,1,97,,21474,49,,,1
1801,'8',705,,21490,49,,,1,100,,21504,49,,,1,32,,21488,49,,,1,70,,21499,49,,,1,30,,21495,49,,,1,70,,21497,49,,,1,34,,21498,49,,,1,70,,21496,49,,,1,30,,21491,49,,,1,70,,21480,49,,,1,31,,21502,49,,,1,70,,21509,49,,,1,32,,21478,49,,,1,70,,21494,49,,,1,30,,21500,49,,,1,70,,21481,49,,,1,30,,21508,49,,,1,70,,21501,49,,,1,30,,21487,49,,,1,70,,21507,49,,,1,30,,21492,49,,,1,70,,21489,49,,,1,27,,21485,49,,,1,70,,21503,49,,,1,30,,21483,49,,,1,70,,21486,49,,,1,30,,21505,49,,,1,68,,21482,49,,,1,30,,21484,49,,,1,70,,21506,49,,,1,29,,21493,49,,,1,98,,21479,49,,,1
1801,'9',933,,21522,49,,,1,70,,21536,49,,,1,34,,21532,49,,,1,70,,21523,49,,,1,30,,21521,49,,,1,70,,21533,49,,,1,30,,21529,49,,,1,71,,21511,49,,,1,30,,21513,49,,,1,72,,21534,49,,,1,30,,21518,49,,,1,70,,21535,49,,,1,30,,21528,49,,,1,70,,21530,49,,,1,30,,21515,49,,,1,70,,21531,49,,,1,30,,21510,49,,,1,70,,21526,49,,,1,30,,21517,49,,,1,67,,21512,49,,,1,30,,21527,49,,,1,70,,21520,49,,,1,30,,21514,49,,,1,68,,21524,49,,,1,30,,21538,49,,,1,70,,21516,22,,,1,30,,21519,49,,,1
