5600,'1',625,,285704,40,,,0,27,,334587,40,,,0,77,,334593,40,,,0,78,,285992,40,,,0,32,,334566,40,,,0,71,,334559,40,,,0,30,,334582,40,,,0,64,,334586,40,,,0,28,,334555,40,,,0,470,,334567,40,,,0,21,,334562,40,,,0,34,,334573,40,,,0,55,,334579,40,,,0,22,,334557,40,,,0,11,,334558,40,,,0,7,,248939,40,,,0,57,,334576,40,,,0,15,,334572,40,,,0,29,,334592,40,,,0,58,,289032,40,,,0,27,,90739,40,,,0,70,,293589,40,,,0
5600,'10',732,,334594,40,,,0,100,,334603,40,,,0,101,,334600,40,,,0,102,,334615,40,,,0,100,,334605,40,,,0,100,,296390,40,,,0,100,,334604,40,,,0,100,,334597,40,,,0,101,,334599,40,,,0,100,,334602,40,,,0,100,,334606,40,,,0,98,,334619,40,,,0,98,,334616,40,,,0,100,,334617,40,,,0,100,,334598,40,,,0,99,,334611,40,,,0
5600,'11',625,,274970,40,,,0,27,,334642,40,,,0,77,,334635,40,,,0,78,,334623,40,,,0,32,,334630,40,,,0,71,,334626,40,,,0,94,,213270,40,,,0,28,,334652,40,,,0,489,,334641,40,,,0,34,,292081,40,,,0,57,,334639,40,,,0,23,,334622,40,,,0,5,,214456,40,,,0,14,,295340,40,,,0,56,,334638,40,,,0,14,,276946,40,,,0,29,,334620,40,,,0,57,,334647,40,,,0,98,,334649,40,,,0
5600,'12',744,,334680,40,,,0,100,,281034,40,,,0,101,,334675,40,,,0,102,,334667,40,,,0,100,,209085,40,,,0,100,,334678,40,,,0,100,,334679,40,,,0,100,,151070,40,,,0,101,,334669,40,,,0,100,,334677,40,,,0,99,,334668,40,,,0,99,,334672,40,,,0,98,,334663,40,,,0,100,,334674,40,,,0,100,,334683,40,,,0,84,,235916,40,,,0
5600,'13',625,,275038,40,,,0,27,,334707,40,,,0,77,,334700,40,,,0,78,,334688,40,,,0,32,,334695,40,,,0,71,,334691,40,,,0,94,,213297,40,,,0,28,,334717,40,,,0,489,,334706,40,,,0,34,,292112,40,,,0,57,,334704,40,,,0,23,,334687,40,,,0,5,,214507,40,,,0,14,,295341,40,,,0,56,,334703,40,,,0,14,,276962,40,,,0,29,,334685,40,,,0,57,,334712,40,,,0,98,,334714,40,,,0
5600,'14',625,,275310,40,,,0,27,,334744,40,,,0,77,,334737,40,,,0,78,,334725,40,,,0,32,,334732,40,,,0,71,,334728,40,,,0,94,,213411,40,,,0,28,,334754,40,,,0,489,,334743,40,,,0,34,,292224,40,,,0,57,,334741,40,,,0,23,,334724,40,,,0,5,,214682,40,,,0,14,,295342,40,,,0,56,,334740,40,,,0,14,,277014,40,,,0,29,,334722,40,,,0,57,,334749,40,,,0,98,,334751,40,,,0
5600,'15',744,,334784,40,,,0,100,,334774,40,,,0,101,,334780,40,,,0,102,,334770,40,,,0,100,,334775,40,,,0,100,,334783,40,,,0,100,,209862,40,,,0,100,,334761,40,,,0,101,,334772,40,,,0,100,,334782,40,,,0,99,,334771,40,,,0,99,,334776,40,,,0,98,,334766,40,,,0,100,,334778,40,,,0,100,,334787,40,,,0,84,,334779,40,,,0
5600,'16',732,,334788,40,,,0,100,,334796,40,,,0,101,,334794,40,,,0,102,,334814,40,,,0,100,,334801,40,,,0,100,,334793,40,,,0,100,,334797,40,,,0,100,,279945,40,,,0,101,,334792,40,,,0,100,,234584,40,,,0,100,,334803,40,,,0,98,,334817,40,,,0,98,,207927,40,,,0,100,,334815,40,,,0,100,,334791,40,,,0,99,,334810,40,,,0
5600,'2',625,,334852,40,,,0,27,,293149,40,,,0,77,,334834,40,,,0,78,,334821,40,,,0,32,,334830,40,,,0,71,,193436,40,,,0,94,,334831,40,,,0,28,,261545,40,,,0,489,,334840,40,,,0,34,,334828,40,,,0,57,,189795,40,,,0,23,,334820,40,,,0,5,,334838,40,,,0,14,,334853,40,,,0,56,,334837,40,,,0,14,,334829,40,,,0,29,,334818,40,,,0,57,,334846,40,,,0,98,,334848,40,,,0
5600,'3',625,,334896,40,,,0,27,,334883,40,,,0,77,,334877,40,,,0,78,,334859,40,,,0,32,,334870,40,,,0,71,,334863,40,,,0,94,,334872,40,,,0,28,,334892,40,,,0,489,,334882,40,,,0,34,,334867,40,,,0,57,,334881,40,,,0,23,,334858,40,,,0,5,,334880,40,,,0,14,,334897,40,,,0,56,,334879,40,,,0,14,,334869,40,,,0,29,,334856,40,,,0,57,,334888,40,,,0,98,,253526,40,,,0
5600,'4',625,,334900,40,,,0,27,,334931,40,,,0,77,,334925,40,,,0,78,,184307,40,,,0,31,,334930,40,,,0,72,,334903,40,,,0,30,,334917,40,,,0,64,,334905,40,,,0,28,,334910,40,,,0,470,,334934,40,,,0,19,,334901,40,,,0,32,,334909,40,,,0,59,,334913,40,,,0,23,,334912,40,,,0,5,,220111,40,,,0,13,,334921,40,,,0,58,,334935,40,,,0,13,,334919,40,,,0,29,,334932,40,,,0,57,,334904,40,,,0,28,,334918,40,,,0,70,,252494,40,,,0
5600,'5',625,,334977,40,,,0,27,,334964,40,,,0,77,,334958,40,,,0,78,,334940,40,,,0,32,,334951,40,,,0,71,,334944,40,,,0,94,,334953,40,,,0,28,,334973,40,,,0,489,,334963,40,,,0,34,,334948,40,,,0,57,,334962,40,,,0,23,,334939,40,,,0,5,,334961,40,,,0,14,,334978,40,,,0,56,,334960,40,,,0,14,,334950,40,,,0,29,,334937,40,,,0,57,,334969,40,,,0,98,,253633,40,,,0
5600,'6',625,,274596,40,,,0,27,,335003,40,,,0,77,,334996,40,,,0,78,,334984,40,,,0,32,,334991,40,,,0,71,,334987,40,,,0,94,,213103,40,,,0,28,,335013,40,,,0,489,,335002,40,,,0,34,,291921,40,,,0,57,,335000,40,,,0,23,,334983,40,,,0,5,,214176,40,,,0,14,,295338,40,,,0,56,,334999,40,,,0,14,,276868,40,,,0,29,,334981,40,,,0,57,,335008,40,,,0,98,,335010,40,,,0
5600,'7',625,,335052,40,,,0,27,,293143,40,,,0,77,,335034,40,,,0,78,,335021,40,,,0,32,,335030,40,,,0,71,,193514,40,,,0,94,,335031,40,,,0,28,,261433,40,,,0,489,,335040,40,,,0,34,,335028,40,,,0,57,,74587,40,,,0,23,,335020,40,,,0,5,,335038,40,,,0,14,,335053,40,,,0,56,,335037,40,,,0,14,,335029,40,,,0,29,,335018,40,,,0,57,,335046,40,,,0,98,,335048,40,,,0
5600,'8',744,,335079,40,,,0,100,,281473,40,,,0,101,,335074,40,,,0,102,,335066,40,,,0,100,,209778,40,,,0,100,,335077,40,,,0,100,,335078,40,,,0,100,,282119,40,,,0,101,,335068,40,,,0,100,,335076,40,,,0,99,,335067,40,,,0,99,,335071,40,,,0,98,,335062,40,,,0,100,,335073,40,,,0,100,,335082,40,,,0,84,,236683,40,,,0
5600,'9',625,,274415,40,,,0,27,,335106,40,,,0,77,,335099,40,,,0,78,,335087,40,,,0,32,,335094,40,,,0,71,,335090,40,,,0,94,,213018,40,,,0,28,,335116,40,,,0,489,,335105,40,,,0,34,,291851,40,,,0,57,,335103,40,,,0,23,,335086,40,,,0,5,,214041,40,,,0,14,,295337,40,,,0,56,,335102,40,,,0,14,,276837,40,,,0,29,,335084,40,,,0,57,,335111,40,,,0,98,,335113,40,,,0
