22101,'1',1655,,203085,22,,,1,100,,203086,22,,,1
22101,'10',1655,,203087,22,,,1,100,,203088,22,,,1
22101,'12',1655,,203090,22,,,1,101,,203089,22,,,1
22101,'14',1655,,203092,22,,,1,101,,19910,22,,,1
22101,'15',1655,,203094,22,,,1,101,,20038,22,,,1
22101,'16',1655,,203097,22,,,1,101,,203096,22,,,1
22101,'17',1655,,203100,22,,,1,100,,203101,22,,,1
22101,'2',1655,,203103,22,,,1,100,,203104,22,,,1
22101,'3',1655,,203105,22,,,1,101,,19987,22,,,1
22101,'5',1655,,37485,22,,,1,100,,203109,22,,,1
22101,'6',1655,,203111,22,,,1,100,,203112,22,,,1
22101,'8',1655,,203114,22,,,1,100,,203115,22,,,1
