7301,'1',528,,369670,0,43,1,106,,511575,0,43,1,25,,511576,0,43,1,70,,511582,0,43,1,29,,511569,0,43,1,66,,511591,0,43,1,30,,511579,0,43,1,66,,511585,0,43,1,30,,511589,0,43,1,70,,511571,0,43,1,25,,511568,0,43,1,70,,511588,0,43,1,30,,428437,0,43,1,70,,511573,0,43,1,30,,511578,0,43,1,70,,511580,0,43,1,30,,511572,0,43,1,70,,511583,0,43,1,36,,511574,,,1,76,,401913,,,1,31,,511590,,,1,71,,511577,,,1,29,,345129,,,1,69,,511587,,,1,28,,511570,,,1,68,,511581,,,1,25,,511586,,,1,70,,511593,0,43,1,30,,511592,0,43,1,70,,511594,0,43,1,30,,511584,0,43,1,70,,389499,0,43,1,30,,398227,0,43,1,65,,377988,0,43,1
7301,'10',528,,511612,0,43,1,106,,293310,0,43,1,25,,511618,0,43,1,70,,511623,0,43,1,30,,511599,0,43,1,65,,511602,0,43,1,30,,511616,0,43,1,66,,511606,0,43,1,30,,327974,0,43,1,70,,511611,0,43,1,25,,511620,0,43,1,70,,511614,0,43,1,30,,511595,0,43,1,70,,376760,0,43,1,30,,511607,0,43,1,70,,511613,0,43,1,30,,511604,0,43,1,70,,511605,0,43,1,36,,511619,,,1,76,,511596,,,1,102,,511597,,,1,29,,511598,,,1,69,,511600,,,1,28,,511622,,,1,68,,511617,,,1,25,,511615,,,1,70,,511621,0,43,1,30,,246355,0,43,1,70,,511610,0,43,1,30,,511609,0,43,1,70,,511601,0,43,1,30,,511603,0,43,1,65,,511608,0,43,1
7301,'11',528,,511644,0,43,1,106,,511627,0,43,1,25,,511634,0,43,1,70,,511645,0,43,1,29,,417549,0,43,1,66,,511630,0,43,1,30,,511636,0,43,1,66,,511637,0,43,1,30,,511651,0,43,1,70,,511647,0,43,1,25,,511648,0,43,1,70,,511624,0,43,1,30,,511639,0,43,1,70,,511633,0,43,1,30,,511641,0,43,1,70,,511628,0,43,1,30,,511638,0,43,1,70,,511650,0,43,1,36,,511640,,,1,74,,511629,,,1,33,,511646,,,1,71,,511626,,,1,27,,511643,,,1,71,,444093,,,1,28,,511652,,,1,68,,368593,,,1,25,,511625,,,1,70,,511642,0,43,1,30,,511635,0,43,1,70,,511631,0,43,1,30,,511632,0,43,1,70,,411911,0,43,1,30,,511649,0,43,1,65,,418587,0,43,1
7301,'13',528,,511662,0,43,1,106,,511660,0,43,1,25,,432532,0,43,1,70,,511669,0,43,1,29,,511654,0,43,1,66,,511677,0,43,1,30,,511665,0,43,1,66,,511672,0,43,1,30,,511675,0,43,1,70,,511658,0,43,1,25,,511653,0,43,1,70,,511674,0,43,1,30,,511663,0,43,1,70,,511659,0,43,1,30,,511664,0,43,1,70,,511667,0,43,1,30,,419373,0,43,1,70,,380447,0,43,1,36,,431073,,,1,76,,511657,,,1,31,,511676,,,1,71,,437089,,,1,29,,511655,,,1,69,,511673,,,1,28,,511656,,,1,68,,511668,,,1,25,,349753,,,1,70,,511679,0,43,1,30,,511678,0,43,1,70,,417395,0,43,1,30,,511670,0,43,1,70,,511661,0,43,1,30,,511671,0,43,1,65,,511666,0,43,1
7301,'16',528,,511689,0,43,1,106,,511687,0,43,1,25,,432770,0,43,1,70,,511696,0,43,1,29,,511681,0,43,1,66,,511704,0,43,1,30,,511692,0,43,1,66,,511699,0,43,1,30,,511702,0,43,1,70,,511685,0,43,1,25,,511680,0,43,1,70,,511701,0,43,1,30,,511690,0,43,1,70,,511686,0,43,1,30,,511691,0,43,1,70,,511694,0,43,1,30,,419561,0,43,1,70,,380678,0,43,1,36,,431239,,,1,76,,511684,,,1,31,,511703,,,1,71,,437184,,,1,29,,511682,,,1,69,,511700,,,1,28,,511683,,,1,68,,511695,,,1,25,,349915,,,1,70,,511706,0,43,1,30,,511705,0,43,1,70,,417671,0,43,1,30,,511697,0,43,1,70,,511688,0,43,1,30,,511698,0,43,1,65,,511693,0,43,1
7301,'17',528,,511724,0,43,1,106,,371269,0,43,1,25,,511730,0,43,1,70,,511735,0,43,1,30,,511711,0,43,1,65,,511714,0,43,1,30,,511728,0,43,1,66,,511718,0,43,1,30,,368204,0,43,1,70,,511723,0,43,1,25,,511732,0,43,1,70,,511726,0,43,1,30,,511707,0,43,1,70,,377345,0,43,1,30,,511719,0,43,1,70,,511725,0,43,1,30,,511716,0,43,1,70,,511717,0,43,1,36,,511731,,,1,76,,511708,,,1,102,,511709,,,1,29,,511710,,,1,69,,511712,,,1,28,,511734,,,1,68,,511729,,,1,25,,511727,,,1,70,,511733,0,43,1,30,,373990,0,43,1,70,,511722,0,43,1,30,,511721,0,43,1,70,,511713,0,43,1,30,,511715,0,43,1,65,,511720,0,43,1
7301,'18',528,,511753,0,43,1,106,,293168,0,43,1,25,,511759,0,43,1,70,,511764,0,43,1,30,,511740,0,43,1,65,,511743,0,43,1,30,,511757,0,43,1,66,,511747,0,43,1,30,,327781,0,43,1,70,,511752,0,43,1,25,,511761,0,43,1,70,,511755,0,43,1,30,,511736,0,43,1,70,,377772,0,43,1,30,,511748,0,43,1,70,,511754,0,43,1,30,,511745,0,43,1,70,,511746,0,43,1,36,,511760,,,1,76,,511737,,,1,102,,511738,,,1,29,,511739,,,1,69,,511741,,,1,28,,511763,,,1,68,,511758,,,1,25,,511756,,,1,70,,511762,0,43,1,30,,246174,0,43,1,70,,511751,0,43,1,30,,511750,0,43,1,70,,511742,0,43,1,30,,511744,0,43,1,65,,511749,0,43,1
7301,'19',528,,511782,0,43,1,106,,292908,0,43,1,25,,511788,0,43,1,70,,511793,0,43,1,30,,511769,0,43,1,65,,511772,0,43,1,30,,511786,0,43,1,66,,511776,0,43,1,30,,327432,0,43,1,70,,511781,0,43,1,25,,511790,0,43,1,70,,511784,0,43,1,30,,511765,0,43,1,70,,377566,0,43,1,30,,511777,0,43,1,70,,511783,0,43,1,30,,511774,0,43,1,70,,511775,0,43,1,36,,511789,,,1,76,,511766,,,1,102,,511767,,,1,29,,511768,,,1,69,,511770,,,1,28,,511792,,,1,68,,511787,,,1,25,,511785,,,1,70,,511791,0,43,1,30,,245850,0,43,1,70,,511780,0,43,1,30,,511779,0,43,1,70,,511771,0,43,1,30,,511773,0,43,1,65,,511778,0,43,1
7301,'2',528,,511811,0,43,1,106,,371396,0,43,1,25,,511817,0,43,1,70,,511822,0,43,1,30,,511798,0,43,1,65,,511801,0,43,1,30,,511815,0,43,1,66,,511805,0,43,1,30,,368255,0,43,1,70,,511810,0,43,1,25,,511819,0,43,1,70,,511813,0,43,1,30,,511794,0,43,1,70,,377636,0,43,1,30,,511806,0,43,1,70,,511812,0,43,1,30,,511803,0,43,1,70,,511804,0,43,1,36,,511818,,,1,76,,511795,,,1,102,,511796,,,1,29,,511797,,,1,69,,511799,,,1,28,,511821,,,1,68,,511816,,,1,25,,511814,,,1,70,,511820,0,43,1,30,,374116,0,43,1,70,,511809,0,43,1,30,,511808,0,43,1,70,,511800,0,43,1,30,,511802,0,43,1,65,,511807,0,43,1
7301,'3',528,,511832,0,43,1,106,,511830,0,43,1,25,,433050,0,43,1,70,,511839,0,43,1,29,,511824,0,43,1,66,,511847,0,43,1,30,,511835,0,43,1,66,,511842,0,43,1,30,,511845,0,43,1,70,,511828,0,43,1,25,,511823,0,43,1,70,,511844,0,43,1,30,,511833,0,43,1,70,,511829,0,43,1,30,,511834,0,43,1,70,,511837,0,43,1,30,,419823,0,43,1,70,,381011,0,43,1,36,,431448,,,1,76,,511827,,,1,31,,511846,,,1,71,,437301,,,1,29,,511825,,,1,69,,511843,,,1,28,,511826,,,1,68,,511838,,,1,25,,350121,,,1,70,,511849,0,43,1,30,,511848,0,43,1,70,,418038,0,43,1,30,,511840,0,43,1,70,,511831,0,43,1,30,,511841,0,43,1,65,,511836,0,43,1
7301,'5',528,,511867,0,43,1,106,,511851,0,43,1,25,,511872,0,43,1,70,,511877,0,43,1,30,,511856,0,43,1,65,,390486,0,43,1,30,,511870,0,43,1,66,,511862,0,43,1,30,,511868,0,43,1,70,,361923,0,43,1,25,,511874,0,43,1,70,,438228,0,43,1,30,,511850,0,43,1,70,,511853,0,43,1,30,,511863,0,43,1,70,,340574,0,43,1,30,,511861,0,43,1,70,,357173,0,43,1,36,,511873,,,1,76,,511852,,,1,102,,511854,,,1,29,,511855,,,1,69,,511857,,,1,28,,511876,,,1,68,,511871,,,1,25,,511869,,,1,70,,511875,0,43,1,30,,511859,0,43,1,70,,511866,0,43,1,30,,511865,0,43,1,70,,511858,0,43,1,30,,511860,0,43,1,65,,511864,0,43,1
7301,'6',528,,511895,0,43,1,106,,293026,0,43,1,25,,511901,0,43,1,70,,511906,0,43,1,30,,511882,0,43,1,65,,511885,0,43,1,30,,511899,0,43,1,66,,511889,0,43,1,30,,327606,0,43,1,70,,511894,0,43,1,25,,511903,0,43,1,70,,511897,0,43,1,30,,511878,0,43,1,70,,377148,0,43,1,30,,511890,0,43,1,70,,511896,0,43,1,30,,511887,0,43,1,70,,511888,0,43,1,36,,511902,,,1,76,,511879,,,1,102,,511880,,,1,29,,511881,,,1,69,,511883,,,1,28,,511905,,,1,68,,511900,,,1,25,,511898,,,1,70,,511904,0,43,1,30,,246008,0,43,1,70,,511893,0,43,1,30,,511892,0,43,1,70,,511884,0,43,1,30,,511886,0,43,1,65,,511891,0,43,1
7301,'7',528,,511916,0,43,1,106,,511914,0,43,1,25,,432298,0,43,1,70,,511923,0,43,1,29,,511908,0,43,1,66,,511931,0,43,1,30,,511919,0,43,1,66,,511926,0,43,1,30,,511929,0,43,1,70,,511912,0,43,1,25,,511907,0,43,1,70,,511928,0,43,1,30,,511917,0,43,1,70,,511913,0,43,1,30,,511918,0,43,1,70,,511921,0,43,1,30,,419155,0,43,1,70,,380180,0,43,1,36,,430891,,,1,76,,511911,,,1,31,,511930,,,1,71,,436981,,,1,29,,511909,,,1,69,,511927,,,1,28,,511910,,,1,68,,511922,,,1,25,,349589,,,1,70,,511933,0,43,1,30,,511932,0,43,1,70,,417088,0,43,1,30,,511924,0,43,1,70,,511915,0,43,1,30,,511925,0,43,1,65,,511920,0,43,1
7301,'9',528,,511951,0,43,1,106,,292967,0,43,1,25,,511957,0,43,1,70,,511962,0,43,1,30,,511938,0,43,1,65,,511941,0,43,1,30,,511955,0,43,1,66,,511945,0,43,1,30,,327519,0,43,1,70,,511950,0,43,1,25,,511959,0,43,1,70,,511953,0,43,1,30,,511934,0,43,1,70,,377022,0,43,1,30,,511946,0,43,1,70,,511952,0,43,1,30,,511943,0,43,1,70,,511944,0,43,1,36,,511958,,,1,76,,511935,,,1,102,,511936,,,1,29,,511937,,,1,69,,511939,,,1,28,,511961,,,1,68,,511956,,,1,25,,511954,,,1,70,,511960,0,43,1,30,,245929,0,43,1,70,,511949,0,43,1,30,,511948,0,43,1,70,,511940,0,43,1,30,,511942,0,43,1,65,,511947,0,43,1
27700,'1',608,,548616,,,1,30,,548615,,,1,69,,548618,,,1,34,,548617,,,1,69,,548619,,,1,44,,548614,,,1
27700,'10',608,,548623,,,1,30,,548624,,,1,70,,548622,,,1,33,,548620,,,1,69,,548621,,,1,44,,392751,,,1
27700,'11',608,,548627,,,1,100,,439508,,,1,102,,548625,,,1,44,,548626,,,1
27700,'13',608,,548629,,,1,30,,548628,,,1,69,,413012,,,1,34,,548630,,,1,69,,548631,,,1,44,,368468,,,1
27700,'16',608,,548633,,,1,30,,548632,,,1,69,,413230,,,1,34,,548634,,,1,69,,548635,,,1,44,,368630,,,1
27700,'17',608,,548639,,,1,30,,548640,,,1,70,,548638,,,1,33,,548636,,,1,69,,548637,,,1,44,,335536,,,1
27700,'18',608,,548644,,,1,30,,548645,,,1,70,,548643,,,1,33,,548641,,,1,69,,548642,,,1,44,,393319,,,1
27700,'19',608,,548649,,,1,30,,548650,,,1,70,,548648,,,1,33,,548646,,,1,69,,548647,,,1,44,,393197,,,1
27700,'2',608,,548654,,,1,30,,548655,,,1,70,,548653,,,1,33,,548651,,,1,69,,548652,,,1,44,,393237,,,1
27700,'3',608,,548657,,,1,30,,548656,,,1,69,,413574,,,1,34,,548658,,,1,69,,548659,,,1,44,,368866,,,1
27700,'5',608,,548664,,,1,30,,548665,,,1,70,,548662,,,1,33,,548660,,,1,69,,548661,,,1,44,,548663,,,1
27700,'6',608,,548669,,,1,30,,548670,,,1,70,,548668,,,1,33,,548666,,,1,69,,548667,,,1,44,,392956,,,1
27700,'7',608,,548672,,,1,30,,548671,,,1,69,,412739,,,1,34,,548673,,,1,69,,548674,,,1,44,,368283,,,1
27700,'9',608,,548678,,,1,30,,548679,,,1,70,,548677,,,1,33,,548675,,,1,69,,548676,,,1,44,,392886,,,1
