5701,'1',815,,250486,42,0,59 60,1,31,,250482,42,,,1,100,,200759,42,,,1,100,,250484,42,,,1,102,,185938,42,,,1,100,,163206,42,,,1,100,,124264,42,,,1,100,,195687,42,,,1,100,,250494,42,,,1,100,,250491,42,,,1,100,,144097,42,,,1,100,,250488,42,,,1,99,,250492,42,,,1,99,,250479,42,,,1,100,,250489,42,,,1,100,,137293,42,,,1
5701,'10',815,,250508,42,0,59 60,1,31,,250503,42,,,1,100,,250496,42,,,1,100,,250504,42,,,1,102,,250507,42,,,1,100,,250505,42,,,1,100,,250501,42,,,1,100,,250500,42,,,1,100,,250517,42,,,1,100,,250514,42,,,1,100,,250499,42,,,1,100,,250510,42,,,1,99,,250515,42,,,1,99,,250497,42,,,1,100,,250512,42,,,1,100,,250511,42,,,1
5701,'11',943,,18390,42,,,1,100,,250524,42,,,1,102,,250535,42,,,1,100,,250519,42,,,1,100,,145332,42,,,1,100,,250523,42,,,1,100,,250525,42,,,1,100,,174980,42,,,1,100,,250537,42,,,1
5701,'12',637,,250543,43,,,1,10,,181888,42,,,1,55,,86392,42,,,1,15,,250565,42,,,1,15,,250573,42,,,1,15,,250578,42,,,1,54,,250549,42,,,1,31,,250564,42,,,1,18,,250560,42,,,1,53,,250571,42,,,1,30,,250555,42,,,1,72,,250557,42,,,1,30,,250551,42,,,1,70,,250568,42,,,1,30,,250546,42,,,1,70,,250559,42,,,1,30,,250569,42,,,1,69,,250574,42,,,1,30,,250580,42,,,1,99,,250577,42,,,1,70,,250550,42,,,1,31,,250542,42,,,1,70,,250576,42,,,1,31,,163055,42,,,1,71,,250545,42,,,1,30,,250552,42,,,1,70,,250558,42,,,1,30,,250561,42,,,1,73,,250567,42,,,1,26,,250563,42,,,1,70,,250566,42,,,1,30,,148262,42,,,1,70,,250579,42,,,1,30,,250556,42,,,1,67,,250572,42,,,1,30,,60268,42,,,1,27,,250544,42,,,1,74,,51294,42,,,1,82,,200616,43,,,1
5701,'13',815,,250593,42,0,59 60,1,31,,250588,42,,,1,100,,250581,42,,,1,100,,250590,42,,,1,102,,250592,42,,,1,100,,250591,42,,,1,100,,250586,42,,,1,100,,250585,42,,,1,100,,250602,42,,,1,100,,250599,42,,,1,100,,250584,42,,,1,100,,250595,42,,,1,99,,250600,42,,,1,99,,250582,42,,,1,100,,250597,42,,,1,100,,250596,42,,,1
5701,'14',637,,250635,43,,,1,10,,163403,42,,,1,55,,250629,42,,,1,15,,250611,42,,,1,15,,250608,42,,,1,15,,250627,42,,,1,54,,250639,42,,,1,18,,250636,42,,,1,13,,250638,42,,,1,18,,250628,42,,,1,53,,250623,42,,,1,30,,250640,42,,,1,72,,250612,42,,,1,30,,250613,42,,,1,70,,250615,42,,,1,30,,250622,42,,,1,70,,162906,42,,,1,30,,163423,42,,,1,69,,59243,42,,,1,30,,250630,42,,,1,70,,250642,42,,,1,29,,250609,42,,,1,70,,193553,42,,,1,31,,250621,42,,,1,70,,162881,42,,,1,31,,172946,42,,,1,71,,173615,42,,,1,30,,193077,42,,,1,70,,250614,42,,,1,30,,250606,42,,,1,73,,250641,42,,,1,26,,250631,42,,,1,70,,250637,42,,,1,30,,250610,42,,,1,70,,250624,42,,,1,30,,250604,42,,,1,67,,250634,42,,,1,30,,250632,42,,,1,27,,250633,42,,,1,74,,250605,42,,,1,82,,250619,43,,,1
5701,'15',637,,250644,43,,,1,10,,182036,42,,,1,55,,86845,42,,,1,15,,250666,42,,,1,15,,250674,42,,,1,15,,250679,42,,,1,54,,250650,42,,,1,31,,250665,42,,,1,18,,250661,42,,,1,53,,250672,42,,,1,30,,250656,42,,,1,72,,250658,42,,,1,30,,250652,42,,,1,70,,250669,42,,,1,30,,250647,42,,,1,70,,250660,42,,,1,30,,250670,42,,,1,69,,250675,42,,,1,30,,250681,42,,,1,99,,250678,42,,,1,70,,250651,42,,,1,31,,250643,42,,,1,70,,250677,42,,,1,31,,163190,42,,,1,71,,250646,42,,,1,30,,250653,42,,,1,70,,250659,42,,,1,30,,250662,42,,,1,73,,250668,42,,,1,26,,250664,42,,,1,70,,250667,42,,,1,30,,148518,42,,,1,70,,250680,42,,,1,30,,250657,42,,,1,67,,250673,42,,,1,30,,60572,42,,,1,27,,250645,42,,,1,74,,51735,42,,,1,82,,200731,43,,,1
5701,'16',943,,250683,42,,,1,100,,154027,42,,,1,102,,250698,42,,,1,100,,250682,42,,,1,100,,250692,42,,,1,100,,250686,42,,,1,100,,250688,42,,,1,100,,250702,42,,,1,100,,179762,42,,,1
5701,'17',637,,250734,43,,,1,10,,163354,42,,,1,55,,250728,42,,,1,15,,250710,42,,,1,15,,250707,42,,,1,15,,250726,42,,,1,54,,250738,42,,,1,18,,250735,42,,,1,13,,250737,42,,,1,18,,250727,42,,,1,53,,250722,42,,,1,30,,250739,42,,,1,72,,250711,42,,,1,30,,250712,42,,,1,70,,250714,42,,,1,30,,250721,42,,,1,70,,162848,42,,,1,30,,163376,42,,,1,69,,183432,42,,,1,30,,250729,42,,,1,70,,250741,42,,,1,29,,250708,42,,,1,70,,193475,42,,,1,31,,250720,42,,,1,70,,162822,42,,,1,31,,172878,42,,,1,71,,173547,42,,,1,30,,193047,42,,,1,70,,250713,42,,,1,30,,250705,42,,,1,73,,250740,42,,,1,26,,250730,42,,,1,70,,250736,42,,,1,30,,250709,42,,,1,70,,250723,42,,,1,30,,250703,42,,,1,67,,250733,42,,,1,30,,250731,42,,,1,27,,250732,42,,,1,74,,250704,42,,,1,82,,250718,43,,,1
5701,'18',637,,250773,43,,,1,10,,163456,42,,,1,55,,250767,42,,,1,15,,250749,42,,,1,15,,250746,42,,,1,15,,250765,42,,,1,54,,250777,42,,,1,18,,250774,42,,,1,13,,250776,42,,,1,18,,250766,42,,,1,53,,250761,42,,,1,30,,250778,42,,,1,72,,250750,42,,,1,30,,250751,42,,,1,70,,250753,42,,,1,30,,250760,42,,,1,70,,162983,42,,,1,30,,90735,42,,,1,69,,183579,42,,,1,30,,250768,42,,,1,70,,250780,42,,,1,29,,250747,42,,,1,70,,193672,42,,,1,31,,250759,42,,,1,70,,109696,42,,,1,31,,173042,42,,,1,71,,173713,42,,,1,30,,193133,42,,,1,70,,250752,42,,,1,30,,250744,42,,,1,73,,250779,42,,,1,26,,250769,42,,,1,70,,250775,42,,,1,30,,250748,42,,,1,70,,250762,42,,,1,30,,250742,42,,,1,67,,250772,42,,,1,30,,250770,42,,,1,27,,250771,42,,,1,74,,250743,42,,,1,82,,250757,43,,,1
5701,'2',637,,250812,43,,,1,10,,250784,42,,,1,55,,250805,42,,,1,15,,250787,42,,,1,15,,157717,42,,,1,15,,159623,42,,,1,54,,250817,42,,,1,18,,250813,42,,,1,13,,250815,42,,,1,18,,250804,42,,,1,53,,250800,42,,,1,30,,250818,42,,,1,72,,73028,42,,,1,30,,201134,42,,,1,70,,250791,42,,,1,30,,4515,42,,,1,70,,250816,42,,,1,30,,250806,42,,,1,69,,250794,42,,,1,30,,250807,42,,,1,70,,250820,42,,,1,29,,250785,42,,,1,70,,250819,42,,,1,31,,250797,42,,,1,70,,250790,42,,,1,31,,250808,42,,,1,71,,250798,42,,,1,30,,250788,42,,,1,70,,250789,42,,,1,30,,250782,42,,,1,73,,118396,42,,,1,26,,143579,42,,,1,70,,250814,42,,,1,30,,250786,42,,,1,70,,250801,42,,,1,30,,250781,42,,,1,67,,250811,42,,,1,30,,250809,42,,,1,27,,250810,42,,,1,74,,138089,42,,,1,82,,250796,43,,,1
5701,'3',637,,250822,43,,,1,10,,250849,42,,,1,55,,250825,42,,,1,15,,250843,42,,,1,15,,250851,42,,,1,15,,250856,42,,,1,54,,250828,42,,,1,31,,250842,42,,,1,18,,250839,42,,,1,53,,124769,42,,,1,30,,250834,42,,,1,72,,250836,42,,,1,30,,250831,42,,,1,70,,250846,42,,,1,30,,167893,42,,,1,70,,250838,42,,,1,30,,133723,42,,,1,69,,52710,42,,,1,30,,250857,42,,,1,99,,250855,42,,,1,70,,250829,42,,,1,31,,250821,42,,,1,70,,250854,42,,,1,31,,250852,42,,,1,71,,250824,42,,,1,30,,250832,42,,,1,70,,250837,42,,,1,30,,60110,42,,,1,73,,250845,42,,,1,26,,159056,42,,,1,70,,250844,42,,,1,30,,250847,42,,,1,70,,158121,42,,,1,30,,184307,42,,,1,67,,250850,42,,,1,30,,250841,42,,,1,27,,250823,42,,,1,74,,250835,42,,,1,82,,250830,43,,,1
5701,'4',637,,250859,43,,,1,10,,182104,42,,,1,55,,86797,42,,,1,15,,250881,42,,,1,15,,250889,42,,,1,15,,250894,42,,,1,54,,250865,42,,,1,31,,250880,42,,,1,18,,250876,42,,,1,53,,250887,42,,,1,30,,250871,42,,,1,72,,250873,42,,,1,30,,250867,42,,,1,70,,250884,42,,,1,30,,250862,42,,,1,70,,250875,42,,,1,30,,250885,42,,,1,69,,250890,42,,,1,30,,250896,42,,,1,99,,250893,42,,,1,70,,250866,42,,,1,31,,250858,42,,,1,70,,250892,42,,,1,31,,163248,42,,,1,71,,250861,42,,,1,30,,250868,42,,,1,70,,250874,42,,,1,30,,250877,42,,,1,73,,250883,42,,,1,26,,250879,42,,,1,70,,250882,42,,,1,30,,148656,42,,,1,70,,250895,42,,,1,30,,250872,42,,,1,67,,250888,42,,,1,30,,60542,42,,,1,27,,250860,42,,,1,74,,51687,42,,,1,82,,200787,43,,,1
5701,'5',637,,250898,43,,,1,10,,181564,42,,,1,55,,86344,42,,,1,15,,250920,42,,,1,15,,250928,42,,,1,15,,250933,42,,,1,54,,250904,42,,,1,31,,250919,42,,,1,18,,250915,42,,,1,53,,250926,42,,,1,30,,250910,42,,,1,72,,250912,42,,,1,30,,250906,42,,,1,70,,250923,42,,,1,30,,250901,42,,,1,70,,250914,42,,,1,30,,250924,42,,,1,69,,250929,42,,,1,30,,250935,42,,,1,99,,250932,42,,,1,70,,250905,42,,,1,31,,250897,42,,,1,70,,250931,42,,,1,31,,162739,42,,,1,71,,250900,42,,,1,30,,250907,42,,,1,70,,250913,42,,,1,30,,250916,42,,,1,73,,250922,42,,,1,26,,250918,42,,,1,70,,250921,42,,,1,30,,147693,42,,,1,70,,250934,42,,,1,30,,250911,42,,,1,67,,250927,42,,,1,30,,60238,42,,,1,27,,250899,42,,,1,74,,51246,42,,,1,82,,200377,43,,,1
5701,'6',943,,250936,42,,,1,100,,250941,42,,,1,102,,250951,42,,,1,100,,163254,42,,,1,100,,250946,42,,,1,100,,250939,42,,,1,100,,250942,42,,,1,100,,250956,42,,,1,100,,250952,42,,,1
5701,'7',637,,250993,43,,,1,10,,250960,42,,,1,55,,250985,42,,,1,15,,250964,42,,,1,15,,250961,42,,,1,15,,250983,42,,,1,54,,177296,42,,,1,18,,24112,42,,,1,13,,133573,42,,,1,18,,250984,42,,,1,53,,250980,42,,,1,30,,250996,42,,,1,72,,250965,42,,,1,30,,250966,42,,,1,70,,250970,42,,,1,30,,250978,42,,,1,70,,250995,42,,,1,30,,250986,42,,,1,69,,250973,42,,,1,30,,250987,42,,,1,70,,250999,42,,,1,29,,250962,42,,,1,70,,250997,42,,,1,31,,250976,42,,,1,70,,250969,42,,,1,31,,250989,42,,,1,71,,250977,42,,,1,30,,250967,42,,,1,70,,250968,42,,,1,30,,250958,42,,,1,73,,250998,42,,,1,26,,250988,42,,,1,70,,250994,42,,,1,30,,250963,42,,,1,70,,250981,42,,,1,30,,197659,42,,,1,67,,250992,42,,,1,30,,250990,42,,,1,27,,250991,42,,,1,74,,250957,42,,,1,82,,174274,43,,,1
5701,'8',637,,251014,43,,,1,10,,251028,42,,,1,55,,251022,42,,,1,15,,251038,42,,,1,15,,251021,42,,,1,15,,251010,42,,,1,54,,251005,42,,,1,17,,251030,42,,,1,14,,251025,42,,,1,16,,251029,42,,,1,55,,251046,42,,,1,30,,251040,42,,,1,72,,251027,42,,,1,30,,251000,42,,,1,70,,251012,42,,,1,30,,251011,42,,,1,70,,251031,42,,,1,30,,251002,42,,,1,69,,251001,42,,,1,30,,251009,42,,,1,70,,251041,42,,,1,29,,251045,42,,,1,69,,251032,42,,,1,31,,251033,42,,,1,71,,251016,42,,,1,32,,251043,42,,,1,70,,251003,42,,,1,30,,251020,42,,,1,70,,251007,42,,,1,30,,251036,42,,,1,73,,251042,42,,,1,26,,251017,42,,,1,70,,251018,42,,,1,30,,251039,42,,,1,70,,251047,42,,,1,30,,251004,42,,,1,67,,251037,42,,,1,30,,251008,42,,,1,27,,251035,42,,,1,74,,251013,42,,,1,82,,251026,43,,,1
5701,'9',637,,251050,43,,,1,10,,181849,42,,,1,55,,86569,42,,,1,15,,251072,42,,,1,15,,251080,42,,,1,15,,251085,42,,,1,54,,251056,42,,,1,31,,251071,42,,,1,18,,251067,42,,,1,53,,251078,42,,,1,30,,251062,42,,,1,72,,251064,42,,,1,30,,251058,42,,,1,70,,251075,42,,,1,30,,251053,42,,,1,70,,251066,42,,,1,30,,251076,42,,,1,69,,251081,42,,,1,30,,251087,42,,,1,99,,251084,42,,,1,70,,251057,42,,,1,31,,251049,42,,,1,70,,251083,42,,,1,31,,163019,42,,,1,71,,251052,42,,,1,30,,251059,42,,,1,70,,251065,42,,,1,30,,251068,42,,,1,73,,251074,42,,,1,26,,251070,42,,,1,70,,251073,42,,,1,30,,148197,42,,,1,70,,251086,42,,,1,30,,251063,42,,,1,67,,251079,42,,,1,30,,60390,42,,,1,27,,251051,42,,,1,74,,51474,42,,,1,82,,200585,43,,,1
66501,'12',1537,,295438,23,,,1,9,,295437,23,,,1
66501,'15',1537,,295441,23,,,1,9,,295440,23,,,1
66501,'3',1537,,295444,23,,,1,9,,295443,23,,,1
66501,'4',1537,,295447,23,,,1,9,,295446,23,,,1
66501,'5',1537,,295450,23,,,1,9,,295449,23,,,1
66501,'9',1537,,295453,23,,,1,9,,295452,23,,,1
