3000,'1',724,,12775,7,,,1,100,,227758,7,,,1,30,,227770,7,,,1,70,,227765,7,,,1,30,,227767,7,,,1,70,,227760,7,,,1,30,,227762,7,,,1,70,,227761,7,,,1,30,,227769,7,,,1,70,,227763,7,,,1,30,,227764,7,,,1,70,,227759,7,,,1,30,,227773,7,,,1,70,,227780,7,,,1,30,,227772,7,,,1,70,,227771,7,,,1,30,,227777,7,,,1,70,,227775,7,,,1,30,,227766,7,,,1,70,,227776,7,,,1,30,,16534,7,,,1,70,,227757,7,,,1,29,,227779,7,,,1,70,,227774,7,,,1,30,,227781,7,,,1,70,,227783,7,,,1,30,,227782,7,,,1,70,,227768,7,,,1,100,,227778,7,,,1
3000,'10',724,,227809,7,,,1,100,,227785,7,,,1,30,,116534,7,,,1,70,,227792,7,,,1,30,,227794,7,,,1,70,,227787,7,,,1,30,,227789,7,,,1,70,,227788,7,,,1,30,,227796,7,,,1,70,,227790,7,,,1,30,,227791,7,,,1,70,,227786,7,,,1,30,,227799,7,,,1,70,,227807,7,,,1,30,,227798,7,,,1,70,,227797,7,,,1,30,,227803,7,,,1,70,,227801,7,,,1,30,,227793,7,,,1,70,,227802,7,,,1,30,,227805,7,,,1,70,,227784,7,,,1,29,,227806,7,,,1,70,,227800,7,,,1,30,,43975,7,,,1,70,,183470,7,,,1,30,,227808,7,,,1,70,,227795,7,,,1,100,,227804,7,,,1
3000,'11',723,,227822,7,,,1,100,,227821,7,,,1,100,,190226,7,,,1,100,,227820,7,,,1,30,,227810,7,,,1,70,,227830,7,,,1,30,,227812,7,,,1,70,,164353,7,,,1,30,,227816,7,,,1,70,,227829,7,,,1,30,,227819,7,,,1,70,,227815,7,,,1,30,,227823,7,,,1,70,,227825,7,,,1,30,,227826,7,,,1,70,,227828,7,,,1,30,,227814,7,,,1,70,,227817,7,,,1,30,,227811,7,,,1,70,,227813,7,,,1,30,,227818,7,,,1,70,,227824,7,,,1,30,,227827,7,,,1,70,,227831,7,,,1,30,,227834,7,,,1,70,,227832,7,,,1,30,,227835,7,,,1,96,,227833,7,,,1
3000,'12',512,,227846,7,,,1,42,,227851,7,,,1,57,,227840,7,,,1,15,,129237,7,,,1,15,,227856,7,,,1,15,,227848,7,,,1,55,,227866,7,,,1,15,,227844,7,,,1,13,,227843,7,,,1,17,,133359,7,,,1,55,,141536,7,,,1,16,,227854,7,,,1,30,,155111,7,,,1,68,,227863,7,,,1,29,,227841,7,,,1,68,,227859,7,,,1,30,,227857,7,,,1,70,,227837,7,,,1,30,,227855,7,,,1,70,,227839,7,,,1,29,,227864,7,,,1,70,,121364,7,,,1,33,,227852,7,,,1,71,,227838,7,,,1,31,,227836,7,,,1,73,,163512,7,,,1,12,,227858,8,0,26,1,17,,227847,7,,,1,71,,227861,7,,,1,28,,227860,7,,,1,69,,227845,7,,,1,29,,227865,7,,,1,70,,227850,7,,,1,30,,55555,7,,,1,69,,9287,7,,,1,31,,227849,7,,,1,70,,141548,7,,,1,30,,227853,7,,,1,70,,172291,7,,,1,100,,144820,7,,,1
3000,'13',724,,227888,7,,,1,100,,227867,7,,,1,30,,227876,7,,,1,70,,124945,7,,,1,30,,227873,7,,,1,70,,227868,7,,,1,30,,227869,7,,,1,70,,158250,7,,,1,30,,227875,7,,,1,70,,227870,7,,,1,30,,227871,7,,,1,70,,141565,7,,,1,30,,227879,7,,,1,70,,227885,7,,,1,30,,227878,7,,,1,70,,227877,7,,,1,30,,227882,7,,,1,70,,151745,7,,,1,30,,227872,7,,,1,70,,227881,7,,,1,30,,227884,7,,,1,70,,156843,7,,,1,29,,80150,7,,,1,70,,227880,7,,,1,30,,227886,7,,,1,70,,227889,7,,,1,30,,227887,7,,,1,70,,227874,7,,,1,100,,227883,7,,,1
3000,'14',512,,227915,7,,,1,42,,227898,7,,,1,57,,227891,7,,,1,15,,227913,7,,,1,15,,138536,7,,,1,15,,227902,7,,,1,53,,227901,7,,,1,17,,2806,7,,,1,15,,227914,7,,,1,15,,141422,7,,,1,55,,227910,7,,,1,16,,159457,7,,,1,32,,174468,7,,,1,66,,227916,7,,,1,29,,227900,7,,,1,68,,227906,7,,,1,30,,227890,7,,,1,70,,227899,7,,,1,30,,227897,7,,,1,70,,227909,7,,,1,29,,227908,7,,,1,70,,227907,7,,,1,33,,189117,7,,,1,71,,162308,7,,,1,31,,227896,7,,,1,73,,227894,7,,,1,29,,227918,7,,,1,71,,81333,7,,,1,28,,227919,7,,,1,69,,227905,7,,,1,29,,227895,7,,,1,70,,227904,7,,,1,30,,227912,7,,,1,69,,227892,7,,,1,31,,142831,7,,,1,70,,227911,7,,,1,30,,227893,7,,,1,70,,227917,7,,,1,100,,227903,7,,,1
3000,'15',512,,227930,7,,,1,42,,227935,7,,,1,57,,227924,7,,,1,15,,129411,7,,,1,15,,227940,7,,,1,15,,227932,7,,,1,55,,227950,7,,,1,15,,227928,7,,,1,13,,227927,7,,,1,17,,133430,7,,,1,55,,141654,7,,,1,16,,227938,7,,,1,30,,155290,7,,,1,68,,227947,7,,,1,29,,227925,7,,,1,68,,227943,7,,,1,30,,227941,7,,,1,70,,227921,7,,,1,30,,227939,7,,,1,70,,227923,7,,,1,29,,227948,7,,,1,70,,121536,7,,,1,33,,227936,7,,,1,71,,227922,7,,,1,31,,227920,7,,,1,73,,163607,7,,,1,12,,227942,8,0,26,1,17,,227931,7,,,1,71,,227945,7,,,1,28,,227944,7,,,1,69,,227929,7,,,1,29,,227949,7,,,1,70,,227934,7,,,1,30,,56015,7,,,1,69,,9629,7,,,1,31,,227933,7,,,1,70,,141666,7,,,1,30,,227937,7,,,1,70,,172362,7,,,1,100,,144931,7,,,1
3000,'16',723,,227963,7,,,1,100,,227962,7,,,1,100,,227960,7,,,1,100,,227959,7,,,1,30,,115924,7,,,1,70,,227971,7,,,1,30,,88300,7,,,1,70,,227961,7,,,1,30,,227955,7,,,1,70,,227970,7,,,1,30,,227958,7,,,1,70,,227954,7,,,1,30,,227964,7,,,1,70,,227966,7,,,1,30,,227967,7,,,1,70,,227969,7,,,1,30,,227953,7,,,1,70,,227956,7,,,1,30,,227951,7,,,1,70,,227952,7,,,1,30,,227957,7,,,1,70,,227965,7,,,1,30,,227968,7,,,1,70,,227972,7,,,1,30,,179912,7,,,1,70,,227973,7,,,1,30,,196716,7,,,1,96,,227974,7,,,1
3000,'17',512,,228000,7,,,1,42,,227983,7,,,1,57,,227976,7,,,1,15,,227998,7,,,1,15,,138479,7,,,1,15,,227987,7,,,1,53,,227986,7,,,1,17,,150704,7,,,1,15,,227999,7,,,1,15,,141370,7,,,1,55,,227995,7,,,1,16,,100335,7,,,1,32,,49803,7,,,1,66,,228001,7,,,1,29,,227985,7,,,1,68,,227991,7,,,1,30,,227975,7,,,1,70,,227984,7,,,1,30,,227982,7,,,1,70,,227994,7,,,1,29,,227993,7,,,1,70,,227992,7,,,1,33,,189036,7,,,1,71,,162249,7,,,1,31,,227981,7,,,1,73,,227979,7,,,1,29,,228003,7,,,1,71,,140434,7,,,1,28,,228004,7,,,1,69,,227990,7,,,1,29,,227980,7,,,1,70,,227989,7,,,1,30,,227997,7,,,1,69,,227977,7,,,1,31,,142785,7,,,1,70,,227996,7,,,1,30,,227978,7,,,1,70,,228002,7,,,1,100,,227988,7,,,1
3000,'18',512,,228030,7,,,1,42,,228013,7,,,1,57,,228006,7,,,1,15,,228028,7,,,1,15,,138610,7,,,1,15,,228017,7,,,1,53,,228016,7,,,1,17,,150886,7,,,1,15,,228029,7,,,1,15,,141486,7,,,1,55,,228025,7,,,1,16,,159514,7,,,1,32,,174615,7,,,1,66,,228031,7,,,1,29,,228015,7,,,1,68,,228021,7,,,1,30,,228005,7,,,1,70,,228014,7,,,1,30,,228012,7,,,1,70,,228024,7,,,1,29,,228023,7,,,1,70,,228022,7,,,1,33,,189231,7,,,1,71,,162396,7,,,1,31,,228011,7,,,1,73,,228009,7,,,1,29,,228033,7,,,1,71,,140597,7,,,1,28,,228034,7,,,1,69,,228020,7,,,1,29,,228010,7,,,1,70,,228019,7,,,1,30,,228027,7,,,1,69,,228007,7,,,1,31,,10091,7,,,1,70,,228026,7,,,1,30,,228008,7,,,1,70,,228032,7,,,1,100,,228018,7,,,1
3000,'2',512,,228061,7,,,1,42,,228043,7,,,1,57,,228036,7,,,1,15,,228060,7,,,1,15,,228069,7,,,1,15,,228045,7,,,1,53,,228044,7,,,1,17,,228066,7,,,1,15,,160791,7,,,1,15,,228058,7,,,1,55,,228057,7,,,1,16,,228055,7,,,1,32,,228056,7,,,1,66,,228062,7,,,1,29,,168098,7,,,1,68,,228049,7,,,1,30,,228035,7,,,1,70,,142553,7,,,1,30,,228042,7,,,1,70,,228054,7,,,1,29,,228053,7,,,1,70,,228050,7,,,1,33,,228067,7,,,1,71,,228051,7,,,1,31,,228041,7,,,1,73,,228039,7,,,1,29,,228064,7,,,1,71,,228065,7,,,1,28,,228068,7,,,1,69,,228048,7,,,1,29,,228040,7,,,1,70,,228047,7,,,1,30,,228059,7,,,1,69,,228037,7,,,1,31,,228052,7,,,1,70,,198510,7,,,1,30,,228038,7,,,1,70,,228063,7,,,1,100,,228046,7,,,1
3000,'3',512,,228082,7,,,1,42,,142435,7,,,1,57,,228075,7,,,1,15,,228091,7,,,1,15,,228092,7,,,1,15,,228084,7,,,1,55,,122789,7,,,1,15,,150795,7,,,1,13,,228078,7,,,1,17,,228101,7,,,1,55,,228080,7,,,1,16,,228088,7,,,1,30,,228086,7,,,1,68,,159061,7,,,1,29,,130501,7,,,1,68,,228095,7,,,1,30,,228093,7,,,1,70,,228072,7,,,1,30,,228089,7,,,1,70,,228074,7,,,1,29,,228098,7,,,1,70,,228071,7,,,1,33,,109112,7,,,1,71,,158090,7,,,1,31,,228070,7,,,1,73,,228073,7,,,1,12,,228094,8,0,26,1,17,,203337,7,,,1,71,,228096,7,,,1,28,,169568,7,,,1,69,,154213,7,,,1,29,,228099,7,,,1,70,,57875,7,,,1,30,,228076,7,,,1,69,,228100,7,,,1,31,,228085,7,,,1,70,,228090,7,,,1,30,,228087,7,,,1,70,,228081,7,,,1,100,,228083,7,,,1
3000,'4',512,,228112,7,,,1,42,,228117,7,,,1,57,,228106,7,,,1,15,,129490,7,,,1,15,,228122,7,,,1,15,,228114,7,,,1,55,,228132,7,,,1,15,,228110,7,,,1,13,,228109,7,,,1,17,,133452,7,,,1,55,,141712,7,,,1,16,,228120,7,,,1,30,,155373,7,,,1,68,,228129,7,,,1,29,,228107,7,,,1,68,,228125,7,,,1,30,,228123,7,,,1,70,,228103,7,,,1,30,,228121,7,,,1,70,,228105,7,,,1,29,,228130,7,,,1,70,,121609,7,,,1,33,,228118,7,,,1,71,,228104,7,,,1,31,,228102,7,,,1,73,,163660,7,,,1,12,,228124,8,0,26,1,17,,228113,7,,,1,71,,228127,7,,,1,28,,228126,7,,,1,69,,228111,7,,,1,29,,228131,7,,,1,70,,228116,7,,,1,30,,55967,7,,,1,69,,9593,7,,,1,31,,228115,7,,,1,70,,141724,7,,,1,30,,228119,7,,,1,70,,172382,7,,,1,100,,144982,7,,,1
3000,'5',512,,228143,7,,,1,42,,228148,7,,,1,57,,228137,7,,,1,15,,128866,7,,,1,15,,228153,7,,,1,15,,228145,7,,,1,55,,228163,7,,,1,15,,228141,7,,,1,13,,228140,7,,,1,17,,133219,7,,,1,55,,141271,7,,,1,16,,228151,7,,,1,30,,154723,7,,,1,68,,228160,7,,,1,29,,228138,7,,,1,68,,228156,7,,,1,30,,228154,7,,,1,70,,228134,7,,,1,30,,228152,7,,,1,70,,228136,7,,,1,29,,228161,7,,,1,70,,120981,7,,,1,33,,228149,7,,,1,71,,228135,7,,,1,31,,228133,7,,,1,73,,163282,7,,,1,12,,228155,8,0,26,1,17,,228144,7,,,1,71,,228158,7,,,1,28,,228157,7,,,1,69,,228142,7,,,1,29,,228162,7,,,1,70,,228147,7,,,1,30,,55507,7,,,1,69,,9251,7,,,1,31,,228146,7,,,1,70,,141283,7,,,1,30,,228150,7,,,1,70,,172123,7,,,1,100,,144592,7,,,1
3000,'6',723,,228175,7,,,1,100,,228174,7,,,1,100,,228172,7,,,1,100,,177886,7,,,1,30,,228164,7,,,1,70,,125297,7,,,1,30,,228165,7,,,1,70,,228173,7,,,1,30,,228169,7,,,1,70,,150535,7,,,1,30,,136398,7,,,1,70,,228168,7,,,1,30,,228176,7,,,1,70,,228178,7,,,1,30,,169237,7,,,1,70,,228179,7,,,1,30,,228167,7,,,1,70,,228170,7,,,1,30,,151254,7,,,1,70,,228166,7,,,1,30,,228171,7,,,1,70,,228177,7,,,1,30,,106232,7,,,1,70,,228180,7,,,1,30,,228182,7,,,1,70,,228181,7,,,1,30,,228183,7,,,1,96,,140273,7,,,1
3000,'7',512,,30618,7,,,1,42,,228189,7,,,1,57,,71598,7,,,1,15,,228206,7,,,1,15,,228215,7,,,1,15,,228193,7,,,1,53,,228192,7,,,1,17,,228212,7,,,1,15,,228207,7,,,1,15,,228205,7,,,1,55,,228203,7,,,1,16,,228201,7,,,1,32,,228202,7,,,1,66,,228208,7,,,1,29,,228191,7,,,1,68,,228196,7,,,1,30,,228184,7,,,1,70,,228190,7,,,1,30,,228188,7,,,1,70,,228200,7,,,1,29,,134275,7,,,1,70,,228197,7,,,1,33,,228213,7,,,1,71,,228198,7,,,1,31,,228187,7,,,1,73,,114823,7,,,1,29,,228210,7,,,1,71,,228211,7,,,1,28,,228214,7,,,1,69,,102454,7,,,1,29,,228186,7,,,1,70,,228195,7,,,1,30,,43000,7,,,1,69,,192074,7,,,1,31,,228199,7,,,1,70,,228204,7,,,1,30,,228185,7,,,1,70,,228209,7,,,1,100,,228194,7,,,1
3000,'8',512,,228216,7,,,1,42,,228230,7,,,1,57,,228253,7,,,1,15,,228234,7,,,1,15,,228228,7,,,1,15,,228245,7,,,1,55,,228247,7,,,1,15,,228229,7,,,1,13,,228251,7,,,1,17,,228226,7,,,1,55,,228224,7,,,1,16,,228248,7,,,1,32,,228238,7,,,1,66,,228231,7,,,1,29,,228232,7,,,1,68,,228252,7,,,1,30,,228235,7,,,1,70,,228227,7,,,1,30,,228223,7,,,1,70,,228244,7,,,1,29,,228242,7,,,1,70,,228249,7,,,1,33,,228237,7,,,1,71,,228219,7,,,1,31,,228254,7,,,1,73,,228241,7,,,1,29,,228218,7,,,1,71,,228239,7,,,1,28,,228233,7,,,1,69,,228243,7,,,1,29,,228222,7,,,1,70,,228225,7,,,1,30,,228246,7,,,1,69,,228250,7,,,1,31,,228236,7,,,1,70,,228217,7,,,1,30,,228221,7,,,1,70,,228240,7,,,1,100,,228220,7,,,1
3000,'9',512,,228265,7,,,1,42,,228270,7,,,1,57,,228259,7,,,1,15,,129194,7,,,1,15,,228275,7,,,1,15,,228267,7,,,1,55,,228285,7,,,1,15,,228263,7,,,1,13,,228262,7,,,1,17,,133337,7,,,1,55,,141505,7,,,1,16,,228273,7,,,1,30,,155061,7,,,1,68,,228282,7,,,1,29,,228260,7,,,1,68,,228278,7,,,1,30,,228276,7,,,1,70,,228256,7,,,1,30,,228274,7,,,1,70,,228258,7,,,1,29,,228283,7,,,1,70,,121321,7,,,1,33,,228271,7,,,1,71,,228257,7,,,1,31,,228255,7,,,1,73,,163487,7,,,1,12,,228277,8,0,26,1,17,,228266,7,,,1,71,,228280,7,,,1,28,,228279,7,,,1,69,,228264,7,,,1,29,,228284,7,,,1,70,,228269,7,,,1,30,,55736,7,,,1,69,,9426,7,,,1,31,,228268,7,,,1,70,,141517,7,,,1,30,,228272,7,,,1,70,,172271,7,,,1,100,,144789,7,,,1
3300,'12',1542,,230026,8,0,27 28,1
3300,'15',1542,,230108,8,0,27 28,1
3300,'3',1542,,66666,8,0,27 28,1
3300,'4',1542,,230271,8,0,27 28,1
3300,'5',1542,,230301,8,0,27 28,1
3300,'9',1542,,230417,8,0,27 28,1
3500,'12',1543,,231871,8,0,27 28,1
3500,'15',1543,,231950,8,0,27 28,1
3500,'3',1543,,232072,8,0,27 28,1
3500,'4',1543,,232103,8,0,27 28,1
3500,'5',1543,,232131,8,0,27 28,1
3500,'9',1543,,232246,8,0,27 28,1
61800,'12',741,,294875,7,,,1,7,,294876,7,,,1
61800,'15',741,,294877,7,,,1,7,,294878,7,,,1
61800,'3',741,,294879,7,,,1,7,,294880,7,,,1
61800,'4',741,,294881,7,,,1,7,,294882,7,,,1
61800,'5',741,,294883,7,,,1,7,,294884,7,,,1
61800,'9',741,,294885,7,,,1,7,,294886,7,,,1
63000,'12',817,,295005,7,,,1
63000,'15',817,,295007,7,,,1
63000,'3',817,,295009,7,,,1
63000,'4',817,,295011,7,,,1
63000,'5',817,,295013,7,,,1
63000,'9',817,,295015,7,,,1
