6000,'10',1603,,60735,21,,,1,34,,60763,21,,,1,70,,60761,21,,,1,26,,60752,21,,,1,70,,60739,21,,,1,30,,60745,21,,,1,72,,60751,21,,,1
6000,'11',1603,,60768,21,,,1,34,,60796,21,,,1,70,,60794,21,,,1,26,,60785,21,,,1,70,,60772,21,,,1,30,,60778,21,,,1,72,,60784,21,,,1
6000,'12',1603,,60801,21,,,1,34,,60829,21,,,1,70,,60827,21,,,1,26,,60818,21,,,1,70,,60805,21,,,1,30,,60811,21,,,1,72,,60817,21,,,1
6000,'13',1603,,60846,21,,,1,34,,60834,21,,,1,69,,60841,21,,,1,27,,60833,21,,,1,70,,60836,21,,,1,30,,60843,21,,,1,72,,60859,21,,,1
6000,'15',1603,,60869,21,,,1,34,,60897,21,,,1,70,,60895,21,,,1,26,,60886,21,,,1,70,,60873,21,,,1,30,,60879,21,,,1,72,,60885,21,,,1
6000,'16',1603,,60902,21,,,1,34,,60930,21,,,1,70,,60928,21,,,1,26,,60919,21,,,1,70,,60906,21,,,1,30,,60912,21,,,1,72,,60918,21,,,1
6000,'17',1603,,60947,21,,,1,34,,60935,21,,,1,69,,60942,21,,,1,27,,60934,21,,,1,70,,60937,21,,,1,30,,60944,21,,,1,72,,60960,21,,,1
6000,'18',1603,,60983,21,,,1,32,,60971,21,,,1,71,,60984,21,,,1,29,,61000,21,,,1,70,,60986,21,,,1,30,,60992,21,,,1,70,,60975,21,,,1
6000,'19',1603,,61017,21,,,1,34,,61005,21,,,1,69,,61012,21,,,1,27,,61004,21,,,1,70,,61007,21,,,1,30,,61014,21,,,1,72,,61030,21,,,1
6000,'3',1603,,61040,21,,,1,34,,61068,21,,,1,70,,61066,21,,,1,26,,61057,21,,,1,70,,61044,21,,,1,30,,61050,21,,,1,72,,61056,21,,,1
6000,'4',1603,,61073,21,,,1,34,,61101,21,,,1,70,,61099,21,,,1,26,,61090,21,,,1,70,,61077,21,,,1,30,,61083,21,,,1,72,,61089,21,,,1
6000,'5',1603,,61118,21,,,1,34,,61106,21,,,1,69,,61113,21,,,1,27,,61105,21,,,1,70,,61108,21,,,1,30,,61115,21,,,1,72,,61131,21,,,1
6000,'6',1603,,61141,21,,,1,34,,61169,21,,,1,70,,61167,21,,,1,26,,61158,21,,,1,70,,61145,21,,,1,30,,61151,21,,,1,72,,61157,21,,,1
6000,'7',1603,,61186,21,,,1,34,,61174,21,,,1,69,,61181,21,,,1,27,,61173,21,,,1,70,,61176,21,,,1,30,,61183,21,,,1,72,,61199,21,,,1
