8100,'1',547,,350800,11,,,0,70,,350805,11,,,0,30,,235170,11,,,0,68,,155000,11,,,0,32,,350795,11,,,0,72,,350809,11,,,0,29,,350810,11,,,0,69,,350811,11,,,0,30,,350806,11,,,0,70,,350813,11,,,0,30,,350799,11,,,0,70,,350798,11,,,0,30,,350817,11,,,0,70,,233888,11,,,0,30,,279520,11,,,0,70,,350803,11,,,0,30,,350807,11,,,0,70,,227655,11,,,0,30,,350797,11,,,0,72,,350814,11,,,0,30,,241705,11,,,0,70,,350792,11,,,0,30,,350818,11,,,0,70,,350794,11,,,0,28,,350796,11,,,0,70,,350808,11,,,0,30,,350793,11,,,0,70,,350815,11,,,0,30,,350819,11,,,0,70,,246669,11,,,0,30,,350812,11,,,0,70,,350801,11,,,0,30,,350816,11,,,0,70,,350802,11,,,0,100,,350804,11,,,0,85,,218496,11,,,0
8100,'10',733,,350833,11,,,0,70,,350836,11,,,0,30,,350827,11,,,0,70,,350821,11,,,0,30,,350838,11,,,0,70,,350822,11,,,0,31,,350825,11,,,0,70,,258919,11,,,0,30,,350839,11,,,0,70,,230200,11,,,0,30,,350831,11,,,0,70,,350837,11,,,0,30,,350832,11,,,0,70,,222998,11,,,0,30,,289658,11,,,0,70,,245165,11,,,0,30,,350830,11,,,0,70,,350834,11,,,0,30,,350820,11,,,0,70,,288032,11,,,0,30,,233933,11,,,0,70,,350826,11,,,0,30,,350824,11,,,0,70,,207555,11,,,0,30,,350835,11,,,0,100,,350823,11,,,0,99,,350829,11,,,0,100,,350828,11,,,0,100,,262301,11,,,0
8100,'11',547,,350857,11,,,0,70,,350840,11,,,0,30,,350842,11,,,0,68,,350845,11,,,0,27,,350861,11,,,0,75,,350848,11,,,0,32,,350854,11,,,0,68,,350852,11,,,0,30,,350864,11,,,0,70,,350849,11,,,0,30,,255045,11,,,0,70,,182098,11,,,0,30,,350859,11,,,0,70,,270985,11,,,0,30,,206920,11,,,0,70,,350862,11,,,0,30,,291576,11,,,0,70,,206073,11,,,0,30,,350860,11,,,0,72,,350865,11,,,0,32,,350847,11,,,0,98,,350850,11,,,0,70,,211573,11,,,0,28,,350846,11,,,0,70,,350855,11,,,0,30,,350841,11,,,0,70,,350856,11,,,0,30,,350858,11,,,0,70,,350843,11,,,0,30,,268478,11,,,0,70,,350863,11,,,0,30,,350851,11,,,0,70,,350844,11,,,0,100,,350853,11,,,0,85,,281410,11,,,0
8100,'12',730,,350867,11,,,0,70,,350886,11,,,0,30,,350889,11,,,0,70,,350876,11,,,0,30,,350890,11,,,0,70,,350879,11,,,0,31,,350881,11,,,0,70,,350885,11,,,0,30,,350883,11,,,0,70,,350877,11,,,0,30,,350868,11,,,0,70,,350882,11,,,0,30,,350887,11,,,0,70,,350880,11,,,0,30,,350874,11,,,0,70,,350884,11,,,0,30,,350869,11,,,0,70,,350888,11,,,0,30,,261314,11,,,0,70,,350866,11,,,0,30,,350870,11,,,0,70,,350871,11,,,0,30,,350891,11,,,0,100,,350873,11,,,0,100,,350872,11,,,0,99,,350875,11,,,0,100,,350878,11,,,0
8100,'13',547,,350909,11,,,0,70,,350892,11,,,0,30,,350894,11,,,0,68,,350897,11,,,0,27,,350913,11,,,0,75,,350900,11,,,0,32,,350906,11,,,0,68,,350904,11,,,0,30,,350916,11,,,0,70,,350901,11,,,0,30,,255073,11,,,0,70,,181558,11,,,0,30,,350911,11,,,0,70,,271022,11,,,0,30,,206967,11,,,0,70,,350914,11,,,0,30,,291603,11,,,0,70,,206063,11,,,0,30,,350912,11,,,0,72,,350917,11,,,0,32,,350899,11,,,0,98,,350902,11,,,0,70,,211620,11,,,0,28,,350898,11,,,0,70,,350907,11,,,0,30,,350893,11,,,0,70,,350908,11,,,0,30,,350910,11,,,0,70,,350895,11,,,0,30,,268508,11,,,0,70,,350915,11,,,0,30,,350903,11,,,0,70,,350896,11,,,0,100,,350905,11,,,0,85,,281445,11,,,0
8100,'14',547,,350935,11,,,0,70,,350918,11,,,0,30,,350920,11,,,0,68,,350923,11,,,0,27,,350939,11,,,0,75,,350926,11,,,0,32,,350932,11,,,0,68,,350930,11,,,0,30,,350942,11,,,0,70,,350927,11,,,0,30,,255200,11,,,0,70,,181843,11,,,0,30,,350937,11,,,0,70,,271182,11,,,0,30,,207142,11,,,0,70,,350940,11,,,0,30,,291706,11,,,0,70,,206065,11,,,0,30,,350938,11,,,0,72,,350943,11,,,0,32,,350925,11,,,0,98,,350928,11,,,0,70,,211844,11,,,0,28,,350924,11,,,0,70,,350933,11,,,0,30,,350919,11,,,0,70,,350934,11,,,0,30,,350936,11,,,0,70,,350921,11,,,0,30,,268631,11,,,0,70,,350941,11,,,0,30,,350929,11,,,0,70,,350922,11,,,0,100,,350931,11,,,0,85,,281611,11,,,0
8100,'15',730,,350945,11,,,0,70,,350964,11,,,0,30,,269528,11,,,0,70,,350954,11,,,0,30,,350967,11,,,0,70,,350957,11,,,0,31,,350959,11,,,0,70,,350963,11,,,0,30,,350960,11,,,0,70,,350955,11,,,0,30,,350946,11,,,0,70,,258283,11,,,0,30,,350965,11,,,0,70,,350958,11,,,0,30,,350952,11,,,0,70,,350961,11,,,0,30,,350947,11,,,0,70,,350966,11,,,0,30,,350962,11,,,0,70,,350944,11,,,0,30,,350948,11,,,0,70,,350949,11,,,0,30,,350968,11,,,0,100,,350951,11,,,0,100,,350950,11,,,0,99,,350953,11,,,0,100,,350956,11,,,0
8100,'16',733,,181424,11,,,0,70,,350989,11,,,0,30,,350981,11,,,0,70,,350971,11,,,0,30,,350991,11,,,0,70,,350972,11,,,0,31,,286218,11,,,0,70,,350985,11,,,0,30,,350993,11,,,0,70,,350973,11,,,0,30,,350986,11,,,0,70,,350990,11,,,0,30,,185951,11,,,0,70,,350980,11,,,0,30,,350978,11,,,0,70,,350992,11,,,0,30,,350984,11,,,0,70,,350987,11,,,0,30,,350970,11,,,0,70,,350974,11,,,0,30,,350994,11,,,0,70,,350979,11,,,0,30,,350976,11,,,0,70,,350977,11,,,0,30,,350988,11,,,0,100,,350975,11,,,0,99,,350983,11,,,0,100,,350982,11,,,0,100,,350969,11,,,0
8100,'2',547,,351013,11,,,0,70,,350995,11,,,0,30,,350998,11,,,0,68,,351000,11,,,0,27,,351017,11,,,0,75,,351002,11,,,0,32,,351009,11,,,0,68,,351008,11,,,0,30,,351021,11,,,0,70,,351003,11,,,0,30,,351011,11,,,0,70,,351018,11,,,0,30,,351015,11,,,0,70,,351024,11,,,0,30,,351006,11,,,0,70,,264471,11,,,0,30,,351004,11,,,0,70,,351019,11,,,0,30,,351016,11,,,0,72,,351022,11,,,0,32,,351001,11,,,0,98,,276360,11,,,0,70,,350997,11,,,0,28,,267404,11,,,0,70,,351010,11,,,0,30,,350996,11,,,0,70,,351012,11,,,0,30,,351014,11,,,0,70,,270808,11,,,0,30,,351005,11,,,0,70,,351020,11,,,0,30,,351007,11,,,0,70,,350999,11,,,0,100,,242406,11,,,0,85,,351023,11,,,0
8100,'3',547,,351042,11,,,0,70,,237744,11,,,0,30,,351027,11,,,0,68,,291823,11,,,0,27,,351044,11,,,0,75,,210071,11,,,0,32,,351038,11,,,0,68,,351036,11,,,0,30,,351049,11,,,0,70,,351031,11,,,0,30,,351040,11,,,0,70,,351045,11,,,0,30,,277254,11,,,0,70,,351052,11,,,0,30,,351035,11,,,0,70,,351047,11,,,0,30,,351032,11,,,0,70,,351046,11,,,0,30,,288495,11,,,0,72,,351050,11,,,0,32,,351030,11,,,0,98,,351033,11,,,0,70,,351026,11,,,0,28,,351029,11,,,0,70,,351039,11,,,0,30,,351025,11,,,0,70,,351041,11,,,0,30,,351043,11,,,0,70,,351028,11,,,0,30,,351034,11,,,0,70,,351048,11,,,0,30,,211018,11,,,0,70,,210062,11,,,0,100,,351037,11,,,0,85,,351051,11,,,0
8100,'4',547,,351057,11,,,0,70,,351060,11,,,0,30,,351076,11,,,0,69,,223021,11,,,0,29,,351078,11,,,0,74,,351070,11,,,0,30,,351082,11,,,0,68,,225077,11,,,0,30,,351079,11,,,0,70,,351071,11,,,0,30,,351066,11,,,0,70,,226375,11,,,0,30,,351064,11,,,0,70,,351067,11,,,0,30,,351056,11,,,0,70,,351075,11,,,0,30,,250261,11,,,0,70,,351058,11,,,0,30,,351055,11,,,0,72,,351069,11,,,0,30,,351062,11,,,0,70,,215892,11,,,0,30,,351077,11,,,0,70,,351074,11,,,0,28,,351081,11,,,0,70,,351061,11,,,0,30,,351068,11,,,0,70,,351072,11,,,0,30,,272777,11,,,0,70,,351080,11,,,0,30,,351053,11,,,0,70,,351073,11,,,0,30,,351065,11,,,0,70,,351059,11,,,0,100,,351063,11,,,0,85,,351054,11,,,0
8100,'5',547,,351100,11,,,0,70,,237854,11,,,0,30,,351085,11,,,0,68,,291873,11,,,0,27,,351102,11,,,0,75,,177633,11,,,0,32,,351096,11,,,0,68,,351094,11,,,0,30,,351107,11,,,0,70,,351089,11,,,0,30,,351098,11,,,0,70,,351103,11,,,0,30,,277338,11,,,0,70,,351110,11,,,0,30,,351093,11,,,0,70,,351105,11,,,0,30,,351090,11,,,0,70,,351104,11,,,0,30,,193815,11,,,0,72,,351108,11,,,0,32,,351088,11,,,0,98,,351091,11,,,0,70,,351084,11,,,0,28,,351087,11,,,0,70,,351097,11,,,0,30,,351083,11,,,0,70,,351099,11,,,0,30,,351101,11,,,0,70,,351086,11,,,0,30,,351092,11,,,0,70,,351106,11,,,0,30,,211173,11,,,0,70,,210211,11,,,0,100,,351095,11,,,0,85,,351109,11,,,0
8100,'6',547,,351128,11,,,0,70,,351111,11,,,0,30,,351113,11,,,0,68,,351116,11,,,0,27,,351132,11,,,0,75,,351119,11,,,0,32,,351125,11,,,0,68,,351123,11,,,0,30,,351135,11,,,0,70,,351120,11,,,0,30,,254867,11,,,0,70,,182030,11,,,0,30,,351130,11,,,0,70,,270773,11,,,0,30,,206648,11,,,0,70,,351133,11,,,0,30,,291412,11,,,0,70,,206071,11,,,0,30,,351131,11,,,0,72,,351136,11,,,0,32,,351118,11,,,0,98,,351121,11,,,0,70,,211269,11,,,0,28,,351117,11,,,0,70,,351126,11,,,0,30,,351112,11,,,0,70,,351127,11,,,0,30,,351129,11,,,0,70,,351114,11,,,0,30,,268310,11,,,0,70,,351134,11,,,0,30,,351122,11,,,0,70,,351115,11,,,0,100,,351124,11,,,0,85,,281189,11,,,0
8100,'7',547,,351155,11,,,0,70,,351137,11,,,0,30,,351140,11,,,0,68,,351142,11,,,0,27,,351159,11,,,0,75,,351144,11,,,0,32,,351151,11,,,0,68,,351150,11,,,0,30,,351163,11,,,0,70,,351145,11,,,0,30,,351153,11,,,0,70,,351160,11,,,0,30,,351157,11,,,0,70,,351166,11,,,0,30,,351148,11,,,0,70,,264268,11,,,0,30,,351146,11,,,0,70,,351161,11,,,0,30,,351158,11,,,0,72,,351164,11,,,0,32,,351143,11,,,0,98,,276245,11,,,0,70,,351139,11,,,0,28,,267331,11,,,0,70,,351152,11,,,0,30,,351138,11,,,0,70,,351154,11,,,0,30,,351156,11,,,0,70,,270709,11,,,0,30,,351147,11,,,0,70,,351162,11,,,0,30,,351149,11,,,0,70,,351141,11,,,0,100,,242271,11,,,0,85,,351165,11,,,0
8100,'8',730,,351168,11,,,0,70,,351187,11,,,0,30,,351190,11,,,0,70,,351177,11,,,0,30,,351191,11,,,0,70,,351180,11,,,0,31,,351182,11,,,0,70,,351186,11,,,0,30,,351184,11,,,0,70,,351178,11,,,0,30,,351169,11,,,0,70,,351183,11,,,0,30,,351188,11,,,0,70,,351181,11,,,0,30,,351175,11,,,0,70,,351185,11,,,0,30,,351170,11,,,0,70,,351189,11,,,0,30,,125287,11,,,0,70,,351167,11,,,0,30,,351171,11,,,0,70,,351172,11,,,0,30,,351192,11,,,0,100,,351174,11,,,0,100,,351173,11,,,0,99,,351176,11,,,0,100,,351179,11,,,0
8100,'9',547,,351210,11,,,0,70,,351193,11,,,0,30,,351195,11,,,0,68,,351198,11,,,0,27,,351214,11,,,0,75,,351201,11,,,0,32,,351207,11,,,0,68,,351205,11,,,0,30,,351217,11,,,0,70,,351202,11,,,0,30,,254782,11,,,0,70,,181882,11,,,0,30,,351212,11,,,0,70,,270676,11,,,0,30,,206528,11,,,0,70,,351215,11,,,0,30,,291333,11,,,0,70,,206067,11,,,0,30,,351213,11,,,0,72,,351218,11,,,0,32,,351200,11,,,0,98,,351203,11,,,0,70,,211110,11,,,0,28,,351199,11,,,0,70,,351208,11,,,0,30,,351194,11,,,0,70,,351209,11,,,0,30,,351211,11,,,0,70,,351196,11,,,0,30,,268225,11,,,0,70,,351216,11,,,0,30,,351204,11,,,0,70,,351197,11,,,0,100,,351206,11,,,0,85,,281081,11,,,0
69100,'11',815,,378134,11,,,0
69100,'13',815,,378135,11,,,0
69100,'14',815,,378136,11,,,0
69100,'2',815,,281928,11,,,0
69100,'3',815,,378137,11,,,0
69100,'5',815,,378138,11,,,0
69100,'6',815,,378139,11,,,0
69100,'7',815,,281823,11,,,0
69100,'9',815,,378140,11,,,0
