6700,'1',603,,69423,,,1,39,,69411,,,1,71,,69414,,,1,9,,69417,0,9 10,1,17,,69412,,,1,73,,69421,,,1,30,,69435,,,1,70,,69434,0,9 10,1,29,,69405,0,9 10,1,70,,69418,0,9 10,1,30,,69433,0,9 10,1,70,,69415,0,9 10,1,28,,69410,0,9 10,1,70,,69408,0,9 10,1,31,,69425,0,9 10,1,70,,69426,0,9 10,1,30,,69407,0,9 10,1,70,,69432,0,9 10,1,31,,69416,0,9 10,1,71,,69429,0,9 10,1,31,,69430,0,9 10,1,72,,69431,0,9 10,1,30,,69424,0,9 10,1,73,,69427,0,9 10,1,30,,69436,0,9 10,1,71,,69420,0,9 10,1,30,,69413,0,9 10,1,70,,69422,0,9 10,1,29,,69428,0,9 10,1,68,,69406,0,9 10,1,25,,69419,0,9 10,1,100,,69409,0,9 10,1
6700,'10',603,,69460,,,1,39,,69459,,,1,69,,69440,,,1,28,,69445,,,1,73,,69439,,,1,31,,69450,,,1,69,,69464,0,9 10,1,29,,69458,0,9 10,1,70,,69462,0,9 10,1,30,,69444,0,9 10,1,70,,69437,0,9 10,1,28,,69465,0,9 10,1,70,,69447,0,9 10,1,31,,69442,0,9 10,1,70,,69455,0,9 10,1,30,,69467,0,9 10,1,70,,69443,0,9 10,1,31,,69456,0,9 10,1,71,,69451,0,9 10,1,31,,69449,0,9 10,1,70,,69446,0,9 10,1,30,,69453,0,9 10,1,75,,69463,0,9 10,1,30,,69466,0,9 10,1,71,,69461,0,9 10,1,30,,69448,0,9 10,1,70,,69438,0,9 10,1,29,,69452,0,9 10,1,68,,69454,0,9 10,1,25,,69441,0,9 10,1,100,,69457,0,9 10,1
6700,'11',603,,69486,,,1,39,,69474,,,1,71,,69477,,,1,9,,69480,0,9 10,1,17,,69475,,,1,73,,69484,,,1,30,,69498,,,1,70,,69497,0,9 10,1,29,,69468,0,9 10,1,70,,69481,0,9 10,1,30,,69496,0,9 10,1,70,,69478,0,9 10,1,28,,69473,0,9 10,1,70,,69471,0,9 10,1,31,,69488,0,9 10,1,70,,69489,0,9 10,1,30,,69470,0,9 10,1,70,,69495,0,9 10,1,31,,69479,0,9 10,1,71,,69492,0,9 10,1,31,,69493,0,9 10,1,72,,69494,0,9 10,1,30,,69487,0,9 10,1,73,,69490,0,9 10,1,30,,69499,0,9 10,1,71,,69483,0,9 10,1,30,,69476,0,9 10,1,70,,69485,0,9 10,1,29,,69491,0,9 10,1,68,,69469,0,9 10,1,25,,69482,0,9 10,1,100,,69472,0,9 10,1
6700,'12',603,,69529,,,1,38,,69500,,,1,69,,69515,,,1,29,,69523,,,1,73,,69526,,,1,32,,69528,,,1,68,,69510,0,9 10,1,29,,69520,0,9 10,1,70,,69518,0,9 10,1,30,,69522,0,9 10,1,70,,69512,0,9 10,1,28,,69511,0,9 10,1,70,,69525,0,9 10,1,31,,69521,0,9 10,1,70,,69514,0,9 10,1,30,,69516,0,9 10,1,70,,69524,0,9 10,1,31,,69506,0,9 10,1,71,,69519,0,9 10,1,31,,69517,0,9 10,1,72,,69503,0,9 10,1,30,,69508,0,9 10,1,73,,69501,0,9 10,1,30,,69530,0,9 10,1,71,,69513,0,9 10,1,30,,69527,0,9 10,1,70,,69507,0,9 10,1,29,,69505,0,9 10,1,68,,69509,0,9 10,1,25,,69502,0,9 10,1,100,,69504,0,9 10,1
6700,'13',745,,69540,0,9 10,1,100,,69546,0,9 10,1,100,,69533,0,9 10,1,70,,69536,0,9 10,1,30,,69543,0,9 10,1,70,,69549,0,9 10,1,30,,69542,0,9 10,1,70,,69538,0,9 10,1,30,,69539,0,9 10,1,70,,69537,0,9 10,1,30,,69550,0,9 10,1,70,,69548,0,9 10,1,30,,69547,0,9 10,1,70,,69535,0,9 10,1,30,,69534,0,9 10,1,70,,69541,0,9 10,1,30,,69532,0,9 10,1,70,,69545,0,9 10,1,100,,69531,0,9 10,1,100,,69544,0,9 10,1
6700,'14',745,,69560,0,9 10,1,100,,69566,0,9 10,1,100,,69553,0,9 10,1,70,,69556,0,9 10,1,30,,69563,0,9 10,1,70,,69569,0,9 10,1,30,,69562,0,9 10,1,70,,69558,0,9 10,1,30,,69559,0,9 10,1,70,,69557,0,9 10,1,30,,69570,0,9 10,1,70,,69568,0,9 10,1,30,,69567,0,9 10,1,70,,69555,0,9 10,1,30,,69554,0,9 10,1,70,,69561,0,9 10,1,30,,69552,0,9 10,1,70,,69565,0,9 10,1,100,,69551,0,9 10,1,100,,69564,0,9 10,1
6700,'15',603,,69594,,,1,39,,69593,,,1,69,,69574,,,1,28,,69579,,,1,73,,69573,,,1,31,,69584,,,1,69,,69598,0,9 10,1,29,,69592,0,9 10,1,70,,69596,0,9 10,1,30,,69578,0,9 10,1,70,,69571,0,9 10,1,28,,69599,0,9 10,1,70,,69581,0,9 10,1,31,,69576,0,9 10,1,70,,69589,0,9 10,1,30,,69601,0,9 10,1,70,,69577,0,9 10,1,31,,69590,0,9 10,1,71,,69585,0,9 10,1,31,,69583,0,9 10,1,70,,69580,0,9 10,1,30,,69587,0,9 10,1,75,,69597,0,9 10,1,30,,69600,0,9 10,1,71,,69595,0,9 10,1,30,,69582,0,9 10,1,70,,69572,0,9 10,1,29,,69586,0,9 10,1,68,,69588,0,9 10,1,25,,69575,0,9 10,1,100,,69591,0,9 10,1
6700,'16',603,,69620,,,1,39,,69608,,,1,71,,69611,,,1,9,,69614,0,9 10,1,17,,69609,,,1,73,,69618,,,1,30,,69632,,,1,70,,69631,0,9 10,1,29,,69602,0,9 10,1,70,,69615,0,9 10,1,30,,69630,0,9 10,1,70,,69612,0,9 10,1,28,,69607,0,9 10,1,70,,69605,0,9 10,1,31,,69622,0,9 10,1,70,,69623,0,9 10,1,30,,69604,0,9 10,1,70,,69629,0,9 10,1,31,,69613,0,9 10,1,71,,69626,0,9 10,1,31,,69627,0,9 10,1,72,,69628,0,9 10,1,30,,69621,0,9 10,1,73,,69624,0,9 10,1,30,,69633,0,9 10,1,71,,69617,0,9 10,1,30,,69610,0,9 10,1,70,,69619,0,9 10,1,29,,69625,0,9 10,1,68,,69603,0,9 10,1,25,,69616,0,9 10,1,100,,69606,0,9 10,1
6700,'17',745,,69643,0,9 10,1,100,,69649,0,9 10,1,100,,69636,0,9 10,1,70,,69639,0,9 10,1,30,,69646,0,9 10,1,70,,69652,0,9 10,1,30,,69645,0,9 10,1,70,,69641,0,9 10,1,30,,69642,0,9 10,1,70,,69640,0,9 10,1,30,,69653,0,9 10,1,70,,69651,0,9 10,1,30,,69650,0,9 10,1,70,,69638,0,9 10,1,30,,69637,0,9 10,1,70,,69644,0,9 10,1,30,,69635,0,9 10,1,70,,69648,0,9 10,1,100,,69634,0,9 10,1,100,,69647,0,9 10,1
6700,'18',718,,69676,0,9 10,1,100,,69671,0,9 10,1,30,,69672,0,9 10,1,70,,69674,0,9 10,1,30,,69658,0,9 10,1,70,,69677,0,9 10,1,30,,69655,0,9 10,1,70,,69666,0,9 10,1,30,,69670,0,9 10,1,70,,69656,0,9 10,1,30,,69669,0,9 10,1,70,,69665,0,9 10,1,30,,69663,0,9 10,1,70,,69673,0,9 10,1,30,,69657,0,9 10,1,70,,69661,0,9 10,1,30,,69675,0,9 10,1,70,,69654,0,9 10,1,30,,69662,0,9 10,1,70,,69664,0,9 10,1,100,,69668,0,9 10,1,100,,69660,0,9 10,1,100,,69659,0,9 10,1,100,,69667,0,9 10,1
6700,'19',718,,69700,0,9 10,1,100,,69695,0,9 10,1,30,,69696,0,9 10,1,70,,69698,0,9 10,1,30,,69682,0,9 10,1,70,,69701,0,9 10,1,30,,69679,0,9 10,1,70,,69690,0,9 10,1,30,,69694,0,9 10,1,70,,69680,0,9 10,1,30,,69693,0,9 10,1,70,,69689,0,9 10,1,30,,69687,0,9 10,1,70,,69697,0,9 10,1,30,,69681,0,9 10,1,70,,69685,0,9 10,1,30,,69699,0,9 10,1,70,,69678,0,9 10,1,30,,69686,0,9 10,1,70,,69688,0,9 10,1,100,,69692,0,9 10,1,100,,69684,0,9 10,1,100,,69683,0,9 10,1,100,,69691,0,9 10,1
6700,'2',745,,69711,0,9 10,1,100,,69717,0,9 10,1,100,,69704,0,9 10,1,70,,69707,0,9 10,1,30,,69714,0,9 10,1,70,,69720,0,9 10,1,30,,69713,0,9 10,1,70,,69709,0,9 10,1,30,,69710,0,9 10,1,70,,69708,0,9 10,1,30,,69721,0,9 10,1,70,,69719,0,9 10,1,30,,69718,0,9 10,1,70,,69706,0,9 10,1,30,,69705,0,9 10,1,70,,69712,0,9 10,1,30,,69703,0,9 10,1,70,,69716,0,9 10,1,100,,69702,0,9 10,1,100,,69715,0,9 10,1
6700,'20',603,,69740,,,1,39,,69728,,,1,71,,69731,,,1,9,,69734,0,9 10,1,17,,69729,,,1,73,,69738,,,1,30,,69752,,,1,70,,69751,0,9 10,1,29,,69722,0,9 10,1,70,,69735,0,9 10,1,30,,69750,0,9 10,1,70,,69732,0,9 10,1,28,,69727,0,9 10,1,70,,69725,0,9 10,1,31,,69742,0,9 10,1,70,,69743,0,9 10,1,30,,69724,0,9 10,1,70,,69749,0,9 10,1,31,,69733,0,9 10,1,71,,69746,0,9 10,1,31,,69747,0,9 10,1,72,,69748,0,9 10,1,30,,69741,0,9 10,1,73,,69744,0,9 10,1,30,,69753,0,9 10,1,71,,69737,0,9 10,1,30,,69730,0,9 10,1,70,,69739,0,9 10,1,29,,69745,0,9 10,1,68,,69723,0,9 10,1,25,,69736,0,9 10,1,100,,69726,0,9 10,1
6700,'3',603,,69772,,,1,39,,69760,,,1,71,,69763,,,1,9,,69766,0,9 10,1,17,,69761,,,1,73,,69770,,,1,30,,69784,,,1,70,,69783,0,9 10,1,29,,69754,0,9 10,1,70,,69767,0,9 10,1,30,,69782,0,9 10,1,70,,69764,0,9 10,1,28,,69759,0,9 10,1,70,,69757,0,9 10,1,31,,69774,0,9 10,1,70,,69775,0,9 10,1,30,,69756,0,9 10,1,70,,69781,0,9 10,1,31,,69765,0,9 10,1,71,,69778,0,9 10,1,31,,69779,0,9 10,1,72,,69780,0,9 10,1,30,,69773,0,9 10,1,73,,69776,0,9 10,1,30,,69785,0,9 10,1,71,,69769,0,9 10,1,30,,69762,0,9 10,1,70,,69771,0,9 10,1,29,,69777,0,9 10,1,68,,69755,0,9 10,1,25,,69768,0,9 10,1,100,,69758,0,9 10,1
6700,'4',603,,69804,,,1,39,,69792,,,1,71,,69795,,,1,9,,69798,0,9 10,1,17,,69793,,,1,73,,69802,,,1,30,,69816,,,1,70,,69815,0,9 10,1,29,,69786,0,9 10,1,70,,69799,0,9 10,1,30,,69814,0,9 10,1,70,,69796,0,9 10,1,28,,69791,0,9 10,1,70,,69789,0,9 10,1,31,,69806,0,9 10,1,70,,69807,0,9 10,1,30,,69788,0,9 10,1,70,,69813,0,9 10,1,31,,69797,0,9 10,1,71,,69810,0,9 10,1,31,,69811,0,9 10,1,72,,69812,0,9 10,1,30,,69805,0,9 10,1,73,,69808,0,9 10,1,30,,69817,0,9 10,1,71,,69801,0,9 10,1,30,,69794,0,9 10,1,70,,69803,0,9 10,1,29,,69809,0,9 10,1,68,,69787,0,9 10,1,25,,69800,0,9 10,1,100,,69790,0,9 10,1
6700,'5',603,,69836,,,1,39,,69824,,,1,71,,69827,,,1,9,,69830,0,9 10,1,17,,69825,,,1,73,,69834,,,1,30,,69848,,,1,70,,69847,0,9 10,1,29,,69818,0,9 10,1,70,,69831,0,9 10,1,30,,69846,0,9 10,1,70,,69828,0,9 10,1,28,,69823,0,9 10,1,70,,69821,0,9 10,1,31,,69838,0,9 10,1,70,,69839,0,9 10,1,30,,69820,0,9 10,1,70,,69845,0,9 10,1,31,,69829,0,9 10,1,71,,69842,0,9 10,1,31,,69843,0,9 10,1,72,,69844,0,9 10,1,30,,69837,0,9 10,1,73,,69840,0,9 10,1,30,,69849,0,9 10,1,71,,69833,0,9 10,1,30,,69826,0,9 10,1,70,,69835,0,9 10,1,29,,69841,0,9 10,1,68,,69819,0,9 10,1,25,,69832,0,9 10,1,100,,69822,0,9 10,1
6700,'6',603,,69868,,,1,39,,69856,,,1,71,,69859,,,1,9,,69862,0,9 10,1,17,,69857,,,1,73,,69866,,,1,30,,69880,,,1,70,,69879,0,9 10,1,29,,69850,0,9 10,1,70,,69863,0,9 10,1,30,,69878,0,9 10,1,70,,69860,0,9 10,1,28,,69855,0,9 10,1,70,,69853,0,9 10,1,31,,69870,0,9 10,1,70,,69871,0,9 10,1,30,,69852,0,9 10,1,70,,69877,0,9 10,1,31,,69861,0,9 10,1,71,,69874,0,9 10,1,31,,69875,0,9 10,1,72,,69876,0,9 10,1,30,,69869,0,9 10,1,73,,69872,0,9 10,1,30,,69881,0,9 10,1,71,,69865,0,9 10,1,30,,69858,0,9 10,1,70,,69867,0,9 10,1,29,,69873,0,9 10,1,68,,69851,0,9 10,1,25,,69864,0,9 10,1,100,,69854,0,9 10,1
6700,'7',603,,69905,,,1,39,,69904,,,1,69,,69885,,,1,28,,69890,,,1,73,,69884,,,1,31,,69895,,,1,69,,69909,0,9 10,1,29,,69903,0,9 10,1,70,,69907,0,9 10,1,30,,69889,0,9 10,1,70,,69882,0,9 10,1,28,,69910,0,9 10,1,70,,69892,0,9 10,1,31,,69887,0,9 10,1,70,,69900,0,9 10,1,30,,69912,0,9 10,1,70,,69888,0,9 10,1,31,,69901,0,9 10,1,71,,69896,0,9 10,1,31,,69894,0,9 10,1,70,,69891,0,9 10,1,30,,69898,0,9 10,1,75,,69908,0,9 10,1,30,,69911,0,9 10,1,71,,69906,0,9 10,1,30,,69893,0,9 10,1,70,,69883,0,9 10,1,29,,69897,0,9 10,1,68,,69899,0,9 10,1,25,,69886,0,9 10,1,100,,69902,0,9 10,1
6700,'8',603,,69936,,,1,39,,69935,,,1,69,,69916,,,1,28,,69921,,,1,73,,69915,,,1,31,,69926,,,1,69,,69940,0,9 10,1,29,,69934,0,9 10,1,70,,69938,0,9 10,1,30,,69920,0,9 10,1,70,,69913,0,9 10,1,28,,69941,0,9 10,1,70,,69923,0,9 10,1,31,,69918,0,9 10,1,70,,69931,0,9 10,1,30,,69943,0,9 10,1,70,,69919,0,9 10,1,31,,69932,0,9 10,1,71,,69927,0,9 10,1,31,,69925,0,9 10,1,70,,69922,0,9 10,1,30,,69929,0,9 10,1,75,,69939,0,9 10,1,30,,69942,0,9 10,1,71,,69937,0,9 10,1,30,,69924,0,9 10,1,70,,69914,0,9 10,1,29,,69928,0,9 10,1,68,,69930,0,9 10,1,25,,69917,0,9 10,1,100,,69933,0,9 10,1
6700,'9',603,,69967,,,1,39,,69966,,,1,69,,69947,,,1,28,,69952,,,1,73,,69946,,,1,31,,69957,,,1,69,,69971,0,9 10,1,29,,69965,0,9 10,1,70,,69969,0,9 10,1,30,,69951,0,9 10,1,70,,69944,0,9 10,1,28,,69972,0,9 10,1,70,,69954,0,9 10,1,31,,69949,0,9 10,1,70,,69962,0,9 10,1,30,,69974,0,9 10,1,70,,69950,0,9 10,1,31,,69963,0,9 10,1,71,,69958,0,9 10,1,31,,69956,0,9 10,1,70,,69953,0,9 10,1,30,,69960,0,9 10,1,75,,69970,0,9 10,1,30,,69973,0,9 10,1,71,,69968,0,9 10,1,30,,69955,0,9 10,1,70,,69945,0,9 10,1,29,,69959,0,9 10,1,68,,69961,0,9 10,1,25,,69948,0,9 10,1,100,,69964,0,9 10,1
