3101,'1',647,,229284,23,,,1,70,,229299,23,,,1,30,,229290,23,,,1,70,,229296,23,,,1,31,,229294,23,,,1,70,,143074,23,,,1,30,,38852,23,,,1,70,,229293,23,,,1,30,,229303,23,,,1,70,,229283,23,,,1,30,,229307,23,,,1,79,,229305,23,,,1,22,,229289,23,,,1,70,,229297,23,,,1,30,,229309,23,,,1,70,,229292,23,,,1,30,,229311,23,,,1,70,,229295,23,,,1,38,,229300,23,,,1,62,,229286,23,,,1,30,,229287,23,,,1,70,,229308,23,,,1,30,,229288,23,,,1,69,,144520,23,,,1,30,,229304,23,,,1,70,,229291,23,,,1,30,,229298,23,,,1,69,,157099,23,,,1,30,,229306,23,,,1,70,,229302,23,,,1,30,,141678,23,,,1,70,,229310,23,,,1,30,,229301,23,,,1,100,,229285,23,,,1
3101,'10',647,,229313,23,,,1,70,,229327,23,,,1,30,,229320,23,,,1,70,,112179,23,,,1,31,,229323,23,,,1,70,,229337,23,,,1,30,,229317,23,,,1,70,,229322,23,,,1,30,,229330,23,,,1,70,,202737,23,,,1,30,,229334,23,,,1,79,,229332,23,,,1,22,,229318,23,,,1,70,,229325,23,,,1,30,,229336,23,,,1,70,,126317,23,,,1,30,,229340,23,,,1,70,,229324,23,,,1,38,,229328,23,,,1,62,,162270,23,,,1,30,,229315,23,,,1,70,,229335,23,,,1,30,,229316,23,,,1,69,,229319,23,,,1,30,,229331,23,,,1,70,,229321,23,,,1,30,,229326,23,,,1,69,,229338,23,,,1,30,,229333,23,,,1,70,,13072,23,,,1,30,,229312,23,,,1,70,,229339,23,,,1,30,,229329,23,,,1,100,,229314,23,,,1
3101,'11',822,,229342,23,,,1,101,,229357,23,,,1,100,,229350,23,,,1,30,,229359,23,,,1,70,,229348,23,,,1,30,,229360,23,,,1,71,,197510,23,,,1,30,,229353,23,,,1,70,,185832,23,,,1,30,,229341,23,,,1,70,,229355,23,,,1,30,,229345,23,,,1,70,,229352,23,,,1,30,,132658,23,,,1,70,,229346,23,,,1,30,,229349,23,,,1,70,,229343,23,,,1,30,,184747,23,,,1,69,,229344,23,,,1,30,,229356,23,,,1,70,,178655,23,,,1,99,,229354,23,,,1,100,,229358,23,,,1,100,,229347,23,,,1,100,,229351,23,,,1
3101,'12',614,,229371,23,,,1,38,,229386,23,,,1,70,,139242,23,,,1,29,,229377,15,0,23 24,1,1,,229375,23,,,1,4,,229384,15,0,23 24,1,66,,229378,23,,,1,30,,229385,23,,,1,66,,156832,23,,,1,30,,229365,23,,,1,70,,229362,23,,,1,30,,148265,23,,,1,70,,229369,23,,,1,30,,229374,23,,,1,71,,229367,23,,,1,30,,229376,23,,,1,70,,229380,23,,,1,30,,229382,23,,,1,70,,229387,23,,,1,32,,229383,23,,,1,71,,142928,23,,,1,30,,229381,23,,,1,72,,229361,23,,,1,29,,229372,23,,,1,69,,229379,23,,,1,30,,164632,23,,,1,69,,229389,23,,,1,28,,229373,23,,,1,67,,229363,23,,,1,30,,229370,23,,,1,69,,229364,23,,,1,30,,229390,23,,,1,69,,229366,23,,,1,30,,229388,23,,,1,65,,229368,23,,,1
3101,'13',647,,229393,23,,,1,70,,229409,23,,,1,30,,229401,23,,,1,70,,229406,23,,,1,31,,169772,23,,,1,70,,229419,23,,,1,30,,229398,23,,,1,70,,229404,23,,,1,30,,229412,23,,,1,70,,229391,23,,,1,30,,229416,23,,,1,79,,229414,23,,,1,22,,229399,23,,,1,70,,229407,23,,,1,30,,229418,23,,,1,70,,229403,23,,,1,30,,229422,23,,,1,70,,229405,23,,,1,38,,229410,23,,,1,62,,229395,23,,,1,30,,229396,23,,,1,70,,229417,23,,,1,30,,229397,23,,,1,69,,229400,23,,,1,30,,229413,23,,,1,70,,229402,23,,,1,30,,229408,23,,,1,69,,229420,23,,,1,30,,229415,23,,,1,70,,229411,23,,,1,30,,229392,23,,,1,70,,229421,23,,,1,30,,147488,23,,,1,100,,229394,23,,,1
3101,'14',614,,229445,23,,,1,38,,229426,23,,,1,70,,102723,23,,,1,30,,193537,23,,,1,70,,229439,23,,,1,30,,229436,23,,,1,66,,142846,23,,,1,30,,229447,23,,,1,70,,229435,23,,,1,30,,12337,23,,,1,70,,8213,23,,,1,30,,229437,23,,,1,71,,229438,23,,,1,30,,229430,23,,,1,70,,229431,23,,,1,30,,229428,23,,,1,70,,229424,23,,,1,32,,229442,23,,,1,71,,229427,23,,,1,30,,229429,23,,,1,70,,151489,23,,,1,31,,229425,23,,,1,69,,229441,23,,,1,30,,229423,23,,,1,69,,229443,23,,,1,28,,229440,23,,,1,67,,229432,23,,,1,30,,229449,23,,,1,69,,229446,23,,,1,30,,229444,23,,,1,69,,229448,23,,,1,30,,229434,23,,,1,65,,229433,23,,,1
3101,'15',614,,229460,23,,,1,38,,229475,23,,,1,70,,139392,23,,,1,29,,229466,15,0,23 24,1,1,,229464,23,,,1,4,,229473,15,0,23 24,1,66,,229467,23,,,1,30,,229474,23,,,1,66,,157056,23,,,1,30,,229454,23,,,1,70,,229451,23,,,1,30,,148521,23,,,1,70,,229458,23,,,1,30,,229463,23,,,1,71,,229456,23,,,1,30,,229465,23,,,1,70,,229469,23,,,1,30,,229471,23,,,1,70,,229476,23,,,1,32,,229472,23,,,1,71,,143031,23,,,1,30,,229470,23,,,1,72,,229450,23,,,1,29,,229461,23,,,1,69,,229468,23,,,1,30,,164712,23,,,1,69,,229478,23,,,1,28,,229462,23,,,1,67,,229452,23,,,1,30,,229459,23,,,1,69,,229453,23,,,1,30,,229479,23,,,1,69,,229455,23,,,1,30,,229477,23,,,1,65,,229457,23,,,1
3101,'16',822,,229481,23,,,1,101,,156396,23,,,1,100,,229487,23,,,1,30,,229498,23,,,1,70,,229484,23,,,1,30,,229499,23,,,1,71,,229494,23,,,1,30,,229490,23,,,1,70,,229497,23,,,1,30,,229480,23,,,1,70,,229492,23,,,1,30,,105252,23,,,1,70,,138417,23,,,1,30,,229485,23,,,1,70,,131052,23,,,1,30,,229486,23,,,1,70,,229482,23,,,1,30,,229489,23,,,1,69,,145913,23,,,1,30,,229495,23,,,1,70,,229493,23,,,1,99,,229491,23,,,1,100,,229496,23,,,1,100,,229483,23,,,1,100,,229488,23,,,1
3101,'17',614,,229522,23,,,1,38,,229503,23,,,1,70,,194229,23,,,1,30,,193460,23,,,1,70,,229516,23,,,1,30,,229513,23,,,1,66,,142797,23,,,1,30,,229524,23,,,1,70,,229512,23,,,1,30,,187720,23,,,1,70,,140404,23,,,1,30,,229514,23,,,1,71,,229515,23,,,1,30,,229507,23,,,1,70,,229508,23,,,1,30,,229505,23,,,1,70,,229501,23,,,1,32,,229519,23,,,1,71,,229504,23,,,1,30,,229506,23,,,1,70,,151419,23,,,1,31,,229502,23,,,1,69,,229518,23,,,1,30,,229500,23,,,1,69,,229520,23,,,1,28,,229517,23,,,1,67,,229509,23,,,1,30,,229526,23,,,1,69,,229523,23,,,1,30,,229521,23,,,1,69,,229525,23,,,1,30,,229511,23,,,1,65,,229510,23,,,1
3101,'18',614,,229549,23,,,1,38,,229530,23,,,1,70,,194417,23,,,1,30,,26112,23,,,1,70,,229543,23,,,1,30,,229540,23,,,1,66,,93075,23,,,1,30,,229551,23,,,1,70,,229539,23,,,1,30,,187758,23,,,1,70,,140566,23,,,1,30,,229541,23,,,1,71,,229542,23,,,1,30,,229534,23,,,1,70,,229535,23,,,1,30,,229532,23,,,1,70,,229528,23,,,1,32,,229546,23,,,1,71,,229531,23,,,1,30,,229533,23,,,1,70,,151598,23,,,1,31,,229529,23,,,1,69,,229545,23,,,1,30,,229527,23,,,1,69,,229547,23,,,1,28,,229544,23,,,1,67,,229536,23,,,1,30,,229553,23,,,1,69,,229550,23,,,1,30,,229548,23,,,1,69,,229552,23,,,1,30,,229538,23,,,1,65,,229537,23,,,1
3101,'2',614,,229577,23,,,1,38,,229555,23,,,1,70,,229573,23,,,1,30,,229575,23,,,1,70,,229569,23,,,1,30,,229566,23,,,1,66,,229582,23,,,1,30,,229579,23,,,1,70,,229565,23,,,1,30,,229558,23,,,1,70,,229562,23,,,1,30,,229567,23,,,1,71,,229568,23,,,1,30,,229559,23,,,1,70,,229560,23,,,1,30,,229557,23,,,1,70,,96711,23,,,1,32,,229572,23,,,1,71,,229556,23,,,1,30,,174855,23,,,1,70,,229574,23,,,1,31,,77923,23,,,1,69,,229571,23,,,1,30,,229554,23,,,1,69,,150318,23,,,1,28,,229570,23,,,1,67,,229561,23,,,1,30,,229581,23,,,1,69,,229578,23,,,1,30,,229576,23,,,1,69,,229580,23,,,1,30,,229564,23,,,1,65,,229563,23,,,1
3101,'3',614,,229591,23,,,1,38,,229604,23,,,1,70,,229608,23,,,1,29,,229596,15,0,23 24,1,1,,229595,23,,,1,4,,229601,15,0,23 24,1,66,,229597,23,,,1,30,,229602,23,,,1,66,,229605,23,,,1,30,,229584,23,,,1,70,,125617,23,,,1,30,,229603,23,,,1,70,,229589,23,,,1,30,,229594,23,,,1,71,,229586,23,,,1,30,,202408,23,,,1,70,,229598,23,,,1,30,,229599,23,,,1,70,,229607,23,,,1,32,,229600,23,,,1,71,,229587,23,,,1,30,,164553,23,,,1,72,,229583,23,,,1,29,,229592,23,,,1,69,,190571,23,,,1,30,,229606,23,,,1,69,,229609,23,,,1,28,,229593,23,,,1,67,,173643,23,,,1,30,,229590,23,,,1,69,,9708,23,,,1,30,,229610,23,,,1,69,,229585,23,,,1,30,,78086,23,,,1,65,,229588,23,,,1
3101,'4',614,,229621,23,,,1,38,,229636,23,,,1,70,,139460,23,,,1,29,,229627,15,0,23 24,1,1,,229625,23,,,1,4,,229634,15,0,23 24,1,66,,229628,23,,,1,30,,229635,23,,,1,66,,157153,23,,,1,30,,229615,23,,,1,70,,229612,23,,,1,30,,148659,23,,,1,70,,229619,23,,,1,30,,229624,23,,,1,71,,229617,23,,,1,30,,229626,23,,,1,70,,229630,23,,,1,30,,229632,23,,,1,70,,229637,23,,,1,32,,229633,23,,,1,71,,143083,23,,,1,30,,229631,23,,,1,72,,229611,23,,,1,29,,229622,23,,,1,69,,229629,23,,,1,30,,164735,23,,,1,69,,229639,23,,,1,28,,229623,23,,,1,67,,229613,23,,,1,30,,229620,23,,,1,69,,229614,23,,,1,30,,229640,23,,,1,69,,229616,23,,,1,30,,229638,23,,,1,65,,229618,23,,,1
3101,'5',614,,229651,23,,,1,38,,229666,23,,,1,70,,138959,23,,,1,29,,229657,15,0,23 24,1,1,,229655,23,,,1,4,,229664,15,0,23 24,1,66,,229658,23,,,1,30,,229665,23,,,1,66,,156352,23,,,1,30,,229645,23,,,1,70,,229642,23,,,1,30,,147696,23,,,1,70,,229649,23,,,1,30,,229654,23,,,1,71,,229647,23,,,1,30,,229656,23,,,1,70,,229660,23,,,1,30,,229662,23,,,1,70,,229667,23,,,1,32,,229663,23,,,1,71,,142708,23,,,1,30,,229661,23,,,1,72,,229641,23,,,1,29,,229652,23,,,1,69,,229659,23,,,1,30,,164438,23,,,1,69,,229669,23,,,1,28,,229653,23,,,1,67,,229643,23,,,1,30,,229650,23,,,1,69,,229644,23,,,1,30,,229670,23,,,1,69,,229646,23,,,1,30,,229668,23,,,1,65,,229648,23,,,1
3101,'6',822,,229671,23,,,1,101,,229687,23,,,1,100,,229679,23,,,1,30,,146333,23,,,1,70,,229676,23,,,1,30,,229690,23,,,1,71,,229686,23,,,1,30,,165444,23,,,1,70,,229689,23,,,1,30,,34074,23,,,1,70,,229684,23,,,1,30,,229674,23,,,1,70,,229682,23,,,1,30,,229677,23,,,1,70,,229675,23,,,1,30,,229678,23,,,1,70,,229672,23,,,1,30,,229681,23,,,1,69,,229673,23,,,1,30,,107988,23,,,1,70,,229685,23,,,1,99,,229683,23,,,1,100,,229688,23,,,1,100,,126162,23,,,1,100,,229680,23,,,1
3101,'7',614,,229714,23,,,1,38,,229694,23,,,1,70,,229709,23,,,1,30,,229712,23,,,1,70,,188375,23,,,1,30,,229704,23,,,1,66,,229718,23,,,1,30,,229715,23,,,1,70,,229703,23,,,1,30,,229697,23,,,1,70,,229700,23,,,1,30,,174279,23,,,1,71,,229705,23,,,1,30,,229698,23,,,1,70,,171035,23,,,1,30,,152111,23,,,1,70,,229692,23,,,1,32,,229708,23,,,1,71,,229695,23,,,1,30,,229696,23,,,1,70,,229711,23,,,1,31,,229693,23,,,1,69,,229707,23,,,1,30,,229691,23,,,1,69,,229710,23,,,1,28,,229706,23,,,1,67,,229699,23,,,1,30,,229717,23,,,1,69,,82473,23,,,1,30,,229713,23,,,1,69,,229716,23,,,1,30,,229702,23,,,1,65,,229701,23,,,1
3101,'8',614,,229748,23,,,1,38,,229727,23,,,1,70,,229719,23,,,1,30,,229733,23,,,1,70,,229744,23,,,1,30,,229730,23,,,1,66,,229724,23,,,1,30,,229749,23,,,1,70,,229743,23,,,1,30,,229720,23,,,1,70,,229742,23,,,1,30,,229722,23,,,1,71,,229732,23,,,1,30,,229721,23,,,1,70,,229751,23,,,1,30,,229726,23,,,1,70,,229734,23,,,1,32,,229747,23,,,1,71,,229739,23,,,1,30,,229725,23,,,1,71,,229740,23,,,1,32,,229741,23,,,1,67,,229746,23,,,1,30,,229729,23,,,1,69,,229737,23,,,1,28,,229723,23,,,1,67,,229736,23,,,1,30,,229750,23,,,1,69,,229735,23,,,1,30,,229745,23,,,1,69,,229728,23,,,1,30,,229738,23,,,1,65,,229731,23,,,1
3101,'9',614,,229762,23,,,1,38,,229777,23,,,1,70,,139201,23,,,1,29,,229768,15,0,23 24,1,1,,229766,23,,,1,4,,229775,15,0,23 24,1,66,,229769,23,,,1,30,,229776,23,,,1,66,,156773,23,,,1,30,,229756,23,,,1,70,,229753,23,,,1,30,,148200,23,,,1,70,,229760,23,,,1,30,,229765,23,,,1,71,,229758,23,,,1,30,,229767,23,,,1,70,,229771,23,,,1,30,,229773,23,,,1,70,,229778,23,,,1,32,,229774,23,,,1,71,,142904,23,,,1,30,,229772,23,,,1,72,,229752,23,,,1,29,,229763,23,,,1,69,,229770,23,,,1,30,,164609,23,,,1,69,,229780,23,,,1,28,,229764,23,,,1,67,,229754,23,,,1,30,,229761,23,,,1,69,,229755,23,,,1,30,,229781,23,,,1,69,,229757,23,,,1,30,,229779,23,,,1,65,,229759,23,,,1
61101,'12',1556,,148282,31,,,1
61101,'15',1556,,148538,31,,,1
61101,'3',1556,,294810,31,,,1
61101,'4',1556,,148676,31,,,1
61101,'5',1556,,147713,31,,,1
61101,'9',1556,,148217,31,,,1
63100,'12',834,,295022,15,,,1
63100,'15',834,,295023,15,,,1
63100,'3',834,,199484,15,,,1
63100,'4',834,,295024,15,,,1
63100,'5',834,,295025,15,,,1
63100,'9',834,,295026,15,,,1
64801,'12',1529,,295206,28,,,1
64801,'15',1529,,295207,28,,,1
64801,'3',1529,,295208,28,,,1
64801,'4',1529,,295209,28,,,1
64801,'5',1529,,295210,28,,,1
64801,'9',1529,,295211,28,,,1
