8200,'1',734,,81610,33,,,1,97,,81607,33,,,1,100,,81609,33,,,1,105,,81594,35,,,1,70,,81603,35,,,1,30,,81605,35,,,1,70,,81597,35,,,1,30,,81611,35,,,1,70,,81600,35,,,1,30,,81604,35,,,1,70,,81595,35,,,1,30,,81601,35,,,1,70,,81615,35,,,1,30,,81608,35,,,1,70,,81599,35,,,1,30,,81606,35,,,1,70,,81613,35,,,1,30,,81596,35,,,1,70,,81612,35,,,1,27,,81602,33,,,1,70,,81598,33,,,1,30,,81616,33,,,1,100,,81614,33,,,1,98,,81618,33,,,1,118,,81617,33,,,1
8200,'10',530,,81633,33,,,1,98,,81643,33,,,1,106,,81651,33,,,1,96,,81635,33,,,1,71,,81636,35,,,1,27,,81653,35,,,1,30,,81642,35,,,1,70,,81648,35,,,1,30,,81631,35,,,1,70,,81619,35,,,1,30,,81624,35,,,1,69,,81647,35,,,1,30,,81646,35,,,1,70,,81640,35,,,1,30,,81645,35,,,1,70,,81634,35,,,1,2,,81637,20,,,1,28,,81630,35,,,1,70,,81639,38,,,1,3,,81654,4,,,1,8,,81649,4,,,1,62,,81629,38,,,1,34,,81652,38,,,1,69,,81638,38,,,1,29,,81650,38,,,1,68,,81623,38,,,1,29,,81632,38,,,1,30,,81627,35,,,1,72,,81621,35,,,1,70,,81641,35,,,1,29,,81625,35,,,1,72,,81626,35,,,1,30,,81622,35,,,1,69,,81628,33,,,1,30,,81620,33,,,1,99,,81644,33,,,1
8200,'11',530,,81669,33,,,1,98,,81679,33,,,1,106,,81687,33,,,1,96,,81671,33,,,1,71,,81672,35,,,1,27,,81689,35,,,1,30,,81678,35,,,1,70,,81684,35,,,1,30,,81667,35,,,1,70,,81655,35,,,1,30,,81660,35,,,1,69,,81683,35,,,1,30,,81682,35,,,1,70,,81676,35,,,1,30,,81681,35,,,1,70,,81670,35,,,1,2,,81673,20,,,1,28,,81666,35,,,1,70,,81675,38,,,1,3,,81690,4,,,1,8,,81685,4,,,1,62,,81665,38,,,1,34,,81688,38,,,1,69,,81674,38,,,1,29,,81686,38,,,1,68,,81659,38,,,1,29,,81668,38,,,1,30,,81663,35,,,1,72,,81657,35,,,1,70,,81677,35,,,1,29,,81661,35,,,1,72,,81662,35,,,1,30,,81658,35,,,1,69,,81664,33,,,1,30,,81656,33,,,1,99,,81680,33,,,1
8200,'12',530,,81705,33,,,1,98,,81715,33,,,1,106,,81723,33,,,1,96,,81707,33,,,1,71,,81708,35,,,1,27,,81725,35,,,1,30,,81714,35,,,1,70,,81720,35,,,1,30,,81703,35,,,1,70,,81691,35,,,1,30,,81696,35,,,1,69,,81719,35,,,1,30,,81718,35,,,1,70,,81712,35,,,1,30,,81717,35,,,1,70,,81706,35,,,1,2,,81709,20,,,1,28,,81702,35,,,1,70,,81711,38,,,1,3,,81726,4,,,1,8,,81721,4,,,1,62,,81701,38,,,1,34,,81724,38,,,1,69,,81710,38,,,1,29,,81722,38,,,1,68,,81695,38,,,1,29,,81704,38,,,1,30,,81699,35,,,1,72,,81693,35,,,1,70,,81713,35,,,1,29,,81697,35,,,1,72,,81698,35,,,1,30,,81694,35,,,1,69,,81700,33,,,1,30,,81692,33,,,1,99,,81716,33,,,1
8200,'13',530,,81729,33,,,1,98,,81739,33,,,1,73,,81758,33,,,1,31,,81748,33,,,1,72,,81741,33,,,1,30,,81730,33,,,1,67,,81737,35,,,1,27,,81755,35,,,1,30,,81759,35,,,1,70,,81752,35,,,1,30,,81742,35,,,1,70,,81745,35,,,1,30,,81740,35,,,1,69,,81761,35,,,1,30,,81760,35,,,1,70,,81747,35,,,1,30,,81744,35,,,1,70,,81750,35,,,1,32,,81738,35,,,1,68,,81743,38,,,1,32,,81734,38,,,1,73,,81754,38,,,1,69,,81751,38,,,1,29,,81736,38,,,1,71,,81746,38,,,1,30,,81756,38,,,1,28,,81753,35,,,1,72,,81727,35,,,1,70,,81731,35,,,1,29,,81749,35,,,1,72,,81757,35,,,1,30,,81735,35,,,1,69,,81728,33,,,1,30,,81733,33,,,1,99,,81732,33,,,1
8200,'14',701,,81789,33,,,1,105,,81767,33,,,1,30,,81771,33,,,1,70,,81781,33,,,1,33,,81770,35,,,1,72,,81772,35,,,1,30,,81780,35,,,1,70,,81773,35,,,1,30,,81784,35,,,1,70,,81782,35,,,1,30,,81774,35,,,1,70,,81783,35,,,1,30,,81788,35,,,1,70,,81776,35,,,1,30,,81762,35,,,1,70,,81791,35,,,1,30,,81768,35,,,1,70,,81785,35,,,1,30,,81790,35,,,1,70,,81793,35,,,1,30,,81775,35,,,1,70,,81764,35,,,1,30,,81792,35,,,1,70,,81766,35,,,1,30,,81787,35,,,1,70,,81763,35,,,1,30,,81786,35,,,1,70,,81778,35,,,1,28,,81779,35,,,1,67,,81765,33,,,1,30,,81769,33,,,1,110,,81777,33,,,1
8200,'15',530,,81808,33,,,1,98,,81818,33,,,1,106,,81826,33,,,1,96,,81810,33,,,1,71,,81811,35,,,1,27,,81828,35,,,1,30,,81817,35,,,1,70,,81823,35,,,1,30,,81806,35,,,1,70,,81794,35,,,1,30,,81799,35,,,1,69,,81822,35,,,1,30,,81821,35,,,1,70,,81815,35,,,1,30,,81820,35,,,1,70,,81809,35,,,1,2,,81812,20,,,1,28,,81805,35,,,1,70,,81814,38,,,1,3,,81829,4,,,1,8,,81824,4,,,1,62,,81804,38,,,1,34,,81827,38,,,1,69,,81813,38,,,1,29,,81825,38,,,1,68,,81798,38,,,1,29,,81807,38,,,1,30,,81802,35,,,1,72,,81796,35,,,1,70,,81816,35,,,1,29,,81800,35,,,1,72,,81801,35,,,1,30,,81797,35,,,1,69,,81803,33,,,1,30,,81795,33,,,1,99,,81819,33,,,1
8200,'16',530,,81844,33,,,1,98,,81854,33,,,1,106,,81862,33,,,1,96,,81846,33,,,1,71,,81847,35,,,1,27,,81864,35,,,1,30,,81853,35,,,1,70,,81859,35,,,1,30,,81842,35,,,1,70,,81830,35,,,1,30,,81835,35,,,1,69,,81858,35,,,1,30,,81857,35,,,1,70,,81851,35,,,1,30,,81856,35,,,1,70,,81845,35,,,1,2,,81848,20,,,1,28,,81841,35,,,1,70,,81850,38,,,1,3,,81865,4,,,1,8,,81860,4,,,1,62,,81840,38,,,1,34,,81863,38,,,1,69,,81849,38,,,1,29,,81861,38,,,1,68,,81834,38,,,1,29,,81843,38,,,1,30,,81838,35,,,1,72,,81832,35,,,1,70,,81852,35,,,1,29,,81836,35,,,1,72,,81837,35,,,1,30,,81833,35,,,1,69,,81839,33,,,1,30,,81831,33,,,1,99,,81855,33,,,1
8200,'17',530,,81868,33,,,1,98,,81878,33,,,1,73,,81897,33,,,1,31,,81887,33,,,1,72,,81880,33,,,1,30,,81869,33,,,1,67,,81876,35,,,1,27,,81894,35,,,1,30,,81898,35,,,1,70,,81891,35,,,1,30,,81881,35,,,1,70,,81884,35,,,1,30,,81879,35,,,1,69,,81900,35,,,1,30,,81899,35,,,1,70,,81886,35,,,1,30,,81883,35,,,1,70,,81889,35,,,1,32,,81877,35,,,1,68,,81882,38,,,1,32,,81873,38,,,1,73,,81893,38,,,1,69,,81890,38,,,1,29,,81875,38,,,1,71,,81885,38,,,1,30,,81895,38,,,1,28,,81892,35,,,1,72,,81866,35,,,1,70,,81870,35,,,1,29,,81888,35,,,1,72,,81896,35,,,1,30,,81874,35,,,1,69,,81867,33,,,1,30,,81872,33,,,1,99,,81871,33,,,1
8200,'18',530,,81908,33,,,1,98,,81919,33,,,1,73,,81927,33,,,1,29,,81905,33,,,1,75,,81934,33,,,1,26,,81916,33,,,1,71,,81910,35,,,1,26,,81921,35,,,1,30,,81933,35,,,1,70,,81907,35,,,1,30,,81928,35,,,1,70,,81918,35,,,1,30,,81901,35,,,1,69,,81911,35,,,1,30,,81906,35,,,1,70,,81925,35,,,1,30,,81931,35,,,1,70,,81922,35,,,1,30,,81932,35,,,1,70,,81923,38,,,1,73,,81920,38,,,1,32,,81903,38,,,1,69,,81909,38,,,1,33,,81926,38,,,1,68,,81917,38,,,1,27,,81914,38,,,1,30,,81929,35,,,1,72,,81904,35,,,1,70,,81924,35,,,1,29,,81935,35,,,1,72,,81913,35,,,1,30,,81902,35,,,1,69,,81915,33,,,1,30,,81930,33,,,1,99,,81912,33,,,1
8200,'19',530,,81938,33,,,1,98,,81948,33,,,1,73,,81967,33,,,1,31,,81957,33,,,1,72,,81950,33,,,1,30,,81939,33,,,1,67,,81946,35,,,1,27,,81964,35,,,1,30,,81968,35,,,1,70,,81961,35,,,1,30,,81951,35,,,1,70,,81954,35,,,1,30,,81949,35,,,1,69,,81970,35,,,1,30,,81969,35,,,1,70,,81956,35,,,1,30,,81953,35,,,1,70,,81959,35,,,1,32,,81947,35,,,1,68,,81952,38,,,1,32,,81943,38,,,1,73,,81963,38,,,1,69,,81960,38,,,1,29,,81945,38,,,1,71,,81955,38,,,1,30,,81965,38,,,1,28,,81962,35,,,1,72,,81936,35,,,1,70,,81940,35,,,1,29,,81958,35,,,1,72,,81966,35,,,1,30,,81944,35,,,1,69,,81937,33,,,1,30,,81942,33,,,1,99,,81941,33,,,1
8200,'2',734,,81987,33,,,1,97,,81984,33,,,1,100,,81986,33,,,1,105,,81971,35,,,1,70,,81980,35,,,1,30,,81982,35,,,1,70,,81974,35,,,1,30,,81988,35,,,1,70,,81977,35,,,1,30,,81981,35,,,1,70,,81972,35,,,1,30,,81978,35,,,1,70,,81992,35,,,1,30,,81985,35,,,1,70,,81976,35,,,1,30,,81983,35,,,1,70,,81990,35,,,1,30,,81973,35,,,1,70,,81989,35,,,1,27,,81979,33,,,1,70,,81975,33,,,1,30,,81993,33,,,1,100,,81991,33,,,1,98,,81995,33,,,1,118,,81994,33,,,1
8200,'3',530,,82010,33,,,1,98,,82020,33,,,1,106,,82028,33,,,1,96,,82012,33,,,1,71,,82013,35,,,1,27,,82030,35,,,1,30,,82019,35,,,1,70,,82025,35,,,1,30,,82008,35,,,1,70,,81996,35,,,1,30,,82001,35,,,1,69,,82024,35,,,1,30,,82023,35,,,1,70,,82017,35,,,1,30,,82022,35,,,1,70,,82011,35,,,1,2,,82014,20,,,1,28,,82007,35,,,1,70,,82016,38,,,1,3,,82031,4,,,1,8,,82026,4,,,1,62,,82006,38,,,1,34,,82029,38,,,1,69,,82015,38,,,1,29,,82027,38,,,1,68,,82000,38,,,1,29,,82009,38,,,1,30,,82004,35,,,1,72,,81998,35,,,1,70,,82018,35,,,1,29,,82002,35,,,1,72,,82003,35,,,1,30,,81999,35,,,1,69,,82005,33,,,1,30,,81997,33,,,1,99,,82021,33,,,1
8200,'4',530,,82046,33,,,1,98,,82056,33,,,1,106,,82064,33,,,1,96,,82048,33,,,1,71,,82049,35,,,1,27,,82066,35,,,1,30,,82055,35,,,1,70,,82061,35,,,1,30,,82044,35,,,1,70,,82032,35,,,1,30,,82037,35,,,1,69,,82060,35,,,1,30,,82059,35,,,1,70,,82053,35,,,1,30,,82058,35,,,1,70,,82047,35,,,1,2,,82050,20,,,1,28,,82043,35,,,1,70,,82052,38,,,1,3,,82067,4,,,1,8,,82062,4,,,1,62,,82042,38,,,1,34,,82065,38,,,1,69,,82051,38,,,1,29,,82063,38,,,1,68,,82036,38,,,1,29,,82045,38,,,1,30,,82040,35,,,1,72,,82034,35,,,1,70,,82054,35,,,1,29,,82038,35,,,1,72,,82039,35,,,1,30,,82035,35,,,1,69,,82041,33,,,1,30,,82033,33,,,1,99,,82057,33,,,1
8200,'5',530,,82070,33,,,1,98,,82080,33,,,1,73,,82099,33,,,1,31,,82089,33,,,1,72,,82082,33,,,1,30,,82071,33,,,1,67,,82078,35,,,1,27,,82096,35,,,1,30,,82100,35,,,1,70,,82093,35,,,1,30,,82083,35,,,1,70,,82086,35,,,1,30,,82081,35,,,1,69,,82102,35,,,1,30,,82101,35,,,1,70,,82088,35,,,1,30,,82085,35,,,1,70,,82091,35,,,1,32,,82079,35,,,1,68,,82084,38,,,1,32,,82075,38,,,1,73,,82095,38,,,1,69,,82092,38,,,1,29,,82077,38,,,1,71,,82087,38,,,1,30,,82097,38,,,1,28,,82094,35,,,1,72,,82068,35,,,1,70,,82072,35,,,1,29,,82090,35,,,1,72,,82098,35,,,1,30,,82076,35,,,1,69,,82069,33,,,1,30,,82074,33,,,1,99,,82073,33,,,1
8200,'6',530,,82117,33,,,1,98,,82127,33,,,1,106,,82135,33,,,1,96,,82119,33,,,1,71,,82120,35,,,1,27,,82137,35,,,1,30,,82126,35,,,1,70,,82132,35,,,1,30,,82115,35,,,1,70,,82103,35,,,1,30,,82108,35,,,1,69,,82131,35,,,1,30,,82130,35,,,1,70,,82124,35,,,1,30,,82129,35,,,1,70,,82118,35,,,1,2,,82121,20,,,1,28,,82114,35,,,1,70,,82123,38,,,1,3,,82138,4,,,1,8,,82133,4,,,1,62,,82113,38,,,1,34,,82136,38,,,1,69,,82122,38,,,1,29,,82134,38,,,1,68,,82107,38,,,1,29,,82116,38,,,1,30,,82111,35,,,1,72,,82105,35,,,1,70,,82125,35,,,1,29,,82109,35,,,1,72,,82110,35,,,1,30,,82106,35,,,1,69,,82112,33,,,1,30,,82104,33,,,1,99,,82128,33,,,1
8200,'7',530,,82141,33,,,1,98,,82151,33,,,1,73,,82170,33,,,1,31,,82160,33,,,1,72,,82153,33,,,1,30,,82142,33,,,1,67,,82149,35,,,1,27,,82167,35,,,1,30,,82171,35,,,1,70,,82164,35,,,1,30,,82154,35,,,1,70,,82157,35,,,1,30,,82152,35,,,1,69,,82173,35,,,1,30,,82172,35,,,1,70,,82159,35,,,1,30,,82156,35,,,1,70,,82162,35,,,1,32,,82150,35,,,1,68,,82155,38,,,1,32,,82146,38,,,1,73,,82166,38,,,1,69,,82163,38,,,1,29,,82148,38,,,1,71,,82158,38,,,1,30,,82168,38,,,1,28,,82165,35,,,1,72,,82139,35,,,1,70,,82143,35,,,1,29,,82161,35,,,1,72,,82169,35,,,1,30,,82147,35,,,1,69,,82140,33,,,1,30,,82145,33,,,1,99,,82144,33,,,1
8200,'8',701,,82201,33,,,1,105,,82179,33,,,1,30,,82183,33,,,1,70,,82193,33,,,1,33,,82182,35,,,1,72,,82184,35,,,1,30,,82192,35,,,1,70,,82185,35,,,1,30,,82196,35,,,1,70,,82194,35,,,1,30,,82186,35,,,1,70,,82195,35,,,1,30,,82200,35,,,1,70,,82188,35,,,1,30,,82174,35,,,1,70,,82203,35,,,1,30,,82180,35,,,1,70,,82197,35,,,1,30,,82202,35,,,1,70,,82205,35,,,1,30,,82187,35,,,1,70,,82176,35,,,1,30,,82204,35,,,1,70,,82178,35,,,1,30,,82199,35,,,1,70,,82175,35,,,1,30,,82198,35,,,1,70,,82190,35,,,1,28,,82191,35,,,1,67,,82177,33,,,1,30,,82181,33,,,1,110,,82189,33,,,1
8200,'9',734,,82222,33,,,1,97,,82219,33,,,1,100,,82221,33,,,1,105,,82206,35,,,1,70,,82215,35,,,1,30,,82217,35,,,1,70,,82209,35,,,1,30,,82223,35,,,1,70,,82212,35,,,1,30,,82216,35,,,1,70,,82207,35,,,1,30,,82213,35,,,1,70,,82227,35,,,1,30,,82220,35,,,1,70,,82211,35,,,1,30,,82218,35,,,1,70,,82225,35,,,1,30,,82208,35,,,1,70,,82224,35,,,1,27,,82214,33,,,1,70,,82210,33,,,1,30,,82228,33,,,1,100,,82226,33,,,1,98,,82230,33,,,1,118,,82229,33,,,1
