9200,'10',736,,93816,18,,,1,171,,93822,18,0,41,1,107,,93811,18,0,41,1,100,,93813,18,0,41,1,100,,93815,18,0,41,1,100,,93818,18,0,41,1,101,,93824,18,0,41,1,100,,93820,18,0,41,1,24,,93804,52,0,41,1,72,,93821,52,0,41,1,28,,93806,52,0,41,1,70,,93823,52,0,41,1,30,,93808,52,0,41,1,70,,93805,52,0,41,1,30,,93810,18,0,41,1,76,,93814,18,0,41,1,95,,93819,18,0,41,1,99,,93807,18,0,41,1,99,,93809,18,0,41,1,100,,93817,18,0,41,1
9200,'11',736,,93837,18,,,1,171,,93843,18,0,41,1,107,,93832,18,0,41,1,100,,93834,18,0,41,1,100,,93836,18,0,41,1,100,,93839,18,0,41,1,101,,93845,18,0,41,1,100,,93841,18,0,41,1,24,,93825,52,0,41,1,72,,93842,52,0,41,1,28,,93827,52,0,41,1,70,,93844,52,0,41,1,30,,93829,52,0,41,1,70,,93826,52,0,41,1,30,,93831,18,0,41,1,76,,93835,18,0,41,1,95,,93840,18,0,41,1,99,,93828,18,0,41,1,99,,93830,18,0,41,1,100,,93838,18,0,41,1
9200,'12',736,,93858,18,,,1,171,,93864,18,0,41,1,107,,93853,18,0,41,1,100,,93855,18,0,41,1,100,,93857,18,0,41,1,100,,93860,18,0,41,1,101,,93866,18,0,41,1,100,,93862,18,0,41,1,24,,93846,52,0,41,1,72,,93863,52,0,41,1,28,,93848,52,0,41,1,70,,93865,52,0,41,1,30,,93850,52,0,41,1,70,,93847,52,0,41,1,30,,93852,18,0,41,1,76,,93856,18,0,41,1,95,,93861,18,0,41,1,99,,93849,18,0,41,1,99,,93851,18,0,41,1,100,,93859,18,0,41,1
9200,'13',907,,93874,18,0,41,1,107,,93883,18,0,41,1,100,,93878,18,0,41,1,100,,93885,18,0,41,1,100,,93880,18,0,41,1,101,,93884,18,0,41,1,101,,93881,18,0,41,1,23,,93875,52,0,41,1,70,,93873,52,0,41,1,30,,93871,52,0,41,1,72,,93876,52,0,41,1,30,,93870,52,0,41,1,68,,93868,52,0,41,1,30,,93869,18,0,41,1,76,,93879,18,0,41,1,95,,93882,18,0,41,1,99,,93867,18,0,41,1,99,,93872,18,0,41,1,100,,93877,18,0,41,1
9200,'15',736,,93898,18,,,1,171,,93904,18,0,41,1,107,,93893,18,0,41,1,100,,93895,18,0,41,1,100,,93897,18,0,41,1,100,,93900,18,0,41,1,101,,93906,18,0,41,1,100,,93902,18,0,41,1,24,,93886,52,0,41,1,72,,93903,52,0,41,1,28,,93888,52,0,41,1,70,,93905,52,0,41,1,30,,93890,52,0,41,1,70,,93887,52,0,41,1,30,,93892,18,0,41,1,76,,93896,18,0,41,1,95,,93901,18,0,41,1,99,,93889,18,0,41,1,99,,93891,18,0,41,1,100,,93899,18,0,41,1
9200,'16',736,,93919,18,,,1,171,,93925,18,0,41,1,107,,93914,18,0,41,1,100,,93916,18,0,41,1,100,,93918,18,0,41,1,100,,93921,18,0,41,1,101,,93927,18,0,41,1,100,,93923,18,0,41,1,24,,93907,52,0,41,1,72,,93924,52,0,41,1,28,,93909,52,0,41,1,70,,93926,52,0,41,1,30,,93911,52,0,41,1,70,,93908,52,0,41,1,30,,93913,18,0,41,1,76,,93917,18,0,41,1,95,,93922,18,0,41,1,99,,93910,18,0,41,1,99,,93912,18,0,41,1,100,,93920,18,0,41,1
9200,'17',907,,93935,18,0,41,1,107,,93944,18,0,41,1,100,,93939,18,0,41,1,100,,93946,18,0,41,1,100,,93941,18,0,41,1,101,,93945,18,0,41,1,101,,93942,18,0,41,1,23,,93936,52,0,41,1,70,,93934,52,0,41,1,30,,93932,52,0,41,1,72,,93937,52,0,41,1,30,,93931,52,0,41,1,68,,93929,52,0,41,1,30,,93930,18,0,41,1,76,,93940,18,0,41,1,95,,93943,18,0,41,1,99,,93928,18,0,41,1,99,,93933,18,0,41,1,100,,93938,18,0,41,1
9200,'18',907,,93957,18,0,41,1,107,,93962,18,0,41,1,100,,93949,18,0,41,1,100,,93963,18,0,41,1,100,,93954,18,0,41,1,101,,93953,18,0,41,1,101,,93952,18,0,41,1,23,,93961,52,0,41,1,72,,93956,52,0,41,1,30,,93960,52,0,41,1,69,,93955,52,0,41,1,31,,93958,52,0,41,1,68,,93964,52,0,41,1,30,,93950,18,0,41,1,76,,93951,18,0,41,1,95,,93948,18,0,41,1,99,,93959,18,0,41,1,99,,93965,18,0,41,1,100,,93947,18,0,41,1
9200,'19',907,,93973,18,0,41,1,107,,93982,18,0,41,1,100,,93977,18,0,41,1,100,,93984,18,0,41,1,100,,93979,18,0,41,1,101,,93983,18,0,41,1,101,,93980,18,0,41,1,23,,93974,52,0,41,1,70,,93972,52,0,41,1,30,,93970,52,0,41,1,72,,93975,52,0,41,1,30,,93969,52,0,41,1,68,,93967,52,0,41,1,30,,93968,18,0,41,1,76,,93978,18,0,41,1,95,,93981,18,0,41,1,99,,93966,18,0,41,1,99,,93971,18,0,41,1,100,,93976,18,0,41,1
9200,'3',736,,93997,18,,,1,171,,94003,18,0,41,1,107,,93992,18,0,41,1,100,,93994,18,0,41,1,100,,93996,18,0,41,1,100,,93999,18,0,41,1,101,,94005,18,0,41,1,100,,94001,18,0,41,1,24,,93985,52,0,41,1,72,,94002,52,0,41,1,28,,93987,52,0,41,1,70,,94004,52,0,41,1,30,,93989,52,0,41,1,70,,93986,52,0,41,1,30,,93991,18,0,41,1,76,,93995,18,0,41,1,95,,94000,18,0,41,1,99,,93988,18,0,41,1,99,,93990,18,0,41,1,100,,93998,18,0,41,1
9200,'4',736,,94018,18,,,1,171,,94024,18,0,41,1,107,,94013,18,0,41,1,100,,94015,18,0,41,1,100,,94017,18,0,41,1,100,,94020,18,0,41,1,101,,94026,18,0,41,1,100,,94022,18,0,41,1,24,,94006,52,0,41,1,72,,94023,52,0,41,1,28,,94008,52,0,41,1,70,,94025,52,0,41,1,30,,94010,52,0,41,1,70,,94007,52,0,41,1,30,,94012,18,0,41,1,76,,94016,18,0,41,1,95,,94021,18,0,41,1,99,,94009,18,0,41,1,99,,94011,18,0,41,1,100,,94019,18,0,41,1
9200,'5',907,,94034,18,0,41,1,107,,94043,18,0,41,1,100,,94038,18,0,41,1,100,,94045,18,0,41,1,100,,94040,18,0,41,1,101,,94044,18,0,41,1,101,,94041,18,0,41,1,23,,94035,52,0,41,1,70,,94033,52,0,41,1,30,,94031,52,0,41,1,72,,94036,52,0,41,1,30,,94030,52,0,41,1,68,,94028,52,0,41,1,30,,94029,18,0,41,1,76,,94039,18,0,41,1,95,,94042,18,0,41,1,99,,94027,18,0,41,1,99,,94032,18,0,41,1,100,,94037,18,0,41,1
9200,'6',736,,94058,18,,,1,171,,94064,18,0,41,1,107,,94053,18,0,41,1,100,,94055,18,0,41,1,100,,94057,18,0,41,1,100,,94060,18,0,41,1,101,,94066,18,0,41,1,100,,94062,18,0,41,1,24,,94046,52,0,41,1,72,,94063,52,0,41,1,28,,94048,52,0,41,1,70,,94065,52,0,41,1,30,,94050,52,0,41,1,70,,94047,52,0,41,1,30,,94052,18,0,41,1,76,,94056,18,0,41,1,95,,94061,18,0,41,1,99,,94049,18,0,41,1,99,,94051,18,0,41,1,100,,94059,18,0,41,1
9200,'7',907,,94074,18,0,41,1,107,,94083,18,0,41,1,100,,94078,18,0,41,1,100,,94085,18,0,41,1,100,,94080,18,0,41,1,101,,94084,18,0,41,1,101,,94081,18,0,41,1,23,,94075,52,0,41,1,70,,94073,52,0,41,1,30,,94071,52,0,41,1,72,,94076,52,0,41,1,30,,94070,52,0,41,1,68,,94068,52,0,41,1,30,,94069,18,0,41,1,76,,94079,18,0,41,1,95,,94082,18,0,41,1,99,,94067,18,0,41,1,99,,94072,18,0,41,1,100,,94077,18,0,41,1
64001,'10',1530,,118767,26,,,1
64001,'11',1530,,118769,26,,,1
64001,'12',1530,,118771,26,,,1
64001,'15',1530,,118773,26,,,1
64001,'16',1530,,118775,26,,,1
64001,'3',1530,,118777,26,,,1
64001,'4',1530,,118779,26,,,1
64001,'6',1530,,118781,26,,,1
