26501,'10',1630,,117139,42,,,1,72,,117141,42,,,1,29,,117138,42,,,1,70,,117142,42,,,1,30,,117137,42,,,1,70,,117136,42,,,1,25,,117140,42,,,1
26501,'11',1630,,117146,42,,,1,72,,117148,42,,,1,29,,117145,42,,,1,70,,117149,42,,,1,30,,117144,42,,,1,70,,117143,42,,,1,25,,117147,42,,,1
26501,'12',1630,,117153,42,,,1,72,,117155,42,,,1,29,,117152,42,,,1,70,,117156,42,,,1,30,,117151,42,,,1,70,,117150,42,,,1,25,,117154,42,,,1
26501,'13',1629,,117161,42,,,1,72,,117163,42,,,1,30,,117158,42,,,1,70,,117159,42,,,1,30,,117157,42,,,1,70,,117160,42,,,1,25,,117162,42,,,1
26501,'15',1630,,117167,42,,,1,72,,117169,42,,,1,29,,117166,42,,,1,70,,117170,42,,,1,30,,117165,42,,,1,70,,117164,42,,,1,25,,117168,42,,,1
26501,'16',1630,,117174,42,,,1,72,,117176,42,,,1,29,,117173,42,,,1,70,,117177,42,,,1,30,,117172,42,,,1,70,,117171,42,,,1,25,,117175,42,,,1
26501,'17',1629,,117182,42,,,1,72,,117184,42,,,1,30,,117179,42,,,1,70,,117180,42,,,1,30,,117178,42,,,1,70,,117181,42,,,1,25,,117183,42,,,1
26501,'18',1629,,117187,42,,,1,103,,117188,42,,,1,101,,117185,42,,,1,93,,117186,42,,,1
26501,'19',1629,,117193,42,,,1,72,,117195,42,,,1,30,,117190,42,,,1,70,,117191,42,,,1,30,,117189,42,,,1,70,,117192,42,,,1,25,,117194,42,,,1
26501,'3',1630,,117199,42,,,1,72,,117201,42,,,1,29,,117198,42,,,1,70,,117202,42,,,1,30,,117197,42,,,1,70,,117196,42,,,1,25,,117200,42,,,1
26501,'4',1630,,117206,42,,,1,72,,117208,42,,,1,29,,117205,42,,,1,70,,117209,42,,,1,30,,117204,42,,,1,70,,117203,42,,,1,25,,117207,42,,,1
26501,'5',1629,,117214,42,,,1,72,,117216,42,,,1,30,,117211,42,,,1,70,,117212,42,,,1,30,,117210,42,,,1,70,,117213,42,,,1,25,,117215,42,,,1
26501,'6',1630,,117220,42,,,1,72,,117222,42,,,1,29,,117219,42,,,1,70,,117223,42,,,1,30,,117218,42,,,1,70,,117217,42,,,1,25,,117221,42,,,1
26501,'7',1629,,117228,42,,,1,72,,117230,42,,,1,30,,117225,42,,,1,70,,117226,42,,,1,30,,117224,42,,,1,70,,117227,42,,,1,25,,117229,42,,,1
66101,'10',1610,,119158,37,,,1
66101,'11',1610,,119159,37,,,1
66101,'12',1610,,119160,37,,,1
66101,'15',1610,,119161,37,,,1
66101,'16',1610,,119162,37,,,1
66101,'3',1610,,119163,37,,,1
66101,'4',1610,,119164,37,,,1
66101,'6',1610,,119165,37,,,1
66301,'10',1518,,119225,33,,,1,10,,119226,33,,,1,1,,119224,33,,,1
66301,'11',1518,,119230,33,,,1,10,,119231,33,,,1,1,,119229,33,,,1
66301,'12',1518,,119235,33,,,1,10,,119236,33,,,1,1,,119234,33,,,1
66301,'15',1518,,119240,33,,,1,10,,119241,33,,,1,1,,119239,33,,,1
66301,'16',1518,,119245,33,,,1,10,,119246,33,,,1,1,,119244,33,,,1
66301,'3',1518,,119250,33,,,1,10,,119251,33,,,1,1,,119249,33,,,1
66301,'4',1518,,119255,33,,,1,10,,119256,33,,,1,1,,119254,33,,,1
66301,'6',1518,,119260,33,,,1,10,,119261,33,,,1,1,,119259,33,,,1
