26200,'10',540,,642846,,,1,97,,767662,,,1,67,,767663,,,1,50,,611260,,,1
26200,'11',540,,643273,,,1,97,,767664,,,1,67,,767665,,,1,50,,611490,,,1
26200,'12',540,,643450,,,1,97,,767666,,,1,67,,767667,,,1,50,,611591,,,1
26200,'13',540,,767671,,,1,97,,767669,,,1,65,,767668,,,1,52,,767670,,,1
26200,'15',540,,642986,,,1,97,,767672,,,1,67,,767673,,,1,50,,611336,,,1
26200,'16',540,,644037,,,1,97,,767674,,,1,67,,767675,,,1,50,,611925,,,1
26200,'17',540,,767677,,,1,97,,628935,,,1,65,,767676,,,1,52,,620406,,,1
26200,'18',540,,767680,,,1,97,,767679,,,1,66,,767678,,,1,51,,767681,,,1
26200,'19',540,,767685,,,1,97,,767683,,,1,65,,767682,,,1,52,,767684,,,1
26200,'3',540,,643056,,,1,97,,767686,,,1,67,,767687,,,1,50,,611374,,,1
26200,'4',540,,642916,,,1,97,,767688,,,1,67,,767689,,,1,50,,611298,,,1
26200,'5',540,,767692,,,1,97,,767690,,,1,65,,432367,,,1,52,,767691,,,1
26200,'6',540,,643203,,,1,97,,767693,,,1,67,,767694,,,1,50,,611452,,,1
26200,'7',540,,767698,,,1,97,,767696,,,1,65,,767695,,,1,52,,767697,,,1
