1100,'1',833,,304545,12,,,0,72,,232036,12,,,0,28,,304524,12,,,0,72,,267428,12,,,0,30,,304517,12,,,0,69,,304561,12,,,0,29,,304551,12,,,0,70,,241704,12,,,0,30,,304543,12,,,0,70,,304555,12,,,0,30,,304548,12,,,0,67,,304514,12,,,0,29,,304523,12,,,0,29,,304519,12,,,0,65,,304559,12,,,0,31,,304510,12,,,0,70,,304546,12,,,0,35,,199159,12,,,0,70,,304531,12,,,0,21,,304511,12,,,0,68,,304529,12,,,0,27,,304550,12,,,0,72,,304554,12,,,0,33,,243297,12,,,0,73,,304521,12,,,0,30,,242481,12,,,0,73,,304527,12,,,0
1100,'10',849,,304579,12,,,0,70,,304584,12,,,0,30,,226345,12,,,0,71,,304566,12,,,0,30,,304581,12,,,0,70,,258891,12,,,0,30,,304575,12,,,0,70,,304565,12,,,0,30,,292025,12,,,0,70,,254996,12,,,0,30,,304582,12,,,0,70,,276452,12,,,0,30,,304590,12,,,0,70,,264602,12,,,0,30,,304591,12,,,0,70,,304583,12,,,0,30,,304592,12,,,0,70,,304577,12,,,0,30,,304571,12,,,0,70,,304563,12,,,0,30,,304574,12,,,0,70,,304585,12,,,0,30,,217510,12,,,0,69,,304564,12,,,0
1100,'11',833,,304637,12,,,0,72,,304612,12,,,0,28,,304611,12,,,0,102,,304626,12,,,0,69,,304600,12,,,0,29,,304609,12,,,0,70,,304636,12,,,0,30,,304594,12,,,0,100,,304630,12,,,0,67,,304640,12,,,0,29,,278888,12,,,0,29,,304603,12,,,0,67,,304601,12,,,0,29,,304624,12,,,0,70,,304598,12,,,0,34,,132879,12,,,0,70,,214445,12,,,0,22,,304599,12,,,0,68,,304615,12,,,0,27,,304605,12,,,0,72,,304602,12,,,0,33,,214432,12,,,0,73,,304629,12,,,0,30,,304631,12,,,0,73,,304639,12,,,0
1100,'12',917,,304666,12,,,0,101,,304645,12,,,0,30,,255279,12,,,0,70,,228348,12,,,0,30,,304657,12,,,0,70,,304641,12,,,0,30,,304647,12,,,0,70,,304660,12,,,0,30,,304667,12,,,0,70,,129344,12,,,0,30,,169895,12,,,0,70,,304668,12,,,0,30,,257593,12,,,0,70,,304650,12,,,0,30,,304651,12,,,0,70,,304643,12,,,0,30,,304654,12,,,0,70,,304656,12,,,0,30,,304649,12,,,0
1100,'13',833,,304713,12,,,0,72,,304688,12,,,0,28,,304687,12,,,0,102,,304702,12,,,0,69,,304676,12,,,0,29,,304685,12,,,0,70,,304712,12,,,0,30,,304670,12,,,0,100,,304706,12,,,0,67,,304716,12,,,0,29,,278939,12,,,0,29,,304679,12,,,0,67,,304677,12,,,0,29,,304700,12,,,0,70,,304674,12,,,0,34,,132018,12,,,0,70,,214496,12,,,0,22,,304675,12,,,0,68,,304691,12,,,0,27,,304681,12,,,0,72,,304678,12,,,0,33,,214483,12,,,0,73,,304705,12,,,0,30,,304707,12,,,0,73,,304715,12,,,0
1100,'14',833,,304761,12,,,0,72,,304736,12,,,0,28,,304735,12,,,0,102,,304750,12,,,0,69,,304724,12,,,0,29,,304733,12,,,0,70,,304760,12,,,0,30,,304718,12,,,0,100,,304754,12,,,0,67,,304764,12,,,0,29,,279116,12,,,0,29,,304727,12,,,0,67,,304725,12,,,0,29,,304748,12,,,0,70,,304722,12,,,0,34,,132459,12,,,0,70,,214671,12,,,0,22,,304723,12,,,0,68,,304739,12,,,0,27,,304729,12,,,0,72,,304726,12,,,0,33,,214658,12,,,0,73,,304753,12,,,0,30,,304755,12,,,0,73,,304763,12,,,0
1100,'15',917,,304796,12,,,0,101,,304768,12,,,0,30,,304777,12,,,0,70,,304795,12,,,0,30,,304783,12,,,0,70,,304765,12,,,0,30,,304770,12,,,0,70,,304786,12,,,0,30,,304797,12,,,0,70,,304772,12,,,0,30,,304789,12,,,0,70,,304798,12,,,0,30,,304782,12,,,0,70,,304774,12,,,0,30,,304775,12,,,0,70,,247279,12,,,0,30,,304779,12,,,0,70,,304781,12,,,0,30,,261161,12,,,0
1100,'16',849,,304819,12,,,0,70,,304824,12,,,0,30,,304830,12,,,0,71,,304802,12,,,0,30,,304821,12,,,0,70,,304799,12,,,0,30,,304815,12,,,0,70,,304801,12,,,0,30,,304804,12,,,0,70,,304834,12,,,0,30,,304822,12,,,0,70,,304812,12,,,0,30,,304829,12,,,0,70,,304810,12,,,0,30,,304832,12,,,0,70,,304823,12,,,0,30,,304835,12,,,0,70,,304817,12,,,0,30,,304811,12,,,0,70,,263897,12,,,0,30,,282959,12,,,0,70,,304825,12,,,0,30,,304805,12,,,0,69,,304800,12,,,0
1100,'2',833,,272050,12,,,0,72,,304853,12,,,0,28,,304852,12,,,0,102,,226238,12,,,0,69,,256074,12,,,0,29,,304849,12,,,0,70,,304876,12,,,0,30,,304837,12,,,0,100,,304871,12,,,0,67,,2143,12,,,0,29,,304858,12,,,0,29,,304842,12,,,0,67,,256075,12,,,0,29,,304866,12,,,0,70,,146852,12,,,0,34,,304878,12,,,0,70,,304847,12,,,0,22,,304841,12,,,0,68,,304857,12,,,0,27,,304843,12,,,0,72,,208362,12,,,0,33,,304838,12,,,0,73,,304870,12,,,0,30,,140433,12,,,0,73,,304879,12,,,0
1100,'3',833,,304926,12,,,0,72,,255252,12,,,0,28,,211025,12,,,0,102,,304916,12,,,0,69,,304887,12,,,0,29,,304898,12,,,0,70,,304925,12,,,0,30,,304881,12,,,0,100,,90664,12,,,0,67,,304930,12,,,0,29,,304905,12,,,0,29,,304890,12,,,0,67,,304888,12,,,0,29,,290823,12,,,0,70,,304885,12,,,0,34,,304928,12,,,0,70,,304897,12,,,0,22,,304886,12,,,0,68,,304903,12,,,0,27,,304892,12,,,0,72,,304889,12,,,0,33,,304882,12,,,0,73,,304919,12,,,0,30,,304920,12,,,0,73,,304929,12,,,0
1100,'4',833,,304942,12,,,0,72,,304959,12,,,0,28,,304961,12,,,0,72,,304945,12,,,0,30,,304960,12,,,0,69,,304938,12,,,0,29,,304949,12,,,0,70,,304956,12,,,0,30,,304940,12,,,0,70,,304937,12,,,0,30,,304931,12,,,0,67,,304954,12,,,0,29,,304947,12,,,0,29,,304941,12,,,0,67,,304936,12,,,0,29,,304962,12,,,0,70,,304943,12,,,0,35,,304939,12,,,0,70,,304934,12,,,0,29,,304958,12,,,0,60,,304963,12,,,0,27,,304944,12,,,0,72,,304933,12,,,0,33,,145177,12,,,0,73,,276933,12,,,0,30,,304935,12,,,0,73,,233941,12,,,0
1100,'5',833,,305010,12,,,0,72,,255339,12,,,0,28,,211178,12,,,0,102,,305000,12,,,0,69,,304971,12,,,0,29,,304982,12,,,0,70,,305009,12,,,0,30,,304965,12,,,0,100,,286597,12,,,0,67,,305014,12,,,0,29,,304989,12,,,0,29,,304974,12,,,0,67,,304972,12,,,0,29,,290896,12,,,0,70,,304969,12,,,0,34,,305012,12,,,0,70,,304981,12,,,0,22,,304970,12,,,0,68,,304987,12,,,0,27,,304976,12,,,0,72,,304973,12,,,0,33,,304966,12,,,0,73,,305003,12,,,0,30,,305004,12,,,0,73,,305013,12,,,0
1100,'6',833,,305059,12,,,0,72,,305034,12,,,0,28,,305033,12,,,0,102,,305048,12,,,0,69,,305022,12,,,0,29,,305031,12,,,0,70,,305058,12,,,0,30,,305016,12,,,0,100,,305052,12,,,0,67,,305062,12,,,0,29,,278576,12,,,0,29,,305025,12,,,0,67,,305023,12,,,0,29,,305046,12,,,0,70,,305020,12,,,0,34,,132760,12,,,0,70,,214165,12,,,0,22,,305021,12,,,0,68,,305037,12,,,0,27,,305027,12,,,0,72,,305024,12,,,0,33,,214152,12,,,0,73,,305051,12,,,0,30,,305053,12,,,0,73,,305061,12,,,0
1100,'7',833,,271963,12,,,0,72,,305080,12,,,0,28,,305079,12,,,0,102,,226106,12,,,0,69,,255977,12,,,0,29,,305076,12,,,0,70,,305103,12,,,0,30,,305064,12,,,0,100,,305098,12,,,0,67,,180095,12,,,0,29,,305085,12,,,0,29,,305069,12,,,0,67,,255978,12,,,0,29,,305093,12,,,0,70,,146900,12,,,0,34,,305105,12,,,0,70,,305074,12,,,0,22,,305068,12,,,0,68,,305084,12,,,0,27,,305070,12,,,0,72,,208189,12,,,0,33,,305065,12,,,0,73,,305097,12,,,0,30,,10386,12,,,0,73,,305106,12,,,0
1100,'8',917,,305132,12,,,0,101,,305111,12,,,0,30,,255678,12,,,0,70,,144166,12,,,0,30,,305123,12,,,0,70,,305107,12,,,0,30,,305113,12,,,0,70,,305126,12,,,0,30,,305133,12,,,0,70,,264877,12,,,0,30,,269462,12,,,0,70,,305134,12,,,0,30,,258210,12,,,0,70,,305116,12,,,0,30,,305117,12,,,0,70,,305109,12,,,0,30,,305120,12,,,0,70,,305122,12,,,0,30,,305115,12,,,0
1100,'9',833,,305179,12,,,0,72,,305154,12,,,0,28,,305153,12,,,0,102,,305168,12,,,0,69,,305142,12,,,0,29,,305151,12,,,0,70,,305178,12,,,0,30,,305136,12,,,0,100,,305172,12,,,0,67,,305182,12,,,0,29,,278440,12,,,0,29,,305145,12,,,0,67,,305143,12,,,0,29,,305166,12,,,0,70,,305140,12,,,0,34,,132522,12,,,0,70,,214030,12,,,0,22,,305141,12,,,0,68,,305157,12,,,0,27,,305147,12,,,0,72,,305144,12,,,0,33,,214017,12,,,0,73,,305171,12,,,0,30,,305173,12,,,0,73,,305181,12,,,0
5100,'1',546,,213668,19,,,0,99,,332570,19,,,0,67,,332569,19,,,0,39,,332568,19,,,0,70,,332571,19,,,0,32,,332582,19,,,0,68,,332591,19,,,0,30,,332588,19,,,0,68,,332587,11,,,0,30,,332575,11,,,0,70,,332585,11,,,0,30,,332578,11,,,0,70,,332584,11,,,0,30,,332589,11,,,0,70,,332573,11,,,0,30,,332576,11,,,0,70,,238870,11,,,0,30,,332592,11,,,0,70,,332572,11,,,0,35,,206794,11,,,0,70,,332581,11,,,0,30,,332586,11,,,0,70,,332567,11,,,0,30,,248286,11,,,0,70,,332580,11,,,0,30,,332577,11,,,0,64,,332574,11,,,0,29,,332579,11,,,0,68,,332590,11,,,0,30,,222966,11,,,0,70,,1307,11,,,0,30,,332583,11,,,0,71,,245105,11,,,0
5100,'10',640,,332596,11,,,0,100,,332594,11,,,0,70,,332613,11,,,0,30,,332610,11,,,0,70,,332597,11,,,0,30,,246714,11,,,0,71,,241037,11,,,0,30,,332616,11,,,0,70,,332612,11,,,0,30,,332615,11,,,0,70,,332617,11,,,0,30,,332604,11,,,0,70,,212713,11,,,0,30,,332603,11,,,0,70,,332619,11,,,0,30,,332611,11,,,0,70,,332606,11,,,0,30,,332605,11,,,0,70,,332607,11,,,0,30,,332593,11,,,0,70,,332609,11,,,0,30,,332601,11,,,0,69,,332614,11,,,0,30,,332608,11,,,0,100,,332595,11,,,0,100,,332618,11,,,0,100,,332602,11,,,0,102,,332598,11,,,0
5100,'11',546,,332632,19,,,0,99,,332641,19,,,0,106,,332648,19,,,0,70,,274927,19,,,0,100,,332628,19,,,0,30,,332647,19,,,0,68,,332645,11,,,0,30,,332646,11,,,0,70,,332622,11,,,0,30,,332639,11,,,0,70,,280277,11,,,0,30,,208645,11,,,0,70,,332634,11,,,0,30,,332642,11,,,0,70,,332633,11,,,0,30,,332643,11,,,0,70,,332630,11,,,0,35,,332624,11,,,0,70,,332620,11,,,0,30,,332635,11,,,0,70,,332621,11,,,0,30,,332644,11,,,0,70,,332636,11,,,0,30,,332626,11,,,0,64,,332640,11,,,0,29,,332629,11,,,0,68,,332625,11,,,0,30,,332631,11,,,0,70,,249673,11,,,0,30,,332637,11,,,0,71,,332623,11,,,0
5100,'12',805,,332651,11,,,0,100,,193913,11,,,0,30,,332669,11,,,0,71,,332649,11,,,0,30,,332661,11,,,0,70,,332660,11,,,0,30,,332663,11,,,0,70,,332655,11,,,0,30,,332670,11,,,0,70,,332665,11,,,0,30,,332664,11,,,0,70,,332671,11,,,0,30,,332652,11,,,0,70,,332662,11,,,0,30,,332656,11,,,0,70,,332672,11,,,0,30,,332650,11,,,0,70,,332657,11,,,0,30,,213498,11,,,0,69,,332666,11,,,0,30,,332673,11,,,0,70,,332659,11,,,0,30,,332653,11,,,0,70,,332654,11,,,0,100,,207233,11,,,0,100,,332667,11,,,0,100,,332658,11,,,0
5100,'13',546,,332686,19,,,0,99,,332695,19,,,0,106,,332702,19,,,0,70,,274995,19,,,0,100,,332682,19,,,0,30,,332701,19,,,0,68,,332699,11,,,0,30,,332700,11,,,0,70,,332676,11,,,0,30,,332693,11,,,0,70,,280302,11,,,0,30,,208700,11,,,0,70,,332688,11,,,0,30,,332696,11,,,0,70,,332687,11,,,0,30,,332697,11,,,0,70,,332684,11,,,0,35,,332678,11,,,0,70,,332674,11,,,0,30,,332689,11,,,0,70,,332675,11,,,0,30,,332698,11,,,0,70,,332690,11,,,0,30,,332680,11,,,0,64,,332694,11,,,0,29,,332683,11,,,0,68,,332679,11,,,0,30,,332685,11,,,0,70,,249709,11,,,0,30,,332691,11,,,0,71,,332677,11,,,0
5100,'14',546,,332715,19,,,0,99,,332724,19,,,0,106,,332731,19,,,0,70,,275267,19,,,0,100,,332711,19,,,0,30,,332730,19,,,0,68,,332728,11,,,0,30,,332729,11,,,0,70,,332705,11,,,0,30,,332722,11,,,0,70,,280402,11,,,0,30,,208937,11,,,0,70,,332717,11,,,0,30,,332725,11,,,0,70,,332716,11,,,0,30,,332726,11,,,0,70,,332713,11,,,0,35,,332707,11,,,0,70,,332703,11,,,0,30,,332718,11,,,0,70,,332704,11,,,0,30,,332727,11,,,0,70,,332719,11,,,0,30,,332709,11,,,0,64,,332723,11,,,0,29,,332712,11,,,0,68,,332708,11,,,0,30,,332714,11,,,0,70,,249867,11,,,0,30,,332720,11,,,0,71,,332706,11,,,0
5100,'15',805,,332732,11,,,0,100,,332751,11,,,0,30,,332750,11,,,0,71,,264930,11,,,0,30,,332743,11,,,0,70,,296437,11,,,0,30,,332745,11,,,0,70,,332737,11,,,0,30,,332752,11,,,0,70,,332746,11,,,0,30,,234048,11,,,0,70,,332753,11,,,0,30,,332734,11,,,0,70,,332744,11,,,0,30,,332738,11,,,0,70,,332754,11,,,0,30,,246406,11,,,0,70,,332739,11,,,0,30,,332742,11,,,0,69,,332747,11,,,0,30,,332755,11,,,0,70,,332741,11,,,0,30,,332735,11,,,0,70,,332736,11,,,0,100,,332733,11,,,0,100,,332748,11,,,0,100,,332740,11,,,0
5100,'16',640,,332759,11,,,0,100,,332757,11,,,0,70,,216191,11,,,0,30,,332774,11,,,0,70,,274212,11,,,0,30,,332778,11,,,0,71,,332762,11,,,0,30,,332781,11,,,0,70,,332776,11,,,0,30,,332780,11,,,0,70,,332782,11,,,0,30,,332768,11,,,0,70,,332777,11,,,0,30,,332767,11,,,0,70,,150464,11,,,0,30,,332775,11,,,0,70,,332770,11,,,0,30,,332769,11,,,0,70,,332771,11,,,0,30,,332756,11,,,0,70,,332773,11,,,0,30,,332765,11,,,0,69,,332779,11,,,0,30,,332772,11,,,0,100,,332758,11,,,0,100,,332783,11,,,0,100,,332766,11,,,0,102,,332761,11,,,0
5100,'2',546,,332794,19,,,0,99,,332800,19,,,0,106,,332807,19,,,0,70,,332790,19,,,0,100,,332791,19,,,0,30,,332806,19,,,0,68,,332804,11,,,0,30,,332805,11,,,0,70,,332784,11,,,0,30,,332798,11,,,0,70,,332793,11,,,0,30,,332808,11,,,0,70,,332796,11,,,0,30,,332801,11,,,0,70,,332795,11,,,0,30,,332802,11,,,0,70,,167803,11,,,0,35,,332785,11,,,0,70,,242393,11,,,0,30,,119879,11,,,0,70,,261510,11,,,0,30,,332803,11,,,0,70,,232940,11,,,0,30,,332788,11,,,0,64,,332799,11,,,0,29,,293968,11,,,0,68,,332786,11,,,0,30,,332792,11,,,0,70,,332787,11,,,0,30,,332797,11,,,0,71,,264439,11,,,0
5100,'3',546,,332823,19,,,0,99,,34492,19,,,0,106,,332835,19,,,0,70,,332817,19,,,0,100,,332818,19,,,0,30,,332834,19,,,0,68,,332832,11,,,0,30,,332833,11,,,0,70,,239336,11,,,0,30,,262776,11,,,0,70,,332822,11,,,0,30,,332836,11,,,0,70,,332824,11,,,0,30,,332829,11,,,0,70,,222765,11,,,0,30,,332830,11,,,0,70,,332820,11,,,0,35,,332812,11,,,0,70,,332809,11,,,0,30,,332825,11,,,0,70,,332810,11,,,0,30,,332831,11,,,0,70,,332826,11,,,0,30,,332815,11,,,0,64,,332828,11,,,0,29,,332819,11,,,0,68,,332813,11,,,0,30,,332821,11,,,0,70,,332814,11,,,0,30,,207982,11,,,0,71,,332811,11,,,0
5100,'4',546,,332858,19,,,0,99,,332856,19,,,0,67,,212201,19,,,0,38,,332853,19,,,0,71,,332854,19,,,0,31,,332844,19,,,0,69,,332861,19,,,0,30,,332839,19,,,0,68,,332857,11,,,0,30,,278817,11,,,0,70,,196497,11,,,0,30,,288357,11,,,0,70,,332851,11,,,0,30,,225093,11,,,0,70,,284266,11,,,0,30,,332847,11,,,0,70,,332840,11,,,0,30,,332843,11,,,0,70,,332848,11,,,0,35,,332841,11,,,0,70,,332845,11,,,0,30,,332855,11,,,0,70,,332846,11,,,0,30,,292071,11,,,0,70,,295814,11,,,0,30,,332837,11,,,0,64,,332842,11,,,0,29,,332860,11,,,0,68,,332838,11,,,0,30,,332850,11,,,0,70,,332849,11,,,0,30,,332852,11,,,0,71,,332859,11,,,0
5100,'5',546,,332876,19,,,0,99,,251201,19,,,0,106,,332888,19,,,0,70,,332870,19,,,0,100,,332871,19,,,0,30,,332887,19,,,0,68,,332885,11,,,0,30,,332886,11,,,0,70,,239455,11,,,0,30,,72546,11,,,0,70,,332875,11,,,0,30,,332889,11,,,0,70,,332877,11,,,0,30,,332882,11,,,0,70,,222841,11,,,0,30,,332883,11,,,0,70,,332873,11,,,0,35,,332865,11,,,0,70,,332862,11,,,0,30,,332878,11,,,0,70,,332863,11,,,0,30,,332884,11,,,0,70,,332879,11,,,0,30,,332868,11,,,0,64,,332881,11,,,0,29,,332872,11,,,0,68,,332866,11,,,0,30,,332874,11,,,0,70,,332867,11,,,0,30,,208152,11,,,0,71,,332864,11,,,0
5100,'6',546,,332902,19,,,0,99,,332911,19,,,0,106,,332918,19,,,0,70,,274553,19,,,0,100,,332898,19,,,0,30,,332917,19,,,0,68,,332915,11,,,0,30,,332916,11,,,0,70,,332892,11,,,0,30,,332909,11,,,0,70,,280109,11,,,0,30,,208284,11,,,0,70,,332904,11,,,0,30,,332912,11,,,0,70,,332903,11,,,0,30,,332913,11,,,0,70,,332900,11,,,0,35,,332894,11,,,0,70,,332890,11,,,0,30,,332905,11,,,0,70,,332891,11,,,0,30,,332914,11,,,0,70,,332906,11,,,0,30,,332896,11,,,0,64,,332910,11,,,0,29,,332899,11,,,0,68,,332895,11,,,0,30,,332901,11,,,0,70,,249463,11,,,0,30,,332907,11,,,0,71,,332893,11,,,0
5100,'7',546,,332929,19,,,0,99,,332935,19,,,0,106,,332942,19,,,0,70,,332925,19,,,0,100,,332926,19,,,0,30,,332941,19,,,0,68,,332939,11,,,0,30,,332940,11,,,0,70,,332919,11,,,0,30,,332933,11,,,0,70,,332928,11,,,0,30,,332943,11,,,0,70,,332931,11,,,0,30,,332936,11,,,0,70,,332930,11,,,0,30,,332937,11,,,0,70,,167871,11,,,0,35,,332920,11,,,0,70,,242258,11,,,0,30,,134387,11,,,0,70,,261398,11,,,0,30,,332938,11,,,0,70,,232855,11,,,0,30,,332923,11,,,0,64,,332934,11,,,0,29,,293958,11,,,0,68,,332921,11,,,0,30,,332927,11,,,0,70,,332922,11,,,0,30,,332932,11,,,0,71,,264236,11,,,0
5100,'8',805,,332946,11,,,0,100,,213823,11,,,0,30,,332964,11,,,0,71,,332944,11,,,0,30,,332956,11,,,0,70,,332955,11,,,0,30,,332958,11,,,0,70,,332950,11,,,0,30,,332965,11,,,0,70,,332960,11,,,0,30,,332959,11,,,0,70,,332966,11,,,0,30,,332947,11,,,0,70,,332957,11,,,0,30,,332951,11,,,0,70,,332967,11,,,0,30,,332945,11,,,0,70,,332952,11,,,0,30,,213815,11,,,0,69,,332961,11,,,0,30,,332968,11,,,0,70,,332954,11,,,0,30,,332948,11,,,0,70,,332949,11,,,0,100,,207722,11,,,0,100,,332962,11,,,0,100,,332953,11,,,0
5100,'9',546,,332981,19,,,0,99,,332990,19,,,0,106,,332997,19,,,0,70,,274372,19,,,0,100,,332977,19,,,0,30,,332996,19,,,0,68,,332994,11,,,0,30,,332995,11,,,0,70,,332971,11,,,0,30,,332988,11,,,0,70,,280031,11,,,0,30,,208107,11,,,0,70,,332983,11,,,0,30,,332991,11,,,0,70,,332982,11,,,0,30,,332992,11,,,0,70,,332979,11,,,0,35,,332973,11,,,0,70,,332969,11,,,0,30,,332984,11,,,0,70,,332970,11,,,0,30,,332993,11,,,0,70,,332985,11,,,0,30,,332975,11,,,0,64,,332989,11,,,0,29,,332978,11,,,0,68,,332974,11,,,0,30,,332980,11,,,0,70,,249365,11,,,0,30,,332986,11,,,0,71,,332972,11,,,0
