3601,'1',653,,238124,28,,,0,70,,250772,28,,,0,32,,320631,28,,,0,70,,320630,28,,,0,28,,320614,28,,,0,69,,320637,28,,,0,30,,320632,28,,,0,70,,320623,28,,,0,30,,320636,28,,,0,70,,211452,28,,,0,30,,320635,28,,,0,70,,320625,28,,,0,31,,320627,28,,,0,70,,320617,28,,,0,30,,320622,28,,,0,70,,320618,28,,,0,30,,320633,28,,,0,70,,320628,28,,,0,32,,229544,28,,,0,70,,320616,28,,,0,30,,320629,28,,,0,68,,248292,28,,,0,30,,320634,28,,,0,70,,226277,28,,,0,30,,320621,28,,,0,69,,231549,28,,,0,30,,320619,28,,,0,70,,261024,28,,,0,30,,320624,28,,,0,70,,277476,28,,,0,30,,320620,28,,,0,99,,320626,28,,,0,100,,320615,28,,,0
3601,'10',648,,320638,28,,,0,100,,320644,28,,,0,70,,128596,28,,,0,30,,320640,28,,,0,70,,320655,28,,,0,30,,263391,28,,,0,70,,253838,28,,,0,30,,320651,28,,,0,70,,320664,28,,,0,32,,320663,28,,,0,70,,320656,28,,,0,30,,320639,28,,,0,70,,320646,28,,,0,30,,320642,28,,,0,70,,320652,28,,,0,30,,320643,28,,,0,70,,320657,28,,,0,30,,320654,28,,,0,70,,320660,28,,,0,30,,320659,28,,,0,70,,320645,28,,,0,30,,320658,28,,,0,70,,320653,28,,,0,30,,320650,28,,,0,68,,320648,28,,,0,30,,320662,28,,,0,70,,320661,28,,,0,30,,320649,28,,,0,70,,320641,28,,,0,100,,320647,28,,,0,100,,283391,28,,,0
3601,'11',653,,320672,28,,,0,70,,320677,28,,,0,32,,320690,28,,,0,70,,320686,28,,,0,28,,320682,28,,,0,69,,219247,28,,,0,30,,253178,28,,,0,70,,320687,28,,,0,30,,320680,28,,,0,70,,207671,28,,,0,30,,320671,28,,,0,70,,320676,28,,,0,31,,320670,28,,,0,70,,290119,28,,,0,30,,320689,28,,,0,70,,320669,28,,,0,3,,241076,15,0,26,0,27,,320668,28,,,0,70,,320675,28,,,0,32,,320665,28,,,0,70,,320688,28,,,0,30,,320684,28,,,0,68,,320691,28,,,0,30,,320685,28,,,0,70,,320678,28,,,0,30,,255614,28,,,0,69,,320681,28,,,0,30,,320679,28,,,0,70,,320667,28,,,0,30,,320666,28,,,0,70,,320683,28,,,0,30,,221528,28,,,0,99,,320673,28,,,0,100,,320674,28,,,0
3601,'12',823,,320706,28,,,0,100,,320693,28,,,0,100,,320707,28,,,0,30,,320702,28,,,0,70,,162015,28,,,0,32,,320708,28,,,0,70,,320704,28,,,0,30,,320692,28,,,0,70,,320699,28,,,0,30,,320709,28,,,0,70,,320703,28,,,0,30,,320712,28,,,0,70,,320701,28,,,0,30,,196399,28,,,0,70,,320694,28,,,0,30,,320697,28,,,0,70,,320710,28,,,0,30,,320700,28,,,0,70,,320698,28,,,0,30,,320696,28,,,0,68,,320705,28,,,0,30,,320695,28,,,0,100,,320711,28,,,0
3601,'13',653,,320720,28,,,0,70,,320725,28,,,0,32,,320738,28,,,0,70,,320734,28,,,0,28,,320730,28,,,0,69,,219276,28,,,0,30,,253229,28,,,0,70,,320735,28,,,0,30,,320728,28,,,0,70,,207709,28,,,0,30,,320719,28,,,0,70,,320724,28,,,0,31,,320718,28,,,0,70,,290148,28,,,0,30,,320737,28,,,0,70,,320717,28,,,0,3,,241087,15,0,26,0,27,,320716,28,,,0,70,,320723,28,,,0,32,,320713,28,,,0,70,,320736,28,,,0,30,,320732,28,,,0,68,,320739,28,,,0,30,,320733,28,,,0,70,,320726,28,,,0,30,,255652,28,,,0,69,,320729,28,,,0,30,,320727,28,,,0,70,,320715,28,,,0,30,,320714,28,,,0,70,,320731,28,,,0,30,,221550,28,,,0,99,,320721,28,,,0,100,,320722,28,,,0
3601,'14',653,,320747,28,,,0,70,,320752,28,,,0,32,,320765,28,,,0,70,,320761,28,,,0,28,,320757,28,,,0,69,,219334,28,,,0,30,,253430,28,,,0,70,,320762,28,,,0,30,,320755,28,,,0,70,,207868,28,,,0,30,,320746,28,,,0,70,,320751,28,,,0,31,,320745,28,,,0,70,,290249,28,,,0,30,,320764,28,,,0,70,,320744,28,,,0,3,,241132,15,0,26,0,27,,320743,28,,,0,70,,320750,28,,,0,32,,320740,28,,,0,70,,320763,28,,,0,30,,320759,28,,,0,68,,320766,28,,,0,30,,320760,28,,,0,70,,320753,28,,,0,30,,255809,28,,,0,69,,320756,28,,,0,30,,320754,28,,,0,70,,320742,28,,,0,30,,320741,28,,,0,70,,320758,28,,,0,30,,221616,28,,,0,99,,320748,28,,,0,100,,320749,28,,,0
3601,'15',823,,320777,28,,,0,100,,320767,28,,,0,100,,207065,28,,,0,30,,320774,28,,,0,70,,320782,28,,,0,32,,320778,28,,,0,70,,254081,28,,,0,30,,34530,28,,,0,70,,320771,28,,,0,30,,320780,28,,,0,70,,320775,28,,,0,30,,320784,28,,,0,70,,320773,28,,,0,30,,320779,28,,,0,70,,320768,28,,,0,30,,253305,28,,,0,70,,320781,28,,,0,30,,320772,28,,,0,70,,320770,28,,,0,30,,268757,28,,,0,68,,320776,28,,,0,30,,320769,28,,,0,100,,320783,28,,,0
3601,'16',648,,320786,28,,,0,100,,320792,28,,,0,70,,320793,28,,,0,30,,320788,28,,,0,70,,320804,28,,,0,30,,320809,28,,,0,70,,320785,28,,,0,30,,320799,28,,,0,70,,320814,28,,,0,32,,320813,28,,,0,70,,320805,28,,,0,30,,320787,28,,,0,70,,320795,28,,,0,30,,320790,28,,,0,70,,320801,28,,,0,30,,320791,28,,,0,70,,320806,28,,,0,30,,320803,28,,,0,70,,320810,28,,,0,30,,320808,28,,,0,70,,320794,28,,,0,30,,320807,28,,,0,70,,320802,28,,,0,30,,320798,28,,,0,68,,320797,28,,,0,30,,320812,28,,,0,70,,320811,28,,,0,30,,185950,28,,,0,70,,320789,28,,,0,100,,320796,28,,,0,100,,320800,28,,,0
3601,'2',653,,320820,28,,,0,70,,320823,28,,,0,32,,320841,28,,,0,70,,258808,28,,,0,28,,320833,28,,,0,69,,320824,28,,,0,30,,320828,28,,,0,70,,320839,28,,,0,30,,320831,28,,,0,70,,320836,28,,,0,30,,188996,28,,,0,70,,288295,28,,,0,31,,320819,28,,,0,70,,320825,28,,,0,30,,320840,28,,,0,70,,208355,28,,,0,3,,320834,15,0,26,0,27,,320818,28,,,0,70,,320822,28,,,0,32,,320815,28,,,0,70,,152179,28,,,0,30,,320837,28,,,0,68,,70588,28,,,0,30,,320838,28,,,0,70,,320827,28,,,0,30,,320826,28,,,0,69,,320832,28,,,0,30,,320830,28,,,0,70,,320817,28,,,0,30,,320816,28,,,0,70,,320835,28,,,0,30,,320829,28,,,0,99,,320821,28,,,0,100,,252986,28,,,0
3601,'3',653,,320848,28,,,0,70,,320853,28,,,0,32,,320871,28,,,0,70,,320867,28,,,0,28,,320862,28,,,0,69,,320854,28,,,0,30,,320858,28,,,0,70,,320868,28,,,0,30,,320861,28,,,0,70,,320864,28,,,0,30,,320847,28,,,0,70,,320852,28,,,0,31,,320846,28,,,0,70,,320855,28,,,0,30,,320870,28,,,0,70,,320845,28,,,0,3,,320863,15,0,26,0,27,,320844,28,,,0,70,,320851,28,,,0,32,,320842,28,,,0,70,,320869,28,,,0,30,,320865,28,,,0,68,,320872,28,,,0,30,,320866,28,,,0,70,,320857,28,,,0,30,,320856,28,,,0,69,,153288,28,,,0,30,,320860,28,,,0,70,,261277,28,,,0,30,,320843,28,,,0,70,,262008,28,,,0,30,,320859,28,,,0,99,,320849,28,,,0,100,,320850,28,,,0
3601,'4',653,,320876,28,,,0,70,,148032,28,,,0,32,,320874,28,,,0,70,,255576,28,,,0,28,,260349,28,,,0,69,,320885,28,,,0,30,,320878,28,,,0,70,,320881,28,,,0,30,,320895,28,,,0,70,,320875,28,,,0,30,,320889,28,,,0,70,,215111,28,,,0,31,,320873,28,,,0,70,,218670,28,,,0,30,,320880,28,,,0,70,,320879,28,,,0,30,,320886,28,,,0,70,,320882,28,,,0,32,,320877,28,,,0,70,,320890,28,,,0,30,,320887,28,,,0,68,,320896,28,,,0,30,,129814,28,,,0,70,,236512,28,,,0,30,,320894,28,,,0,69,,320891,28,,,0,30,,320893,28,,,0,70,,320888,28,,,0,30,,320892,28,,,0,70,,249014,28,,,0,30,,269325,28,,,0,99,,320883,28,,,0,100,,320884,28,,,0
3601,'5',653,,320903,28,,,0,70,,320908,28,,,0,32,,320926,28,,,0,70,,320922,28,,,0,28,,320917,28,,,0,69,,320909,28,,,0,30,,320913,28,,,0,70,,320923,28,,,0,30,,320916,28,,,0,70,,320919,28,,,0,30,,320902,28,,,0,70,,320907,28,,,0,31,,320901,28,,,0,70,,320910,28,,,0,30,,320925,28,,,0,70,,320900,28,,,0,3,,320918,15,0,26,0,27,,320899,28,,,0,70,,320906,28,,,0,32,,320897,28,,,0,70,,320924,28,,,0,30,,320920,28,,,0,68,,320927,28,,,0,30,,320921,28,,,0,70,,320912,28,,,0,30,,320911,28,,,0,69,,275460,28,,,0,30,,320915,28,,,0,70,,261372,28,,,0,30,,320898,28,,,0,70,,262102,28,,,0,30,,320914,28,,,0,99,,320904,28,,,0,100,,320905,28,,,0
3601,'6',653,,320935,28,,,0,70,,320940,28,,,0,32,,320953,28,,,0,70,,320949,28,,,0,28,,320945,28,,,0,69,,219117,28,,,0,30,,252909,28,,,0,70,,320950,28,,,0,30,,320943,28,,,0,70,,207402,28,,,0,30,,320934,28,,,0,70,,320939,28,,,0,31,,320933,28,,,0,70,,289961,28,,,0,30,,320952,28,,,0,70,,320932,28,,,0,3,,241003,15,0,26,0,27,,320931,28,,,0,70,,320938,28,,,0,32,,320928,28,,,0,70,,320951,28,,,0,30,,320947,28,,,0,68,,320954,28,,,0,30,,320948,28,,,0,70,,320941,28,,,0,30,,255409,28,,,0,69,,320944,28,,,0,30,,320942,28,,,0,70,,320930,28,,,0,30,,320929,28,,,0,70,,320946,28,,,0,30,,221428,28,,,0,99,,320936,28,,,0,100,,320937,28,,,0
3601,'7',653,,320960,28,,,0,70,,320963,28,,,0,32,,320981,28,,,0,70,,258675,28,,,0,28,,320973,28,,,0,69,,320964,28,,,0,30,,320968,28,,,0,70,,320979,28,,,0,30,,320971,28,,,0,70,,320976,28,,,0,30,,189079,28,,,0,70,,288248,28,,,0,31,,320959,28,,,0,70,,320965,28,,,0,30,,320980,28,,,0,70,,208182,28,,,0,3,,320974,15,0,26,0,27,,320958,28,,,0,70,,320962,28,,,0,32,,320955,28,,,0,70,,77541,28,,,0,30,,320977,28,,,0,68,,159039,28,,,0,30,,320978,28,,,0,70,,320967,28,,,0,30,,320966,28,,,0,69,,320972,28,,,0,30,,320970,28,,,0,70,,320957,28,,,0,30,,320956,28,,,0,70,,320975,28,,,0,30,,320969,28,,,0,99,,320961,28,,,0,100,,252852,28,,,0
3601,'8',823,,320996,28,,,0,100,,320983,28,,,0,100,,320997,28,,,0,30,,320992,28,,,0,70,,229189,28,,,0,32,,320998,28,,,0,70,,320994,28,,,0,30,,320982,28,,,0,70,,320989,28,,,0,30,,320999,28,,,0,70,,320993,28,,,0,30,,321002,28,,,0,70,,320991,28,,,0,30,,225202,28,,,0,70,,320984,28,,,0,30,,320987,28,,,0,70,,321000,28,,,0,30,,320990,28,,,0,70,,320988,28,,,0,30,,320986,28,,,0,68,,320995,28,,,0,30,,320985,28,,,0,100,,321001,28,,,0
3601,'9',653,,321010,28,,,0,70,,321015,28,,,0,32,,321028,28,,,0,70,,321024,28,,,0,28,,321020,28,,,0,69,,219062,28,,,0,30,,252780,28,,,0,70,,321025,28,,,0,30,,321018,28,,,0,70,,207285,28,,,0,30,,321009,28,,,0,70,,321014,28,,,0,31,,321008,28,,,0,70,,289883,28,,,0,30,,321027,28,,,0,70,,321007,28,,,0,3,,240978,15,0,26,0,27,,321006,28,,,0,70,,321013,28,,,0,32,,321003,28,,,0,70,,321026,28,,,0,30,,321022,28,,,0,68,,321029,28,,,0,30,,321023,28,,,0,70,,321016,28,,,0,30,,255312,28,,,0,69,,321019,28,,,0,30,,321017,28,,,0,70,,321005,28,,,0,30,,321004,28,,,0,70,,321021,28,,,0,30,,221388,28,,,0,99,,321011,28,,,0,100,,321012,28,,,0
