2100,'1',714,,312708,7,,,0,102,,312709,7,,,0,29,,279483,7,,,0
2100,'11',714,,312710,7,,,0,100,,312712,7,,,0,31,,312711,7,,,0
2100,'13',714,,312713,7,,,0,100,,312715,7,,,0,31,,312714,7,,,0
2100,'14',714,,312716,7,,,0,100,,312718,7,,,0,31,,312717,7,,,0
2100,'2',714,,312719,7,,,0,100,,312721,7,,,0,31,,312720,7,,,0
2100,'3',714,,312722,7,,,0,100,,312724,7,,,0,31,,312723,7,,,0
2100,'4',714,,312727,7,,,0,102,,312725,7,,,0,29,,312726,7,,,0
2100,'5',714,,312728,7,,,0,100,,312730,7,,,0,31,,312729,7,,,0
2100,'6',714,,312731,7,,,0,100,,312733,7,,,0,31,,312732,7,,,0
2100,'7',714,,312734,7,,,0,100,,312736,7,,,0,31,,312735,7,,,0
2100,'9',714,,312737,7,,,0,100,,312739,7,,,0,31,,312738,7,,,0
2101,'1',1605,,312741,2,,,0,100,,312740,2,,,0
2101,'11',1605,,312743,2,,,0,101,,312742,2,,,0
2101,'13',1605,,312745,2,,,0,101,,312744,2,,,0
2101,'14',1605,,312747,2,,,0,101,,312746,2,,,0
2101,'2',1605,,312749,2,,,0,101,,312748,2,,,0
2101,'3',1605,,312750,2,,,0,101,,280446,2,,,0
2101,'4',1605,,283446,2,,,0,101,,312751,2,,,0
2101,'5',1605,,312752,2,,,0,101,,16250,2,,,0
2101,'6',1605,,312754,2,,,0,101,,312753,2,,,0
2101,'7',1605,,312756,2,,,0,101,,312755,2,,,0
2101,'9',1605,,312758,2,,,0,101,,312757,2,,,0
