3101,'1',626,,39169,36,,,1,78,,142721,36,,,1,30,,19425,36,,,1,70,,142712,36,,,1,2,,142714,28,0,23 24,1,2,,142719,28,0,23 24,1,29,,142715,36,,,1,67,,39202,36,,,1,26,,142722,36,,,1,70,,142706,36,,,1,30,,142704,36,,,1,70,,76830,36,,,1,30,,57222,36,,,1,70,,142711,36,,,1,31,,68190,36,,,1,70,,142713,36,,,1,30,,1146,36,,,1,70,,142720,36,,,1,30,,142723,36,,,1,73,,142718,36,,,1,32,,142708,36,,,1,70,,142717,36,,,1,31,,142703,36,,,1,69,,142710,36,,,1,29,,142716,36,,,1,70,,142724,36,,,1,28,,63813,36,,,1,67,,73202,36,,,1,27,,142705,36,,,1,30,,26995,36,,,1,69,,119181,36,,,1,30,,142726,36,,,1,69,,142707,36,,,1,30,,142725,36,,,1,64,,142709,36,,,1
3101,'10',626,,39697,36,,,1,78,,142733,36,,,1,30,,92172,36,,,1,70,,142738,36,,,1,33,,142746,36,,,1,67,,142735,36,,,1,26,,142730,36,,,1,70,,60966,36,,,1,30,,142745,36,,,1,70,,142727,36,,,1,30,,142744,36,,,1,70,,142728,36,,,1,31,,142737,36,,,1,70,,3975,36,,,1,30,,142750,36,,,1,70,,142732,36,,,1,30,,99752,36,,,1,73,,142748,36,,,1,32,,104630,36,,,1,70,,142731,36,,,1,30,,142742,36,,,1,72,,142743,36,,,1,27,,142747,36,,,1,70,,80625,36,,,1,28,,21187,36,,,1,67,,142729,36,,,1,27,,142740,36,,,1,30,,142749,36,,,1,69,,142739,36,,,1,30,,58366,36,,,1,69,,142734,36,,,1,30,,142741,36,,,1,64,,142736,36,,,1
3101,'11',832,,142752,36,,,1,101,,142766,36,,,1,100,,142759,36,,,1,71,,142769,36,,,1,30,,142756,36,,,1,70,,142770,36,,,1,31,,87373,36,,,1,70,,142763,36,,,1,30,,142768,36,,,1,70,,142751,36,,,1,30,,54169,36,,,1,70,,142754,36,,,1,30,,142762,36,,,1,70,,142757,36,,,1,30,,82450,36,,,1,70,,142758,36,,,1,30,,142753,36,,,1,70,,142761,36,,,1,28,,114823,36,,,1,70,,142765,36,,,1,30,,142764,36,,,1,99,,83469,36,,,1,100,,142767,36,,,1,100,,142755,36,,,1,100,,142760,36,,,1
3101,'12',626,,142793,36,,,1,78,,142774,36,,,1,30,,58843,36,,,1,70,,39118,36,,,1,33,,142787,36,,,1,67,,142784,36,,,1,26,,142797,36,,,1,70,,142795,36,,,1,30,,142783,36,,,1,70,,142777,36,,,1,30,,142781,36,,,1,70,,142785,36,,,1,31,,142786,36,,,1,70,,142778,36,,,1,30,,142779,36,,,1,70,,142776,36,,,1,30,,142772,36,,,1,73,,142790,36,,,1,32,,142775,36,,,1,70,,22877,36,,,1,29,,90407,36,,,1,71,,142773,36,,,1,29,,142789,36,,,1,70,,142771,36,,,1,28,,142791,36,,,1,67,,142788,36,,,1,27,,142780,36,,,1,30,,142796,36,,,1,69,,142794,36,,,1,30,,142792,36,,,1,69,,19728,36,,,1,30,,142782,36,,,1,64,,84317,36,,,1
3101,'13',832,,142799,36,,,1,101,,142816,36,,,1,100,,142807,36,,,1,71,,117162,36,,,1,30,,142805,36,,,1,70,,142819,36,,,1,31,,142815,36,,,1,70,,142811,36,,,1,30,,142818,36,,,1,70,,142798,36,,,1,30,,142813,36,,,1,70,,142802,36,,,1,30,,142810,36,,,1,70,,41810,36,,,1,30,,142803,36,,,1,70,,142806,36,,,1,30,,142800,36,,,1,70,,142809,36,,,1,28,,142801,36,,,1,70,,68359,36,,,1,30,,142814,36,,,1,99,,142812,36,,,1,100,,142817,36,,,1,100,,142804,36,,,1,100,,142808,36,,,1
3101,'14',626,,142842,36,,,1,78,,142822,36,,,1,30,,142837,36,,,1,70,,142840,36,,,1,33,,142833,36,,,1,67,,142830,36,,,1,26,,142846,36,,,1,70,,142843,36,,,1,30,,103848,36,,,1,70,,142825,36,,,1,30,,1557,36,,,1,70,,142831,36,,,1,31,,142832,36,,,1,70,,13379,36,,,1,30,,142826,36,,,1,70,,142823,36,,,1,30,,97499,36,,,1,73,,142836,36,,,1,32,,115440,36,,,1,70,,142824,36,,,1,29,,142839,36,,,1,71,,142821,36,,,1,29,,142835,36,,,1,70,,142820,36,,,1,28,,142838,36,,,1,67,,142834,36,,,1,27,,142827,36,,,1,30,,142845,36,,,1,69,,75909,36,,,1,30,,142841,36,,,1,69,,142844,36,,,1,30,,142829,36,,,1,64,,142828,36,,,1
3101,'15',626,,142869,36,,,1,78,,142849,36,,,1,30,,142864,36,,,1,70,,142867,36,,,1,33,,142860,36,,,1,67,,142857,36,,,1,26,,142873,36,,,1,70,,142870,36,,,1,30,,104237,36,,,1,70,,142852,36,,,1,30,,1894,36,,,1,70,,142858,36,,,1,31,,142859,36,,,1,70,,13727,36,,,1,30,,142853,36,,,1,70,,142850,36,,,1,30,,97868,36,,,1,73,,142863,36,,,1,32,,115560,36,,,1,70,,142851,36,,,1,29,,142866,36,,,1,71,,142848,36,,,1,29,,142862,36,,,1,70,,142847,36,,,1,28,,142865,36,,,1,67,,142861,36,,,1,27,,142854,36,,,1,30,,142872,36,,,1,69,,76415,36,,,1,30,,142868,36,,,1,69,,142871,36,,,1,30,,142856,36,,,1,64,,142855,36,,,1
3101,'16',626,,142894,36,,,1,78,,142875,36,,,1,30,,142891,36,,,1,70,,142893,36,,,1,33,,142888,36,,,1,67,,142886,36,,,1,26,,93075,36,,,1,70,,142896,36,,,1,30,,142885,36,,,1,70,,142879,36,,,1,30,,142882,36,,,1,70,,10091,36,,,1,31,,142887,36,,,1,70,,142880,36,,,1,30,,26095,36,,,1,70,,142877,36,,,1,30,,142874,36,,,1,73,,142890,36,,,1,32,,142876,36,,,1,70,,142878,36,,,1,29,,142892,36,,,1,71,,50054,36,,,1,29,,80530,36,,,1,70,,89185,36,,,1,28,,29977,36,,,1,67,,142889,36,,,1,27,,142881,36,,,1,30,,142898,36,,,1,69,,142895,36,,,1,30,,51400,36,,,1,69,,142897,36,,,1,30,,142884,36,,,1,64,,142883,36,,,1
3101,'17',626,,39567,36,,,1,78,,142917,36,,,1,30,,19518,36,,,1,70,,142908,36,,,1,2,,142910,28,0,23 24,1,2,,142915,28,0,23 24,1,29,,142911,36,,,1,67,,39600,36,,,1,26,,142918,36,,,1,70,,142902,36,,,1,30,,142900,36,,,1,70,,77273,36,,,1,30,,57450,36,,,1,70,,142907,36,,,1,31,,68525,36,,,1,70,,142909,36,,,1,30,,1421,36,,,1,70,,142916,36,,,1,30,,142919,36,,,1,73,,142914,36,,,1,32,,142904,36,,,1,70,,142913,36,,,1,31,,142899,36,,,1,69,,142906,36,,,1,29,,142912,36,,,1,70,,142920,36,,,1,28,,63987,36,,,1,67,,73461,36,,,1,27,,142901,36,,,1,30,,27271,36,,,1,69,,119199,36,,,1,30,,142922,36,,,1,69,,142903,36,,,1,30,,142921,36,,,1,64,,142905,36,,,1
3101,'2',626,,39249,36,,,1,78,,142941,36,,,1,30,,19448,36,,,1,70,,142932,36,,,1,2,,142934,28,0,23 24,1,2,,142939,28,0,23 24,1,29,,142935,36,,,1,67,,39282,36,,,1,26,,142942,36,,,1,70,,142926,36,,,1,30,,142924,36,,,1,70,,76919,36,,,1,30,,57270,36,,,1,70,,142931,36,,,1,31,,68259,36,,,1,70,,142933,36,,,1,30,,1205,36,,,1,70,,142940,36,,,1,30,,142943,36,,,1,73,,142938,36,,,1,32,,142928,36,,,1,70,,142937,36,,,1,31,,142923,36,,,1,69,,142930,36,,,1,29,,142936,36,,,1,70,,142944,36,,,1,28,,63848,36,,,1,67,,73258,36,,,1,27,,142925,36,,,1,30,,27055,36,,,1,69,,119187,36,,,1,30,,142946,36,,,1,69,,142927,36,,,1,30,,142945,36,,,1,64,,142929,36,,,1
3101,'3',626,,142969,36,,,1,78,,142949,36,,,1,30,,142964,36,,,1,70,,142967,36,,,1,33,,142960,36,,,1,67,,142957,36,,,1,26,,142973,36,,,1,70,,142970,36,,,1,30,,104094,36,,,1,70,,142952,36,,,1,30,,1772,36,,,1,70,,142958,36,,,1,31,,142959,36,,,1,70,,13601,36,,,1,30,,142953,36,,,1,70,,142950,36,,,1,30,,97733,36,,,1,73,,142963,36,,,1,32,,115516,36,,,1,70,,142951,36,,,1,29,,142966,36,,,1,71,,142948,36,,,1,29,,142962,36,,,1,70,,142947,36,,,1,28,,142965,36,,,1,67,,142961,36,,,1,27,,142954,36,,,1,30,,142972,36,,,1,69,,76242,36,,,1,30,,142968,36,,,1,69,,142971,36,,,1,30,,142956,36,,,1,64,,142955,36,,,1
3101,'4',657,,142976,36,,,1,70,,142987,36,,,1,30,,142980,36,,,1,70,,62558,36,,,1,31,,142984,36,,,1,70,,142996,36,,,1,30,,29660,36,,,1,70,,142983,36,,,1,31,,14991,36,,,1,70,,142974,36,,,1,30,,142992,36,,,1,79,,142991,36,,,1,62,,142979,36,,,1,30,,84057,36,,,1,70,,142994,36,,,1,30,,142982,36,,,1,70,,65768,36,,,1,30,,142985,36,,,1,78,,142988,36,,,1,22,,142978,36,,,1,70,,116591,36,,,1,30,,142995,36,,,1,70,,76276,36,,,1,28,,54455,36,,,1,30,,142990,36,,,1,70,,142981,36,,,1,30,,142986,36,,,1,69,,119717,36,,,1,30,,142993,36,,,1,70,,142989,36,,,1,30,,142975,36,,,1,70,,142997,36,,,1,30,,16961,36,,,1,100,,142977,36,,,1
3101,'5',626,,143005,36,,,1,78,,143018,36,,,1,30,,143022,36,,,1,70,,35595,36,,,1,2,,143009,28,0,23 24,1,2,,143014,28,0,23 24,1,29,,143010,36,,,1,67,,143016,36,,,1,26,,143019,36,,,1,70,,15240,36,,,1,30,,9155,36,,,1,70,,143017,36,,,1,30,,143003,36,,,1,70,,58802,36,,,1,31,,143001,36,,,1,70,,143008,36,,,1,30,,143011,36,,,1,70,,143015,36,,,1,30,,143020,36,,,1,73,,143013,36,,,1,32,,143002,36,,,1,70,,143012,36,,,1,31,,142998,36,,,1,69,,143006,36,,,1,29,,83102,36,,,1,70,,143021,36,,,1,28,,143024,36,,,1,67,,143007,36,,,1,27,,7,36,,,1,30,,143004,36,,,1,69,,142999,36,,,1,30,,143025,36,,,1,69,,143000,36,,,1,30,,143023,36,,,1,64,,11793,36,,,1
3101,'6',626,,40042,36,,,1,78,,143044,36,,,1,30,,19627,36,,,1,70,,143035,36,,,1,2,,143037,28,0,23 24,1,2,,143042,28,0,23 24,1,29,,143038,36,,,1,67,,40075,36,,,1,26,,143045,36,,,1,70,,143029,36,,,1,30,,143027,36,,,1,70,,77806,36,,,1,30,,57725,36,,,1,70,,143034,36,,,1,31,,68921,36,,,1,70,,143036,36,,,1,30,,1736,36,,,1,70,,143043,36,,,1,30,,143046,36,,,1,73,,143041,36,,,1,32,,143031,36,,,1,70,,143040,36,,,1,31,,143026,36,,,1,69,,143033,36,,,1,29,,143039,36,,,1,70,,143047,36,,,1,28,,64197,36,,,1,67,,73771,36,,,1,27,,143028,36,,,1,30,,27602,36,,,1,69,,119211,36,,,1,30,,143049,36,,,1,69,,143030,36,,,1,30,,143048,36,,,1,64,,143032,36,,,1
3101,'7',657,,143052,36,,,1,70,,15150,36,,,1,30,,143059,36,,,1,70,,143064,36,,,1,31,,143063,36,,,1,70,,143074,36,,,1,30,,143056,36,,,1,70,,143062,36,,,1,31,,143070,36,,,1,70,,143050,36,,,1,30,,11735,36,,,1,79,,19338,36,,,1,62,,143057,36,,,1,30,,143065,36,,,1,70,,38892,36,,,1,30,,143061,36,,,1,70,,143077,36,,,1,30,,112626,36,,,1,78,,143067,36,,,1,22,,98618,36,,,1,70,,143054,36,,,1,30,,143073,36,,,1,70,,143055,36,,,1,28,,143058,36,,,1,30,,143071,36,,,1,70,,143060,36,,,1,30,,143066,36,,,1,69,,143075,36,,,1,30,,143072,36,,,1,70,,143069,36,,,1,30,,143051,36,,,1,70,,143076,36,,,1,30,,143068,36,,,1,100,,143053,36,,,1
3101,'8',626,,39962,36,,,1,78,,143096,36,,,1,30,,19604,36,,,1,70,,143087,36,,,1,2,,143089,28,0,23 24,1,2,,143094,28,0,23 24,1,29,,143090,36,,,1,67,,39995,36,,,1,26,,143097,36,,,1,70,,143081,36,,,1,30,,143079,36,,,1,70,,77717,36,,,1,30,,57677,36,,,1,70,,143086,36,,,1,31,,68852,36,,,1,70,,143088,36,,,1,30,,1677,36,,,1,70,,143095,36,,,1,30,,143098,36,,,1,73,,143093,36,,,1,32,,143083,36,,,1,70,,143092,36,,,1,31,,143078,36,,,1,69,,143085,36,,,1,29,,143091,36,,,1,70,,143099,36,,,1,28,,64162,36,,,1,67,,73715,36,,,1,27,,143080,36,,,1,30,,27542,36,,,1,69,,119205,36,,,1,30,,143101,36,,,1,69,,143082,36,,,1,30,,143100,36,,,1,64,,143084,36,,,1
3101,'9',832,,20628,36,,,1,101,,143119,36,,,1,100,,143111,36,,,1,71,,143122,36,,,1,30,,143108,36,,,1,70,,143123,36,,,1,31,,143117,36,,,1,70,,17995,36,,,1,30,,143121,36,,,1,70,,143102,36,,,1,30,,143116,36,,,1,70,,143105,36,,,1,30,,143114,36,,,1,70,,143109,36,,,1,30,,143106,36,,,1,70,,143110,36,,,1,30,,143103,36,,,1,70,,143113,36,,,1,28,,143104,36,,,1,70,,143118,36,,,1,30,,30782,36,,,1,99,,143115,36,,,1,100,,143120,36,,,1,100,,143107,36,,,1,100,,143112,36,,,1
3401,'1',543,,61788,5,0,88,1,70,,144590,5,0,88,1,29,,144601,5,0,88,1,70,,144586,5,0,88,1,31,,106545,5,0,88,1,70,,144595,5,0,88,1,31,,144584,5,0,88,1,70,,144613,5,0,88,1,30,,144611,5,0,88,1,70,,144603,5,0,88,1,30,,144591,5,0,88,1,69,,144597,5,0,88,1,30,,144589,5,0,88,1,71,,33171,5,0,88,1,30,,144599,5,0,88,1,70,,144596,5,0,88,1,30,,144606,5,0,88,1,70,,144605,5,0,88,1,30,,144587,5,0,88,1,69,,144610,5,0,88,1,30,,144602,5,0,88,1,70,,33162,5,0,88,1,30,,144592,5,0,88,1,70,,144604,5,0,88,1,30,,144593,5,0,88,1,70,,144598,5,0,88,1,31,,21634,5,0,88,1,70,,144607,5,0,88,1,30,,144612,5,0,88,1,70,,144594,5,0,88,1,32,,144609,5,0,88,1,71,,144600,5,0,88,1
3401,'10',543,,144621,5,0,88,1,70,,144628,5,0,88,1,29,,144630,5,0,88,1,70,,85788,5,0,88,1,31,,144622,5,0,88,1,70,,144623,5,0,88,1,31,,144631,5,0,88,1,70,,144633,5,0,88,1,30,,144634,5,0,88,1,70,,66806,5,0,88,1,30,,115401,5,0,88,1,69,,144627,5,0,88,1,30,,9459,5,0,88,1,71,,144619,5,0,88,1,30,,144617,5,0,88,1,70,,144638,5,0,88,1,30,,144620,5,0,88,1,70,,144625,5,0,88,1,30,,144637,5,0,88,1,69,,144615,5,0,88,1,30,,50262,5,0,88,1,70,,144616,5,0,88,1,30,,144635,5,0,88,1,70,,105268,5,0,88,1,30,,144632,5,0,88,1,70,,144624,5,0,88,1,31,,144626,5,0,88,1,70,,144618,5,0,88,1,30,,144629,5,0,88,1,70,,144636,5,0,88,1,32,,144639,5,0,88,1,71,,94630,5,0,88,1
3401,'11',717,,144653,5,0,88,1,100,,144640,5,0,88,1,93,,144643,5,0,88,1,30,,144647,5,0,88,1,70,,144648,5,0,88,1,30,,144641,5,0,88,1,70,,144650,5,0,88,1,30,,144645,5,0,88,1,70,,144654,5,0,88,1,30,,144652,5,0,88,1,70,,144646,5,0,88,1,30,,144658,5,0,88,1,70,,144642,5,0,88,1,30,,144651,5,0,88,1,70,,144644,5,0,88,1,30,,144656,5,0,88,1,70,,144655,5,0,88,1,30,,144649,5,0,88,1,70,,144657,5,0,88,1,30,,47818,5,0,88,1,84,,89282,5,0,88,1
3401,'12',543,,144660,5,0,88,1,70,,144681,5,0,88,1,29,,144669,5,0,88,1,70,,144662,5,0,88,1,31,,144670,5,0,88,1,70,,144663,5,0,88,1,31,,144678,5,0,88,1,70,,144667,5,0,88,1,30,,144671,5,0,88,1,70,,144673,5,0,88,1,30,,144666,5,0,88,1,69,,144674,5,0,88,1,30,,144665,5,0,88,1,71,,144688,5,0,88,1,30,,144659,5,0,88,1,70,,54632,5,0,88,1,30,,144676,5,0,88,1,70,,144661,5,0,88,1,30,,144684,5,0,88,1,69,,144687,5,0,88,1,30,,144683,5,0,88,1,70,,144675,5,0,88,1,30,,144679,5,0,88,1,70,,144677,5,0,88,1,30,,144672,5,0,88,1,70,,13932,5,0,88,1,31,,144668,5,0,88,1,70,,144686,5,0,88,1,30,,90367,5,0,88,1,70,,144680,5,0,88,1,32,,144682,5,0,88,1,71,,144664,5,0,88,1
3401,'13',717,,74264,5,0,88,1,100,,144689,5,0,88,1,93,,144692,5,0,88,1,30,,78507,5,0,88,1,70,,144696,5,0,88,1,30,,144690,5,0,88,1,70,,144698,5,0,88,1,30,,144693,5,0,88,1,70,,144701,5,0,88,1,30,,144700,5,0,88,1,70,,144694,5,0,88,1,30,,144703,5,0,88,1,70,,144691,5,0,88,1,30,,144699,5,0,88,1,70,,113987,5,0,88,1,30,,77016,5,0,88,1,70,,29243,5,0,88,1,30,,144697,5,0,88,1,70,,55645,5,0,88,1,30,,144702,5,0,88,1,84,,144695,5,0,88,1
3401,'14',543,,144704,5,0,88,1,70,,144722,5,0,88,1,29,,144713,5,0,88,1,70,,144706,5,0,88,1,31,,144714,5,0,88,1,70,,144708,5,0,88,1,31,,57609,5,0,88,1,70,,46965,5,0,88,1,30,,144715,5,0,88,1,70,,18953,5,0,88,1,30,,144710,5,0,88,1,69,,144716,5,0,88,1,30,,144709,5,0,88,1,71,,144728,5,0,88,1,30,,86719,5,0,88,1,70,,144717,5,0,88,1,30,,144718,5,0,88,1,70,,144705,5,0,88,1,30,,120715,5,0,88,1,69,,144727,5,0,88,1,30,,144724,5,0,88,1,70,,36551,5,0,88,1,30,,144720,5,0,88,1,70,,144719,5,0,88,1,30,,1566,5,0,88,1,70,,144711,5,0,88,1,31,,144712,5,0,88,1,70,,144726,5,0,88,1,30,,144707,5,0,88,1,70,,144721,5,0,88,1,32,,144723,5,0,88,1,71,,97512,5,0,88,1
3401,'15',543,,144729,5,0,88,1,70,,144747,5,0,88,1,29,,144738,5,0,88,1,70,,144731,5,0,88,1,31,,144739,5,0,88,1,70,,144733,5,0,88,1,31,,57883,5,0,88,1,70,,47316,5,0,88,1,30,,144740,5,0,88,1,70,,19273,5,0,88,1,30,,144735,5,0,88,1,69,,144741,5,0,88,1,30,,144734,5,0,88,1,71,,144753,5,0,88,1,30,,86993,5,0,88,1,70,,144742,5,0,88,1,30,,144743,5,0,88,1,70,,144730,5,0,88,1,30,,120777,5,0,88,1,69,,144752,5,0,88,1,30,,144749,5,0,88,1,70,,36758,5,0,88,1,30,,144745,5,0,88,1,70,,144744,5,0,88,1,30,,1903,5,0,88,1,70,,144736,5,0,88,1,31,,144737,5,0,88,1,70,,144751,5,0,88,1,30,,144732,5,0,88,1,70,,144746,5,0,88,1,32,,144748,5,0,88,1,71,,97881,5,0,88,1
3401,'16',543,,103521,5,0,88,1,70,,144773,5,0,88,1,29,,144760,5,0,88,1,70,,144755,5,0,88,1,31,,144761,5,0,88,1,70,,5087,5,0,88,1,31,,144770,5,0,88,1,70,,144758,5,0,88,1,30,,144762,5,0,88,1,70,,144764,5,0,88,1,30,,37864,5,0,88,1,69,,144765,5,0,88,1,30,,66119,5,0,88,1,71,,144779,5,0,88,1,30,,144754,5,0,88,1,70,,144767,5,0,88,1,30,,144768,5,0,88,1,70,,85659,5,0,88,1,30,,144776,5,0,88,1,69,,144778,5,0,88,1,30,,144775,5,0,88,1,70,,144766,5,0,88,1,30,,144771,5,0,88,1,70,,144769,5,0,88,1,30,,144763,5,0,88,1,70,,144759,5,0,88,1,31,,35133,5,0,88,1,70,,144777,5,0,88,1,30,,144756,5,0,88,1,70,,144772,5,0,88,1,32,,144774,5,0,88,1,71,,144757,5,0,88,1
3401,'17',543,,62071,5,0,88,1,70,,144787,5,0,88,1,29,,144798,5,0,88,1,70,,144783,5,0,88,1,31,,106657,5,0,88,1,70,,144792,5,0,88,1,31,,144781,5,0,88,1,70,,144810,5,0,88,1,30,,144808,5,0,88,1,70,,144800,5,0,88,1,30,,144788,5,0,88,1,69,,144794,5,0,88,1,30,,144786,5,0,88,1,71,,33340,5,0,88,1,30,,144796,5,0,88,1,70,,144793,5,0,88,1,30,,144803,5,0,88,1,70,,144802,5,0,88,1,30,,144784,5,0,88,1,69,,144807,5,0,88,1,30,,144799,5,0,88,1,70,,33331,5,0,88,1,30,,144789,5,0,88,1,70,,144801,5,0,88,1,30,,144790,5,0,88,1,70,,144795,5,0,88,1,31,,21815,5,0,88,1,70,,144804,5,0,88,1,30,,144809,5,0,88,1,70,,144791,5,0,88,1,32,,144806,5,0,88,1,71,,144797,5,0,88,1
3401,'2',543,,61848,5,0,88,1,70,,144818,5,0,88,1,29,,144829,5,0,88,1,70,,144814,5,0,88,1,31,,106569,5,0,88,1,70,,144823,5,0,88,1,31,,144812,5,0,88,1,70,,144841,5,0,88,1,30,,144839,5,0,88,1,70,,144831,5,0,88,1,30,,144819,5,0,88,1,69,,144825,5,0,88,1,30,,144817,5,0,88,1,71,,33208,5,0,88,1,30,,144827,5,0,88,1,70,,144824,5,0,88,1,30,,144834,5,0,88,1,70,,144833,5,0,88,1,30,,144815,5,0,88,1,69,,144838,5,0,88,1,30,,144830,5,0,88,1,70,,33199,5,0,88,1,30,,144820,5,0,88,1,70,,144832,5,0,88,1,30,,144821,5,0,88,1,70,,144826,5,0,88,1,31,,21671,5,0,88,1,70,,144835,5,0,88,1,30,,144840,5,0,88,1,70,,144822,5,0,88,1,32,,144837,5,0,88,1,71,,144828,5,0,88,1
3401,'3',543,,144842,5,0,88,1,70,,144860,5,0,88,1,29,,144851,5,0,88,1,70,,144844,5,0,88,1,31,,144852,5,0,88,1,70,,144846,5,0,88,1,31,,57786,5,0,88,1,70,,47188,5,0,88,1,30,,144853,5,0,88,1,70,,19156,5,0,88,1,30,,144848,5,0,88,1,69,,144854,5,0,88,1,30,,144847,5,0,88,1,71,,144866,5,0,88,1,30,,86895,5,0,88,1,70,,144855,5,0,88,1,30,,144856,5,0,88,1,70,,144843,5,0,88,1,30,,120751,5,0,88,1,69,,144865,5,0,88,1,30,,144862,5,0,88,1,70,,36685,5,0,88,1,30,,144858,5,0,88,1,70,,144857,5,0,88,1,30,,1781,5,0,88,1,70,,144849,5,0,88,1,31,,144850,5,0,88,1,70,,144864,5,0,88,1,30,,144845,5,0,88,1,70,,144859,5,0,88,1,32,,144861,5,0,88,1,71,,97746,5,0,88,1
3401,'4',627,,144882,5,0,88,1,100,,34221,5,0,88,1,100,,144878,5,0,88,1,30,,144874,5,0,88,1,70,,144886,5,0,88,1,30,,144877,5,0,88,1,70,,144884,5,0,88,1,30,,144868,5,0,88,1,70,,144875,5,0,88,1,30,,144870,5,0,88,1,70,,144879,5,0,88,1,30,,144880,5,0,88,1,70,,144888,5,0,88,1,30,,144871,5,0,88,1,70,,144885,5,0,88,1,30,,144887,5,0,88,1,70,,144881,5,0,88,1,30,,144867,5,0,88,1,70,,144883,5,0,88,1,30,,90055,5,0,88,1,70,,111342,5,0,88,1,30,,144873,5,0,88,1,70,,144872,5,0,88,1,30,,144876,5,0,88,1,75,,144869,5,0,88,1
3401,'5',543,,144891,5,0,88,1,70,,26888,5,0,88,1,29,,144911,5,0,88,1,70,,144893,5,0,88,1,31,,144898,5,0,88,1,70,,144903,5,0,88,1,31,,144890,5,0,88,1,70,,54600,5,0,88,1,30,,26905,5,0,88,1,70,,144913,5,0,88,1,30,,144899,5,0,88,1,69,,144905,5,0,88,1,30,,144896,5,0,88,1,71,,144906,5,0,88,1,30,,144908,5,0,88,1,70,,144904,5,0,88,1,30,,144916,5,0,88,1,70,,144915,5,0,88,1,30,,144894,5,0,88,1,69,,9174,5,0,88,1,30,,144912,5,0,88,1,70,,144897,5,0,88,1,30,,144900,5,0,88,1,70,,144914,5,0,88,1,30,,144901,5,0,88,1,70,,144907,5,0,88,1,31,,144920,5,0,88,1,70,,144917,5,0,88,1,30,,144921,5,0,88,1,70,,144902,5,0,88,1,32,,144919,5,0,88,1,71,,144910,5,0,88,1
3401,'6',543,,62413,5,0,88,1,70,,144929,5,0,88,1,29,,144940,5,0,88,1,70,,144925,5,0,88,1,31,,106783,5,0,88,1,70,,144934,5,0,88,1,31,,144923,5,0,88,1,70,,144952,5,0,88,1,30,,144950,5,0,88,1,70,,144942,5,0,88,1,30,,144930,5,0,88,1,69,,144936,5,0,88,1,30,,144928,5,0,88,1,71,,33534,5,0,88,1,30,,144938,5,0,88,1,70,,144935,5,0,88,1,30,,144945,5,0,88,1,70,,144944,5,0,88,1,30,,144926,5,0,88,1,69,,144949,5,0,88,1,30,,144941,5,0,88,1,70,,33525,5,0,88,1,30,,144931,5,0,88,1,70,,144943,5,0,88,1,30,,144932,5,0,88,1,70,,144937,5,0,88,1,31,,22025,5,0,88,1,70,,144946,5,0,88,1,30,,144951,5,0,88,1,70,,144933,5,0,88,1,32,,144948,5,0,88,1,71,,144939,5,0,88,1
3401,'7',627,,144968,5,0,88,1,100,,144958,5,0,88,1,100,,144964,5,0,88,1,30,,144960,5,0,88,1,70,,63672,5,0,88,1,30,,144963,5,0,88,1,70,,1973,5,0,88,1,30,,144953,5,0,88,1,70,,144962,5,0,88,1,30,,144955,5,0,88,1,70,,144965,5,0,88,1,30,,144966,5,0,88,1,70,,25768,5,0,88,1,30,,144956,5,0,88,1,70,,144971,5,0,88,1,30,,144972,5,0,88,1,70,,144967,5,0,88,1,30,,19311,5,0,88,1,70,,144970,5,0,88,1,30,,144961,5,0,88,1,70,,144969,5,0,88,1,30,,144959,5,0,88,1,70,,144957,5,0,88,1,30,,30975,5,0,88,1,75,,144954,5,0,88,1
3401,'8',543,,62353,5,0,88,1,70,,144980,5,0,88,1,29,,144991,5,0,88,1,70,,144976,5,0,88,1,31,,106759,5,0,88,1,70,,144985,5,0,88,1,31,,144974,5,0,88,1,70,,145003,5,0,88,1,30,,145001,5,0,88,1,70,,144993,5,0,88,1,30,,144981,5,0,88,1,69,,144987,5,0,88,1,30,,144979,5,0,88,1,71,,33497,5,0,88,1,30,,144989,5,0,88,1,70,,144986,5,0,88,1,30,,144996,5,0,88,1,70,,144995,5,0,88,1,30,,144977,5,0,88,1,69,,145000,5,0,88,1,30,,144992,5,0,88,1,70,,33488,5,0,88,1,30,,144982,5,0,88,1,70,,144994,5,0,88,1,30,,144983,5,0,88,1,70,,144988,5,0,88,1,31,,21988,5,0,88,1,70,,144997,5,0,88,1,30,,145002,5,0,88,1,70,,144984,5,0,88,1,32,,144999,5,0,88,1,71,,144990,5,0,88,1
3401,'9',717,,145016,5,0,88,1,100,,145004,5,0,88,1,93,,145006,5,0,88,1,30,,145010,5,0,88,1,70,,145011,5,0,88,1,30,,145005,5,0,88,1,70,,145013,5,0,88,1,30,,62320,5,0,88,1,70,,112418,5,0,88,1,30,,145015,5,0,88,1,70,,145008,5,0,88,1,30,,145021,5,0,88,1,70,,16044,5,0,88,1,30,,145014,5,0,88,1,70,,145007,5,0,88,1,30,,145018,5,0,88,1,70,,145017,5,0,88,1,30,,145012,5,0,88,1,70,,145020,5,0,88,1,30,,145019,5,0,88,1,84,,145009,5,0,88,1
3801,'1',611,,147244,5,,,1,46,,147253,5,,,1,70,,23536,5,,,1,30,,120224,5,,,1,70,,147255,5,,,1,30,,147256,5,,,1,69,,147257,5,,,1,30,,147240,5,,,1,70,,79432,5,,,1,31,,147245,5,,,1,70,,147248,5,,,1,30,,49901,5,,,1,70,,147246,5,,,1,30,,147242,5,,,1,70,,147243,5,,,1,31,,147252,5,,,1,70,,117053,5,,,1,28,,83202,5,,,1,73,,147250,5,,,1,30,,116617,5,,,1,70,,147258,5,,,1,30,,147254,5,,,1,70,,108821,5,,,1,30,,147238,5,,,1,84,,147247,5,,,1,100,,147239,5,,,1,70,,147249,5,,,1,30,,17454,5,,,1,70,,69416,5,,,1,30,,147241,5,,,1,70,,147251,5,,,1,98,,39153,5,,,1
3801,'10',611,,147259,5,,,1,46,,147269,5,,,1,100,,147261,5,,,1,72,,147279,5,,,1,28,,94207,5,,,1,69,,147282,5,,,1,30,,147275,5,,,1,70,,147268,5,,,1,31,,147270,5,,,1,70,,147276,5,,,1,30,,147277,5,,,1,70,,71708,5,,,1,30,,147267,5,,,1,70,,147273,5,,,1,31,,147278,5,,,1,70,,147272,5,,,1,28,,103717,5,,,1,72,,147260,5,,,1,72,,147263,5,,,1,29,,89447,5,,,1,30,,4014,5,,,1,70,,147271,5,,,1,30,,147264,5,,,1,84,,147280,5,,,1,70,,67264,5,,,1,30,,147274,5,,,1,70,,147265,5,,,1,30,,147283,5,,,1,70,,147281,5,,,1,30,,6505,5,,,1,70,,147266,5,,,1,98,,147262,5,,,1
3801,'11',848,,147295,5,,,1,70,,147300,5,,,1,30,,147299,5,,,1,70,,147292,5,,,1,30,,147289,5,,,1,70,,99664,5,,,1,30,,147293,5,,,1,70,,147285,5,,,1,30,,147291,5,,,1,70,,147296,5,,,1,30,,147294,5,,,1,70,,147288,5,,,1,30,,147284,5,,,1,70,,103607,5,,,1,30,,147290,5,,,1,70,,147286,5,,,1,30,,19812,5,,,1,70,,59772,5,,,1,30,,44056,5,,,1,70,,9375,5,,,1,30,,118649,5,,,1,70,,147298,5,,,1,30,,147287,5,,,1,70,,44037,5,,,1,100,,147297,5,,,1
3801,'12',611,,147310,5,,,1,46,,33735,5,,,1,70,,147301,5,,,1,30,,147304,5,,,1,72,,147314,5,,,1,28,,98070,5,,,1,69,,93814,5,,,1,30,,52799,5,,,1,70,,147307,5,,,1,31,,147315,5,,,1,70,,147320,5,,,1,30,,147316,5,,,1,70,,147302,5,,,1,30,,147318,5,,,1,70,,147306,5,,,1,31,,147317,5,,,1,70,,67592,5,,,1,30,,147311,5,,,1,70,,147303,5,,,1,31,,147322,5,,,1,70,,116763,5,,,1,30,,147308,5,,,1,70,,45346,5,,,1,30,,114072,5,,,1,84,,147323,5,,,1,70,,147321,5,,,1,30,,147313,5,,,1,70,,147319,5,,,1,30,,54004,5,,,1,70,,147305,5,,,1,30,,147309,5,,,1,70,,147312,5,,,1,98,,80395,5,,,1
3801,'13',848,,90662,5,,,1,70,,147342,5,,,1,30,,147341,5,,,1,70,,147338,5,,,1,30,,147331,5,,,1,70,,147337,5,,,1,30,,95145,5,,,1,70,,52844,5,,,1,30,,147334,5,,,1,70,,147339,5,,,1,30,,40750,5,,,1,70,,147327,5,,,1,30,,147325,5,,,1,70,,147336,5,,,1,30,,147333,5,,,1,70,,87282,5,,,1,30,,147329,5,,,1,70,,147324,5,,,1,30,,147335,5,,,1,70,,147332,5,,,1,30,,147328,5,,,1,70,,147340,5,,,1,30,,147326,5,,,1,70,,147330,5,,,1,100,,98178,5,,,1
3801,'14',611,,147351,5,,,1,46,,147350,5,,,1,70,,147343,5,,,1,30,,147345,5,,,1,72,,147359,5,,,1,28,,147369,5,,,1,69,,147355,5,,,1,30,,147358,5,,,1,70,,147347,5,,,1,31,,147360,5,,,1,70,,147367,5,,,1,30,,147361,5,,,1,70,,110356,5,,,1,30,,147364,5,,,1,70,,101408,5,,,1,31,,147362,5,,,1,70,,147368,5,,,1,30,,147353,5,,,1,70,,147344,5,,,1,31,,52942,5,,,1,70,,147356,5,,,1,30,,101881,5,,,1,70,,147363,5,,,1,30,,147348,5,,,1,84,,18981,5,,,1,70,,68791,5,,,1,30,,147357,5,,,1,70,,147365,5,,,1,30,,147352,5,,,1,70,,147346,5,,,1,30,,147349,5,,,1,70,,147354,5,,,1,98,,147366,5,,,1
3801,'15',611,,147378,5,,,1,46,,147377,5,,,1,70,,147370,5,,,1,30,,147372,5,,,1,72,,147386,5,,,1,28,,147396,5,,,1,69,,147382,5,,,1,30,,147385,5,,,1,70,,147374,5,,,1,31,,147387,5,,,1,70,,147394,5,,,1,30,,147388,5,,,1,70,,110526,5,,,1,30,,147391,5,,,1,70,,101562,5,,,1,31,,147389,5,,,1,70,,147395,5,,,1,30,,147380,5,,,1,70,,147371,5,,,1,31,,53031,5,,,1,70,,147383,5,,,1,30,,102049,5,,,1,70,,147390,5,,,1,30,,147375,5,,,1,84,,19301,5,,,1,70,,69184,5,,,1,30,,147384,5,,,1,70,,147392,5,,,1,30,,147379,5,,,1,70,,147373,5,,,1,30,,147376,5,,,1,70,,147381,5,,,1,98,,147393,5,,,1
3801,'16',611,,147405,5,,,1,46,,147404,5,,,1,70,,14219,5,,,1,30,,147399,5,,,1,72,,147412,5,,,1,28,,147422,5,,,1,69,,147409,5,,,1,30,,147411,5,,,1,70,,31407,5,,,1,31,,147413,5,,,1,70,,147417,5,,,1,30,,48848,5,,,1,70,,147397,5,,,1,30,,111592,5,,,1,70,,147400,5,,,1,31,,147414,5,,,1,70,,147420,5,,,1,30,,147407,5,,,1,70,,147398,5,,,1,31,,147419,5,,,1,70,,147410,5,,,1,30,,147402,5,,,1,70,,147415,5,,,1,30,,147401,5,,,1,84,,147421,5,,,1,70,,147418,5,,,1,30,,61976,5,,,1,70,,36374,5,,,1,30,,147406,5,,,1,70,,90694,5,,,1,30,,147403,5,,,1,70,,147408,5,,,1,98,,147416,5,,,1
3801,'17',611,,147430,5,,,1,46,,147439,5,,,1,70,,23702,5,,,1,30,,120230,5,,,1,70,,147441,5,,,1,30,,147442,5,,,1,69,,147443,5,,,1,30,,147426,5,,,1,70,,79721,5,,,1,31,,147431,5,,,1,70,,147434,5,,,1,30,,50237,5,,,1,70,,147432,5,,,1,30,,147428,5,,,1,70,,147429,5,,,1,31,,147438,5,,,1,70,,117081,5,,,1,28,,83519,5,,,1,73,,147436,5,,,1,30,,116646,5,,,1,70,,147444,5,,,1,30,,147440,5,,,1,70,,108929,5,,,1,30,,147424,5,,,1,84,,147433,5,,,1,100,,147425,5,,,1,70,,147435,5,,,1,30,,17738,5,,,1,70,,69747,5,,,1,30,,147427,5,,,1,70,,147437,5,,,1,98,,39551,5,,,1
3801,'2',611,,147452,5,,,1,46,,147461,5,,,1,70,,23570,5,,,1,30,,120226,5,,,1,70,,147463,5,,,1,30,,147464,5,,,1,69,,147465,5,,,1,30,,147448,5,,,1,70,,79495,5,,,1,31,,147453,5,,,1,70,,147456,5,,,1,30,,49974,5,,,1,70,,147454,5,,,1,30,,147450,5,,,1,70,,147451,5,,,1,31,,147460,5,,,1,70,,117060,5,,,1,28,,83267,5,,,1,73,,147458,5,,,1,30,,116624,5,,,1,70,,147466,5,,,1,30,,147462,5,,,1,70,,108844,5,,,1,30,,147446,5,,,1,84,,147455,5,,,1,100,,147447,5,,,1,70,,147457,5,,,1,30,,17511,5,,,1,70,,69485,5,,,1,30,,147449,5,,,1,70,,147459,5,,,1,98,,39233,5,,,1
3801,'3',611,,147475,5,,,1,46,,147474,5,,,1,70,,147467,5,,,1,30,,147469,5,,,1,72,,147483,5,,,1,28,,147493,5,,,1,69,,147479,5,,,1,30,,147482,5,,,1,70,,147471,5,,,1,31,,147484,5,,,1,70,,147491,5,,,1,30,,147485,5,,,1,70,,110466,5,,,1,30,,147488,5,,,1,70,,101502,5,,,1,31,,147486,5,,,1,70,,147492,5,,,1,30,,147477,5,,,1,70,,147468,5,,,1,31,,52999,5,,,1,70,,147480,5,,,1,30,,101984,5,,,1,70,,147487,5,,,1,30,,147472,5,,,1,84,,19184,5,,,1,70,,69043,5,,,1,30,,147481,5,,,1,70,,147489,5,,,1,30,,147476,5,,,1,70,,147470,5,,,1,30,,147473,5,,,1,70,,147478,5,,,1,98,,147490,5,,,1
3801,'4',633,,147495,5,,,1,100,,147498,5,,,1,70,,47268,5,,,1,30,,147509,5,,,1,70,,147513,5,,,1,30,,147508,5,,,1,70,,147517,5,,,1,30,,147510,5,,,1,70,,147506,5,,,1,30,,147511,5,,,1,70,,147499,5,,,1,30,,63541,5,,,1,70,,147518,5,,,1,30,,147507,5,,,1,70,,147522,5,,,1,30,,147521,5,,,1,70,,147523,5,,,1,30,,147512,5,,,1,70,,147502,5,,,1,30,,147500,5,,,1,70,,147505,5,,,1,30,,147516,5,,,1,70,,147515,5,,,1,30,,147494,5,,,1,70,,147496,5,,,1,30,,147504,5,,,1,70,,147519,5,,,1,30,,147520,5,,,1,70,,147514,5,,,1,30,,15009,5,,,1,70,,147501,5,,,1,100,,147497,5,0,27 28,1,30,,147524,5,0,27 28,1,70,,147503,5,0,27 28,1
3801,'5',611,,147537,5,,,1,46,,147545,5,,,1,70,,147536,5,,,1,30,,147526,5,,,1,70,,147547,5,,,1,30,,56304,5,,,1,69,,147551,5,,,1,30,,147530,5,,,1,70,,147540,5,,,1,31,,147538,5,,,1,70,,147541,5,,,1,30,,147550,5,,,1,70,,147539,5,,,1,30,,147534,5,,,1,70,,147535,5,,,1,31,,57152,5,,,1,70,,147542,5,,,1,28,,147533,5,,,1,73,,147544,5,,,1,30,,147548,5,,,1,70,,147552,5,,,1,30,,147546,5,,,1,70,,147549,5,,,1,30,,147528,5,,,1,84,,15264,5,,,1,100,,47446,5,,,1,70,,147543,5,,,1,30,,147525,5,,,1,70,,147529,5,,,1,30,,147532,5,,,1,70,,59609,5,,,1,98,,147531,5,,,1
3801,'6',611,,147560,5,,,1,46,,147569,5,,,1,70,,23884,5,,,1,30,,120234,5,,,1,70,,147571,5,,,1,30,,147572,5,,,1,69,,147573,5,,,1,30,,147556,5,,,1,70,,80065,5,,,1,31,,147561,5,,,1,70,,147564,5,,,1,30,,50641,5,,,1,70,,147562,5,,,1,30,,147558,5,,,1,70,,147559,5,,,1,31,,147568,5,,,1,70,,117113,5,,,1,28,,83899,5,,,1,73,,147566,5,,,1,30,,116681,5,,,1,70,,147574,5,,,1,30,,147570,5,,,1,70,,109052,5,,,1,30,,147554,5,,,1,84,,147563,5,,,1,100,,147555,5,,,1,70,,147565,5,,,1,30,,18068,5,,,1,70,,70146,5,,,1,30,,147557,5,,,1,70,,147567,5,,,1,98,,40026,5,,,1
3801,'7',633,,147576,5,,,1,100,,147579,5,,,1,70,,147589,5,,,1,30,,147588,5,,,1,70,,147593,5,,,1,30,,147586,5,,,1,70,,147598,5,,,1,30,,147590,5,,,1,70,,19324,5,,,1,30,,147591,5,,,1,70,,147580,5,,,1,30,,147587,5,,,1,70,,147599,5,,,1,30,,147585,5,,,1,70,,147602,5,,,1,30,,37407,5,,,1,70,,147603,5,,,1,30,,147592,5,,,1,70,,147582,5,,,1,30,,59545,5,,,1,70,,28997,5,,,1,30,,147597,5,,,1,70,,147595,5,,,1,30,,147575,5,,,1,70,,147577,5,,,1,30,,147584,5,,,1,70,,147600,5,,,1,30,,147601,5,,,1,70,,147594,5,,,1,30,,147596,5,,,1,70,,147581,5,,,1,100,,147578,5,0,27 28,1,30,,147604,5,0,27 28,1,70,,147583,5,0,27 28,1
3801,'8',611,,147612,5,,,1,46,,147621,5,,,1,70,,23850,5,,,1,30,,120232,5,,,1,70,,147623,5,,,1,30,,147624,5,,,1,69,,147625,5,,,1,30,,147608,5,,,1,70,,80002,5,,,1,31,,147613,5,,,1,70,,147616,5,,,1,30,,50568,5,,,1,70,,147614,5,,,1,30,,147610,5,,,1,70,,147611,5,,,1,31,,147620,5,,,1,70,,117106,5,,,1,28,,83834,5,,,1,73,,147618,5,,,1,30,,116674,5,,,1,70,,147626,5,,,1,30,,147622,5,,,1,70,,109029,5,,,1,30,,147606,5,,,1,84,,147615,5,,,1,100,,147607,5,,,1,70,,147617,5,,,1,30,,18011,5,,,1,70,,70077,5,,,1,30,,147609,5,,,1,70,,147619,5,,,1,98,,39946,5,,,1
3801,'9',848,,147645,5,,,1,70,,147650,5,,,1,30,,147649,5,,,1,70,,147642,5,,,1,30,,147635,5,,,1,70,,147641,5,,,1,30,,147643,5,,,1,70,,147628,5,,,1,30,,147638,5,,,1,70,,147646,5,,,1,30,,147644,5,,,1,70,,147631,5,,,1,30,,23203,5,,,1,70,,147640,5,,,1,30,,147637,5,,,1,70,,147629,5,,,1,30,,147633,5,,,1,70,,147627,5,,,1,30,,147639,5,,,1,70,,147636,5,,,1,30,,147632,5,,,1,70,,147648,5,,,1,30,,147630,5,,,1,70,,147634,5,,,1,100,,147647,5,,,1
13801,'1',551,,196694,16,,,1,71,,107709,18,,,1,30,,196695,18,,,1,70,,84378,18,,,1,31,,196693,18,,,1,69,,33183,18,,,1,30,,196700,18,,,1,98,,196687,16,,,1,100,,196690,16,,,1,100,,196691,16,,,1,100,,62843,16,,,1,100,,49892,16,,,1,103,,112103,16,,,1,70,,196697,16,,,1,30,,196701,16,,,1,70,,196699,16,,,1,30,,196702,16,,,1,70,,196696,16,,,1,30,,196698,16,,,1,98,,196689,16,,,1,100,,196688,16,,,1,99,,196704,16,,,1,100,,196692,16,,,1,99,,196703,16,,,1
13801,'10',551,,11275,16,,,1,101,,196706,18,,,1,101,,69859,18,,,1,99,,196707,18,,,1,98,,196712,16,,,1,100,,196715,16,,,1,100,,196714,16,,,1,100,,59150,16,,,1,100,,196713,16,,,1,103,,196708,16,,,1,100,,196709,16,,,1,100,,196705,16,,,1,101,,196717,16,,,1,97,,196710,16,,,1,100,,8820,16,,,1,99,,196711,16,,,1,100,,27321,16,,,1,99,,196716,16,,,1
13801,'11',847,,196727,16,,,1,160,,99677,16,,,1,100,,196718,16,,,1,100,,196725,16,,,1,100,,196722,16,,,1,100,,15680,16,,,1,100,,196724,16,,,1,100,,196721,16,,,1,100,,196720,16,,,1,97,,25252,16,,,1,103,,196726,16,,,1,100,,196723,16,,,1,99,,196719,16,,,1
13801,'12',551,,196731,16,,,1,71,,196745,18,,,1,30,,196735,18,,,1,70,,196734,18,,,1,31,,196741,18,,,1,70,,196736,18,,,1,29,,196748,18,,,1,98,,196744,16,,,1,100,,196743,16,,,1,100,,196747,16,,,1,100,,196728,16,,,1,100,,29108,16,,,1,103,,90351,16,,,1,70,,196738,16,,,1,30,,196740,16,,,1,70,,196732,16,,,1,30,,196749,16,,,1,71,,196737,16,,,1,30,,196730,16,,,1,97,,196739,16,,,1,100,,196733,16,,,1,99,,196742,16,,,1,100,,196729,16,,,1,99,,196746,16,,,1
13801,'13',847,,196758,16,,,1,160,,196759,16,,,1,100,,196752,16,,,1,100,,87313,16,,,1,100,,196755,16,,,1,100,,196751,16,,,1,100,,196756,16,,,1,100,,196754,16,,,1,100,,196753,16,,,1,97,,196750,16,,,1,103,,196757,16,,,1,100,,116239,16,,,1,99,,102366,16,,,1
13801,'14',551,,196764,16,,,1,71,,41108,18,,,1,30,,196768,18,,,1,70,,196767,18,,,1,31,,196773,18,,,1,70,,196769,18,,,1,29,,196779,18,,,1,98,,196777,16,,,1,100,,196775,16,,,1,100,,80718,16,,,1,100,,196760,16,,,1,100,,196776,16,,,1,103,,196761,16,,,1,70,,196771,16,,,1,30,,17955,16,,,1,70,,196765,16,,,1,30,,196780,16,,,1,71,,196770,16,,,1,30,,196763,16,,,1,97,,196772,16,,,1,100,,196766,16,,,1,99,,196774,16,,,1,100,,196762,16,,,1,99,,196778,16,,,1
13801,'15',551,,196785,16,,,1,71,,41468,18,,,1,30,,196789,18,,,1,70,,196788,18,,,1,31,,196794,18,,,1,70,,196790,18,,,1,29,,196800,18,,,1,98,,196798,16,,,1,100,,196796,16,,,1,100,,80922,16,,,1,100,,196781,16,,,1,100,,196797,16,,,1,103,,196782,16,,,1,70,,196792,16,,,1,30,,18280,16,,,1,70,,196786,16,,,1,30,,196801,16,,,1,71,,196791,16,,,1,30,,196784,16,,,1,97,,196793,16,,,1,100,,196787,16,,,1,99,,196795,16,,,1,100,,196783,16,,,1,99,,196799,16,,,1
13801,'16',551,,196806,16,,,1,71,,196820,18,,,1,30,,196810,18,,,1,70,,196809,18,,,1,31,,196815,18,,,1,70,,196811,18,,,1,29,,196823,18,,,1,98,,196819,16,,,1,100,,196817,16,,,1,100,,196822,16,,,1,100,,196802,16,,,1,100,,196818,16,,,1,103,,196803,16,,,1,70,,17654,16,,,1,30,,196814,16,,,1,70,,196807,16,,,1,30,,196824,16,,,1,71,,196812,16,,,1,30,,196805,16,,,1,97,,196813,16,,,1,100,,196808,16,,,1,99,,196816,16,,,1,100,,196804,16,,,1,99,,196821,16,,,1
13801,'17',551,,196832,16,,,1,71,,107868,18,,,1,30,,196833,18,,,1,70,,84703,18,,,1,31,,196831,18,,,1,69,,33352,18,,,1,30,,196838,18,,,1,98,,196825,16,,,1,100,,196828,16,,,1,100,,196829,16,,,1,100,,63105,16,,,1,100,,50228,16,,,1,103,,112282,16,,,1,70,,196835,16,,,1,30,,196839,16,,,1,70,,196837,16,,,1,30,,196840,16,,,1,70,,196834,16,,,1,30,,196836,16,,,1,98,,196827,16,,,1,100,,196826,16,,,1,99,,196842,16,,,1,100,,196830,16,,,1,99,,196841,16,,,1
13801,'2',551,,196850,16,,,1,71,,107745,18,,,1,30,,196851,18,,,1,70,,84445,18,,,1,31,,196849,18,,,1,69,,33220,18,,,1,30,,196856,18,,,1,98,,196843,16,,,1,100,,196846,16,,,1,100,,196847,16,,,1,100,,62897,16,,,1,100,,49965,16,,,1,103,,112140,16,,,1,70,,196853,16,,,1,30,,196857,16,,,1,70,,196855,16,,,1,30,,196858,16,,,1,70,,196852,16,,,1,30,,196854,16,,,1,98,,196845,16,,,1,100,,196844,16,,,1,99,,196860,16,,,1,100,,196848,16,,,1,99,,196859,16,,,1
13801,'3',551,,196865,16,,,1,71,,41338,18,,,1,30,,196869,18,,,1,70,,196868,18,,,1,31,,196874,18,,,1,70,,196870,18,,,1,29,,196880,18,,,1,98,,196878,16,,,1,100,,196876,16,,,1,100,,80851,16,,,1,100,,196861,16,,,1,100,,196877,16,,,1,103,,196862,16,,,1,70,,196872,16,,,1,30,,18161,16,,,1,70,,196866,16,,,1,30,,196881,16,,,1,71,,196871,16,,,1,30,,196864,16,,,1,97,,196873,16,,,1,100,,196867,16,,,1,99,,196875,16,,,1,100,,196863,16,,,1,99,,196879,16,,,1
13801,'4',806,,196894,16,,,1,100,,196890,16,,,1,101,,196884,16,,,1,100,,196885,16,,,1,100,,196893,16,,,1,100,,196896,16,,,1,100,,196891,16,,,1,100,,196882,16,,,1,100,,196886,16,,,1,100,,196895,16,,,1,100,,77922,16,,,1,100,,196888,16,,,1,100,,196889,16,,,1,99,,196887,16,,,1,100,,196892,16,,,1,100,,196883,16,,,1
13801,'5',551,,79325,16,,,1,71,,196904,18,,,1,30,,196906,18,,,1,70,,196899,18,,,1,31,,196905,18,,,1,69,,196908,18,,,1,30,,196910,18,,,1,98,,29804,16,,,1,100,,196900,16,,,1,100,,196901,16,,,1,100,,196898,16,,,1,100,,196911,16,,,1,103,,196902,16,,,1,70,,79327,16,,,1,30,,196912,16,,,1,70,,196909,16,,,1,30,,196913,16,,,1,70,,196907,16,,,1,30,,69323,16,,,1,98,,36836,16,,,1,100,,196897,16,,,1,99,,196915,16,,,1,100,,196903,16,,,1,99,,196914,16,,,1
13801,'6',551,,196923,16,,,1,71,,108046,18,,,1,30,,196924,18,,,1,70,,85078,18,,,1,31,,196922,18,,,1,69,,33546,18,,,1,30,,196929,18,,,1,98,,196916,16,,,1,100,,196919,16,,,1,100,,196920,16,,,1,100,,63424,16,,,1,100,,50632,16,,,1,103,,112477,16,,,1,70,,196926,16,,,1,30,,196930,16,,,1,70,,196928,16,,,1,30,,196931,16,,,1,70,,196925,16,,,1,30,,196927,16,,,1,98,,196918,16,,,1,100,,196917,16,,,1,99,,196933,16,,,1,100,,196921,16,,,1,99,,196932,16,,,1
13801,'7',806,,74961,16,,,1,100,,196942,16,,,1,101,,196937,16,,,1,100,,196938,16,,,1,100,,5890,16,,,1,100,,12775,16,,,1,100,,196943,16,,,1,100,,196935,16,,,1,100,,4650,16,,,1,100,,196945,16,,,1,100,,196934,16,,,1,100,,196940,16,,,1,100,,196941,16,,,1,99,,196939,16,,,1,100,,196944,16,,,1,100,,196936,16,,,1
13801,'8',551,,196953,16,,,1,71,,108010,18,,,1,30,,196954,18,,,1,70,,85011,18,,,1,31,,196952,18,,,1,69,,33509,18,,,1,30,,196959,18,,,1,98,,196946,16,,,1,100,,196949,16,,,1,100,,196950,16,,,1,100,,63370,16,,,1,100,,50559,16,,,1,103,,112440,16,,,1,70,,196956,16,,,1,30,,196960,16,,,1,70,,196958,16,,,1,30,,196961,16,,,1,70,,196955,16,,,1,30,,196957,16,,,1,98,,196948,16,,,1,100,,196947,16,,,1,99,,196963,16,,,1,100,,196951,16,,,1,99,,196962,16,,,1
13801,'9',847,,56810,16,,,1,160,,196974,16,,,1,100,,64119,16,,,1,100,,196972,16,,,1,100,,196969,16,,,1,100,,196965,16,,,1,100,,196971,16,,,1,100,,196968,16,,,1,100,,196967,16,,,1,97,,196964,16,,,1,103,,196973,16,,,1,100,,196970,16,,,1,99,,196966,16,,,1
23701,'1',1546,,203516,4,,,1,95,,203514,4,,,1,95,,203517,4,,,1,100,,203515,4,,,1
23701,'10',1548,,116732,4,,,1,93,,203518,4,,,1,95,,111680,4,,,1,100,,203519,4,,,1
23701,'12',1546,,203522,4,,,1,95,,203521,4,,,1,95,,203520,4,,,1,100,,203523,4,,,1
23701,'14',1546,,203526,4,,,1,95,,203525,4,,,1,95,,203524,4,,,1,100,,116488,4,,,1
23701,'15',1546,,203529,4,,,1,95,,203528,4,,,1,95,,203527,4,,,1,100,,116508,4,,,1
23701,'16',1546,,203532,4,,,1,95,,203531,4,,,1,95,,203530,4,,,1,100,,203533,4,,,1
23701,'17',1546,,203536,4,,,1,95,,203534,4,,,1,95,,203537,4,,,1,100,,203535,4,,,1
23701,'2',1546,,203540,4,,,1,95,,203538,4,,,1,95,,203541,4,,,1,100,,203539,4,,,1
23701,'3',1546,,203544,4,,,1,95,,203543,4,,,1,95,,203542,4,,,1,100,,116500,4,,,1
23701,'5',1546,,203546,4,,,1,95,,203545,4,,,1,95,,203547,4,,,1,100,,101603,4,,,1
23701,'6',1546,,203550,4,,,1,95,,203548,4,,,1,95,,203551,4,,,1,100,,203549,4,,,1
23701,'8',1546,,203554,4,,,1,95,,203552,4,,,1,95,,203555,4,,,1,100,,203553,4,,,1
62700,'1',810,,204904,33,,,1
62700,'17',810,,204905,33,,,1
62700,'2',810,,204906,33,,,1
62700,'5',810,,204907,33,,,1
62700,'6',810,,204908,33,,,1
62700,'8',810,,204909,33,,,1
63700,'1',805,,205001,35,,,1
63700,'17',805,,205002,35,,,1
63700,'2',805,,205003,35,,,1
63700,'5',805,,205004,35,,,1
63700,'6',805,,205005,35,,,1
63700,'8',805,,205006,35,,,1
67800,'1',754,,205776,2,,,1
67800,'17',754,,205777,2,,,1
67800,'2',754,,205778,2,,,1
67800,'5',754,,205779,2,,,1
67800,'6',754,,205780,2,,,1
67800,'8',754,,205781,2,,,1
