16101,'1',642,,125187,6,0,9 10,1,100,,287471,6,0,9 10,1,100,,287473,6,0,9 10,1,100,,180567,6,0,9 10,1,100,,287469,6,0,9 10,1,100,,199628,6,0,9 10,1,100,,287472,6,0,9 10,1,100,,287479,6,0,9 10,1,100,,287478,6,0,9 10,1,100,,78167,6,0,9 10,1,100,,125200,6,0,9 10,1,100,,287480,6,0,9 10,1,100,,287474,6,0,9 10,1,100,,287470,6,0,9 10,1,100,,287476,6,0,9 10,1,100,,287477,6,0,9 10,1,100,,287475,6,0,9 10,1
16101,'10',642,,287489,6,0,9 10,1,100,,162272,6,0,9 10,1,100,,287484,6,0,9 10,1,100,,287494,6,0,9 10,1,100,,287481,6,0,9 10,1,100,,287483,6,0,9 10,1,100,,185280,6,0,9 10,1,100,,287491,6,0,9 10,1,100,,287490,6,0,9 10,1,100,,287493,6,0,9 10,1,100,,287495,6,0,9 10,1,100,,287492,6,0,9 10,1,100,,287485,6,0,9 10,1,100,,287482,6,0,9 10,1,100,,287487,6,0,9 10,1,100,,287488,6,0,9 10,1,100,,287486,6,0,9 10,1
16101,'11',643,,134695,6,0,9 10,1,100,,287497,6,0,9 10,1,100,,161397,6,0,9 10,1,100,,287501,6,0,9 10,1,100,,287505,6,0,9 10,1,100,,287509,6,0,9 10,1,100,,12838,6,0,9 10,1,100,,287507,6,0,9 10,1,100,,287500,6,0,9 10,1,100,,287508,6,0,9 10,1,100,,287503,6,0,9 10,1,100,,287498,6,0,9 10,1,100,,287496,6,0,9 10,1,100,,167552,6,0,9 10,1,100,,287499,6,0,9 10,1,100,,287506,6,0,9 10,1,100,,287504,6,0,9 10,1,100,,287502,6,0,9 10,1
16101,'12',524,,287510,6,0,9 10,1,27,,287513,18,0,9 10,1,70,,205036,18,0,9 10,1,30,,205508,18,0,9 10,1,70,,18557,18,0,9 10,1,30,,287523,18,0,9 10,1,6,,287517,6,,,1,63,,287529,18,0,9 10,1,33,,287526,6,0,9 10,1,70,,287514,6,0,9 10,1,30,,287528,6,0,9 10,1,70,,189341,6,0,9 10,1,30,,287512,6,0,9 10,1,70,,287520,6,0,9 10,1,30,,287524,6,0,9 10,1,70,,287521,6,0,9 10,1,30,,287515,6,0,9 10,1,70,,287511,6,0,9 10,1,30,,287533,6,0,9 10,1,70,,287516,6,0,9 10,1,99,,287531,6,0,9 10,1,34,,287522,6,0,9 10,1,68,,287530,6,0,9 10,1,30,,32001,6,0,9 10,1,70,,287519,6,0,9 10,1,30,,28448,6,0,9 10,1,69,,287532,6,0,9 10,1,30,,287525,6,0,9 10,1,69,,142936,6,0,9 10,1,30,,287527,6,0,9 10,1,70,,287518,6,0,9 10,1,30,,20367,6,0,9 10,1,70,,194551,6,0,9 10,1,30,,133844,6,0,9 10,1,71,,131551,6,0,9 10,1
16101,'13',642,,287543,6,0,9 10,1,100,,287536,6,0,9 10,1,100,,287539,6,0,9 10,1,100,,287548,6,0,9 10,1,100,,287534,6,0,9 10,1,100,,287537,6,0,9 10,1,100,,287538,6,0,9 10,1,100,,287545,6,0,9 10,1,100,,287544,6,0,9 10,1,100,,287547,6,0,9 10,1,100,,287549,6,0,9 10,1,100,,287546,6,0,9 10,1,100,,287540,6,0,9 10,1,100,,287535,6,0,9 10,1,100,,287542,6,0,9 10,1,100,,199570,6,0,9 10,1,100,,287541,6,0,9 10,1
16101,'14',524,,70015,6,0,9 10,1,27,,287556,18,0,9 10,1,70,,287558,18,0,9 10,1,30,,287575,18,0,9 10,1,70,,287552,18,0,9 10,1,28,,287559,18,0,9 10,1,71,,287566,18,0,9 10,1,33,,287550,6,0,9 10,1,70,,287561,6,0,9 10,1,30,,287564,6,0,9 10,1,70,,287563,6,0,9 10,1,30,,154183,6,0,9 10,1,70,,287562,6,0,9 10,1,30,,287555,6,0,9 10,1,70,,287573,6,0,9 10,1,30,,191564,6,0,9 10,1,70,,287577,6,0,9 10,1,30,,287567,6,0,9 10,1,70,,287570,6,0,9 10,1,30,,82617,6,0,9 10,1,71,,287560,6,0,9 10,1,30,,287576,6,0,9 10,1,69,,287557,6,0,9 10,1,31,,173613,6,0,9 10,1,70,,287554,6,0,9 10,1,31,,287553,6,0,9 10,1,68,,287571,6,0,9 10,1,30,,131309,6,0,9 10,1,69,,287578,6,0,9 10,1,30,,287572,6,0,9 10,1,70,,287551,6,0,9 10,1,30,,287569,6,0,9 10,1,70,,287565,6,0,9 10,1,30,,287568,6,0,9 10,1,71,,287574,6,0,9 10,1
16101,'15',524,,287579,6,0,9 10,1,27,,287582,18,0,9 10,1,70,,205040,18,0,9 10,1,30,,205518,18,0,9 10,1,70,,19102,18,0,9 10,1,30,,287592,18,0,9 10,1,6,,287586,6,,,1,63,,287598,18,0,9 10,1,33,,287595,6,0,9 10,1,70,,287583,6,0,9 10,1,30,,287597,6,0,9 10,1,70,,189538,6,0,9 10,1,30,,287581,6,0,9 10,1,70,,287589,6,0,9 10,1,30,,287593,6,0,9 10,1,70,,287590,6,0,9 10,1,30,,287584,6,0,9 10,1,70,,287580,6,0,9 10,1,30,,287602,6,0,9 10,1,70,,287585,6,0,9 10,1,99,,287600,6,0,9 10,1,34,,287591,6,0,9 10,1,68,,287599,6,0,9 10,1,30,,32333,6,0,9 10,1,70,,287588,6,0,9 10,1,30,,28833,6,0,9 10,1,69,,287601,6,0,9 10,1,30,,287594,6,0,9 10,1,69,,143039,6,0,9 10,1,30,,287596,6,0,9 10,1,70,,287587,6,0,9 10,1,30,,20725,6,0,9 10,1,70,,194748,6,0,9 10,1,30,,134017,6,0,9 10,1,71,,131797,6,0,9 10,1
16101,'16',643,,287606,6,0,9 10,1,100,,287603,6,0,9 10,1,100,,287604,6,0,9 10,1,100,,287609,6,0,9 10,1,100,,287613,6,0,9 10,1,100,,287617,6,0,9 10,1,100,,287608,6,0,9 10,1,100,,287615,6,0,9 10,1,100,,287607,6,0,9 10,1,100,,287616,6,0,9 10,1,100,,287610,6,0,9 10,1,100,,287605,6,0,9 10,1,100,,173456,6,0,9 10,1,100,,287611,6,0,9 10,1,100,,45004,6,0,9 10,1,100,,287614,6,0,9 10,1,100,,287612,6,0,9 10,1,100,,128899,6,0,9 10,1
16101,'17',524,,184153,6,0,9 10,1,27,,287624,18,0,9 10,1,70,,287626,18,0,9 10,1,30,,287643,18,0,9 10,1,70,,287620,18,0,9 10,1,28,,287627,18,0,9 10,1,71,,287634,18,0,9 10,1,33,,287618,6,0,9 10,1,70,,287629,6,0,9 10,1,30,,287632,6,0,9 10,1,70,,287631,6,0,9 10,1,30,,154113,6,0,9 10,1,70,,287630,6,0,9 10,1,30,,287623,6,0,9 10,1,70,,287641,6,0,9 10,1,30,,191488,6,0,9 10,1,70,,287645,6,0,9 10,1,30,,287635,6,0,9 10,1,70,,287638,6,0,9 10,1,30,,148965,6,0,9 10,1,71,,287628,6,0,9 10,1,30,,287644,6,0,9 10,1,69,,287625,6,0,9 10,1,31,,173546,6,0,9 10,1,70,,287622,6,0,9 10,1,31,,287621,6,0,9 10,1,68,,287639,6,0,9 10,1,30,,131198,6,0,9 10,1,69,,287646,6,0,9 10,1,30,,287640,6,0,9 10,1,70,,287619,6,0,9 10,1,30,,287637,6,0,9 10,1,70,,287633,6,0,9 10,1,30,,287636,6,0,9 10,1,71,,287642,6,0,9 10,1
16101,'18',524,,184424,6,0,9 10,1,27,,287653,18,0,9 10,1,70,,287655,18,0,9 10,1,30,,287672,18,0,9 10,1,70,,287649,18,0,9 10,1,28,,287656,18,0,9 10,1,71,,287663,18,0,9 10,1,33,,287647,6,0,9 10,1,70,,287658,6,0,9 10,1,30,,287661,6,0,9 10,1,70,,287660,6,0,9 10,1,30,,154291,6,0,9 10,1,70,,287659,6,0,9 10,1,30,,287652,6,0,9 10,1,70,,287670,6,0,9 10,1,30,,191640,6,0,9 10,1,70,,287674,6,0,9 10,1,30,,287664,6,0,9 10,1,70,,287667,6,0,9 10,1,30,,149221,6,0,9 10,1,71,,287657,6,0,9 10,1,30,,287673,6,0,9 10,1,69,,287654,6,0,9 10,1,31,,173711,6,0,9 10,1,70,,287651,6,0,9 10,1,31,,287650,6,0,9 10,1,68,,287668,6,0,9 10,1,30,,131439,6,0,9 10,1,69,,287675,6,0,9 10,1,30,,287669,6,0,9 10,1,70,,287648,6,0,9 10,1,30,,287666,6,0,9 10,1,70,,287662,6,0,9 10,1,30,,287665,6,0,9 10,1,71,,287671,6,0,9 10,1
16101,'2',524,,287699,6,0,9 10,1,27,,287682,18,0,9 10,1,70,,287684,18,0,9 10,1,30,,287704,18,0,9 10,1,70,,287678,18,0,9 10,1,28,,163104,18,0,9 10,1,71,,131655,18,0,9 10,1,33,,287676,6,0,9 10,1,70,,287686,6,0,9 10,1,30,,140756,6,0,9 10,1,70,,287689,6,0,9 10,1,30,,287693,6,0,9 10,1,70,,287688,6,0,9 10,1,30,,287681,6,0,9 10,1,70,,287701,6,0,9 10,1,30,,287698,6,0,9 10,1,70,,287706,6,0,9 10,1,30,,287691,6,0,9 10,1,70,,287696,6,0,9 10,1,30,,287692,6,0,9 10,1,71,,287685,6,0,9 10,1,30,,287705,6,0,9 10,1,69,,287683,6,0,9 10,1,31,,287687,6,0,9 10,1,70,,287680,6,0,9 10,1,31,,287679,6,0,9 10,1,68,,287697,6,0,9 10,1,30,,287702,6,0,9 10,1,69,,287707,6,0,9 10,1,30,,287700,6,0,9 10,1,70,,287677,6,0,9 10,1,30,,287695,6,0,9 10,1,70,,287690,6,0,9 10,1,30,,287694,6,0,9 10,1,71,,287703,6,0,9 10,1
16101,'3',524,,76344,6,0,9 10,1,27,,287711,18,0,9 10,1,70,,287719,18,0,9 10,1,30,,287718,18,0,9 10,1,70,,287721,18,0,9 10,1,30,,185410,18,0,9 10,1,6,,287714,6,,,1,63,,287727,18,0,9 10,1,33,,287724,6,0,9 10,1,70,,287712,6,0,9 10,1,30,,287726,6,0,9 10,1,70,,287732,6,0,9 10,1,30,,287710,6,0,9 10,1,70,,287717,6,0,9 10,1,30,,22129,6,0,9 10,1,70,,24905,6,0,9 10,1,30,,287713,6,0,9 10,1,70,,195017,6,0,9 10,1,30,,287733,6,0,9 10,1,70,,169531,6,0,9 10,1,99,,287729,6,0,9 10,1,34,,287720,6,0,9 10,1,68,,287728,6,0,9 10,1,30,,287722,6,0,9 10,1,70,,287716,6,0,9 10,1,30,,287708,6,0,9 10,1,69,,287731,6,0,9 10,1,30,,287723,6,0,9 10,1,69,,287725,6,0,9 10,1,30,,184332,6,0,9 10,1,70,,287715,6,0,9 10,1,30,,287730,6,0,9 10,1,70,,287734,6,0,9 10,1,30,,287709,6,0,9 10,1,71,,287735,6,0,9 10,1
16101,'4',524,,287736,6,0,9 10,1,27,,287739,18,0,9 10,1,70,,205042,18,0,9 10,1,30,,205523,18,0,9 10,1,70,,19046,18,0,9 10,1,30,,287749,18,0,9 10,1,6,,287743,6,,,1,63,,287755,18,0,9 10,1,33,,287752,6,0,9 10,1,70,,287740,6,0,9 10,1,30,,287754,6,0,9 10,1,70,,189623,6,0,9 10,1,30,,287738,6,0,9 10,1,70,,287746,6,0,9 10,1,30,,287750,6,0,9 10,1,70,,287747,6,0,9 10,1,30,,287741,6,0,9 10,1,70,,287737,6,0,9 10,1,30,,287759,6,0,9 10,1,70,,287742,6,0,9 10,1,99,,287757,6,0,9 10,1,34,,287748,6,0,9 10,1,68,,287756,6,0,9 10,1,30,,32297,6,0,9 10,1,70,,287745,6,0,9 10,1,30,,28790,6,0,9 10,1,69,,287758,6,0,9 10,1,30,,287751,6,0,9 10,1,69,,143091,6,0,9 10,1,30,,287753,6,0,9 10,1,70,,287744,6,0,9 10,1,30,,20688,6,0,9 10,1,70,,194841,6,0,9 10,1,30,,134107,6,0,9 10,1,71,,131907,6,0,9 10,1
16101,'5',524,,287760,6,0,9 10,1,27,,287763,18,0,9 10,1,70,,205032,18,0,9 10,1,30,,205498,18,0,9 10,1,70,,18501,18,0,9 10,1,30,,287773,18,0,9 10,1,6,,287767,6,,,1,63,,287779,18,0,9 10,1,33,,287776,6,0,9 10,1,70,,287764,6,0,9 10,1,30,,287778,6,0,9 10,1,70,,188919,6,0,9 10,1,30,,287762,6,0,9 10,1,70,,287770,6,0,9 10,1,30,,287774,6,0,9 10,1,70,,287771,6,0,9 10,1,30,,287765,6,0,9 10,1,70,,287761,6,0,9 10,1,30,,287783,6,0,9 10,1,70,,287766,6,0,9 10,1,99,,287781,6,0,9 10,1,34,,287772,6,0,9 10,1,68,,287780,6,0,9 10,1,30,,31965,6,0,9 10,1,70,,287769,6,0,9 10,1,30,,28405,6,0,9 10,1,69,,287782,6,0,9 10,1,30,,287775,6,0,9 10,1,69,,142716,6,0,9 10,1,30,,287777,6,0,9 10,1,70,,287768,6,0,9 10,1,30,,20330,6,0,9 10,1,70,,194146,6,0,9 10,1,30,,133464,6,0,9 10,1,71,,131043,6,0,9 10,1
16101,'6',643,,287789,6,0,9 10,1,100,,287785,6,0,9 10,1,100,,287786,6,0,9 10,1,100,,198006,6,0,9 10,1,100,,287796,6,0,9 10,1,100,,192649,6,0,9 10,1,100,,287791,6,0,9 10,1,100,,167115,6,0,9 10,1,100,,287790,6,0,9 10,1,100,,287798,6,0,9 10,1,100,,287793,6,0,9 10,1,100,,287787,6,0,9 10,1,100,,287784,6,0,9 10,1,100,,287794,6,0,9 10,1,100,,287788,6,0,9 10,1,100,,287797,6,0,9 10,1,100,,287795,6,0,9 10,1,100,,287792,6,0,9 10,1
16101,'7',524,,287821,6,0,9 10,1,27,,287803,18,0,9 10,1,70,,287805,18,0,9 10,1,30,,287826,18,0,9 10,1,70,,287800,18,0,9 10,1,28,,287806,18,0,9 10,1,71,,287813,18,0,9 10,1,33,,130334,6,0,9 10,1,70,,287808,6,0,9 10,1,30,,287811,6,0,9 10,1,70,,190467,6,0,9 10,1,30,,287816,6,0,9 10,1,70,,287810,6,0,9 10,1,30,,129612,6,0,9 10,1,70,,287823,6,0,9 10,1,30,,287820,6,0,9 10,1,70,,287828,6,0,9 10,1,30,,287814,6,0,9 10,1,70,,287818,6,0,9 10,1,30,,287815,6,0,9 10,1,71,,287807,6,0,9 10,1,30,,287827,6,0,9 10,1,69,,287804,6,0,9 10,1,31,,287809,6,0,9 10,1,70,,287802,6,0,9 10,1,31,,287801,6,0,9 10,1,68,,287819,6,0,9 10,1,30,,287824,6,0,9 10,1,69,,287829,6,0,9 10,1,30,,287822,6,0,9 10,1,70,,287799,6,0,9 10,1,30,,287817,6,0,9 10,1,70,,287812,6,0,9 10,1,30,,176578,6,0,9 10,1,71,,287825,6,0,9 10,1
16101,'8',524,,287837,6,0,9 10,1,97,,287843,18,0,9 10,1,99,,287835,18,0,9 10,1,100,,287832,18,0,9 10,1,103,,287842,6,0,9 10,1,100,,287830,6,0,9 10,1,100,,287838,6,0,9 10,1,100,,287844,6,0,9 10,1,100,,287845,6,0,9 10,1,100,,287846,6,0,9 10,1,100,,287833,6,0,9 10,1,100,,287839,6,0,9 10,1,103,,287847,6,0,9 10,1,97,,287840,6,0,9 10,1,99,,287834,6,0,9 10,1,100,,287841,6,0,9 10,1,100,,287836,6,0,9 10,1,101,,287831,6,0,9 10,1
16101,'9',524,,287848,6,0,9 10,1,27,,287851,18,0,9 10,1,70,,205034,18,0,9 10,1,30,,205503,18,0,9 10,1,70,,18777,18,0,9 10,1,30,,287861,18,0,9 10,1,6,,287855,6,,,1,63,,287867,18,0,9 10,1,33,,287864,6,0,9 10,1,70,,287852,6,0,9 10,1,30,,287866,6,0,9 10,1,70,,189287,6,0,9 10,1,30,,287850,6,0,9 10,1,70,,287858,6,0,9 10,1,30,,287862,6,0,9 10,1,70,,287859,6,0,9 10,1,30,,287853,6,0,9 10,1,70,,287849,6,0,9 10,1,30,,287871,6,0,9 10,1,70,,287854,6,0,9 10,1,99,,287869,6,0,9 10,1,34,,287860,6,0,9 10,1,68,,287868,6,0,9 10,1,30,,32137,6,0,9 10,1,70,,287857,6,0,9 10,1,30,,28602,6,0,9 10,1,69,,287870,6,0,9 10,1,30,,287863,6,0,9 10,1,69,,142912,6,0,9 10,1,30,,287865,6,0,9 10,1,70,,287856,6,0,9 10,1,30,,20511,6,0,9 10,1,70,,194493,6,0,9 10,1,30,,133797,6,0,9 10,1,71,,131497,6,0,9 10,1
