3400,'1',756,,32508,30,,,1,100,,32513,30,,,1,96,,32510,30,,,1,70,,32504,30,,,1,30,,32505,30,,,1,70,,32512,30,,,1,30,,32509,30,,,1,70,,32515,30,,,1,30,,32521,30,,,1,70,,32503,30,,,1,30,,32517,30,,,1,70,,32518,30,,,1,30,,32522,30,,,1,70,,32516,30,,,1,82,,32514,30,,,1,18,,32507,30,,,1,30,,32520,30,,,1,70,,32523,30,,,1,30,,32511,30,,,1,70,,32519,30,,,1,83,,32506,30,,,1
3400,'10',549,,32543,33,,,1,75,,32553,30,,,1,31,,32557,30,,,1,71,,32556,30,,,1,30,,32541,30,,,1,49,,32552,33,0,23 24,1,21,,32527,30,,,1,29,,32540,30,,,1,70,,32530,30,,,1,28,,32538,30,,,1,69,,32546,30,,,1,31,,32524,30,,,1,70,,32549,30,,,1,30,,32531,30,,,1,70,,32545,30,,,1,31,,32544,30,,,1,70,,32528,30,,,1,30,,32532,30,,,1,70,,32529,30,,,1,30,,32534,30,,,1,73,,32539,30,,,1,30,,32542,30,,,1,70,,32548,30,,,1,28,,32558,30,,,1,70,,32525,30,,,1,29,,32551,30,,,1,70,,32554,30,,,1,30,,32526,30,,,1,70,,32555,30,,,1,30,,32536,30,,,1,70,,32535,30,,,1,30,,32537,30,,,1,70,,32550,30,,,1,30,,32547,30,,,1
3400,'11',549,,32578,33,,,1,75,,32588,30,,,1,31,,32592,30,,,1,71,,32591,30,,,1,30,,32576,30,,,1,49,,32587,33,0,23 24,1,21,,32562,30,,,1,29,,32575,30,,,1,70,,32565,30,,,1,28,,32573,30,,,1,69,,32581,30,,,1,31,,32559,30,,,1,70,,32584,30,,,1,30,,32566,30,,,1,70,,32580,30,,,1,31,,32579,30,,,1,70,,32563,30,,,1,30,,32567,30,,,1,70,,32564,30,,,1,30,,32569,30,,,1,73,,32574,30,,,1,30,,32577,30,,,1,70,,32583,30,,,1,28,,32593,30,,,1,70,,32560,30,,,1,29,,32586,30,,,1,70,,32589,30,,,1,30,,32561,30,,,1,70,,32590,30,,,1,30,,32571,30,,,1,70,,32570,30,,,1,30,,32572,30,,,1,70,,32585,30,,,1,30,,32582,30,,,1
3400,'12',549,,32613,33,,,1,75,,32623,30,,,1,31,,32627,30,,,1,71,,32626,30,,,1,30,,32611,30,,,1,49,,32622,33,0,23 24,1,21,,32597,30,,,1,29,,32610,30,,,1,70,,32600,30,,,1,28,,32608,30,,,1,69,,32616,30,,,1,31,,32594,30,,,1,70,,32619,30,,,1,30,,32601,30,,,1,70,,32615,30,,,1,31,,32614,30,,,1,70,,32598,30,,,1,30,,32602,30,,,1,70,,32599,30,,,1,30,,32604,30,,,1,73,,32609,30,,,1,30,,32612,30,,,1,70,,32618,30,,,1,28,,32628,30,,,1,70,,32595,30,,,1,29,,32621,30,,,1,70,,32624,30,,,1,30,,32596,30,,,1,70,,32625,30,,,1,30,,32606,30,,,1,70,,32605,30,,,1,30,,32607,30,,,1,70,,32620,30,,,1,30,,32617,30,,,1
3400,'13',549,,32644,33,,,1,75,,32653,30,,,1,31,,32650,30,,,1,71,,32654,30,,,1,30,,32637,30,,,1,70,,32659,30,,,1,29,,32660,30,,,1,70,,32635,30,,,1,28,,32636,30,,,1,69,,32656,30,,,1,31,,32655,30,,,1,70,,32640,30,,,1,30,,32629,30,,,1,70,,32642,30,,,1,31,,32630,30,,,1,70,,32646,30,,,1,30,,32651,30,,,1,70,,32632,30,,,1,30,,32631,30,,,1,73,,32649,30,,,1,30,,32645,30,,,1,70,,32647,30,,,1,28,,32638,30,,,1,70,,32639,30,,,1,29,,32634,30,,,1,70,,32641,30,,,1,30,,32657,30,,,1,70,,32643,30,,,1,30,,32661,30,,,1,70,,32652,30,,,1,30,,32648,30,,,1,70,,32633,30,,,1,30,,32658,30,,,1
3400,'14',706,,32674,30,,,1,100,,32679,30,,,1,30,,32670,30,,,1,70,,32677,30,,,1,30,,32665,30,,,1,70,,32685,30,,,1,30,,32663,30,,,1,70,,32664,30,,,1,30,,32683,30,,,1,70,,32675,30,,,1,30,,32676,30,,,1,70,,32669,30,,,1,30,,32673,30,,,1,70,,32662,30,,,1,30,,32667,30,,,1,70,,32684,30,,,1,30,,32682,30,,,1,70,,32680,30,,,1,30,,32671,30,,,1,70,,32668,30,,,1,30,,32687,30,,,1,70,,32681,30,,,1,30,,32672,30,,,1,70,,32686,30,,,1,30,,32666,30,,,1,75,,32678,30,,,1
3400,'15',549,,32707,33,,,1,75,,32717,30,,,1,31,,32721,30,,,1,71,,32720,30,,,1,30,,32705,30,,,1,49,,32716,33,0,23 24,1,21,,32691,30,,,1,29,,32704,30,,,1,70,,32694,30,,,1,28,,32702,30,,,1,69,,32710,30,,,1,31,,32688,30,,,1,70,,32713,30,,,1,30,,32695,30,,,1,70,,32709,30,,,1,31,,32708,30,,,1,70,,32692,30,,,1,30,,32696,30,,,1,70,,32693,30,,,1,30,,32698,30,,,1,73,,32703,30,,,1,30,,32706,30,,,1,70,,32712,30,,,1,28,,32722,30,,,1,70,,32689,30,,,1,29,,32715,30,,,1,70,,32718,30,,,1,30,,32690,30,,,1,70,,32719,30,,,1,30,,32700,30,,,1,70,,32699,30,,,1,30,,32701,30,,,1,70,,32714,30,,,1,30,,32711,30,,,1
3400,'16',549,,32742,33,,,1,75,,32752,30,,,1,31,,32756,30,,,1,71,,32755,30,,,1,30,,32740,30,,,1,49,,32751,33,0,23 24,1,21,,32726,30,,,1,29,,32739,30,,,1,70,,32729,30,,,1,28,,32737,30,,,1,69,,32745,30,,,1,31,,32723,30,,,1,70,,32748,30,,,1,30,,32730,30,,,1,70,,32744,30,,,1,31,,32743,30,,,1,70,,32727,30,,,1,30,,32731,30,,,1,70,,32728,30,,,1,30,,32733,30,,,1,73,,32738,30,,,1,30,,32741,30,,,1,70,,32747,30,,,1,28,,32757,30,,,1,70,,32724,30,,,1,29,,32750,30,,,1,70,,32753,30,,,1,30,,32725,30,,,1,70,,32754,30,,,1,30,,32735,30,,,1,70,,32734,30,,,1,30,,32736,30,,,1,70,,32749,30,,,1,30,,32746,30,,,1
3400,'17',549,,32773,33,,,1,75,,32782,30,,,1,31,,32779,30,,,1,71,,32783,30,,,1,30,,32766,30,,,1,70,,32788,30,,,1,29,,32789,30,,,1,70,,32764,30,,,1,28,,32765,30,,,1,69,,32785,30,,,1,31,,32784,30,,,1,70,,32769,30,,,1,30,,32758,30,,,1,70,,32771,30,,,1,31,,32759,30,,,1,70,,32775,30,,,1,30,,32780,30,,,1,70,,32761,30,,,1,30,,32760,30,,,1,73,,32778,30,,,1,30,,32774,30,,,1,70,,32776,30,,,1,28,,32767,30,,,1,70,,32768,30,,,1,29,,32763,30,,,1,70,,32770,30,,,1,30,,32786,30,,,1,70,,32772,30,,,1,30,,32790,30,,,1,70,,32781,30,,,1,30,,32777,30,,,1,70,,32762,30,,,1,30,,32787,30,,,1
3400,'18',549,,32816,33,,,1,75,,32812,30,,,1,31,,32796,30,,,1,71,,32794,30,,,1,30,,32808,30,,,1,70,,32795,30,,,1,29,,32813,30,,,1,70,,32823,30,,,1,28,,32806,30,,,1,69,,32799,30,,,1,31,,32820,30,,,1,70,,32804,30,,,1,30,,32814,30,,,1,70,,32802,30,,,1,31,,32811,30,,,1,70,,32819,30,,,1,30,,32793,30,,,1,70,,32810,30,,,1,30,,32818,30,,,1,73,,32792,30,,,1,30,,32817,30,,,1,70,,32805,30,,,1,28,,32797,30,,,1,70,,32821,30,,,1,29,,32807,30,,,1,70,,32791,30,,,1,30,,32801,30,,,1,70,,32822,30,,,1,30,,32798,30,,,1,70,,32815,30,,,1,30,,32800,30,,,1,70,,32803,30,,,1,30,,32809,30,,,1
3400,'19',549,,32839,33,,,1,75,,32848,30,,,1,31,,32845,30,,,1,71,,32849,30,,,1,30,,32832,30,,,1,70,,32854,30,,,1,29,,32855,30,,,1,70,,32830,30,,,1,28,,32831,30,,,1,69,,32851,30,,,1,31,,32850,30,,,1,70,,32835,30,,,1,30,,32824,30,,,1,70,,32837,30,,,1,31,,32825,30,,,1,70,,32841,30,,,1,30,,32846,30,,,1,70,,32827,30,,,1,30,,32826,30,,,1,73,,32844,30,,,1,30,,32840,30,,,1,70,,32842,30,,,1,28,,32833,30,,,1,70,,32834,30,,,1,29,,32829,30,,,1,70,,32836,30,,,1,30,,32852,30,,,1,70,,32838,30,,,1,30,,32856,30,,,1,70,,32847,30,,,1,30,,32843,30,,,1,70,,32828,30,,,1,30,,32853,30,,,1
3400,'2',756,,32862,30,,,1,100,,32867,30,,,1,96,,32864,30,,,1,70,,32858,30,,,1,30,,32859,30,,,1,70,,32866,30,,,1,30,,32863,30,,,1,70,,32869,30,,,1,30,,32875,30,,,1,70,,32857,30,,,1,30,,32871,30,,,1,70,,32872,30,,,1,30,,32876,30,,,1,70,,32870,30,,,1,82,,32868,30,,,1,18,,32861,30,,,1,30,,32874,30,,,1,70,,32877,30,,,1,30,,32865,30,,,1,70,,32873,30,,,1,83,,32860,30,,,1
3400,'3',549,,32897,33,,,1,75,,32907,30,,,1,31,,32911,30,,,1,71,,32910,30,,,1,30,,32895,30,,,1,49,,32906,33,0,23 24,1,21,,32881,30,,,1,29,,32894,30,,,1,70,,32884,30,,,1,28,,32892,30,,,1,69,,32900,30,,,1,31,,32878,30,,,1,70,,32903,30,,,1,30,,32885,30,,,1,70,,32899,30,,,1,31,,32898,30,,,1,70,,32882,30,,,1,30,,32886,30,,,1,70,,32883,30,,,1,30,,32888,30,,,1,73,,32893,30,,,1,30,,32896,30,,,1,70,,32902,30,,,1,28,,32912,30,,,1,70,,32879,30,,,1,29,,32905,30,,,1,70,,32908,30,,,1,30,,32880,30,,,1,70,,32909,30,,,1,30,,32890,30,,,1,70,,32889,30,,,1,30,,32891,30,,,1,70,,32904,30,,,1,30,,32901,30,,,1
3400,'4',549,,32932,33,,,1,75,,32942,30,,,1,31,,32946,30,,,1,71,,32945,30,,,1,30,,32930,30,,,1,49,,32941,33,0,23 24,1,21,,32916,30,,,1,29,,32929,30,,,1,70,,32919,30,,,1,28,,32927,30,,,1,69,,32935,30,,,1,31,,32913,30,,,1,70,,32938,30,,,1,30,,32920,30,,,1,70,,32934,30,,,1,31,,32933,30,,,1,70,,32917,30,,,1,30,,32921,30,,,1,70,,32918,30,,,1,30,,32923,30,,,1,73,,32928,30,,,1,30,,32931,30,,,1,70,,32937,30,,,1,28,,32947,30,,,1,70,,32914,30,,,1,29,,32940,30,,,1,70,,32943,30,,,1,30,,32915,30,,,1,70,,32944,30,,,1,30,,32925,30,,,1,70,,32924,30,,,1,30,,32926,30,,,1,70,,32939,30,,,1,30,,32936,30,,,1
3400,'5',549,,32963,33,,,1,75,,32972,30,,,1,31,,32969,30,,,1,71,,32973,30,,,1,30,,32956,30,,,1,70,,32978,30,,,1,29,,32979,30,,,1,70,,32954,30,,,1,28,,32955,30,,,1,69,,32975,30,,,1,31,,32974,30,,,1,70,,32959,30,,,1,30,,32948,30,,,1,70,,32961,30,,,1,31,,32949,30,,,1,70,,32965,30,,,1,30,,32970,30,,,1,70,,32951,30,,,1,30,,32950,30,,,1,73,,32968,30,,,1,30,,32964,30,,,1,70,,32966,30,,,1,28,,32957,30,,,1,70,,32958,30,,,1,29,,32953,30,,,1,70,,32960,30,,,1,30,,32976,30,,,1,70,,32962,30,,,1,30,,32980,30,,,1,70,,32971,30,,,1,30,,32967,30,,,1,70,,32952,30,,,1,30,,32977,30,,,1
3400,'6',549,,33000,33,,,1,75,,33010,30,,,1,31,,33014,30,,,1,71,,33013,30,,,1,30,,32998,30,,,1,49,,33009,33,0,23 24,1,21,,32984,30,,,1,29,,32997,30,,,1,70,,32987,30,,,1,28,,32995,30,,,1,69,,33003,30,,,1,31,,32981,30,,,1,70,,33006,30,,,1,30,,32988,30,,,1,70,,33002,30,,,1,31,,33001,30,,,1,70,,32985,30,,,1,30,,32989,30,,,1,70,,32986,30,,,1,30,,32991,30,,,1,73,,32996,30,,,1,30,,32999,30,,,1,70,,33005,30,,,1,28,,33015,30,,,1,70,,32982,30,,,1,29,,33008,30,,,1,70,,33011,30,,,1,30,,32983,30,,,1,70,,33012,30,,,1,30,,32993,30,,,1,70,,32992,30,,,1,30,,32994,30,,,1,70,,33007,30,,,1,30,,33004,30,,,1
3400,'7',549,,33031,33,,,1,75,,33040,30,,,1,31,,33037,30,,,1,71,,33041,30,,,1,30,,33024,30,,,1,70,,33046,30,,,1,29,,33047,30,,,1,70,,33022,30,,,1,28,,33023,30,,,1,69,,33043,30,,,1,31,,33042,30,,,1,70,,33027,30,,,1,30,,33016,30,,,1,70,,33029,30,,,1,31,,33017,30,,,1,70,,33033,30,,,1,30,,33038,30,,,1,70,,33019,30,,,1,30,,33018,30,,,1,73,,33036,30,,,1,30,,33032,30,,,1,70,,33034,30,,,1,28,,33025,30,,,1,70,,33026,30,,,1,29,,33021,30,,,1,70,,33028,30,,,1,30,,33044,30,,,1,70,,33030,30,,,1,30,,33048,30,,,1,70,,33039,30,,,1,30,,33035,30,,,1,70,,33020,30,,,1,30,,33045,30,,,1
3400,'8',706,,33061,30,,,1,100,,33066,30,,,1,30,,33057,30,,,1,70,,33064,30,,,1,30,,33052,30,,,1,70,,33072,30,,,1,30,,33050,30,,,1,70,,33051,30,,,1,30,,33070,30,,,1,70,,33062,30,,,1,30,,33063,30,,,1,70,,33056,30,,,1,30,,33060,30,,,1,70,,33049,30,,,1,30,,33054,30,,,1,70,,33071,30,,,1,30,,33069,30,,,1,70,,33067,30,,,1,30,,33058,30,,,1,70,,33055,30,,,1,30,,33074,30,,,1,70,,33068,30,,,1,30,,33059,30,,,1,70,,33073,30,,,1,30,,33053,30,,,1,75,,33065,30,,,1
3400,'9',756,,33080,30,,,1,100,,33085,30,,,1,96,,33082,30,,,1,70,,33076,30,,,1,30,,33077,30,,,1,70,,33084,30,,,1,30,,33081,30,,,1,70,,33087,30,,,1,30,,33093,30,,,1,70,,33075,30,,,1,30,,33089,30,,,1,70,,33090,30,,,1,30,,33094,30,,,1,70,,33088,30,,,1,82,,33086,30,,,1,18,,33079,30,,,1,30,,33092,30,,,1,70,,33095,30,,,1,30,,33083,30,,,1,70,,33091,30,,,1,83,,33078,30,,,1
63401,'10',1451,,118702,34,,,1
63401,'11',1451,,118703,34,,,1
63401,'12',1451,,118704,34,,,1
63401,'15',1451,,118705,34,,,1
63401,'16',1451,,118706,34,,,1
63401,'3',1451,,118707,34,,,1
63401,'4',1451,,118708,34,,,1
63401,'6',1451,,118709,34,,,1
