16100,'1',722,,107639,25,,,1,100,,107641,25,,,1,100,,107650,25,,,1,100,,107640,25,,,1,100,,107643,25,,,1,101,,107646,25,,,1,100,,107648,25,,,1,100,,107645,25,,,1,100,,107655,25,,,1,100,,107644,25,,,1,100,,107647,25,,,1,99,,107653,25,,,1,100,,107651,25,,,1,100,,107649,25,,,1,100,,107654,25,,,1,100,,107652,25,,,1,100,,107642,25,,,1
16100,'10',544,,107686,25,,,1,74,,107656,25,,,1,15,,107676,25,,,1,70,,107669,25,,,1,32,,107683,25,,,1,68,,107672,25,,,1,30,,107677,25,,,1,70,,107666,25,,,1,28,,107689,25,,,1,70,,107675,25,,,1,30,,107657,25,,,1,70,,107684,25,,,1,30,,107679,25,,,1,70,,107662,25,,,1,30,,107658,25,,,1,70,,107668,25,,,1,30,,107680,25,,,1,70,,107690,25,,,1,100,,107691,25,,,1,35,,107688,25,,,1,70,,107687,25,,,1,28,,107678,25,,,1,70,,107661,25,,,1,30,,107664,25,,,1,70,,107682,25,,,1,27,,107663,25,,,1,70,,107671,25,,,1,30,,107667,25,,,1,70,,107681,25,,,1,28,,107673,25,,,1,30,,107674,25,,,1,70,,107659,25,,,1,30,,107660,25,,,1,100,,107685,25,,,1
16100,'11',544,,107722,25,,,1,74,,107692,25,,,1,15,,107712,25,,,1,70,,107705,25,,,1,32,,107719,25,,,1,68,,107708,25,,,1,30,,107713,25,,,1,70,,107702,25,,,1,28,,107725,25,,,1,70,,107711,25,,,1,30,,107693,25,,,1,70,,107720,25,,,1,30,,107715,25,,,1,70,,107698,25,,,1,30,,107694,25,,,1,70,,107704,25,,,1,30,,107716,25,,,1,70,,107726,25,,,1,100,,107727,25,,,1,35,,107724,25,,,1,70,,107723,25,,,1,28,,107714,25,,,1,70,,107697,25,,,1,30,,107700,25,,,1,70,,107718,25,,,1,27,,107699,25,,,1,70,,107707,25,,,1,30,,107703,25,,,1,70,,107717,25,,,1,28,,107709,25,,,1,30,,107710,25,,,1,70,,107695,25,,,1,30,,107696,25,,,1,100,,107721,25,,,1
16100,'12',544,,107758,25,,,1,74,,107728,25,,,1,15,,107748,25,,,1,70,,107741,25,,,1,32,,107755,25,,,1,68,,107744,25,,,1,30,,107749,25,,,1,70,,107738,25,,,1,28,,107761,25,,,1,70,,107747,25,,,1,30,,107729,25,,,1,70,,107756,25,,,1,30,,107751,25,,,1,70,,107734,25,,,1,30,,107730,25,,,1,70,,107740,25,,,1,30,,107752,25,,,1,70,,107762,25,,,1,100,,107763,25,,,1,35,,107760,25,,,1,70,,107759,25,,,1,28,,107750,25,,,1,70,,107733,25,,,1,30,,107736,25,,,1,70,,107754,25,,,1,27,,107735,25,,,1,70,,107743,25,,,1,30,,107739,25,,,1,70,,107753,25,,,1,28,,107745,25,,,1,30,,107746,25,,,1,70,,107731,25,,,1,30,,107732,25,,,1,100,,107757,25,,,1
16100,'13',544,,107793,25,,,1,74,,107794,25,,,1,15,,107786,25,,,1,70,,107790,25,,,1,30,,107766,25,,,1,70,,107798,25,,,1,30,,107768,25,,,1,70,,107788,25,,,1,28,,107783,25,,,1,70,,107765,25,,,1,30,,107787,25,,,1,70,,107796,25,,,1,30,,107797,25,,,1,70,,107784,25,,,1,30,,107771,25,,,1,70,,107779,25,,,1,30,,107791,25,,,1,70,,107782,25,,,1,30,,107764,25,,,1,70,,107777,25,,,1,33,,107792,25,,,1,68,,107769,25,,,1,30,,107770,25,,,1,72,,107773,25,,,1,30,,107785,25,,,1,70,,107778,25,,,1,27,,107774,25,,,1,70,,107767,25,,,1,30,,107772,25,,,1,70,,107776,25,,,1,28,,107781,25,,,1,30,,107795,25,,,1,70,,107789,25,,,1,30,,107780,25,,,1,100,,107775,25,,,1
16100,'14',717,,107814,25,,,1,100,,107801,25,,,1,100,,107811,25,,,1,100,,107810,25,,,1,100,,107806,25,,,1,101,,107809,25,,,1,100,,107812,25,,,1,100,,107802,25,,,1,100,,107803,25,,,1,100,,107807,25,,,1,100,,107808,25,,,1,99,,107813,25,,,1,100,,107805,25,,,1,100,,107804,25,,,1,100,,107800,25,,,1,100,,107799,25,,,1
16100,'15',544,,107845,25,,,1,74,,107815,25,,,1,15,,107835,25,,,1,70,,107828,25,,,1,32,,107842,25,,,1,68,,107831,25,,,1,30,,107836,25,,,1,70,,107825,25,,,1,28,,107848,25,,,1,70,,107834,25,,,1,30,,107816,25,,,1,70,,107843,25,,,1,30,,107838,25,,,1,70,,107821,25,,,1,30,,107817,25,,,1,70,,107827,25,,,1,30,,107839,25,,,1,70,,107849,25,,,1,100,,107850,25,,,1,35,,107847,25,,,1,70,,107846,25,,,1,28,,107837,25,,,1,70,,107820,25,,,1,30,,107823,25,,,1,70,,107841,25,,,1,27,,107822,25,,,1,70,,107830,25,,,1,30,,107826,25,,,1,70,,107840,25,,,1,28,,107832,25,,,1,30,,107833,25,,,1,70,,107818,25,,,1,30,,107819,25,,,1,100,,107844,25,,,1
16100,'16',544,,107881,25,,,1,74,,107851,25,,,1,15,,107871,25,,,1,70,,107864,25,,,1,32,,107878,25,,,1,68,,107867,25,,,1,30,,107872,25,,,1,70,,107861,25,,,1,28,,107884,25,,,1,70,,107870,25,,,1,30,,107852,25,,,1,70,,107879,25,,,1,30,,107874,25,,,1,70,,107857,25,,,1,30,,107853,25,,,1,70,,107863,25,,,1,30,,107875,25,,,1,70,,107885,25,,,1,100,,107886,25,,,1,35,,107883,25,,,1,70,,107882,25,,,1,28,,107873,25,,,1,70,,107856,25,,,1,30,,107859,25,,,1,70,,107877,25,,,1,27,,107858,25,,,1,70,,107866,25,,,1,30,,107862,25,,,1,70,,107876,25,,,1,28,,107868,25,,,1,30,,107869,25,,,1,70,,107854,25,,,1,30,,107855,25,,,1,100,,107880,25,,,1
16100,'17',544,,107916,25,,,1,74,,107917,25,,,1,15,,107909,25,,,1,70,,107913,25,,,1,30,,107889,25,,,1,70,,107921,25,,,1,30,,107891,25,,,1,70,,107911,25,,,1,28,,107906,25,,,1,70,,107888,25,,,1,30,,107910,25,,,1,70,,107919,25,,,1,30,,107920,25,,,1,70,,107907,25,,,1,30,,107894,25,,,1,70,,107902,25,,,1,30,,107914,25,,,1,70,,107905,25,,,1,30,,107887,25,,,1,70,,107900,25,,,1,33,,107915,25,,,1,68,,107892,25,,,1,30,,107893,25,,,1,72,,107896,25,,,1,30,,107908,25,,,1,70,,107901,25,,,1,27,,107897,25,,,1,70,,107890,25,,,1,30,,107895,25,,,1,70,,107899,25,,,1,28,,107904,25,,,1,30,,107918,25,,,1,70,,107912,25,,,1,30,,107903,25,,,1,100,,107898,25,,,1
16100,'18',544,,107924,25,,,1,89,,107931,25,,,1,98,,107929,25,,,1,102,,107932,25,,,1,98,,107925,25,,,1,100,,107938,25,,,1,100,,107936,25,,,1,100,,107926,25,,,1,100,,107922,25,,,1,100,,107923,25,,,1,103,,107933,25,,,1,102,,107939,25,,,1,98,,107928,25,,,1,97,,107927,25,,,1,100,,107940,25,,,1,98,,107934,25,,,1,100,,107930,25,,,1,100,,107935,25,,,1,30,,107937,25,,,1
16100,'19',544,,107970,25,,,1,74,,107971,25,,,1,15,,107963,25,,,1,70,,107967,25,,,1,30,,107943,25,,,1,70,,107975,25,,,1,30,,107945,25,,,1,70,,107965,25,,,1,28,,107960,25,,,1,70,,107942,25,,,1,30,,107964,25,,,1,70,,107973,25,,,1,30,,107974,25,,,1,70,,107961,25,,,1,30,,107948,25,,,1,70,,107956,25,,,1,30,,107968,25,,,1,70,,107959,25,,,1,30,,107941,25,,,1,70,,107954,25,,,1,33,,107969,25,,,1,68,,107946,25,,,1,30,,107947,25,,,1,72,,107950,25,,,1,30,,107962,25,,,1,70,,107955,25,,,1,27,,107951,25,,,1,70,,107944,25,,,1,30,,107949,25,,,1,70,,107953,25,,,1,28,,107958,25,,,1,30,,107972,25,,,1,70,,107966,25,,,1,30,,107957,25,,,1,100,,107952,25,,,1
16100,'2',722,,107976,25,,,1,100,,107978,25,,,1,100,,107987,25,,,1,100,,107977,25,,,1,100,,107980,25,,,1,101,,107983,25,,,1,100,,107985,25,,,1,100,,107982,25,,,1,100,,107992,25,,,1,100,,107981,25,,,1,100,,107984,25,,,1,99,,107990,25,,,1,100,,107988,25,,,1,100,,107986,25,,,1,100,,107991,25,,,1,100,,107989,25,,,1,100,,107979,25,,,1
16100,'3',544,,108023,25,,,1,74,,107993,25,,,1,15,,108013,25,,,1,70,,108006,25,,,1,32,,108020,25,,,1,68,,108009,25,,,1,30,,108014,25,,,1,70,,108003,25,,,1,28,,108026,25,,,1,70,,108012,25,,,1,30,,107994,25,,,1,70,,108021,25,,,1,30,,108016,25,,,1,70,,107999,25,,,1,30,,107995,25,,,1,70,,108005,25,,,1,30,,108017,25,,,1,70,,108027,25,,,1,100,,108028,25,,,1,35,,108025,25,,,1,70,,108024,25,,,1,28,,108015,25,,,1,70,,107998,25,,,1,30,,108001,25,,,1,70,,108019,25,,,1,27,,108000,25,,,1,70,,108008,25,,,1,30,,108004,25,,,1,70,,108018,25,,,1,28,,108010,25,,,1,30,,108011,25,,,1,70,,107996,25,,,1,30,,107997,25,,,1,100,,108022,25,,,1
16100,'4',544,,108059,25,,,1,74,,108029,25,,,1,15,,108049,25,,,1,70,,108042,25,,,1,32,,108056,25,,,1,68,,108045,25,,,1,30,,108050,25,,,1,70,,108039,25,,,1,28,,108062,25,,,1,70,,108048,25,,,1,30,,108030,25,,,1,70,,108057,25,,,1,30,,108052,25,,,1,70,,108035,25,,,1,30,,108031,25,,,1,70,,108041,25,,,1,30,,108053,25,,,1,70,,108063,25,,,1,100,,108064,25,,,1,35,,108061,25,,,1,70,,108060,25,,,1,28,,108051,25,,,1,70,,108034,25,,,1,30,,108037,25,,,1,70,,108055,25,,,1,27,,108036,25,,,1,70,,108044,25,,,1,30,,108040,25,,,1,70,,108054,25,,,1,28,,108046,25,,,1,30,,108047,25,,,1,70,,108032,25,,,1,30,,108033,25,,,1,100,,108058,25,,,1
16100,'5',544,,108094,25,,,1,74,,108095,25,,,1,15,,108087,25,,,1,70,,108091,25,,,1,30,,108067,25,,,1,70,,108099,25,,,1,30,,108069,25,,,1,70,,108089,25,,,1,28,,108084,25,,,1,70,,108066,25,,,1,30,,108088,25,,,1,70,,108097,25,,,1,30,,108098,25,,,1,70,,108085,25,,,1,30,,108072,25,,,1,70,,108080,25,,,1,30,,108092,25,,,1,70,,108083,25,,,1,30,,108065,25,,,1,70,,108078,25,,,1,33,,108093,25,,,1,68,,108070,25,,,1,30,,108071,25,,,1,72,,108074,25,,,1,30,,108086,25,,,1,70,,108079,25,,,1,27,,108075,25,,,1,70,,108068,25,,,1,30,,108073,25,,,1,70,,108077,25,,,1,28,,108082,25,,,1,30,,108096,25,,,1,70,,108090,25,,,1,30,,108081,25,,,1,100,,108076,25,,,1
16100,'6',544,,108130,25,,,1,74,,108100,25,,,1,15,,108120,25,,,1,70,,108113,25,,,1,32,,108127,25,,,1,68,,108116,25,,,1,30,,108121,25,,,1,70,,108110,25,,,1,28,,108133,25,,,1,70,,108119,25,,,1,30,,108101,25,,,1,70,,108128,25,,,1,30,,108123,25,,,1,70,,108106,25,,,1,30,,108102,25,,,1,70,,108112,25,,,1,30,,108124,25,,,1,70,,108134,25,,,1,100,,108135,25,,,1,35,,108132,25,,,1,70,,108131,25,,,1,28,,108122,25,,,1,70,,108105,25,,,1,30,,108108,25,,,1,70,,108126,25,,,1,27,,108107,25,,,1,70,,108115,25,,,1,30,,108111,25,,,1,70,,108125,25,,,1,28,,108117,25,,,1,30,,108118,25,,,1,70,,108103,25,,,1,30,,108104,25,,,1,100,,108129,25,,,1
16100,'7',544,,108165,25,,,1,74,,108166,25,,,1,15,,108158,25,,,1,70,,108162,25,,,1,30,,108138,25,,,1,70,,108170,25,,,1,30,,108140,25,,,1,70,,108160,25,,,1,28,,108155,25,,,1,70,,108137,25,,,1,30,,108159,25,,,1,70,,108168,25,,,1,30,,108169,25,,,1,70,,108156,25,,,1,30,,108143,25,,,1,70,,108151,25,,,1,30,,108163,25,,,1,70,,108154,25,,,1,30,,108136,25,,,1,70,,108149,25,,,1,33,,108164,25,,,1,68,,108141,25,,,1,30,,108142,25,,,1,72,,108145,25,,,1,30,,108157,25,,,1,70,,108150,25,,,1,27,,108146,25,,,1,70,,108139,25,,,1,30,,108144,25,,,1,70,,108148,25,,,1,28,,108153,25,,,1,30,,108167,25,,,1,70,,108161,25,,,1,30,,108152,25,,,1,100,,108147,25,,,1
16100,'8',717,,108186,25,,,1,100,,108173,25,,,1,100,,108183,25,,,1,100,,108182,25,,,1,100,,108178,25,,,1,101,,108181,25,,,1,100,,108184,25,,,1,100,,108174,25,,,1,100,,108175,25,,,1,100,,108179,25,,,1,100,,108180,25,,,1,99,,108185,25,,,1,100,,108177,25,,,1,100,,108176,25,,,1,100,,108172,25,,,1,100,,108171,25,,,1
16100,'9',722,,108187,25,,,1,100,,108189,25,,,1,100,,108198,25,,,1,100,,108188,25,,,1,100,,108191,25,,,1,101,,108194,25,,,1,100,,108196,25,,,1,100,,108193,25,,,1,100,,108203,25,,,1,100,,108192,25,,,1,100,,108195,25,,,1,99,,108201,25,,,1,100,,108199,25,,,1,100,,108197,25,,,1,100,,108202,25,,,1,100,,108200,25,,,1,100,,108190,25,,,1
26500,'10',548,,117044,21,,,1,70,,117043,21,,,1,28,,117042,21,,,1,68,,117046,21,,,1,28,,117047,21,,,1,72,,117041,21,,,1,35,,117045,21,,,1
26500,'11',548,,117051,21,,,1,70,,117050,21,,,1,28,,117049,21,,,1,68,,117053,21,,,1,28,,117054,21,,,1,72,,117048,21,,,1,35,,117052,21,,,1
26500,'12',548,,117058,21,,,1,70,,117057,21,,,1,28,,117056,21,,,1,68,,117060,21,,,1,28,,117061,21,,,1,72,,117055,21,,,1,35,,117059,21,,,1
26500,'13',548,,117064,21,,,1,70,,117067,21,,,1,28,,117063,21,,,1,68,,117066,21,,,1,29,,117062,21,,,1,71,,117068,21,,,1,36,,117065,21,,,1
26500,'15',548,,117072,21,,,1,70,,117071,21,,,1,28,,117070,21,,,1,68,,117074,21,,,1,28,,117075,21,,,1,72,,117069,21,,,1,35,,117073,21,,,1
26500,'16',548,,117079,21,,,1,70,,117078,21,,,1,28,,117077,21,,,1,68,,117081,21,,,1,28,,117082,21,,,1,72,,117076,21,,,1,35,,117080,21,,,1
26500,'17',548,,117085,21,,,1,70,,117088,21,,,1,28,,117084,21,,,1,68,,117087,21,,,1,29,,117083,21,,,1,71,,117089,21,,,1,36,,117086,21,,,1
26500,'18',548,,117093,21,,,1,96,,117090,21,,,1,101,,117091,21,,,1,105,,117092,21,,,1
26500,'19',548,,117096,21,,,1,70,,117099,21,,,1,28,,117095,21,,,1,68,,117098,21,,,1,29,,117094,21,,,1,71,,117100,21,,,1,36,,117097,21,,,1
26500,'3',548,,117104,21,,,1,70,,117103,21,,,1,28,,117102,21,,,1,68,,117106,21,,,1,28,,117107,21,,,1,72,,117101,21,,,1,35,,117105,21,,,1
26500,'4',548,,117111,21,,,1,70,,117110,21,,,1,28,,117109,21,,,1,68,,117113,21,,,1,28,,117114,21,,,1,72,,117108,21,,,1,35,,117112,21,,,1
26500,'5',548,,117117,21,,,1,70,,117120,21,,,1,28,,117116,21,,,1,68,,117119,21,,,1,29,,117115,21,,,1,71,,117121,21,,,1,36,,117118,21,,,1
26500,'6',548,,117125,21,,,1,70,,117124,21,,,1,28,,117123,21,,,1,68,,117127,21,,,1,28,,117128,21,,,1,72,,117122,21,,,1,35,,117126,21,,,1
26500,'7',548,,117131,21,,,1,70,,117134,21,,,1,28,,117130,21,,,1,68,,117133,21,,,1,29,,117129,21,,,1,71,,117135,21,,,1,36,,117132,21,,,1
66100,'10',820,,119150,26,,,1
66100,'11',820,,119151,26,,,1
66100,'12',820,,119152,26,,,1
66100,'15',820,,119153,26,,,1
66100,'16',820,,119154,26,,,1
66100,'3',820,,119155,26,,,1
66100,'4',820,,119156,26,,,1
66100,'6',820,,119157,26,,,1
66300,'10',809,,119178,25,,,1,2,,119179,25,,,1,3,,119177,25,,,1
66300,'11',809,,119184,25,,,1,2,,119185,25,,,1,3,,119183,25,,,1
66300,'12',809,,119190,25,,,1,2,,119191,25,,,1,3,,119189,25,,,1
66300,'15',809,,119196,25,,,1,2,,119197,25,,,1,3,,119195,25,,,1
66300,'16',809,,119202,25,,,1,2,,119203,25,,,1,3,,119201,25,,,1
66300,'3',809,,119208,25,,,1,2,,119209,25,,,1,3,,119207,25,,,1
66300,'4',809,,119214,25,,,1,2,,119215,25,,,1,3,,119213,25,,,1
66300,'6',809,,119220,25,,,1,2,,119221,25,,,1,3,,119219,25,,,1
66400,'10',806,,119264,15,,,1,4,,119263,15,,,1,11,,119262,15,,,1
66400,'11',806,,119267,15,,,1,4,,119266,15,,,1,11,,119265,15,,,1
66400,'12',806,,119270,15,,,1,4,,119269,15,,,1,11,,119268,15,,,1
66400,'15',806,,119273,15,,,1,4,,119272,15,,,1,11,,119271,15,,,1
66400,'16',806,,119276,15,,,1,4,,119275,15,,,1,11,,119274,15,,,1
66400,'3',806,,119279,15,,,1,4,,119278,15,,,1,11,,119277,15,,,1
66400,'4',806,,119282,15,,,1,4,,119281,15,,,1,11,,119280,15,,,1
66400,'6',806,,119285,15,,,1,4,,119284,15,,,1,11,,119283,15,,,1
67401,'10',1446,,119796,8,,,1,2,,119794,8,,,1
67401,'11',1446,,119803,8,,,1,2,,119801,8,,,1
67401,'12',1446,,119810,8,,,1,2,,119808,8,,,1
67401,'15',1446,,119817,8,,,1,2,,119815,8,,,1
67401,'16',1446,,119824,8,,,1,2,,119822,8,,,1
67401,'3',1446,,119831,8,,,1,2,,119829,8,,,1
67401,'4',1446,,119838,8,,,1,2,,119836,8,,,1
67401,'6',1446,,119845,8,,,1,2,,119843,8,,,1
