4301,'12',617,,241136,23,,,1,95,,241144,23,,,1,35,,241148,23,,,1,70,,241141,23,,,1,32,,241143,23,,,1,97,,155120,23,,,1,100,,241139,23,,,1,99,,241140,23,,,1,101,,241138,23,,,1,100,,241137,23,,,1,101,,241147,23,,,1,106,,241145,23,,,1,268,,241149,23,,,1,25,,68299,23,,,1,98,,173102,23,,,1,100,,241150,23,,,1,100,,241151,23,,,1,94,,241142,23,,,1,100,,241146,23,,,1
4301,'14',617,,241158,23,,,1,30,,241164,23,,,1,65,,241166,23,,,1,33,,154192,23,,,1,73,,175636,23,,,1,29,,241160,23,,,1,99,,153831,23,,,1,100,,164976,23,,,1,99,,241165,23,,,1,101,,241167,23,,,1,100,,241159,23,,,1,101,,241163,23,,,1,106,,241162,23,,,1,268,,241154,23,,,1,25,,241161,23,,,1,98,,241155,23,,,1,100,,241152,23,,,1,100,,241153,23,,,1,94,,241156,23,,,1,100,,241157,23,,,1
4301,'15',617,,241168,23,,,1,95,,241176,23,,,1,35,,241180,23,,,1,70,,241173,23,,,1,32,,241175,23,,,1,97,,155299,23,,,1,100,,241171,23,,,1,99,,241172,23,,,1,101,,241170,23,,,1,100,,241169,23,,,1,101,,241179,23,,,1,106,,241177,23,,,1,268,,241181,23,,,1,25,,68961,23,,,1,98,,173271,23,,,1,100,,241182,23,,,1,100,,241183,23,,,1,94,,241174,23,,,1,100,,241178,23,,,1
4301,'17',617,,241190,23,,,1,30,,241196,23,,,1,65,,241198,23,,,1,33,,154120,23,,,1,73,,49804,23,,,1,29,,241192,23,,,1,99,,98040,23,,,1,100,,164901,23,,,1,99,,241197,23,,,1,101,,241199,23,,,1,100,,241191,23,,,1,101,,241195,23,,,1,106,,241194,23,,,1,268,,241186,23,,,1,25,,241193,23,,,1,98,,241187,23,,,1,100,,241184,23,,,1,100,,241185,23,,,1,94,,241188,23,,,1,100,,241189,23,,,1
4301,'18',617,,241206,23,,,1,30,,241212,23,,,1,65,,241214,23,,,1,33,,23651,23,,,1,73,,175789,23,,,1,29,,241208,23,,,1,99,,153861,23,,,1,100,,165073,23,,,1,99,,241213,23,,,1,101,,241215,23,,,1,100,,241207,23,,,1,101,,241211,23,,,1,106,,241210,23,,,1,268,,241202,23,,,1,25,,241209,23,,,1,98,,241203,23,,,1,100,,241200,23,,,1,100,,241201,23,,,1,94,,241204,23,,,1,100,,241205,23,,,1
4301,'2',617,,241221,23,,,1,30,,241228,23,,,1,65,,241229,23,,,1,33,,241231,23,,,1,73,,241225,23,,,1,29,,241223,23,,,1,99,,241219,23,,,1,100,,241230,23,,,1,99,,169838,23,,,1,101,,241232,23,,,1,100,,241222,23,,,1,101,,241227,23,,,1,106,,241226,23,,,1,268,,176948,23,,,1,25,,241224,23,,,1,98,,241218,23,,,1,100,,241216,23,,,1,100,,241217,23,,,1,94,,241220,23,,,1,100,,145293,23,,,1
4301,'3',617,,105517,23,,,1,95,,241238,23,,,1,35,,241244,23,,,1,70,,152294,23,,,1,32,,241237,23,,,1,97,,241241,23,,,1,100,,135663,23,,,1,99,,241236,23,,,1,101,,241235,23,,,1,100,,241234,23,,,1,101,,241243,23,,,1,106,,241239,23,,,1,268,,241245,23,,,1,25,,241242,23,,,1,98,,241233,23,,,1,100,,241246,23,,,1,100,,241247,23,,,1,94,,174525,23,,,1,100,,241240,23,,,1
4301,'4',617,,241248,23,,,1,95,,241256,23,,,1,35,,241260,23,,,1,70,,241253,23,,,1,32,,241255,23,,,1,97,,155382,23,,,1,100,,241251,23,,,1,99,,241252,23,,,1,101,,241250,23,,,1,100,,241249,23,,,1,101,,241259,23,,,1,106,,241257,23,,,1,268,,241261,23,,,1,25,,68892,23,,,1,98,,173343,23,,,1,100,,241262,23,,,1,100,,241263,23,,,1,94,,241254,23,,,1,100,,241258,23,,,1
4301,'5',617,,241264,23,,,1,95,,241272,23,,,1,35,,241276,23,,,1,70,,241269,23,,,1,32,,241271,23,,,1,97,,154732,23,,,1,100,,241267,23,,,1,99,,241268,23,,,1,101,,241266,23,,,1,100,,241265,23,,,1,101,,241275,23,,,1,106,,241273,23,,,1,268,,241277,23,,,1,25,,68230,23,,,1,98,,172737,23,,,1,100,,241278,23,,,1,100,,241279,23,,,1,94,,241270,23,,,1,100,,241274,23,,,1
4301,'7',617,,124535,23,,,1,30,,241292,23,,,1,65,,241294,23,,,1,33,,241296,23,,,1,73,,241289,23,,,1,29,,241287,23,,,1,99,,241283,23,,,1,100,,241295,23,,,1,99,,241293,23,,,1,101,,191456,23,,,1,100,,241286,23,,,1,101,,241291,23,,,1,106,,241290,23,,,1,268,,241282,23,,,1,25,,241288,23,,,1,98,,181612,23,,,1,100,,241280,23,,,1,100,,241281,23,,,1,94,,241284,23,,,1,100,,241285,23,,,1
4301,'8',617,,241312,23,,,1,30,,241316,23,,,1,65,,241315,23,,,1,33,,241303,23,,,1,70,,241300,23,,,1,32,,241309,23,,,1,99,,241308,23,,,1,100,,241297,23,,,1,99,,241306,23,,,1,101,,241311,23,,,1,100,,241313,23,,,1,101,,241310,23,,,1,106,,241307,23,,,1,268,,241304,23,,,1,25,,241298,23,,,1,98,,241302,23,,,1,100,,241314,23,,,1,100,,241299,23,,,1,94,,241305,23,,,1,100,,241301,23,,,1
4301,'9',617,,241317,23,,,1,95,,241325,23,,,1,35,,241329,23,,,1,70,,241322,23,,,1,32,,241324,23,,,1,97,,155070,23,,,1,100,,241320,23,,,1,99,,241321,23,,,1,101,,241319,23,,,1,100,,241318,23,,,1,101,,241328,23,,,1,106,,241326,23,,,1,268,,241330,23,,,1,25,,68565,23,,,1,98,,173058,23,,,1,100,,241331,23,,,1,100,,241332,23,,,1,94,,241323,23,,,1,100,,241327,23,,,1
