8500,'11',1507,,352788,2,0,51,0
8500,'13',1507,,352884,2,0,51,0
8500,'14',1507,,352936,2,0,51,0
8500,'2',1507,,353066,2,0,51,0
8500,'3',1507,,234688,2,0,51,0
8500,'5',1507,,234873,2,0,51,0
8500,'6',1507,,353283,2,0,51,0
8500,'7',1507,,353333,2,0,51,0
8500,'9',1507,,353428,2,0,51,0
8501,'11',1502,,232577,2,,,0
8501,'13',1502,,232602,2,,,0
8501,'14',1502,,232707,2,,,0
8501,'2',1502,,353844,2,,,0
8501,'3',1502,,353902,2,,,0
8501,'5',1502,,354014,2,,,0
8501,'6',1502,,232426,2,,,0
8501,'7',1502,,354124,2,,,0
8501,'9',1502,,232353,2,,,0
