22200,'10',614,,115865,15,,,1,33,,115864,15,,,1,68,,115866,15,,,1
22200,'11',614,,115868,15,,,1,33,,115867,15,,,1,68,,115869,15,,,1
22200,'12',614,,115871,15,,,1,33,,115870,15,,,1,68,,115872,15,,,1
22200,'13',614,,115874,15,,,1,33,,115875,15,,,1,68,,115873,15,,,1
22200,'15',614,,115877,15,,,1,33,,115876,15,,,1,68,,115878,15,,,1
22200,'16',614,,115880,15,,,1,33,,115879,15,,,1,68,,115881,15,,,1
22200,'17',614,,115883,15,,,1,33,,115884,15,,,1,68,,115882,15,,,1
22200,'18',614,,115886,15,,,1,101,,115885,15,,,1
22200,'19',614,,115888,15,,,1,33,,115889,15,,,1,68,,115887,15,,,1
22200,'3',614,,115891,15,,,1,33,,115890,15,,,1,68,,115892,15,,,1
22200,'4',614,,115894,15,,,1,33,,115893,15,,,1,68,,115895,15,,,1
22200,'5',614,,115897,15,,,1,33,,115898,15,,,1,68,,115896,15,,,1
22200,'6',614,,115900,15,,,1,33,,115899,15,,,1,68,,115901,15,,,1
22200,'7',614,,115903,15,,,1,33,,115904,15,,,1,68,,115902,15,,,1
