11201,'1',544,,220082,,,1,70,,220059,,,1,31,,77934,,,1,70,,63540,,,1,28,,220085,,,1,73,,220068,,,1,31,,220083,,,1,68,,220074,,,1,30,,220075,,,1,70,,220078,,,1,30,,220066,,,1,70,,220060,,,1,30,,220061,,,1,70,,220064,,,1,30,,14718,,,1,69,,220088,,,1,30,,220058,,,1,72,,220062,,,1,30,,220069,,,1,70,,220071,,,1,30,,220084,,,1,70,,220081,,,1,30,,220076,,,1,70,,220077,,,1,30,,220065,,,1,69,,220073,,,1,30,,220067,,,1,70,,220086,,,1,30,,220087,,,1,66,,220057,,,1,30,,220070,,,1,70,,220080,,,1,29,,220063,,,1,69,,220079,,,1,30,,220072,,,1,100,,63048,,,1
11201,'10',531,,220112,,,1,90,,220113,,,1,100,,220092,,,1,30,,220110,,,1,70,,220114,,,1,30,,220091,,,1,71,,220094,,,1,30,,220095,,,1,70,,53417,,,1,30,,19601,,,1,71,,220117,,,1,30,,220118,,,1,70,,220104,,,1,30,,42520,,,1,70,,220106,,,1,30,,220109,,,1,70,,220093,,,1,30,,220096,,,1,70,,220103,,,1,30,,220116,,,1,70,,220107,,,1,30,,220089,,,1,70,,72432,,,1,30,,220108,,,1,70,,220115,,,1,30,,220097,,,1,69,,220099,,,1,30,,89754,,,1,69,,220102,,,1,30,,220100,,,1,70,,220098,,,1,30,,220105,,,1,70,,220090,,,1,30,,220111,,,1,150,,220101,,,1
11201,'11',544,,29001,,,1,70,,220142,,,1,31,,112223,,,1,70,,220134,,,1,29,,77015,,,1,73,,220143,,,1,30,,220121,,,1,68,,220136,,,1,30,,220120,,,1,70,,220137,,,1,30,,220132,,,1,70,,7753,,,1,30,,220127,,,1,70,,220140,,,1,30,,220130,,,1,69,,220131,,,1,30,,220139,,,1,72,,33893,,,1,30,,220138,,,1,70,,220119,,,1,30,,220148,,,1,71,,220145,,,1,30,,220144,,,1,69,,220126,,,1,30,,220133,,,1,69,,220147,,,1,30,,220123,,,1,70,,220146,,,1,30,,220128,,,1,66,,220125,,,1,30,,220141,,,1,70,,220122,,,1,29,,220135,,,1,69,,220129,,,1,30,,220124,,,1,100,,56903,,,1
11201,'12',544,,220168,,,1,70,,24327,,,1,31,,220173,,,1,70,,220160,,,1,29,,220157,,,1,73,,220167,,,1,30,,220151,,,1,68,,220162,,,1,30,,220150,,,1,70,,220163,,,1,30,,60901,,,1,70,,220169,,,1,30,,220154,,,1,70,,220165,,,1,30,,220158,,,1,69,,64944,,,1,30,,8877,,,1,72,,220149,,,1,30,,220164,,,1,70,,58267,,,1,30,,220174,,,1,71,,65992,,,1,30,,220170,,,1,69,,220153,,,1,30,,220159,,,1,69,,120100,,,1,30,,1001,,,1,70,,220171,,,1,30,,220155,,,1,66,,64928,,,1,30,,220166,,,1,70,,12229,,,1,29,,220161,,,1,69,,220156,,,1,30,,220152,,,1,100,,220172,,,1
11201,'13',531,,220197,,,1,90,,220198,,,1,100,,220179,,,1,30,,220195,,,1,70,,75783,,,1,30,,220177,,,1,71,,220182,,,1,30,,220183,,,1,70,,220192,,,1,30,,220180,,,1,71,,220201,,,1,30,,220202,,,1,70,,220189,,,1,30,,220175,,,1,70,,220191,,,1,30,,220194,,,1,70,,220181,,,1,30,,220184,,,1,70,,220188,,,1,30,,220200,,,1,70,,54992,,,1,30,,220176,,,1,70,,220203,,,1,30,,220193,,,1,70,,220199,,,1,30,,115359,,,1,69,,35625,,,1,30,,220178,,,1,69,,220187,,,1,30,,220185,,,1,70,,40535,,,1,30,,220190,,,1,70,,50318,,,1,30,,220196,,,1,150,,220186,,,1
11201,'14',544,,29096,,,1,70,,220227,,,1,31,,112468,,,1,70,,220219,,,1,29,,77425,,,1,73,,220228,,,1,30,,220206,,,1,68,,220221,,,1,30,,220205,,,1,70,,220222,,,1,30,,220217,,,1,70,,8063,,,1,30,,220212,,,1,70,,220225,,,1,30,,220215,,,1,69,,220216,,,1,30,,220224,,,1,72,,34162,,,1,30,,220223,,,1,70,,220204,,,1,30,,220233,,,1,71,,220230,,,1,30,,220229,,,1,69,,220211,,,1,30,,220218,,,1,69,,220232,,,1,30,,220208,,,1,70,,220231,,,1,30,,220213,,,1,66,,220210,,,1,30,,220226,,,1,70,,220207,,,1,29,,220220,,,1,69,,220214,,,1,30,,220209,,,1,100,,57282,,,1
11201,'15',811,,220239,,,1,101,,220237,,,1,30,,220252,,,1,70,,220247,,,1,30,,220244,,,1,71,,220236,,,1,30,,220261,,,1,70,,220254,,,1,30,,220259,,,1,70,,220257,,,1,30,,220250,,,1,70,,220240,,,1,30,,220241,,,1,70,,220260,,,1,30,,220253,,,1,70,,220245,,,1,30,,220258,,,1,70,,220246,,,1,30,,220242,,,1,70,,220255,,,1,30,,220249,,,1,69,,220234,,,1,30,,220243,,,1,69,,220251,,,1,30,,220248,,,1,70,,220262,,,1,30,,220238,,,1,70,,220256,,,1,110,,220235,,,1
11201,'16',811,,57022,,,1,101,,220265,,,1,30,,220279,,,1,70,,220274,,,1,30,,220271,,,1,71,,1570,,,1,30,,220287,,,1,70,,114242,,,1,30,,220285,,,1,70,,220283,,,1,30,,220277,,,1,70,,220267,,,1,30,,220268,,,1,70,,220286,,,1,30,,220280,,,1,70,,220272,,,1,30,,220284,,,1,70,,220273,,,1,30,,220269,,,1,70,,220281,,,1,30,,220276,,,1,69,,220263,,,1,30,,220270,,,1,69,,220278,,,1,30,,220275,,,1,70,,220288,,,1,30,,220266,,,1,70,,220282,,,1,110,,220264,,,1
11201,'17',544,,220310,,,1,70,,220290,,,1,31,,220302,,,1,70,,220317,,,1,28,,220313,,,1,73,,94826,,,1,31,,220311,,,1,68,,220303,,,1,30,,220304,,,1,70,,220307,,,1,30,,220295,,,1,70,,220291,,,1,30,,98241,,,1,70,,220293,,,1,30,,220312,,,1,69,,220316,,,1,30,,220289,,,1,72,,220292,,,1,30,,220297,,,1,70,,220300,,,1,30,,4851,,,1,70,,220309,,,1,30,,220305,,,1,70,,220306,,,1,30,,220294,,,1,69,,220301,,,1,30,,220296,,,1,70,,220314,,,1,30,,220315,,,1,66,,98235,,,1,30,,220299,,,1,70,,62308,,,1,29,,54596,,,1,69,,220308,,,1,30,,46929,,,1,100,,220298,,,1
11201,'18',531,,220340,,,1,90,,83630,,,1,100,,625,,,1,30,,15375,,,1,70,,220341,,,1,30,,220321,,,1,71,,220325,,,1,30,,220326,,,1,70,,220337,,,1,30,,220323,,,1,71,,220344,,,1,30,,88071,,,1,70,,220334,,,1,30,,220318,,,1,70,,42707,,,1,30,,220339,,,1,70,,220324,,,1,30,,220327,,,1,70,,220333,,,1,30,,220343,,,1,70,,220336,,,1,30,,220319,,,1,70,,220345,,,1,30,,220338,,,1,70,,220342,,,1,30,,220328,,,1,69,,220330,,,1,30,,220322,,,1,69,,220332,,,1,30,,220331,,,1,70,,220329,,,1,30,,220335,,,1,70,,220320,,,1,30,,100990,,,1,150,,94415,,,1
11201,'19',544,,220367,,,1,70,,220347,,,1,31,,220359,,,1,70,,220374,,,1,28,,220370,,,1,73,,93944,,,1,31,,220368,,,1,68,,220360,,,1,30,,220361,,,1,70,,220364,,,1,30,,220352,,,1,70,,220348,,,1,30,,97841,,,1,70,,220350,,,1,30,,220369,,,1,69,,220373,,,1,30,,220346,,,1,72,,220349,,,1,30,,220354,,,1,70,,220357,,,1,30,,3990,,,1,70,,220366,,,1,30,,220362,,,1,70,,220363,,,1,30,,220351,,,1,69,,220358,,,1,30,,220353,,,1,70,,220371,,,1,30,,220372,,,1,66,,97835,,,1,30,,220356,,,1,70,,61952,,,1,29,,54092,,,1,69,,220365,,,1,30,,46597,,,1,100,,220355,,,1
11201,'2',544,,29020,,,1,70,,220398,,,1,31,,112328,,,1,70,,220390,,,1,29,,77193,,,1,73,,220399,,,1,30,,220377,,,1,68,,220392,,,1,30,,220376,,,1,70,,220393,,,1,30,,220388,,,1,70,,7919,,,1,30,,220383,,,1,70,,220396,,,1,30,,220386,,,1,69,,220387,,,1,30,,220395,,,1,72,,34022,,,1,30,,220394,,,1,70,,220375,,,1,30,,220404,,,1,71,,220401,,,1,30,,220400,,,1,69,,220382,,,1,30,,220389,,,1,69,,220403,,,1,30,,220379,,,1,70,,220402,,,1,30,,220384,,,1,66,,220381,,,1,30,,220397,,,1,70,,220378,,,1,29,,220391,,,1,69,,220385,,,1,30,,220380,,,1,100,,57086,,,1
11201,'20',811,,56758,,,1,101,,220407,,,1,30,,220421,,,1,70,,220416,,,1,30,,220413,,,1,71,,1276,,,1,30,,220429,,,1,70,,114069,,,1,30,,220427,,,1,70,,220425,,,1,30,,220419,,,1,70,,220409,,,1,30,,220410,,,1,70,,220428,,,1,30,,220422,,,1,70,,220414,,,1,30,,220426,,,1,70,,220415,,,1,30,,220411,,,1,70,,220423,,,1,30,,220418,,,1,69,,220405,,,1,30,,220412,,,1,69,,220420,,,1,30,,220417,,,1,70,,220430,,,1,30,,220408,,,1,70,,220424,,,1,110,,220406,,,1
11201,'21',544,,220452,,,1,70,,220432,,,1,31,,220444,,,1,70,,220459,,,1,28,,220455,,,1,73,,94740,,,1,31,,220453,,,1,68,,220445,,,1,30,,220446,,,1,70,,220449,,,1,30,,220437,,,1,70,,220433,,,1,30,,98205,,,1,70,,220435,,,1,30,,220454,,,1,69,,220458,,,1,30,,220431,,,1,72,,220434,,,1,30,,220439,,,1,70,,220442,,,1,30,,4774,,,1,70,,220451,,,1,30,,220447,,,1,70,,220448,,,1,30,,220436,,,1,69,,220443,,,1,30,,220438,,,1,70,,220456,,,1,30,,220457,,,1,66,,98199,,,1,30,,220441,,,1,70,,62273,,,1,29,,54548,,,1,69,,220450,,,1,30,,46898,,,1,100,,220440,,,1
11201,'22',531,,220483,,,1,90,,220484,,,1,100,,220463,,,1,30,,220481,,,1,70,,220485,,,1,30,,220462,,,1,71,,220465,,,1,30,,220466,,,1,70,,53382,,,1,30,,19554,,,1,71,,220488,,,1,30,,220489,,,1,70,,220475,,,1,30,,42479,,,1,70,,220477,,,1,30,,220480,,,1,70,,220464,,,1,30,,220467,,,1,70,,220474,,,1,30,,220487,,,1,70,,220478,,,1,30,,220460,,,1,70,,72381,,,1,30,,220479,,,1,70,,220486,,,1,30,,220468,,,1,69,,220470,,,1,30,,89723,,,1,69,,220473,,,1,30,,220471,,,1,70,,220469,,,1,30,,220476,,,1,70,,220461,,,1,30,,220482,,,1,150,,220472,,,1
11201,'3',811,,220495,,,1,101,,220493,,,1,30,,220508,,,1,70,,220503,,,1,30,,220500,,,1,71,,220492,,,1,30,,220516,,,1,70,,220510,,,1,30,,220514,,,1,70,,220512,,,1,30,,220506,,,1,70,,220496,,,1,30,,220497,,,1,70,,220515,,,1,30,,220509,,,1,70,,220501,,,1,30,,220513,,,1,70,,220502,,,1,30,,220498,,,1,70,,220511,,,1,30,,220505,,,1,69,,220490,,,1,30,,220499,,,1,69,,220507,,,1,30,,220504,,,1,70,,220517,,,1,30,,220494,,,1,70,,85863,,,1,110,,220491,,,1
11201,'4',544,,29058,,,1,70,,220541,,,1,31,,112398,,,1,70,,220533,,,1,29,,77309,,,1,73,,220542,,,1,30,,220520,,,1,68,,220535,,,1,30,,220519,,,1,70,,220536,,,1,30,,220531,,,1,70,,7991,,,1,30,,220526,,,1,70,,220539,,,1,30,,220529,,,1,69,,220530,,,1,30,,220538,,,1,72,,34092,,,1,30,,220537,,,1,70,,220518,,,1,30,,220547,,,1,71,,220544,,,1,30,,220543,,,1,69,,220525,,,1,30,,220532,,,1,69,,220546,,,1,30,,220522,,,1,70,,220545,,,1,30,,220527,,,1,66,,220524,,,1,30,,220540,,,1,70,,220521,,,1,29,,220534,,,1,69,,220528,,,1,30,,220523,,,1,100,,57184,,,1
11201,'5',544,,29077,,,1,70,,220571,,,1,31,,112433,,,1,70,,220563,,,1,29,,77367,,,1,73,,220572,,,1,30,,220550,,,1,68,,220565,,,1,30,,220549,,,1,70,,220566,,,1,30,,220561,,,1,70,,8027,,,1,30,,220556,,,1,70,,220569,,,1,30,,220559,,,1,69,,220560,,,1,30,,220568,,,1,72,,34127,,,1,30,,220567,,,1,70,,220548,,,1,30,,220577,,,1,71,,220574,,,1,30,,220573,,,1,69,,220555,,,1,30,,220562,,,1,69,,220576,,,1,30,,220552,,,1,70,,220575,,,1,30,,220557,,,1,66,,220554,,,1,30,,220570,,,1,70,,220551,,,1,29,,220564,,,1,69,,220558,,,1,30,,220553,,,1,100,,57233,,,1
11201,'6',544,,28929,,,1,70,,220601,,,1,31,,112029,,,1,70,,220593,,,1,29,,76670,,,1,73,,220602,,,1,30,,220580,,,1,68,,220595,,,1,30,,220579,,,1,70,,220596,,,1,30,,220591,,,1,70,,7510,,,1,30,,220586,,,1,70,,220599,,,1,30,,220589,,,1,69,,220590,,,1,30,,220598,,,1,72,,33682,,,1,30,,220597,,,1,70,,220578,,,1,30,,220607,,,1,71,,220604,,,1,30,,220603,,,1,69,,220585,,,1,30,,220592,,,1,69,,220606,,,1,30,,220582,,,1,70,,220605,,,1,30,,220587,,,1,66,,220584,,,1,30,,220600,,,1,70,,220581,,,1,29,,220594,,,1,69,,220588,,,1,30,,220583,,,1,100,,56594,,,1
11201,'7',544,,220626,,,1,101,,220625,,,1,100,,220624,,,1,102,,220617,,,1,98,,220616,,,1,100,,220610,,,1,100,,220614,,,1,100,,220608,,,1,99,,220622,,,1,102,,220615,,,1,100,,220609,,,1,100,,220611,,,1,100,,220619,,,1,99,,220620,,,1,100,,220612,,,1,96,,220621,,,1,99,,220618,,,1,99,,220613,,,1,100,,220623,,,1
11201,'8',811,,56920,,,1,101,,220629,,,1,30,,220643,,,1,70,,220638,,,1,30,,220635,,,1,71,,1466,,,1,30,,220651,,,1,70,,114171,,,1,30,,220649,,,1,70,,220647,,,1,30,,220641,,,1,70,,220631,,,1,30,,220632,,,1,70,,220650,,,1,30,,220644,,,1,70,,220636,,,1,30,,220648,,,1,70,,220637,,,1,30,,220633,,,1,70,,220645,,,1,30,,220640,,,1,69,,220627,,,1,30,,220634,,,1,69,,220642,,,1,30,,220639,,,1,70,,220652,,,1,30,,220630,,,1,70,,220646,,,1,110,,220628,,,1
11201,'9',544,,220676,,,1,70,,220655,,,1,31,,220670,,,1,70,,220683,,,1,28,,220680,,,1,73,,220664,,,1,31,,220677,,,1,68,,99447,,,1,30,,40863,,,1,70,,220672,,,1,30,,220662,,,1,70,,220656,,,1,30,,220657,,,1,70,,220660,,,1,30,,220679,,,1,69,,220682,,,1,30,,220654,,,1,72,,220658,,,1,30,,220665,,,1,70,,220667,,,1,30,,220678,,,1,70,,220675,,,1,30,,82424,,,1,70,,220671,,,1,30,,220661,,,1,69,,220669,,,1,30,,220663,,,1,70,,116138,,,1,30,,220681,,,1,66,,220653,,,1,30,,109421,,,1,70,,220674,,,1,29,,220659,,,1,69,,220673,,,1,30,,220668,,,1,100,,220666,,,1
67001,'11',1456,,232814,,,1
67001,'12',1456,,232815,,,1
67001,'14',1456,,232816,,,1
67001,'2',1456,,232817,,,1
67001,'4',1456,,232818,,,1
67001,'5',1456,,232819,,,1
67001,'6',1456,,232820,,,1
