26601,'10',1614,,117289,26,,,1,90,,117290,26,,,1,99,,117288,26,,,1,111,,117287,26,,,1
26601,'11',1614,,117293,26,,,1,90,,117294,26,,,1,99,,117292,26,,,1,111,,117291,26,,,1
26601,'12',1614,,117297,26,,,1,90,,117298,26,,,1,99,,117296,26,,,1,111,,117295,26,,,1
26601,'13',1614,,117302,26,,,1,90,,117301,26,,,1,99,,117300,26,,,1,111,,117299,26,,,1
26601,'15',1614,,117305,26,,,1,90,,117306,26,,,1,99,,117304,26,,,1,111,,117303,26,,,1
26601,'16',1614,,117309,26,,,1,90,,117310,26,,,1,99,,117308,26,,,1,111,,117307,26,,,1
26601,'17',1614,,117314,26,,,1,90,,117313,26,,,1,99,,117312,26,,,1,111,,117311,26,,,1
26601,'18',1614,,117316,26,,,1,90,,117317,26,,,1,99,,117315,26,,,1,111,,117318,26,,,1
26601,'19',1614,,117322,26,,,1,90,,117321,26,,,1,99,,117320,26,,,1,111,,117319,26,,,1
26601,'3',1614,,117325,26,,,1,90,,117326,26,,,1,99,,117324,26,,,1,111,,117323,26,,,1
26601,'4',1614,,117329,26,,,1,90,,117330,26,,,1,99,,117328,26,,,1,111,,117327,26,,,1
26601,'5',1614,,117334,26,,,1,90,,117333,26,,,1,99,,117332,26,,,1,111,,117331,26,,,1
26601,'6',1614,,117337,26,,,1,90,,117338,26,,,1,99,,117336,26,,,1,111,,117335,26,,,1
26601,'7',1614,,117342,26,,,1,90,,117341,26,,,1,99,,117340,26,,,1,111,,117339,26,,,1
