1900,'1',700,,573534,,,1,100,,573529,,,1,30,,573523,,,1,70,,573539,,,1,30,,522310,,,1,70,,573525,,,1,30,,573530,,,1,71,,573518,,,1,30,,573522,,,1,70,,573515,,,1,30,,573537,,,1,72,,476873,,,1,30,,573535,,,1,70,,573531,,,1,30,,505210,,,1,70,,573532,,,1,30,,573527,,,1,70,,573526,,,1,30,,573524,,,1,70,,573516,,,1,30,,573528,,,1,70,,573538,,,1,30,,573521,,,1,69,,573517,,,1,30,,573514,,,1,70,,523004,,,1,30,,476952,,,1,27,,573533,,,1,70,,573519,,,1,30,,467369,,,1,70,,573536,,,1,30,,573520,,,1,100,,398203,,,1
1900,'10',933,,573546,,,1,70,,573560,,,1,30,,573552,,,1,71,,573548,,,1,30,,573558,,,1,70,,573556,,,1,30,,502649,,,1,72,,573561,,,1,30,,573550,,,1,70,,573545,,,1,30,,573542,,,1,70,,573543,,,1,30,,573557,,,1,70,,573540,,,1,30,,573544,,,1,70,,573551,,,1,30,,573549,,,1,70,,573554,,,1,30,,573547,,,1,69,,573541,,,1,30,,485098,,,1,70,,573555,,,1,27,,573562,,,1,70,,412061,,,1,30,,454198,,,1,70,,573559,,,1,100,,573553,,,1
1900,'11',551,,573583,,,1,65,,573581,,,1,29,,573591,,,1,59,,573586,,,1,29,,573580,,,1,69,,573575,,,1,30,,514516,,,1,71,,573571,,,1,30,,573573,,,1,70,,573564,,,1,28,,459769,,,1,70,,573587,,,1,30,,573589,,,1,70,,573579,,,1,31,,573592,,,1,70,,573565,,,1,30,,573593,,,1,70,,476181,,,1,30,,573568,,,1,73,,573563,,,1,27,,515875,,,1,73,,573572,,,1,30,,573570,,,1,69,,573588,,,1,31,,573577,,,1,67,,453329,,,1,32,,573578,,,1,70,,573569,,,1,28,,573574,,,1,70,,573582,,,1,29,,573566,,,1,71,,444333,,,1,31,,573576,,,1,71,,573567,,,1,31,,573585,,,1,70,,573584,,,1,108,,573590,,,1
1900,'12',551,,573612,,,1,65,,573610,,,1,29,,573621,,,1,59,,573616,,,1,29,,573609,,,1,69,,573604,,,1,30,,573623,,,1,71,,573599,,,1,30,,573602,,,1,70,,573595,,,1,28,,573619,,,1,70,,573617,,,1,30,,476765,,,1,70,,573608,,,1,31,,573622,,,1,70,,490231,,,1,30,,573625,,,1,70,,573614,,,1,30,,538751,,,1,73,,358956,,,1,27,,573594,,,1,73,,573600,,,1,30,,523505,,,1,69,,573618,,,1,31,,573606,,,1,67,,573601,,,1,32,,573607,,,1,70,,573598,,,1,28,,573603,,,1,70,,573611,,,1,29,,573596,,,1,71,,573624,,,1,31,,573605,,,1,71,,573597,,,1,31,,573615,,,1,70,,573613,,,1,108,,573620,,,1
1900,'13',551,,573644,,,1,65,,573642,,,1,29,,573653,,,1,59,,573648,,,1,29,,573641,,,1,69,,573636,,,1,30,,573655,,,1,71,,573631,,,1,30,,573634,,,1,70,,573627,,,1,28,,573651,,,1,70,,573649,,,1,30,,476395,,,1,70,,573640,,,1,31,,573654,,,1,70,,489631,,,1,30,,573657,,,1,70,,573646,,,1,30,,538375,,,1,73,,531815,,,1,27,,573626,,,1,73,,573632,,,1,30,,523041,,,1,69,,573650,,,1,31,,573638,,,1,67,,573633,,,1,32,,573639,,,1,70,,573630,,,1,28,,573635,,,1,70,,573643,,,1,29,,573628,,,1,71,,573656,,,1,31,,573637,,,1,71,,573629,,,1,31,,573647,,,1,70,,573645,,,1,108,,573652,,,1
1900,'14',551,,573676,,,1,65,,573674,,,1,29,,573685,,,1,59,,573680,,,1,29,,573673,,,1,69,,573668,,,1,30,,573687,,,1,71,,573663,,,1,30,,573666,,,1,70,,573659,,,1,28,,573683,,,1,70,,573681,,,1,30,,476660,,,1,70,,573672,,,1,31,,573686,,,1,70,,490067,,,1,30,,573689,,,1,70,,573678,,,1,30,,538643,,,1,73,,532277,,,1,27,,573658,,,1,73,,573664,,,1,30,,523377,,,1,69,,573682,,,1,31,,573670,,,1,67,,573665,,,1,32,,573671,,,1,70,,573662,,,1,28,,573667,,,1,70,,573675,,,1,29,,573660,,,1,71,,573688,,,1,31,,573669,,,1,71,,573661,,,1,31,,573679,,,1,70,,573677,,,1,108,,573684,,,1
1900,'15',551,,573708,,,1,65,,573706,,,1,29,,573717,,,1,59,,573712,,,1,29,,573705,,,1,69,,573700,,,1,30,,573719,,,1,71,,573695,,,1,30,,573698,,,1,70,,573691,,,1,28,,573715,,,1,70,,573713,,,1,30,,476606,,,1,70,,573704,,,1,31,,573718,,,1,70,,489967,,,1,30,,573721,,,1,70,,573710,,,1,30,,538585,,,1,73,,532171,,,1,27,,573690,,,1,73,,573696,,,1,30,,523307,,,1,69,,573714,,,1,31,,573702,,,1,67,,573697,,,1,32,,573703,,,1,70,,573694,,,1,28,,573699,,,1,70,,573707,,,1,29,,573692,,,1,71,,573720,,,1,31,,573701,,,1,71,,573693,,,1,31,,573711,,,1,70,,573709,,,1,108,,573716,,,1
1900,'16',551,,573725,,,1,65,,573729,,,1,29,,573739,,,1,58,,573728,,,1,30,,366235,,,1,69,,573730,,,1,30,,573740,,,1,73,,573723,,,1,28,,573727,,,1,70,,573753,,,1,28,,573736,,,1,70,,573755,,,1,30,,573734,,,1,70,,573745,,,1,31,,433585,,,1,70,,573742,,,1,30,,573735,,,1,70,,573726,,,1,30,,573751,,,1,73,,573749,,,1,27,,573732,,,1,73,,573741,,,1,28,,573744,,,1,71,,573752,,,1,31,,573724,,,1,67,,573733,,,1,32,,573738,,,1,70,,573750,,,1,28,,573722,,,1,70,,573743,,,1,29,,573754,,,1,71,,573748,,,1,31,,573746,,,1,71,,573747,,,1,31,,573731,,,1,70,,401953,,,1,108,,573737,,,1
1900,'17',551,,573774,,,1,65,,573772,,,1,29,,573783,,,1,59,,573778,,,1,29,,573771,,,1,69,,573766,,,1,30,,573785,,,1,71,,573761,,,1,30,,573764,,,1,70,,573757,,,1,28,,573781,,,1,70,,573779,,,1,30,,476579,,,1,70,,573770,,,1,31,,573784,,,1,70,,489917,,,1,30,,573787,,,1,70,,573776,,,1,30,,538556,,,1,73,,532118,,,1,27,,573756,,,1,73,,573762,,,1,30,,523272,,,1,69,,573780,,,1,31,,573768,,,1,67,,573763,,,1,32,,573769,,,1,70,,573760,,,1,28,,573765,,,1,70,,573773,,,1,29,,573758,,,1,71,,573786,,,1,31,,573767,,,1,71,,573759,,,1,31,,573777,,,1,70,,573775,,,1,108,,573782,,,1
1900,'18',551,,573806,,,1,65,,573804,,,1,29,,573815,,,1,59,,573810,,,1,29,,573803,,,1,69,,573798,,,1,30,,573817,,,1,71,,573793,,,1,30,,573796,,,1,70,,573789,,,1,28,,573813,,,1,70,,573811,,,1,30,,476866,,,1,70,,573802,,,1,31,,573816,,,1,70,,490416,,,1,30,,573819,,,1,70,,573808,,,1,30,,538865,,,1,73,,532640,,,1,27,,573788,,,1,73,,573794,,,1,30,,523653,,,1,69,,573812,,,1,31,,573800,,,1,67,,573795,,,1,32,,573801,,,1,70,,573792,,,1,28,,573797,,,1,70,,573805,,,1,29,,573790,,,1,71,,573818,,,1,31,,573799,,,1,71,,573791,,,1,31,,573809,,,1,70,,573807,,,1,108,,573814,,,1
1900,'19',551,,573841,,,1,65,,573839,,,1,29,,573847,,,1,59,,476728,,,1,29,,573838,,,1,69,,573833,,,1,30,,573849,,,1,71,,573828,,,1,30,,573831,,,1,70,,573822,,,1,28,,573845,,,1,70,,451475,,,1,30,,573846,,,1,70,,573837,,,1,31,,573848,,,1,70,,573823,,,1,30,,573851,,,1,70,,573843,,,1,30,,573825,,,1,73,,573821,,,1,27,,573820,,,1,73,,573829,,,1,30,,573827,,,1,69,,457365,,,1,31,,573835,,,1,67,,573830,,,1,32,,573836,,,1,70,,573826,,,1,28,,573832,,,1,70,,573840,,,1,29,,573824,,,1,71,,573850,,,1,31,,573834,,,1,71,,510990,,,1,31,,573844,,,1,70,,573842,,,1,108,,374042,,,1
1900,'2',933,,451380,,,1,70,,573875,,,1,30,,573865,,,1,71,,573861,,,1,30,,573873,,,1,70,,573869,,,1,30,,573858,,,1,72,,547047,,,1,30,,573863,,,1,70,,573859,,,1,30,,573854,,,1,70,,573855,,,1,30,,573871,,,1,70,,573852,,,1,30,,573856,,,1,70,,573864,,,1,30,,573862,,,1,70,,573867,,,1,30,,573860,,,1,69,,573853,,,1,30,,573872,,,1,70,,573868,,,1,27,,573876,,,1,70,,573857,,,1,30,,573870,,,1,70,,573874,,,1,100,,573866,,,1
1900,'20',551,,573895,,,1,65,,573893,,,1,29,,573904,,,1,59,,573899,,,1,29,,573892,,,1,69,,573887,,,1,30,,573906,,,1,71,,573882,,,1,30,,573885,,,1,70,,573878,,,1,28,,573902,,,1,70,,573900,,,1,30,,476792,,,1,70,,573891,,,1,31,,573905,,,1,70,,490284,,,1,30,,573908,,,1,70,,573897,,,1,30,,538783,,,1,73,,532504,,,1,27,,573877,,,1,73,,573883,,,1,30,,523552,,,1,69,,573901,,,1,31,,573889,,,1,67,,573884,,,1,32,,573890,,,1,70,,573881,,,1,28,,573886,,,1,70,,573894,,,1,29,,573879,,,1,71,,573907,,,1,31,,573888,,,1,71,,573880,,,1,31,,573898,,,1,70,,573896,,,1,108,,573903,,,1
1900,'21',551,,573912,,,1,65,,573915,,,1,29,,573926,,,1,58,,573914,,,1,30,,573933,,,1,69,,573916,,,1,30,,573927,,,1,73,,522361,,,1,28,,573913,,,1,70,,573939,,,1,28,,573922,,,1,70,,573940,,,1,30,,573920,,,1,70,,573931,,,1,31,,573925,,,1,70,,530732,,,1,30,,573921,,,1,70,,461762,,,1,30,,573937,,,1,73,,573935,,,1,27,,573918,,,1,73,,573928,,,1,28,,573930,,,1,71,,573938,,,1,31,,573910,,,1,67,,573919,,,1,32,,573924,,,1,70,,573936,,,1,28,,573909,,,1,70,,573929,,,1,29,,474687,,,1,71,,488798,,,1,31,,573932,,,1,71,,573934,,,1,31,,573917,,,1,70,,573911,,,1,108,,573923,,,1
1900,'22',551,,573955,,,1,65,,573953,,,1,29,,573964,,,1,59,,573958,,,1,29,,480212,,,1,69,,456122,,,1,30,,573966,,,1,71,,513783,,,1,30,,573950,,,1,70,,573943,,,1,28,,573961,,,1,70,,573959,,,1,30,,573962,,,1,70,,573952,,,1,31,,573965,,,1,70,,573944,,,1,30,,573968,,,1,70,,573956,,,1,30,,573946,,,1,73,,573942,,,1,27,,573941,,,1,73,,573948,,,1,30,,573947,,,1,69,,573960,,,1,31,,573951,,,1,67,,573949,,,1,32,,481193,,,1,70,,544263,,,1,28,,515184,,,1,70,,573954,,,1,29,,495518,,,1,71,,573967,,,1,31,,521497,,,1,71,,573945,,,1,31,,573957,,,1,70,,488361,,,1,108,,573963,,,1
1900,'23',551,,573973,,,1,65,,573977,,,1,29,,573988,,,1,58,,573976,,,1,30,,573996,,,1,69,,573978,,,1,30,,573989,,,1,73,,573970,,,1,28,,573975,,,1,70,,574003,,,1,28,,573984,,,1,70,,574005,,,1,30,,573982,,,1,70,,573994,,,1,31,,573987,,,1,70,,573991,,,1,30,,573983,,,1,70,,573974,,,1,30,,574001,,,1,73,,573999,,,1,27,,573980,,,1,73,,573990,,,1,28,,573993,,,1,71,,574002,,,1,31,,573971,,,1,67,,573981,,,1,32,,573986,,,1,70,,574000,,,1,28,,573969,,,1,70,,573992,,,1,29,,574004,,,1,71,,573998,,,1,31,,573995,,,1,71,,573997,,,1,31,,573979,,,1,70,,573972,,,1,108,,573985,,,1
1900,'3',933,,574014,,,1,70,,574030,,,1,30,,574020,,,1,71,,574016,,,1,30,,574028,,,1,70,,574024,,,1,30,,574012,,,1,72,,574031,,,1,30,,574018,,,1,70,,574013,,,1,30,,574008,,,1,70,,574009,,,1,30,,574026,,,1,70,,574006,,,1,30,,574010,,,1,70,,574019,,,1,30,,574017,,,1,70,,574022,,,1,30,,574015,,,1,69,,574007,,,1,30,,574027,,,1,70,,574023,,,1,27,,574032,,,1,70,,574011,,,1,30,,574025,,,1,70,,574029,,,1,100,,574021,,,1
1900,'4',700,,574052,,,1,100,,574048,,,1,30,,574041,,,1,70,,574059,,,1,30,,574055,,,1,70,,574043,,,1,30,,574049,,,1,71,,464027,,,1,30,,432454,,,1,70,,574034,,,1,30,,574057,,,1,72,,574046,,,1,30,,574053,,,1,70,,574050,,,1,30,,574037,,,1,70,,534733,,,1,30,,574045,,,1,70,,497378,,,1,30,,574042,,,1,70,,503471,,,1,30,,574047,,,1,70,,574058,,,1,30,,574039,,,1,69,,574035,,,1,30,,574033,,,1,70,,574040,,,1,30,,574036,,,1,27,,574051,,,1,70,,534708,,,1,30,,574054,,,1,70,,574056,,,1,30,,574038,,,1,100,,574044,,,1
1900,'5',551,,574088,,,1,65,,574086,,,1,87,,574085,,,1,99,,574087,,,1,30,,574090,,,1,73,,574078,,,1,28,,574079,,,1,70,,574089,,,1,28,,574083,,,1,70,,574075,,,1,30,,574093,,,1,70,,574065,,,1,31,,574081,,,1,70,,574069,,,1,30,,574072,,,1,70,,574073,,,1,30,,574071,,,1,73,,574076,,,1,27,,574077,,,1,73,,574063,,,1,30,,574074,,,1,69,,574067,,,1,31,,574092,,,1,67,,574094,,,1,32,,574061,,,1,70,,574062,,,1,28,,574070,,,1,70,,574084,,,1,29,,574080,,,1,71,,574066,,,1,31,,574091,,,1,71,,574060,,,1,31,,574068,,,1,70,,574082,,,1,108,,574064,,,1
1900,'6',551,,531039,,,1,65,,511287,,,1,29,,574108,,,1,58,,574101,,,1,30,,574113,,,1,69,,531046,,,1,30,,574109,,,1,73,,574096,,,1,28,,574100,,,1,70,,417392,,,1,28,,574105,,,1,70,,574120,,,1,30,,574103,,,1,70,,502048,,,1,31,,574107,,,1,70,,574110,,,1,30,,574104,,,1,70,,574099,,,1,30,,574117,,,1,73,,574116,,,1,27,,574102,,,1,73,,461856,,,1,28,,487580,,,1,71,,574118,,,1,31,,574097,,,1,67,,520577,,,1,32,,574106,,,1,70,,466489,,,1,28,,574095,,,1,70,,574111,,,1,29,,574119,,,1,71,,574115,,,1,31,,574112,,,1,71,,574114,,,1,31,,491564,,,1,70,,574098,,,1,108,,479202,,,1
1900,'7',933,,451651,,,1,70,,574144,,,1,30,,574134,,,1,71,,574130,,,1,30,,574142,,,1,70,,574138,,,1,30,,574127,,,1,72,,547132,,,1,30,,574132,,,1,70,,574128,,,1,30,,574123,,,1,70,,574124,,,1,30,,574140,,,1,70,,574121,,,1,30,,574125,,,1,70,,574133,,,1,30,,574131,,,1,70,,574136,,,1,30,,574129,,,1,69,,574122,,,1,30,,574141,,,1,70,,574137,,,1,27,,574145,,,1,70,,574126,,,1,30,,574139,,,1,70,,574143,,,1,100,,574135,,,1
1900,'8',551,,574164,,,1,65,,574162,,,1,29,,574173,,,1,59,,574168,,,1,29,,574161,,,1,69,,574156,,,1,30,,574175,,,1,71,,574151,,,1,30,,574154,,,1,70,,574147,,,1,28,,574171,,,1,70,,574169,,,1,30,,476633,,,1,70,,574160,,,1,31,,574174,,,1,70,,490017,,,1,30,,574177,,,1,70,,574166,,,1,30,,538614,,,1,73,,532224,,,1,27,,574146,,,1,73,,574152,,,1,30,,523342,,,1,69,,574170,,,1,31,,574158,,,1,67,,574153,,,1,32,,574159,,,1,70,,574150,,,1,28,,574155,,,1,70,,574163,,,1,29,,574148,,,1,71,,574176,,,1,31,,574157,,,1,71,,574149,,,1,31,,574167,,,1,70,,574165,,,1,108,,574172,,,1
1900,'9',551,,531634,,,1,65,,511524,,,1,29,,574191,,,1,58,,574184,,,1,30,,574196,,,1,69,,531641,,,1,30,,574192,,,1,73,,574179,,,1,28,,574183,,,1,70,,417085,,,1,28,,574188,,,1,70,,574203,,,1,30,,574186,,,1,70,,502308,,,1,31,,574190,,,1,70,,574193,,,1,30,,574187,,,1,70,,574182,,,1,30,,574200,,,1,73,,574199,,,1,27,,574185,,,1,73,,462451,,,1,28,,488182,,,1,71,,574201,,,1,31,,574180,,,1,67,,521194,,,1,32,,574189,,,1,70,,467018,,,1,28,,574178,,,1,70,,574194,,,1,29,,574202,,,1,71,,574198,,,1,31,,574195,,,1,71,,574197,,,1,31,,492236,,,1,70,,574181,,,1,108,,479547,,,1
