4301,'1',615,,153785,19,,,1,95,,153793,19,,,1,35,,153796,19,,,1,70,,153790,19,,,1,32,,153792,19,,,1,97,,153794,19,,,1,100,,153788,19,,,1,99,,153789,19,,,1,101,,153787,19,,,1,100,,153786,19,,,1,101,,153795,19,,,1,106,,140,19,,,1,268,,153797,19,,,1,25,,76829,19,,,1,98,,153784,19,,,1,100,,153798,19,,,1,100,,82330,19,,,1,95,,153791,19,,,1,100,,22928,19,,,1
4301,'10',615,,153807,19,,,1,30,,153810,19,,,1,65,,16816,19,,,1,33,,153801,19,,,1,70,,37093,19,,,1,32,,153806,19,,,1,99,,153805,19,,,1,100,,16787,19,,,1,99,,153803,19,,,1,101,,108474,19,,,1,100,,153808,19,,,1,101,,112335,19,,,1,106,,153804,19,,,1,268,,95269,19,,,1,25,,55781,19,,,1,98,,153800,19,,,1,100,,153809,19,,,1,100,,69812,19,,,1,95,,153802,19,,,1,100,,153799,19,,,1
4301,'12',615,,153815,19,,,1,30,,34380,19,,,1,65,,153823,19,,,1,33,,153825,19,,,1,73,,153819,19,,,1,29,,153817,19,,,1,99,,98040,19,,,1,100,,153824,19,,,1,99,,153822,19,,,1,101,,153826,19,,,1,100,,153816,19,,,1,101,,153821,19,,,1,106,,153820,19,,,1,268,,153812,19,,,1,25,,153818,19,,,1,98,,153813,19,,,1,100,,17404,19,,,1,100,,153811,19,,,1,95,,72176,19,,,1,100,,153814,19,,,1
4301,'14',615,,153834,19,,,1,30,,153838,19,,,1,65,,91155,19,,,1,33,,153841,19,,,1,73,,153836,19,,,1,29,,46291,19,,,1,99,,153831,19,,,1,100,,153840,19,,,1,99,,153839,19,,,1,101,,153842,19,,,1,100,,57603,19,,,1,101,,83742,19,,,1,106,,153837,19,,,1,268,,153829,19,,,1,25,,153835,19,,,1,98,,153830,19,,,1,100,,153827,19,,,1,100,,153828,19,,,1,95,,153832,19,,,1,100,,153833,19,,,1
4301,'15',615,,153850,19,,,1,30,,153854,19,,,1,65,,91621,19,,,1,33,,153857,19,,,1,73,,153852,19,,,1,29,,46388,19,,,1,99,,153847,19,,,1,100,,153856,19,,,1,99,,153855,19,,,1,101,,153858,19,,,1,100,,57877,19,,,1,101,,84120,19,,,1,106,,153853,19,,,1,268,,153845,19,,,1,25,,153851,19,,,1,98,,153846,19,,,1,100,,153843,19,,,1,100,,153844,19,,,1,95,,153848,19,,,1,100,,153849,19,,,1
4301,'16',615,,153863,19,,,1,30,,153870,19,,,1,65,,153871,19,,,1,33,,153873,19,,,1,73,,153867,19,,,1,29,,153865,19,,,1,99,,153861,19,,,1,100,,153872,19,,,1,99,,33894,19,,,1,101,,153874,19,,,1,100,,153864,19,,,1,101,,153869,19,,,1,106,,153868,19,,,1,268,,53531,19,,,1,25,,153866,19,,,1,98,,21075,19,,,1,100,,153859,19,,,1,100,,153860,19,,,1,95,,153862,19,,,1,100,,21731,19,,,1
4301,'17',615,,153876,19,,,1,95,,153884,19,,,1,35,,153887,19,,,1,70,,153881,19,,,1,32,,153883,19,,,1,97,,153885,19,,,1,100,,153879,19,,,1,99,,153880,19,,,1,101,,153878,19,,,1,100,,153877,19,,,1,101,,153886,19,,,1,106,,418,19,,,1,268,,153888,19,,,1,25,,77272,19,,,1,98,,153875,19,,,1,100,,153889,19,,,1,100,,82514,19,,,1,95,,153882,19,,,1,100,,23098,19,,,1
4301,'2',615,,153891,19,,,1,95,,153899,19,,,1,35,,153902,19,,,1,70,,153896,19,,,1,32,,153898,19,,,1,97,,153900,19,,,1,100,,153894,19,,,1,99,,153895,19,,,1,101,,153893,19,,,1,100,,153892,19,,,1,101,,153901,19,,,1,106,,200,19,,,1,268,,153903,19,,,1,25,,76918,19,,,1,98,,153890,19,,,1,100,,153904,19,,,1,100,,82368,19,,,1,95,,153897,19,,,1,100,,22963,19,,,1
4301,'3',615,,153912,19,,,1,30,,153916,19,,,1,65,,91451,19,,,1,33,,153919,19,,,1,73,,153914,19,,,1,29,,46349,19,,,1,99,,153909,19,,,1,100,,153918,19,,,1,99,,153917,19,,,1,101,,153920,19,,,1,100,,57780,19,,,1,101,,83988,19,,,1,106,,153915,19,,,1,268,,153907,19,,,1,25,,153913,19,,,1,98,,153908,19,,,1,100,,153905,19,,,1,100,,153906,19,,,1,95,,153910,19,,,1,100,,153911,19,,,1
4301,'5',615,,153922,19,,,1,95,,153930,19,,,1,35,,82254,19,,,1,70,,153927,19,,,1,32,,153929,19,,,1,97,,153933,19,,,1,100,,153925,19,,,1,99,,153926,19,,,1,101,,153924,19,,,1,100,,153923,19,,,1,101,,84287,19,,,1,106,,153931,19,,,1,268,,153935,19,,,1,25,,153934,19,,,1,98,,153921,19,,,1,100,,153936,19,,,1,100,,153937,19,,,1,95,,153928,19,,,1,100,,153932,19,,,1
4301,'6',615,,153939,19,,,1,95,,153947,19,,,1,35,,153950,19,,,1,70,,153944,19,,,1,32,,153946,19,,,1,97,,153948,19,,,1,100,,153942,19,,,1,99,,153943,19,,,1,101,,153941,19,,,1,100,,153940,19,,,1,101,,153949,19,,,1,106,,740,19,,,1,268,,153951,19,,,1,25,,77805,19,,,1,98,,153938,19,,,1,100,,153952,19,,,1,100,,82727,19,,,1,95,,153945,19,,,1,100,,23283,19,,,1
4301,'8',615,,153954,19,,,1,95,,153962,19,,,1,35,,153965,19,,,1,70,,153959,19,,,1,32,,153961,19,,,1,97,,153963,19,,,1,100,,153957,19,,,1,99,,153958,19,,,1,101,,153956,19,,,1,100,,153955,19,,,1,101,,153964,19,,,1,106,,680,19,,,1,268,,153966,19,,,1,25,,77716,19,,,1,98,,153953,19,,,1,100,,153967,19,,,1,100,,82689,19,,,1,95,,153960,19,,,1,100,,23248,19,,,1
