2400,'1',530,,25162,,,1,86,,25157,,,1,15,,25190,,,1,14,,25195,,,1,69,,25194,,,1,18,,25186,,,1,14,,25184,,,1,54,,25166,,,1,18,,25161,,,1,13,,25156,,,1,13,,25163,0,71,1,3,,25183,,,1,9,,25177,0,71,1,44,,25181,,,1,30,,25169,,,1,70,,25189,,,1,30,,25168,,,1,70,,25179,,,1,30,,25159,,,1,70,,25151,,,1,30,,25158,,,1,70,,25171,,,1,32,,25167,,,1,70,,25155,,,1,30,,25165,,,1,26,,25191,,,1,67,,25160,,,1,19,,25164,,,1,69,,25187,,,1,15,,25182,,,1,16,,25152,,,1,14,,25196,,,1,56,,25185,,,1,14,,25176,,,1,16,,25173,,,1,76,,25174,,,1,31,,25180,,,1,69,,25175,,,1,26,,25178,,,1,74,,25193,,,1,31,,25188,,,1,72,,25170,,,1,31,,25172,,,1,100,,25153,,,1,68,,25154,,,1
2400,'10',530,,25215,,,1,86,,25228,,,1,15,,25225,,,1,14,,25221,,,1,57,,25223,,,1,12,,25203,,,1,18,,25208,,,1,14,,25237,,,1,54,,25202,,,1,18,,25240,,,1,14,,25201,,,1,15,,25207,,,1,53,,25213,,,1,30,,25205,,,1,70,,25218,,,1,30,,25209,,,1,70,,25217,,,1,30,,25198,,,1,70,,25241,,,1,30,,25236,,,1,70,,25238,,,1,32,,25216,,,1,70,,25239,,,1,28,,25229,,,1,70,,25210,,,1,25,,25226,,,1,19,,25232,,,1,69,,25206,,,1,15,,25214,,,1,14,,25219,,,1,16,,25197,,,1,56,,25227,,,1,14,,25222,,,1,16,,25231,,,1,14,,25235,,,1,62,,25200,,,1,31,,25199,,,1,69,,25224,,,1,26,,25204,,,1,74,,25212,,,1,31,,25233,,,1,72,,25234,,,1,31,,25211,,,1,100,,25220,,,1,68,,25230,,,1
2400,'11',530,,25253,,,1,86,,25248,,,1,15,,25281,,,1,14,,25286,,,1,69,,25285,,,1,18,,25277,,,1,14,,25275,,,1,54,,25257,,,1,18,,25252,,,1,13,,25247,,,1,13,,25254,0,71,1,3,,25274,,,1,9,,25268,0,71,1,44,,25272,,,1,30,,25260,,,1,70,,25280,,,1,30,,25259,,,1,70,,25270,,,1,30,,25250,,,1,70,,25242,,,1,30,,25249,,,1,70,,25262,,,1,32,,25258,,,1,70,,25246,,,1,30,,25256,,,1,26,,25282,,,1,67,,25251,,,1,19,,25255,,,1,69,,25278,,,1,15,,25273,,,1,16,,25243,,,1,14,,25287,,,1,56,,25276,,,1,14,,25267,,,1,16,,25264,,,1,76,,25265,,,1,31,,25271,,,1,69,,25266,,,1,26,,25269,,,1,74,,25284,,,1,31,,25279,,,1,72,,25261,,,1,31,,25263,,,1,100,,25244,,,1,68,,25245,,,1
2400,'12',530,,25299,,,1,101,,25289,,,1,101,,25305,,,1,100,,25304,,,1,98,,25297,,,1,100,,25290,,,1,100,,25302,,,1,100,,25288,,,1,102,,25303,,,1,100,,25292,,,1,95,,25291,,,1,101,,25296,,,1,100,,25295,,,1,103,,25298,,,1,95,,25306,,,1,105,,25293,,,1,99,,25300,,,1,99,,25294,,,1,93,,25301,,,1
2400,'13',818,,25312,,,1,100,,25326,0,72,1,99,,25313,0,72,1,30,,25323,0,72,1,70,,25318,0,72,1,30,,25307,0,72,1,70,,25309,0,72,1,30,,25310,0,72,1,70,,25317,0,72,1,30,,25329,0,72,1,70,,25320,0,72,1,30,,25314,0,72,1,70,,25327,0,72,1,30,,25328,0,72,1,70,,25321,0,72,1,30,,25324,0,72,1,70,,25316,0,72,1,30,,25330,0,72,1,70,,25315,0,72,1,29,,25319,,,1,70,,25308,,,1,30,,25331,,,1
2400,'14',818,,25337,,,1,100,,25351,0,72,1,99,,25338,0,72,1,30,,25348,0,72,1,70,,25343,0,72,1,30,,25332,0,72,1,70,,25334,0,72,1,30,,25335,0,72,1,70,,25342,0,72,1,30,,25354,0,72,1,70,,25345,0,72,1,30,,25339,0,72,1,70,,25352,0,72,1,30,,25353,0,72,1,70,,25346,0,72,1,30,,25349,0,72,1,70,,25341,0,72,1,30,,25355,0,72,1,70,,25340,0,72,1,29,,25344,,,1,70,,25333,,,1,30,,25356,,,1
2400,'15',530,,25375,,,1,86,,25388,,,1,15,,25385,,,1,14,,25381,,,1,57,,25383,,,1,12,,25363,,,1,18,,25368,,,1,14,,25397,,,1,54,,25362,,,1,18,,25400,,,1,14,,25361,,,1,15,,25367,,,1,53,,25373,,,1,30,,25365,,,1,70,,25378,,,1,30,,25369,,,1,70,,25377,,,1,30,,25358,,,1,70,,25401,,,1,30,,25396,,,1,70,,25398,,,1,32,,25376,,,1,70,,25399,,,1,28,,25389,,,1,70,,25370,,,1,25,,25386,,,1,19,,25392,,,1,69,,25366,,,1,15,,25374,,,1,14,,25379,,,1,16,,25357,,,1,56,,25387,,,1,14,,25382,,,1,16,,25391,,,1,14,,25395,,,1,62,,25360,,,1,31,,25359,,,1,69,,25384,,,1,26,,25364,,,1,74,,25372,,,1,31,,25393,,,1,72,,25394,,,1,31,,25371,,,1,100,,25380,,,1,68,,25390,,,1
2400,'16',530,,25413,,,1,86,,25408,,,1,15,,25441,,,1,14,,25446,,,1,69,,25445,,,1,18,,25437,,,1,14,,25435,,,1,54,,25417,,,1,18,,25412,,,1,13,,25407,,,1,13,,25414,0,71,1,3,,25434,,,1,9,,25428,0,71,1,44,,25432,,,1,30,,25420,,,1,70,,25440,,,1,30,,25419,,,1,70,,25430,,,1,30,,25410,,,1,70,,25402,,,1,30,,25409,,,1,70,,25422,,,1,32,,25418,,,1,70,,25406,,,1,30,,25416,,,1,26,,25442,,,1,67,,25411,,,1,19,,25415,,,1,69,,25438,,,1,15,,25433,,,1,16,,25403,,,1,14,,25447,,,1,56,,25436,,,1,14,,25427,,,1,16,,25424,,,1,76,,25425,,,1,31,,25431,,,1,69,,25426,,,1,26,,25429,,,1,74,,25444,,,1,31,,25439,,,1,72,,25421,,,1,31,,25423,,,1,100,,25404,,,1,68,,25405,,,1
2400,'17',818,,25453,,,1,100,,25467,0,72,1,99,,25454,0,72,1,30,,25464,0,72,1,70,,25459,0,72,1,30,,25448,0,72,1,70,,25450,0,72,1,30,,25451,0,72,1,70,,25458,0,72,1,30,,25470,0,72,1,70,,25461,0,72,1,30,,25455,0,72,1,70,,25468,0,72,1,30,,25469,0,72,1,70,,25462,0,72,1,30,,25465,0,72,1,70,,25457,0,72,1,30,,25471,0,72,1,70,,25456,0,72,1,29,,25460,,,1,70,,25449,,,1,30,,25472,,,1
2400,'18',646,,25486,0,72,1,100,,25493,0,72,1,71,,25501,0,72,1,30,,25475,0,72,1,70,,25482,0,72,1,30,,25481,0,72,1,71,,25480,0,72,1,30,,25478,0,72,1,70,,25498,0,72,1,30,,25473,0,72,1,70,,25499,0,72,1,30,,25487,0,72,1,70,,25484,0,72,1,30,,25485,0,72,1,70,,25474,0,72,1,30,,25496,0,72,1,70,,25488,0,72,1,30,,25479,0,72,1,70,,25500,0,72,1,30,,25489,0,72,1,70,,25483,0,72,1,30,,25477,0,72,1,70,,25503,0,72,1,30,,25497,0,72,1,70,,25495,0,72,1,30,,25476,0,72,1,69,,25502,0,72,1
2400,'19',646,,25517,0,72,1,100,,25524,0,72,1,71,,25532,0,72,1,30,,25506,0,72,1,70,,25513,0,72,1,30,,25512,0,72,1,71,,25511,0,72,1,30,,25509,0,72,1,70,,25529,0,72,1,30,,25504,0,72,1,70,,25530,0,72,1,30,,25518,0,72,1,70,,25515,0,72,1,30,,25516,0,72,1,70,,25505,0,72,1,30,,25527,0,72,1,70,,25519,0,72,1,30,,25510,0,72,1,70,,25531,0,72,1,30,,25520,0,72,1,70,,25514,0,72,1,30,,25508,0,72,1,70,,25534,0,72,1,30,,25528,0,72,1,70,,25526,0,72,1,30,,25507,0,72,1,69,,25533,0,72,1
2400,'2',818,,25540,,,1,100,,25554,0,72,1,99,,25541,0,72,1,30,,25551,0,72,1,70,,25546,0,72,1,30,,25535,0,72,1,70,,25537,0,72,1,30,,25538,0,72,1,70,,25545,0,72,1,30,,25557,0,72,1,70,,25548,0,72,1,30,,25542,0,72,1,70,,25555,0,72,1,30,,25556,0,72,1,70,,25549,0,72,1,30,,25552,0,72,1,70,,25544,0,72,1,30,,25558,0,72,1,70,,25543,0,72,1,29,,25547,,,1,70,,25536,,,1,30,,25559,,,1
2400,'20',530,,25571,,,1,86,,25566,,,1,15,,25599,,,1,14,,25604,,,1,69,,25603,,,1,18,,25595,,,1,14,,25593,,,1,54,,25575,,,1,18,,25570,,,1,13,,25565,,,1,13,,25572,0,71,1,3,,25592,,,1,9,,25586,0,71,1,44,,25590,,,1,30,,25578,,,1,70,,25598,,,1,30,,25577,,,1,70,,25588,,,1,30,,25568,,,1,70,,25560,,,1,30,,25567,,,1,70,,25580,,,1,32,,25576,,,1,70,,25564,,,1,30,,25574,,,1,26,,25600,,,1,67,,25569,,,1,19,,25573,,,1,69,,25596,,,1,15,,25591,,,1,16,,25561,,,1,14,,25605,,,1,56,,25594,,,1,14,,25585,,,1,16,,25582,,,1,76,,25583,,,1,31,,25589,,,1,69,,25584,,,1,26,,25587,,,1,74,,25602,,,1,31,,25597,,,1,72,,25579,,,1,31,,25581,,,1,100,,25562,,,1,68,,25563,,,1
2400,'3',530,,25617,,,1,86,,25612,,,1,15,,25645,,,1,14,,25650,,,1,69,,25649,,,1,18,,25641,,,1,14,,25639,,,1,54,,25621,,,1,18,,25616,,,1,13,,25611,,,1,13,,25618,0,71,1,3,,25638,,,1,9,,25632,0,71,1,44,,25636,,,1,30,,25624,,,1,70,,25644,,,1,30,,25623,,,1,70,,25634,,,1,30,,25614,,,1,70,,25606,,,1,30,,25613,,,1,70,,25626,,,1,32,,25622,,,1,70,,25610,,,1,30,,25620,,,1,26,,25646,,,1,67,,25615,,,1,19,,25619,,,1,69,,25642,,,1,15,,25637,,,1,16,,25607,,,1,14,,25651,,,1,56,,25640,,,1,14,,25631,,,1,16,,25628,,,1,76,,25629,,,1,31,,25635,,,1,69,,25630,,,1,26,,25633,,,1,74,,25648,,,1,31,,25643,,,1,72,,25625,,,1,31,,25627,,,1,100,,25608,,,1,68,,25609,,,1
2400,'4',530,,25663,,,1,86,,25658,,,1,15,,25691,,,1,14,,25696,,,1,69,,25695,,,1,18,,25687,,,1,14,,25685,,,1,54,,25667,,,1,18,,25662,,,1,13,,25657,,,1,13,,25664,0,71,1,3,,25684,,,1,9,,25678,0,71,1,44,,25682,,,1,30,,25670,,,1,70,,25690,,,1,30,,25669,,,1,70,,25680,,,1,30,,25660,,,1,70,,25652,,,1,30,,25659,,,1,70,,25672,,,1,32,,25668,,,1,70,,25656,,,1,30,,25666,,,1,26,,25692,,,1,67,,25661,,,1,19,,25665,,,1,69,,25688,,,1,15,,25683,,,1,16,,25653,,,1,14,,25697,,,1,56,,25686,,,1,14,,25677,,,1,16,,25674,,,1,76,,25675,,,1,31,,25681,,,1,69,,25676,,,1,26,,25679,,,1,74,,25694,,,1,31,,25689,,,1,72,,25671,,,1,31,,25673,,,1,100,,25654,,,1,68,,25655,,,1
2400,'5',530,,25709,,,1,86,,25704,,,1,15,,25737,,,1,14,,25742,,,1,69,,25741,,,1,18,,25733,,,1,14,,25731,,,1,54,,25713,,,1,18,,25708,,,1,13,,25703,,,1,13,,25710,0,71,1,3,,25730,,,1,9,,25724,0,71,1,44,,25728,,,1,30,,25716,,,1,70,,25736,,,1,30,,25715,,,1,70,,25726,,,1,30,,25706,,,1,70,,25698,,,1,30,,25705,,,1,70,,25718,,,1,32,,25714,,,1,70,,25702,,,1,30,,25712,,,1,26,,25738,,,1,67,,25707,,,1,19,,25711,,,1,69,,25734,,,1,15,,25729,,,1,16,,25699,,,1,14,,25743,,,1,56,,25732,,,1,14,,25723,,,1,16,,25720,,,1,76,,25721,,,1,31,,25727,,,1,69,,25722,,,1,26,,25725,,,1,74,,25740,,,1,31,,25735,,,1,72,,25717,,,1,31,,25719,,,1,100,,25700,,,1,68,,25701,,,1
2400,'6',530,,25755,,,1,86,,25750,,,1,15,,25783,,,1,14,,25788,,,1,69,,25787,,,1,18,,25779,,,1,14,,25777,,,1,54,,25759,,,1,18,,25754,,,1,13,,25749,,,1,13,,25756,0,71,1,3,,25776,,,1,9,,25770,0,71,1,44,,25774,,,1,30,,25762,,,1,70,,25782,,,1,30,,25761,,,1,70,,25772,,,1,30,,25752,,,1,70,,25744,,,1,30,,25751,,,1,70,,25764,,,1,32,,25760,,,1,70,,25748,,,1,30,,25758,,,1,26,,25784,,,1,67,,25753,,,1,19,,25757,,,1,69,,25780,,,1,15,,25775,,,1,16,,25745,,,1,14,,25789,,,1,56,,25778,,,1,14,,25769,,,1,16,,25766,,,1,76,,25767,,,1,31,,25773,,,1,69,,25768,,,1,26,,25771,,,1,74,,25786,,,1,31,,25781,,,1,72,,25763,,,1,31,,25765,,,1,100,,25746,,,1,68,,25747,,,1
2400,'7',530,,25808,,,1,86,,25821,,,1,15,,25818,,,1,14,,25814,,,1,57,,25816,,,1,12,,25796,,,1,18,,25801,,,1,14,,25830,,,1,54,,25795,,,1,18,,25833,,,1,14,,25794,,,1,15,,25800,,,1,53,,25806,,,1,30,,25798,,,1,70,,25811,,,1,30,,25802,,,1,70,,25810,,,1,30,,25791,,,1,70,,25834,,,1,30,,25829,,,1,70,,25831,,,1,32,,25809,,,1,70,,25832,,,1,28,,25822,,,1,70,,25803,,,1,25,,25819,,,1,19,,25825,,,1,69,,25799,,,1,15,,25807,,,1,14,,25812,,,1,16,,25790,,,1,56,,25820,,,1,14,,25815,,,1,16,,25824,,,1,14,,25828,,,1,62,,25793,,,1,31,,25792,,,1,69,,25817,,,1,26,,25797,,,1,74,,25805,,,1,31,,25826,,,1,72,,25827,,,1,31,,25804,,,1,100,,25813,,,1,68,,25823,,,1
2400,'8',530,,25853,,,1,86,,25866,,,1,15,,25863,,,1,14,,25859,,,1,57,,25861,,,1,12,,25841,,,1,18,,25846,,,1,14,,25875,,,1,54,,25840,,,1,18,,25878,,,1,14,,25839,,,1,15,,25845,,,1,53,,25851,,,1,30,,25843,,,1,70,,25856,,,1,30,,25847,,,1,70,,25855,,,1,30,,25836,,,1,70,,25879,,,1,30,,25874,,,1,70,,25876,,,1,32,,25854,,,1,70,,25877,,,1,28,,25867,,,1,70,,25848,,,1,25,,25864,,,1,19,,25870,,,1,69,,25844,,,1,15,,25852,,,1,14,,25857,,,1,16,,25835,,,1,56,,25865,,,1,14,,25860,,,1,16,,25869,,,1,14,,25873,,,1,62,,25838,,,1,31,,25837,,,1,69,,25862,,,1,26,,25842,,,1,74,,25850,,,1,31,,25871,,,1,72,,25872,,,1,31,,25849,,,1,100,,25858,,,1,68,,25868,,,1
2400,'9',530,,25898,,,1,86,,25911,,,1,15,,25908,,,1,14,,25904,,,1,57,,25906,,,1,12,,25886,,,1,18,,25891,,,1,14,,25920,,,1,54,,25885,,,1,18,,25923,,,1,14,,25884,,,1,15,,25890,,,1,53,,25896,,,1,30,,25888,,,1,70,,25901,,,1,30,,25892,,,1,70,,25900,,,1,30,,25881,,,1,70,,25924,,,1,30,,25919,,,1,70,,25921,,,1,32,,25899,,,1,70,,25922,,,1,28,,25912,,,1,70,,25893,,,1,25,,25909,,,1,19,,25915,,,1,69,,25889,,,1,15,,25897,,,1,14,,25902,,,1,16,,25880,,,1,56,,25910,,,1,14,,25905,,,1,16,,25914,,,1,14,,25918,,,1,62,,25883,,,1,31,,25882,,,1,69,,25907,,,1,26,,25887,,,1,74,,25895,,,1,31,,25916,,,1,72,,25917,,,1,31,,25894,,,1,100,,25903,,,1,68,,25913,,,1
3901,'1',356,,40503,0,27 28,1,70,,40445,0,27 28,1,25,,40481,0,27 28,1,2103,,40437,0,76,1,73,,40501,0,76,1,30,,40491,0,76,1,70,,40494,0,76,1
3901,'10',356,,40577,0,27 28,1,70,,40539,0,27 28,1,25,,40558,0,27 28,1,2103,,40534,0,76,1,73,,40517,0,76,1,30,,40515,0,76,1,70,,40584,0,76,1
3901,'11',356,,40663,0,27 28,1,70,,40605,0,27 28,1,25,,40641,0,27 28,1,2103,,40597,0,76,1,73,,40661,0,76,1,30,,40651,0,76,1,70,,40654,0,76,1
3901,'12',356,,40700,0,27 28,1,70,,40687,0,27 28,1,25,,40686,0,27 28,1,2103,,40712,0,76,1,73,,40697,0,76,1,30,,40702,0,76,1,70,,40672,0,76,1
3901,'13',401,,40806,0,27 28,1,30,,40817,0,27 28,1,70,,40773,0,27 28,1,30,,40786,0,27 28,1,70,,40755,0,27 28,1,31,,40797,0,27 28,1,72,,40804,0,27 28,1,30,,40819,0,27 28,1,70,,40763,0,27 28,1,15,,40790,0,27 28,1,1587,,40803,0,27 28,1,30,,40769,0,27 28,1,70,,40751,0,27 28,1,30,,40759,0,27 28,1,70,,40813,0,27 28,1,30,,40793,0,27 28,1,70,,40796,0,27 28,1
3901,'14',401,,40881,0,27 28,1,30,,40892,0,27 28,1,70,,40848,0,27 28,1,30,,40861,0,27 28,1,70,,40830,0,27 28,1,31,,40872,0,27 28,1,72,,40879,0,27 28,1,30,,40894,0,27 28,1,70,,40838,0,27 28,1,15,,40865,0,27 28,1,1587,,40878,0,27 28,1,30,,40844,0,27 28,1,70,,40826,0,27 28,1,30,,40834,0,27 28,1,70,,40888,0,27 28,1,30,,40868,0,27 28,1,70,,40871,0,27 28,1
3901,'15',356,,40967,0,27 28,1,70,,40929,0,27 28,1,25,,40948,0,27 28,1,2103,,40924,0,76,1,73,,40907,0,76,1,30,,40905,0,76,1,70,,40974,0,76,1
3901,'16',356,,41053,0,27 28,1,70,,40995,0,27 28,1,25,,41031,0,27 28,1,2103,,40987,0,76,1,73,,41051,0,76,1,30,,41041,0,76,1,70,,41044,0,76,1
3901,'17',401,,41116,0,27 28,1,30,,41127,0,27 28,1,70,,41083,0,27 28,1,30,,41096,0,27 28,1,70,,41065,0,27 28,1,31,,41107,0,27 28,1,72,,41114,0,27 28,1,30,,41129,0,27 28,1,70,,41073,0,27 28,1,15,,41100,0,27 28,1,1587,,41113,0,27 28,1,30,,41079,0,27 28,1,70,,41061,0,27 28,1,30,,41069,0,27 28,1,70,,41123,0,27 28,1,30,,41103,0,27 28,1,70,,41106,0,27 28,1
3901,'18',403,,41193,0,27 28,1,30,,41168,0,27 28,1,70,,41166,0,27 28,1,30,,41182,0,27 28,1,70,,41155,0,27 28,1,2045,,41201,0,27 28,1,71,,41154,0,27 28,1
3901,'19',403,,41271,0,27 28,1,30,,41246,0,27 28,1,70,,41244,0,27 28,1,30,,41260,0,27 28,1,70,,41233,0,27 28,1,2045,,41279,0,27 28,1,71,,41232,0,27 28,1
3901,'2',401,,41347,0,27 28,1,30,,41358,0,27 28,1,70,,41314,0,27 28,1,30,,41327,0,27 28,1,70,,41296,0,27 28,1,31,,41338,0,27 28,1,72,,41345,0,27 28,1,30,,41360,0,27 28,1,70,,41304,0,27 28,1,15,,41331,0,27 28,1,1587,,41344,0,27 28,1,30,,41310,0,27 28,1,70,,41292,0,27 28,1,30,,41300,0,27 28,1,70,,41354,0,27 28,1,30,,41334,0,27 28,1,70,,41337,0,27 28,1
3901,'20',356,,41439,0,27 28,1,70,,41381,0,27 28,1,25,,41417,0,27 28,1,2103,,41373,0,76,1,73,,41437,0,76,1,30,,41427,0,76,1,70,,41430,0,76,1
3901,'3',356,,41519,0,27 28,1,70,,41461,0,27 28,1,25,,41497,0,27 28,1,2103,,41453,0,76,1,73,,41517,0,76,1,30,,41507,0,76,1,70,,41510,0,76,1
3901,'4',356,,41599,0,27 28,1,70,,41541,0,27 28,1,25,,41577,0,27 28,1,2103,,41533,0,76,1,73,,41597,0,76,1,30,,41587,0,76,1,70,,41590,0,76,1
3901,'5',356,,41679,0,27 28,1,70,,41621,0,27 28,1,25,,41657,0,27 28,1,2103,,41613,0,76,1,73,,41677,0,76,1,30,,41667,0,76,1,70,,41670,0,76,1
3901,'6',356,,41759,0,27 28,1,70,,41701,0,27 28,1,25,,41737,0,27 28,1,2103,,41693,0,76,1,73,,41757,0,76,1,30,,41747,0,76,1,70,,41750,0,76,1
3901,'7',356,,41833,0,27 28,1,70,,41795,0,27 28,1,25,,41814,0,27 28,1,2103,,41790,0,76,1,73,,41773,0,76,1,30,,41771,0,76,1,70,,41840,0,76,1
3901,'8',356,,41913,0,27 28,1,70,,41875,0,27 28,1,25,,41894,0,27 28,1,2103,,41870,0,76,1,73,,41853,0,76,1,30,,41851,0,76,1,70,,41920,0,76,1
3901,'9',356,,41993,0,27 28,1,70,,41955,0,27 28,1,25,,41974,0,27 28,1,2103,,41950,0,76,1,73,,41933,0,76,1,30,,41931,0,76,1,70,,42000,0,76,1
62400,'1',838,,122629,,,1
62400,'11',838,,122630,,,1
62400,'16',838,,122631,,,1
62400,'20',838,,122632,,,1
62400,'3',838,,122633,,,1
62400,'4',838,,122634,,,1
62400,'5',838,,122635,,,1
62400,'6',838,,122636,,,1
63300,'1',812,,122797,,,1
63300,'11',812,,122798,,,1
63300,'16',812,,122799,,,1
63300,'20',812,,122800,,,1
63300,'3',812,,122801,,,1
63300,'4',812,,122802,,,1
63300,'5',812,,122803,,,1
63300,'6',812,,122804,,,1
