4200,'1',552,,240163,22,,,1,100,,240152,22,,,1,101,,240148,22,,,1,70,,240149,22,,,1,30,,240166,22,,,1,70,,240167,22,,,1,30,,240162,22,,,1,70,,240155,22,,,1,30,,240165,22,,,1,70,,109520,22,,,1,30,,240161,22,,,1,70,,240157,22,,,1,30,,240154,22,,,1,70,,240159,22,,,1,30,,240164,22,,,1,70,,240158,22,,,1,30,,240151,22,,,1,70,,140163,22,,,1,30,,240169,22,,,1,70,,240168,22,,,1,30,,240156,22,,,1,70,,240160,22,,,1,30,,240153,22,,,1,70,,153140,22,,,1,30,,240150,22,,,1
4200,'10',552,,240183,22,,,1,100,,240174,22,,,1,101,,240170,22,,,1,70,,240171,22,,,1,30,,240187,22,,,1,70,,240188,22,,,1,30,,240182,22,,,1,70,,131223,22,,,1,30,,240186,22,,,1,70,,240184,22,,,1,30,,22989,22,,,1,70,,240178,22,,,1,30,,240176,22,,,1,70,,240179,22,,,1,30,,240185,22,,,1,70,,184182,22,,,1,30,,182277,22,,,1,70,,240173,22,,,1,30,,240190,22,,,1,70,,240189,22,,,1,30,,240177,22,,,1,70,,240180,22,,,1,30,,240175,22,,,1,70,,240181,22,,,1,30,,240172,22,,,1
4200,'11',718,,240196,22,,,1,99,,240197,22,,,1,100,,240199,22,,,1,30,,240191,22,,,1,70,,240193,22,,,1,30,,240195,22,,,1,70,,240201,22,,,1,30,,131737,22,,,1,70,,240204,22,,,1,30,,25799,22,,,1,70,,240192,22,,,1,30,,240198,22,,,1,70,,240206,22,,,1,30,,240205,22,,,1,70,,240202,22,,,1,30,,151097,22,,,1,70,,240200,22,,,1,30,,183179,22,,,1,70,,240203,22,,,1,100,,240194,22,,,1
4200,'12',535,,204992,22,,,1,102,,183653,22,,,1,66,,240211,22,,,1,35,,240214,22,,,1,72,,91942,22,,,1,30,,240216,22,,,1,70,,153029,22,,,1,25,,240212,22,,,1,70,,240210,22,,,1,30,,240219,22,,,1,70,,240224,22,,,1,30,,171300,22,,,1,70,,153027,22,,,1,33,,158589,22,,,1,70,,240221,22,,,1,30,,168025,22,,,1,70,,132474,22,,,1,29,,240215,22,,,1,70,,240208,22,,,1,33,,240222,22,,,1,103,,58932,22,,,1,70,,240207,22,,,1,30,,240217,22,,,1,78,,240223,22,,,1,30,,240225,22,,,1,69,,240220,22,,,1,30,,240218,22,,,1,70,,240209,22,,,1,29,,194533,22,,,1,70,,240213,22,,,1
4200,'13',552,,240238,22,,,1,100,,240230,22,,,1,101,,240226,22,,,1,70,,761,22,,,1,30,,142541,22,,,1,70,,240242,22,,,1,30,,240237,22,,,1,70,,240232,22,,,1,30,,240241,22,,,1,70,,240239,22,,,1,30,,240235,22,,,1,70,,165192,22,,,1,30,,240231,22,,,1,70,,187225,22,,,1,30,,240240,22,,,1,70,,240234,22,,,1,30,,240228,22,,,1,70,,240229,22,,,1,30,,141076,22,,,1,70,,203941,22,,,1,30,,240233,22,,,1,70,,176928,22,,,1,30,,194569,22,,,1,70,,240236,22,,,1,30,,240227,22,,,1
4200,'14',535,,107958,22,,,1,102,,161729,22,,,1,66,,240259,22,,,1,34,,240264,22,,,1,73,,240246,22,,,1,31,,199467,22,,,1,69,,240265,22,,,1,25,,240256,22,,,1,70,,240249,22,,,1,30,,133661,22,,,1,70,,240253,22,,,1,30,,240244,22,,,1,70,,240266,22,,,1,33,,240243,22,,,1,70,,240247,22,,,1,30,,240254,22,,,1,70,,240248,22,,,1,29,,240252,22,,,1,70,,21267,22,,,1,33,,240262,22,,,1,71,,240245,22,,,1,32,,240255,22,,,1,69,,240260,22,,,1,33,,240258,22,,,1,76,,240257,22,,,1,30,,173597,22,,,1,69,,240251,22,,,1,30,,240261,22,,,1,70,,194999,22,,,1,29,,240263,22,,,1,70,,240250,22,,,1
4200,'15',535,,204993,22,,,1,102,,183801,22,,,1,66,,240271,22,,,1,35,,240274,22,,,1,72,,92493,22,,,1,30,,240276,22,,,1,70,,153124,22,,,1,25,,240272,22,,,1,70,,240270,22,,,1,30,,240279,22,,,1,70,,240284,22,,,1,30,,171445,22,,,1,70,,153122,22,,,1,33,,158636,22,,,1,70,,240281,22,,,1,30,,168169,22,,,1,70,,132712,22,,,1,29,,240275,22,,,1,70,,240268,22,,,1,33,,240282,22,,,1,103,,59368,22,,,1,70,,240267,22,,,1,30,,240277,22,,,1,78,,240283,22,,,1,30,,240285,22,,,1,69,,240280,22,,,1,30,,240278,22,,,1,70,,240269,22,,,1,29,,194730,22,,,1,70,,240273,22,,,1
4200,'16',718,,240291,22,,,1,99,,240292,22,,,1,100,,240295,22,,,1,30,,240287,22,,,1,70,,240289,22,,,1,30,,240290,22,,,1,70,,240297,22,,,1,30,,240300,22,,,1,70,,240301,22,,,1,30,,240286,22,,,1,70,,240288,22,,,1,30,,114920,22,,,1,70,,240303,22,,,1,30,,240302,22,,,1,70,,240298,22,,,1,30,,240293,22,,,1,70,,240296,22,,,1,30,,240294,22,,,1,70,,240299,22,,,1,100,,59141,22,,,1
4200,'17',535,,172863,22,,,1,102,,98044,22,,,1,66,,240320,22,,,1,34,,240325,22,,,1,73,,240307,22,,,1,31,,199439,22,,,1,69,,240326,22,,,1,25,,240317,22,,,1,70,,240310,22,,,1,30,,133588,22,,,1,70,,240314,22,,,1,30,,240305,22,,,1,70,,240327,22,,,1,33,,240304,22,,,1,70,,240308,22,,,1,30,,240315,22,,,1,70,,240309,22,,,1,29,,240313,22,,,1,70,,139659,22,,,1,33,,240323,22,,,1,71,,240306,22,,,1,32,,240316,22,,,1,69,,240321,22,,,1,33,,240319,22,,,1,76,,240318,22,,,1,30,,173530,22,,,1,69,,240312,22,,,1,30,,240322,22,,,1,70,,194949,22,,,1,29,,240324,22,,,1,70,,240311,22,,,1
4200,'18',535,,173025,22,,,1,102,,161810,22,,,1,66,,240344,22,,,1,34,,240349,22,,,1,73,,240331,22,,,1,31,,199503,22,,,1,69,,240350,22,,,1,25,,240341,22,,,1,70,,240334,22,,,1,30,,133738,22,,,1,70,,240338,22,,,1,30,,240329,22,,,1,70,,240351,22,,,1,33,,240328,22,,,1,70,,240332,22,,,1,30,,240339,22,,,1,70,,240333,22,,,1,29,,240337,22,,,1,70,,139842,22,,,1,33,,240347,22,,,1,71,,240330,22,,,1,32,,240340,22,,,1,69,,240345,22,,,1,33,,240343,22,,,1,76,,240342,22,,,1,30,,173693,22,,,1,69,,240336,22,,,1,30,,240346,22,,,1,70,,195052,22,,,1,29,,240348,22,,,1,70,,240335,22,,,1
4200,'2',535,,240363,22,,,1,102,,240361,22,,,1,66,,240369,22,,,1,34,,240373,22,,,1,73,,240354,22,,,1,31,,240357,22,,,1,69,,240374,22,,,1,25,,240366,22,,,1,70,,240358,22,,,1,30,,240356,22,,,1,70,,201584,22,,,1,30,,240352,22,,,1,70,,240375,22,,,1,33,,161367,22,,,1,70,,240355,22,,,1,30,,133943,22,,,1,70,,80172,22,,,1,29,,240362,22,,,1,70,,240372,22,,,1,33,,183149,22,,,1,71,,129302,22,,,1,32,,240365,22,,,1,69,,240370,22,,,1,33,,240368,22,,,1,76,,240367,22,,,1,30,,240353,22,,,1,69,,240360,22,,,1,30,,240371,22,,,1,70,,240364,22,,,1,29,,71213,22,,,1,70,,240359,22,,,1
4200,'3',535,,240393,22,,,1,102,,240382,22,,,1,66,,240379,22,,,1,35,,240384,22,,,1,72,,240394,22,,,1,30,,24101,22,,,1,70,,240399,22,,,1,25,,240380,22,,,1,70,,240378,22,,,1,30,,240390,22,,,1,70,,184349,22,,,1,30,,240388,22,,,1,70,,240397,22,,,1,33,,240396,22,,,1,70,,240392,22,,,1,30,,240386,22,,,1,70,,240381,22,,,1,29,,141444,22,,,1,70,,240376,22,,,1,33,,240395,22,,,1,103,,240385,22,,,1,70,,154938,22,,,1,30,,129082,22,,,1,78,,240398,22,,,1,30,,166815,22,,,1,69,,240391,22,,,1,30,,240387,22,,,1,70,,240377,22,,,1,29,,240389,22,,,1,70,,240383,22,,,1
4200,'4',535,,204994,22,,,1,102,,183862,22,,,1,66,,240404,22,,,1,35,,240407,22,,,1,72,,92433,22,,,1,30,,240409,22,,,1,70,,153168,22,,,1,25,,240405,22,,,1,70,,240403,22,,,1,30,,240412,22,,,1,70,,240417,22,,,1,30,,171510,22,,,1,70,,153166,22,,,1,33,,158657,22,,,1,70,,240414,22,,,1,30,,168236,22,,,1,70,,132831,22,,,1,29,,240408,22,,,1,70,,240401,22,,,1,33,,240415,22,,,1,103,,59321,22,,,1,70,,240400,22,,,1,30,,240410,22,,,1,78,,240416,22,,,1,30,,240418,22,,,1,69,,240413,22,,,1,30,,240411,22,,,1,70,,240402,22,,,1,29,,194823,22,,,1,70,,240406,22,,,1
4200,'5',535,,204990,22,,,1,102,,183325,22,,,1,66,,240423,22,,,1,35,,240426,22,,,1,72,,91882,22,,,1,30,,240428,22,,,1,70,,152829,22,,,1,25,,240424,22,,,1,70,,240422,22,,,1,30,,240431,22,,,1,70,,240436,22,,,1,30,,170982,22,,,1,70,,152827,22,,,1,33,,158488,22,,,1,70,,240433,22,,,1,30,,167698,22,,,1,70,,131970,22,,,1,29,,240427,22,,,1,70,,240420,22,,,1,33,,240434,22,,,1,103,,58885,22,,,1,70,,240419,22,,,1,30,,240429,22,,,1,78,,240435,22,,,1,30,,240437,22,,,1,69,,240432,22,,,1,30,,240430,22,,,1,70,,240421,22,,,1,29,,194128,22,,,1,70,,240425,22,,,1
4200,'6',718,,240444,22,,,1,99,,153175,22,,,1,100,,240448,22,,,1,30,,240439,22,,,1,70,,240441,22,,,1,30,,240443,22,,,1,70,,240450,22,,,1,30,,240453,22,,,1,70,,240454,22,,,1,30,,240438,22,,,1,70,,240440,22,,,1,30,,240445,22,,,1,70,,240456,22,,,1,30,,240455,22,,,1,70,,240451,22,,,1,30,,240446,22,,,1,70,,240449,22,,,1,30,,240447,22,,,1,70,,240452,22,,,1,100,,240442,22,,,1
4200,'7',535,,240471,22,,,1,102,,240469,22,,,1,66,,240478,22,,,1,34,,240484,22,,,1,73,,240461,22,,,1,31,,240465,22,,,1,69,,240485,22,,,1,25,,240476,22,,,1,70,,240466,22,,,1,30,,240464,22,,,1,70,,240472,22,,,1,30,,240458,22,,,1,70,,240486,22,,,1,33,,240457,22,,,1,70,,240462,22,,,1,30,,240474,22,,,1,70,,240463,22,,,1,29,,240470,22,,,1,70,,240482,22,,,1,33,,240481,22,,,1,71,,240460,22,,,1,32,,240475,22,,,1,69,,240479,22,,,1,33,,240477,22,,,1,76,,154066,22,,,1,30,,240459,22,,,1,69,,240468,22,,,1,30,,240480,22,,,1,70,,240473,22,,,1,29,,240483,22,,,1,70,,240467,22,,,1
4200,'8',535,,240509,22,,,1,102,,240497,22,,,1,66,,240501,22,,,1,106,,240500,22,,,1,31,,240513,22,,,1,70,,240503,22,,,1,25,,240510,22,,,1,70,,240496,22,,,1,30,,240493,22,,,1,70,,240504,22,,,1,30,,240487,22,,,1,70,,240505,22,,,1,33,,240494,22,,,1,70,,240499,22,,,1,30,,240492,22,,,1,70,,240488,22,,,1,29,,240490,22,,,1,70,,240489,22,,,1,33,,240507,22,,,1,72,,240506,22,,,1,31,,240514,22,,,1,70,,240491,22,,,1,30,,240502,22,,,1,78,,240508,22,,,1,30,,240498,22,,,1,69,,240495,22,,,1,100,,240511,22,,,1,99,,240512,22,,,1
4200,'9',535,,204991,22,,,1,102,,183612,22,,,1,66,,240519,22,,,1,35,,240522,22,,,1,72,,92157,22,,,1,30,,240524,22,,,1,70,,153005,22,,,1,25,,240520,22,,,1,70,,240518,22,,,1,30,,240527,22,,,1,70,,240532,22,,,1,30,,171265,22,,,1,70,,153003,22,,,1,33,,158577,22,,,1,70,,240529,22,,,1,30,,167989,22,,,1,70,,132411,22,,,1,29,,240523,22,,,1,70,,240516,22,,,1,33,,240530,22,,,1,103,,59099,22,,,1,70,,240515,22,,,1,30,,240525,22,,,1,78,,240531,22,,,1,30,,240533,22,,,1,69,,240528,22,,,1,30,,240526,22,,,1,70,,240517,22,,,1,29,,194475,22,,,1,70,,240521,22,,,1
