8200,'1',928,,633952,,,1,31,,464834,,,1,70,,633959,,,1,30,,237617,,,1,70,,633962,,,1,30,,633960,,,1,70,,633954,,,1,30,,633961,,,1,70,,633965,,,1,30,,540540,,,1,70,,633945,,,1,30,,633967,,,1,70,,633950,,,1,30,,633963,,,1,70,,633966,,,1,30,,633969,,,1,70,,633955,,,1,30,,633946,,,1,70,,633968,,,1,30,,633948,,,1,70,,504659,,,1,30,,467355,,,1,70,,633964,,,1,30,,633957,,,1,69,,633958,,,1
8200,'10',1024,,633970,,,1,30,,633977,,,1,70,,633979,,,1,30,,467985,,,1,70,,633985,,,1,30,,633976,,,1,70,,633978,,,1,30,,633971,,,1,70,,633975,,,1,30,,633988,,,1,70,,633982,,,1,30,,633974,,,1,70,,633980,,,1,30,,483962,,,1,70,,633972,,,1,30,,633986,,,1
8200,'11',852,,634007,,,1,68,,494736,,,1,30,,634013,,,1,70,,634017,,,1,30,,634003,,,1,70,,633992,,,1,30,,633997,,,1,69,,634018,,,1,30,,634016,,,1,70,,634011,,,1,30,,634015,,,1,70,,634006,,,1,29,,634002,,,1,70,,634010,,,1,30,,634000,,,1,74,,634021,,,1,30,,634009,,,1,68,,499113,,,1,30,,633996,,,1,69,,634004,,,1,30,,285739,,,1,72,,633994,,,1,30,,634012,,,1,70,,633998,,,1,32,,633999,,,1,70,,633995,,,1
8200,'12',852,,634036,,,1,68,,634050,,,1,30,,634041,,,1,70,,506497,,,1,30,,634034,,,1,70,,634023,,,1,30,,634028,,,1,69,,634045,,,1,30,,415909,,,1,70,,634040,,,1,30,,634044,,,1,70,,371683,,,1,29,,634033,,,1,70,,634039,,,1,30,,634031,,,1,74,,634049,,,1,30,,634038,,,1,68,,634047,,,1,30,,634027,,,1,69,,549562,,,1,30,,634030,,,1,72,,634025,,,1,30,,378296,,,1,70,,634029,,,1,32,,499829,,,1,70,,634026,,,1
8200,'13',852,,634064,,,1,68,,634078,,,1,30,,634069,,,1,70,,505993,,,1,30,,634062,,,1,70,,634051,,,1,30,,634056,,,1,69,,634073,,,1,30,,529692,,,1,70,,634068,,,1,30,,634072,,,1,70,,491407,,,1,29,,634061,,,1,70,,634067,,,1,30,,634059,,,1,74,,634077,,,1,30,,634066,,,1,68,,634075,,,1,30,,634055,,,1,69,,252610,,,1,30,,634058,,,1,72,,634053,,,1,30,,522345,,,1,70,,634057,,,1,32,,499387,,,1,70,,634054,,,1
8200,'14',852,,634092,,,1,68,,634106,,,1,30,,634097,,,1,70,,506368,,,1,30,,634090,,,1,70,,634079,,,1,30,,634084,,,1,69,,634101,,,1,30,,529955,,,1,70,,634096,,,1,30,,634100,,,1,70,,491931,,,1,29,,634089,,,1,70,,634095,,,1,30,,634087,,,1,74,,634105,,,1,30,,634094,,,1,68,,634103,,,1,30,,634083,,,1,69,,434738,,,1,30,,634086,,,1,72,,634081,,,1,30,,522705,,,1,70,,634085,,,1,32,,499713,,,1,70,,634082,,,1
8200,'15',852,,634120,,,1,68,,634134,,,1,30,,634125,,,1,70,,506282,,,1,30,,634118,,,1,70,,634107,,,1,30,,634112,,,1,69,,634129,,,1,30,,529907,,,1,70,,634124,,,1,30,,634128,,,1,70,,491813,,,1,29,,634117,,,1,70,,634123,,,1,30,,634115,,,1,74,,634133,,,1,30,,634122,,,1,68,,634131,,,1,30,,634111,,,1,69,,252509,,,1,30,,634114,,,1,72,,634109,,,1,30,,522627,,,1,70,,634113,,,1,32,,499639,,,1,70,,634110,,,1
8200,'16',852,,634144,,,1,68,,634162,,,1,30,,634166,,,1,70,,634159,,,1,30,,634151,,,1,70,,634153,,,1,30,,634148,,,1,69,,634168,,,1,30,,634167,,,1,70,,634155,,,1,30,,634152,,,1,70,,464012,,,1,31,,634146,,,1,68,,634150,,,1,29,,634142,,,1,73,,634161,,,1,30,,634157,,,1,68,,634145,,,1,33,,634154,,,1,70,,634163,,,1,28,,634160,,,1,72,,634135,,,1,30,,634139,,,1,70,,634158,,,1,32,,634164,,,1,70,,634143,,,1
8200,'17',852,,634182,,,1,68,,634196,,,1,30,,634187,,,1,70,,506239,,,1,30,,634180,,,1,70,,634169,,,1,30,,634174,,,1,69,,634191,,,1,30,,529883,,,1,70,,634186,,,1,30,,634190,,,1,70,,491754,,,1,29,,634179,,,1,70,,634185,,,1,30,,634177,,,1,74,,634195,,,1,30,,634184,,,1,68,,634193,,,1,30,,634173,,,1,69,,434534,,,1,30,,634176,,,1,72,,634171,,,1,30,,522588,,,1,70,,634175,,,1,32,,499602,,,1,70,,634172,,,1
8200,'18',852,,634210,,,1,68,,634224,,,1,30,,634215,,,1,70,,506650,,,1,30,,634208,,,1,70,,634197,,,1,30,,634202,,,1,69,,634219,,,1,30,,530162,,,1,70,,634214,,,1,30,,634218,,,1,70,,492329,,,1,29,,634207,,,1,70,,634213,,,1,30,,634205,,,1,74,,634223,,,1,30,,634212,,,1,68,,634221,,,1,30,,634201,,,1,69,,252351,,,1,30,,634204,,,1,72,,634199,,,1,30,,522981,,,1,70,,634203,,,1,32,,499969,,,1,70,,634200,,,1
8200,'19',852,,634238,,,1,68,,634254,,,1,30,,634244,,,1,70,,634249,,,1,30,,634233,,,1,70,,634225,,,1,30,,634227,,,1,69,,634250,,,1,30,,634248,,,1,70,,634242,,,1,30,,634247,,,1,70,,634236,,,1,29,,634232,,,1,70,,634241,,,1,30,,530552,,,1,74,,634253,,,1,30,,634240,,,1,68,,634252,,,1,30,,509485,,,1,69,,634234,,,1,30,,634230,,,1,72,,414955,,,1,30,,634243,,,1,70,,634228,,,1,32,,634229,,,1,70,,634226,,,1
8200,'2',1024,,634256,,,1,30,,634263,,,1,70,,634264,,,1,30,,634259,,,1,70,,634269,,,1,30,,634261,,,1,70,,482949,,,1,30,,634257,,,1,70,,471559,,,1,30,,634273,,,1,70,,495757,,,1,30,,634260,,,1,70,,634265,,,1,30,,634271,,,1,70,,634258,,,1,30,,634270,,,1
8200,'20',852,,634289,,,1,68,,634303,,,1,30,,634294,,,1,70,,506542,,,1,30,,634287,,,1,70,,634276,,,1,30,,634281,,,1,69,,634298,,,1,30,,530088,,,1,70,,634293,,,1,30,,634297,,,1,70,,492176,,,1,29,,634286,,,1,70,,634292,,,1,30,,634284,,,1,74,,634302,,,1,30,,634291,,,1,68,,634300,,,1,30,,634280,,,1,69,,252403,,,1,30,,634283,,,1,72,,634278,,,1,30,,522875,,,1,70,,634282,,,1,32,,499870,,,1,70,,634279,,,1
8200,'21',852,,634310,,,1,68,,634324,,,1,30,,634328,,,1,70,,528478,,,1,30,,634316,,,1,70,,540443,,,1,30,,634313,,,1,69,,634330,,,1,30,,634329,,,1,70,,634319,,,1,30,,634317,,,1,70,,634322,,,1,31,,634312,,,1,68,,634315,,,1,29,,634308,,,1,73,,634323,,,1,30,,634321,,,1,68,,634311,,,1,33,,634318,,,1,70,,634325,,,1,28,,466416,,,1,72,,523070,,,1,30,,634306,,,1,70,,520491,,,1,32,,634326,,,1,70,,634309,,,1
8200,'22',852,,468977,,,1,68,,634358,,,1,30,,634349,,,1,70,,634354,,,1,30,,634341,,,1,70,,634331,,,1,30,,544822,,,1,69,,461821,,,1,30,,634353,,,1,70,,515206,,,1,30,,634352,,,1,70,,634344,,,1,29,,479697,,,1,70,,634347,,,1,30,,634339,,,1,74,,482405,,,1,30,,463894,,,1,68,,634356,,,1,30,,634335,,,1,69,,634342,,,1,30,,634338,,,1,72,,634333,,,1,30,,634348,,,1,70,,634336,,,1,32,,634337,,,1,70,,634334,,,1
8200,'23',852,,634369,,,1,68,,634388,,,1,30,,634392,,,1,70,,634385,,,1,30,,634376,,,1,70,,634378,,,1,30,,634373,,,1,69,,634394,,,1,30,,634393,,,1,70,,634380,,,1,30,,634377,,,1,70,,634384,,,1,31,,634371,,,1,68,,634375,,,1,29,,634367,,,1,73,,634387,,,1,30,,634382,,,1,68,,634370,,,1,33,,634379,,,1,70,,634389,,,1,28,,634386,,,1,72,,634360,,,1,30,,634364,,,1,70,,634383,,,1,32,,634390,,,1,70,,634368,,,1
8200,'3',1024,,634395,,,1,30,,634404,,,1,70,,634406,,,1,30,,634398,,,1,70,,634412,,,1,30,,634402,,,1,70,,634405,,,1,30,,634396,,,1,70,,634401,,,1,30,,634416,,,1,70,,634409,,,1,30,,634400,,,1,70,,634407,,,1,30,,634414,,,1,70,,634397,,,1,30,,634413,,,1
8200,'4',928,,634428,,,1,31,,634430,,,1,70,,634436,,,1,30,,634431,,,1,70,,634440,,,1,30,,634438,,,1,70,,634432,,,1,30,,634439,,,1,70,,634443,,,1,30,,634433,,,1,70,,634420,,,1,30,,491674,,,1,70,,634426,,,1,30,,634441,,,1,70,,519323,,,1,30,,634446,,,1,70,,544351,,,1,30,,634422,,,1,70,,634445,,,1,30,,634424,,,1,70,,634442,,,1,30,,634421,,,1,70,,428555,,,1,30,,502614,,,1,69,,634435,,,1
8200,'5',853,,634456,,,1,67,,634467,,,1,30,,634479,,,1,70,,634453,,,1,30,,634474,,,1,70,,634465,,,1,30,,634447,,,1,69,,634457,,,1,30,,634452,,,1,70,,634471,,,1,30,,634477,,,1,70,,634468,,,1,29,,634478,,,1,70,,634469,,,1,30,,634466,,,1,72,,634449,,,1,30,,634455,,,1,72,,634472,,,1,30,,634461,,,1,67,,634460,,,1,30,,634475,,,1,72,,634450,,,1,30,,634470,,,1,70,,634481,,,1,32,,634459,,,1,70,,634448,,,1
8200,'6',852,,634489,,,1,68,,634503,,,1,30,,634506,,,1,70,,634501,,,1,30,,634495,,,1,70,,634497,,,1,30,,634492,,,1,69,,468495,,,1,30,,634507,,,1,70,,485887,,,1,30,,634496,,,1,70,,634500,,,1,31,,634490,,,1,68,,634494,,,1,29,,532786,,,1,73,,519272,,,1,30,,634498,,,1,68,,512140,,,1,33,,316301,,,1,70,,489790,,,1,28,,634502,,,1,72,,634482,,,1,30,,634486,,,1,70,,634499,,,1,32,,634504,,,1,70,,634488,,,1
8200,'7',1024,,634508,,,1,30,,634515,,,1,70,,634516,,,1,30,,634511,,,1,70,,634521,,,1,30,,634513,,,1,70,,483353,,,1,30,,634509,,,1,70,,471760,,,1,30,,634525,,,1,70,,495910,,,1,30,,634512,,,1,70,,634517,,,1,30,,634523,,,1,70,,634510,,,1,30,,634522,,,1
8200,'8',852,,634541,,,1,68,,634555,,,1,30,,634546,,,1,70,,506325,,,1,30,,634539,,,1,70,,634528,,,1,30,,634533,,,1,69,,634550,,,1,30,,529931,,,1,70,,634545,,,1,30,,634549,,,1,70,,491872,,,1,29,,634538,,,1,70,,634544,,,1,30,,634536,,,1,74,,634554,,,1,30,,634543,,,1,68,,634552,,,1,30,,634532,,,1,69,,252299,,,1,30,,634535,,,1,72,,634530,,,1,30,,522666,,,1,70,,634534,,,1,32,,499676,,,1,70,,634531,,,1
8200,'9',852,,634563,,,1,68,,634577,,,1,30,,634580,,,1,70,,634575,,,1,30,,634569,,,1,70,,634571,,,1,30,,634566,,,1,69,,468832,,,1,30,,634581,,,1,70,,486463,,,1,30,,634570,,,1,70,,634574,,,1,31,,634564,,,1,68,,634568,,,1,29,,533140,,,1,73,,519617,,,1,30,,634572,,,1,68,,512659,,,1,33,,316160,,,1,70,,490374,,,1,28,,634576,,,1,72,,634556,,,1,30,,634560,,,1,70,,634573,,,1,32,,634578,,,1,70,,634562,,,1
