3100,'1',725,,228834,30,,,1,30,,171476,30,,,1,70,,228816,30,,,1,30,,228831,30,,,1,70,,228835,30,,,1,30,,228838,30,,,1,70,,131849,30,,,1,30,,228837,30,,,1,70,,228825,30,,,1,30,,228822,30,,,1,71,,228836,30,,,1,30,,228819,30,,,1,70,,228829,30,,,1,30,,228828,30,,,1,70,,132800,30,,,1,30,,130167,30,,,1,70,,228823,30,,,1,30,,140884,30,,,1,70,,185947,30,,,1,30,,228820,30,,,1,70,,228827,30,,,1,30,,228839,30,,,1,70,,228817,30,,,1,30,,140864,30,,,1,70,,228826,30,,,1,30,,228818,30,,,1,69,,139416,30,,,1,30,,15115,30,,,1,70,,228832,30,,,1,30,,228833,30,,,1,70,,228824,30,,,1,30,,228830,30,,,1,70,,228821,30,,,1
3100,'10',725,,228859,30,,,1,30,,228854,30,,,1,70,,13033,30,,,1,30,,228856,30,,,1,70,,228861,30,,,1,30,,228866,30,,,1,70,,228865,30,,,1,30,,228864,30,,,1,70,,180880,30,,,1,30,,228845,30,,,1,71,,228863,30,,,1,30,,228842,30,,,1,70,,228850,30,,,1,30,,195835,30,,,1,70,,228852,30,,,1,30,,228860,30,,,1,70,,228846,30,,,1,30,,228862,30,,,1,70,,228855,30,,,1,30,,95648,30,,,1,70,,228849,30,,,1,30,,228867,30,,,1,70,,228840,30,,,1,30,,228843,30,,,1,70,,228848,30,,,1,30,,134338,30,,,1,69,,228853,30,,,1,30,,228841,30,,,1,70,,228857,30,,,1,30,,228858,30,,,1,70,,228847,30,,,1,30,,228851,30,,,1,70,,228844,30,,,1
3100,'11',758,,37461,30,,,1,100,,228882,30,,,1,100,,228868,30,,,1,70,,228870,30,,,1,30,,228874,30,,,1,70,,162015,30,,,1,30,,38987,30,,,1,71,,142142,30,,,1,30,,187826,30,,,1,70,,228875,30,,,1,30,,228881,30,,,1,70,,228871,30,,,1,30,,228879,30,,,1,70,,228878,30,,,1,30,,228880,30,,,1,70,,228876,30,,,1,30,,228872,30,,,1,70,,228877,30,,,1,30,,136294,30,,,1,100,,131733,30,,,1,100,,161990,30,,,1,99,,136747,30,,,1,100,,228873,30,,,1,100,,228869,30,,,1
3100,'12',656,,228906,30,,,1,70,,228907,30,,,1,30,,228887,30,,,1,70,,228891,30,,,1,30,,228913,30,,,1,70,,228897,30,,,1,30,,228892,30,,,1,70,,228900,30,,,1,30,,7272,30,,,1,70,,228893,30,,,1,30,,228889,30,,,1,70,,228901,30,,,1,30,,228899,30,,,1,70,,228886,30,,,1,30,,228912,30,,,1,70,,228898,30,,,1,30,,142502,30,,,1,53,,228904,23,,,1,7,,228885,23,,,1,10,,228903,30,,,1,32,,228894,30,,,1,68,,228883,30,,,1,30,,228902,30,,,1,70,,196208,30,,,1,30,,228884,30,,,1,70,,228888,30,,,1,28,,228910,30,,,1,70,,228911,30,,,1,30,,228896,30,,,1,70,,228905,30,,,1,29,,228890,30,,,1,70,,228908,30,,,1,28,,228895,30,,,1,100,,228909,30,,,1
3100,'13',725,,228936,30,,,1,30,,228931,30,,,1,70,,228914,30,,,1,30,,228933,30,,,1,70,,228938,30,,,1,30,,97797,30,,,1,70,,228940,30,,,1,30,,150288,30,,,1,70,,228923,30,,,1,30,,202094,30,,,1,71,,141074,30,,,1,30,,228917,30,,,1,70,,228927,30,,,1,30,,228926,30,,,1,70,,228929,30,,,1,30,,228937,30,,,1,70,,228921,30,,,1,30,,228939,30,,,1,70,,228932,30,,,1,30,,228918,30,,,1,70,,228925,30,,,1,30,,153466,30,,,1,70,,128538,30,,,1,30,,228919,30,,,1,70,,228924,30,,,1,30,,228915,30,,,1,69,,228930,30,,,1,30,,228916,30,,,1,70,,228934,30,,,1,30,,228935,30,,,1,70,,228922,30,,,1,30,,228928,30,,,1,70,,228920,30,,,1
3100,'14',656,,152220,30,,,1,70,,197733,30,,,1,30,,228956,30,,,1,70,,228943,30,,,1,30,,129068,30,,,1,70,,228951,30,,,1,30,,228954,30,,,1,70,,228952,30,,,1,30,,228948,30,,,1,70,,194316,30,,,1,30,,191563,30,,,1,70,,228942,30,,,1,30,,228961,30,,,1,70,,228959,30,,,1,30,,228955,30,,,1,70,,228944,30,,,1,30,,228949,30,,,1,70,,228962,30,,,1,30,,142423,30,,,1,70,,228946,30,,,1,30,,228947,30,,,1,70,,228945,30,,,1,30,,228964,30,,,1,70,,228960,30,,,1,28,,147998,30,,,1,70,,228953,30,,,1,30,,228941,30,,,1,70,,228950,30,,,1,29,,228958,30,,,1,70,,228957,30,,,1,28,,202374,30,,,1,100,,228963,30,,,1
3100,'15',656,,228988,30,,,1,70,,228989,30,,,1,30,,228969,30,,,1,70,,228973,30,,,1,30,,228995,30,,,1,70,,228979,30,,,1,30,,228974,30,,,1,70,,228982,30,,,1,30,,7627,30,,,1,70,,228975,30,,,1,30,,228971,30,,,1,70,,228983,30,,,1,30,,228981,30,,,1,70,,228968,30,,,1,30,,228994,30,,,1,70,,228980,30,,,1,30,,142600,30,,,1,53,,228986,23,,,1,7,,228967,23,,,1,10,,228985,30,,,1,32,,228976,30,,,1,68,,228965,30,,,1,30,,228984,30,,,1,70,,196270,30,,,1,30,,228966,30,,,1,70,,228970,30,,,1,28,,228992,30,,,1,70,,228993,30,,,1,30,,228978,30,,,1,70,,228987,30,,,1,29,,228972,30,,,1,70,,228990,30,,,1,28,,228977,30,,,1,100,,228991,30,,,1
3100,'16',758,,229003,30,,,1,100,,167185,30,,,1,100,,228996,30,,,1,70,,228998,30,,,1,30,,188337,30,,,1,70,,229013,30,,,1,30,,228997,30,,,1,71,,229004,30,,,1,30,,229008,30,,,1,70,,229005,30,,,1,30,,229012,30,,,1,70,,229000,30,,,1,30,,229009,30,,,1,70,,44198,30,,,1,30,,229011,30,,,1,70,,229006,30,,,1,30,,229001,30,,,1,70,,180768,30,,,1,30,,229007,30,,,1,100,,229010,30,,,1,100,,229002,30,,,1,99,,228999,30,,,1,100,,144617,30,,,1,100,,154017,30,,,1
3100,'17',656,,152141,30,,,1,70,,34386,30,,,1,30,,229029,30,,,1,70,,229016,30,,,1,30,,128994,30,,,1,70,,229024,30,,,1,30,,229027,30,,,1,70,,229025,30,,,1,30,,229021,30,,,1,70,,194236,30,,,1,30,,191487,30,,,1,70,,229015,30,,,1,30,,229034,30,,,1,70,,229032,30,,,1,30,,229028,30,,,1,70,,229017,30,,,1,30,,229022,30,,,1,70,,229035,30,,,1,30,,142381,30,,,1,70,,229019,30,,,1,30,,229020,30,,,1,70,,229018,30,,,1,30,,229037,30,,,1,70,,229033,30,,,1,28,,95873,30,,,1,70,,229026,30,,,1,30,,229014,30,,,1,70,,229023,30,,,1,29,,229031,30,,,1,70,,229030,30,,,1,28,,40559,30,,,1,100,,229036,30,,,1
3100,'18',656,,152337,30,,,1,70,,197788,30,,,1,30,,229053,30,,,1,70,,229040,30,,,1,30,,78574,30,,,1,70,,229048,30,,,1,30,,229051,30,,,1,70,,229049,30,,,1,30,,229045,30,,,1,70,,194423,30,,,1,30,,191639,30,,,1,70,,229039,30,,,1,30,,229058,30,,,1,70,,229056,30,,,1,30,,229052,30,,,1,70,,229041,30,,,1,30,,229046,30,,,1,70,,229059,30,,,1,30,,142471,30,,,1,70,,229043,30,,,1,30,,229044,30,,,1,70,,229042,30,,,1,30,,229061,30,,,1,70,,229057,30,,,1,28,,148130,30,,,1,70,,229050,30,,,1,30,,229038,30,,,1,70,,229047,30,,,1,29,,229055,30,,,1,70,,229054,30,,,1,28,,202437,30,,,1,100,,229060,30,,,1
3100,'2',656,,229065,30,,,1,70,,229080,30,,,1,30,,229075,30,,,1,70,,229064,30,,,1,30,,229084,30,,,1,70,,76303,30,,,1,30,,229073,30,,,1,70,,229069,30,,,1,30,,229068,30,,,1,70,,229074,30,,,1,30,,229081,30,,,1,70,,229063,30,,,1,30,,181275,30,,,1,70,,229077,30,,,1,30,,198511,30,,,1,70,,124075,30,,,1,30,,159614,30,,,1,70,,229082,30,,,1,30,,229079,30,,,1,70,,125897,30,,,1,30,,229067,30,,,1,70,,229066,30,,,1,30,,229083,30,,,1,70,,229078,30,,,1,28,,229072,30,,,1,70,,229071,30,,,1,30,,229062,30,,,1,70,,36720,30,,,1,29,,229076,30,,,1,70,,195968,30,,,1,28,,229070,30,,,1,100,,176103,30,,,1
3100,'3',656,,156642,30,,,1,70,,229103,30,,,1,30,,193100,30,,,1,70,,229092,30,,,1,30,,160007,30,,,1,70,,229098,30,,,1,30,,229093,30,,,1,70,,229099,30,,,1,30,,229086,30,,,1,70,,229094,30,,,1,30,,229090,30,,,1,70,,229100,30,,,1,30,,150064,30,,,1,70,,229088,30,,,1,30,,130539,30,,,1,70,,153340,30,,,1,30,,229087,30,,,1,53,,186355,23,,,1,7,,129074,23,,,1,10,,21463,30,,,1,32,,229095,30,,,1,68,,229085,30,,,1,30,,229101,30,,,1,70,,229097,30,,,1,30,,172960,30,,,1,70,,229089,30,,,1,28,,229105,30,,,1,70,,141966,30,,,1,30,,44666,30,,,1,70,,229102,30,,,1,29,,229091,30,,,1,70,,57057,30,,,1,28,,229096,30,,,1,100,,229104,30,,,1
3100,'4',656,,229129,30,,,1,70,,229130,30,,,1,30,,229110,30,,,1,70,,229114,30,,,1,30,,229136,30,,,1,70,,229120,30,,,1,30,,229115,30,,,1,70,,229123,30,,,1,30,,7591,30,,,1,70,,229116,30,,,1,30,,229112,30,,,1,70,,229124,30,,,1,30,,229122,30,,,1,70,,229109,30,,,1,30,,229135,30,,,1,70,,229121,30,,,1,30,,142657,30,,,1,53,,229127,23,,,1,7,,229108,23,,,1,10,,229126,30,,,1,32,,229117,30,,,1,68,,229106,30,,,1,30,,229125,30,,,1,70,,196307,30,,,1,30,,229107,30,,,1,70,,229111,30,,,1,28,,229133,30,,,1,70,,229134,30,,,1,30,,229119,30,,,1,70,,229128,30,,,1,29,,229113,30,,,1,70,,229131,30,,,1,28,,229118,30,,,1,100,,229132,30,,,1
3100,'5',656,,229160,30,,,1,70,,229161,30,,,1,30,,229141,30,,,1,70,,229145,30,,,1,30,,229167,30,,,1,70,,229151,30,,,1,30,,229146,30,,,1,70,,229154,30,,,1,30,,7236,30,,,1,70,,229147,30,,,1,30,,229143,30,,,1,70,,229155,30,,,1,30,,229153,30,,,1,70,,229140,30,,,1,30,,229166,30,,,1,70,,229152,30,,,1,30,,142294,30,,,1,53,,229158,23,,,1,7,,229139,23,,,1,10,,229157,30,,,1,32,,229148,30,,,1,68,,229137,30,,,1,30,,229156,30,,,1,70,,196063,30,,,1,30,,229138,30,,,1,70,,229142,30,,,1,28,,229164,30,,,1,70,,229165,30,,,1,30,,229150,30,,,1,70,,229159,30,,,1,29,,229144,30,,,1,70,,229162,30,,,1,28,,229149,30,,,1,100,,229163,30,,,1
3100,'6',758,,229178,30,,,1,100,,229190,30,,,1,100,,229168,30,,,1,70,,229171,30,,,1,30,,229176,30,,,1,70,,229189,30,,,1,30,,229170,30,,,1,71,,229179,30,,,1,30,,229185,30,,,1,70,,229180,30,,,1,30,,229188,30,,,1,70,,229173,30,,,1,30,,229186,30,,,1,70,,229183,30,,,1,30,,142700,30,,,1,70,,229181,30,,,1,30,,229174,30,,,1,70,,229182,30,,,1,30,,229184,30,,,1,100,,229187,30,,,1,100,,229177,30,,,1,99,,229172,30,,,1,100,,229175,30,,,1,100,,229169,30,,,1
3100,'7',656,,229194,30,,,1,70,,229214,30,,,1,30,,229208,30,,,1,70,,229193,30,,,1,30,,229219,30,,,1,70,,229200,30,,,1,30,,229205,30,,,1,70,,229201,30,,,1,30,,146396,30,,,1,70,,229207,30,,,1,30,,229215,30,,,1,70,,229192,30,,,1,30,,229216,30,,,1,70,,229211,30,,,1,30,,229206,30,,,1,70,,229195,30,,,1,30,,229198,30,,,1,70,,229217,30,,,1,30,,229213,30,,,1,70,,229196,30,,,1,30,,229197,30,,,1,70,,156428,30,,,1,30,,143798,30,,,1,70,,229212,30,,,1,28,,229204,30,,,1,70,,229203,30,,,1,30,,229191,30,,,1,70,,229199,30,,,1,29,,229210,30,,,1,70,,229209,30,,,1,28,,229202,30,,,1,100,,229218,30,,,1
3100,'8',656,,229228,30,,,1,70,,229245,30,,,1,30,,229239,30,,,1,70,,229242,30,,,1,30,,229231,30,,,1,70,,229246,30,,,1,30,,229244,30,,,1,70,,229237,30,,,1,30,,229226,30,,,1,70,,229251,30,,,1,30,,229230,30,,,1,70,,229222,30,,,1,30,,229236,30,,,1,70,,229250,30,,,1,30,,229220,30,,,1,70,,229233,30,,,1,30,,229234,30,,,1,70,,229229,30,,,1,31,,229224,30,,,1,71,,229247,30,,,1,28,,229243,30,,,1,70,,229223,30,,,1,30,,229225,30,,,1,70,,229238,30,,,1,28,,229241,30,,,1,70,,229240,30,,,1,30,,229227,30,,,1,70,,229248,30,,,1,29,,229249,30,,,1,70,,229221,30,,,1,28,,229232,30,,,1,100,,229235,30,,,1
3100,'9',656,,229275,30,,,1,70,,229276,30,,,1,30,,229256,30,,,1,70,,229260,30,,,1,30,,229282,30,,,1,70,,229266,30,,,1,30,,229261,30,,,1,70,,229269,30,,,1,30,,7415,30,,,1,70,,229262,30,,,1,30,,229258,30,,,1,70,,229270,30,,,1,30,,229268,30,,,1,70,,229255,30,,,1,30,,229281,30,,,1,70,,229267,30,,,1,30,,142477,30,,,1,53,,229273,23,,,1,7,,229254,23,,,1,10,,229272,30,,,1,32,,229263,30,,,1,68,,229252,30,,,1,30,,229271,30,,,1,70,,196192,30,,,1,30,,229253,30,,,1,70,,229257,30,,,1,28,,229279,30,,,1,70,,229280,30,,,1,30,,229265,30,,,1,70,,229274,30,,,1,29,,229259,30,,,1,70,,229277,30,,,1,28,,229264,30,,,1,100,,229278,30,,,1
61100,'12',827,,128525,6,,,1
61100,'15',827,,128707,6,,,1
61100,'3',827,,294809,6,,,1
61100,'4',827,,128793,6,,,1
61100,'5',827,,128145,6,,,1
61100,'9',827,,128477,6,,,1
63101,'12',1557,,295027,28,,,1
63101,'15',1557,,295028,28,,,1
63101,'3',1557,,295029,28,,,1
63101,'4',1557,,295030,28,,,1
63101,'5',1557,,295031,28,,,1
63101,'9',1557,,295032,28,,,1
64800,'12',759,,295200,6,,,1
64800,'15',759,,295201,6,,,1
64800,'3',759,,295202,6,,,1
64800,'4',759,,295203,6,,,1
64800,'5',759,,295204,6,,,1
64800,'9',759,,295205,6,,,1
