23700,'10',605,,116398,16,,,1,53,,116397,16,,,1,69,,116399,16,,,1,101,,116400,16,,,1
23700,'11',605,,116402,16,,,1,53,,116401,16,,,1,69,,116403,16,,,1,101,,116404,16,,,1
23700,'12',605,,116406,16,,,1,53,,116405,16,,,1,69,,116407,16,,,1,101,,116408,16,,,1
23700,'13',605,,116410,16,,,1,53,,116411,16,,,1,69,,116412,16,,,1,103,,116409,16,,,1
23700,'15',605,,116414,16,,,1,53,,116413,16,,,1,69,,116415,16,,,1,101,,116416,16,,,1
23700,'16',605,,116418,16,,,1,53,,116417,16,,,1,69,,116419,16,,,1,101,,116420,16,,,1
23700,'17',605,,116422,16,,,1,53,,116423,16,,,1,69,,116424,16,,,1,103,,116421,16,,,1
23700,'18',605,,116425,16,,,1,53,,116427,16,,,1,69,,116426,16,,,1,101,,116428,16,,,1
23700,'19',605,,116430,16,,,1,53,,116431,16,,,1,69,,116432,16,,,1,103,,116429,16,,,1
23700,'3',605,,116434,16,,,1,53,,116433,16,,,1,69,,116435,16,,,1,101,,116436,16,,,1
23700,'4',605,,116438,16,,,1,53,,116437,16,,,1,69,,116439,16,,,1,101,,116440,16,,,1
23700,'5',605,,116442,16,,,1,53,,116443,16,,,1,69,,116444,16,,,1,103,,116441,16,,,1
23700,'6',605,,116446,16,,,1,53,,116445,16,,,1,69,,116447,16,,,1,101,,116448,16,,,1
23700,'7',605,,116450,16,,,1,53,,116451,16,,,1,69,,116452,16,,,1,103,,116449,16,,,1
