11200,'1',507,,194893,25,,,1,102,,78379,25,,,1,30,,194878,25,,,1,70,,47557,25,,,1,33,,20972,25,,,1,72,,194895,25,,,1,32,,194876,25,,,1,65,,85549,25,,,1,30,,194897,25,,,1,70,,194892,25,,,1,31,,194886,25,,,1,70,,51244,25,,,1,30,,58071,25,,,1,70,,194883,25,,,1,30,,194887,25,,,1,70,,194888,25,,,1,30,,194879,25,,,1,70,,194877,25,,,1,32,,194885,25,,,1,70,,107714,25,,,1,30,,63805,25,,,1,72,,194896,25,,,1,27,,75182,25,,,1,70,,194890,25,,,1,30,,194875,25,,,1,69,,74164,25,,,1,30,,194894,25,,,1,70,,194884,25,,,1,29,,194881,25,,,1,70,,194891,25,,,1,30,,43787,25,,,1,70,,194880,25,,,1,29,,194882,25,,,1,70,,31307,25,,,1,99,,194889,25,,,1
11200,'10',507,,194907,25,,,1,102,,194901,25,,,1,101,,194908,25,,,1,104,,8826,25,,,1,99,,194905,25,,,1,98,,194903,25,,,1,101,,67795,25,,,1,100,,194912,25,,,1,100,,194909,25,,,1,100,,194900,25,,,1,102,,194899,25,,,1,100,,194911,25,,,1,101,,194898,25,,,1,97,,43096,25,,,1,100,,194910,25,,,1,99,,194902,25,,,1,100,,80628,25,,,1,99,,194904,25,,,1,99,,194906,25,,,1
11200,'11',707,,194928,25,,,1,100,,194937,25,,,1,100,,194917,25,,,1,32,,194931,25,,,1,70,,194930,25,,,1,30,,194934,25,,,1,70,,194920,25,,,1,31,,194923,25,,,1,70,,194926,25,,,1,30,,194925,25,,,1,70,,194921,25,,,1,30,,194924,25,,,1,70,,21132,25,,,1,30,,67720,25,,,1,70,,194922,25,,,1,30,,194914,25,,,1,70,,46750,25,,,1,30,,194913,25,,,1,70,,194936,25,,,1,30,,194918,25,,,1,70,,194915,25,,,1,30,,90767,25,,,1,70,,194929,25,,,1,30,,194919,25,,,1,70,,74332,25,,,1,29,,194927,25,,,1,70,,194935,25,,,1,30,,194916,25,,,1,99,,194933,25,,,1,70,,194932,25,,,1
11200,'12',507,,194946,25,,,1,102,,194960,25,,,1,30,,194944,25,,,1,71,,37569,25,,,1,32,,194956,25,,,1,70,,194961,25,,,1,34,,194941,25,,,1,66,,194952,25,,,1,29,,194951,25,,,1,70,,194949,25,,,1,31,,194966,25,,,1,70,,194943,25,,,1,30,,194965,25,,,1,70,,194954,25,,,1,30,,194942,25,,,1,70,,194967,25,,,1,30,,194962,25,,,1,70,,194938,25,,,1,32,,106929,25,,,1,70,,101621,25,,,1,30,,7894,25,,,1,70,,194964,25,,,1,27,,194947,25,,,1,74,,194959,25,,,1,28,,194948,25,,,1,69,,194957,25,,,1,30,,194939,25,,,1,70,,194963,25,,,1,29,,194945,25,,,1,70,,194955,25,,,1,30,,4829,25,,,1,70,,194958,25,,,1,29,,194950,25,,,1,70,,194953,25,,,1,99,,194940,25,,,1
11200,'13',707,,194984,25,,,1,100,,194988,25,,,1,100,,194971,25,,,1,32,,194985,25,,,1,70,,51351,25,,,1,30,,106096,25,,,1,70,,98157,25,,,1,31,,194979,25,,,1,70,,194982,25,,,1,30,,194981,25,,,1,70,,7320,25,,,1,30,,194980,25,,,1,70,,194986,25,,,1,30,,194976,25,,,1,70,,194977,25,,,1,30,,194969,25,,,1,70,,194978,25,,,1,30,,194968,25,,,1,70,,194987,25,,,1,30,,194972,25,,,1,70,,22343,25,,,1,30,,194973,25,,,1,70,,95144,25,,,1,30,,194975,25,,,1,70,,194974,25,,,1,29,,194983,25,,,1,70,,75401,25,,,1,30,,194970,25,,,1,99,,50042,25,,,1,70,,90664,25,,,1
11200,'14',507,,194996,25,,,1,102,,195008,25,,,1,30,,194995,25,,,1,71,,195010,25,,,1,32,,195005,25,,,1,70,,46995,25,,,1,34,,194992,25,,,1,66,,195002,25,,,1,29,,195001,25,,,1,70,,194999,25,,,1,31,,195013,25,,,1,70,,194994,25,,,1,30,,13419,25,,,1,70,,61503,25,,,1,30,,194993,25,,,1,70,,195014,25,,,1,30,,195011,25,,,1,70,,194989,25,,,1,32,,195004,25,,,1,70,,194998,25,,,1,30,,195009,25,,,1,70,,20203,25,,,1,27,,194997,25,,,1,74,,195007,25,,,1,28,,13397,25,,,1,69,,4167,25,,,1,30,,194990,25,,,1,70,,195012,25,,,1,29,,117479,25,,,1,70,,17957,25,,,1,30,,194991,25,,,1,70,,195006,25,,,1,29,,195000,25,,,1,70,,195003,25,,,1,99,,81312,25,,,1
11200,'15',507,,195022,25,,,1,102,,195034,25,,,1,30,,195021,25,,,1,71,,195036,25,,,1,32,,195031,25,,,1,70,,47346,25,,,1,34,,195018,25,,,1,66,,195028,25,,,1,29,,195027,25,,,1,70,,195025,25,,,1,31,,195039,25,,,1,70,,195020,25,,,1,30,,13767,25,,,1,70,,61672,25,,,1,30,,195019,25,,,1,70,,195040,25,,,1,30,,195037,25,,,1,70,,195015,25,,,1,32,,195030,25,,,1,70,,195024,25,,,1,30,,195035,25,,,1,70,,20230,25,,,1,27,,195023,25,,,1,74,,195033,25,,,1,28,,13745,25,,,1,69,,4602,25,,,1,30,,195016,25,,,1,70,,195038,25,,,1,29,,117511,25,,,1,70,,18282,25,,,1,30,,195017,25,,,1,70,,195032,25,,,1,29,,195026,25,,,1,70,,195029,25,,,1,99,,81507,25,,,1
11200,'16',507,,195048,25,,,1,102,,195063,25,,,1,30,,195046,25,,,1,71,,195066,25,,,1,32,,195060,25,,,1,70,,195065,25,,,1,34,,70737,25,,,1,66,,195055,25,,,1,29,,195054,25,,,1,70,,195052,25,,,1,31,,52222,25,,,1,70,,195045,25,,,1,30,,195070,25,,,1,70,,195057,25,,,1,30,,195044,25,,,1,70,,5138,25,,,1,30,,195067,25,,,1,70,,77032,25,,,1,32,,195058,25,,,1,70,,195051,25,,,1,30,,195064,25,,,1,70,,195069,25,,,1,27,,195049,25,,,1,74,,195062,25,,,1,28,,195050,25,,,1,69,,195061,25,,,1,30,,195041,25,,,1,70,,195068,25,,,1,29,,195047,25,,,1,70,,195059,25,,,1,30,,195043,25,,,1,70,,87337,25,,,1,29,,195053,25,,,1,70,,195056,25,,,1,99,,195042,25,,,1
11200,'17',507,,195089,25,,,1,102,,78676,25,,,1,30,,195074,25,,,1,70,,47849,25,,,1,33,,21142,25,,,1,72,,195091,25,,,1,32,,195072,25,,,1,65,,85774,25,,,1,30,,195093,25,,,1,70,,195088,25,,,1,31,,195082,25,,,1,70,,51472,25,,,1,30,,58293,25,,,1,70,,195079,25,,,1,30,,195083,25,,,1,70,,195084,25,,,1,30,,195075,25,,,1,70,,195073,25,,,1,32,,195081,25,,,1,70,,107873,25,,,1,30,,63979,25,,,1,72,,195092,25,,,1,27,,75607,25,,,1,70,,195086,25,,,1,30,,195071,25,,,1,69,,74431,25,,,1,30,,195090,25,,,1,70,,195080,25,,,1,29,,195077,25,,,1,70,,195087,25,,,1,30,,44097,25,,,1,70,,195076,25,,,1,29,,195078,25,,,1,70,,31488,25,,,1,99,,195085,25,,,1
11200,'2',507,,195112,25,,,1,102,,78444,25,,,1,30,,195097,25,,,1,70,,47620,25,,,1,33,,21006,25,,,1,72,,195114,25,,,1,32,,195095,25,,,1,65,,85597,25,,,1,30,,195116,25,,,1,70,,195111,25,,,1,31,,195105,25,,,1,70,,51292,25,,,1,30,,58120,25,,,1,70,,195102,25,,,1,30,,195106,25,,,1,70,,195107,25,,,1,30,,195098,25,,,1,70,,195096,25,,,1,32,,195104,25,,,1,70,,107750,25,,,1,30,,63840,25,,,1,72,,195115,25,,,1,27,,75266,25,,,1,70,,195109,25,,,1,30,,195094,25,,,1,69,,74222,25,,,1,30,,195113,25,,,1,70,,195103,25,,,1,29,,195100,25,,,1,70,,195110,25,,,1,30,,43854,25,,,1,70,,195099,25,,,1,29,,195101,25,,,1,70,,31345,25,,,1,99,,195108,25,,,1
11200,'3',507,,195124,25,,,1,102,,195136,25,,,1,30,,195123,25,,,1,71,,195138,25,,,1,32,,195133,25,,,1,70,,47218,25,,,1,34,,195120,25,,,1,66,,195130,25,,,1,29,,195129,25,,,1,70,,195127,25,,,1,31,,195141,25,,,1,70,,195122,25,,,1,30,,13641,25,,,1,70,,61604,25,,,1,30,,195121,25,,,1,70,,195142,25,,,1,30,,195139,25,,,1,70,,195117,25,,,1,32,,195132,25,,,1,70,,195126,25,,,1,30,,195137,25,,,1,70,,20219,25,,,1,27,,195125,25,,,1,74,,195135,25,,,1,28,,13619,25,,,1,69,,4449,25,,,1,30,,195118,25,,,1,70,,195140,25,,,1,29,,117498,25,,,1,70,,18163,25,,,1,30,,195119,25,,,1,70,,195134,25,,,1,29,,195128,25,,,1,70,,195131,25,,,1,99,,81439,25,,,1
11200,'4',618,,195146,25,,,1,100,,20790,25,,,1,100,,195168,25,,,1,30,,195145,25,,,1,72,,106498,25,,,1,30,,195152,25,,,1,70,,195149,25,,,1,30,,195143,25,,,1,71,,42480,25,,,1,30,,195164,25,,,1,70,,195162,25,,,1,30,,195156,25,,,1,70,,195159,25,,,1,30,,41379,25,,,1,70,,33587,25,,,1,30,,195144,25,,,1,70,,195148,25,,,1,30,,195150,25,,,1,70,,195158,25,,,1,30,,195147,25,,,1,70,,195154,25,,,1,30,,195165,25,,,1,70,,195166,25,,,1,30,,195155,25,,,1,70,,84054,25,,,1,30,,195161,25,,,1,69,,79133,25,,,1,30,,195157,25,,,1,70,,195153,25,,,1,30,,195163,25,,,1,69,,195167,25,,,1,100,,195151,25,,,1,100,,195160,25,,,1
11200,'5',507,,195194,25,,,1,102,,195193,25,,,1,30,,195171,25,,,1,70,,195185,25,,,1,33,,195178,25,,,1,72,,195199,25,,,1,32,,195170,25,,,1,65,,195197,25,,,1,30,,195201,25,,,1,70,,195192,25,,,1,31,,195181,25,,,1,70,,195182,25,,,1,30,,195189,25,,,1,70,,195176,25,,,1,30,,195183,25,,,1,70,,195184,25,,,1,30,,195172,25,,,1,70,,82233,25,,,1,32,,195179,25,,,1,70,,195195,25,,,1,30,,195190,25,,,1,72,,195200,25,,,1,27,,195180,25,,,1,70,,195187,25,,,1,30,,195169,25,,,1,69,,195198,25,,,1,30,,195196,25,,,1,70,,99365,25,,,1,29,,195174,25,,,1,70,,195191,25,,,1,30,,195177,25,,,1,70,,195173,25,,,1,29,,195175,25,,,1,70,,195188,25,,,1,99,,195186,25,,,1
11200,'6',507,,195220,25,,,1,102,,79027,25,,,1,30,,195205,25,,,1,70,,48178,25,,,1,33,,21344,25,,,1,72,,195222,25,,,1,32,,195203,25,,,1,65,,86048,25,,,1,30,,195224,25,,,1,70,,195219,25,,,1,31,,195213,25,,,1,70,,51733,25,,,1,30,,58569,25,,,1,70,,195210,25,,,1,30,,195214,25,,,1,70,,195215,25,,,1,30,,195206,25,,,1,70,,195204,25,,,1,32,,195212,25,,,1,70,,108051,25,,,1,30,,64189,25,,,1,72,,195223,25,,,1,27,,76118,25,,,1,70,,195217,25,,,1,30,,195202,25,,,1,69,,74750,25,,,1,30,,195221,25,,,1,70,,195211,25,,,1,29,,195208,25,,,1,70,,195218,25,,,1,30,,44443,25,,,1,70,,195207,25,,,1,29,,195209,25,,,1,70,,31696,25,,,1,99,,195216,25,,,1
11200,'7',618,,51924,25,,,1,100,,195240,25,,,1,100,,195253,25,,,1,30,,195229,25,,,1,72,,195236,25,,,1,30,,195238,25,,,1,70,,195233,25,,,1,30,,195225,25,,,1,71,,195247,25,,,1,30,,195249,25,,,1,70,,195246,25,,,1,30,,41510,25,,,1,70,,91683,25,,,1,30,,195232,25,,,1,70,,195226,25,,,1,30,,195227,25,,,1,70,,195231,25,,,1,30,,195234,25,,,1,70,,195243,25,,,1,30,,195230,25,,,1,70,,47391,25,,,1,30,,195250,25,,,1,70,,195251,25,,,1,30,,195241,25,,,1,70,,195237,25,,,1,30,,195245,25,,,1,69,,195228,25,,,1,30,,195242,25,,,1,70,,195239,25,,,1,30,,195248,25,,,1,69,,195252,25,,,1,100,,195235,25,,,1,100,,195244,25,,,1
11200,'8',507,,195272,25,,,1,102,,78962,25,,,1,30,,195257,25,,,1,70,,48115,25,,,1,33,,21310,25,,,1,72,,195274,25,,,1,32,,195255,25,,,1,65,,86000,25,,,1,30,,195276,25,,,1,70,,195271,25,,,1,31,,195265,25,,,1,70,,51685,25,,,1,30,,58520,25,,,1,70,,195262,25,,,1,30,,195266,25,,,1,70,,195267,25,,,1,30,,195258,25,,,1,70,,195256,25,,,1,32,,195264,25,,,1,70,,108015,25,,,1,30,,64154,25,,,1,72,,195275,25,,,1,27,,76034,25,,,1,70,,195269,25,,,1,30,,195254,25,,,1,69,,74692,25,,,1,30,,195273,25,,,1,70,,195263,25,,,1,29,,195260,25,,,1,70,,195270,25,,,1,30,,44376,25,,,1,70,,195259,25,,,1,29,,195261,25,,,1,70,,31658,25,,,1,99,,195268,25,,,1
11200,'9',707,,195292,25,,,1,100,,195300,25,,,1,100,,195280,25,,,1,32,,107149,25,,,1,70,,195294,25,,,1,30,,195297,25,,,1,70,,195285,25,,,1,31,,43273,25,,,1,70,,195290,25,,,1,30,,48076,25,,,1,70,,195287,25,,,1,30,,38373,25,,,1,70,,195298,25,,,1,30,,195286,25,,,1,70,,195288,25,,,1,30,,51640,25,,,1,70,,195289,25,,,1,30,,195277,25,,,1,70,,37211,25,,,1,30,,195281,25,,,1,70,,195278,25,,,1,30,,195282,25,,,1,70,,195293,25,,,1,30,,195284,25,,,1,70,,195283,25,,,1,29,,195291,25,,,1,70,,195299,25,,,1,30,,195279,25,,,1,99,,195296,25,,,1,70,,195295,25,,,1
