2401,'10',928,,25020,25,,,1,30,,25039,25,,,1,70,,25032,25,,,1,30,,25019,25,,,1,69,,25042,25,,,1,30,,25017,25,,,1,70,,25054,25,,,1,30,,25045,25,,,1,69,,25016,25,,,1,30,,25035,25,,,1,70,,25055,25,,,1,25,,25015,25,,,1,74,,25048,25,,,1,30,,25061,25,,,1,71,,25025,25,,,1,101,,25044,25,,,1,30,,25023,25,,,1,60,,25065,25,,,1,25,,25022,25,,,1,70,,25063,25,,,1,100,,25046,25,,,1,91,,25018,25,,,1,100,,25049,25,,,1,105,,25034,25,,,1
2401,'11',928,,25072,25,,,1,30,,25091,25,,,1,70,,25084,25,,,1,30,,25071,25,,,1,69,,25094,25,,,1,30,,25069,25,,,1,70,,25106,25,,,1,30,,25097,25,,,1,69,,25068,25,,,1,30,,25087,25,,,1,70,,25107,25,,,1,25,,25067,25,,,1,74,,25100,25,,,1,30,,25113,25,,,1,71,,25077,25,,,1,101,,25096,25,,,1,30,,25075,25,,,1,60,,25117,25,,,1,25,,25074,25,,,1,70,,25115,25,,,1,100,,25098,25,,,1,91,,25070,25,,,1,100,,25101,25,,,1,105,,25086,25,,,1
2401,'12',928,,25124,25,,,1,30,,25143,25,,,1,70,,25136,25,,,1,30,,25123,25,,,1,69,,25146,25,,,1,30,,25121,25,,,1,70,,25158,25,,,1,30,,25149,25,,,1,69,,25120,25,,,1,30,,25139,25,,,1,70,,25159,25,,,1,25,,25119,25,,,1,74,,25152,25,,,1,30,,25165,25,,,1,71,,25129,25,,,1,101,,25148,25,,,1,30,,25127,25,,,1,60,,25169,25,,,1,25,,25126,25,,,1,70,,25167,25,,,1,100,,25150,25,,,1,91,,25122,25,,,1,100,,25153,25,,,1,105,,25138,25,,,1
2401,'13',928,,25185,25,,,1,30,,25215,25,,,1,70,,25206,25,,,1,30,,25178,25,,,1,69,,25191,25,,,1,30,,25198,25,,,1,70,,25199,25,,,1,30,,25211,25,,,1,69,,25188,25,,,1,30,,25176,25,,,1,70,,25187,25,,,1,26,,25213,25,,,1,74,,25200,25,,,1,27,,25179,25,,,1,72,,25207,25,,,1,30,,25208,25,,,1,72,,25172,25,,,1,30,,25175,25,,,1,60,,25210,25,,,1,25,,25209,25,,,1,70,,25174,25,,,1,100,,25183,25,,,1,91,,25194,25,,,1,100,,25173,25,,,1,105,,25205,25,,,1
2401,'15',928,,25254,25,,,1,30,,25273,25,,,1,70,,25266,25,,,1,30,,25253,25,,,1,69,,25276,25,,,1,30,,25251,25,,,1,70,,25288,25,,,1,30,,25279,25,,,1,69,,25250,25,,,1,30,,25269,25,,,1,70,,25289,25,,,1,25,,25249,25,,,1,74,,25282,25,,,1,30,,25295,25,,,1,71,,25259,25,,,1,101,,25278,25,,,1,30,,25257,25,,,1,60,,25299,25,,,1,25,,25256,25,,,1,70,,25297,25,,,1,100,,25280,25,,,1,91,,25252,25,,,1,100,,25283,25,,,1,105,,25268,25,,,1
2401,'16',928,,25306,25,,,1,30,,25325,25,,,1,70,,25318,25,,,1,30,,25305,25,,,1,69,,25328,25,,,1,30,,25303,25,,,1,70,,25340,25,,,1,30,,25331,25,,,1,69,,25302,25,,,1,30,,25321,25,,,1,70,,25341,25,,,1,25,,25301,25,,,1,74,,25334,25,,,1,30,,25347,25,,,1,71,,25311,25,,,1,101,,25330,25,,,1,30,,25309,25,,,1,60,,25351,25,,,1,25,,25308,25,,,1,70,,25349,25,,,1,100,,25332,25,,,1,91,,25304,25,,,1,100,,25335,25,,,1,105,,25320,25,,,1
2401,'17',928,,25367,25,,,1,30,,25397,25,,,1,70,,25388,25,,,1,30,,25360,25,,,1,69,,25373,25,,,1,30,,25380,25,,,1,70,,25381,25,,,1,30,,25393,25,,,1,69,,25370,25,,,1,30,,25358,25,,,1,70,,25369,25,,,1,26,,25395,25,,,1,74,,25382,25,,,1,27,,25361,25,,,1,72,,25389,25,,,1,30,,25390,25,,,1,72,,25354,25,,,1,30,,25357,25,,,1,60,,25392,25,,,1,25,,25391,25,,,1,70,,25356,25,,,1,100,,25365,25,,,1,91,,25376,25,,,1,100,,25355,25,,,1,105,,25387,25,,,1
2401,'18',928,,25403,25,,,1,100,,25398,25,,,1,99,,25407,25,,,1,100,,25414,25,,,1,99,,25409,25,,,1,98,,25406,25,,,1,101,,25416,25,,,1,101,,25402,25,,,1,101,,25413,25,,,1,90,,25399,25,,,1,100,,25412,25,,,1,96,,25408,25,,,1,95,,25410,25,,,1,100,,25415,25,,,1,100,,25401,25,,,1
2401,'19',928,,25433,25,,,1,30,,25463,25,,,1,70,,25454,25,,,1,30,,25426,25,,,1,69,,25439,25,,,1,30,,25446,25,,,1,70,,25447,25,,,1,30,,25459,25,,,1,69,,25436,25,,,1,30,,25424,25,,,1,70,,25435,25,,,1,26,,25461,25,,,1,74,,25448,25,,,1,27,,25427,25,,,1,72,,25455,25,,,1,30,,25456,25,,,1,72,,25420,25,,,1,30,,25423,25,,,1,60,,25458,25,,,1,25,,25457,25,,,1,70,,25422,25,,,1,100,,25431,25,,,1,91,,25442,25,,,1,100,,25421,25,,,1,105,,25453,25,,,1
2401,'3',928,,25495,25,,,1,30,,25514,25,,,1,70,,25507,25,,,1,30,,25494,25,,,1,69,,25517,25,,,1,30,,25492,25,,,1,70,,25529,25,,,1,30,,25520,25,,,1,69,,25491,25,,,1,30,,25510,25,,,1,70,,25530,25,,,1,25,,25490,25,,,1,74,,25523,25,,,1,30,,25536,25,,,1,71,,25500,25,,,1,101,,25519,25,,,1,30,,25498,25,,,1,60,,25540,25,,,1,25,,25497,25,,,1,70,,25538,25,,,1,100,,25521,25,,,1,91,,25493,25,,,1,100,,25524,25,,,1,105,,25509,25,,,1
2401,'4',928,,25547,25,,,1,30,,25566,25,,,1,70,,25559,25,,,1,30,,25546,25,,,1,69,,25569,25,,,1,30,,25544,25,,,1,70,,25581,25,,,1,30,,25572,25,,,1,69,,25543,25,,,1,30,,25562,25,,,1,70,,25582,25,,,1,25,,25542,25,,,1,74,,25575,25,,,1,30,,25588,25,,,1,71,,25552,25,,,1,101,,25571,25,,,1,30,,25550,25,,,1,60,,25592,25,,,1,25,,25549,25,,,1,70,,25590,25,,,1,100,,25573,25,,,1,91,,25545,25,,,1,100,,25576,25,,,1,105,,25561,25,,,1
2401,'5',928,,25608,25,,,1,30,,25638,25,,,1,70,,25629,25,,,1,30,,25601,25,,,1,69,,25614,25,,,1,30,,25621,25,,,1,70,,25622,25,,,1,30,,25634,25,,,1,69,,25611,25,,,1,30,,25599,25,,,1,70,,25610,25,,,1,26,,25636,25,,,1,74,,25623,25,,,1,27,,25602,25,,,1,72,,25630,25,,,1,30,,25631,25,,,1,72,,25595,25,,,1,30,,25598,25,,,1,60,,25633,25,,,1,25,,25632,25,,,1,70,,25597,25,,,1,100,,25606,25,,,1,91,,25617,25,,,1,100,,25596,25,,,1,105,,25628,25,,,1
2401,'6',928,,25645,25,,,1,30,,25664,25,,,1,70,,25657,25,,,1,30,,25644,25,,,1,69,,25667,25,,,1,30,,25642,25,,,1,70,,25679,25,,,1,30,,25670,25,,,1,69,,25641,25,,,1,30,,25660,25,,,1,70,,25680,25,,,1,25,,25640,25,,,1,74,,25673,25,,,1,30,,25686,25,,,1,71,,25650,25,,,1,101,,25669,25,,,1,30,,25648,25,,,1,60,,25690,25,,,1,25,,25647,25,,,1,70,,25688,25,,,1,100,,25671,25,,,1,91,,25643,25,,,1,100,,25674,25,,,1,105,,25659,25,,,1
2401,'7',928,,25706,25,,,1,30,,25736,25,,,1,70,,25727,25,,,1,30,,25699,25,,,1,69,,25712,25,,,1,30,,25719,25,,,1,70,,25720,25,,,1,30,,25732,25,,,1,69,,25709,25,,,1,30,,25697,25,,,1,70,,25708,25,,,1,26,,25734,25,,,1,74,,25721,25,,,1,27,,25700,25,,,1,72,,25728,25,,,1,30,,25729,25,,,1,72,,25693,25,,,1,30,,25696,25,,,1,60,,25731,25,,,1,25,,25730,25,,,1,70,,25695,25,,,1,100,,25704,25,,,1,91,,25715,25,,,1,100,,25694,25,,,1,105,,25726,25,,,1
22601,'10',552,,116043,25,,,1,70,,116046,25,,,1,30,,116048,25,,,1,70,,116047,25,,,1,30,,116044,25,,,1,72,,116045,25,,,1,34,,116042,25,,,1
22601,'11',552,,116050,25,,,1,70,,116053,25,,,1,30,,116055,25,,,1,70,,116054,25,,,1,30,,116051,25,,,1,72,,116052,25,,,1,34,,116049,25,,,1
22601,'12',552,,116057,25,,,1,70,,116060,25,,,1,30,,116062,25,,,1,70,,116061,25,,,1,30,,116058,25,,,1,72,,116059,25,,,1,34,,116056,25,,,1
22601,'13',552,,116069,25,,,1,70,,116067,25,,,1,30,,116065,25,,,1,70,,116063,25,,,1,30,,116066,25,,,1,72,,116064,25,,,1,34,,116068,25,,,1
22601,'15',552,,116071,25,,,1,70,,116074,25,,,1,30,,116076,25,,,1,70,,116075,25,,,1,30,,116072,25,,,1,72,,116073,25,,,1,34,,116070,25,,,1
22601,'16',552,,116078,25,,,1,70,,116081,25,,,1,30,,116083,25,,,1,70,,116082,25,,,1,30,,116079,25,,,1,72,,116080,25,,,1,34,,116077,25,,,1
22601,'17',552,,116090,25,,,1,70,,116088,25,,,1,30,,116086,25,,,1,70,,116084,25,,,1,30,,116087,25,,,1,72,,116085,25,,,1,34,,116089,25,,,1
22601,'18',552,,116092,25,,,1,100,,116091,25,,,1,100,,116093,25,,,1,106,,116094,25,,,1
22601,'19',552,,116101,25,,,1,70,,116099,25,,,1,30,,116097,25,,,1,70,,116095,25,,,1,30,,116098,25,,,1,72,,116096,25,,,1,34,,116100,25,,,1
22601,'3',552,,116103,25,,,1,70,,116106,25,,,1,30,,116108,25,,,1,70,,116107,25,,,1,30,,116104,25,,,1,72,,116105,25,,,1,34,,116102,25,,,1
22601,'4',552,,116110,25,,,1,70,,116113,25,,,1,30,,116115,25,,,1,70,,116114,25,,,1,30,,116111,25,,,1,72,,116112,25,,,1,34,,116109,25,,,1
22601,'5',552,,116122,25,,,1,70,,116120,25,,,1,30,,116118,25,,,1,70,,116116,25,,,1,30,,116119,25,,,1,72,,116117,25,,,1,34,,116121,25,,,1
22601,'6',552,,116124,25,,,1,70,,116127,25,,,1,30,,116129,25,,,1,70,,116128,25,,,1,30,,116125,25,,,1,72,,116126,25,,,1,34,,116123,25,,,1
22601,'7',552,,116136,25,,,1,70,,116134,25,,,1,30,,116132,25,,,1,70,,116130,25,,,1,30,,116133,25,,,1,72,,116131,25,,,1,34,,116135,25,,,1
62700,'10',756,,118526,21,,,1
62700,'11',756,,118527,21,,,1
62700,'12',756,,118528,21,,,1
62700,'15',756,,118529,21,,,1
62700,'16',756,,118530,21,,,1
62700,'3',756,,118531,21,,,1
62700,'4',756,,118532,21,,,1
62700,'6',756,,118533,21,,,1
