11700,'10',647,,106384,27,,,1,70,,106383,27,,,1,30,,106386,27,,,1,70,,106385,27,,,1
11700,'11',647,,106388,27,,,1,70,,106387,27,,,1,30,,106390,27,,,1,70,,106389,27,,,1
11700,'12',647,,106392,27,,,1,70,,106391,27,,,1,30,,106394,27,,,1,70,,106393,27,,,1
11700,'13',647,,106397,27,,,1,70,,106396,27,,,1,30,,106395,27,,,1,71,,106398,27,,,1
11700,'15',647,,106400,27,,,1,70,,106399,27,,,1,30,,106402,27,,,1,70,,106401,27,,,1
11700,'16',647,,106404,27,,,1,70,,106403,27,,,1,30,,106406,27,,,1,70,,106405,27,,,1
11700,'17',647,,106409,27,,,1,70,,106408,27,,,1,30,,106407,27,,,1,71,,106410,27,,,1
11700,'18',647,,106412,27,,,1,97,,106411,27,,,1,74,,106413,27,,,1
11700,'19',647,,106416,27,,,1,70,,106415,27,,,1,30,,106414,27,,,1,71,,106417,27,,,1
11700,'3',647,,106419,27,,,1,70,,106418,27,,,1,30,,106421,27,,,1,70,,106420,27,,,1
11700,'4',647,,106423,27,,,1,70,,106422,27,,,1,30,,106425,27,,,1,70,,106424,27,,,1
11700,'5',647,,106428,27,,,1,70,,106427,27,,,1,30,,106426,27,,,1,71,,106429,27,,,1
11700,'6',647,,106431,27,,,1,70,,106430,27,,,1,30,,106433,27,,,1,70,,106432,27,,,1
11700,'7',647,,106436,27,,,1,70,,106435,27,,,1,30,,106434,27,,,1,71,,106437,27,,,1
67001,'10',1522,,119582,49,,,1
67001,'11',1522,,119583,49,,,1
67001,'12',1522,,119584,49,,,1
67001,'15',1522,,119585,49,,,1
67001,'16',1522,,119586,49,,,1
67001,'3',1522,,119587,49,,,1
67001,'4',1522,,119588,49,,,1
67001,'6',1522,,119589,49,,,1
68701,'10',1503,,120278,47,,,1
68701,'11',1503,,120279,47,,,1
68701,'12',1503,,120280,47,,,1
68701,'15',1503,,120281,47,,,1
68701,'16',1503,,120282,47,,,1
68701,'3',1503,,120283,47,,,1
68701,'4',1503,,120284,47,,,1
68701,'6',1503,,120285,47,,,1
