3600,'1',732,,176257,8,,,1,101,,232734,8,,,1,70,,151929,8,,,1,30,,232729,8,,,1,70,,232736,8,,,1,30,,232737,8,,,1,70,,232721,8,,,1,30,,232738,8,,,1,70,,232732,8,,,1,30,,232725,8,,,1,70,,232724,8,,,1,30,,232727,8,,,1,70,,43624,8,,,1,30,,146712,8,,,1,70,,145392,8,,,1,30,,232731,8,,,1,70,,232723,8,,,1,30,,232739,8,,,1,70,,232728,8,,,1,30,,232719,8,,,1,70,,232733,8,,,1,30,,232720,8,,,1,70,,124307,8,,,1,30,,232730,8,,,1,70,,232740,8,,,1,30,,232722,8,,,1,70,,232741,8,,,1,30,,232735,8,,,1,99,,232726,8,,,1,100,,170860,8,,,1
3600,'10',732,,232744,8,,,1,101,,232755,8,,,1,70,,232756,8,,,1,30,,232750,8,,,1,70,,232758,8,,,1,30,,149988,8,,,1,70,,144692,8,,,1,30,,232759,8,,,1,70,,146886,8,,,1,30,,127293,8,,,1,70,,232746,8,,,1,30,,232748,8,,,1,70,,232751,8,,,1,30,,232754,8,,,1,70,,232764,8,,,1,30,,232753,8,,,1,70,,232745,8,,,1,30,,127303,8,,,1,70,,232749,8,,,1,30,,232742,8,,,1,70,,129015,8,,,1,30,,232743,8,,,1,70,,232763,8,,,1,30,,232752,8,,,1,70,,232760,8,,,1,30,,1234,8,,,1,70,,232761,8,,,1,30,,232757,8,,,1,99,,232747,8,,,1,100,,232762,8,,,1
3600,'11',737,,232766,8,,,1,101,,232778,8,,,1,100,,132644,8,,,1,70,,232772,8,,,1,30,,232767,8,,,1,70,,161991,8,,,1,30,,232768,8,,,1,70,,133152,8,,,1,30,,232777,8,,,1,70,,232773,8,,,1,30,,134689,8,,,1,70,,232770,8,,,1,30,,232782,8,,,1,70,,232771,8,,,1,30,,232769,8,,,1,70,,232779,8,,,1,30,,146204,8,,,1,70,,232774,8,,,1,30,,232780,8,,,1,70,,232765,8,,,1,30,,232775,8,,,1,70,,232776,8,,,1,100,,232781,8,,,1,100,,140794,8,,,1,99,,194685,8,,,1,100,,197906,8,,,1
3600,'12',503,,232788,8,,,1,100,,232800,8,,,1,31,,232809,8,,,1,70,,232801,8,,,1,30,,232804,8,,,1,70,,232785,8,,,1,29,,232807,8,,,1,67,,232791,8,,,1,30,,232795,8,,,1,70,,232796,8,,,1,30,,232803,8,,,1,70,,232784,8,,,1,30,,232789,8,,,1,70,,146132,8,,,1,30,,232811,8,,,1,70,,55577,8,,,1,30,,232805,8,,,1,70,,232783,8,,,1,33,,150245,8,,,1,70,,232798,8,,,1,30,,232787,8,,,1,72,,232802,8,,,1,30,,232810,8,,,1,70,,232808,8,,,1,28,,232786,8,,,1,69,,60807,8,,,1,30,,146130,8,,,1,70,,232794,8,,,1,28,,232797,8,,,1,70,,232790,8,,,1,30,,232799,8,,,1,70,,232793,8,,,1,30,,143174,8,,,1,29,,232806,8,,,1,97,,232792,8,,,1
3600,'13',732,,232814,8,,,1,101,,50689,8,,,1,70,,232825,8,,,1,30,,232820,8,,,1,70,,190695,8,,,1,30,,232827,8,,,1,70,,232813,8,,,1,30,,153463,8,,,1,70,,232823,8,,,1,30,,232818,8,,,1,70,,232817,8,,,1,30,,168061,8,,,1,70,,232821,8,,,1,30,,232822,8,,,1,70,,232833,8,,,1,30,,142960,8,,,1,70,,232816,8,,,1,30,,232828,8,,,1,70,,206396,8,,,1,30,,151719,8,,,1,70,,232824,8,,,1,30,,232812,8,,,1,70,,232832,8,,,1,30,,185685,8,,,1,70,,232829,8,,,1,30,,232815,8,,,1,70,,232830,8,,,1,30,,232826,8,,,1,99,,232819,8,,,1,100,,232831,8,,,1
3600,'14',503,,232845,8,,,1,100,,189106,8,,,1,31,,232863,8,,,1,70,,232860,8,,,1,30,,232846,8,,,1,70,,232861,8,,,1,29,,146022,8,,,1,67,,232862,8,,,1,30,,232851,8,,,1,70,,140997,8,,,1,30,,232849,8,,,1,70,,232841,8,,,1,30,,232843,8,,,1,70,,232854,8,,,1,30,,232840,8,,,1,70,,232838,8,,,1,30,,232858,8,,,1,70,,232856,8,,,1,33,,140480,8,,,1,70,,232847,8,,,1,30,,232839,8,,,1,72,,232855,8,,,1,30,,232836,8,,,1,70,,155689,8,,,1,28,,232853,8,,,1,69,,232842,8,,,1,30,,232852,8,,,1,70,,232857,8,,,1,28,,232835,8,,,1,70,,232850,8,,,1,30,,232837,8,,,1,70,,232859,8,,,1,30,,232848,8,,,1,29,,232844,8,,,1,97,,232834,8,,,1
3600,'15',503,,232869,8,,,1,100,,232881,8,,,1,31,,232890,8,,,1,70,,232882,8,,,1,30,,232885,8,,,1,70,,232866,8,,,1,29,,232888,8,,,1,67,,232872,8,,,1,30,,232876,8,,,1,70,,232877,8,,,1,30,,232884,8,,,1,70,,232865,8,,,1,30,,232870,8,,,1,70,,146243,8,,,1,30,,232892,8,,,1,70,,56037,8,,,1,30,,232886,8,,,1,70,,232864,8,,,1,33,,150427,8,,,1,70,,232879,8,,,1,30,,232868,8,,,1,72,,232883,8,,,1,30,,232891,8,,,1,70,,232889,8,,,1,28,,232867,8,,,1,69,,61079,8,,,1,30,,146241,8,,,1,70,,232875,8,,,1,28,,232878,8,,,1,70,,232871,8,,,1,30,,232880,8,,,1,70,,232874,8,,,1,30,,143194,8,,,1,29,,232887,8,,,1,97,,232873,8,,,1
3600,'16',737,,232895,8,,,1,101,,232911,8,,,1,100,,232896,8,,,1,70,,232904,8,,,1,30,,232897,8,,,1,70,,232905,8,,,1,30,,232898,8,,,1,70,,232917,8,,,1,30,,232910,8,,,1,70,,232906,8,,,1,30,,232894,8,,,1,70,,232902,8,,,1,30,,232918,8,,,1,70,,232903,8,,,1,30,,232899,8,,,1,70,,232912,8,,,1,30,,232900,8,,,1,70,,232907,8,,,1,30,,232915,8,,,1,70,,232893,8,,,1,30,,232908,8,,,1,70,,232909,8,,,1,100,,232916,8,,,1,100,,232913,8,,,1,99,,232914,8,,,1,100,,232901,8,,,1
3600,'17',503,,232930,8,,,1,100,,189025,8,,,1,31,,232948,8,,,1,70,,232945,8,,,1,30,,232931,8,,,1,70,,232946,8,,,1,29,,145972,8,,,1,67,,232947,8,,,1,30,,232936,8,,,1,70,,118814,8,,,1,30,,232934,8,,,1,70,,232926,8,,,1,30,,232928,8,,,1,70,,232939,8,,,1,30,,232925,8,,,1,70,,232923,8,,,1,30,,232943,8,,,1,70,,232941,8,,,1,33,,26939,8,,,1,70,,232932,8,,,1,30,,232924,8,,,1,72,,232940,8,,,1,30,,232921,8,,,1,70,,155600,8,,,1,28,,232938,8,,,1,69,,232927,8,,,1,30,,232937,8,,,1,70,,232942,8,,,1,28,,232920,8,,,1,70,,232935,8,,,1,30,,232922,8,,,1,70,,232944,8,,,1,30,,232933,8,,,1,29,,232929,8,,,1,97,,232919,8,,,1
3600,'18',503,,232960,8,,,1,100,,189222,8,,,1,31,,232978,8,,,1,70,,232975,8,,,1,30,,232961,8,,,1,70,,232976,8,,,1,29,,37010,8,,,1,67,,232977,8,,,1,30,,232966,8,,,1,70,,141021,8,,,1,30,,232964,8,,,1,70,,232956,8,,,1,30,,232958,8,,,1,70,,232969,8,,,1,30,,232955,8,,,1,70,,232953,8,,,1,30,,232973,8,,,1,70,,232971,8,,,1,33,,140571,8,,,1,70,,232962,8,,,1,30,,232954,8,,,1,72,,232970,8,,,1,30,,232951,8,,,1,70,,155811,8,,,1,28,,232968,8,,,1,69,,232957,8,,,1,30,,232967,8,,,1,70,,232972,8,,,1,28,,232950,8,,,1,70,,232965,8,,,1,30,,232952,8,,,1,70,,232974,8,,,1,30,,232963,8,,,1,29,,232959,8,,,1,97,,232949,8,,,1
3600,'2',503,,232989,8,,,1,100,,233001,8,,,1,31,,233007,8,,,1,70,,233005,8,,,1,30,,232991,8,,,1,70,,116981,8,,,1,29,,233000,8,,,1,67,,233006,8,,,1,30,,232997,8,,,1,70,,232985,8,,,1,30,,232995,8,,,1,70,,232986,8,,,1,30,,171940,8,,,1,70,,128600,8,,,1,30,,232984,8,,,1,70,,6911,8,,,1,30,,233004,8,,,1,70,,233002,8,,,1,33,,232990,8,,,1,70,,232993,8,,,1,30,,232983,8,,,1,72,,153480,8,,,1,30,,232981,8,,,1,70,,232992,8,,,1,28,,232999,8,,,1,69,,232987,8,,,1,30,,232998,8,,,1,70,,233003,8,,,1,28,,232980,8,,,1,70,,232996,8,,,1,30,,232982,8,,,1,70,,121480,8,,,1,30,,232994,8,,,1,29,,232988,8,,,1,97,,232979,8,,,1
3600,'3',503,,233013,8,,,1,100,,233025,8,,,1,31,,233035,8,,,1,70,,233027,8,,,1,30,,233030,8,,,1,70,,233010,8,,,1,29,,233033,8,,,1,67,,163434,8,,,1,30,,233019,8,,,1,70,,233020,8,,,1,30,,233029,8,,,1,70,,233009,8,,,1,30,,188467,8,,,1,70,,233021,8,,,1,30,,233038,8,,,1,70,,233023,8,,,1,30,,233031,8,,,1,70,,233008,8,,,1,33,,233036,8,,,1,70,,233022,8,,,1,30,,233012,8,,,1,72,,233028,8,,,1,30,,233037,8,,,1,70,,233034,8,,,1,28,,233011,8,,,1,69,,233017,8,,,1,30,,233018,8,,,1,70,,233016,8,,,1,28,,133019,8,,,1,70,,183525,8,,,1,30,,233024,8,,,1,70,,233015,8,,,1,30,,233026,8,,,1,29,,233032,8,,,1,97,,233014,8,,,1
3600,'4',503,,233044,8,,,1,100,,233056,8,,,1,31,,233065,8,,,1,70,,233057,8,,,1,30,,233060,8,,,1,70,,233041,8,,,1,29,,233063,8,,,1,67,,233047,8,,,1,30,,233051,8,,,1,70,,233052,8,,,1,30,,233059,8,,,1,70,,233040,8,,,1,30,,233045,8,,,1,70,,146298,8,,,1,30,,233067,8,,,1,70,,55989,8,,,1,30,,233061,8,,,1,70,,233039,8,,,1,33,,150509,8,,,1,70,,233054,8,,,1,30,,233043,8,,,1,72,,233058,8,,,1,30,,233066,8,,,1,70,,233064,8,,,1,28,,233042,8,,,1,69,,61046,8,,,1,30,,146296,8,,,1,70,,233050,8,,,1,28,,233053,8,,,1,70,,233046,8,,,1,30,,233055,8,,,1,70,,233049,8,,,1,30,,143200,8,,,1,29,,233062,8,,,1,97,,233048,8,,,1
3600,'5',503,,233073,8,,,1,100,,233085,8,,,1,31,,233094,8,,,1,70,,233086,8,,,1,30,,233089,8,,,1,70,,233070,8,,,1,29,,233092,8,,,1,67,,233076,8,,,1,30,,233080,8,,,1,70,,233081,8,,,1,30,,233088,8,,,1,70,,233069,8,,,1,30,,233074,8,,,1,70,,145894,8,,,1,30,,233096,8,,,1,70,,55529,8,,,1,30,,233090,8,,,1,70,,233068,8,,,1,33,,149847,8,,,1,70,,233083,8,,,1,30,,233072,8,,,1,72,,233087,8,,,1,30,,233095,8,,,1,70,,233093,8,,,1,28,,233071,8,,,1,69,,60774,8,,,1,30,,145892,8,,,1,70,,233079,8,,,1,28,,233082,8,,,1,70,,233075,8,,,1,30,,233084,8,,,1,70,,233078,8,,,1,30,,143128,8,,,1,29,,233091,8,,,1,97,,233077,8,,,1
3600,'6',737,,233098,8,,,1,101,,233112,8,,,1,100,,233099,8,,,1,70,,233106,8,,,1,30,,233100,8,,,1,70,,233107,8,,,1,30,,233101,8,,,1,70,,233118,8,,,1,30,,233111,8,,,1,70,,233108,8,,,1,30,,233097,8,,,1,70,,233105,8,,,1,30,,233119,8,,,1,70,,128814,8,,,1,30,,233102,8,,,1,70,,233113,8,,,1,30,,233103,8,,,1,70,,233109,8,,,1,30,,233116,8,,,1,70,,144152,8,,,1,30,,115467,8,,,1,70,,233110,8,,,1,100,,233117,8,,,1,100,,233114,8,,,1,99,,233115,8,,,1,100,,233104,8,,,1
3600,'7',503,,129621,8,,,1,100,,233142,8,,,1,31,,233150,8,,,1,70,,233147,8,,,1,30,,233132,8,,,1,70,,233148,8,,,1,29,,233140,8,,,1,67,,233149,8,,,1,30,,233137,8,,,1,70,,233127,8,,,1,30,,233135,8,,,1,70,,233128,8,,,1,30,,233130,8,,,1,70,,233139,8,,,1,30,,233126,8,,,1,70,,233124,8,,,1,30,,233145,8,,,1,70,,233143,8,,,1,33,,233131,8,,,1,70,,233134,8,,,1,30,,233125,8,,,1,72,,233141,8,,,1,30,,233122,8,,,1,70,,233133,8,,,1,28,,233138,8,,,1,69,,233129,8,,,1,30,,8071,8,,,1,70,,233144,8,,,1,28,,233121,8,,,1,70,,233136,8,,,1,30,,233123,8,,,1,70,,233146,8,,,1,30,,178828,8,,,1,29,,143337,8,,,1,97,,233120,8,,,1
3600,'8',503,,233154,8,,,1,100,,233177,8,,,1,31,,233172,8,,,1,70,,233153,8,,,1,30,,233162,8,,,1,70,,233159,8,,,1,29,,233169,8,,,1,67,,233173,8,,,1,30,,233163,8,,,1,70,,233156,8,,,1,30,,233157,8,,,1,70,,233181,8,,,1,30,,233179,8,,,1,70,,233166,8,,,1,30,,233184,8,,,1,70,,233165,8,,,1,30,,233176,8,,,1,70,,233155,8,,,1,33,,233164,8,,,1,70,,233161,8,,,1,30,,233183,8,,,1,72,,233167,8,,,1,30,,233160,8,,,1,70,,233185,8,,,1,28,,233178,8,,,1,69,,233180,8,,,1,30,,233182,8,,,1,70,,233158,8,,,1,28,,233152,8,,,1,70,,233168,8,,,1,30,,233171,8,,,1,70,,233175,8,,,1,30,,233170,8,,,1,29,,233174,8,,,1,97,,233151,8,,,1
3600,'9',503,,233191,8,,,1,100,,233203,8,,,1,31,,233212,8,,,1,70,,233204,8,,,1,30,,233207,8,,,1,70,,233188,8,,,1,29,,233210,8,,,1,67,,233194,8,,,1,30,,233198,8,,,1,70,,233199,8,,,1,30,,233206,8,,,1,70,,233187,8,,,1,30,,233192,8,,,1,70,,146105,8,,,1,30,,233214,8,,,1,70,,55758,8,,,1,30,,233208,8,,,1,70,,233186,8,,,1,33,,150198,8,,,1,70,,233201,8,,,1,30,,233190,8,,,1,72,,233205,8,,,1,30,,233213,8,,,1,70,,233211,8,,,1,28,,233189,8,,,1,69,,60908,8,,,1,30,,146103,8,,,1,70,,233197,8,,,1,28,,233200,8,,,1,70,,233193,8,,,1,30,,233202,8,,,1,70,,233196,8,,,1,30,,143168,8,,,1,29,,233209,8,,,1,97,,233195,8,,,1
