3901,'1',346,,148744,19,0,27 28,1,70,,20332,19,0,27 28,1,25,,91875,19,0,27 28,1
3901,'10',346,,148829,19,0,27 28,1,70,,9455,19,0,27 28,1,25,,148858,19,0,27 28,1
3901,'11',352,,148914,19,0,27 28,1,70,,148861,19,0,27 28,1,30,,148873,19,0,27 28,1,70,,148884,19,0,27 28,1,30,,148899,19,0,27 28,1,71,,148891,19,0,27 28,1,31,,148896,19,0,27 28,1,70,,148862,19,0,27 28,1,30,,62059,19,0,27 28,1
3901,'12',346,,148920,19,0,27 28,1,70,,148947,19,0,27 28,1,25,,148961,19,0,27 28,1
3901,'13',352,,61339,19,0,27 28,1,70,,1232,19,0,27 28,1,30,,148996,19,0,27 28,1,70,,149007,19,0,27 28,1,30,,149024,19,0,27 28,1,71,,149016,19,0,27 28,1,31,,149022,19,0,27 28,1,70,,116065,19,0,27 28,1,30,,149032,19,0,27 28,1
3901,'14',346,,149047,19,0,27 28,1,70,,4148,19,0,27 28,1,25,,106739,19,0,27 28,1
3901,'15',346,,149107,19,0,27 28,1,70,,4583,19,0,27 28,1,25,,106871,19,0,27 28,1
3901,'16',346,,149167,19,0,27 28,1,70,,149198,19,0,27 28,1,25,,149216,19,0,27 28,1
3901,'17',346,,149237,19,0,27 28,1,70,,20513,19,0,27 28,1,25,,92150,19,0,27 28,1
3901,'2',346,,149295,19,0,27 28,1,70,,20369,19,0,27 28,1,25,,91935,19,0,27 28,1
3901,'3',346,,149354,19,0,27 28,1,70,,4430,19,0,27 28,1,25,,106823,19,0,27 28,1
3901,'4',354,,149467,19,0,27 28,1,70,,149446,19,0,27 28,1,30,,149443,19,0,27 28,1,70,,149455,19,0,27 28,1,30,,149433,19,0,27 28,1
3901,'5',346,,149482,19,0,27 28,1,70,,149548,19,0,27 28,1,25,,149523,19,0,27 28,1
3901,'6',346,,149551,19,0,27 28,1,70,,20727,19,0,27 28,1,25,,92486,19,0,27 28,1
3901,'7',354,,149665,19,0,27 28,1,70,,149644,19,0,27 28,1,30,,149641,19,0,27 28,1,70,,149654,19,0,27 28,1,30,,149631,19,0,27 28,1
3901,'8',346,,149678,19,0,27 28,1,70,,20690,19,0,27 28,1,25,,92426,19,0,27 28,1
3901,'9',352,,149798,19,0,27 28,1,70,,149736,19,0,27 28,1,30,,149749,19,0,27 28,1,70,,149763,19,0,27 28,1,30,,149780,19,0,27 28,1,71,,149772,19,0,27 28,1,31,,83803,19,0,27 28,1,70,,149738,19,0,27 28,1,30,,149786,19,0,27 28,1
4000,'1',443,,149844,5,,,1,105,,149826,47,,,1,58,,149805,5,,,1,16,,58885,47,,,1,15,,149807,5,,,1,15,,149810,47,,,1,56,,149828,5,,,1,16,,149834,47,,,1,17,,82307,5,,,1,18,,4904,47,,,1,54,,149816,5,,,1,16,,149813,47,,,1,13,,149817,5,,,1,15,,84366,47,,,1,55,,55507,5,,,1,15,,149843,47,,,1,15,,119598,5,,,1,15,,7242,47,,,1,71,,149832,47,,,1,14,,109616,5,,,1,17,,149804,47,,,1,54,,149840,5,,,1,15,,149825,47,,,1,15,,66755,5,,,1,16,,149842,47,,,1,55,,149823,5,,,1,15,,149846,47,,,1,14,,149814,5,,,1,14,,149811,47,,,1,55,,149829,5,,,1,14,,149831,47,,,1,15,,55516,5,,,1,16,,149849,47,,,1,55,,149822,5,,,1,16,,149847,47,,,1,15,,149845,5,,,1,15,,149812,47,,,1,55,,2168,5,,,1,19,,149819,47,,,1,13,,149848,47,,,1,57,,149830,47,,,1,15,,149808,47,,,1,15,,111476,47,,,1,15,,149838,47,,,1,55,,149809,47,,,1,15,,149837,47,,,1,29,,149841,47,,,1,55,,149803,47,,,1,15,,60769,47,,,1,13,,149806,47,,,1,29,,47544,47,,,1,69,,149839,47,,,1,32,,62865,47,,,1,70,,149815,47,,,1,30,,149827,47,,,1,67,,149833,47,,,1,30,,108818,47,,,1,69,,70631,47,,,1,30,,149818,47,,,1,69,,149820,47,,,1,30,,149824,47,,,1,68,,149835,47,,,1,30,,149821,47,,,1,70,,149836,47,,,1
4000,'10',443,,149861,5,,,1,105,,149881,47,,,1,74,,149859,47,,,1,30,,149883,47,,,1,72,,149853,47,,,1,35,,108461,47,,,1,70,,12236,47,,,1,30,,149862,47,,,1,68,,66282,47,,,1,30,,149865,47,,,1,71,,149851,47,,,1,31,,149866,47,,,1,69,,149855,47,,,1,31,,149852,47,,,1,70,,39668,47,,,1,28,,149867,47,,,1,69,,149864,47,,,1,31,,149860,47,,,1,71,,149879,47,,,1,30,,149878,47,,,1,74,,149868,47,,,1,14,,149873,47,,,1,71,,149870,47,,,1,30,,45563,47,,,1,70,,149877,47,,,1,29,,149882,47,,,1,70,,149869,47,,,1,13,,149856,47,,,1,29,,149863,47,,,1,69,,149871,47,,,1,32,,149872,47,,,1,70,,45003,47,,,1,30,,149854,47,,,1,67,,149857,47,,,1,30,,149874,47,,,1,69,,95285,47,,,1,30,,27351,47,,,1,69,,149880,47,,,1,30,,149875,47,,,1,68,,149876,47,,,1,30,,149858,47,,,1,70,,149850,47,,,1
4000,'11',650,,18702,47,,,1,92,,149906,47,,,1,70,,149896,47,,,1,30,,149888,47,,,1,70,,149884,47,,,1,30,,149907,47,,,1,70,,82925,47,,,1,32,,149894,47,,,1,70,,149889,47,,,1,30,,149891,47,,,1,70,,89245,47,,,1,32,,83471,47,,,1,70,,149902,47,,,1,30,,149903,47,,,1,70,,82477,47,,,1,30,,149904,47,,,1,70,,149886,47,,,1,30,,88185,47,,,1,70,,149885,47,,,1,30,,149893,47,,,1,70,,149908,47,,,1,30,,149897,47,,,1,70,,149910,47,,,1,27,,149909,47,,,1,70,,25267,47,,,1,30,,149898,47,,,1,70,,149901,47,,,1,29,,149892,47,,,1,70,,149890,47,,,1,30,,149887,47,,,1,70,,149900,47,,,1,29,,149899,47,,,1,70,,149895,47,,,1,30,,89248,47,,,1,14,,149911,5,,,1,70,,149905,5,,,1
4000,'12',443,,149918,5,,,1,105,,149949,47,,,1,58,,149955,5,,,1,16,,149933,47,,,1,15,,49820,5,,,1,15,,149954,47,,,1,56,,149935,5,,,1,16,,149944,47,,,1,17,,149912,5,,,1,18,,149946,47,,,1,54,,114681,5,,,1,16,,96975,47,,,1,13,,149939,5,,,1,16,,12905,47,,,1,54,,62808,5,,,1,15,,3507,47,,,1,15,,149945,5,,,1,15,,149920,47,,,1,55,,149924,5,,,1,16,,149958,47,,,1,14,,149936,5,,,1,17,,149961,47,,,1,54,,149947,5,,,1,15,,105644,47,,,1,15,,149923,5,,,1,16,,149953,47,,,1,55,,54607,5,,,1,15,,149926,47,,,1,14,,149962,5,,,1,14,,149922,47,,,1,55,,149959,5,,,1,14,,149943,47,,,1,15,,149937,5,,,1,16,,149916,47,,,1,55,,149932,5,,,1,16,,149929,47,,,1,15,,149948,5,,,1,15,,149940,47,,,1,56,,61213,5,,,1,18,,149942,47,,,1,15,,28124,47,,,1,55,,85500,47,,,1,15,,149915,47,,,1,15,,34989,47,,,1,15,,149952,47,,,1,55,,149927,47,,,1,15,,149914,47,,,1,15,,149917,47,,,1,14,,149950,47,,,1,55,,149956,47,,,1,15,,149928,47,,,1,13,,149951,47,,,1,29,,149913,47,,,1,69,,149934,47,,,1,32,,96979,47,,,1,70,,149919,47,,,1,30,,149931,47,,,1,67,,149925,47,,,1,30,,149957,47,,,1,69,,149960,47,,,1,30,,149963,47,,,1,69,,76731,47,,,1,30,,149921,47,,,1,68,,149938,47,,,1,30,,149941,47,,,1,70,,149930,47,,,1
4000,'13',650,,149975,47,,,1,92,,149990,47,,,1,70,,149980,47,,,1,30,,149971,47,,,1,70,,149964,47,,,1,30,,149991,47,,,1,70,,149973,47,,,1,32,,149979,47,,,1,70,,149972,47,,,1,30,,149976,47,,,1,70,,149967,47,,,1,32,,149981,47,,,1,70,,149987,47,,,1,30,,6254,47,,,1,70,,149995,47,,,1,30,,149988,47,,,1,70,,149968,47,,,1,30,,149965,47,,,1,70,,149966,47,,,1,30,,149978,47,,,1,70,,78530,47,,,1,30,,149982,47,,,1,70,,149993,47,,,1,27,,149992,47,,,1,70,,149983,47,,,1,30,,149984,47,,,1,70,,149986,47,,,1,29,,149977,47,,,1,70,,149974,47,,,1,30,,149970,47,,,1,70,,149985,47,,,1,29,,86468,47,,,1,70,,115329,47,,,1,30,,149969,47,,,1,14,,149994,5,,,1,70,,149989,5,,,1
4000,'14',443,,92307,5,,,1,105,,106213,47,,,1,58,,108526,5,,,1,16,,150016,47,,,1,15,,150031,5,,,1,15,,150035,47,,,1,56,,93361,5,,,1,16,,66950,47,,,1,17,,149996,5,,,1,18,,150029,47,,,1,54,,150037,5,,,1,16,,150009,47,,,1,13,,150021,5,,,1,16,,150041,47,,,1,54,,150019,5,,,1,15,,150034,47,,,1,15,,150028,5,,,1,15,,88409,47,,,1,55,,150006,5,,,1,16,,150040,47,,,1,14,,150018,5,,,1,17,,150044,47,,,1,54,,21265,5,,,1,15,,150014,47,,,1,15,,89636,5,,,1,16,,113641,47,,,1,55,,149998,5,,,1,15,,150007,47,,,1,14,,150045,5,,,1,14,,150005,47,,,1,55,,150042,5,,,1,14,,150025,47,,,1,15,,18960,5,,,1,16,,149999,47,,,1,55,,150015,5,,,1,16,,150011,47,,,1,15,,73646,5,,,1,15,,150022,47,,,1,56,,150001,5,,,1,18,,150024,47,,,1,15,,150026,47,,,1,55,,150038,47,,,1,15,,107942,47,,,1,15,,150004,47,,,1,15,,150033,47,,,1,55,,150008,47,,,1,15,,149997,47,,,1,15,,150000,47,,,1,14,,150030,47,,,1,55,,150036,47,,,1,15,,43219,47,,,1,13,,150032,47,,,1,29,,41059,47,,,1,69,,150017,47,,,1,32,,150010,47,,,1,70,,150002,47,,,1,30,,150013,47,,,1,67,,113620,47,,,1,30,,150039,47,,,1,69,,150043,47,,,1,30,,150046,47,,,1,69,,150027,47,,,1,30,,150003,47,,,1,68,,150020,47,,,1,30,,150023,47,,,1,70,,150012,47,,,1
4000,'15',443,,92642,5,,,1,105,,106334,47,,,1,58,,108719,5,,,1,16,,150067,47,,,1,15,,150082,5,,,1,15,,150086,47,,,1,56,,93706,5,,,1,16,,66995,47,,,1,17,,150047,5,,,1,18,,150080,47,,,1,54,,150088,5,,,1,16,,150060,47,,,1,13,,150072,5,,,1,16,,150092,47,,,1,54,,150070,5,,,1,15,,150085,47,,,1,15,,150079,5,,,1,15,,88693,47,,,1,55,,150057,5,,,1,16,,150091,47,,,1,14,,150069,5,,,1,17,,150095,47,,,1,54,,21468,5,,,1,15,,150065,47,,,1,15,,90135,5,,,1,16,,113846,47,,,1,55,,150049,5,,,1,15,,150058,47,,,1,14,,150096,5,,,1,14,,150056,47,,,1,55,,150093,5,,,1,14,,150076,47,,,1,15,,19280,5,,,1,16,,150050,47,,,1,55,,150066,5,,,1,16,,150062,47,,,1,15,,73954,5,,,1,15,,150073,47,,,1,56,,150052,5,,,1,18,,150075,47,,,1,15,,150077,47,,,1,55,,150089,47,,,1,15,,108137,47,,,1,15,,150055,47,,,1,15,,150084,47,,,1,55,,150059,47,,,1,15,,150048,47,,,1,15,,150051,47,,,1,14,,150081,47,,,1,55,,150087,47,,,1,15,,43568,47,,,1,13,,150083,47,,,1,29,,41419,47,,,1,69,,150068,47,,,1,32,,150061,47,,,1,70,,150053,47,,,1,30,,150064,47,,,1,67,,113825,47,,,1,30,,150090,47,,,1,69,,150094,47,,,1,30,,150097,47,,,1,69,,150078,47,,,1,30,,150054,47,,,1,68,,150071,47,,,1,30,,150074,47,,,1,70,,150063,47,,,1
4000,'16',443,,150105,5,,,1,105,,150136,47,,,1,58,,150143,5,,,1,16,,150121,47,,,1,15,,150137,5,,,1,15,,150142,47,,,1,56,,150123,5,,,1,16,,150131,47,,,1,17,,150098,5,,,1,18,,99618,47,,,1,54,,150145,5,,,1,16,,150115,47,,,1,13,,150128,5,,,1,16,,150149,47,,,1,54,,150125,5,,,1,15,,150140,47,,,1,15,,35765,5,,,1,15,,150106,47,,,1,55,,150110,5,,,1,16,,150148,47,,,1,14,,150124,5,,,1,17,,150151,47,,,1,54,,150134,5,,,1,15,,150119,47,,,1,15,,150109,5,,,1,16,,150141,47,,,1,55,,150101,5,,,1,15,,150112,47,,,1,14,,150152,5,,,1,14,,48834,47,,,1,55,,150150,5,,,1,14,,94533,47,,,1,15,,150126,5,,,1,16,,150103,47,,,1,55,,150120,5,,,1,16,,33884,47,,,1,15,,150135,5,,,1,15,,7360,47,,,1,56,,150104,5,,,1,18,,150130,47,,,1,15,,150132,47,,,1,55,,150146,47,,,1,15,,150102,47,,,1,15,,150108,47,,,1,15,,150139,47,,,1,55,,150113,47,,,1,15,,150100,47,,,1,15,,74290,47,,,1,14,,78563,47,,,1,55,,150144,47,,,1,15,,150114,47,,,1,13,,150138,47,,,1,29,,150099,47,,,1,69,,150122,47,,,1,32,,150116,47,,,1,70,,53529,47,,,1,30,,150118,47,,,1,67,,150111,47,,,1,30,,150147,47,,,1,69,,41891,47,,,1,30,,150153,47,,,1,69,,150133,47,,,1,30,,150107,47,,,1,68,,150127,47,,,1,30,,150129,47,,,1,70,,150117,47,,,1
4000,'17',443,,150195,5,,,1,105,,150177,47,,,1,58,,150156,5,,,1,16,,59099,47,,,1,15,,150158,5,,,1,15,,150161,47,,,1,56,,150179,5,,,1,16,,150185,47,,,1,17,,82491,5,,,1,18,,5221,47,,,1,54,,150167,5,,,1,16,,150164,47,,,1,13,,150168,5,,,1,15,,84691,47,,,1,55,,55736,5,,,1,15,,150194,47,,,1,15,,119613,5,,,1,15,,7421,47,,,1,71,,150183,47,,,1,14,,109767,5,,,1,17,,150155,47,,,1,54,,150191,5,,,1,15,,150176,47,,,1,15,,66792,5,,,1,16,,150193,47,,,1,55,,150174,5,,,1,15,,150197,47,,,1,14,,150165,5,,,1,14,,150162,47,,,1,55,,150180,5,,,1,14,,150182,47,,,1,15,,55745,5,,,1,16,,150200,47,,,1,55,,150173,5,,,1,16,,150198,47,,,1,15,,150196,5,,,1,15,,150163,47,,,1,55,,2543,5,,,1,19,,150170,47,,,1,13,,150199,47,,,1,57,,150181,47,,,1,15,,150159,47,,,1,15,,111648,47,,,1,15,,150189,47,,,1,55,,150160,47,,,1,15,,150188,47,,,1,29,,150192,47,,,1,55,,150154,47,,,1,15,,60903,47,,,1,13,,150157,47,,,1,29,,47836,47,,,1,69,,150190,47,,,1,32,,63127,47,,,1,70,,150166,47,,,1,30,,150178,47,,,1,67,,150184,47,,,1,30,,108926,47,,,1,69,,70852,47,,,1,30,,150169,47,,,1,69,,150171,47,,,1,30,,150175,47,,,1,68,,150186,47,,,1,30,,150172,47,,,1,70,,150187,47,,,1
4000,'2',443,,150242,5,,,1,105,,150224,47,,,1,58,,150203,5,,,1,16,,58932,47,,,1,15,,150205,5,,,1,15,,150208,47,,,1,56,,150226,5,,,1,16,,150232,47,,,1,17,,82345,5,,,1,18,,4964,47,,,1,54,,150214,5,,,1,16,,150211,47,,,1,13,,150215,5,,,1,15,,84433,47,,,1,55,,55555,5,,,1,15,,150241,47,,,1,15,,119603,5,,,1,15,,7278,47,,,1,71,,150230,47,,,1,14,,109647,5,,,1,17,,150202,47,,,1,54,,150238,5,,,1,15,,150223,47,,,1,15,,66764,5,,,1,16,,150240,47,,,1,55,,150221,5,,,1,15,,150244,47,,,1,14,,150212,5,,,1,14,,150209,47,,,1,55,,150227,5,,,1,14,,150229,47,,,1,15,,55564,5,,,1,16,,150247,47,,,1,55,,150220,5,,,1,16,,150245,47,,,1,15,,150243,5,,,1,15,,150210,47,,,1,55,,2242,5,,,1,19,,150217,47,,,1,13,,150246,47,,,1,57,,150228,47,,,1,15,,150206,47,,,1,15,,111511,47,,,1,15,,150236,47,,,1,55,,150207,47,,,1,15,,150235,47,,,1,29,,150239,47,,,1,55,,150201,47,,,1,15,,60802,47,,,1,13,,150204,47,,,1,29,,47607,47,,,1,69,,150237,47,,,1,32,,62919,47,,,1,70,,150213,47,,,1,30,,150225,47,,,1,67,,150231,47,,,1,30,,108841,47,,,1,69,,70677,47,,,1,30,,150216,47,,,1,69,,150218,47,,,1,30,,150222,47,,,1,68,,150233,47,,,1,30,,150219,47,,,1,70,,150234,47,,,1
4000,'3',443,,92521,5,,,1,105,,106294,47,,,1,58,,108649,5,,,1,16,,150268,47,,,1,15,,150283,5,,,1,15,,150287,47,,,1,56,,93581,5,,,1,16,,66977,47,,,1,17,,150248,5,,,1,18,,150281,47,,,1,54,,150289,5,,,1,16,,150261,47,,,1,13,,150273,5,,,1,16,,150293,47,,,1,54,,150271,5,,,1,15,,150286,47,,,1,15,,150280,5,,,1,15,,88586,47,,,1,55,,150258,5,,,1,16,,150292,47,,,1,14,,150270,5,,,1,17,,150296,47,,,1,54,,21398,5,,,1,15,,150266,47,,,1,15,,89952,5,,,1,16,,113775,47,,,1,55,,150250,5,,,1,15,,150259,47,,,1,14,,150297,5,,,1,14,,150257,47,,,1,55,,150294,5,,,1,14,,150277,47,,,1,15,,19163,5,,,1,16,,150251,47,,,1,55,,150267,5,,,1,16,,150263,47,,,1,15,,73840,5,,,1,15,,150274,47,,,1,56,,150253,5,,,1,18,,150276,47,,,1,15,,150278,47,,,1,55,,150290,47,,,1,15,,108066,47,,,1,15,,150256,47,,,1,15,,150285,47,,,1,55,,150260,47,,,1,15,,150249,47,,,1,15,,150252,47,,,1,14,,150282,47,,,1,55,,150288,47,,,1,15,,43440,47,,,1,13,,150284,47,,,1,29,,41289,47,,,1,69,,150269,47,,,1,32,,150262,47,,,1,70,,150254,47,,,1,30,,150265,47,,,1,67,,113754,47,,,1,30,,150291,47,,,1,69,,150295,47,,,1,30,,150298,47,,,1,69,,150279,47,,,1,30,,150255,47,,,1,68,,150272,47,,,1,30,,150275,47,,,1,70,,150264,47,,,1
4000,'4',518,,58652,5,,,1,85,,150319,47,,,1,32,,150321,47,,,1,70,,150327,47,,,1,25,,13687,47,,,1,75,,150326,47,,,1,30,,87802,47,,,1,70,,150303,47,,,1,30,,150304,47,,,1,70,,150309,47,,,1,32,,150305,47,,,1,70,,150310,47,,,1,30,,99213,47,,,1,70,,150330,47,,,1,32,,150313,47,,,1,70,,150317,47,,,1,30,,150308,47,,,1,70,,150311,47,,,1,30,,150324,47,,,1,70,,150318,47,,,1,30,,86107,47,,,1,70,,150316,47,,,1,30,,150325,47,,,1,70,,150307,47,,,1,30,,150300,47,,,1,70,,66626,47,,,1,27,,150306,47,,,1,70,,150312,47,,,1,30,,150328,47,,,1,70,,150322,47,,,1,29,,150329,47,,,1,70,,150320,47,,,1,30,,90029,47,,,1,70,,150302,47,,,1,29,,118332,47,,,1,70,,150299,47,,,1,30,,118356,47,,,1,70,,150314,47,,,1,30,,150323,47,,,1,70,,150315,47,,,1,21,,150301,5,,,1
4000,'5',443,,150377,5,,,1,105,,150360,47,,,1,58,,150332,5,,,1,16,,150352,47,,,1,15,,150336,5,,,1,15,,9803,47,,,1,56,,150363,5,,,1,16,,23475,47,,,1,17,,150345,5,,,1,18,,150349,47,,,1,54,,7174,5,,,1,16,,63731,47,,,1,13,,150347,5,,,1,15,,150333,47,,,1,55,,150338,5,,,1,15,,150376,47,,,1,15,,150354,5,,,1,15,,150341,47,,,1,71,,150366,47,,,1,14,,150362,5,,,1,17,,150331,47,,,1,54,,150374,5,,,1,15,,150358,47,,,1,15,,150359,5,,,1,16,,3441,47,,,1,55,,37473,5,,,1,15,,150379,47,,,1,14,,150343,5,,,1,14,,150340,47,,,1,55,,150364,5,,,1,14,,58805,47,,,1,15,,150342,5,,,1,16,,150382,47,,,1,55,,150356,5,,,1,16,,150381,47,,,1,15,,150378,5,,,1,15,,37451,47,,,1,55,,150346,5,,,1,19,,150350,47,,,1,13,,56305,47,,,1,57,,150365,47,,,1,15,,150339,47,,,1,15,,150351,47,,,1,15,,150371,47,,,1,55,,106000,47,,,1,15,,150370,47,,,1,29,,150375,47,,,1,55,,4759,47,,,1,15,,150334,47,,,1,13,,150335,47,,,1,29,,150337,47,,,1,69,,150373,47,,,1,32,,150368,47,,,1,70,,150344,47,,,1,30,,150361,47,,,1,67,,150367,47,,,1,30,,150372,47,,,1,69,,150380,47,,,1,30,,150348,47,,,1,69,,150353,47,,,1,30,,150357,47,,,1,68,,49750,47,,,1,30,,150355,47,,,1,70,,150369,47,,,1
4000,'6',443,,150424,5,,,1,105,,150406,47,,,1,58,,150385,5,,,1,16,,59368,47,,,1,15,,150387,5,,,1,15,,150390,47,,,1,56,,150408,5,,,1,16,,150414,47,,,1,17,,82704,5,,,1,18,,5598,47,,,1,54,,150396,5,,,1,16,,150393,47,,,1,13,,150397,5,,,1,15,,85066,47,,,1,55,,56015,5,,,1,15,,150423,47,,,1,15,,119623,5,,,1,15,,7633,47,,,1,71,,150412,47,,,1,14,,109932,5,,,1,17,,150384,47,,,1,54,,150420,5,,,1,15,,150405,47,,,1,15,,66840,5,,,1,16,,150422,47,,,1,55,,150403,5,,,1,15,,150426,47,,,1,14,,150394,5,,,1,14,,150391,47,,,1,55,,150409,5,,,1,14,,150411,47,,,1,15,,56024,5,,,1,16,,150429,47,,,1,55,,150402,5,,,1,16,,150427,47,,,1,15,,150425,5,,,1,15,,150392,47,,,1,55,,2977,5,,,1,19,,150399,47,,,1,13,,150428,47,,,1,57,,150410,47,,,1,15,,150388,47,,,1,15,,111835,47,,,1,15,,150418,47,,,1,55,,150389,47,,,1,15,,150417,47,,,1,29,,150421,47,,,1,55,,150383,47,,,1,15,,61074,47,,,1,13,,150386,47,,,1,29,,48165,47,,,1,69,,150419,47,,,1,32,,63446,47,,,1,70,,150395,47,,,1,30,,150407,47,,,1,67,,150413,47,,,1,30,,109049,47,,,1,69,,71122,47,,,1,30,,150398,47,,,1,69,,150400,47,,,1,30,,150404,47,,,1,68,,150415,47,,,1,30,,150401,47,,,1,70,,150416,47,,,1
4000,'7',518,,150434,5,,,1,85,,150454,47,,,1,32,,150456,47,,,1,70,,150461,47,,,1,25,,150452,47,,,1,75,,150460,47,,,1,30,,150440,47,,,1,70,,150437,47,,,1,30,,150438,47,,,1,70,,150444,47,,,1,32,,150439,47,,,1,70,,150445,47,,,1,30,,150432,47,,,1,70,,150463,47,,,1,32,,150448,47,,,1,70,,58757,47,,,1,30,,150443,47,,,1,70,,150446,47,,,1,30,,150458,47,,,1,70,,150453,47,,,1,30,,150431,47,,,1,70,,150451,47,,,1,30,,150459,47,,,1,70,,150441,47,,,1,30,,108175,47,,,1,70,,150464,47,,,1,27,,47378,47,,,1,70,,150447,47,,,1,30,,3326,47,,,1,70,,104300,47,,,1,29,,150462,47,,,1,70,,150455,47,,,1,30,,150436,47,,,1,70,,150435,47,,,1,29,,150450,47,,,1,70,,150430,47,,,1,30,,150442,47,,,1,70,,30360,47,,,1,30,,150457,47,,,1,70,,150449,47,,,1,21,,150433,5,,,1
4000,'8',443,,150506,5,,,1,105,,150488,47,,,1,58,,150467,5,,,1,16,,59321,47,,,1,15,,150469,5,,,1,15,,150472,47,,,1,56,,150490,5,,,1,16,,150496,47,,,1,17,,82666,5,,,1,18,,5538,47,,,1,54,,150478,5,,,1,16,,150475,47,,,1,13,,150479,5,,,1,15,,84999,47,,,1,55,,55967,5,,,1,15,,150505,47,,,1,15,,119618,5,,,1,15,,7597,47,,,1,71,,150494,47,,,1,14,,109901,5,,,1,17,,150466,47,,,1,54,,150502,5,,,1,15,,150487,47,,,1,15,,66831,5,,,1,16,,150504,47,,,1,55,,150485,5,,,1,15,,150508,47,,,1,14,,150476,5,,,1,14,,150473,47,,,1,55,,150491,5,,,1,14,,150493,47,,,1,15,,55976,5,,,1,16,,150511,47,,,1,55,,150484,5,,,1,16,,150509,47,,,1,15,,150507,5,,,1,15,,150474,47,,,1,55,,2903,5,,,1,19,,150481,47,,,1,13,,150510,47,,,1,57,,150492,47,,,1,15,,150470,47,,,1,15,,111800,47,,,1,15,,150500,47,,,1,55,,150471,47,,,1,15,,150499,47,,,1,29,,150503,47,,,1,55,,150465,47,,,1,15,,61041,47,,,1,13,,150468,47,,,1,29,,48102,47,,,1,69,,150501,47,,,1,32,,63392,47,,,1,70,,150477,47,,,1,30,,150489,47,,,1,67,,150495,47,,,1,30,,109026,47,,,1,69,,71076,47,,,1,30,,150480,47,,,1,69,,150482,47,,,1,30,,150486,47,,,1,68,,150497,47,,,1,30,,150483,47,,,1,70,,150498,47,,,1
4000,'9',650,,150521,47,,,1,92,,150534,47,,,1,70,,150525,47,,,1,30,,150517,47,,,1,70,,150512,47,,,1,30,,150535,47,,,1,70,,150519,47,,,1,32,,83785,47,,,1,70,,150518,47,,,1,30,,150522,47,,,1,70,,150514,47,,,1,32,,150526,47,,,1,70,,150532,47,,,1,30,,150533,47,,,1,70,,150540,47,,,1,30,,103906,47,,,1,70,,150515,47,,,1,30,,150513,47,,,1,70,,66398,47,,,1,30,,150523,47,,,1,70,,150536,47,,,1,30,,150527,47,,,1,70,,150538,47,,,1,27,,150537,47,,,1,70,,150528,47,,,1,30,,150529,47,,,1,70,,150531,47,,,1,29,,5469,47,,,1,70,,150520,47,,,1,30,,113023,47,,,1,70,,48077,47,,,1,29,,150530,47,,,1,70,,150524,47,,,1,30,,150516,47,,,1,14,,150539,5,,,1,70,,24696,5,,,1
4100,'1',504,,151311,39,,,1,30,,151295,39,,,1,70,,151301,39,,,1,15,,151312,39,,,1,17,,151303,39,,,1,15,,151298,39,,,1,56,,151284,39,,,1,15,,151291,39,,,1,30,,151330,39,,,1,55,,151318,39,,,1,16,,151305,39,,,1,15,,151300,39,,,1,15,,151297,39,,,1,68,,151313,39,,,1,15,,151319,39,,,1,14,,151286,39,,,1,55,,33796,39,,,1,15,,106444,39,,,1,15,,151310,39,,,1,15,,87192,39,,,1,55,,151308,39,,,1,15,,27018,39,,,1,16,,151293,39,,,1,15,,151288,39,,,1,55,,151317,39,,,1,15,,151299,39,,,1,15,,151290,39,,,1,15,,151307,39,,,1,56,,151287,39,,,1,15,,151294,39,,,1,15,,151292,39,,,1,15,,151315,39,,,1,55,,151306,39,,,1,15,,151296,39,,,1,15,,151321,39,,,1,15,,151325,39,,,1,60,,151281,39,,,1,14,,151282,39,,,1,16,,151326,39,,,1,15,,151322,39,,,1,70,,151279,39,,,1,16,,151280,39,,,1,14,,151329,39,,,1,56,,151283,39,,,1,15,,151314,39,,,1,12,,151324,39,,,1,15,,151323,39,,,1,56,,151309,39,,,1,15,,151302,39,,,1,15,,80419,39,,,1,68,,151316,39,,,1,28,,151289,39,,,1,67,,151320,39,,,1,30,,111035,39,,,1,70,,151328,39,,,1,29,,151304,39,,,1,72,,151327,39,,,1,29,,106542,39,,,1,70,,87177,39,,,1,29,,119265,39,,,1,70,,114714,39,,,1,45,,101214,39,,,1
4100,'10',504,,151341,39,,,1,30,,151353,39,,,1,70,,151339,39,,,1,32,,151359,39,,,1,71,,151344,39,,,1,30,,49032,39,,,1,68,,59142,39,,,1,33,,151336,39,,,1,68,,151356,39,,,1,30,,151358,39,,,1,69,,151349,39,,,1,30,,18845,39,,,1,70,,151342,39,,,1,31,,151333,39,,,1,70,,151338,39,,,1,30,,151331,39,,,1,71,,151340,39,,,1,30,,151346,39,,,1,70,,151347,39,,,1,30,,151343,39,,,1,75,,151357,39,,,1,30,,151334,39,,,1,71,,151332,39,,,1,29,,151352,39,,,1,71,,151351,39,,,1,27,,151354,39,,,1,71,,151361,39,,,1,30,,151348,39,,,1,68,,58335,39,,,1,28,,107089,39,,,1,67,,151345,39,,,1,30,,151350,39,,,1,70,,151355,39,,,1,29,,71720,39,,,1,72,,151360,39,,,1,29,,17851,39,,,1,70,,151335,39,,,1,29,,97425,39,,,1,70,,24571,39,,,1,45,,151337,39,,,1
4100,'11',724,,151362,39,,,1,100,,151369,39,,,1,100,,151367,39,,,1,30,,151381,39,,,1,71,,19829,39,,,1,31,,108383,39,,,1,70,,151377,39,,,1,30,,65360,39,,,1,70,,151365,39,,,1,31,,151371,39,,,1,70,,24499,39,,,1,30,,151363,39,,,1,70,,89327,39,,,1,30,,151376,39,,,1,70,,151364,39,,,1,30,,151374,39,,,1,70,,151370,39,,,1,30,,151368,39,,,1,70,,151379,39,,,1,30,,46755,39,,,1,70,,151375,39,,,1,28,,77145,39,,,1,70,,151382,39,,,1,30,,151373,39,,,1,70,,62021,39,,,1,29,,151366,39,,,1,70,,96171,39,,,1,100,,151380,39,,,1,99,,151372,39,,,1,100,,151378,39,,,1
4100,'12',504,,151406,39,,,1,30,,151386,39,,,1,70,,151393,39,,,1,15,,13976,39,,,1,17,,80391,39,,,1,15,,151413,39,,,1,56,,151425,39,,,1,15,,6079,39,,,1,15,,151409,39,,,1,13,,151408,39,,,1,55,,151423,39,,,1,16,,151418,39,,,1,17,,151388,39,,,1,15,,10904,39,,,1,53,,59628,39,,,1,16,,96980,39,,,1,14,,151394,39,,,1,14,,84323,39,,,1,55,,151417,39,,,1,15,,151384,39,,,1,15,,151403,39,,,1,15,,151421,39,,,1,55,,151424,39,,,1,15,,65931,39,,,1,16,,151383,39,,,1,15,,108784,39,,,1,55,,113914,39,,,1,15,,151405,39,,,1,15,,151396,39,,,1,15,,43757,39,,,1,56,,151415,39,,,1,15,,151427,39,,,1,15,,151414,39,,,1,15,,151426,39,,,1,55,,151416,39,,,1,15,,151402,39,,,1,15,,151410,39,,,1,15,,151392,39,,,1,60,,151391,39,,,1,15,,151390,39,,,1,15,,151432,39,,,1,15,,151387,39,,,1,55,,151404,39,,,1,15,,151398,39,,,1,13,,151419,39,,,1,16,,69367,39,,,1,57,,151389,39,,,1,17,,151430,39,,,1,10,,151399,39,,,1,15,,114074,39,,,1,56,,151429,39,,,1,15,,151395,39,,,1,15,,151411,39,,,1,68,,151401,39,,,1,28,,151412,39,,,1,67,,11834,39,,,1,30,,151431,39,,,1,70,,151420,39,,,1,29,,151428,39,,,1,72,,151422,39,,,1,29,,151400,39,,,1,70,,151407,39,,,1,29,,151385,39,,,1,70,,151397,39,,,1,45,,31270,39,,,1
4100,'13',724,,151433,39,,,1,100,,151437,39,,,1,100,,95129,39,,,1,30,,58186,39,,,1,71,,151450,39,,,1,31,,151435,39,,,1,70,,151447,39,,,1,30,,151453,39,,,1,70,,151436,39,,,1,31,,151439,39,,,1,70,,151446,39,,,1,30,,151434,39,,,1,70,,151452,39,,,1,30,,61930,39,,,1,70,,54099,39,,,1,30,,151443,39,,,1,70,,69580,39,,,1,30,,34474,39,,,1,70,,151449,39,,,1,30,,151444,39,,,1,70,,151445,39,,,1,28,,151440,39,,,1,70,,151451,39,,,1,30,,16708,39,,,1,70,,151438,39,,,1,29,,114770,39,,,1,70,,151442,39,,,1,100,,16722,39,,,1,99,,151441,39,,,1,100,,151448,39,,,1
4100,'14',504,,151477,39,,,1,30,,20593,39,,,1,70,,151463,39,,,1,15,,151494,39,,,1,17,,151487,39,,,1,15,,96435,39,,,1,56,,151496,39,,,1,15,,151497,39,,,1,15,,151480,39,,,1,13,,151479,39,,,1,55,,151493,39,,,1,16,,151488,39,,,1,17,,151458,39,,,1,15,,151502,39,,,1,53,,151473,39,,,1,16,,151475,39,,,1,14,,69965,39,,,1,14,,151476,39,,,1,55,,4162,39,,,1,15,,151455,39,,,1,15,,18944,39,,,1,15,,151491,39,,,1,55,,151495,39,,,1,15,,151483,39,,,1,16,,151454,39,,,1,15,,151464,39,,,1,55,,151500,39,,,1,15,,45071,39,,,1,15,,151465,39,,,1,15,,151492,39,,,1,56,,151485,39,,,1,15,,151499,39,,,1,15,,151484,39,,,1,15,,151498,39,,,1,55,,151486,39,,,1,15,,151472,39,,,1,15,,151481,39,,,1,15,,151462,39,,,1,60,,151461,39,,,1,15,,151460,39,,,1,15,,151506,39,,,1,15,,151457,39,,,1,55,,116002,39,,,1,15,,151467,39,,,1,13,,151489,39,,,1,16,,151474,39,,,1,57,,151459,39,,,1,17,,151504,39,,,1,10,,151470,39,,,1,15,,151469,39,,,1,56,,151503,39,,,1,15,,13378,39,,,1,15,,23789,39,,,1,68,,63282,39,,,1,28,,100754,39,,,1,67,,151468,39,,,1,30,,151505,39,,,1,70,,151490,39,,,1,29,,151501,39,,,1,72,,64096,39,,,1,29,,151471,39,,,1,70,,151478,39,,,1,29,,151456,39,,,1,70,,151466,39,,,1,45,,151482,39,,,1
4100,'15',504,,151530,39,,,1,30,,20807,39,,,1,70,,151516,39,,,1,15,,151547,39,,,1,17,,151540,39,,,1,15,,96816,39,,,1,56,,151549,39,,,1,15,,151550,39,,,1,15,,151533,39,,,1,13,,151532,39,,,1,55,,151546,39,,,1,16,,151541,39,,,1,17,,151511,39,,,1,15,,151555,39,,,1,53,,151526,39,,,1,16,,151528,39,,,1,14,,70360,39,,,1,14,,151529,39,,,1,55,,4597,39,,,1,15,,151508,39,,,1,15,,19264,39,,,1,15,,151544,39,,,1,55,,151548,39,,,1,15,,151536,39,,,1,16,,151507,39,,,1,15,,151517,39,,,1,55,,151553,39,,,1,15,,45243,39,,,1,15,,151518,39,,,1,15,,151545,39,,,1,56,,151538,39,,,1,15,,151552,39,,,1,15,,151537,39,,,1,15,,151551,39,,,1,55,,151539,39,,,1,15,,151525,39,,,1,15,,151534,39,,,1,15,,151515,39,,,1,60,,151514,39,,,1,15,,151513,39,,,1,15,,151559,39,,,1,15,,151510,39,,,1,55,,116037,39,,,1,15,,151520,39,,,1,13,,151542,39,,,1,16,,151527,39,,,1,57,,151512,39,,,1,17,,151557,39,,,1,10,,151523,39,,,1,15,,151522,39,,,1,56,,151556,39,,,1,15,,13726,39,,,1,15,,23986,39,,,1,68,,63599,39,,,1,28,,101037,39,,,1,67,,151521,39,,,1,30,,151558,39,,,1,70,,151543,39,,,1,29,,151554,39,,,1,72,,64305,39,,,1,29,,151524,39,,,1,70,,151531,39,,,1,29,,151509,39,,,1,70,,151519,39,,,1,45,,151535,39,,,1
4100,'16',504,,111582,39,,,1,30,,151562,39,,,1,70,,151566,39,,,1,15,,151604,39,,,1,17,,151596,39,,,1,15,,151593,39,,,1,56,,151606,39,,,1,15,,151607,39,,,1,15,,151588,39,,,1,13,,151587,39,,,1,55,,151603,39,,,1,16,,151597,39,,,1,17,,151563,39,,,1,15,,151611,39,,,1,53,,151579,39,,,1,16,,151584,39,,,1,14,,151567,39,,,1,14,,151585,39,,,1,55,,151595,39,,,1,15,,151560,39,,,1,15,,151580,39,,,1,15,,151600,39,,,1,55,,151605,39,,,1,15,,151590,39,,,1,16,,29955,39,,,1,15,,151569,39,,,1,55,,151609,39,,,1,15,,151583,39,,,1,15,,151570,39,,,1,15,,151602,39,,,1,56,,151594,39,,,1,15,,151608,39,,,1,15,,96124,39,,,1,15,,77103,39,,,1,55,,110239,39,,,1,15,,151578,39,,,1,15,,17656,39,,,1,15,,151565,39,,,1,60,,74288,39,,,1,15,,29958,39,,,1,15,,20440,39,,,1,15,,2377,39,,,1,55,,151581,39,,,1,15,,151572,39,,,1,13,,151598,39,,,1,16,,151582,39,,,1,57,,151564,39,,,1,17,,151613,39,,,1,10,,151575,39,,,1,15,,151574,39,,,1,56,,151612,39,,,1,15,,151568,39,,,1,15,,151591,39,,,1,68,,151577,39,,,1,28,,151592,39,,,1,67,,151573,39,,,1,30,,151614,39,,,1,70,,151599,39,,,1,29,,151610,39,,,1,72,,151601,39,,,1,29,,151576,39,,,1,70,,151586,39,,,1,29,,151561,39,,,1,70,,151571,39,,,1,45,,151589,39,,,1
4100,'17',504,,151647,39,,,1,30,,151631,39,,,1,70,,151637,39,,,1,15,,151648,39,,,1,17,,151639,39,,,1,15,,151634,39,,,1,56,,151620,39,,,1,15,,151627,39,,,1,30,,151666,39,,,1,55,,151654,39,,,1,16,,151641,39,,,1,15,,151636,39,,,1,15,,151633,39,,,1,68,,151649,39,,,1,15,,151655,39,,,1,14,,151622,39,,,1,55,,33970,39,,,1,15,,106464,39,,,1,15,,151646,39,,,1,15,,87424,39,,,1,55,,151644,39,,,1,15,,27294,39,,,1,16,,151629,39,,,1,15,,151624,39,,,1,55,,151653,39,,,1,15,,151635,39,,,1,15,,151626,39,,,1,15,,151643,39,,,1,56,,151623,39,,,1,15,,151630,39,,,1,15,,151628,39,,,1,15,,151651,39,,,1,55,,151642,39,,,1,15,,151632,39,,,1,15,,151657,39,,,1,15,,151661,39,,,1,60,,151617,39,,,1,14,,151618,39,,,1,16,,151662,39,,,1,15,,151658,39,,,1,70,,151615,39,,,1,16,,151616,39,,,1,14,,151665,39,,,1,56,,151619,39,,,1,15,,151650,39,,,1,12,,151660,39,,,1,15,,151659,39,,,1,56,,151645,39,,,1,15,,151638,39,,,1,15,,80589,39,,,1,68,,151652,39,,,1,28,,151625,39,,,1,67,,151656,39,,,1,30,,111151,39,,,1,70,,151664,39,,,1,29,,151640,39,,,1,72,,151663,39,,,1,29,,106654,39,,,1,70,,87409,39,,,1,29,,119274,39,,,1,70,,114883,39,,,1,45,,101336,39,,,1
4100,'2',504,,151699,39,,,1,30,,151683,39,,,1,70,,151689,39,,,1,15,,151700,39,,,1,17,,151691,39,,,1,15,,151686,39,,,1,56,,151672,39,,,1,15,,151679,39,,,1,30,,151718,39,,,1,55,,151706,39,,,1,16,,151693,39,,,1,15,,151688,39,,,1,15,,151685,39,,,1,68,,151701,39,,,1,15,,151707,39,,,1,14,,151674,39,,,1,55,,33833,39,,,1,15,,106449,39,,,1,15,,151698,39,,,1,15,,87244,39,,,1,55,,151696,39,,,1,15,,27078,39,,,1,16,,151681,39,,,1,15,,151676,39,,,1,55,,151705,39,,,1,15,,151687,39,,,1,15,,151678,39,,,1,15,,151695,39,,,1,56,,151675,39,,,1,15,,151682,39,,,1,15,,151680,39,,,1,15,,151703,39,,,1,55,,151694,39,,,1,15,,151684,39,,,1,15,,151709,39,,,1,15,,151713,39,,,1,60,,151669,39,,,1,14,,151670,39,,,1,16,,151714,39,,,1,15,,151710,39,,,1,70,,151667,39,,,1,16,,151668,39,,,1,14,,151717,39,,,1,56,,151671,39,,,1,15,,151702,39,,,1,12,,151712,39,,,1,15,,151711,39,,,1,56,,151697,39,,,1,15,,151690,39,,,1,15,,80454,39,,,1,68,,151704,39,,,1,28,,151677,39,,,1,67,,151708,39,,,1,30,,111060,39,,,1,70,,151716,39,,,1,29,,151692,39,,,1,72,,151715,39,,,1,29,,106566,39,,,1,70,,87229,39,,,1,29,,119268,39,,,1,70,,114753,39,,,1,45,,101242,39,,,1
4100,'3',504,,151742,39,,,1,30,,20733,39,,,1,70,,151728,39,,,1,15,,151759,39,,,1,17,,151752,39,,,1,15,,96676,39,,,1,56,,151761,39,,,1,15,,151762,39,,,1,15,,151745,39,,,1,13,,151744,39,,,1,55,,151758,39,,,1,16,,151753,39,,,1,17,,151723,39,,,1,15,,151767,39,,,1,53,,151738,39,,,1,16,,151740,39,,,1,14,,70218,39,,,1,14,,151741,39,,,1,55,,4444,39,,,1,15,,151720,39,,,1,15,,19147,39,,,1,15,,151756,39,,,1,55,,151760,39,,,1,15,,151748,39,,,1,16,,151719,39,,,1,15,,151729,39,,,1,55,,151765,39,,,1,15,,45182,39,,,1,15,,151730,39,,,1,15,,151757,39,,,1,56,,151750,39,,,1,15,,151764,39,,,1,15,,151749,39,,,1,15,,151763,39,,,1,55,,151751,39,,,1,15,,151737,39,,,1,15,,151746,39,,,1,15,,151727,39,,,1,60,,151726,39,,,1,15,,151725,39,,,1,15,,151771,39,,,1,15,,151722,39,,,1,55,,116023,39,,,1,15,,151732,39,,,1,13,,151754,39,,,1,16,,151739,39,,,1,57,,151724,39,,,1,17,,151769,39,,,1,10,,151735,39,,,1,15,,151734,39,,,1,56,,151768,39,,,1,15,,13600,39,,,1,15,,23918,39,,,1,68,,63489,39,,,1,28,,100943,39,,,1,67,,151733,39,,,1,30,,151770,39,,,1,70,,151755,39,,,1,29,,151766,39,,,1,72,,64234,39,,,1,29,,151736,39,,,1,70,,151743,39,,,1,29,,151721,39,,,1,70,,151731,39,,,1,45,,151747,39,,,1
4100,'4',620,,151773,39,,,1,30,,151796,39,,,1,70,,151772,39,,,1,30,,109984,39,,,1,70,,86960,39,,,1,30,,151788,39,,,1,70,,151793,39,,,1,30,,151798,39,,,1,70,,91548,39,,,1,32,,151797,39,,,1,70,,23936,39,,,1,30,,151790,39,,,1,70,,151780,39,,,1,30,,151777,39,,,1,70,,151800,39,,,1,30,,151785,39,,,1,70,,151794,39,,,1,30,,91521,39,,,1,70,,151799,39,,,1,30,,151786,39,,,1,70,,88642,39,,,1,30,,151787,39,,,1,70,,151795,39,,,1,30,,22087,39,,,1,70,,151789,39,,,1,29,,151778,39,,,1,70,,117591,39,,,1,30,,13661,39,,,1,70,,151779,39,,,1,30,,151774,39,,,1,70,,151775,39,,,1,30,,151782,39,,,1,69,,151783,39,,,1,29,,151791,39,,,1,70,,77935,39,,,1,30,,151792,39,,,1,70,,151776,39,,,1,30,,151781,39,,,1,74,,151784,39,,,1
4100,'5',504,,151834,39,,,1,30,,151818,39,,,1,70,,92766,39,,,1,15,,151835,39,,,1,17,,106513,39,,,1,15,,151821,39,,,1,56,,151807,39,,,1,15,,151814,39,,,1,30,,151856,39,,,1,55,,151842,39,,,1,16,,151827,39,,,1,15,,151825,39,,,1,15,,151820,39,,,1,68,,151836,39,,,1,15,,151843,39,,,1,14,,151809,39,,,1,55,,151850,39,,,1,15,,151826,39,,,1,15,,151833,39,,,1,15,,151828,39,,,1,55,,151831,39,,,1,15,,151845,39,,,1,16,,151816,39,,,1,15,,9805,39,,,1,55,,151840,39,,,1,15,,151822,39,,,1,15,,151812,39,,,1,15,,151830,39,,,1,56,,151810,39,,,1,15,,151817,39,,,1,15,,151815,39,,,1,15,,151838,39,,,1,55,,151829,39,,,1,15,,151819,39,,,1,15,,151846,39,,,1,15,,151851,39,,,1,60,,151803,39,,,1,14,,151804,39,,,1,16,,151852,39,,,1,15,,151847,39,,,1,70,,59597,39,,,1,16,,151802,39,,,1,14,,151855,39,,,1,56,,151806,39,,,1,15,,151837,39,,,1,12,,151849,39,,,1,15,,151848,39,,,1,56,,151832,39,,,1,15,,23466,39,,,1,15,,151824,39,,,1,68,,151839,39,,,1,28,,151811,39,,,1,67,,151844,39,,,1,30,,151823,39,,,1,70,,39055,39,,,1,29,,17384,39,,,1,72,,151853,39,,,1,29,,151801,39,,,1,70,,151805,39,,,1,29,,151813,39,,,1,70,,151841,39,,,1,45,,151854,39,,,1
4100,'6',504,,151889,39,,,1,30,,151873,39,,,1,70,,151879,39,,,1,15,,151890,39,,,1,17,,151881,39,,,1,15,,151876,39,,,1,56,,151862,39,,,1,15,,151869,39,,,1,30,,151908,39,,,1,55,,151896,39,,,1,16,,151883,39,,,1,15,,151878,39,,,1,15,,151875,39,,,1,68,,151891,39,,,1,15,,151897,39,,,1,14,,151864,39,,,1,55,,34167,39,,,1,15,,106487,39,,,1,15,,151888,39,,,1,15,,87704,39,,,1,55,,151886,39,,,1,15,,27625,39,,,1,16,,151871,39,,,1,15,,151866,39,,,1,55,,151895,39,,,1,15,,151877,39,,,1,15,,151868,39,,,1,15,,151885,39,,,1,56,,151865,39,,,1,15,,151872,39,,,1,15,,151870,39,,,1,15,,151893,39,,,1,55,,151884,39,,,1,15,,151874,39,,,1,15,,151899,39,,,1,15,,151903,39,,,1,60,,151859,39,,,1,14,,151860,39,,,1,16,,151904,39,,,1,15,,151900,39,,,1,70,,151857,39,,,1,16,,151858,39,,,1,14,,151907,39,,,1,56,,151861,39,,,1,15,,151892,39,,,1,12,,151902,39,,,1,15,,151901,39,,,1,56,,151887,39,,,1,15,,151880,39,,,1,15,,80794,39,,,1,68,,151894,39,,,1,28,,151867,39,,,1,67,,151898,39,,,1,30,,111281,39,,,1,70,,151906,39,,,1,29,,151882,39,,,1,72,,151905,39,,,1,29,,106780,39,,,1,70,,87689,39,,,1,29,,119280,39,,,1,70,,115092,39,,,1,45,,101494,39,,,1
4100,'7',620,,151911,39,,,1,30,,41522,39,,,1,70,,151910,39,,,1,30,,151916,39,,,1,70,,151923,39,,,1,30,,151929,39,,,1,70,,151934,39,,,1,30,,33071,39,,,1,70,,151937,39,,,1,32,,151938,39,,,1,70,,151909,39,,,1,30,,151931,39,,,1,70,,151920,39,,,1,30,,52730,39,,,1,70,,151940,39,,,1,30,,151925,39,,,1,70,,151935,39,,,1,30,,151926,39,,,1,70,,151939,39,,,1,30,,151927,39,,,1,70,,151918,39,,,1,30,,151928,39,,,1,70,,151936,39,,,1,30,,151924,39,,,1,70,,151930,39,,,1,29,,151917,39,,,1,70,,151933,39,,,1,30,,151913,39,,,1,70,,151919,39,,,1,30,,151912,39,,,1,70,,113230,39,,,1,30,,151922,39,,,1,69,,43624,39,,,1,29,,38889,39,,,1,70,,151914,39,,,1,30,,151932,39,,,1,70,,151915,39,,,1,30,,151921,39,,,1,74,,104919,39,,,1
4100,'8',504,,151973,39,,,1,30,,151957,39,,,1,70,,151963,39,,,1,15,,151974,39,,,1,17,,151965,39,,,1,15,,151960,39,,,1,56,,151946,39,,,1,15,,151953,39,,,1,30,,151992,39,,,1,55,,151980,39,,,1,16,,151967,39,,,1,15,,151962,39,,,1,15,,151959,39,,,1,68,,151975,39,,,1,15,,151981,39,,,1,14,,151948,39,,,1,55,,34130,39,,,1,15,,106482,39,,,1,15,,151972,39,,,1,15,,87652,39,,,1,55,,151970,39,,,1,15,,27565,39,,,1,16,,151955,39,,,1,15,,151950,39,,,1,55,,151979,39,,,1,15,,151961,39,,,1,15,,151952,39,,,1,15,,151969,39,,,1,56,,151949,39,,,1,15,,151956,39,,,1,15,,151954,39,,,1,15,,151977,39,,,1,55,,151968,39,,,1,15,,151958,39,,,1,15,,151983,39,,,1,15,,151987,39,,,1,60,,151943,39,,,1,14,,151944,39,,,1,16,,151988,39,,,1,15,,151984,39,,,1,70,,151941,39,,,1,16,,151942,39,,,1,14,,151991,39,,,1,56,,151945,39,,,1,15,,151976,39,,,1,12,,151986,39,,,1,15,,151985,39,,,1,56,,151971,39,,,1,15,,151964,39,,,1,15,,80759,39,,,1,68,,151978,39,,,1,28,,151951,39,,,1,67,,151982,39,,,1,30,,111256,39,,,1,70,,151990,39,,,1,29,,151966,39,,,1,72,,151989,39,,,1,29,,106756,39,,,1,70,,87637,39,,,1,29,,119277,39,,,1,70,,115053,39,,,1,45,,101466,39,,,1
4100,'9',724,,151993,39,,,1,100,,53725,39,,,1,100,,151999,39,,,1,30,,152014,39,,,1,71,,152015,39,,,1,31,,151996,39,,,1,70,,43279,39,,,1,30,,152018,39,,,1,70,,151997,39,,,1,31,,152003,39,,,1,70,,152011,39,,,1,30,,151994,39,,,1,70,,152017,39,,,1,30,,152010,39,,,1,70,,151995,39,,,1,30,,152007,39,,,1,70,,152002,39,,,1,30,,152000,39,,,1,70,,103910,39,,,1,30,,152008,39,,,1,70,,152009,39,,,1,28,,152004,39,,,1,70,,152016,39,,,1,30,,152005,39,,,1,70,,152001,39,,,1,29,,151998,39,,,1,70,,152006,39,,,1,100,,152013,39,,,1,99,,65562,39,,,1,100,,152012,39,,,1
