6101,'1',632,,724125,,,1,95,,724135,,,1,100,,724132,,,1,103,,724116,,,1,71,,724141,,,1,30,,724111,,,1,70,,724107,,,1,30,,724134,,,1,70,,724108,,,1,30,,724113,,,1,70,,724133,,,1,30,,724142,,,1,70,,724115,,,1,30,,724112,,,1,70,,593616,,,1,30,,724120,,,1,70,,724128,,,1,30,,724124,,,1,70,,724105,,,1,30,,724114,,,1,70,,724119,,,1,30,,724122,,,1,69,,724140,,,1,30,,724109,,,1,70,,724139,,,1,58,,622781,,,1,100,,724137,,,1,70,,724130,,,1,99,,724136,,,1
6101,'10',631,,724179,,,1,70,,724147,,,1,24,,672559,,,1,27,,724183,,,1,68,,724152,,,1,32,,645288,,,1,70,,648337,,,1,30,,571379,,,1,70,,724154,,,1,30,,724157,,,1,70,,724180,,,1,28,,724177,,,1,70,,724145,,,1,30,,724159,,,1,70,,724169,,,1,30,,724172,,,1,73,,466109,,,1,30,,724181,,,1,75,,724170,,,1,30,,724150,,,1,67,,724162,,,1,98,,724173,,,1,32,,578951,,,1,70,,724151,,,1,13,,724171,,,1,15,,588431,,,1,55,,724174,,,1,42,,724146,,,1,70,,724165,,,1,28,,669539,,,1,70,,724149,,,1,30,,724163,,,1,70,,724156,,,1,28,,724175,,,1,66,,454667,,,1,30,,724164,,,1,70,,724153,,,1
6101,'11',631,,724221,,,1,70,,724189,,,1,24,,672564,,,1,27,,724225,,,1,68,,724194,,,1,32,,645578,,,1,70,,648697,,,1,30,,571485,,,1,70,,724196,,,1,30,,724199,,,1,70,,724222,,,1,28,,724219,,,1,70,,724187,,,1,30,,724201,,,1,70,,724211,,,1,30,,724214,,,1,73,,466272,,,1,30,,724223,,,1,75,,724212,,,1,30,,724192,,,1,67,,724204,,,1,98,,724215,,,1,32,,579225,,,1,70,,724193,,,1,13,,724213,,,1,15,,588613,,,1,55,,724216,,,1,42,,724188,,,1,70,,724207,,,1,28,,669557,,,1,70,,724191,,,1,30,,724205,,,1,70,,724198,,,1,28,,724217,,,1,66,,454897,,,1,30,,724206,,,1,70,,724195,,,1
6101,'12',631,,724263,,,1,70,,724231,,,1,24,,672566,,,1,27,,724267,,,1,68,,724236,,,1,32,,645706,,,1,70,,648845,,,1,30,,571520,,,1,70,,724238,,,1,30,,724241,,,1,70,,724264,,,1,28,,724261,,,1,70,,724229,,,1,30,,724243,,,1,70,,724253,,,1,30,,724256,,,1,73,,466153,,,1,30,,724265,,,1,75,,724254,,,1,30,,724234,,,1,67,,724246,,,1,98,,724257,,,1,32,,579350,,,1,70,,724235,,,1,13,,724255,,,1,15,,588699,,,1,55,,724258,,,1,42,,724230,,,1,70,,724249,,,1,28,,669562,,,1,70,,724233,,,1,30,,724247,,,1,70,,724240,,,1,28,,724259,,,1,66,,454721,,,1,30,,724248,,,1,70,,724237,,,1
6101,'13',631,,607836,,,1,70,,616105,,,1,24,,724274,,,1,25,,661524,,,1,70,,724286,,,1,34,,724292,,,1,68,,724305,,,1,30,,724304,,,1,70,,724312,,,1,30,,724297,,,1,70,,724290,,,1,28,,724301,,,1,70,,724307,,,1,30,,634640,,,1,70,,644270,,,1,30,,724303,,,1,73,,724281,,,1,28,,520965,,,1,76,,724278,,,1,31,,724313,,,1,67,,724279,,,1,26,,724309,,,1,70,,724288,,,1,34,,724314,,,1,72,,724311,,,1,12,,724300,,,1,14,,724273,,,1,55,,724287,,,1,15,,724302,,,1,27,,724294,,,1,70,,724270,,,1,28,,724298,,,1,70,,724276,,,1,30,,724277,,,1,70,,724284,,,1,28,,623815,,,1,66,,724271,,,1,30,,724285,,,1,70,,724291,,,1
6101,'14',649,,724315,,,1,65,,724321,,,1,31,,724341,,,1,70,,724322,,,1,29,,724323,,,1,72,,724328,,,1,30,,724332,,,1,70,,724345,,,1,29,,592087,,,1,71,,724343,,,1,30,,724317,,,1,70,,560109,,,1,30,,724339,,,1,70,,724319,,,1,30,,724342,,,1,70,,724329,,,1,30,,664765,,,1,70,,724337,,,1,30,,724333,,,1,70,,724326,,,1,30,,724325,,,1,70,,724318,,,1,30,,724347,,,1,70,,552253,,,1,99,,452766,,,1,100,,578421,,,1,30,,626039,,,1,68,,724334,,,1,30,,625266,,,1,70,,545338,,,1,30,,724320,,,1,69,,724335,,,1,30,,724324,,,1,70,,724336,,,1
6101,'15',631,,724384,,,1,70,,724352,,,1,24,,672561,,,1,27,,724388,,,1,68,,724357,,,1,32,,645384,,,1,70,,648455,,,1,30,,571413,,,1,70,,724359,,,1,30,,724362,,,1,70,,724385,,,1,28,,724382,,,1,70,,724350,,,1,30,,724364,,,1,70,,724374,,,1,30,,724377,,,1,73,,465941,,,1,30,,724386,,,1,75,,724375,,,1,30,,724355,,,1,67,,724367,,,1,98,,724378,,,1,32,,579041,,,1,70,,724356,,,1,13,,724376,,,1,15,,588491,,,1,55,,724379,,,1,42,,724351,,,1,70,,724370,,,1,28,,669545,,,1,70,,724354,,,1,30,,724368,,,1,70,,724361,,,1,28,,724380,,,1,66,,454416,,,1,30,,724369,,,1,70,,724358,,,1
6101,'16',631,,724426,,,1,70,,724394,,,1,24,,672568,,,1,27,,724430,,,1,68,,724399,,,1,32,,646130,,,1,70,,649276,,,1,30,,571640,,,1,70,,724401,,,1,30,,724404,,,1,70,,724427,,,1,28,,724424,,,1,70,,724392,,,1,30,,724406,,,1,70,,724416,,,1,30,,724419,,,1,73,,465897,,,1,30,,724428,,,1,75,,724417,,,1,30,,724397,,,1,67,,724409,,,1,98,,724420,,,1,32,,579756,,,1,70,,724398,,,1,13,,724418,,,1,15,,588963,,,1,55,,724421,,,1,42,,724393,,,1,70,,724412,,,1,28,,669584,,,1,70,,724396,,,1,30,,724410,,,1,70,,724403,,,1,28,,724422,,,1,66,,454359,,,1,30,,724411,,,1,70,,724400,,,1
6101,'17',631,,724444,,,1,70,,724465,,,1,24,,724438,,,1,25,,724468,,,1,70,,724446,,,1,34,,724453,,,1,68,,724463,,,1,30,,724462,,,1,70,,724470,,,1,30,,724458,,,1,70,,585780,,,1,28,,724460,,,1,70,,396282,,,1,30,,724452,,,1,70,,724469,,,1,30,,589586,,,1,73,,724442,,,1,28,,724433,,,1,76,,724440,,,1,31,,497770,,,1,67,,576899,,,1,26,,638611,,,1,70,,724448,,,1,34,,724471,,,1,72,,724467,,,1,12,,724459,,,1,14,,724435,,,1,55,,724447,,,1,15,,661479,,,1,27,,724455,,,1,70,,503951,,,1,28,,564683,,,1,70,,364709,,,1,30,,637769,,,1,70,,724443,,,1,28,,724461,,,1,66,,724434,,,1,30,,724445,,,1,70,,724451,,,1
6101,'18',631,,724500,,,1,70,,724485,,,1,24,,724494,,,1,25,,724514,,,1,70,,724504,,,1,32,,724491,,,1,70,,724511,,,1,30,,724473,,,1,70,,724478,,,1,30,,724518,,,1,70,,540067,,,1,28,,724476,,,1,70,,724484,,,1,30,,724517,,,1,70,,724495,,,1,30,,724488,,,1,73,,626718,,,1,28,,724489,,,1,77,,724472,,,1,30,,724516,,,1,63,,724486,,,1,34,,724496,,,1,68,,724505,,,1,30,,724507,,,1,71,,724506,,,1,14,,724503,,,1,14,,724492,,,1,54,,724490,,,1,15,,581270,,,1,29,,724510,,,1,70,,571787,,,1,28,,724487,,,1,70,,724502,,,1,30,,724482,,,1,70,,724512,,,1,28,,724499,,,1,66,,623171,,,1,30,,724509,,,1,70,,724474,,,1
6101,'19',631,,608145,,,1,70,,616349,,,1,24,,724524,,,1,25,,661665,,,1,70,,724536,,,1,34,,724542,,,1,68,,724555,,,1,30,,724554,,,1,70,,724562,,,1,30,,724547,,,1,70,,724540,,,1,28,,724551,,,1,70,,724557,,,1,30,,634878,,,1,70,,644642,,,1,30,,724553,,,1,73,,724531,,,1,28,,629679,,,1,76,,724528,,,1,31,,724563,,,1,67,,724529,,,1,26,,724559,,,1,70,,724538,,,1,34,,724564,,,1,72,,724561,,,1,12,,724550,,,1,14,,724523,,,1,55,,724537,,,1,15,,724552,,,1,27,,724544,,,1,70,,724520,,,1,28,,724548,,,1,70,,724526,,,1,30,,724527,,,1,70,,724534,,,1,28,,624078,,,1,66,,724521,,,1,30,,724535,,,1,70,,724541,,,1
6101,'2',632,,724585,,,1,95,,724595,,,1,100,,724592,,,1,103,,724576,,,1,71,,724601,,,1,30,,724571,,,1,70,,724567,,,1,30,,724594,,,1,70,,724568,,,1,30,,724573,,,1,70,,724593,,,1,30,,724602,,,1,70,,724575,,,1,30,,724572,,,1,70,,593194,,,1,30,,724580,,,1,70,,724588,,,1,30,,724584,,,1,70,,724565,,,1,30,,724574,,,1,70,,724579,,,1,30,,724582,,,1,69,,724600,,,1,30,,724569,,,1,70,,724599,,,1,58,,622277,,,1,100,,724597,,,1,70,,724590,,,1,99,,724596,,,1
6101,'3',631,,724639,,,1,70,,724607,,,1,24,,672562,,,1,27,,724643,,,1,68,,724612,,,1,32,,645432,,,1,70,,648514,,,1,30,,571430,,,1,70,,724614,,,1,30,,724617,,,1,70,,724640,,,1,28,,724637,,,1,70,,724605,,,1,30,,724619,,,1,70,,724629,,,1,30,,724632,,,1,73,,465853,,,1,30,,724641,,,1,75,,724630,,,1,30,,724610,,,1,67,,724622,,,1,98,,724633,,,1,32,,579086,,,1,70,,724611,,,1,13,,724631,,,1,15,,588521,,,1,55,,724634,,,1,42,,724606,,,1,70,,724625,,,1,28,,669548,,,1,70,,724609,,,1,30,,724623,,,1,70,,724616,,,1,28,,724635,,,1,66,,454302,,,1,30,,724624,,,1,70,,724613,,,1
6101,'4',631,,724681,,,1,70,,724649,,,1,24,,672560,,,1,27,,724685,,,1,68,,724654,,,1,32,,645336,,,1,70,,648396,,,1,30,,571396,,,1,70,,724656,,,1,30,,724659,,,1,70,,724682,,,1,28,,724679,,,1,70,,724647,,,1,30,,724661,,,1,70,,724671,,,1,30,,724674,,,1,73,,465523,,,1,30,,724683,,,1,75,,724672,,,1,30,,724652,,,1,67,,724664,,,1,98,,724675,,,1,32,,578996,,,1,70,,724653,,,1,13,,724673,,,1,15,,588461,,,1,55,,724676,,,1,42,,724648,,,1,70,,724667,,,1,28,,669542,,,1,70,,724651,,,1,30,,724665,,,1,70,,724658,,,1,28,,724677,,,1,66,,453833,,,1,30,,724666,,,1,70,,724655,,,1
6101,'5',631,,724706,,,1,70,,724728,,,1,24,,724695,,,1,25,,724733,,,1,70,,621682,,,1,34,,724713,,,1,68,,631674,,,1,30,,724725,,,1,70,,724735,,,1,30,,724719,,,1,70,,724711,,,1,28,,660551,,,1,70,,724727,,,1,30,,724712,,,1,70,,724734,,,1,30,,724723,,,1,73,,724702,,,1,28,,724689,,,1,76,,724699,,,1,31,,724736,,,1,67,,724700,,,1,26,,724730,,,1,70,,724708,,,1,34,,562738,,,1,72,,724732,,,1,12,,656740,,,1,14,,724692,,,1,55,,724707,,,1,15,,724722,,,1,27,,724715,,,1,70,,724688,,,1,28,,724720,,,1,70,,724697,,,1,30,,724698,,,1,70,,724705,,,1,28,,724724,,,1,66,,724690,,,1,30,,580274,,,1,70,,597452,,,1
6101,'6',631,,724772,,,1,70,,724740,,,1,24,,672563,,,1,27,,724776,,,1,68,,724745,,,1,32,,645530,,,1,70,,648638,,,1,30,,571468,,,1,70,,724747,,,1,30,,724750,,,1,70,,724773,,,1,28,,724770,,,1,70,,724738,,,1,30,,724752,,,1,70,,724762,,,1,30,,724765,,,1,73,,465809,,,1,30,,724774,,,1,75,,724763,,,1,30,,724743,,,1,67,,724755,,,1,98,,724766,,,1,32,,579180,,,1,70,,724744,,,1,13,,724764,,,1,15,,588583,,,1,55,,724767,,,1,42,,724739,,,1,70,,724758,,,1,28,,669554,,,1,70,,724742,,,1,30,,724756,,,1,70,,724749,,,1,28,,724768,,,1,66,,454245,,,1,30,,724757,,,1,70,,724746,,,1
6101,'7',631,,724794,,,1,70,,724819,,,1,24,,724786,,,1,25,,724824,,,1,70,,724796,,,1,34,,724803,,,1,68,,724817,,,1,30,,724816,,,1,70,,724826,,,1,30,,660563,,,1,70,,724800,,,1,28,,724812,,,1,70,,724818,,,1,30,,724802,,,1,70,,724825,,,1,30,,724814,,,1,73,,724790,,,1,28,,724780,,,1,76,,642744,,,1,31,,724827,,,1,67,,724789,,,1,26,,724821,,,1,70,,652723,,,1,34,,724828,,,1,72,,724823,,,1,12,,724811,,,1,14,,724783,,,1,55,,724797,,,1,15,,724813,,,1,27,,724805,,,1,70,,724779,,,1,28,,724809,,,1,70,,724787,,,1,30,,724788,,,1,70,,724793,,,1,28,,724815,,,1,66,,724781,,,1,30,,724795,,,1,70,,724801,,,1
6101,'8',649,,724830,,,1,65,,582885,,,1,31,,724859,,,1,70,,653333,,,1,29,,724837,,,1,72,,724842,,,1,30,,724849,,,1,70,,639277,,,1,29,,724860,,,1,71,,724862,,,1,30,,724832,,,1,70,,724847,,,1,30,,724857,,,1,70,,724835,,,1,30,,724861,,,1,70,,724843,,,1,30,,724848,,,1,70,,724854,,,1,30,,724850,,,1,70,,724840,,,1,30,,724839,,,1,70,,724834,,,1,30,,724864,,,1,70,,724863,,,1,99,,724845,,,1,100,,724829,,,1,30,,724841,,,1,68,,724851,,,1,30,,724856,,,1,70,,724833,,,1,30,,724836,,,1,69,,724852,,,1,30,,632431,,,1,70,,724853,,,1
6101,'9',632,,724881,,,1,95,,724891,,,1,100,,724888,,,1,103,,666134,,,1,71,,724897,,,1,30,,724868,,,1,70,,724866,,,1,30,,724890,,,1,70,,616621,,,1,30,,724870,,,1,70,,724889,,,1,30,,724898,,,1,70,,724872,,,1,30,,724869,,,1,70,,724899,,,1,30,,724875,,,1,70,,724884,,,1,30,,724880,,,1,70,,619790,,,1,30,,724871,,,1,70,,724874,,,1,30,,724878,,,1,69,,724896,,,1,30,,724867,,,1,70,,724895,,,1,58,,724876,,,1,100,,604111,,,1,70,,724886,,,1,99,,724892,,,1
16300,'1',732,,761855,,,1,70,,761854,,,1,100,,761851,,,1,30,,761853,,,1,70,,761845,,,1,30,,761846,,,1,70,,761860,,,1,30,,761859,,,1,70,,761844,,,1,30,,761848,,,1,70,,761858,,,1,30,,761843,,,1,70,,589536,,,1,30,,761850,,,1,70,,761856,,,1,30,,761847,,,1,70,,761849,,,1,30,,556307,,,1,70,,761861,,,1,30,,761857,,,1,100,,578725,,,1,100,,761852,,,1
16300,'10',611,,623015,,,1,35,,619418,,,1,70,,761864,,,1,30,,761878,,,1,72,,642875,,,1,28,,761873,,,1,67,,761865,,,1,25,,761871,,,1,70,,761862,,,1,30,,761877,,,1,70,,761881,,,1,30,,761882,,,1,70,,761870,,,1,30,,761875,,,1,70,,761876,,,1,30,,761880,,,1,70,,639578,,,1,29,,761869,,,1,84,,521089,,,1,30,,761883,,,1,70,,761879,,,1,99,,761872,,,1,30,,761868,,,1,70,,629194,,,1,21,,761867,,,1,70,,761866,,,1,30,,761863,,,1,70,,555276,,,1,25,,577896,,,1,100,,761874,,,1,100,,636764,,,1
16300,'11',611,,623233,,,1,35,,619555,,,1,70,,761886,,,1,30,,761900,,,1,72,,643302,,,1,28,,761895,,,1,67,,761887,,,1,25,,761893,,,1,70,,761884,,,1,30,,761899,,,1,70,,761903,,,1,30,,761904,,,1,70,,761892,,,1,30,,761897,,,1,70,,761898,,,1,30,,761902,,,1,70,,639808,,,1,29,,761891,,,1,84,,521283,,,1,30,,761905,,,1,70,,761901,,,1,99,,761894,,,1,30,,761890,,,1,70,,629607,,,1,21,,761889,,,1,70,,761888,,,1,30,,761885,,,1,70,,555638,,,1,25,,578195,,,1,100,,761896,,,1,100,,637091,,,1
16300,'12',611,,623333,,,1,35,,619622,,,1,70,,761908,,,1,30,,761922,,,1,72,,643479,,,1,28,,761917,,,1,67,,761909,,,1,25,,761915,,,1,70,,761906,,,1,30,,761921,,,1,70,,761925,,,1,30,,761926,,,1,70,,761914,,,1,30,,761919,,,1,70,,761920,,,1,30,,761924,,,1,70,,639905,,,1,29,,761913,,,1,84,,521141,,,1,30,,761927,,,1,70,,761923,,,1,99,,761916,,,1,30,,761912,,,1,70,,629808,,,1,21,,761911,,,1,70,,761910,,,1,30,,761907,,,1,70,,555812,,,1,25,,578324,,,1,100,,761918,,,1,100,,637241,,,1
16300,'13',611,,761950,,,1,35,,761933,,,1,70,,761946,,,1,30,,761952,,,1,71,,761944,,,1,29,,761949,,,1,67,,761939,,,1,25,,761931,,,1,70,,761934,,,1,30,,761953,,,1,70,,761941,,,1,30,,552697,,,1,70,,761942,,,1,30,,761940,,,1,70,,761935,,,1,30,,761951,,,1,70,,761930,,,1,34,,665056,,,1,79,,761932,,,1,30,,671831,,,1,70,,761945,,,1,30,,761936,,,1,69,,761943,,,1,30,,569438,,,1,70,,654542,,,1,21,,761937,,,1,70,,761947,,,1,30,,580328,,,1,70,,761929,,,1,25,,761948,,,1,100,,761928,,,1,100,,761938,,,1
16300,'14',702,,645824,,,1,100,,480219,,,1,30,,761963,,,1,70,,761955,,,1,30,,571558,,,1,70,,761967,,,1,30,,761954,,,1,70,,761960,,,1,30,,369644,,,1,70,,590572,,,1,30,,761966,,,1,70,,761962,,,1,30,,761970,,,1,70,,761964,,,1,30,,665990,,,1,70,,761957,,,1,30,,761969,,,1,70,,761961,,,1,30,,761971,,,1,70,,460941,,,1,30,,761959,,,1,100,,761968,,,1,100,,761958,,,1,100,,761965,,,1,100,,761972,,,1,100,,761956,,,1
16300,'15',611,,623085,,,1,35,,619462,,,1,70,,761975,,,1,30,,761989,,,1,72,,643015,,,1,28,,761984,,,1,67,,761976,,,1,25,,761982,,,1,70,,761973,,,1,30,,761988,,,1,70,,761992,,,1,30,,761993,,,1,70,,761981,,,1,30,,761986,,,1,70,,761987,,,1,30,,761991,,,1,70,,639652,,,1,29,,761980,,,1,84,,520893,,,1,30,,761994,,,1,70,,761990,,,1,99,,761983,,,1,30,,761979,,,1,70,,629328,,,1,21,,761978,,,1,70,,761977,,,1,30,,761974,,,1,70,,555392,,,1,25,,577992,,,1,100,,761985,,,1,100,,636872,,,1
16300,'16',611,,623673,,,1,35,,619848,,,1,70,,761997,,,1,30,,762011,,,1,72,,644066,,,1,28,,762006,,,1,67,,761998,,,1,25,,762004,,,1,70,,761995,,,1,30,,762010,,,1,70,,762014,,,1,30,,762015,,,1,70,,762003,,,1,30,,762008,,,1,70,,762009,,,1,30,,762013,,,1,70,,640229,,,1,29,,762002,,,1,84,,520848,,,1,30,,762016,,,1,70,,762012,,,1,99,,762005,,,1,30,,762001,,,1,70,,630498,,,1,21,,762000,,,1,70,,761999,,,1,30,,761996,,,1,70,,556379,,,1,25,,578754,,,1,100,,762007,,,1,100,,637722,,,1
16300,'17',611,,548608,,,1,35,,762023,,,1,70,,762037,,,1,30,,762043,,,1,71,,762035,,,1,29,,762041,,,1,67,,762031,,,1,25,,762021,,,1,70,,762024,,,1,30,,622918,,,1,70,,762033,,,1,30,,762029,,,1,70,,608619,,,1,30,,762032,,,1,70,,762027,,,1,30,,762042,,,1,70,,762020,,,1,34,,762025,,,1,79,,762022,,,1,30,,762038,,,1,70,,762036,,,1,30,,762030,,,1,69,,762034,,,1,30,,762018,,,1,70,,762028,,,1,21,,600637,,,1,70,,762039,,,1,30,,762026,,,1,70,,762019,,,1,25,,762040,,,1,100,,762017,,,1,100,,658867,,,1
16300,'18',638,,762055,,,1,105,,762047,,,1,101,,762053,,,1,96,,762049,,,1,95,,762058,,,1,100,,762056,,,1,100,,762045,,,1,100,,762050,,,1,100,,616238,,,1,113,,762054,,,1,100,,762057,,,1,99,,762046,,,1,97,,762052,,,1,94,,762044,,,1,100,,585388,,,1,100,,762051,,,1,98,,762048,,,1
16300,'19',611,,762081,,,1,35,,762064,,,1,70,,762077,,,1,30,,762083,,,1,71,,762075,,,1,29,,762080,,,1,67,,762070,,,1,25,,762062,,,1,70,,762065,,,1,30,,762084,,,1,70,,762072,,,1,30,,553066,,,1,70,,762073,,,1,30,,762071,,,1,70,,762066,,,1,30,,762082,,,1,70,,762061,,,1,34,,665261,,,1,79,,762063,,,1,30,,671866,,,1,70,,762076,,,1,30,,762067,,,1,69,,762074,,,1,30,,569829,,,1,70,,654998,,,1,21,,762068,,,1,70,,762078,,,1,30,,580621,,,1,70,,762060,,,1,25,,762079,,,1,100,,762059,,,1,100,,762069,,,1
16300,'2',732,,762097,,,1,70,,762096,,,1,100,,762093,,,1,30,,762095,,,1,70,,762087,,,1,30,,762088,,,1,70,,762102,,,1,30,,762101,,,1,70,,762086,,,1,30,,762090,,,1,70,,762100,,,1,30,,762085,,,1,70,,589288,,,1,30,,762092,,,1,70,,762098,,,1,30,,762089,,,1,70,,762091,,,1,30,,555740,,,1,70,,762103,,,1,30,,762099,,,1,100,,578295,,,1,100,,762094,,,1
16300,'3',611,,623120,,,1,35,,619484,,,1,70,,762106,,,1,30,,762120,,,1,72,,643085,,,1,28,,762115,,,1,67,,762107,,,1,25,,762113,,,1,70,,762104,,,1,30,,762119,,,1,70,,762123,,,1,30,,762124,,,1,70,,762112,,,1,30,,762117,,,1,70,,762118,,,1,30,,762122,,,1,70,,639689,,,1,29,,762111,,,1,84,,520803,,,1,30,,762125,,,1,70,,762121,,,1,99,,762114,,,1,30,,762110,,,1,70,,629395,,,1,21,,762109,,,1,70,,762108,,,1,30,,762105,,,1,70,,555450,,,1,25,,578040,,,1,100,,762116,,,1,100,,636926,,,1
16300,'4',611,,623050,,,1,35,,619440,,,1,70,,762128,,,1,30,,762142,,,1,72,,642945,,,1,28,,762137,,,1,67,,762129,,,1,25,,762135,,,1,70,,762126,,,1,30,,762141,,,1,70,,762145,,,1,30,,762146,,,1,70,,762134,,,1,30,,762139,,,1,70,,762140,,,1,30,,762144,,,1,70,,639615,,,1,29,,762133,,,1,84,,520419,,,1,30,,762147,,,1,70,,762143,,,1,99,,762136,,,1,30,,762132,,,1,70,,629261,,,1,21,,762131,,,1,70,,762130,,,1,30,,762127,,,1,70,,555334,,,1,25,,577944,,,1,100,,762138,,,1,100,,636818,,,1
16300,'5',611,,762169,,,1,35,,762152,,,1,70,,762166,,,1,30,,442775,,,1,71,,762164,,,1,29,,563695,,,1,67,,762160,,,1,25,,762151,,,1,70,,762153,,,1,30,,762171,,,1,70,,569389,,,1,30,,762157,,,1,70,,762162,,,1,30,,762161,,,1,70,,470522,,,1,30,,762170,,,1,70,,620409,,,1,34,,762154,,,1,79,,556478,,,1,30,,762167,,,1,70,,762165,,,1,30,,593727,,,1,69,,762163,,,1,30,,762149,,,1,70,,762156,,,1,21,,762158,,,1,70,,762168,,,1,30,,762155,,,1,70,,762150,,,1,25,,591213,,,1,100,,762148,,,1,100,,762159,,,1
16300,'6',611,,623198,,,1,35,,619533,,,1,70,,762174,,,1,30,,762188,,,1,72,,643232,,,1,28,,762183,,,1,67,,762175,,,1,25,,762181,,,1,70,,762172,,,1,30,,762187,,,1,70,,762191,,,1,30,,762192,,,1,70,,762180,,,1,30,,762185,,,1,70,,762186,,,1,30,,762190,,,1,70,,639771,,,1,29,,762179,,,1,84,,520758,,,1,30,,762193,,,1,70,,762189,,,1,99,,762182,,,1,30,,762178,,,1,70,,629540,,,1,21,,762177,,,1,70,,762176,,,1,30,,762173,,,1,70,,555580,,,1,25,,578147,,,1,100,,762184,,,1,100,,637037,,,1
16300,'7',611,,762218,,,1,35,,762198,,,1,70,,762214,,,1,30,,762220,,,1,71,,477256,,,1,29,,762217,,,1,67,,762208,,,1,25,,762196,,,1,70,,762199,,,1,30,,762221,,,1,70,,762210,,,1,30,,762204,,,1,70,,762211,,,1,30,,762209,,,1,70,,762202,,,1,30,,762219,,,1,70,,762195,,,1,34,,762200,,,1,79,,762197,,,1,30,,762215,,,1,70,,762213,,,1,30,,762205,,,1,69,,762212,,,1,30,,762194,,,1,70,,762203,,,1,21,,762206,,,1,70,,564754,,,1,30,,762201,,,1,70,,565813,,,1,25,,762216,,,1,100,,633354,,,1,100,,762207,,,1
16300,'8',702,,762230,,,1,100,,762242,,,1,30,,762234,,,1,70,,762223,,,1,30,,762238,,,1,70,,762237,,,1,30,,762222,,,1,70,,762229,,,1,30,,762233,,,1,70,,762241,,,1,30,,762236,,,1,70,,762232,,,1,30,,619753,,,1,70,,621373,,,1,30,,762225,,,1,70,,762227,,,1,30,,762240,,,1,70,,762231,,,1,30,,762243,,,1,70,,762226,,,1,30,,556126,,,1,100,,762239,,,1,100,,762228,,,1,100,,762235,,,1,100,,762244,,,1,100,,762224,,,1
16300,'9',732,,762258,,,1,70,,762257,,,1,100,,762255,,,1,30,,580930,,,1,70,,762248,,,1,30,,762249,,,1,70,,762264,,,1,30,,762262,,,1,70,,762246,,,1,30,,762251,,,1,70,,762261,,,1,30,,762245,,,1,70,,762263,,,1,30,,762254,,,1,70,,762259,,,1,30,,762250,,,1,70,,762253,,,1,30,,762252,,,1,70,,762265,,,1,30,,762260,,,1,100,,762247,,,1,100,,762256,,,1
26301,'10',1630,,767785,,,1,90,,767787,,,1,102,,767786,,,1,89,,767784,,,1
26301,'11',1630,,767789,,,1,90,,767791,,,1,102,,767790,,,1,89,,767788,,,1
26301,'12',1630,,767793,,,1,90,,767795,,,1,102,,767794,,,1,89,,767792,,,1
26301,'13',1628,,767797,,,1,92,,767796,,,1,102,,646808,,,1,89,,325553,,,1
26301,'15',1630,,767799,,,1,90,,767801,,,1,102,,767800,,,1,89,,767798,,,1
26301,'16',1630,,767803,,,1,90,,767805,,,1,102,,767804,,,1,89,,767802,,,1
26301,'17',1628,,606254,,,1,92,,649309,,,1,102,,767807,,,1,89,,767806,,,1
26301,'18',1628,,767810,,,1,94,,767809,,,1,103,,767811,,,1,86,,767808,,,1
26301,'19',1628,,767813,,,1,92,,767812,,,1,102,,647025,,,1,89,,569178,,,1
26301,'3',1630,,767815,,,1,90,,767817,,,1,102,,767816,,,1,89,,767814,,,1
26301,'4',1630,,767819,,,1,90,,767821,,,1,102,,767820,,,1,89,,767818,,,1
26301,'5',1628,,767824,,,1,92,,767823,,,1,102,,767825,,,1,89,,767822,,,1
26301,'6',1630,,767827,,,1,90,,767829,,,1,102,,767828,,,1,89,,767826,,,1
26301,'7',1628,,767832,,,1,92,,767831,,,1,102,,767833,,,1,89,,767830,,,1
26600,'10',539,,767998,,,1,81,,767996,,,1,83,,767995,,,1,99,,767997,,,1
26600,'11',539,,768002,,,1,81,,768000,,,1,83,,767999,,,1,99,,768001,,,1
26600,'12',539,,768006,,,1,81,,768004,,,1,83,,768003,,,1,99,,768005,,,1
26600,'13',539,,631719,,,1,81,,768008,,,1,81,,768007,,,1,101,,768009,,,1
26600,'15',539,,768013,,,1,81,,768011,,,1,83,,768010,,,1,99,,768012,,,1
26600,'16',539,,768017,,,1,81,,768015,,,1,83,,768014,,,1,99,,768016,,,1
26600,'17',539,,768019,,,1,81,,633925,,,1,81,,768018,,,1,101,,768020,,,1
26600,'18',539,,768023,,,1,79,,768022,,,1,41,,768021,,,1,143,,572060,,,1
26600,'19',539,,632123,,,1,81,,768025,,,1,81,,768024,,,1,101,,768026,,,1
26600,'3',539,,768030,,,1,81,,768028,,,1,83,,768027,,,1,99,,768029,,,1
26600,'4',539,,768034,,,1,81,,768032,,,1,83,,768031,,,1,99,,768033,,,1
26600,'5',539,,768036,,,1,81,,768035,,,1,81,,467355,,,1,101,,768037,,,1
26600,'6',539,,768041,,,1,81,,768039,,,1,83,,768038,,,1,99,,768040,,,1
26600,'7',539,,768044,,,1,81,,768043,,,1,81,,768042,,,1,101,,768045,,,1
30101,'19',1511,,768707,,,1
30101,'3',1511,,768708,,,1
