6701,'1',645,,342171,10,,,0,70,,342183,10,,,0,30,,342182,10,,,0,71,,168632,10,,,0,29,,125704,10,,,0,70,,342173,10,,,0,30,,342165,10,,,0,70,,342168,10,,,0,30,,342181,10,,,0,70,,342167,10,,,0,30,,268409,10,,,0,71,,158769,10,,,0,30,,342163,10,,,0,70,,342164,10,,,0,30,,342174,10,,,0,71,,342180,10,,,0,30,,342170,10,,,0,70,,342175,10,,,0,30,,342179,10,,,0,70,,342184,10,,,0,34,,140590,20,,,0,69,,342169,20,,,0,31,,342172,20,,,0,70,,342178,20,,,0,30,,342176,20,,,0,67,,342177,20,,,0,35,,178536,10,,,0,66,,342166,10,,,0,100,,342185,10,,,0
6701,'10',655,,342191,10,,,0,100,,342193,10,,,0,70,,342197,10,,,0,30,,342188,10,,,0,70,,276476,10,,,0,30,,165950,10,,,0,70,,342195,10,,,0,30,,130026,10,,,0,71,,342196,10,,,0,30,,214333,10,,,0,70,,342202,10,,,0,30,,342186,10,,,0,70,,342187,10,,,0,30,,342201,10,,,0,70,,342199,10,,,0,30,,342200,10,,,0,70,,173196,10,,,0,30,,280228,10,,,0,70,,342198,10,,,0,30,,342192,10,,,0,100,,342189,10,,,0,100,,342190,10,,,0,100,,342194,10,,,0,99,,266318,10,,,0
6701,'11',645,,342226,10,,,0,70,,342220,10,,,0,30,,342204,10,,,0,70,,342209,10,,,0,30,,267024,10,,,0,70,,342222,10,,,0,30,,342207,10,,,0,70,,209670,10,,,0,30,,250883,10,,,0,70,,342215,10,,,0,30,,342210,10,,,0,71,,342216,10,,,0,30,,342206,10,,,0,70,,342227,10,,,0,30,,342218,10,,,0,71,,342223,10,,,0,16,,342214,8,,,0,14,,342203,10,,,0,70,,342212,10,,,0,32,,342208,10,,,0,70,,342224,10,,,0,32,,342213,20,,,0,69,,279694,20,,,0,31,,342219,20,,,0,70,,342221,20,,,0,30,,278904,20,,,0,67,,342225,20,,,0,35,,342211,10,,,0,66,,342217,10,,,0,100,,342205,10,,,0
6701,'12',722,,342239,10,,,0,100,,342228,10,,,0,100,,342244,10,,,0,30,,342238,10,,,0,70,,342243,10,,,0,30,,188617,10,,,0,71,,342231,10,,,0,30,,342237,10,,,0,70,,342232,10,,,0,30,,342236,10,,,0,70,,342240,10,,,0,30,,342229,10,,,0,70,,342245,10,,,0,30,,342241,10,,,0,70,,342234,10,,,0,30,,342233,10,,,0,70,,342230,10,,,0,30,,342242,10,,,0,100,,271249,10,,,0,100,,342235,10,,,0
6701,'13',645,,342269,10,,,0,70,,342263,10,,,0,30,,342247,10,,,0,70,,342252,10,,,0,30,,267053,10,,,0,70,,342265,10,,,0,30,,342250,10,,,0,70,,209726,10,,,0,30,,250922,10,,,0,70,,342258,10,,,0,30,,342253,10,,,0,71,,342259,10,,,0,30,,342249,10,,,0,70,,342270,10,,,0,30,,342261,10,,,0,71,,342266,10,,,0,16,,342257,8,,,0,14,,342246,10,,,0,70,,342255,10,,,0,32,,342251,10,,,0,70,,342267,10,,,0,32,,342256,20,,,0,69,,279747,20,,,0,31,,342262,20,,,0,70,,342264,20,,,0,30,,278955,20,,,0,67,,342268,20,,,0,35,,342254,10,,,0,66,,342260,10,,,0,100,,342248,10,,,0
6701,'14',645,,342294,10,,,0,70,,342288,10,,,0,30,,342272,10,,,0,70,,342277,10,,,0,30,,267173,10,,,0,70,,342290,10,,,0,30,,342275,10,,,0,70,,209969,10,,,0,30,,251074,10,,,0,70,,342283,10,,,0,30,,342278,10,,,0,71,,342284,10,,,0,30,,342274,10,,,0,70,,342295,10,,,0,30,,342286,10,,,0,71,,342291,10,,,0,16,,342282,8,,,0,14,,342271,10,,,0,70,,342280,10,,,0,32,,342276,10,,,0,70,,342292,10,,,0,32,,342281,20,,,0,69,,279935,20,,,0,31,,342287,20,,,0,70,,342289,20,,,0,30,,279132,20,,,0,67,,342293,20,,,0,35,,342279,10,,,0,66,,342285,10,,,0,100,,342273,10,,,0
6701,'15',722,,231280,10,,,0,100,,342297,10,,,0,100,,342308,10,,,0,30,,342304,10,,,0,70,,342307,10,,,0,30,,342296,10,,,0,71,,342299,10,,,0,30,,342303,10,,,0,70,,342300,10,,,0,30,,278159,10,,,0,70,,342305,10,,,0,30,,249162,10,,,0,70,,342309,10,,,0,30,,342306,10,,,0,70,,342302,10,,,0,30,,233583,10,,,0,70,,342298,10,,,0,30,,213366,10,,,0,100,,342301,10,,,0,100,,228206,10,,,0
6701,'16',655,,342316,10,,,0,100,,342318,10,,,0,70,,218036,10,,,0,30,,223700,10,,,0,70,,342324,10,,,0,30,,342328,10,,,0,70,,342321,10,,,0,30,,342320,10,,,0,71,,342322,10,,,0,30,,342310,10,,,0,70,,342327,10,,,0,30,,342311,10,,,0,70,,342312,10,,,0,30,,342325,10,,,0,70,,170859,10,,,0,30,,288477,10,,,0,70,,342313,10,,,0,30,,342326,10,,,0,70,,342323,10,,,0,30,,342317,10,,,0,100,,225301,10,,,0,100,,342315,10,,,0,100,,342319,10,,,0,99,,342314,10,,,0
6701,'2',645,,342347,10,,,0,70,,289007,10,,,0,30,,246105,10,,,0,70,,342331,10,,,0,30,,342332,10,,,0,70,,342342,10,,,0,30,,342330,10,,,0,70,,342337,10,,,0,30,,342340,10,,,0,70,,152156,10,,,0,30,,342333,10,,,0,71,,227020,10,,,0,30,,261509,10,,,0,70,,342348,10,,,0,30,,342338,10,,,0,71,,342343,10,,,0,16,,264450,8,,,0,14,,342329,10,,,0,70,,342335,10,,,0,32,,236271,10,,,0,70,,342344,10,,,0,32,,254419,20,,,0,69,,342346,20,,,0,31,,342339,20,,,0,70,,342341,20,,,0,30,,342345,20,,,0,67,,44817,20,,,0,35,,342334,10,,,0,66,,342336,10,,,0,100,,238813,10,,,0
6701,'3',645,,279201,10,,,0,70,,342364,10,,,0,30,,342350,10,,,0,70,,265209,10,,,0,30,,342354,10,,,0,70,,342367,10,,,0,30,,126311,10,,,0,70,,342361,10,,,0,30,,342365,10,,,0,70,,342359,10,,,0,30,,342355,10,,,0,71,,342360,10,,,0,30,,342352,10,,,0,70,,236993,10,,,0,30,,342362,10,,,0,71,,342368,10,,,0,16,,342358,8,,,0,14,,342349,10,,,0,70,,342356,10,,,0,32,,342353,10,,,0,70,,342369,10,,,0,32,,342357,20,,,0,69,,342372,20,,,0,31,,342363,20,,,0,70,,342366,20,,,0,30,,342370,20,,,0,67,,342371,20,,,0,35,,222749,10,,,0,66,,207963,10,,,0,100,,342351,10,,,0
6701,'4',644,,342399,10,,,0,69,,342379,10,,,0,32,,342394,10,,,0,72,,342389,10,,,0,28,,342373,10,,,0,70,,282026,10,,,0,30,,342397,10,,,0,70,,342374,10,,,0,30,,342392,10,,,0,70,,342382,10,,,0,30,,342386,10,,,0,71,,342398,10,,,0,30,,342378,10,,,0,70,,342395,10,,,0,30,,342385,10,,,0,71,,342393,10,,,0,30,,342381,10,,,0,70,,342391,10,,,0,32,,222549,10,,,0,70,,342387,10,,,0,32,,342376,20,,,0,71,,342383,20,,,0,31,,342390,20,,,0,70,,342396,20,,,0,30,,342388,20,,,0,65,,342384,20,,,0,35,,342377,10,,,0,66,,342380,10,,,0,100,,342375,10,,,0
6701,'5',645,,279309,10,,,0,70,,342415,10,,,0,30,,342401,10,,,0,70,,265309,10,,,0,30,,342405,10,,,0,70,,342418,10,,,0,30,,226035,10,,,0,70,,342412,10,,,0,30,,342416,10,,,0,70,,342410,10,,,0,30,,342406,10,,,0,71,,342411,10,,,0,30,,342403,10,,,0,70,,237103,10,,,0,30,,342413,10,,,0,71,,342419,10,,,0,16,,342409,8,,,0,14,,342400,10,,,0,70,,342407,10,,,0,32,,342404,10,,,0,70,,342420,10,,,0,32,,342408,20,,,0,69,,342423,20,,,0,31,,342414,20,,,0,70,,342417,20,,,0,30,,342421,20,,,0,67,,342422,20,,,0,35,,222830,10,,,0,66,,208134,10,,,0,100,,342402,10,,,0
6701,'6',645,,342447,10,,,0,70,,342441,10,,,0,30,,342425,10,,,0,70,,342430,10,,,0,30,,266856,10,,,0,70,,342443,10,,,0,30,,342428,10,,,0,70,,209316,10,,,0,30,,250668,10,,,0,70,,342436,10,,,0,30,,342431,10,,,0,71,,342437,10,,,0,30,,342427,10,,,0,70,,342448,10,,,0,30,,342439,10,,,0,71,,342444,10,,,0,16,,342435,8,,,0,14,,342424,10,,,0,70,,342433,10,,,0,32,,342429,10,,,0,70,,342445,10,,,0,32,,342434,20,,,0,69,,279407,20,,,0,31,,342440,20,,,0,70,,342442,20,,,0,30,,278592,20,,,0,67,,342446,20,,,0,35,,342432,10,,,0,66,,342438,10,,,0,100,,342426,10,,,0
6701,'7',645,,342467,10,,,0,70,,288953,10,,,0,30,,246077,10,,,0,70,,342451,10,,,0,30,,342452,10,,,0,70,,342462,10,,,0,30,,342450,10,,,0,70,,342457,10,,,0,30,,342460,10,,,0,70,,152239,10,,,0,30,,342453,10,,,0,71,,226903,10,,,0,30,,261397,10,,,0,70,,342468,10,,,0,30,,342458,10,,,0,71,,342463,10,,,0,16,,264247,8,,,0,14,,342449,10,,,0,70,,342455,10,,,0,32,,236079,10,,,0,70,,342464,10,,,0,32,,254338,20,,,0,69,,342466,20,,,0,31,,342459,20,,,0,70,,342461,20,,,0,30,,342465,20,,,0,67,,180086,20,,,0,35,,342454,10,,,0,66,,342456,10,,,0,100,,238684,10,,,0
6701,'8',722,,342480,10,,,0,100,,342469,10,,,0,100,,342485,10,,,0,30,,342479,10,,,0,70,,342484,10,,,0,30,,268029,10,,,0,71,,342472,10,,,0,30,,342478,10,,,0,70,,342473,10,,,0,30,,342477,10,,,0,70,,342481,10,,,0,30,,342470,10,,,0,70,,342486,10,,,0,30,,342482,10,,,0,70,,342475,10,,,0,30,,342474,10,,,0,70,,342471,10,,,0,30,,342483,10,,,0,100,,271676,10,,,0,100,,342476,10,,,0
6701,'9',645,,342510,10,,,0,70,,342504,10,,,0,30,,342488,10,,,0,70,,342493,10,,,0,30,,266778,10,,,0,70,,342506,10,,,0,30,,342491,10,,,0,70,,209137,10,,,0,30,,250567,10,,,0,70,,342499,10,,,0,30,,342494,10,,,0,71,,342500,10,,,0,30,,342490,10,,,0,70,,342511,10,,,0,30,,342502,10,,,0,71,,342507,10,,,0,16,,342498,8,,,0,14,,342487,10,,,0,70,,342496,10,,,0,32,,342492,10,,,0,70,,342508,10,,,0,32,,342497,20,,,0,69,,279276,20,,,0,31,,342503,20,,,0,70,,342505,20,,,0,30,,278456,20,,,0,67,,342509,20,,,0,35,,342495,10,,,0,66,,342501,10,,,0,100,,342489,10,,,0
6800,'1',435,,126905,10,,,0,21,,342520,10,,,0,70,,225588,10,,,0,26,,342544,10,,,0,66,,245720,10,,,0,21,,342566,10,,,0,68,,342531,10,,,0,21,,211454,10,,,0,23,,273616,10,,,0,67,,342555,10,,,0,17,,342518,10,,,0,13,,342558,10,,,0,56,,342539,10,,,0,14,,342540,10,,,0,15,,342549,10,,,0,15,,342542,10,,,0,55,,342563,10,,,0,15,,342535,10,,,0,15,,342519,10,,,0,15,,342548,10,,,0,55,,342571,10,,,0,15,,284134,10,,,0,15,,342513,10,,,0,16,,342546,10,,,0,56,,342528,10,,,0,15,,77061,10,,,0,15,,342521,10,,,0,14,,342538,10,,,0,54,,342562,10,,,0,15,,342522,10,,,0,15,,342536,10,,,0,15,,342524,10,,,0,57,,342552,10,,,0,20,,342543,10,,,0,20,,342564,10,,,0,60,,342517,10,,,0,21,,342547,10,,,0,20,,342526,10,,,0,60,,342545,10,,,0,21,,186405,10,,,0,18,,342565,10,,,0,60,,342525,10,,,0,21,,342514,10,,,0,20,,342527,10,,,0,61,,342537,10,,,0,16,,342512,10,,,0,16,,342560,10,,,0,15,,342567,10,,,0,54,,342570,10,,,0,16,,342541,10,,,0,15,,342553,10,,,0,15,,161226,10,,,0,54,,342516,10,,,0,15,,342534,10,,,0,20,,342556,10,,,0,60,,342554,10,,,0,20,,342550,10,,,0,20,,342561,10,,,0,60,,342523,10,,,0,24,,342569,10,,,0,29,,342532,10,,,0,70,,342557,10,,,0,75,,342529,10,,,0,31,,342559,10,,,0
6800,'10',533,,284200,10,,,0,70,,342607,10,,,0,30,,342604,10,,,0,70,,254988,10,,,0,30,,342582,10,,,0,70,,266324,10,,,0,31,,342596,10,,,0,70,,342583,10,,,0,30,,342579,10,,,0,20,,342590,10,,,0,55,,342588,10,,,0,15,,342593,10,,,0,15,,342614,10,,,0,15,,342597,10,,,0,55,,342581,10,,,0,15,,342615,10,,,0,15,,270876,10,,,0,15,,342589,10,,,0,55,,342605,10,,,0,16,,342584,10,,,0,15,,342600,10,,,0,15,,342611,10,,,0,55,,342587,10,,,0,15,,342602,10,,,0,15,,211523,10,,,0,15,,183136,10,,,0,55,,240760,10,,,0,15,,342574,10,,,0,15,,342580,10,,,0,15,,342598,10,,,0,55,,342603,10,,,0,15,,342610,10,,,0,15,,342576,10,,,0,15,,242530,10,,,0,55,,342575,10,,,0,15,,342573,10,,,0,15,,342613,10,,,0,15,,342609,10,,,0,55,,193863,10,,,0,15,,237388,10,,,0,19,,342608,10,,,0,70,,342595,10,,,0,30,,342586,10,,,0,70,,342594,10,,,0,30,,230207,10,,,0,69,,342606,10,,,0,30,,342612,10,,,0,70,,342572,10,,,0,30,,342578,10,,,0,70,,342585,10,,,0,30,,294240,10,,,0,70,,342599,10,,,0,30,,342577,10,,,0,70,,342591,10,,,0
6800,'11',435,,342666,10,,,0,21,,212765,10,,,0,70,,342638,10,,,0,26,,342653,10,,,0,66,,342628,10,,,0,21,,342661,10,,,0,68,,342639,10,,,0,21,,263486,10,,,0,23,,342652,10,,,0,67,,342629,10,,,0,16,,342632,10,,,0,14,,342649,10,,,0,55,,342668,10,,,0,15,,342635,10,,,0,15,,342656,10,,,0,15,,342630,10,,,0,55,,342621,10,,,0,15,,293091,10,,,0,15,,342665,10,,,0,15,,342667,10,,,0,55,,342627,10,,,0,15,,268688,10,,,0,15,,342670,10,,,0,16,,231640,10,,,0,56,,342625,10,,,0,15,,342624,10,,,0,15,,342648,10,,,0,14,,342660,10,,,0,54,,342643,10,,,0,15,,342623,10,,,0,15,,342671,10,,,0,15,,219530,10,,,0,57,,86797,10,,,0,20,,212220,10,,,0,19,,342647,10,,,0,61,,342622,10,,,0,23,,342651,10,,,0,78,,342626,10,,,0,23,,342644,10,,,0,17,,187436,10,,,0,59,,342640,10,,,0,21,,342641,10,,,0,81,,342657,10,,,0,16,,226453,10,,,0,16,,342636,10,,,0,15,,342645,10,,,0,54,,342616,10,,,0,16,,342662,10,,,0,15,,177129,10,,,0,69,,342658,10,,,0,15,,342655,10,,,0,20,,342669,10,,,0,60,,342637,10,,,0,20,,342620,10,,,0,80,,255615,10,,,0,24,,342617,10,,,0,29,,342631,10,,,0,70,,342646,10,,,0,75,,342663,10,,,0,31,,342650,10,,,0
6800,'12',535,,208027,10,,,0,100,,342692,10,,,0,70,,342674,10,,,0,30,,342695,10,,,0,70,,342684,10,,,0,31,,172669,10,,,0,70,,342699,10,,,0,30,,342689,10,,,0,70,,342706,10,,,0,30,,342683,10,,,0,20,,342678,10,,,0,60,,342680,10,,,0,20,,342672,10,,,0,20,,222319,10,,,0,61,,342688,10,,,0,20,,342673,10,,,0,20,,342681,10,,,0,60,,237787,10,,,0,20,,342691,10,,,0,20,,342698,10,,,0,60,,231404,10,,,0,20,,342687,10,,,0,20,,342693,10,,,0,60,,342677,10,,,0,20,,342679,10,,,0,20,,342697,10,,,0,60,,239374,10,,,0,20,,342696,10,,,0,20,,342686,10,,,0,63,,342676,10,,,0,30,,342701,10,,,0,70,,342700,10,,,0,30,,285889,10,,,0,70,,342705,10,,,0,30,,342704,10,,,0,69,,342685,10,,,0,30,,342675,10,,,0,70,,342682,10,,,0,30,,342703,10,,,0,70,,342702,10,,,0,30,,342690,10,,,0,70,,342694,10,,,0
6800,'13',435,,342757,10,,,0,21,,212797,10,,,0,70,,342729,10,,,0,26,,342744,10,,,0,66,,342719,10,,,0,21,,342752,10,,,0,68,,342730,10,,,0,21,,263548,10,,,0,23,,342743,10,,,0,67,,342720,10,,,0,16,,342723,10,,,0,14,,342740,10,,,0,55,,342759,10,,,0,15,,342726,10,,,0,15,,342747,10,,,0,15,,342721,10,,,0,55,,342712,10,,,0,15,,293095,10,,,0,15,,342756,10,,,0,15,,342758,10,,,0,55,,342718,10,,,0,15,,268693,10,,,0,15,,342761,10,,,0,16,,231668,10,,,0,56,,342716,10,,,0,15,,342715,10,,,0,15,,342739,10,,,0,14,,342751,10,,,0,54,,342734,10,,,0,15,,342714,10,,,0,15,,342762,10,,,0,15,,219556,10,,,0,57,,86344,10,,,0,20,,212245,10,,,0,19,,342738,10,,,0,61,,342713,10,,,0,23,,342742,10,,,0,78,,342717,10,,,0,23,,342735,10,,,0,17,,186797,10,,,0,59,,342731,10,,,0,21,,342732,10,,,0,81,,342748,10,,,0,16,,226505,10,,,0,16,,342727,10,,,0,15,,342736,10,,,0,54,,342707,10,,,0,16,,342753,10,,,0,15,,176483,10,,,0,69,,342749,10,,,0,15,,342746,10,,,0,20,,342760,10,,,0,60,,342728,10,,,0,20,,342711,10,,,0,80,,255653,10,,,0,24,,342708,10,,,0,29,,342722,10,,,0,70,,342737,10,,,0,75,,342754,10,,,0,31,,342741,10,,,0
6800,'14',435,,342813,10,,,0,21,,212923,10,,,0,70,,342785,10,,,0,26,,342800,10,,,0,66,,342775,10,,,0,21,,342808,10,,,0,68,,342786,10,,,0,21,,263838,10,,,0,23,,342799,10,,,0,67,,342776,10,,,0,16,,342779,10,,,0,14,,342796,10,,,0,55,,342815,10,,,0,15,,342782,10,,,0,15,,342803,10,,,0,15,,342777,10,,,0,55,,342768,10,,,0,15,,293105,10,,,0,15,,342812,10,,,0,15,,342814,10,,,0,55,,342774,10,,,0,15,,268710,10,,,0,15,,342817,10,,,0,16,,231776,10,,,0,56,,342772,10,,,0,15,,342771,10,,,0,15,,342795,10,,,0,14,,342807,10,,,0,54,,342790,10,,,0,15,,342770,10,,,0,15,,342818,10,,,0,15,,219606,10,,,0,57,,86569,10,,,0,20,,212364,10,,,0,19,,342794,10,,,0,61,,342769,10,,,0,23,,342798,10,,,0,78,,342773,10,,,0,23,,342791,10,,,0,17,,187137,10,,,0,59,,342787,10,,,0,21,,342788,10,,,0,81,,342804,10,,,0,16,,226707,10,,,0,16,,342783,10,,,0,15,,342792,10,,,0,54,,342763,10,,,0,16,,342809,10,,,0,15,,176819,10,,,0,69,,342805,10,,,0,15,,342802,10,,,0,20,,342816,10,,,0,60,,342784,10,,,0,20,,342767,10,,,0,80,,255810,10,,,0,24,,342764,10,,,0,29,,342778,10,,,0,70,,342793,10,,,0,75,,342810,10,,,0,31,,342797,10,,,0
6800,'15',535,,342824,10,,,0,100,,169371,10,,,0,70,,236713,10,,,0,30,,342835,10,,,0,70,,213839,10,,,0,31,,342829,10,,,0,70,,342840,10,,,0,30,,342831,10,,,0,70,,241995,10,,,0,30,,342822,10,,,0,20,,215264,10,,,0,60,,342820,10,,,0,20,,241941,10,,,0,20,,342847,10,,,0,61,,342830,10,,,0,20,,215261,10,,,0,20,,221329,10,,,0,60,,342823,10,,,0,20,,342833,10,,,0,20,,342838,10,,,0,60,,342845,10,,,0,20,,342828,10,,,0,20,,342834,10,,,0,60,,253296,10,,,0,20,,342819,10,,,0,20,,342837,10,,,0,60,,342825,10,,,0,20,,342836,10,,,0,20,,342827,10,,,0,63,,125411,10,,,0,30,,342841,10,,,0,70,,224576,10,,,0,30,,342839,10,,,0,70,,342846,10,,,0,30,,342844,10,,,0,69,,342826,10,,,0,30,,258232,10,,,0,70,,342821,10,,,0,30,,342843,10,,,0,70,,342842,10,,,0,30,,342832,10,,,0,70,,222181,10,,,0
6800,'16',533,,342875,10,,,0,70,,342885,10,,,0,30,,342882,10,,,0,70,,342873,10,,,0,30,,342861,10,,,0,70,,342862,10,,,0,31,,342872,10,,,0,70,,228293,10,,,0,30,,342858,10,,,0,20,,342867,10,,,0,55,,273075,10,,,0,15,,342869,10,,,0,15,,342892,10,,,0,15,,342874,10,,,0,55,,342860,10,,,0,15,,342896,10,,,0,15,,342851,10,,,0,15,,342865,10,,,0,55,,342883,10,,,0,16,,342863,10,,,0,15,,342878,10,,,0,15,,342889,10,,,0,55,,290276,10,,,0,15,,342880,10,,,0,15,,342895,10,,,0,15,,342857,10,,,0,55,,342850,10,,,0,15,,342852,10,,,0,15,,342859,10,,,0,15,,224186,10,,,0,55,,342881,10,,,0,15,,342888,10,,,0,15,,342854,10,,,0,15,,342879,10,,,0,55,,342853,10,,,0,15,,342849,10,,,0,15,,342891,10,,,0,15,,342887,10,,,0,55,,342894,10,,,0,15,,342893,10,,,0,19,,342886,10,,,0,70,,342871,10,,,0,30,,163204,10,,,0,70,,342870,10,,,0,30,,342866,10,,,0,69,,342884,10,,,0,30,,342890,10,,,0,70,,342848,10,,,0,30,,342856,10,,,0,70,,342864,10,,,0,30,,342876,10,,,0,70,,342877,10,,,0,30,,342855,10,,,0,70,,342868,10,,,0
6800,'2',435,,287640,10,,,0,21,,342933,10,,,0,70,,342926,10,,,0,26,,342940,10,,,0,66,,283255,10,,,0,21,,342948,10,,,0,68,,342927,10,,,0,21,,342901,10,,,0,23,,342939,10,,,0,67,,342913,10,,,0,16,,167224,10,,,0,14,,342936,10,,,0,55,,342953,10,,,0,15,,342921,10,,,0,15,,342943,10,,,0,15,,342915,10,,,0,55,,342904,10,,,0,15,,342908,10,,,0,15,,342951,10,,,0,15,,342952,10,,,0,55,,342912,10,,,0,15,,342914,10,,,0,15,,342954,10,,,0,16,,342910,10,,,0,56,,342909,10,,,0,15,,342907,10,,,0,15,,257255,10,,,0,14,,342946,10,,,0,54,,342931,10,,,0,15,,342906,10,,,0,15,,342955,10,,,0,15,,342923,10,,,0,57,,342898,10,,,0,20,,342899,10,,,0,19,,342935,10,,,0,61,,342905,10,,,0,23,,342938,10,,,0,78,,342911,10,,,0,23,,277454,10,,,0,17,,342918,10,,,0,59,,342928,10,,,0,21,,342929,10,,,0,81,,342944,10,,,0,16,,342947,10,,,0,16,,342922,10,,,0,15,,342932,10,,,0,54,,342897,10,,,0,16,,121112,10,,,0,15,,342925,10,,,0,69,,342945,10,,,0,15,,342942,10,,,0,20,,226245,10,,,0,60,,342924,10,,,0,20,,342903,10,,,0,80,,342920,10,,,0,24,,342900,10,,,0,29,,342916,10,,,0,70,,342934,10,,,0,75,,342949,10,,,0,31,,342937,10,,,0
6800,'3',435,,343012,10,,,0,21,,342991,10,,,0,70,,342983,10,,,0,26,,342999,10,,,0,66,,342969,10,,,0,21,,268866,10,,,0,68,,342984,10,,,0,21,,342959,10,,,0,23,,342998,10,,,0,67,,342970,10,,,0,16,,342974,10,,,0,14,,342995,10,,,0,55,,343014,10,,,0,15,,342979,10,,,0,15,,343002,10,,,0,15,,342972,10,,,0,55,,342961,10,,,0,15,,342965,10,,,0,15,,343011,10,,,0,15,,343013,10,,,0,55,,207955,10,,,0,15,,342971,10,,,0,15,,343016,10,,,0,16,,342967,10,,,0,56,,342966,10,,,0,15,,342964,10,,,0,15,,342994,10,,,0,14,,343006,10,,,0,54,,342988,10,,,0,15,,342963,10,,,0,15,,279993,10,,,0,15,,342980,10,,,0,57,,342956,10,,,0,20,,342957,10,,,0,19,,342993,10,,,0,61,,342962,10,,,0,23,,342997,10,,,0,78,,342968,10,,,0,23,,342989,10,,,0,17,,342976,10,,,0,59,,210094,10,,,0,21,,342985,10,,,0,81,,343003,10,,,0,16,,343007,10,,,0,16,,247405,10,,,0,15,,342990,10,,,0,54,,242109,10,,,0,16,,343008,10,,,0,15,,342982,10,,,0,69,,343004,10,,,0,15,,343001,10,,,0,20,,343015,10,,,0,60,,342981,10,,,0,20,,274271,10,,,0,80,,342978,10,,,0,24,,342958,10,,,0,29,,342973,10,,,0,70,,342992,10,,,0,75,,343009,10,,,0,31,,342996,10,,,0
6800,'4',435,,343072,10,,,0,21,,343036,10,,,0,70,,343042,10,,,0,26,,343023,10,,,0,66,,343035,10,,,0,18,,343040,10,,,0,71,,343019,10,,,0,19,,343029,10,,,0,25,,343060,10,,,0,67,,207634,10,,,0,17,,343049,10,,,0,15,,343071,10,,,0,54,,343038,10,,,0,14,,343025,10,,,0,15,,343027,10,,,0,15,,343074,10,,,0,55,,343054,10,,,0,15,,343067,10,,,0,15,,343039,10,,,0,15,,343034,10,,,0,55,,221290,10,,,0,15,,343062,10,,,0,15,,343053,10,,,0,16,,343021,10,,,0,56,,343032,10,,,0,15,,343024,10,,,0,15,,343055,10,,,0,14,,343017,10,,,0,54,,343033,10,,,0,15,,274866,10,,,0,15,,343063,10,,,0,15,,252469,10,,,0,57,,343047,10,,,0,20,,343065,10,,,0,18,,228599,10,,,0,62,,343066,10,,,0,23,,343030,10,,,0,18,,343022,10,,,0,60,,343046,10,,,0,22,,343070,10,,,0,22,,343020,10,,,0,55,,343051,10,,,0,23,,267483,10,,,0,18,,343073,10,,,0,61,,343068,10,,,0,16,,343018,10,,,0,16,,343028,10,,,0,15,,343064,10,,,0,54,,129079,10,,,0,16,,343048,10,,,0,15,,343052,10,,,0,15,,294949,10,,,0,54,,343058,10,,,0,15,,343043,10,,,0,20,,343069,10,,,0,60,,343031,10,,,0,20,,343041,10,,,0,20,,236505,10,,,0,60,,343044,10,,,0,24,,250852,10,,,0,29,,343045,10,,,0,70,,289079,10,,,0,75,,343056,10,,,0,31,,343061,10,,,0
6800,'5',435,,343131,10,,,0,21,,343110,10,,,0,70,,343102,10,,,0,26,,343118,10,,,0,66,,343088,10,,,0,21,,268992,10,,,0,68,,343103,10,,,0,21,,343078,10,,,0,23,,343117,10,,,0,67,,343089,10,,,0,16,,343093,10,,,0,14,,343114,10,,,0,55,,343133,10,,,0,15,,343098,10,,,0,15,,343121,10,,,0,15,,343091,10,,,0,55,,343080,10,,,0,15,,343084,10,,,0,15,,343130,10,,,0,15,,343132,10,,,0,55,,208124,10,,,0,15,,343090,10,,,0,15,,343135,10,,,0,16,,343086,10,,,0,56,,343085,10,,,0,15,,343083,10,,,0,15,,343113,10,,,0,14,,343125,10,,,0,54,,343107,10,,,0,15,,343082,10,,,0,15,,280066,10,,,0,15,,343099,10,,,0,57,,343075,10,,,0,20,,343076,10,,,0,19,,343112,10,,,0,61,,343081,10,,,0,23,,343116,10,,,0,78,,343087,10,,,0,23,,343108,10,,,0,17,,343095,10,,,0,59,,116026,10,,,0,21,,343104,10,,,0,81,,343122,10,,,0,16,,343126,10,,,0,16,,146164,10,,,0,15,,343109,10,,,0,54,,242223,10,,,0,16,,343127,10,,,0,15,,343101,10,,,0,69,,343123,10,,,0,15,,343120,10,,,0,20,,343134,10,,,0,60,,343100,10,,,0,20,,274423,10,,,0,80,,343097,10,,,0,24,,343077,10,,,0,29,,343092,10,,,0,70,,343111,10,,,0,75,,343128,10,,,0,31,,343115,10,,,0
6800,'6',435,,343186,10,,,0,21,,212590,10,,,0,70,,343158,10,,,0,26,,343173,10,,,0,66,,343148,10,,,0,21,,343181,10,,,0,68,,343159,10,,,0,21,,263068,10,,,0,23,,343172,10,,,0,67,,343149,10,,,0,16,,343152,10,,,0,14,,343169,10,,,0,55,,343188,10,,,0,15,,343155,10,,,0,15,,343176,10,,,0,15,,343150,10,,,0,55,,343141,10,,,0,15,,293072,10,,,0,15,,343185,10,,,0,15,,343187,10,,,0,55,,343147,10,,,0,15,,268663,10,,,0,15,,343190,10,,,0,16,,231485,10,,,0,56,,343145,10,,,0,15,,343144,10,,,0,15,,343168,10,,,0,14,,343180,10,,,0,54,,343163,10,,,0,15,,343143,10,,,0,15,,343191,10,,,0,15,,219414,10,,,0,57,,86845,10,,,0,20,,212055,10,,,0,19,,343167,10,,,0,61,,343142,10,,,0,23,,343171,10,,,0,78,,343146,10,,,0,23,,343164,10,,,0,17,,187361,10,,,0,59,,343160,10,,,0,21,,343161,10,,,0,81,,343177,10,,,0,16,,226161,10,,,0,16,,343156,10,,,0,15,,343165,10,,,0,54,,343136,10,,,0,16,,343182,10,,,0,15,,177044,10,,,0,69,,343178,10,,,0,15,,343175,10,,,0,20,,343189,10,,,0,60,,343157,10,,,0,20,,343140,10,,,0,80,,255410,10,,,0,24,,343137,10,,,0,29,,343151,10,,,0,70,,343166,10,,,0,75,,343183,10,,,0,31,,343170,10,,,0
6800,'7',435,,287572,10,,,0,21,,343228,10,,,0,70,,343221,10,,,0,26,,343235,10,,,0,66,,283126,10,,,0,21,,343243,10,,,0,68,,343222,10,,,0,21,,343196,10,,,0,23,,343234,10,,,0,67,,343208,10,,,0,16,,167289,10,,,0,14,,343231,10,,,0,55,,343248,10,,,0,15,,343216,10,,,0,15,,343238,10,,,0,15,,343210,10,,,0,55,,343199,10,,,0,15,,343203,10,,,0,15,,343246,10,,,0,15,,343247,10,,,0,55,,343207,10,,,0,15,,343209,10,,,0,15,,343249,10,,,0,16,,343205,10,,,0,56,,343204,10,,,0,15,,343202,10,,,0,15,,257190,10,,,0,14,,343241,10,,,0,54,,343226,10,,,0,15,,343201,10,,,0,15,,343250,10,,,0,15,,343218,10,,,0,57,,343193,10,,,0,20,,343194,10,,,0,19,,343230,10,,,0,61,,343200,10,,,0,23,,343233,10,,,0,78,,343206,10,,,0,23,,277370,10,,,0,17,,343213,10,,,0,59,,343223,10,,,0,21,,343224,10,,,0,81,,343239,10,,,0,16,,343242,10,,,0,16,,343217,10,,,0,15,,343227,10,,,0,54,,343192,10,,,0,16,,121199,10,,,0,15,,343220,10,,,0,69,,343240,10,,,0,15,,343237,10,,,0,20,,226113,10,,,0,60,,343219,10,,,0,20,,343198,10,,,0,80,,343215,10,,,0,24,,343195,10,,,0,29,,343211,10,,,0,70,,343229,10,,,0,75,,343244,10,,,0,31,,343232,10,,,0
6800,'8',535,,208720,10,,,0,100,,343271,10,,,0,70,,343253,10,,,0,30,,343274,10,,,0,70,,343263,10,,,0,31,,250340,10,,,0,70,,343278,10,,,0,30,,343268,10,,,0,70,,343285,10,,,0,30,,343262,10,,,0,20,,343257,10,,,0,60,,343259,10,,,0,20,,343251,10,,,0,20,,222631,10,,,0,61,,343267,10,,,0,20,,343252,10,,,0,20,,343260,10,,,0,60,,238344,10,,,0,20,,343270,10,,,0,20,,343277,10,,,0,60,,148738,10,,,0,20,,343266,10,,,0,20,,343272,10,,,0,60,,343256,10,,,0,20,,343258,10,,,0,20,,343276,10,,,0,60,,239970,10,,,0,20,,343275,10,,,0,20,,343265,10,,,0,63,,343255,10,,,0,30,,343280,10,,,0,70,,343279,10,,,0,30,,286075,10,,,0,70,,343284,10,,,0,30,,343283,10,,,0,69,,343264,10,,,0,30,,343254,10,,,0,70,,343261,10,,,0,30,,343282,10,,,0,70,,343281,10,,,0,30,,343269,10,,,0,70,,343273,10,,,0
6800,'9',435,,343336,10,,,0,21,,212500,10,,,0,70,,343308,10,,,0,26,,343323,10,,,0,66,,343298,10,,,0,21,,343331,10,,,0,68,,343309,10,,,0,21,,262866,10,,,0,23,,343322,10,,,0,67,,343299,10,,,0,16,,343302,10,,,0,14,,343319,10,,,0,55,,343338,10,,,0,15,,343305,10,,,0,15,,343326,10,,,0,15,,343300,10,,,0,55,,343291,10,,,0,15,,293064,10,,,0,15,,343335,10,,,0,15,,343337,10,,,0,55,,343297,10,,,0,15,,268653,10,,,0,15,,343340,10,,,0,16,,231413,10,,,0,56,,343295,10,,,0,15,,343294,10,,,0,15,,343318,10,,,0,14,,343330,10,,,0,54,,343313,10,,,0,15,,343293,10,,,0,15,,343341,10,,,0,15,,219365,10,,,0,57,,86392,10,,,0,20,,211975,10,,,0,19,,343317,10,,,0,61,,343292,10,,,0,23,,343321,10,,,0,78,,343296,10,,,0,23,,343314,10,,,0,17,,187181,10,,,0,59,,343310,10,,,0,21,,343311,10,,,0,81,,343327,10,,,0,16,,226019,10,,,0,16,,343306,10,,,0,15,,343315,10,,,0,54,,343286,10,,,0,16,,343332,10,,,0,15,,176870,10,,,0,69,,343328,10,,,0,15,,343325,10,,,0,20,,343339,10,,,0,60,,343307,10,,,0,20,,343290,10,,,0,80,,255313,10,,,0,24,,343287,10,,,0,29,,343301,10,,,0,70,,343316,10,,,0,75,,343333,10,,,0,31,,343320,10,,,0
64600,'11',736,,376730,11,,,0
64600,'13',736,,376731,11,,,0
64600,'14',736,,376732,11,,,0
64600,'2',736,,376734,11,,,0
64600,'3',736,,376736,11,,,0
64600,'5',736,,376738,11,,,0
64600,'6',736,,376739,11,,,0
64600,'7',736,,376741,11,,,0
64600,'9',736,,376742,11,,,0
66701,'11',1426,,282810,9,,,0,4,,377232,9,,,0
66701,'13',1426,,282835,9,,,0,4,,377235,9,,,0
66701,'14',1426,,282927,9,,,0,4,,377238,9,,,0
66701,'2',1426,,377245,9,,,0,4,,377242,9,,,0
66701,'3',1426,,377250,9,,,0,4,,377248,9,,,0
66701,'5',1426,,377255,9,,,0,4,,377253,9,,,0
66701,'6',1426,,282671,9,,,0,4,,377257,9,,,0
66701,'7',1426,,377264,9,,,0,4,,377261,9,,,0
66701,'9',1426,,282617,9,,,0,4,,377266,9,,,0
66801,'11',1424,,220172,9,,,0,2,,377313,9,,,0,4,,377312,9,,,0
66801,'13',1424,,220216,9,,,0,2,,377316,9,,,0,4,,377315,9,,,0
66801,'14',1424,,220400,9,,,0,2,,377319,9,,,0,4,,377318,9,,,0
66801,'2',1424,,377323,9,,,0,2,,377324,9,,,0,4,,377322,9,,,0
66801,'3',1424,,377326,9,,,0,2,,377327,9,,,0,4,,254236,9,,,0
66801,'5',1424,,377329,9,,,0,2,,377330,9,,,0,4,,117946,9,,,0
66801,'6',1424,,219901,9,,,0,2,,377333,9,,,0,4,,377332,9,,,0
66801,'7',1424,,377337,9,,,0,2,,377338,9,,,0,4,,377336,9,,,0
66801,'9',1424,,219767,9,,,0,2,,377341,9,,,0,4,,377340,9,,,0
