26300,'10',548,,559759,,,1,101,,767755,,,1,103,,767754,,,1
26300,'11',548,,559970,,,1,101,,767757,,,1,103,,767756,,,1
26300,'12',548,,560056,,,1,101,,767759,,,1,103,,767758,,,1
26300,'13',548,,767761,,,1,101,,767760,,,1,103,,584661,,,1
26300,'15',548,,559829,,,1,101,,767763,,,1,103,,767762,,,1
26300,'16',548,,560344,,,1,101,,767765,,,1,103,,767764,,,1
26300,'17',548,,603152,,,1,101,,624515,,,1,103,,767766,,,1
26300,'18',548,,767768,,,1,102,,767767,,,1,102,,767769,,,1
26300,'19',548,,767771,,,1,101,,767770,,,1,103,,584878,,,1
26300,'3',548,,559864,,,1,101,,767773,,,1,103,,767772,,,1
26300,'4',548,,559794,,,1,101,,767775,,,1,103,,767774,,,1
26300,'5',548,,767778,,,1,101,,767777,,,1,103,,767776,,,1
26300,'6',548,,559935,,,1,101,,767780,,,1,103,,767779,,,1
26300,'7',548,,767783,,,1,101,,767782,,,1,103,,767781,,,1
28300,'10',524,,768455,,,1,96,,488049,,,1,34,,376069,,,1
28300,'11',524,,768456,,,1,96,,488238,,,1,34,,534458,,,1
28300,'12',524,,768457,,,1,96,,488105,,,1,34,,534346,,,1
28300,'13',524,,768459,,,1,96,,768458,,,1,34,,589780,,,1
28300,'15',524,,768460,,,1,96,,487884,,,1,34,,534149,,,1
28300,'16',524,,768461,,,1,96,,487833,,,1,34,,534119,,,1
28300,'17',524,,768462,,,1,96,,659983,,,1,34,,768463,,,1
28300,'18',524,,768464,,,1,96,,483838,,,1,34,,591588,,,1
28300,'19',524,,768466,,,1,96,,768465,,,1,34,,590312,,,1
28300,'3',524,,768467,,,1,96,,487782,,,1,34,,534089,,,1
28300,'4',524,,768468,,,1,96,,487443,,,1,34,,533786,,,1
28300,'5',524,,768470,,,1,96,,768469,,,1,34,,768471,,,1
28300,'6',524,,768472,,,1,96,,487731,,,1,34,,534059,,,1
28300,'7',524,,768474,,,1,96,,768473,,,1,34,,768475,,,1
30100,'19',856,,583100,,,1
30100,'3',856,,583072,,,1
