11100,'10',1434,,102117,7,0,86 87,1,6,,102118,7,0,86 87,1
11100,'11',1434,,102186,7,0,86 87,1,6,,102187,7,0,86 87,1
11100,'12',1434,,102255,7,0,86 87,1,6,,102256,7,0,86 87,1
11100,'15',1434,,102433,7,0,86 87,1,6,,102434,7,0,86 87,1
11100,'16',1434,,102502,7,0,86 87,1,6,,102503,7,0,86 87,1
11100,'3',1434,,102783,7,0,86 87,1,6,,102784,7,0,86 87,1
11100,'4',1434,,102852,7,0,86 87,1,6,,102853,7,0,86 87,1
11100,'6',1434,,102992,7,0,86 87,1,6,,102993,7,0,86 87,1
11200,'1',704,,104359,19,,,1,100,,104369,19,,,1,100,,104344,19,,,1,31,,104361,19,,,1,70,,104362,19,,,1,30,,104365,19,,,1,70,,104349,19,,,1,31,,104354,19,,,1,70,,104357,19,,,1,30,,104356,19,,,1,70,,104351,19,,,1,30,,104355,19,,,1,70,,104366,19,,,1,30,,104350,19,,,1,70,,104352,19,,,1,30,,104341,19,,,1,70,,104353,19,,,1,30,,104340,19,,,1,70,,104368,19,,,1,30,,104345,19,,,1,70,,104342,19,,,1,30,,104346,19,,,1,70,,104360,19,,,1,30,,104348,19,,,1,70,,104347,19,,,1,29,,104358,19,,,1,70,,104367,19,,,1,30,,104343,19,,,1,99,,104364,19,,,1,70,,104363,19,,,1
11200,'10',504,,104396,19,,,1,102,,104398,19,,,1,30,,104373,19,,,1,70,,104388,19,,,1,32,,104381,19,,,1,72,,104402,19,,,1,32,,104371,19,,,1,66,,104400,19,,,1,30,,104404,19,,,1,70,,104395,19,,,1,30,,104384,19,,,1,70,,104385,19,,,1,30,,104392,19,,,1,70,,104378,19,,,1,30,,104386,19,,,1,70,,104387,19,,,1,30,,104374,19,,,1,70,,104372,19,,,1,32,,104382,19,,,1,70,,104397,19,,,1,30,,104393,19,,,1,72,,104403,19,,,1,27,,104383,19,,,1,70,,104389,19,,,1,30,,104370,19,,,1,70,,104401,19,,,1,30,,104399,19,,,1,70,,104380,19,,,1,29,,104376,19,,,1,70,,104394,19,,,1,30,,104379,19,,,1,70,,104375,19,,,1,29,,104377,19,,,1,70,,104391,19,,,1,99,,104390,19,,,1
11200,'11',504,,104431,19,,,1,102,,104433,19,,,1,30,,104408,19,,,1,70,,104423,19,,,1,32,,104416,19,,,1,72,,104437,19,,,1,32,,104406,19,,,1,66,,104435,19,,,1,30,,104439,19,,,1,70,,104430,19,,,1,30,,104419,19,,,1,70,,104420,19,,,1,30,,104427,19,,,1,70,,104413,19,,,1,30,,104421,19,,,1,70,,104422,19,,,1,30,,104409,19,,,1,70,,104407,19,,,1,32,,104417,19,,,1,70,,104432,19,,,1,30,,104428,19,,,1,72,,104438,19,,,1,27,,104418,19,,,1,70,,104424,19,,,1,30,,104405,19,,,1,70,,104436,19,,,1,30,,104434,19,,,1,70,,104415,19,,,1,29,,104411,19,,,1,70,,104429,19,,,1,30,,104414,19,,,1,70,,104410,19,,,1,29,,104412,19,,,1,70,,104426,19,,,1,99,,104425,19,,,1
11200,'12',504,,104466,19,,,1,102,,104468,19,,,1,30,,104443,19,,,1,70,,104458,19,,,1,32,,104451,19,,,1,72,,104472,19,,,1,32,,104441,19,,,1,66,,104470,19,,,1,30,,104474,19,,,1,70,,104465,19,,,1,30,,104454,19,,,1,70,,104455,19,,,1,30,,104462,19,,,1,70,,104448,19,,,1,30,,104456,19,,,1,70,,104457,19,,,1,30,,104444,19,,,1,70,,104442,19,,,1,32,,104452,19,,,1,70,,104467,19,,,1,30,,104463,19,,,1,72,,104473,19,,,1,27,,104453,19,,,1,70,,104459,19,,,1,30,,104440,19,,,1,70,,104471,19,,,1,30,,104469,19,,,1,70,,104450,19,,,1,29,,104446,19,,,1,70,,104464,19,,,1,30,,104449,19,,,1,70,,104445,19,,,1,29,,104447,19,,,1,70,,104461,19,,,1,99,,104460,19,,,1
11200,'13',504,,104484,19,,,1,102,,104500,19,,,1,30,,104482,19,,,1,71,,104503,19,,,1,31,,104497,19,,,1,70,,104502,19,,,1,34,,104479,19,,,1,67,,104491,19,,,1,29,,104490,19,,,1,70,,104488,19,,,1,30,,104508,19,,,1,70,,104481,19,,,1,30,,104507,19,,,1,70,,104493,19,,,1,30,,104480,19,,,1,70,,104509,19,,,1,30,,104504,19,,,1,70,,104475,19,,,1,32,,104494,19,,,1,70,,104487,19,,,1,30,,104501,19,,,1,70,,104506,19,,,1,27,,104485,19,,,1,74,,104499,19,,,1,28,,104486,19,,,1,70,,104496,19,,,1,30,,104476,19,,,1,70,,104505,19,,,1,29,,104483,19,,,1,70,,104495,19,,,1,30,,104478,19,,,1,70,,104498,19,,,1,29,,104489,19,,,1,70,,104492,19,,,1,99,,104477,19,,,1
11200,'14',615,,104514,19,,,1,100,,104527,19,,,1,100,,104541,19,,,1,30,,104513,19,,,1,71,,104521,19,,,1,30,,104523,19,,,1,70,,104519,19,,,1,30,,104542,19,,,1,71,,104535,19,,,1,30,,104537,19,,,1,70,,104533,19,,,1,30,,104528,19,,,1,70,,104529,19,,,1,30,,104517,19,,,1,70,,104510,19,,,1,30,,104511,19,,,1,70,,104516,19,,,1,30,,104520,19,,,1,70,,104531,19,,,1,30,,104515,19,,,1,70,,104524,19,,,1,30,,104538,19,,,1,70,,104539,19,,,1,30,,104526,19,,,1,70,,104522,19,,,1,30,,104534,19,,,1,69,,104512,19,,,1,30,,104530,19,,,1,70,,104525,19,,,1,30,,104536,19,,,1,69,,104540,19,,,1,100,,104518,19,,,1,100,,104532,19,,,1
11200,'15',504,,104569,19,,,1,102,,104571,19,,,1,30,,104546,19,,,1,70,,104561,19,,,1,32,,104554,19,,,1,72,,104575,19,,,1,32,,104544,19,,,1,66,,104573,19,,,1,30,,104577,19,,,1,70,,104568,19,,,1,30,,104557,19,,,1,70,,104558,19,,,1,30,,104565,19,,,1,70,,104551,19,,,1,30,,104559,19,,,1,70,,104560,19,,,1,30,,104547,19,,,1,70,,104545,19,,,1,32,,104555,19,,,1,70,,104570,19,,,1,30,,104566,19,,,1,72,,104576,19,,,1,27,,104556,19,,,1,70,,104562,19,,,1,30,,104543,19,,,1,70,,104574,19,,,1,30,,104572,19,,,1,70,,104553,19,,,1,29,,104549,19,,,1,70,,104567,19,,,1,30,,104552,19,,,1,70,,104548,19,,,1,29,,104550,19,,,1,70,,104564,19,,,1,99,,104563,19,,,1
11200,'16',504,,104604,19,,,1,102,,104606,19,,,1,30,,104581,19,,,1,70,,104596,19,,,1,32,,104589,19,,,1,72,,104610,19,,,1,32,,104579,19,,,1,66,,104608,19,,,1,30,,104612,19,,,1,70,,104603,19,,,1,30,,104592,19,,,1,70,,104593,19,,,1,30,,104600,19,,,1,70,,104586,19,,,1,30,,104594,19,,,1,70,,104595,19,,,1,30,,104582,19,,,1,70,,104580,19,,,1,32,,104590,19,,,1,70,,104605,19,,,1,30,,104601,19,,,1,72,,104611,19,,,1,27,,104591,19,,,1,70,,104597,19,,,1,30,,104578,19,,,1,70,,104609,19,,,1,30,,104607,19,,,1,70,,104588,19,,,1,29,,104584,19,,,1,70,,104602,19,,,1,30,,104587,19,,,1,70,,104583,19,,,1,29,,104585,19,,,1,70,,104599,19,,,1,99,,104598,19,,,1
11200,'17',504,,104622,19,,,1,102,,104638,19,,,1,30,,104620,19,,,1,71,,104641,19,,,1,31,,104635,19,,,1,70,,104640,19,,,1,34,,104617,19,,,1,67,,104629,19,,,1,29,,104628,19,,,1,70,,104626,19,,,1,30,,104646,19,,,1,70,,104619,19,,,1,30,,104645,19,,,1,70,,104631,19,,,1,30,,104618,19,,,1,70,,104647,19,,,1,30,,104642,19,,,1,70,,104613,19,,,1,32,,104632,19,,,1,70,,104625,19,,,1,30,,104639,19,,,1,70,,104644,19,,,1,27,,104623,19,,,1,74,,104637,19,,,1,28,,104624,19,,,1,70,,104634,19,,,1,30,,104614,19,,,1,70,,104643,19,,,1,29,,104621,19,,,1,70,,104633,19,,,1,30,,104616,19,,,1,70,,104636,19,,,1,29,,104627,19,,,1,70,,104630,19,,,1,99,,104615,19,,,1
11200,'18',504,,104658,19,,,1,102,,104652,19,,,1,101,,104660,19,,,1,103,,104665,19,,,1,100,,104657,19,,,1,98,,104654,19,,,1,100,,104661,19,,,1,100,,104666,19,,,1,100,,104662,19,,,1,100,,104651,19,,,1,102,,104649,19,,,1,100,,104664,19,,,1,101,,104648,19,,,1,98,,104650,19,,,1,100,,104663,19,,,1,99,,104653,19,,,1,100,,104655,19,,,1,99,,104656,19,,,1,99,,104659,19,,,1
11200,'19',504,,104676,19,,,1,102,,104692,19,,,1,30,,104674,19,,,1,71,,104695,19,,,1,31,,104689,19,,,1,70,,104694,19,,,1,34,,104671,19,,,1,67,,104683,19,,,1,29,,104682,19,,,1,70,,104680,19,,,1,30,,104700,19,,,1,70,,104673,19,,,1,30,,104699,19,,,1,70,,104685,19,,,1,30,,104672,19,,,1,70,,104701,19,,,1,30,,104696,19,,,1,70,,104667,19,,,1,32,,104686,19,,,1,70,,104679,19,,,1,30,,104693,19,,,1,70,,104698,19,,,1,27,,104677,19,,,1,74,,104691,19,,,1,28,,104678,19,,,1,70,,104688,19,,,1,30,,104668,19,,,1,70,,104697,19,,,1,29,,104675,19,,,1,70,,104687,19,,,1,30,,104670,19,,,1,70,,104690,19,,,1,29,,104681,19,,,1,70,,104684,19,,,1,99,,104669,19,,,1
11200,'2',704,,104721,19,,,1,100,,104731,19,,,1,100,,104706,19,,,1,31,,104723,19,,,1,70,,104724,19,,,1,30,,104727,19,,,1,70,,104711,19,,,1,31,,104716,19,,,1,70,,104719,19,,,1,30,,104718,19,,,1,70,,104713,19,,,1,30,,104717,19,,,1,70,,104728,19,,,1,30,,104712,19,,,1,70,,104714,19,,,1,30,,104703,19,,,1,70,,104715,19,,,1,30,,104702,19,,,1,70,,104730,19,,,1,30,,104707,19,,,1,70,,104704,19,,,1,30,,104708,19,,,1,70,,104722,19,,,1,30,,104710,19,,,1,70,,104709,19,,,1,29,,104720,19,,,1,70,,104729,19,,,1,30,,104705,19,,,1,99,,104726,19,,,1,70,,104725,19,,,1
11200,'3',504,,104758,19,,,1,102,,104760,19,,,1,30,,104735,19,,,1,70,,104750,19,,,1,32,,104743,19,,,1,72,,104764,19,,,1,32,,104733,19,,,1,66,,104762,19,,,1,30,,104766,19,,,1,70,,104757,19,,,1,30,,104746,19,,,1,70,,104747,19,,,1,30,,104754,19,,,1,70,,104740,19,,,1,30,,104748,19,,,1,70,,104749,19,,,1,30,,104736,19,,,1,70,,104734,19,,,1,32,,104744,19,,,1,70,,104759,19,,,1,30,,104755,19,,,1,72,,104765,19,,,1,27,,104745,19,,,1,70,,104751,19,,,1,30,,104732,19,,,1,70,,104763,19,,,1,30,,104761,19,,,1,70,,104742,19,,,1,29,,104738,19,,,1,70,,104756,19,,,1,30,,104741,19,,,1,70,,104737,19,,,1,29,,104739,19,,,1,70,,104753,19,,,1,99,,104752,19,,,1
11200,'4',504,,104793,19,,,1,102,,104795,19,,,1,30,,104770,19,,,1,70,,104785,19,,,1,32,,104778,19,,,1,72,,104799,19,,,1,32,,104768,19,,,1,66,,104797,19,,,1,30,,104801,19,,,1,70,,104792,19,,,1,30,,104781,19,,,1,70,,104782,19,,,1,30,,104789,19,,,1,70,,104775,19,,,1,30,,104783,19,,,1,70,,104784,19,,,1,30,,104771,19,,,1,70,,104769,19,,,1,32,,104779,19,,,1,70,,104794,19,,,1,30,,104790,19,,,1,72,,104800,19,,,1,27,,104780,19,,,1,70,,104786,19,,,1,30,,104767,19,,,1,70,,104798,19,,,1,30,,104796,19,,,1,70,,104777,19,,,1,29,,104773,19,,,1,70,,104791,19,,,1,30,,104776,19,,,1,70,,104772,19,,,1,29,,104774,19,,,1,70,,104788,19,,,1,99,,104787,19,,,1
11200,'5',504,,104811,19,,,1,102,,104827,19,,,1,30,,104809,19,,,1,71,,104830,19,,,1,31,,104824,19,,,1,70,,104829,19,,,1,34,,104806,19,,,1,67,,104818,19,,,1,29,,104817,19,,,1,70,,104815,19,,,1,30,,104835,19,,,1,70,,104808,19,,,1,30,,104834,19,,,1,70,,104820,19,,,1,30,,104807,19,,,1,70,,104836,19,,,1,30,,104831,19,,,1,70,,104802,19,,,1,32,,104821,19,,,1,70,,104814,19,,,1,30,,104828,19,,,1,70,,104833,19,,,1,27,,104812,19,,,1,74,,104826,19,,,1,28,,104813,19,,,1,70,,104823,19,,,1,30,,104803,19,,,1,70,,104832,19,,,1,29,,104810,19,,,1,70,,104822,19,,,1,30,,104805,19,,,1,70,,104825,19,,,1,29,,104816,19,,,1,70,,104819,19,,,1,99,,104804,19,,,1
11200,'6',504,,104863,19,,,1,102,,104865,19,,,1,30,,104840,19,,,1,70,,104855,19,,,1,32,,104848,19,,,1,72,,104869,19,,,1,32,,104838,19,,,1,66,,104867,19,,,1,30,,104871,19,,,1,70,,104862,19,,,1,30,,104851,19,,,1,70,,104852,19,,,1,30,,104859,19,,,1,70,,104845,19,,,1,30,,104853,19,,,1,70,,104854,19,,,1,30,,104841,19,,,1,70,,104839,19,,,1,32,,104849,19,,,1,70,,104864,19,,,1,30,,104860,19,,,1,72,,104870,19,,,1,27,,104850,19,,,1,70,,104856,19,,,1,30,,104837,19,,,1,70,,104868,19,,,1,30,,104866,19,,,1,70,,104847,19,,,1,29,,104843,19,,,1,70,,104861,19,,,1,30,,104846,19,,,1,70,,104842,19,,,1,29,,104844,19,,,1,70,,104858,19,,,1,99,,104857,19,,,1
11200,'7',504,,104881,19,,,1,102,,104897,19,,,1,30,,104879,19,,,1,71,,104900,19,,,1,31,,104894,19,,,1,70,,104899,19,,,1,34,,104876,19,,,1,67,,104888,19,,,1,29,,104887,19,,,1,70,,104885,19,,,1,30,,104905,19,,,1,70,,104878,19,,,1,30,,104904,19,,,1,70,,104890,19,,,1,30,,104877,19,,,1,70,,104906,19,,,1,30,,104901,19,,,1,70,,104872,19,,,1,32,,104891,19,,,1,70,,104884,19,,,1,30,,104898,19,,,1,70,,104903,19,,,1,27,,104882,19,,,1,74,,104896,19,,,1,28,,104883,19,,,1,70,,104893,19,,,1,30,,104873,19,,,1,70,,104902,19,,,1,29,,104880,19,,,1,70,,104892,19,,,1,30,,104875,19,,,1,70,,104895,19,,,1,29,,104886,19,,,1,70,,104889,19,,,1,99,,104874,19,,,1
11200,'8',615,,104911,19,,,1,100,,104924,19,,,1,100,,104938,19,,,1,30,,104910,19,,,1,71,,104918,19,,,1,30,,104920,19,,,1,70,,104916,19,,,1,30,,104939,19,,,1,71,,104932,19,,,1,30,,104934,19,,,1,70,,104930,19,,,1,30,,104925,19,,,1,70,,104926,19,,,1,30,,104914,19,,,1,70,,104907,19,,,1,30,,104908,19,,,1,70,,104913,19,,,1,30,,104917,19,,,1,70,,104928,19,,,1,30,,104912,19,,,1,70,,104921,19,,,1,30,,104935,19,,,1,70,,104936,19,,,1,30,,104923,19,,,1,70,,104919,19,,,1,30,,104931,19,,,1,69,,104909,19,,,1,30,,104927,19,,,1,70,,104922,19,,,1,30,,104933,19,,,1,69,,104937,19,,,1,100,,104915,19,,,1,100,,104929,19,,,1
11200,'9',704,,104959,19,,,1,100,,104969,19,,,1,100,,104944,19,,,1,31,,104961,19,,,1,70,,104962,19,,,1,30,,104965,19,,,1,70,,104949,19,,,1,31,,104954,19,,,1,70,,104957,19,,,1,30,,104956,19,,,1,70,,104951,19,,,1,30,,104955,19,,,1,70,,104966,19,,,1,30,,104950,19,,,1,70,,104952,19,,,1,30,,104941,19,,,1,70,,104953,19,,,1,30,,104940,19,,,1,70,,104968,19,,,1,30,,104945,19,,,1,70,,104942,19,,,1,30,,104946,19,,,1,70,,104960,19,,,1,30,,104948,19,,,1,70,,104947,19,,,1,29,,104958,19,,,1,70,,104967,19,,,1,30,,104943,19,,,1,99,,104964,19,,,1,70,,104963,19,,,1
18901,'1',641,,114635,19,,,1,100,,114638,19,,,1,100,,114646,19,,,1,100,,114644,19,,,1,100,,114645,19,,,1,100,,114640,19,,,1,100,,114637,19,,,1,100,,114648,19,,,1,100,,114641,19,,,1,100,,114642,19,,,1,100,,114647,19,,,1,100,,114643,19,,,1,99,,114636,19,,,1,100,,114639,19,,,1
18901,'10',514,,114685,19,,,1,43,,114683,19,,,1,73,,114662,19,,,1,70,,114671,19,,,1,30,,114680,19,,,1,76,,114676,19,,,1,30,,114670,19,,,1,69,,114658,19,,,1,25,,114667,19,,,1,70,,114669,19,,,1,30,,114674,19,,,1,71,,114675,19,,,1,30,,114678,19,,,1,70,,114686,19,,,1,30,,114650,19,,,1,70,,114677,19,,,1,30,,114657,19,,,1,70,,114664,19,,,1,33,,114653,19,,,1,73,,114681,19,,,1,30,,114655,19,,,1,70,,114665,19,,,1,30,,114666,19,,,1,70,,114672,19,,,1,30,,114656,19,,,1,70,,114673,19,,,1,29,,114679,19,,,1,65,,114663,19,,,1,30,,114668,19,,,1,70,,114682,19,,,1,30,,114684,19,,,1,70,,114660,19,,,1,30,,114649,19,,,1,69,,114652,19,,,1,29,,114659,19,,,1,30,,114654,19,,,1,70,,114661,19,,,1,25,,114687,19,,,1,95,,114651,19,,,1
18901,'11',514,,114724,19,,,1,43,,114722,19,,,1,73,,114701,19,,,1,70,,114710,19,,,1,30,,114719,19,,,1,76,,114715,19,,,1,30,,114709,19,,,1,69,,114697,19,,,1,25,,114706,19,,,1,70,,114708,19,,,1,30,,114713,19,,,1,71,,114714,19,,,1,30,,114717,19,,,1,70,,114725,19,,,1,30,,114689,19,,,1,70,,114716,19,,,1,30,,114696,19,,,1,70,,114703,19,,,1,33,,114692,19,,,1,73,,114720,19,,,1,30,,114694,19,,,1,70,,114704,19,,,1,30,,114705,19,,,1,70,,114711,19,,,1,30,,114695,19,,,1,70,,114712,19,,,1,29,,114718,19,,,1,65,,114702,19,,,1,30,,114707,19,,,1,70,,114721,19,,,1,30,,114723,19,,,1,70,,114699,19,,,1,30,,114688,19,,,1,69,,114691,19,,,1,29,,114698,19,,,1,30,,114693,19,,,1,70,,114700,19,,,1,25,,114726,19,,,1,95,,114690,19,,,1
18901,'12',514,,114763,19,,,1,43,,114761,19,,,1,73,,114740,19,,,1,70,,114749,19,,,1,30,,114758,19,,,1,76,,114754,19,,,1,30,,114748,19,,,1,69,,114736,19,,,1,25,,114745,19,,,1,70,,114747,19,,,1,30,,114752,19,,,1,71,,114753,19,,,1,30,,114756,19,,,1,70,,114764,19,,,1,30,,114728,19,,,1,70,,114755,19,,,1,30,,114735,19,,,1,70,,114742,19,,,1,33,,114731,19,,,1,73,,114759,19,,,1,30,,114733,19,,,1,70,,114743,19,,,1,30,,114744,19,,,1,70,,114750,19,,,1,30,,114734,19,,,1,70,,114751,19,,,1,29,,114757,19,,,1,65,,114741,19,,,1,30,,114746,19,,,1,70,,114760,19,,,1,30,,114762,19,,,1,70,,114738,19,,,1,30,,114727,19,,,1,69,,114730,19,,,1,29,,114737,19,,,1,30,,114732,19,,,1,70,,114739,19,,,1,25,,114765,19,,,1,95,,114729,19,,,1
18901,'13',514,,114778,19,,,1,43,,114799,19,,,1,73,,114794,19,,,1,70,,114769,19,,,1,30,,114776,19,,,1,76,,114788,19,,,1,29,,114772,19,,,1,70,,114784,19,,,1,25,,114768,19,,,1,70,,114773,19,,,1,30,,114797,19,,,1,71,,114793,19,,,1,30,,114792,19,,,1,70,,114801,19,,,1,30,,114789,19,,,1,70,,114803,19,,,1,30,,114774,19,,,1,70,,114785,19,,,1,33,,114783,19,,,1,73,,114775,19,,,1,30,,114782,19,,,1,70,,114804,19,,,1,30,,114786,19,,,1,70,,114802,19,,,1,30,,114800,19,,,1,70,,114779,19,,,1,29,,114798,19,,,1,65,,114777,19,,,1,30,,114790,19,,,1,70,,114770,19,,,1,30,,114780,19,,,1,70,,114766,19,,,1,30,,114771,19,,,1,69,,114791,19,,,1,29,,114781,19,,,1,30,,114787,19,,,1,70,,114767,19,,,1,25,,114796,19,,,1,95,,114795,19,,,1
18901,'14',641,,114810,19,,,1,100,,114808,19,,,1,100,,114817,19,,,1,100,,114809,19,,,1,100,,114816,19,,,1,100,,114805,19,,,1,100,,114806,19,,,1,100,,114815,19,,,1,100,,114813,19,,,1,100,,114812,19,,,1,100,,114811,19,,,1,100,,114807,19,,,1,99,,114814,19,,,1
18901,'15',514,,114854,19,,,1,43,,114852,19,,,1,73,,114831,19,,,1,70,,114840,19,,,1,30,,114849,19,,,1,76,,114845,19,,,1,30,,114839,19,,,1,69,,114827,19,,,1,25,,114836,19,,,1,70,,114838,19,,,1,30,,114843,19,,,1,71,,114844,19,,,1,30,,114847,19,,,1,70,,114855,19,,,1,30,,114819,19,,,1,70,,114846,19,,,1,30,,114826,19,,,1,70,,114833,19,,,1,33,,114822,19,,,1,73,,114850,19,,,1,30,,114824,19,,,1,70,,114834,19,,,1,30,,114835,19,,,1,70,,114841,19,,,1,30,,114825,19,,,1,70,,114842,19,,,1,29,,114848,19,,,1,65,,114832,19,,,1,30,,114837,19,,,1,70,,114851,19,,,1,30,,114853,19,,,1,70,,114829,19,,,1,30,,114818,19,,,1,69,,114821,19,,,1,29,,114828,19,,,1,30,,114823,19,,,1,70,,114830,19,,,1,25,,114856,19,,,1,95,,114820,19,,,1
18901,'16',514,,114893,19,,,1,43,,114891,19,,,1,73,,114870,19,,,1,70,,114879,19,,,1,30,,114888,19,,,1,76,,114884,19,,,1,30,,114878,19,,,1,69,,114866,19,,,1,25,,114875,19,,,1,70,,114877,19,,,1,30,,114882,19,,,1,71,,114883,19,,,1,30,,114886,19,,,1,70,,114894,19,,,1,30,,114858,19,,,1,70,,114885,19,,,1,30,,114865,19,,,1,70,,114872,19,,,1,33,,114861,19,,,1,73,,114889,19,,,1,30,,114863,19,,,1,70,,114873,19,,,1,30,,114874,19,,,1,70,,114880,19,,,1,30,,114864,19,,,1,70,,114881,19,,,1,29,,114887,19,,,1,65,,114871,19,,,1,30,,114876,19,,,1,70,,114890,19,,,1,30,,114892,19,,,1,70,,114868,19,,,1,30,,114857,19,,,1,69,,114860,19,,,1,29,,114867,19,,,1,30,,114862,19,,,1,70,,114869,19,,,1,25,,114895,19,,,1,95,,114859,19,,,1
18901,'17',514,,114908,19,,,1,43,,114929,19,,,1,73,,114924,19,,,1,70,,114899,19,,,1,30,,114906,19,,,1,76,,114918,19,,,1,29,,114902,19,,,1,70,,114914,19,,,1,25,,114898,19,,,1,70,,114903,19,,,1,30,,114927,19,,,1,71,,114923,19,,,1,30,,114922,19,,,1,70,,114931,19,,,1,30,,114919,19,,,1,70,,114933,19,,,1,30,,114904,19,,,1,70,,114915,19,,,1,33,,114913,19,,,1,73,,114905,19,,,1,30,,114912,19,,,1,70,,114934,19,,,1,30,,114916,19,,,1,70,,114932,19,,,1,30,,114930,19,,,1,70,,114909,19,,,1,29,,114928,19,,,1,65,,114907,19,,,1,30,,114920,19,,,1,70,,114900,19,,,1,30,,114910,19,,,1,70,,114896,19,,,1,30,,114901,19,,,1,69,,114921,19,,,1,29,,114911,19,,,1,30,,114917,19,,,1,70,,114897,19,,,1,25,,114926,19,,,1,95,,114925,19,,,1
18901,'18',514,,114971,19,,,1,43,,114944,19,,,1,73,,114954,19,,,1,70,,114939,19,,,1,30,,114959,19,,,1,76,,114965,19,,,1,30,,114940,19,,,1,69,,114945,19,,,1,25,,114968,19,,,1,70,,114960,19,,,1,30,,114973,19,,,1,71,,114937,19,,,1,30,,114947,19,,,1,70,,114953,19,,,1,30,,114966,19,,,1,70,,114962,19,,,1,30,,114972,19,,,1,70,,114935,19,,,1,33,,114936,19,,,1,73,,114970,19,,,1,30,,114961,19,,,1,70,,114955,19,,,1,28,,114946,19,,,1,72,,114957,19,,,1,30,,114952,19,,,1,70,,114942,19,,,1,29,,114967,19,,,1,65,,114958,19,,,1,30,,114956,19,,,1,70,,114951,19,,,1,30,,114969,19,,,1,70,,114964,19,,,1,30,,114950,19,,,1,69,,114941,19,,,1,29,,114943,19,,,1,30,,114948,19,,,1,70,,114963,19,,,1,25,,114938,19,,,1,95,,114949,19,,,1
18901,'19',514,,114986,19,,,1,43,,115007,19,,,1,73,,115002,19,,,1,70,,114977,19,,,1,30,,114984,19,,,1,76,,114996,19,,,1,29,,114980,19,,,1,70,,114992,19,,,1,25,,114976,19,,,1,70,,114981,19,,,1,30,,115005,19,,,1,71,,115001,19,,,1,30,,115000,19,,,1,70,,115009,19,,,1,30,,114997,19,,,1,70,,115011,19,,,1,30,,114982,19,,,1,70,,114993,19,,,1,33,,114991,19,,,1,73,,114983,19,,,1,30,,114990,19,,,1,70,,115012,19,,,1,30,,114994,19,,,1,70,,115010,19,,,1,30,,115008,19,,,1,70,,114987,19,,,1,29,,115006,19,,,1,65,,114985,19,,,1,30,,114998,19,,,1,70,,114978,19,,,1,30,,114988,19,,,1,70,,114974,19,,,1,30,,114979,19,,,1,69,,114999,19,,,1,29,,114989,19,,,1,30,,114995,19,,,1,70,,114975,19,,,1,25,,115004,19,,,1,95,,115003,19,,,1
18901,'2',641,,115013,19,,,1,100,,115016,19,,,1,100,,115024,19,,,1,100,,115022,19,,,1,100,,115023,19,,,1,100,,115018,19,,,1,100,,115015,19,,,1,100,,115026,19,,,1,100,,115019,19,,,1,100,,115020,19,,,1,100,,115025,19,,,1,100,,115021,19,,,1,99,,115014,19,,,1,100,,115017,19,,,1
18901,'3',514,,115063,19,,,1,43,,115061,19,,,1,73,,115040,19,,,1,70,,115049,19,,,1,30,,115058,19,,,1,76,,115054,19,,,1,30,,115048,19,,,1,69,,115036,19,,,1,25,,115045,19,,,1,70,,115047,19,,,1,30,,115052,19,,,1,71,,115053,19,,,1,30,,115056,19,,,1,70,,115064,19,,,1,30,,115028,19,,,1,70,,115055,19,,,1,30,,115035,19,,,1,70,,115042,19,,,1,33,,115031,19,,,1,73,,115059,19,,,1,30,,115033,19,,,1,70,,115043,19,,,1,30,,115044,19,,,1,70,,115050,19,,,1,30,,115034,19,,,1,70,,115051,19,,,1,29,,115057,19,,,1,65,,115041,19,,,1,30,,115046,19,,,1,70,,115060,19,,,1,30,,115062,19,,,1,70,,115038,19,,,1,30,,115027,19,,,1,69,,115030,19,,,1,29,,115037,19,,,1,30,,115032,19,,,1,70,,115039,19,,,1,25,,115065,19,,,1,95,,115029,19,,,1
18901,'4',514,,115102,19,,,1,43,,115100,19,,,1,73,,115079,19,,,1,70,,115088,19,,,1,30,,115097,19,,,1,76,,115093,19,,,1,30,,115087,19,,,1,69,,115075,19,,,1,25,,115084,19,,,1,70,,115086,19,,,1,30,,115091,19,,,1,71,,115092,19,,,1,30,,115095,19,,,1,70,,115103,19,,,1,30,,115067,19,,,1,70,,115094,19,,,1,30,,115074,19,,,1,70,,115081,19,,,1,33,,115070,19,,,1,73,,115098,19,,,1,30,,115072,19,,,1,70,,115082,19,,,1,30,,115083,19,,,1,70,,115089,19,,,1,30,,115073,19,,,1,70,,115090,19,,,1,29,,115096,19,,,1,65,,115080,19,,,1,30,,115085,19,,,1,70,,115099,19,,,1,30,,115101,19,,,1,70,,115077,19,,,1,30,,115066,19,,,1,69,,115069,19,,,1,29,,115076,19,,,1,30,,115071,19,,,1,70,,115078,19,,,1,25,,115104,19,,,1,95,,115068,19,,,1
18901,'5',514,,115117,19,,,1,43,,115138,19,,,1,73,,115133,19,,,1,70,,115108,19,,,1,30,,115115,19,,,1,76,,115127,19,,,1,29,,115111,19,,,1,70,,115123,19,,,1,25,,115107,19,,,1,70,,115112,19,,,1,30,,115136,19,,,1,71,,115132,19,,,1,30,,115131,19,,,1,70,,115140,19,,,1,30,,115128,19,,,1,70,,115142,19,,,1,30,,115113,19,,,1,70,,115124,19,,,1,33,,115122,19,,,1,73,,115114,19,,,1,30,,115121,19,,,1,70,,115143,19,,,1,30,,115125,19,,,1,70,,115141,19,,,1,30,,115139,19,,,1,70,,115118,19,,,1,29,,115137,19,,,1,65,,115116,19,,,1,30,,115129,19,,,1,70,,115109,19,,,1,30,,115119,19,,,1,70,,115105,19,,,1,30,,115110,19,,,1,69,,115130,19,,,1,29,,115120,19,,,1,30,,115126,19,,,1,70,,115106,19,,,1,25,,115135,19,,,1,95,,115134,19,,,1
18901,'6',514,,115180,19,,,1,43,,115178,19,,,1,73,,115157,19,,,1,70,,115166,19,,,1,30,,115175,19,,,1,76,,115171,19,,,1,30,,115165,19,,,1,69,,115153,19,,,1,25,,115162,19,,,1,70,,115164,19,,,1,30,,115169,19,,,1,71,,115170,19,,,1,30,,115173,19,,,1,70,,115181,19,,,1,30,,115145,19,,,1,70,,115172,19,,,1,30,,115152,19,,,1,70,,115159,19,,,1,33,,115148,19,,,1,73,,115176,19,,,1,30,,115150,19,,,1,70,,115160,19,,,1,30,,115161,19,,,1,70,,115167,19,,,1,30,,115151,19,,,1,70,,115168,19,,,1,29,,115174,19,,,1,65,,115158,19,,,1,30,,115163,19,,,1,70,,115177,19,,,1,30,,115179,19,,,1,70,,115155,19,,,1,30,,115144,19,,,1,69,,115147,19,,,1,29,,115154,19,,,1,30,,115149,19,,,1,70,,115156,19,,,1,25,,115182,19,,,1,95,,115146,19,,,1
18901,'7',514,,115195,19,,,1,43,,115216,19,,,1,73,,115211,19,,,1,70,,115186,19,,,1,30,,115193,19,,,1,76,,115205,19,,,1,29,,115189,19,,,1,70,,115201,19,,,1,25,,115185,19,,,1,70,,115190,19,,,1,30,,115214,19,,,1,71,,115210,19,,,1,30,,115209,19,,,1,70,,115218,19,,,1,30,,115206,19,,,1,70,,115220,19,,,1,30,,115191,19,,,1,70,,115202,19,,,1,33,,115200,19,,,1,73,,115192,19,,,1,30,,115199,19,,,1,70,,115221,19,,,1,30,,115203,19,,,1,70,,115219,19,,,1,30,,115217,19,,,1,70,,115196,19,,,1,29,,115215,19,,,1,65,,115194,19,,,1,30,,115207,19,,,1,70,,115187,19,,,1,30,,115197,19,,,1,70,,115183,19,,,1,30,,115188,19,,,1,69,,115208,19,,,1,29,,115198,19,,,1,30,,115204,19,,,1,70,,115184,19,,,1,25,,115213,19,,,1,95,,115212,19,,,1
18901,'8',641,,115227,19,,,1,100,,115225,19,,,1,100,,115234,19,,,1,100,,115226,19,,,1,100,,115233,19,,,1,100,,115222,19,,,1,100,,115223,19,,,1,100,,115232,19,,,1,100,,115230,19,,,1,100,,115229,19,,,1,100,,115228,19,,,1,100,,115224,19,,,1,99,,115231,19,,,1
18901,'9',641,,115235,19,,,1,100,,115238,19,,,1,100,,115246,19,,,1,100,,115244,19,,,1,100,,115245,19,,,1,100,,115240,19,,,1,100,,115237,19,,,1,100,,115248,19,,,1,100,,115241,19,,,1,100,,115242,19,,,1,100,,115247,19,,,1,100,,115243,19,,,1,99,,115236,19,,,1,100,,115239,19,,,1
61000,'10',753,,118278,19,,,1
61000,'11',753,,118279,19,,,1
61000,'12',753,,118280,19,,,1
61000,'15',753,,118281,19,,,1
61000,'16',753,,118282,19,,,1
61000,'3',753,,118283,19,,,1
61000,'4',753,,118284,19,,,1
61000,'6',753,,118285,19,,,1
61700,'10',843,,118398,47,,,1
61700,'11',843,,118399,47,,,1
61700,'12',843,,118400,47,,,1
61700,'15',843,,118401,47,,,1
61700,'16',843,,118402,47,,,1
61700,'3',843,,118403,47,,,1
61700,'4',843,,118404,47,,,1
61700,'6',843,,118405,47,,,1
69100,'10',841,,120390,47,,,1
69100,'11',841,,120391,47,,,1
69100,'12',841,,120392,47,,,1
69100,'15',841,,120393,47,,,1
69100,'16',841,,120394,47,,,1
69100,'3',841,,120395,47,,,1
69100,'4',841,,120396,47,,,1
69100,'6',841,,120397,47,,,1
