4701,'1',1521,,157276,30,,,1,34,,157280,30,,,1,69,,157278,30,,,1,29,,157277,30,,,1,65,,120097,30,,,1,34,,157279,30,,,1,59,,114117,30,,,1
4701,'10',1523,,157285,30,,,1,32,,157281,30,,,1,69,,157287,30,,,1,30,,157282,30,,,1,64,,157286,30,,,1,34,,157283,30,,,1,59,,157284,30,,,1
4701,'12',1523,,157291,30,,,1,31,,72644,30,,,1,68,,157288,30,,,1,31,,157289,30,,,1,65,,157290,30,,,1,36,,157292,30,,,1,57,,157293,30,,,1
4701,'14',1523,,157297,30,,,1,31,,157296,30,,,1,68,,157294,30,,,1,31,,157295,30,,,1,65,,78875,30,,,1,36,,10379,30,,,1,57,,157298,30,,,1
4701,'15',1523,,157302,30,,,1,31,,157301,30,,,1,68,,157299,30,,,1,31,,157300,30,,,1,65,,79225,30,,,1,36,,10719,30,,,1,57,,157303,30,,,1
4701,'16',1523,,157308,30,,,1,31,,157307,30,,,1,68,,157304,30,,,1,31,,157305,30,,,1,65,,157306,30,,,1,36,,157309,30,,,1,57,,157310,30,,,1
4701,'17',1521,,157311,30,,,1,34,,157315,30,,,1,69,,157313,30,,,1,29,,157312,30,,,1,65,,120103,30,,,1,34,,157314,30,,,1,59,,114278,30,,,1
4701,'2',1521,,157316,30,,,1,34,,157320,30,,,1,69,,157318,30,,,1,29,,157317,30,,,1,65,,120099,30,,,1,34,,157319,30,,,1,59,,114154,30,,,1
4701,'3',1523,,157324,30,,,1,31,,157323,30,,,1,68,,157321,30,,,1,31,,157322,30,,,1,65,,79094,30,,,1,36,,10598,30,,,1,57,,157325,30,,,1
4701,'5',1521,,157326,30,,,1,34,,157331,30,,,1,69,,157329,30,,,1,29,,157328,30,,,1,65,,157332,30,,,1,34,,157330,30,,,1,59,,157327,30,,,1
4701,'6',1521,,157333,30,,,1,34,,157337,30,,,1,69,,157335,30,,,1,29,,157334,30,,,1,65,,120107,30,,,1,34,,157336,30,,,1,59,,114477,30,,,1
4701,'8',1521,,157338,30,,,1,34,,157342,30,,,1,69,,157340,30,,,1,29,,157339,30,,,1,65,,120105,30,,,1,34,,157341,30,,,1,59,,114440,30,,,1
