4000,'1',532,,42040,,,1,71,,42032,,,1,30,,42007,,,1,71,,42050,,,1,33,,42029,,,1,70,,42020,,,1,29,,42061,,,1,70,,42018,,,1,29,,42009,,,1,71,,42049,,,1,31,,42004,,,1,69,,42039,,,1,31,,42016,,,1,70,,42012,,,1,28,,42008,,,1,70,,42045,,,1,30,,42064,,,1,70,,42011,,,1,30,,42019,,,1,73,,42030,,,1,13,,42063,,,1,17,,42044,,,1,15,,42005,,,1,55,,42031,,,1,14,,42055,,,1,15,,42006,,,1,15,,42053,,,1,70,,42017,,,1,15,,42059,,,1,15,,42010,,,1,55,,42062,,,1,29,,42066,,,1,70,,42057,,,1,32,,42052,,,1,70,,42023,,,1,30,,42041,,,1,69,,42048,,,1,30,,42056,,,1,69,,42015,,,1,30,,42028,,,1,69,,42033,,,1,30,,42038,,,1,69,,42051,,,1,30,,42034,,,1,70,,42054,,,1
4000,'10',532,,42115,,,1,71,,42098,,,1,30,,42080,,,1,71,,42111,,,1,33,,42113,,,1,70,,42090,,,1,30,,42075,,,1,69,,42121,,,1,29,,42071,,,1,71,,42081,,,1,31,,42122,,,1,69,,42095,,,1,31,,42077,,,1,70,,42087,,,1,28,,42083,,,1,70,,42110,,,1,30,,42131,,,1,70,,42092,,,1,30,,42104,,,1,73,,42106,,,1,15,,42108,,,1,15,,42078,,,1,15,,42130,,,1,55,,42082,,,1,14,,42120,,,1,15,,42088,,,1,15,,42128,,,1,55,,42132,,,1,15,,42117,,,1,15,,42125,,,1,15,,42089,,,1,55,,42119,,,1,29,,42068,,,1,70,,42097,,,1,32,,42091,,,1,70,,42070,,,1,30,,42094,,,1,69,,42086,,,1,30,,42076,,,1,69,,42074,,,1,30,,42124,,,1,69,,42109,,,1,30,,42072,,,1,69,,42102,,,1,30,,42105,,,1,70,,42093,,,1
4000,'11',532,,42170,,,1,71,,42162,,,1,30,,42137,,,1,71,,42180,,,1,33,,42159,,,1,70,,42150,,,1,29,,42191,,,1,70,,42148,,,1,29,,42139,,,1,71,,42179,,,1,31,,42134,,,1,69,,42169,,,1,31,,42146,,,1,70,,42142,,,1,28,,42138,,,1,70,,42175,,,1,30,,42194,,,1,70,,42141,,,1,30,,42149,,,1,73,,42160,,,1,13,,42193,,,1,17,,42174,,,1,15,,42135,,,1,55,,42161,,,1,14,,42185,,,1,15,,42136,,,1,15,,42183,,,1,70,,42147,,,1,15,,42189,,,1,15,,42140,,,1,55,,42192,,,1,29,,42196,,,1,70,,42187,,,1,32,,42182,,,1,70,,42153,,,1,30,,42171,,,1,69,,42178,,,1,30,,42186,,,1,69,,42145,,,1,30,,42158,,,1,69,,42163,,,1,30,,42168,,,1,69,,42181,,,1,30,,42164,,,1,70,,42184,,,1
4000,'12',532,,42203,,,1,71,,42207,,,1,30,,42231,,,1,71,,42235,,,1,33,,42215,,,1,70,,42198,,,1,31,,42210,,,1,68,,42200,,,1,29,,42213,,,1,71,,42233,,,1,31,,42216,,,1,69,,42236,,,1,31,,42234,,,1,70,,42219,,,1,28,,42217,,,1,70,,42212,,,1,30,,42208,,,1,70,,42206,,,1,30,,42229,,,1,73,,42218,,,1,14,,42224,,,1,31,,42220,,,1,69,,42214,,,1,30,,42230,,,1,70,,42205,,,1,30,,42221,,,1,55,,42237,,,1,29,,42211,,,1,70,,42223,,,1,32,,42222,,,1,70,,42199,,,1,30,,42201,,,1,69,,42238,,,1,30,,42225,,,1,69,,42202,,,1,30,,42228,,,1,69,,42204,,,1,30,,42227,,,1,69,,42226,,,1,30,,42197,,,1,70,,42232,,,1
4000,'13',631,,42246,,,1,92,,42264,,,1,30,,42253,,,1,70,,42239,,,1,30,,42268,,,1,70,,42243,,,1,30,,42241,,,1,72,,42250,,,1,30,,42240,,,1,70,,42247,,,1,30,,42271,,,1,71,,42252,,,1,30,,42260,,,1,70,,42262,,,1,30,,42267,,,1,70,,42261,,,1,30,,42272,,,1,70,,42269,,,1,30,,42270,,,1,70,,42249,,,1,30,,42245,,,1,70,,42254,,,1,30,,42265,,,1,68,,42244,,,1,30,,42255,,,1,70,,42256,,,1,30,,42259,,,1,69,,42248,,,1,30,,42242,,,1,70,,42274,,,1,30,,42258,,,1,70,,42257,,,1,30,,42251,,,1,70,,42273,,,1
4000,'14',631,,42282,,,1,92,,42300,,,1,30,,42289,,,1,70,,42275,,,1,30,,42304,,,1,70,,42279,,,1,30,,42277,,,1,72,,42286,,,1,30,,42276,,,1,70,,42283,,,1,30,,42307,,,1,71,,42288,,,1,30,,42296,,,1,70,,42298,,,1,30,,42303,,,1,70,,42297,,,1,30,,42308,,,1,70,,42305,,,1,30,,42306,,,1,70,,42285,,,1,30,,42281,,,1,70,,42290,,,1,30,,42301,,,1,68,,42280,,,1,30,,42291,,,1,70,,42292,,,1,30,,42295,,,1,69,,42284,,,1,30,,42278,,,1,70,,42310,,,1,30,,42294,,,1,70,,42293,,,1,30,,42287,,,1,70,,42309,,,1
4000,'15',532,,42359,,,1,71,,42342,,,1,30,,42324,,,1,71,,42355,,,1,33,,42357,,,1,70,,42334,,,1,30,,42319,,,1,69,,42365,,,1,29,,42315,,,1,71,,42325,,,1,31,,42366,,,1,69,,42339,,,1,31,,42321,,,1,70,,42331,,,1,28,,42327,,,1,70,,42354,,,1,30,,42375,,,1,70,,42336,,,1,30,,42348,,,1,73,,42350,,,1,15,,42352,,,1,15,,42322,,,1,15,,42374,,,1,55,,42326,,,1,14,,42364,,,1,15,,42332,,,1,15,,42372,,,1,55,,42376,,,1,15,,42361,,,1,15,,42369,,,1,15,,42333,,,1,55,,42363,,,1,29,,42312,,,1,70,,42341,,,1,32,,42335,,,1,70,,42314,,,1,30,,42338,,,1,69,,42330,,,1,30,,42320,,,1,69,,42318,,,1,30,,42368,,,1,69,,42353,,,1,30,,42316,,,1,69,,42346,,,1,30,,42349,,,1,70,,42337,,,1
4000,'16',532,,42414,,,1,71,,42406,,,1,30,,42381,,,1,71,,42424,,,1,33,,42403,,,1,70,,42394,,,1,29,,42435,,,1,70,,42392,,,1,29,,42383,,,1,71,,42423,,,1,31,,42378,,,1,69,,42413,,,1,31,,42390,,,1,70,,42386,,,1,28,,42382,,,1,70,,42419,,,1,30,,42438,,,1,70,,42385,,,1,30,,42393,,,1,73,,42404,,,1,13,,42437,,,1,17,,42418,,,1,15,,42379,,,1,55,,42405,,,1,14,,42429,,,1,15,,42380,,,1,15,,42427,,,1,70,,42391,,,1,15,,42433,,,1,15,,42384,,,1,55,,42436,,,1,29,,42440,,,1,70,,42431,,,1,32,,42426,,,1,70,,42397,,,1,30,,42415,,,1,69,,42422,,,1,30,,42430,,,1,69,,42389,,,1,30,,42402,,,1,69,,42407,,,1,30,,42412,,,1,69,,42425,,,1,30,,42408,,,1,70,,42428,,,1
4000,'17',631,,42448,,,1,92,,42466,,,1,30,,42455,,,1,70,,42441,,,1,30,,42470,,,1,70,,42445,,,1,30,,42443,,,1,72,,42452,,,1,30,,42442,,,1,70,,42449,,,1,30,,42473,,,1,71,,42454,,,1,30,,42462,,,1,70,,42464,,,1,30,,42469,,,1,70,,42463,,,1,30,,42474,,,1,70,,42471,,,1,30,,42472,,,1,70,,42451,,,1,30,,42447,,,1,70,,42456,,,1,30,,42467,,,1,68,,42446,,,1,30,,42457,,,1,70,,42458,,,1,30,,42461,,,1,69,,42450,,,1,30,,42444,,,1,70,,42476,,,1,30,,42460,,,1,70,,42459,,,1,30,,42453,,,1,70,,42475,,,1
4000,'18',546,,42505,,,1,70,,42507,,,1,30,,42484,,,1,65,,42503,,,1,35,,42483,,,1,70,,42489,,,1,30,,42485,,,1,70,,42486,,,1,30,,42493,,,1,72,,42487,,,1,30,,42494,,,1,70,,42515,,,1,30,,42480,,,1,71,,42496,,,1,30,,42501,,,1,70,,42492,,,1,30,,42495,,,1,70,,42510,,,1,30,,42504,,,1,70,,42514,,,1,30,,42502,,,1,70,,42511,,,1,30,,42490,,,1,70,,42516,,,1,30,,42512,,,1,68,,42488,,,1,30,,42497,,,1,70,,42482,,,1,30,,42508,,,1,69,,42481,,,1,30,,42506,,,1,70,,42479,,,1,30,,42478,,,1,70,,42500,,,1,30,,42513,,,1,70,,42491,,,1,30,,42498,,,1,70,,42509,,,1,30,,42499,,,1
4000,'19',546,,42546,,,1,70,,42548,,,1,30,,42525,,,1,65,,42544,,,1,35,,42524,,,1,70,,42530,,,1,30,,42526,,,1,70,,42527,,,1,30,,42534,,,1,72,,42528,,,1,30,,42535,,,1,70,,42556,,,1,30,,42521,,,1,71,,42537,,,1,30,,42542,,,1,70,,42533,,,1,30,,42536,,,1,70,,42551,,,1,30,,42545,,,1,70,,42555,,,1,30,,42543,,,1,70,,42552,,,1,30,,42531,,,1,70,,42557,,,1,30,,42553,,,1,68,,42529,,,1,30,,42538,,,1,70,,42523,,,1,30,,42549,,,1,69,,42522,,,1,30,,42547,,,1,70,,42520,,,1,30,,42519,,,1,70,,42541,,,1,30,,42554,,,1,70,,42532,,,1,30,,42539,,,1,70,,42550,,,1,30,,42540,,,1
4000,'2',631,,42566,,,1,92,,42584,,,1,30,,42573,,,1,70,,42559,,,1,30,,42588,,,1,70,,42563,,,1,30,,42561,,,1,72,,42570,,,1,30,,42560,,,1,70,,42567,,,1,30,,42591,,,1,71,,42572,,,1,30,,42580,,,1,70,,42582,,,1,30,,42587,,,1,70,,42581,,,1,30,,42592,,,1,70,,42589,,,1,30,,42590,,,1,70,,42569,,,1,30,,42565,,,1,70,,42574,,,1,30,,42585,,,1,68,,42564,,,1,30,,42575,,,1,70,,42576,,,1,30,,42579,,,1,69,,42568,,,1,30,,42562,,,1,70,,42594,,,1,30,,42578,,,1,70,,42577,,,1,30,,42571,,,1,70,,42593,,,1
4000,'20',532,,42632,,,1,71,,42624,,,1,30,,42599,,,1,71,,42642,,,1,33,,42621,,,1,70,,42612,,,1,29,,42653,,,1,70,,42610,,,1,29,,42601,,,1,71,,42641,,,1,31,,42596,,,1,69,,42631,,,1,31,,42608,,,1,70,,42604,,,1,28,,42600,,,1,70,,42637,,,1,30,,42656,,,1,70,,42603,,,1,30,,42611,,,1,73,,42622,,,1,13,,42655,,,1,17,,42636,,,1,15,,42597,,,1,55,,42623,,,1,14,,42647,,,1,15,,42598,,,1,15,,42645,,,1,70,,42609,,,1,15,,42651,,,1,15,,42602,,,1,55,,42654,,,1,29,,42658,,,1,70,,42649,,,1,32,,42644,,,1,70,,42615,,,1,30,,42633,,,1,69,,42640,,,1,30,,42648,,,1,69,,42607,,,1,30,,42620,,,1,69,,42625,,,1,30,,42630,,,1,69,,42643,,,1,30,,42626,,,1,70,,42646,,,1
4000,'3',532,,42696,,,1,71,,42688,,,1,30,,42663,,,1,71,,42706,,,1,33,,42685,,,1,70,,42676,,,1,29,,42717,,,1,70,,42674,,,1,29,,42665,,,1,71,,42705,,,1,31,,42660,,,1,69,,42695,,,1,31,,42672,,,1,70,,42668,,,1,28,,42664,,,1,70,,42701,,,1,30,,42720,,,1,70,,42667,,,1,30,,42675,,,1,73,,42686,,,1,13,,42719,,,1,17,,42700,,,1,15,,42661,,,1,55,,42687,,,1,14,,42711,,,1,15,,42662,,,1,15,,42709,,,1,70,,42673,,,1,15,,42715,,,1,15,,42666,,,1,55,,42718,,,1,29,,42722,,,1,70,,42713,,,1,32,,42708,,,1,70,,42679,,,1,30,,42697,,,1,69,,42704,,,1,30,,42712,,,1,69,,42671,,,1,30,,42684,,,1,69,,42689,,,1,30,,42694,,,1,69,,42707,,,1,30,,42690,,,1,70,,42710,,,1
4000,'4',532,,42760,,,1,71,,42752,,,1,30,,42727,,,1,71,,42770,,,1,33,,42749,,,1,70,,42740,,,1,29,,42781,,,1,70,,42738,,,1,29,,42729,,,1,71,,42769,,,1,31,,42724,,,1,69,,42759,,,1,31,,42736,,,1,70,,42732,,,1,28,,42728,,,1,70,,42765,,,1,30,,42784,,,1,70,,42731,,,1,30,,42739,,,1,73,,42750,,,1,13,,42783,,,1,17,,42764,,,1,15,,42725,,,1,55,,42751,,,1,14,,42775,,,1,15,,42726,,,1,15,,42773,,,1,70,,42737,,,1,15,,42779,,,1,15,,42730,,,1,55,,42782,,,1,29,,42786,,,1,70,,42777,,,1,32,,42772,,,1,70,,42743,,,1,30,,42761,,,1,69,,42768,,,1,30,,42776,,,1,69,,42735,,,1,30,,42748,,,1,69,,42753,,,1,30,,42758,,,1,69,,42771,,,1,30,,42754,,,1,70,,42774,,,1
4000,'5',532,,42824,,,1,71,,42816,,,1,30,,42791,,,1,71,,42834,,,1,33,,42813,,,1,70,,42804,,,1,29,,42845,,,1,70,,42802,,,1,29,,42793,,,1,71,,42833,,,1,31,,42788,,,1,69,,42823,,,1,31,,42800,,,1,70,,42796,,,1,28,,42792,,,1,70,,42829,,,1,30,,42848,,,1,70,,42795,,,1,30,,42803,,,1,73,,42814,,,1,13,,42847,,,1,17,,42828,,,1,15,,42789,,,1,55,,42815,,,1,14,,42839,,,1,15,,42790,,,1,15,,42837,,,1,70,,42801,,,1,15,,42843,,,1,15,,42794,,,1,55,,42846,,,1,29,,42850,,,1,70,,42841,,,1,32,,42836,,,1,70,,42807,,,1,30,,42825,,,1,69,,42832,,,1,30,,42840,,,1,69,,42799,,,1,30,,42812,,,1,69,,42817,,,1,30,,42822,,,1,69,,42835,,,1,30,,42818,,,1,70,,42838,,,1
4000,'6',532,,42888,,,1,71,,42880,,,1,30,,42855,,,1,71,,42898,,,1,33,,42877,,,1,70,,42868,,,1,29,,42909,,,1,70,,42866,,,1,29,,42857,,,1,71,,42897,,,1,31,,42852,,,1,69,,42887,,,1,31,,42864,,,1,70,,42860,,,1,28,,42856,,,1,70,,42893,,,1,30,,42912,,,1,70,,42859,,,1,30,,42867,,,1,73,,42878,,,1,13,,42911,,,1,17,,42892,,,1,15,,42853,,,1,55,,42879,,,1,14,,42903,,,1,15,,42854,,,1,15,,42901,,,1,70,,42865,,,1,15,,42907,,,1,15,,42858,,,1,55,,42910,,,1,29,,42914,,,1,70,,42905,,,1,32,,42900,,,1,70,,42871,,,1,30,,42889,,,1,69,,42896,,,1,30,,42904,,,1,69,,42863,,,1,30,,42876,,,1,69,,42881,,,1,30,,42886,,,1,69,,42899,,,1,30,,42882,,,1,70,,42902,,,1
4000,'7',532,,42963,,,1,71,,42946,,,1,30,,42928,,,1,71,,42959,,,1,33,,42961,,,1,70,,42938,,,1,30,,42923,,,1,69,,42969,,,1,29,,42919,,,1,71,,42929,,,1,31,,42970,,,1,69,,42943,,,1,31,,42925,,,1,70,,42935,,,1,28,,42931,,,1,70,,42958,,,1,30,,42979,,,1,70,,42940,,,1,30,,42952,,,1,73,,42954,,,1,15,,42956,,,1,15,,42926,,,1,15,,42978,,,1,55,,42930,,,1,14,,42968,,,1,15,,42936,,,1,15,,42976,,,1,55,,42980,,,1,15,,42965,,,1,15,,42973,,,1,15,,42937,,,1,55,,42967,,,1,29,,42916,,,1,70,,42945,,,1,32,,42939,,,1,70,,42918,,,1,30,,42942,,,1,69,,42934,,,1,30,,42924,,,1,69,,42922,,,1,30,,42972,,,1,69,,42957,,,1,30,,42920,,,1,69,,42950,,,1,30,,42953,,,1,70,,42941,,,1
4000,'8',532,,43029,,,1,71,,43012,,,1,30,,42994,,,1,71,,43025,,,1,33,,43027,,,1,70,,43004,,,1,30,,42989,,,1,69,,43035,,,1,29,,42985,,,1,71,,42995,,,1,31,,43036,,,1,69,,43009,,,1,31,,42991,,,1,70,,43001,,,1,28,,42997,,,1,70,,43024,,,1,30,,43045,,,1,70,,43006,,,1,30,,43018,,,1,73,,43020,,,1,15,,43022,,,1,15,,42992,,,1,15,,43044,,,1,55,,42996,,,1,14,,43034,,,1,15,,43002,,,1,15,,43042,,,1,55,,43046,,,1,15,,43031,,,1,15,,43039,,,1,15,,43003,,,1,55,,43033,,,1,29,,42982,,,1,70,,43011,,,1,32,,43005,,,1,70,,42984,,,1,30,,43008,,,1,69,,43000,,,1,30,,42990,,,1,69,,42988,,,1,30,,43038,,,1,69,,43023,,,1,30,,42986,,,1,69,,43016,,,1,30,,43019,,,1,70,,43007,,,1
4000,'9',532,,43095,,,1,71,,43078,,,1,30,,43060,,,1,71,,43091,,,1,33,,43093,,,1,70,,43070,,,1,30,,43055,,,1,69,,43101,,,1,29,,43051,,,1,71,,43061,,,1,31,,43102,,,1,69,,43075,,,1,31,,43057,,,1,70,,43067,,,1,28,,43063,,,1,70,,43090,,,1,30,,43111,,,1,70,,43072,,,1,30,,43084,,,1,73,,43086,,,1,15,,43088,,,1,15,,43058,,,1,15,,43110,,,1,55,,43062,,,1,14,,43100,,,1,15,,43068,,,1,15,,43108,,,1,55,,43112,,,1,15,,43097,,,1,15,,43105,,,1,15,,43069,,,1,55,,43099,,,1,29,,43048,,,1,70,,43077,,,1,32,,43071,,,1,70,,43050,,,1,30,,43074,,,1,69,,43066,,,1,30,,43056,,,1,69,,43054,,,1,30,,43104,,,1,69,,43089,,,1,30,,43052,,,1,69,,43082,,,1,30,,43085,,,1,70,,43073,,,1
69700,'1',1547,,124581,,,1,0,,124582,0,91,1
69700,'11',1547,,124583,,,1,0,,124584,0,91,1
69700,'16',1547,,124585,,,1,0,,124586,0,91,1
69700,'20',1547,,124587,,,1,0,,124588,0,91,1
69700,'3',1547,,124589,,,1,0,,124590,0,91,1
69700,'4',1547,,124591,,,1,0,,124592,0,91,1
69700,'5',1547,,124593,,,1,0,,124594,0,91,1
69700,'6',1547,,124595,,,1,0,,124596,0,91,1
