67301,'12',816,,295680,8,,,1,5,,295681,8,,,1,5,,295679,8,,,1
67301,'15',816,,295683,8,,,1,5,,295684,8,,,1,5,,295682,8,,,1
67301,'3',816,,295685,8,,,1,5,,8434,8,,,1,5,,184295,8,,,1
67301,'4',816,,295687,8,,,1,5,,295688,8,,,1,5,,295686,8,,,1
67301,'5',816,,295690,8,,,1,5,,295691,8,,,1,5,,295689,8,,,1
67301,'9',816,,295693,8,,,1,5,,295694,8,,,1,5,,295692,8,,,1
67600,'12',814,,295761,19,,,1,2,,129962,19,,,1
67600,'15',814,,295762,19,,,1,2,,130137,19,,,1
67600,'3',814,,295763,19,,,1,2,,295764,19,,,1
67600,'4',814,,295765,19,,,1,2,,130221,19,,,1
67600,'5',814,,295766,19,,,1,2,,129578,19,,,1
67600,'9',814,,295767,19,,,1,2,,129917,19,,,1
69000,'12',821,,296042,28,,,1,2,,296041,41,,,1
69000,'15',821,,296044,28,,,1,2,,296043,41,,,1
69000,'3',821,,202399,28,,,1,2,,296045,41,,,1
69000,'4',821,,296047,28,,,1,2,,296046,41,,,1
69000,'5',821,,296049,28,,,1,2,,296048,41,,,1
69000,'9',821,,296051,28,,,1,2,,296050,41,,,1
