3801,'1',852,,36851,12,,,1,70,,36856,12,,,1,30,,36855,12,,,1,70,,36849,12,,,1,30,,36841,12,,,1,70,,36848,12,,,1,30,,36847,12,,,1,70,,36834,12,,,1,30,,36844,12,,,1,70,,36852,12,,,1,30,,36850,12,,,1,70,,36837,12,,,1,30,,36832,12,,,1,70,,36846,12,,,1,30,,36843,12,,,1,70,,36835,12,,,1,30,,36839,12,,,1,70,,36833,12,,,1,30,,36845,12,,,1,70,,36842,12,,,1,30,,36838,12,,,1,70,,36854,12,,,1,30,,36836,12,,,1,70,,36840,12,,,1,100,,36853,12,,,1
3801,'10',615,,36870,12,,,1,86,,36881,12,,,1,31,,36869,12,,,1,70,,36858,12,,,1,30,,36883,12,,,1,70,,36887,12,,,1,28,,36888,12,,,1,70,,36863,12,,,1,30,,36874,12,,,1,71,,36871,12,,,1,30,,36875,12,,,1,70,,36886,12,,,1,30,,36872,12,,,1,70,,36867,12,,,1,31,,36868,12,,,1,71,,36880,12,,,1,30,,36876,12,,,1,22,,36859,4,,,1,46,,36866,12,,,1,33,,36877,12,,,1,70,,36884,12,,,1,30,,36889,12,,,1,70,,36879,12,,,1,30,,36885,12,,,1,70,,36860,12,,,1,44,,36873,12,,,1,100,,36861,12,,,1,70,,36878,12,,,1,30,,36857,12,,,1,70,,36862,12,,,1,30,,36865,12,,,1,70,,36882,12,,,1,97,,36864,12,,,1
3801,'11',615,,36903,12,,,1,86,,36914,12,,,1,31,,36902,12,,,1,70,,36891,12,,,1,30,,36916,12,,,1,70,,36920,12,,,1,28,,36921,12,,,1,70,,36896,12,,,1,30,,36907,12,,,1,71,,36904,12,,,1,30,,36908,12,,,1,70,,36919,12,,,1,30,,36905,12,,,1,70,,36900,12,,,1,31,,36901,12,,,1,71,,36913,12,,,1,30,,36909,12,,,1,22,,36892,4,,,1,46,,36899,12,,,1,33,,36910,12,,,1,70,,36917,12,,,1,30,,36922,12,,,1,70,,36912,12,,,1,30,,36918,12,,,1,70,,36893,12,,,1,44,,36906,12,,,1,100,,36894,12,,,1,70,,36911,12,,,1,30,,36890,12,,,1,70,,36895,12,,,1,30,,36898,12,,,1,70,,36915,12,,,1,97,,36897,12,,,1
3801,'12',615,,36936,12,,,1,86,,36947,12,,,1,31,,36935,12,,,1,70,,36924,12,,,1,30,,36949,12,,,1,70,,36953,12,,,1,28,,36954,12,,,1,70,,36929,12,,,1,30,,36940,12,,,1,71,,36937,12,,,1,30,,36941,12,,,1,70,,36952,12,,,1,30,,36938,12,,,1,70,,36933,12,,,1,31,,36934,12,,,1,71,,36946,12,,,1,30,,36942,12,,,1,22,,36925,4,,,1,46,,36932,12,,,1,33,,36943,12,,,1,70,,36950,12,,,1,30,,36955,12,,,1,70,,36945,12,,,1,30,,36951,12,,,1,70,,36926,12,,,1,44,,36939,12,,,1,100,,36927,12,,,1,70,,36944,12,,,1,30,,36923,12,,,1,70,,36928,12,,,1,30,,36931,12,,,1,70,,36948,12,,,1,97,,36930,12,,,1
3801,'13',615,,36967,12,,,1,86,,36966,12,,,1,31,,36956,12,,,1,70,,36959,12,,,1,32,,36975,12,,,1,68,,36988,12,,,1,28,,36971,12,,,1,70,,36972,12,,,1,30,,36962,12,,,1,71,,36976,12,,,1,30,,36983,12,,,1,70,,36977,12,,,1,30,,36957,12,,,1,70,,36979,12,,,1,31,,36961,12,,,1,71,,36978,12,,,1,30,,36986,12,,,1,70,,36970,12,,,1,30,,36958,12,,,1,71,,36985,12,,,1,30,,36974,12,,,1,70,,36964,12,,,1,30,,36980,12,,,1,70,,36963,12,,,1,44,,36987,12,,,1,70,,36984,12,,,1,30,,36973,12,,,1,70,,36981,12,,,1,30,,36968,12,,,1,70,,36960,12,,,1,30,,36965,12,,,1,70,,36969,12,,,1,97,,36982,12,,,1
3801,'14',637,,36990,12,,,1,100,,36993,12,,,1,70,,37006,12,,,1,30,,37005,12,,,1,70,,37010,12,,,1,30,,37004,12,,,1,70,,37015,12,,,1,30,,37007,12,,,1,70,,37001,12,,,1,30,,37008,12,,,1,70,,36994,12,,,1,30,,37003,12,,,1,70,,37016,12,,,1,30,,37002,12,,,1,70,,37020,12,,,1,30,,37019,12,,,1,70,,37021,12,,,1,30,,37009,12,,,1,70,,36997,12,,,1,30,,36995,12,,,1,70,,37000,12,,,1,30,,37014,12,,,1,70,,37012,12,,,1,30,,36989,12,,,1,70,,36991,12,,,1,30,,36999,12,,,1,70,,37017,12,,,1,30,,37018,12,,,1,70,,37011,12,,,1,30,,37013,12,,,1,70,,36996,12,,,1,100,,36992,12,0,27 28,1,30,,37022,12,0,27 28,1,70,,36998,12,0,27 28,1
3801,'15',615,,37036,12,,,1,86,,37047,12,,,1,31,,37035,12,,,1,70,,37024,12,,,1,30,,37049,12,,,1,70,,37053,12,,,1,28,,37054,12,,,1,70,,37029,12,,,1,30,,37040,12,,,1,71,,37037,12,,,1,30,,37041,12,,,1,70,,37052,12,,,1,30,,37038,12,,,1,70,,37033,12,,,1,31,,37034,12,,,1,71,,37046,12,,,1,30,,37042,12,,,1,22,,37025,4,,,1,46,,37032,12,,,1,33,,37043,12,,,1,70,,37050,12,,,1,30,,37055,12,,,1,70,,37045,12,,,1,30,,37051,12,,,1,70,,37026,12,,,1,44,,37039,12,,,1,100,,37027,12,,,1,70,,37044,12,,,1,30,,37023,12,,,1,70,,37028,12,,,1,30,,37031,12,,,1,70,,37048,12,,,1,97,,37030,12,,,1
3801,'16',615,,37069,12,,,1,86,,37080,12,,,1,31,,37068,12,,,1,70,,37057,12,,,1,30,,37082,12,,,1,70,,37086,12,,,1,28,,37087,12,,,1,70,,37062,12,,,1,30,,37073,12,,,1,71,,37070,12,,,1,30,,37074,12,,,1,70,,37085,12,,,1,30,,37071,12,,,1,70,,37066,12,,,1,31,,37067,12,,,1,71,,37079,12,,,1,30,,37075,12,,,1,22,,37058,4,,,1,46,,37065,12,,,1,33,,37076,12,,,1,70,,37083,12,,,1,30,,37088,12,,,1,70,,37078,12,,,1,30,,37084,12,,,1,70,,37059,12,,,1,44,,37072,12,,,1,100,,37060,12,,,1,70,,37077,12,,,1,30,,37056,12,,,1,70,,37061,12,,,1,30,,37064,12,,,1,70,,37081,12,,,1,97,,37063,12,,,1
3801,'17',615,,37100,12,,,1,86,,37099,12,,,1,31,,37089,12,,,1,70,,37092,12,,,1,32,,37108,12,,,1,68,,37121,12,,,1,28,,37104,12,,,1,70,,37105,12,,,1,30,,37095,12,,,1,71,,37109,12,,,1,30,,37116,12,,,1,70,,37110,12,,,1,30,,37090,12,,,1,70,,37112,12,,,1,31,,37094,12,,,1,71,,37111,12,,,1,30,,37119,12,,,1,70,,37103,12,,,1,30,,37091,12,,,1,71,,37118,12,,,1,30,,37107,12,,,1,70,,37097,12,,,1,30,,37113,12,,,1,70,,37096,12,,,1,44,,37120,12,,,1,70,,37117,12,,,1,30,,37106,12,,,1,70,,37114,12,,,1,30,,37101,12,,,1,70,,37093,12,,,1,30,,37098,12,,,1,70,,37102,12,,,1,97,,37115,12,,,1
3801,'18',615,,37122,12,,,1,86,,37135,12,,,1,101,,37124,12,,,1,32,,37148,12,,,1,68,,37127,12,,,1,28,,37151,12,,,1,70,,37144,12,,,1,30,,37134,12,,,1,71,,37136,12,,,1,30,,37145,12,,,1,70,,37147,12,,,1,30,,37138,12,,,1,70,,37133,12,,,1,31,,37142,12,,,1,71,,37146,12,,,1,30,,37139,12,,,1,68,,37126,12,,,1,32,,37123,12,,,1,72,,37129,12,,,1,29,,37125,12,,,1,70,,37140,12,,,1,30,,37137,12,,,1,70,,37130,12,,,1,44,,37149,12,,,1,70,,37153,12,,,1,30,,37143,12,,,1,70,,37131,12,,,1,30,,37152,12,,,1,70,,37150,12,,,1,30,,37141,12,,,1,70,,37132,12,,,1,97,,37128,12,,,1
3801,'19',615,,37165,12,,,1,86,,37164,12,,,1,31,,37154,12,,,1,70,,37157,12,,,1,32,,37173,12,,,1,68,,37186,12,,,1,28,,37169,12,,,1,70,,37170,12,,,1,30,,37160,12,,,1,71,,37174,12,,,1,30,,37181,12,,,1,70,,37175,12,,,1,30,,37155,12,,,1,70,,37177,12,,,1,31,,37159,12,,,1,71,,37176,12,,,1,30,,37184,12,,,1,70,,37168,12,,,1,30,,37156,12,,,1,71,,37183,12,,,1,30,,37172,12,,,1,70,,37162,12,,,1,30,,37178,12,,,1,70,,37161,12,,,1,44,,37185,12,,,1,70,,37182,12,,,1,30,,37171,12,,,1,70,,37179,12,,,1,30,,37166,12,,,1,70,,37158,12,,,1,30,,37163,12,,,1,70,,37167,12,,,1,97,,37180,12,,,1
3801,'2',852,,37206,12,,,1,70,,37211,12,,,1,30,,37210,12,,,1,70,,37204,12,,,1,30,,37196,12,,,1,70,,37203,12,,,1,30,,37202,12,,,1,70,,37189,12,,,1,30,,37199,12,,,1,70,,37207,12,,,1,30,,37205,12,,,1,70,,37192,12,,,1,30,,37187,12,,,1,70,,37201,12,,,1,30,,37198,12,,,1,70,,37190,12,,,1,30,,37194,12,,,1,70,,37188,12,,,1,30,,37200,12,,,1,70,,37197,12,,,1,30,,37193,12,,,1,70,,37209,12,,,1,30,,37191,12,,,1,70,,37195,12,,,1,100,,37208,12,,,1
3801,'3',615,,37225,12,,,1,86,,37236,12,,,1,31,,37224,12,,,1,70,,37213,12,,,1,30,,37238,12,,,1,70,,37242,12,,,1,28,,37243,12,,,1,70,,37218,12,,,1,30,,37229,12,,,1,71,,37226,12,,,1,30,,37230,12,,,1,70,,37241,12,,,1,30,,37227,12,,,1,70,,37222,12,,,1,31,,37223,12,,,1,71,,37235,12,,,1,30,,37231,12,,,1,22,,37214,4,,,1,46,,37221,12,,,1,33,,37232,12,,,1,70,,37239,12,,,1,30,,37244,12,,,1,70,,37234,12,,,1,30,,37240,12,,,1,70,,37215,12,,,1,44,,37228,12,,,1,100,,37216,12,,,1,70,,37233,12,,,1,30,,37212,12,,,1,70,,37217,12,,,1,30,,37220,12,,,1,70,,37237,12,,,1,97,,37219,12,,,1
3801,'4',615,,37258,12,,,1,86,,37269,12,,,1,31,,37257,12,,,1,70,,37246,12,,,1,30,,37271,12,,,1,70,,37275,12,,,1,28,,37276,12,,,1,70,,37251,12,,,1,30,,37262,12,,,1,71,,37259,12,,,1,30,,37263,12,,,1,70,,37274,12,,,1,30,,37260,12,,,1,70,,37255,12,,,1,31,,37256,12,,,1,71,,37268,12,,,1,30,,37264,12,,,1,22,,37247,4,,,1,46,,37254,12,,,1,33,,37265,12,,,1,70,,37272,12,,,1,30,,37277,12,,,1,70,,37267,12,,,1,30,,37273,12,,,1,70,,37248,12,,,1,44,,37261,12,,,1,100,,37249,12,,,1,70,,37266,12,,,1,30,,37245,12,,,1,70,,37250,12,,,1,30,,37253,12,,,1,70,,37270,12,,,1,97,,37252,12,,,1
3801,'5',615,,37289,12,,,1,86,,37288,12,,,1,31,,37278,12,,,1,70,,37281,12,,,1,32,,37297,12,,,1,68,,37310,12,,,1,28,,37293,12,,,1,70,,37294,12,,,1,30,,37284,12,,,1,71,,37298,12,,,1,30,,37305,12,,,1,70,,37299,12,,,1,30,,37279,12,,,1,70,,37301,12,,,1,31,,37283,12,,,1,71,,37300,12,,,1,30,,37308,12,,,1,70,,37292,12,,,1,30,,37280,12,,,1,71,,37307,12,,,1,30,,37296,12,,,1,70,,37286,12,,,1,30,,37302,12,,,1,70,,37285,12,,,1,44,,37309,12,,,1,70,,37306,12,,,1,30,,37295,12,,,1,70,,37303,12,,,1,30,,37290,12,,,1,70,,37282,12,,,1,30,,37287,12,,,1,70,,37291,12,,,1,97,,37304,12,,,1
3801,'6',615,,37324,12,,,1,86,,37335,12,,,1,31,,37323,12,,,1,70,,37312,12,,,1,30,,37337,12,,,1,70,,37341,12,,,1,28,,37342,12,,,1,70,,37317,12,,,1,30,,37328,12,,,1,71,,37325,12,,,1,30,,37329,12,,,1,70,,37340,12,,,1,30,,37326,12,,,1,70,,37321,12,,,1,31,,37322,12,,,1,71,,37334,12,,,1,30,,37330,12,,,1,22,,37313,4,,,1,46,,37320,12,,,1,33,,37331,12,,,1,70,,37338,12,,,1,30,,37343,12,,,1,70,,37333,12,,,1,30,,37339,12,,,1,70,,37314,12,,,1,44,,37327,12,,,1,100,,37315,12,,,1,70,,37332,12,,,1,30,,37311,12,,,1,70,,37316,12,,,1,30,,37319,12,,,1,70,,37336,12,,,1,97,,37318,12,,,1
3801,'7',615,,37355,12,,,1,86,,37354,12,,,1,31,,37344,12,,,1,70,,37347,12,,,1,32,,37363,12,,,1,68,,37376,12,,,1,28,,37359,12,,,1,70,,37360,12,,,1,30,,37350,12,,,1,71,,37364,12,,,1,30,,37371,12,,,1,70,,37365,12,,,1,30,,37345,12,,,1,70,,37367,12,,,1,31,,37349,12,,,1,71,,37366,12,,,1,30,,37374,12,,,1,70,,37358,12,,,1,30,,37346,12,,,1,71,,37373,12,,,1,30,,37362,12,,,1,70,,37352,12,,,1,30,,37368,12,,,1,70,,37351,12,,,1,44,,37375,12,,,1,70,,37372,12,,,1,30,,37361,12,,,1,70,,37369,12,,,1,30,,37356,12,,,1,70,,37348,12,,,1,30,,37353,12,,,1,70,,37357,12,,,1,97,,37370,12,,,1
3801,'8',637,,37378,12,,,1,100,,37381,12,,,1,70,,37394,12,,,1,30,,37393,12,,,1,70,,37398,12,,,1,30,,37392,12,,,1,70,,37403,12,,,1,30,,37395,12,,,1,70,,37389,12,,,1,30,,37396,12,,,1,70,,37382,12,,,1,30,,37391,12,,,1,70,,37404,12,,,1,30,,37390,12,,,1,70,,37408,12,,,1,30,,37407,12,,,1,70,,37409,12,,,1,30,,37397,12,,,1,70,,37385,12,,,1,30,,37383,12,,,1,70,,37388,12,,,1,30,,37402,12,,,1,70,,37400,12,,,1,30,,37377,12,,,1,70,,37379,12,,,1,30,,37387,12,,,1,70,,37405,12,,,1,30,,37406,12,,,1,70,,37399,12,,,1,30,,37401,12,,,1,70,,37384,12,,,1,100,,37380,12,0,27 28,1,30,,37410,12,0,27 28,1,70,,37386,12,0,27 28,1
3801,'9',852,,37430,12,,,1,70,,37435,12,,,1,30,,37434,12,,,1,70,,37428,12,,,1,30,,37420,12,,,1,70,,37427,12,,,1,30,,37426,12,,,1,70,,37413,12,,,1,30,,37423,12,,,1,70,,37431,12,,,1,30,,37429,12,,,1,70,,37416,12,,,1,30,,37411,12,,,1,70,,37425,12,,,1,30,,37422,12,,,1,70,,37414,12,,,1,30,,37418,12,,,1,70,,37412,12,,,1,30,,37424,12,,,1,70,,37421,12,,,1,30,,37417,12,,,1,70,,37433,12,,,1,30,,37415,12,,,1,70,,37419,12,,,1,100,,37432,12,,,1
63801,'10',1455,,118726,4,,,1
63801,'11',1455,,118727,4,,,1
63801,'12',1455,,118728,4,,,1
63801,'15',1455,,118729,4,,,1
63801,'16',1455,,118730,4,,,1
63801,'3',1455,,118731,4,,,1
63801,'4',1455,,118732,4,,,1
63801,'6',1455,,118733,4,,,1
67800,'10',800,,119926,9,,,1
67800,'11',800,,119927,9,,,1
67800,'12',800,,119928,9,,,1
67800,'15',800,,119929,9,,,1
67800,'16',800,,119930,9,,,1
67800,'3',800,,119931,9,,,1
67800,'4',800,,119932,9,,,1
67800,'6',800,,119933,9,,,1
