8100,'1',812,,266710,77,,,1,30,,266707,77,,,1,70,,266717,77,,,1,30,,266702,77,,,1,70,,266696,77,,,1,30,,266703,77,,,1,73,,266705,77,,,1,30,,266709,77,,,1,70,,266698,77,,,1,30,,266720,77,,,1,72,,266711,77,,,1,30,,196945,77,,,1,70,,266712,77,,,1,30,,266715,77,,,1,70,,266713,77,,,1,30,,266697,77,,,1,70,,148577,77,,,1,30,,266716,77,,,1,70,,266701,77,,,1,30,,266719,77,,,1,70,,266699,77,,,1,30,,266714,77,,,1,68,,266704,77,,,1,30,,266706,77,,,1,70,,266708,77,,,1,100,,266721,77,,,1,97,,266718,77,,,1,100,,182064,77,,,1,100,,266700,77,,,1
8100,'10',812,,266736,77,,,1,30,,266733,77,,,1,70,,266743,77,,,1,30,,266728,77,,,1,70,,266722,77,,,1,30,,266729,77,,,1,73,,266731,77,,,1,30,,125538,77,,,1,70,,266724,77,,,1,30,,266747,77,,,1,72,,266737,77,,,1,30,,266749,77,,,1,70,,266738,77,,,1,30,,266741,77,,,1,70,,266739,77,,,1,30,,266723,77,,,1,70,,266735,77,,,1,30,,266742,77,,,1,70,,266727,77,,,1,30,,266746,77,,,1,70,,266725,77,,,1,30,,266740,77,,,1,68,,266730,77,,,1,30,,266732,77,,,1,70,,266734,77,,,1,100,,266748,77,,,1,97,,266745,77,,,1,100,,266744,77,,,1,100,,266726,77,,,1
8100,'11',809,,266755,77,,,1,30,,266766,77,,,1,70,,266751,77,,,1,30,,266758,77,,,1,70,,266752,77,,,1,30,,266763,77,,,1,73,,266764,77,,,1,30,,194666,77,,,1,70,,266759,77,,,1,30,,266765,77,,,1,72,,266756,77,,,1,30,,172660,77,,,1,70,,266767,77,,,1,30,,130804,77,,,1,70,,266769,77,,,1,30,,266760,77,,,1,70,,266757,77,,,1,30,,266750,77,,,1,70,,266761,77,,,1,30,,266754,77,,,1,70,,266772,77,,,1,30,,266770,77,,,1,68,,266753,77,,,1,100,,266768,77,,,1,100,,171416,77,,,1,97,,266771,77,,,1,100,,266762,77,,,1
8100,'12',626,,197444,77,,,1,30,,266775,77,,,1,70,,266777,77,,,1,28,,149344,77,,,1,67,,166904,77,,,1,35,,266799,77,,,1,72,,266789,77,,,1,28,,82999,77,,,1,70,,266786,77,,,1,30,,266795,77,,,1,70,,266792,77,,,1,30,,266783,77,,,1,70,,152473,77,,,1,33,,266774,77,,,1,70,,266781,77,,,1,30,,266784,77,,,1,72,,266796,77,,,1,70,,266790,77,,,1,30,,266787,77,,,1,75,,266773,77,,,1,34,,266801,77,,,1,97,,266780,77,,,1,68,,178132,77,,,1,28,,266798,77,,,1,70,,266791,77,,,1,25,,266776,77,,,1,28,,266793,77,,,1,70,,266794,77,,,1,30,,266778,77,,,1,66,,266779,77,,,1,30,,266785,77,,,1,70,,266782,77,,,1,30,,266797,77,,,1,100,,266788,77,,,1,85,,266800,77,,,1
8100,'13',812,,266811,77,,,1,30,,131585,77,,,1,70,,266816,77,,,1,30,,161332,77,,,1,70,,266802,77,,,1,30,,266806,77,,,1,73,,200647,77,,,1,30,,266810,77,,,1,70,,266803,77,,,1,30,,266820,77,,,1,72,,266812,77,,,1,30,,266821,77,,,1,70,,266813,77,,,1,30,,266814,77,,,1,70,,176930,77,,,1,30,,178593,77,,,1,70,,266809,77,,,1,30,,266815,77,,,1,70,,158803,77,,,1,30,,266819,77,,,1,70,,266804,77,,,1,30,,118057,77,,,1,68,,31726,77,,,1,30,,266807,77,,,1,70,,266808,77,,,1,100,,177667,77,,,1,97,,266818,77,,,1,100,,266817,77,,,1,100,,266805,77,,,1
8100,'14',626,,266832,77,,,1,30,,266840,77,,,1,70,,266841,77,,,1,28,,266830,77,,,1,72,,266847,77,,,1,32,,266835,77,,,1,69,,266836,77,,,1,29,,266838,77,,,1,70,,266833,77,,,1,30,,149075,77,,,1,70,,266829,77,,,1,30,,266828,77,,,1,70,,185301,77,,,1,33,,45621,77,,,1,70,,266845,77,,,1,30,,266842,77,,,1,72,,266834,77,,,1,70,,178025,77,,,1,30,,266827,77,,,1,75,,266844,77,,,1,32,,152217,77,,,1,70,,266825,77,,,1,29,,266823,77,,,1,68,,266826,77,,,1,28,,266848,77,,,1,70,,266839,77,,,1,25,,266850,77,,,1,28,,266846,77,,,1,70,,266824,77,,,1,30,,266831,77,,,1,66,,266837,77,,,1,30,,189861,77,,,1,70,,266822,77,,,1,30,,153319,77,,,1,100,,266843,77,,,1,85,,266849,77,,,1
8100,'15',626,,197546,77,,,1,30,,266853,77,,,1,70,,266855,77,,,1,28,,149600,77,,,1,67,,167021,77,,,1,35,,266877,77,,,1,72,,266867,77,,,1,28,,83047,77,,,1,70,,266864,77,,,1,30,,266873,77,,,1,70,,266870,77,,,1,30,,266861,77,,,1,70,,152672,77,,,1,33,,266852,77,,,1,70,,266859,77,,,1,30,,266862,77,,,1,72,,266874,77,,,1,70,,266868,77,,,1,30,,266865,77,,,1,75,,266851,77,,,1,34,,266879,77,,,1,97,,266858,77,,,1,68,,178235,77,,,1,28,,266876,77,,,1,70,,266869,77,,,1,25,,266854,77,,,1,28,,266871,77,,,1,70,,266872,77,,,1,30,,266856,77,,,1,66,,266857,77,,,1,30,,266863,77,,,1,70,,266860,77,,,1,30,,266875,77,,,1,100,,266866,77,,,1,85,,266878,77,,,1
8100,'16',809,,266884,77,,,1,30,,266897,77,,,1,70,,266880,77,,,1,30,,266887,77,,,1,70,,266881,77,,,1,30,,266893,77,,,1,73,,266895,77,,,1,30,,266892,77,,,1,70,,38115,77,,,1,30,,266896,77,,,1,72,,266885,77,,,1,30,,266888,77,,,1,70,,266898,77,,,1,30,,266894,77,,,1,70,,266900,77,,,1,30,,266889,77,,,1,70,,266886,77,,,1,30,,157381,77,,,1,70,,266890,77,,,1,30,,266883,77,,,1,70,,266903,77,,,1,30,,266901,77,,,1,68,,266882,77,,,1,100,,266899,77,,,1,100,,266902,77,,,1,97,,176556,77,,,1,100,,266891,77,,,1
8100,'17',626,,266914,77,,,1,30,,266922,77,,,1,70,,266923,77,,,1,28,,266912,77,,,1,72,,266929,77,,,1,32,,266917,77,,,1,69,,266918,77,,,1,29,,266920,77,,,1,70,,266915,77,,,1,30,,148951,77,,,1,70,,266911,77,,,1,30,,266910,77,,,1,70,,185202,77,,,1,33,,150670,77,,,1,70,,266927,77,,,1,30,,266924,77,,,1,72,,266916,77,,,1,70,,177975,77,,,1,30,,266909,77,,,1,75,,266926,77,,,1,32,,87952,77,,,1,70,,266907,77,,,1,29,,266905,77,,,1,68,,266908,77,,,1,28,,266930,77,,,1,70,,266921,77,,,1,25,,266932,77,,,1,28,,266928,77,,,1,70,,266906,77,,,1,30,,266913,77,,,1,66,,266919,77,,,1,30,,73134,77,,,1,70,,266904,77,,,1,30,,153274,77,,,1,100,,266925,77,,,1,85,,266931,77,,,1
8100,'18',626,,266943,77,,,1,30,,266951,77,,,1,70,,266952,77,,,1,28,,266941,77,,,1,72,,266958,77,,,1,32,,266946,77,,,1,69,,266947,77,,,1,29,,266949,77,,,1,70,,266944,77,,,1,30,,149202,77,,,1,70,,266940,77,,,1,30,,266939,77,,,1,70,,105144,77,,,1,33,,150848,77,,,1,70,,266956,77,,,1,30,,266953,77,,,1,72,,266945,77,,,1,70,,103530,77,,,1,30,,266938,77,,,1,75,,266955,77,,,1,32,,152334,77,,,1,70,,266936,77,,,1,29,,266934,77,,,1,68,,266937,77,,,1,28,,266959,77,,,1,70,,266950,77,,,1,25,,266961,77,,,1,28,,266957,77,,,1,70,,266935,77,,,1,30,,266942,77,,,1,66,,266948,77,,,1,30,,189962,77,,,1,70,,266933,77,,,1,30,,307,77,,,1,100,,266954,77,,,1,85,,266960,77,,,1
8100,'2',626,,266975,77,,,1,30,,266982,77,,,1,70,,266983,77,,,1,28,,266971,77,,,1,72,,266988,77,,,1,32,,266978,77,,,1,69,,129313,77,,,1,29,,266980,77,,,1,70,,266976,77,,,1,30,,266981,77,,,1,70,,266970,77,,,1,30,,93623,77,,,1,70,,266963,77,,,1,33,,266973,77,,,1,70,,266987,77,,,1,30,,266985,77,,,1,72,,266977,77,,,1,70,,266968,77,,,1,30,,266969,77,,,1,75,,266986,77,,,1,32,,266964,77,,,1,70,,266966,77,,,1,29,,102994,77,,,1,68,,266967,77,,,1,28,,121478,77,,,1,70,,122166,77,,,1,25,,266990,77,,,1,28,,148393,77,,,1,70,,266965,77,,,1,30,,266972,77,,,1,66,,266979,77,,,1,30,,266974,77,,,1,70,,266962,77,,,1,30,,266984,77,,,1,100,,8409,77,,,1,85,,266989,77,,,1
8100,'3',626,,267010,77,,,1,30,,266991,77,,,1,70,,123760,77,,,1,28,,267012,77,,,1,67,,267006,77,,,1,35,,267016,77,,,1,72,,140540,77,,,1,28,,266999,77,,,1,70,,267003,77,,,1,30,,130532,77,,,1,70,,267009,77,,,1,30,,267000,77,,,1,70,,267005,77,,,1,33,,130500,77,,,1,70,,266997,77,,,1,30,,267001,77,,,1,72,,267013,77,,,1,70,,267008,77,,,1,30,,267004,77,,,1,75,,134409,77,,,1,34,,267018,77,,,1,97,,266996,77,,,1,68,,266993,77,,,1,28,,267015,77,,,1,70,,124762,77,,,1,25,,266992,77,,,1,28,,168614,77,,,1,70,,267011,77,,,1,30,,266994,77,,,1,66,,266995,77,,,1,30,,267002,77,,,1,70,,266998,77,,,1,30,,267014,77,,,1,100,,267007,77,,,1,85,,267017,77,,,1
8100,'4',626,,197589,77,,,1,30,,267021,77,,,1,70,,267023,77,,,1,28,,149727,77,,,1,67,,167080,77,,,1,35,,267045,77,,,1,72,,267035,77,,,1,28,,83041,77,,,1,70,,267032,77,,,1,30,,267041,77,,,1,70,,267038,77,,,1,30,,267029,77,,,1,70,,152762,77,,,1,33,,267020,77,,,1,70,,267027,77,,,1,30,,267030,77,,,1,72,,267042,77,,,1,70,,267036,77,,,1,30,,267033,77,,,1,75,,267019,77,,,1,34,,267047,77,,,1,97,,267026,77,,,1,68,,178290,77,,,1,28,,267044,77,,,1,70,,267037,77,,,1,25,,267022,77,,,1,28,,267039,77,,,1,70,,267040,77,,,1,30,,267024,77,,,1,66,,267025,77,,,1,30,,267031,77,,,1,70,,267028,77,,,1,30,,267043,77,,,1,100,,267034,77,,,1,85,,267046,77,,,1
8100,'5',626,,197233,77,,,1,30,,267050,77,,,1,70,,267052,77,,,1,28,,148793,77,,,1,67,,166643,77,,,1,35,,267074,77,,,1,72,,267064,77,,,1,28,,82993,77,,,1,70,,267061,77,,,1,30,,267070,77,,,1,70,,267067,77,,,1,30,,267058,77,,,1,70,,152051,77,,,1,33,,267049,77,,,1,70,,267056,77,,,1,30,,267059,77,,,1,72,,267071,77,,,1,70,,267065,77,,,1,30,,267062,77,,,1,75,,267048,77,,,1,34,,267076,77,,,1,97,,267055,77,,,1,68,,177899,77,,,1,28,,267073,77,,,1,70,,267066,77,,,1,25,,267051,77,,,1,28,,267068,77,,,1,70,,267069,77,,,1,30,,267053,77,,,1,66,,267054,77,,,1,30,,267060,77,,,1,70,,267057,77,,,1,30,,267072,77,,,1,100,,267063,77,,,1,85,,267075,77,,,1
8100,'6',809,,267079,77,,,1,30,,143121,77,,,1,70,,167660,77,,,1,30,,267081,77,,,1,70,,147220,77,,,1,30,,267087,77,,,1,73,,267089,77,,,1,30,,267086,77,,,1,70,,267083,77,,,1,30,,267090,77,,,1,72,,267080,77,,,1,30,,267082,77,,,1,70,,267091,77,,,1,30,,267088,77,,,1,70,,267093,77,,,1,30,,267084,77,,,1,70,,142273,77,,,1,30,,267077,77,,,1,70,,163259,77,,,1,30,,267078,77,,,1,70,,267097,77,,,1,30,,267094,77,,,1,68,,191328,77,,,1,100,,267092,77,,,1,100,,267095,77,,,1,97,,267096,77,,,1,100,,267085,77,,,1
8100,'7',626,,267112,77,,,1,30,,267121,77,,,1,70,,267122,77,,,1,28,,267108,77,,,1,72,,128213,77,,,1,32,,267115,77,,,1,69,,267116,77,,,1,29,,267118,77,,,1,70,,267113,77,,,1,30,,267120,77,,,1,70,,267107,77,,,1,30,,267106,77,,,1,70,,267099,77,,,1,33,,267110,77,,,1,70,,267127,77,,,1,30,,267124,77,,,1,72,,267114,77,,,1,70,,267104,77,,,1,30,,267105,77,,,1,75,,267126,77,,,1,32,,267100,77,,,1,70,,267102,77,,,1,29,,267101,77,,,1,68,,267103,77,,,1,28,,267129,77,,,1,70,,267119,77,,,1,25,,267131,77,,,1,28,,267128,77,,,1,70,,170212,77,,,1,30,,267109,77,,,1,66,,267117,77,,,1,30,,267111,77,,,1,70,,267098,77,,,1,30,,267123,77,,,1,100,,267125,77,,,1,85,,267130,77,,,1
8100,'8',626,,267167,77,,,1,30,,267143,77,,,1,70,,267147,77,,,1,29,,267164,77,,,1,69,,267150,77,,,1,34,,267152,77,,,1,70,,267135,77,,,1,28,,267139,77,,,1,70,,267163,77,,,1,30,,267153,77,,,1,70,,267160,77,,,1,30,,267159,77,,,1,70,,267157,77,,,1,33,,267161,77,,,1,70,,267166,77,,,1,30,,267148,77,,,1,72,,267136,77,,,1,70,,267165,77,,,1,30,,267140,77,,,1,75,,267151,77,,,1,32,,267145,77,,,1,70,,267133,77,,,1,29,,267149,77,,,1,68,,267155,77,,,1,28,,267134,77,,,1,70,,267144,77,,,1,25,,267162,77,,,1,28,,267154,77,,,1,70,,267141,77,,,1,30,,267132,77,,,1,66,,267137,77,,,1,30,,267156,77,,,1,70,,267158,77,,,1,30,,267142,77,,,1,100,,267146,77,,,1,85,,267138,77,,,1
8100,'9',626,,197414,77,,,1,30,,267170,77,,,1,70,,267172,77,,,1,28,,149286,77,,,1,67,,166871,77,,,1,35,,267194,77,,,1,72,,267184,77,,,1,28,,83017,77,,,1,70,,267181,77,,,1,30,,267190,77,,,1,70,,267187,77,,,1,30,,267178,77,,,1,70,,152420,77,,,1,33,,267169,77,,,1,70,,267176,77,,,1,30,,267179,77,,,1,72,,267191,77,,,1,70,,267185,77,,,1,30,,267182,77,,,1,75,,267168,77,,,1,34,,267196,77,,,1,97,,267175,77,,,1,68,,178102,77,,,1,28,,267193,77,,,1,70,,267186,77,,,1,25,,267171,77,,,1,28,,267188,77,,,1,70,,267189,77,,,1,30,,267173,77,,,1,66,,267174,77,,,1,30,,267180,77,,,1,70,,267177,77,,,1,30,,267192,77,,,1,100,,267183,77,,,1,85,,267195,77,,,1
