8600,'1',620,,270573,1,,,1,100,,270581,1,,,1,100,,270580,1,,,1,30,,270570,1,,,1,70,,270566,1,,,1,30,,270560,1,,,1,70,,270563,1,,,1,30,,270572,1,,,1,70,,270569,1,,,1,30,,180577,1,,,1,70,,270559,1,,,1,30,,270571,1,,,1,70,,270562,1,,,1,30,,270576,1,,,1,70,,270578,1,,,1,30,,270565,1,,,1,70,,270583,1,,,1,30,,270582,1,,,1,70,,188226,1,,,1,30,,270579,1,,,1,70,,270568,1,,,1,30,,186682,1,,,1,70,,270561,1,,,1,30,,182058,1,,,1,70,,270584,1,,,1,30,,270567,1,,,1,70,,270574,1,,,1,30,,167052,1,,,1,70,,270564,1,,,1,100,,270575,1,,,1,100,,185950,1,,,1,100,,270577,1,,,1
8600,'10',620,,270602,1,,,1,100,,270611,1,,,1,100,,270610,1,,,1,30,,270596,1,,,1,70,,270592,1,,,1,30,,102327,1,,,1,70,,270588,1,,,1,30,,270601,1,,,1,70,,270595,1,,,1,30,,270615,1,,,1,70,,270585,1,,,1,30,,270599,1,,,1,70,,270587,1,,,1,30,,270606,1,,,1,70,,270608,1,,,1,30,,270590,1,,,1,70,,270613,1,,,1,30,,270612,1,,,1,70,,270597,1,,,1,30,,270609,1,,,1,70,,270594,1,,,1,30,,270591,1,,,1,70,,270586,1,,,1,30,,270598,1,,,1,70,,270614,1,,,1,30,,270593,1,,,1,70,,270604,1,,,1,30,,270600,1,,,1,70,,270589,1,,,1,100,,270605,1,,,1,100,,270603,1,,,1,100,,270607,1,,,1
8600,'11',620,,270622,1,,,1,100,,270637,1,,,1,30,,270627,1,,,1,70,,133400,1,,,0,30,,270619,1,,,1,70,,270635,1,,,1,30,,270631,1,,,1,70,,270625,1,,,1,30,,270629,1,,,1,70,,148435,1,,,1,30,,2045,1,,,1,70,,270640,1,,,1,30,,270630,1,,,1,70,,270624,1,,,1,30,,270636,1,,,1,70,,270632,1,,,1,30,,270620,1,,,1,70,,270621,1,,,1,30,,270623,1,,,1,70,,270634,1,,,1,30,,270628,1,,,1,70,,270618,1,,,1,30,,158344,1,,,1,70,,168145,1,,,1,30,,270617,1,,,1,70,,270626,1,,,1,30,,270639,1,,,1,70,,270633,1,,,1,30,,270638,1,,,1,100,,165955,1,,,1,100,,270616,1,,,1
8600,'12',501,,270644,1,,,1,50,,270656,1,,,1,55,,270669,1,,,1,29,,205849,1,,,1,70,,205225,1,,,1,33,,270646,1,,,1,72,,181892,1,,,1,31,,270672,1,,,1,69,,270671,1,,,1,15,,159127,1,,,1,30,,270657,1,,,1,70,,270649,1,,,1,30,,270647,1,,,1,70,,150211,1,,,1,30,,270675,1,,,1,70,,270666,1,,,1,30,,270660,1,,,1,100,,270648,1,,,1,70,,270677,1,,,1,15,,270664,1,,,1,86,,270667,1,,,1,31,,270645,1,,,1,71,,270653,1,,,1,30,,270673,1,,,1,70,,162456,1,,,1,30,,135266,1,,,1,67,,270655,1,,,1,27,,4992,1,,,1,70,,160089,1,,,1,30,,172618,1,,,1,70,,270663,1,,,1,30,,270668,1,,,1,70,,270650,1,,,1,30,,270658,1,,,1,70,,270654,1,,,1,100,,270642,1,,,1
8600,'13',620,,127459,1,,,1,100,,270700,1,,,1,100,,270699,1,,,1,30,,270686,1,,,1,70,,270682,1,,,1,30,,270678,1,,,1,70,,107208,1,,,1,30,,270691,1,,,1,70,,270685,1,,,1,30,,270704,1,,,1,70,,160126,1,,,1,30,,270689,1,,,1,70,,270680,1,,,1,30,,270695,1,,,1,70,,270697,1,,,1,30,,163064,1,,,1,70,,270702,1,,,1,30,,270701,1,,,1,70,,270687,1,,,1,30,,270698,1,,,1,70,,270684,1,,,1,30,,270681,1,,,1,70,,270679,1,,,1,30,,270688,1,,,1,70,,270703,1,,,1,30,,270683,1,,,1,70,,270693,1,,,1,30,,270690,1,,,1,70,,94825,1,,,1,100,,270694,1,,,1,100,,270692,1,,,1,100,,270696,1,,,1
8600,'14',501,,270710,1,,,1,50,,48054,1,,,1,55,,270712,1,,,1,29,,270733,1,,,1,70,,270720,1,,,1,33,,270735,1,,,1,72,,270728,1,,,1,30,,181719,1,,,1,70,,198718,1,,,1,15,,202748,1,,,1,30,,41064,1,,,1,70,,162900,1,,,1,30,,270725,1,,,1,70,,270721,1,,,1,30,,175669,1,,,1,70,,270734,1,,,1,30,,270717,1,,,1,70,,270722,1,,,1,30,,171143,1,,,1,70,,270719,1,,,1,15,,270736,1,,,1,86,,270718,1,,,1,29,,270716,1,,,1,72,,270708,1,,,1,31,,157489,1,,,1,70,,270713,1,,,1,30,,270726,1,,,1,67,,270715,1,,,1,27,,270705,1,,,1,70,,270729,1,,,1,30,,270711,1,,,1,70,,158056,1,,,1,30,,270709,1,,,1,70,,270732,1,,,1,30,,270707,1,,,1,70,,270723,1,,,1,100,,270731,1,,,1
8600,'15',501,,270741,1,,,1,50,,270753,1,,,1,55,,270766,1,,,1,29,,205853,1,,,1,70,,205233,1,,,1,33,,270743,1,,,1,72,,182040,1,,,1,31,,270769,1,,,1,69,,270768,1,,,1,15,,159225,1,,,1,30,,270754,1,,,1,70,,270746,1,,,1,30,,270744,1,,,1,70,,150393,1,,,1,30,,270772,1,,,1,70,,270763,1,,,1,30,,270757,1,,,1,100,,270745,1,,,1,70,,270774,1,,,1,15,,270761,1,,,1,86,,270764,1,,,1,31,,270742,1,,,1,71,,270750,1,,,1,30,,270770,1,,,1,70,,162597,1,,,1,30,,135325,1,,,1,67,,270752,1,,,1,27,,5626,1,,,1,70,,160235,1,,,1,30,,172699,1,,,1,70,,270760,1,,,1,30,,270765,1,,,1,70,,270747,1,,,1,30,,270755,1,,,1,70,,270751,1,,,1,100,,270739,1,,,1
8600,'16',620,,270781,1,,,1,100,,270800,1,,,1,30,,270786,1,,,1,70,,270791,1,,,0,30,,270778,1,,,1,70,,270796,1,,,1,30,,270792,1,,,1,70,,270784,1,,,1,30,,270789,1,,,1,70,,270783,1,,,1,30,,270787,1,,,1,70,,270803,1,,,1,30,,270790,1,,,1,70,,270782,1,,,1,30,,270797,1,,,1,70,,270793,1,,,1,30,,270779,1,,,1,70,,270780,1,,,1,30,,97421,1,,,1,70,,270795,1,,,1,30,,270788,1,,,1,70,,181575,1,,,1,30,,270799,1,,,1,70,,270798,1,,,1,30,,270776,1,,,1,70,,270785,1,,,1,30,,270802,1,,,1,70,,270794,1,,,1,30,,270801,1,,,1,100,,270777,1,,,1,100,,270775,1,,,1
8600,'17',501,,270809,1,,,1,50,,124620,1,,,1,55,,270811,1,,,1,29,,270832,1,,,1,70,,270819,1,,,1,33,,270834,1,,,1,72,,270827,1,,,1,30,,74086,1,,,1,70,,198673,1,,,1,15,,202721,1,,,1,30,,148928,1,,,1,70,,162839,1,,,1,30,,270824,1,,,1,70,,270820,1,,,1,30,,57203,1,,,1,70,,270833,1,,,1,30,,270816,1,,,1,70,,270821,1,,,1,30,,171070,1,,,1,70,,270818,1,,,1,15,,270835,1,,,1,86,,270817,1,,,1,29,,270815,1,,,1,72,,270807,1,,,1,31,,3467,1,,,1,70,,270812,1,,,1,30,,270825,1,,,1,67,,270814,1,,,1,27,,270804,1,,,1,70,,270828,1,,,1,30,,270810,1,,,1,70,,101616,1,,,1,30,,270808,1,,,1,70,,270831,1,,,1,30,,270806,1,,,1,70,,270822,1,,,1,100,,270830,1,,,1
8600,'18',501,,270842,1,,,1,50,,124831,1,,,1,55,,270844,1,,,1,29,,270865,1,,,1,70,,270852,1,,,1,33,,270867,1,,,1,72,,270860,1,,,1,30,,181801,1,,,1,70,,198766,1,,,1,15,,202782,1,,,1,30,,149174,1,,,1,70,,47754,1,,,1,30,,270857,1,,,1,70,,270853,1,,,1,30,,175822,1,,,1,70,,270866,1,,,1,30,,270849,1,,,1,70,,270854,1,,,1,30,,171220,1,,,1,70,,270851,1,,,1,15,,270868,1,,,1,86,,270850,1,,,1,29,,270848,1,,,1,72,,270840,1,,,1,31,,157569,1,,,1,70,,270845,1,,,1,30,,270858,1,,,1,67,,270847,1,,,1,27,,270837,1,,,1,70,,270861,1,,,1,30,,270843,1,,,1,70,,158138,1,,,1,30,,270841,1,,,1,70,,270864,1,,,1,30,,270839,1,,,1,70,,270855,1,,,1,100,,270863,1,,,1
8600,'2',501,,270875,1,,,1,50,,270908,1,,,1,55,,270877,1,,,1,29,,270904,1,,,1,70,,270890,1,,,1,33,,180421,1,,,1,72,,270900,1,,,1,30,,270894,1,,,1,70,,270892,1,,,1,15,,270889,1,,,1,30,,270879,1,,,1,70,,270901,1,,,1,30,,270896,1,,,1,70,,137662,1,,,1,30,,270909,1,,,1,70,,270905,1,,,1,30,,32393,1,,,1,70,,270893,1,,,1,30,,270891,1,,,1,70,,147506,1,,,1,15,,270910,1,,,1,86,,270885,1,,,1,29,,270884,1,,,1,72,,270873,1,,,1,31,,270883,1,,,1,70,,270878,1,,,1,30,,270897,1,,,1,67,,270882,1,,,1,27,,270870,1,,,1,70,,122175,1,,,1,30,,270876,1,,,1,70,,270887,1,,,1,30,,270874,1,,,1,70,,270903,1,,,1,30,,270872,1,,,1,70,,127484,1,,,1,100,,109095,1,,,1
8600,'3',501,,270915,1,,,1,50,,199769,1,,,1,55,,152323,1,,,1,29,,270935,1,,,1,70,,270943,1,,,1,33,,270917,1,,,1,72,,270944,1,,,1,31,,80922,1,,,1,69,,270942,1,,,1,15,,270918,1,,,1,30,,172978,1,,,1,70,,270921,1,,,1,30,,183522,1,,,1,70,,270919,1,,,1,30,,270947,1,,,1,70,,270939,1,,,1,30,,270932,1,,,1,100,,270920,1,,,1,70,,270949,1,,,1,15,,270937,1,,,1,86,,270940,1,,,1,31,,270916,1,,,1,71,,270925,1,,,1,30,,270945,1,,,1,70,,270913,1,,,1,30,,270930,1,,,1,67,,270927,1,,,1,27,,270941,1,,,1,70,,270912,1,,,1,30,,270938,1,,,1,70,,270936,1,,,1,30,,11697,1,,,1,70,,270922,1,,,1,30,,270928,1,,,1,70,,270926,1,,,1,100,,125615,1,,,1
8600,'4',501,,270953,1,,,1,50,,270965,1,,,1,55,,270978,1,,,1,29,,205855,1,,,1,70,,205237,1,,,1,33,,270955,1,,,1,72,,182108,1,,,1,31,,270981,1,,,1,69,,270980,1,,,1,15,,159277,1,,,1,30,,270966,1,,,1,70,,270958,1,,,1,30,,270956,1,,,1,70,,150475,1,,,1,30,,270984,1,,,1,70,,270975,1,,,1,30,,270969,1,,,1,100,,270957,1,,,1,70,,270986,1,,,1,15,,270973,1,,,1,86,,270976,1,,,1,31,,270954,1,,,1,71,,270962,1,,,1,30,,270982,1,,,1,70,,162653,1,,,1,30,,135345,1,,,1,67,,270964,1,,,1,27,,5566,1,,,1,70,,160304,1,,,1,30,,172728,1,,,1,70,,270972,1,,,1,30,,270977,1,,,1,70,,270959,1,,,1,30,,270967,1,,,1,70,,270963,1,,,1,100,,270951,1,,,1
8600,'5',501,,270990,1,,,1,50,,271002,1,,,1,55,,271015,1,,,1,29,,205845,1,,,1,70,,205217,1,,,1,33,,270992,1,,,1,72,,181568,1,,,1,31,,271018,1,,,1,69,,271017,1,,,1,15,,158893,1,,,1,30,,271003,1,,,1,70,,270995,1,,,1,30,,270993,1,,,1,70,,149813,1,,,1,30,,271021,1,,,1,70,,271012,1,,,1,30,,271006,1,,,1,100,,270994,1,,,1,70,,271023,1,,,1,15,,271010,1,,,1,86,,271013,1,,,1,31,,270991,1,,,1,71,,270999,1,,,1,30,,271019,1,,,1,70,,162145,1,,,1,30,,135134,1,,,1,67,,271001,1,,,1,27,,4932,1,,,1,70,,159764,1,,,1,30,,172423,1,,,1,70,,271009,1,,,1,30,,271014,1,,,1,70,,270996,1,,,1,30,,271004,1,,,1,70,,271000,1,,,1,100,,270988,1,,,1
8600,'6',620,,271031,1,,,1,100,,271049,1,,,1,30,,182124,1,,,1,70,,271041,1,,,0,30,,271028,1,,,1,70,,271045,1,,,1,30,,271042,1,,,1,70,,271035,1,,,1,30,,271039,1,,,1,70,,271034,1,,,1,30,,271037,1,,,1,70,,124422,1,,,1,30,,271040,1,,,1,70,,271033,1,,,1,30,,271046,1,,,1,70,,271043,1,,,1,30,,271029,1,,,1,70,,271030,1,,,1,30,,271032,1,,,1,70,,271044,1,,,1,30,,271038,1,,,1,70,,271027,1,,,1,30,,271048,1,,,1,70,,271047,1,,,1,30,,271025,1,,,1,70,,271036,1,,,1,30,,271051,1,,,1,70,,166618,1,,,1,30,,271050,1,,,1,100,,271026,1,,,1,100,,271024,1,,,1
8600,'7',501,,271056,1,,,1,50,,271094,1,,,1,55,,271057,1,,,1,29,,271090,1,,,1,70,,271072,1,,,1,33,,271093,1,,,1,72,,271084,1,,,1,30,,271078,1,,,1,70,,271075,1,,,1,15,,271071,1,,,1,30,,271059,1,,,1,70,,271086,1,,,1,30,,271080,1,,,1,70,,271074,1,,,1,30,,271095,1,,,1,70,,138442,1,,,1,30,,271065,1,,,1,70,,271076,1,,,1,30,,271073,1,,,1,70,,271069,1,,,1,15,,271096,1,,,1,86,,271066,1,,,1,29,,271064,1,,,1,72,,271054,1,,,1,31,,271063,1,,,1,70,,271058,1,,,1,30,,271081,1,,,1,67,,271062,1,,,1,27,,271052,1,,,1,70,,271085,1,,,1,30,,171032,1,,,1,70,,271068,1,,,1,30,,271055,1,,,1,70,,271089,1,,,1,30,,27189,1,,,1,70,,271077,1,,,1,100,,271088,1,,,1
8600,'8',501,,271105,1,,,1,50,,271129,1,,,1,55,,271139,1,,,1,14,,271136,1,,,1,15,,271121,1,,,1,15,,271126,1,,,1,55,,271104,1,,,1,15,,271125,1,,,1,18,,271103,1,,,1,15,,271098,1,,,1,57,,271135,1,,,1,15,,271118,1,,,1,16,,271100,1,,,1,14,,271133,1,,,1,55,,271128,1,,,1,15,,271106,1,,,1,30,,271134,1,,,1,70,,271144,1,,,1,30,,271102,1,,,1,70,,271112,1,,,1,30,,271110,1,,,1,70,,271143,1,,,1,30,,271123,1,,,1,70,,271119,1,,,1,30,,271130,1,,,1,70,,271101,1,,,1,15,,271146,1,,,1,15,,271141,1,,,1,71,,271107,1,,,1,13,,271140,1,,,1,16,,271127,1,,,1,55,,271114,1,,,1,16,,271109,1,,,1,15,,271099,1,,,1,15,,271142,1,,,1,55,,271115,1,,,1,17,,271138,1,,,1,15,,271137,1,,,1,15,,271132,1,,,1,67,,271120,1,,,1,27,,271131,1,,,1,70,,271122,1,,,1,30,,271116,1,,,1,70,,271111,1,,,1,30,,271124,1,,,1,70,,271145,1,,,1,30,,271108,1,,,1,70,,271117,1,,,1,100,,271113,1,,,1
8600,'9',501,,271150,1,,,1,50,,271162,1,,,1,55,,271175,1,,,1,29,,205847,1,,,1,70,,205221,1,,,1,33,,271152,1,,,1,72,,181853,1,,,1,31,,271178,1,,,1,69,,271177,1,,,1,15,,159101,1,,,1,30,,271163,1,,,1,70,,271155,1,,,1,30,,271153,1,,,1,70,,150164,1,,,1,30,,271181,1,,,1,70,,271172,1,,,1,30,,271166,1,,,1,100,,271154,1,,,1,70,,271183,1,,,1,15,,271170,1,,,1,86,,271173,1,,,1,31,,271151,1,,,1,71,,271159,1,,,1,30,,271179,1,,,1,70,,162422,1,,,1,30,,135246,1,,,1,67,,271161,1,,,1,27,,5249,1,,,1,70,,160051,1,,,1,30,,172589,1,,,1,70,,271169,1,,,1,30,,271174,1,,,1,70,,271156,1,,,1,30,,271164,1,,,1,70,,271160,1,,,1,100,,271148,1,,,1
8601,'1',714,,271191,31,4,,1,30,,271201,31,4,,1,100,,271196,31,4,,1,100,,271199,31,4,,1,73,,271188,31,4,,1,30,,181419,31,4,,1,70,,271208,31,4,,1,30,,271184,31,4,,1,70,,271206,31,4,,1,30,,141703,31,4,,1,70,,271205,31,4,,1,30,,271185,31,4,,1,70,,182653,31,4,,1,30,,92701,31,4,,1,70,,271192,31,4,,1,30,,271195,31,4,,1,70,,271194,31,4,,1,30,,271202,31,4,,1,70,,271193,31,4,,1,30,,271203,31,4,,1,70,,130166,31,4,,1,30,,271204,31,4,,1,70,,271186,31,4,,1,30,,271189,31,4,,1,70,,104294,31,4,,1,27,,271200,31,4,,1,70,,271198,31,4,,1,30,,271207,31,4,,1,70,,271187,31,4,,1,100,,271190,31,4,,1,100,,271197,31,4,,1
8601,'10',714,,271216,31,4,,1,30,,164937,31,4,,1,100,,271224,31,4,,1,100,,271227,31,4,,1,73,,271213,31,4,,1,30,,271222,31,4,,1,70,,271237,31,4,,1,30,,271209,31,4,,1,70,,271234,31,4,,1,30,,271236,31,4,,1,70,,271233,31,4,,1,30,,271210,31,4,,1,70,,271219,31,4,,1,30,,271220,31,4,,1,70,,271217,31,4,,1,30,,126825,31,4,,1,70,,271221,31,4,,1,30,,271230,31,4,,1,70,,271218,31,4,,1,30,,271231,31,4,,1,70,,271229,31,4,,1,30,,271232,31,4,,1,70,,271211,31,4,,1,30,,271214,31,4,,1,70,,271223,31,4,,1,27,,271228,31,4,,1,70,,271226,31,4,,1,30,,271235,31,4,,1,70,,271212,31,4,,1,100,,271215,31,4,,1,100,,271225,31,4,,1
8601,'11',816,,271249,31,4,,1,100,,21,31,4,,1,30,,102116,31,4,,1,73,,271250,31,4,,1,30,,271256,31,4,,1,70,,271245,31,4,,1,30,,271260,31,4,,1,70,,271258,31,4,,1,30,,271243,31,4,,1,70,,271238,31,4,,1,30,,168148,31,4,,1,70,,271253,31,4,,1,30,,271239,31,4,,1,70,,271251,31,4,,1,30,,271246,31,4,,1,70,,271259,31,4,,1,30,,205039,31,4,,1,70,,271252,31,4,,1,30,,271257,31,4,,1,70,,271254,31,4,,1,30,,271242,31,4,,1,70,,271240,31,4,,1,30,,271255,31,4,,1,70,,147122,31,4,,1,27,,271244,31,4,,1,70,,271241,31,4,,1,30,,197900,31,4,,1,70,,271248,31,4,,1,100,,271247,31,4,,1,100,,165252,31,4,,1
8601,'12',546,,181861,31,4,,1,71,,271275,31,4,,1,15,,175906,31,4,,1,70,,271295,31,4,,1,34,,271261,31,4,,1,71,,204778,31,4,,1,31,,271279,31,4,,1,69,,271282,31,4,,1,45,,271290,31,0,21 2 22,1,69,,271284,31,4,,1,30,,271278,31,4,,1,70,,157247,31,4,,1,30,,271270,31,4,,1,70,,271286,31,4,,1,30,,271281,31,4,,1,70,,33815,31,0,21 2 22,1,30,,271276,31,4,,1,70,,271292,31,4,,1,102,,271266,31,4,,1,31,,271264,31,4,,1,71,,6176,31,4,,1,33,,199556,31,4,,1,67,,271271,31,4,,1,30,,271263,31,4,,1,68,,271274,31,0,21 2 22,1,26,,136673,31,0,21 2 22,1,70,,271280,31,0,21 2 22,1,30,,148254,31,0,21 2 22,1,70,,271277,31,4,,1,30,,188098,31,0,21 2 22,1,69,,271272,31,4,,1,30,,271294,31,4,,1,70,,157641,31,4,,1,30,,271269,31,0,21 2 22,1,70,,271293,31,4,,1,28,,271268,31,0,21 2 22,1,110,,271289,31,0,21 2 22,1
8601,'13',714,,271302,31,4,,1,30,,271313,31,4,,1,100,,156875,31,4,,1,100,,271311,31,4,,1,73,,166443,31,4,,1,30,,271307,31,4,,1,70,,271320,31,4,,1,30,,271297,31,4,,1,70,,271317,31,4,,1,30,,271319,31,4,,1,70,,271316,31,4,,1,30,,271298,31,4,,1,70,,271305,31,4,,1,30,,271306,31,4,,1,70,,271303,31,4,,1,30,,271309,31,4,,1,70,,186526,31,4,,1,30,,271314,31,4,,1,70,,271304,31,4,,1,30,,171929,31,4,,1,70,,271312,31,4,,1,30,,271315,31,4,,1,70,,271299,31,4,,1,30,,139257,31,4,,1,70,,271308,31,4,,1,27,,81458,31,4,,1,70,,271310,31,4,,1,30,,271318,31,4,,1,70,,271300,31,4,,1,100,,271301,31,4,,1,100,,170655,31,4,,1
8601,'14',546,,189874,31,4,,1,71,,271359,31,4,,1,15,,154921,31,4,,1,70,,271342,31,4,,1,34,,271338,31,4,,1,71,,271329,31,4,,1,31,,271346,31,4,,1,69,,271356,31,4,,1,45,,271336,31,4,,1,69,,271324,31,4,,1,30,,170343,31,4,,1,70,,271339,31,4,,1,30,,271333,31,4,,1,70,,271332,31,4,,1,30,,271349,31,4,,1,70,,174470,31,4,,1,30,,271340,31,4,,1,70,,271348,31,4,,1,30,,271344,31,4,,1,73,,271334,31,4,,1,30,,271343,31,4,,1,70,,182315,31,4,,1,32,,55043,31,4,,1,69,,175654,31,4,,1,30,,271322,31,4,,1,67,,271350,31,4,,1,27,,271323,31,4,,1,70,,271355,31,4,,1,30,,271360,31,4,,1,70,,271321,31,4,,1,30,,271352,31,4,,1,69,,271335,31,4,,1,30,,271325,31,4,,1,70,,271326,31,4,,1,30,,271328,31,0,21 2 22,1,70,,271331,31,4,,1,28,,271341,31,0,21 2 22,1,110,,169482,31,0,21 2 22,1
8601,'15',546,,182009,31,4,,1,71,,271375,31,4,,1,15,,176188,31,4,,1,70,,271395,31,4,,1,34,,271361,31,4,,1,71,,204780,31,4,,1,31,,271379,31,4,,1,69,,271382,31,4,,1,45,,271390,31,0,21 2 22,1,69,,271384,31,4,,1,30,,271378,31,4,,1,70,,157266,31,4,,1,30,,271370,31,4,,1,70,,271386,31,4,,1,30,,271381,31,4,,1,70,,34149,31,0,21 2 22,1,30,,271376,31,4,,1,70,,271392,31,4,,1,102,,271366,31,4,,1,31,,271364,31,4,,1,71,,6813,31,4,,1,33,,199624,31,4,,1,67,,271371,31,4,,1,30,,271363,31,4,,1,68,,271374,31,0,21 2 22,1,26,,136788,31,0,21 2 22,1,70,,271380,31,0,21 2 22,1,30,,148510,31,0,21 2 22,1,70,,271377,31,4,,1,30,,188201,31,0,21 2 22,1,69,,271372,31,4,,1,30,,271394,31,4,,1,70,,157783,31,4,,1,30,,271369,31,0,21 2 22,1,70,,271393,31,4,,1,28,,271368,31,0,21 2 22,1,110,,271389,31,0,21 2 22,1
8601,'16',816,,271410,31,4,,1,100,,271409,31,4,,1,30,,271424,31,4,,1,73,,271411,31,4,,1,30,,271417,31,4,,1,70,,271406,31,4,,1,30,,271423,31,4,,1,70,,271421,31,4,,1,30,,271404,31,4,,1,70,,271399,31,4,,1,30,,271420,31,4,,1,70,,271413,31,4,,1,30,,271400,31,4,,1,70,,271412,31,4,,1,30,,186844,31,4,,1,70,,271422,31,4,,1,30,,271415,31,4,,1,70,,129596,31,4,,1,30,,271419,31,4,,1,70,,271414,31,4,,1,30,,271403,31,4,,1,70,,271401,31,4,,1,30,,271416,31,4,,1,70,,271418,31,4,,1,27,,271405,31,4,,1,70,,271402,31,4,,1,30,,271398,31,4,,1,70,,271408,31,4,,1,100,,271407,31,4,,1,100,,271397,31,4,,1
8601,'17',546,,189787,31,4,,1,71,,271463,31,4,,1,15,,154846,31,4,,1,70,,271446,31,4,,1,34,,271442,31,4,,1,71,,271433,31,4,,1,31,,271450,31,4,,1,69,,271460,31,4,,1,45,,271440,31,4,,1,69,,271428,31,4,,1,30,,170257,31,4,,1,70,,271443,31,4,,1,30,,271437,31,4,,1,70,,271436,31,4,,1,30,,271453,31,4,,1,70,,174344,31,4,,1,30,,271444,31,4,,1,70,,271452,31,4,,1,30,,271448,31,4,,1,73,,271438,31,4,,1,30,,271447,31,4,,1,70,,182251,31,4,,1,32,,177982,31,4,,1,69,,175527,31,4,,1,30,,271426,31,4,,1,67,,271454,31,4,,1,27,,271427,31,4,,1,70,,271459,31,4,,1,30,,271464,31,4,,1,70,,271425,31,4,,1,30,,271456,31,4,,1,69,,271439,31,4,,1,30,,271429,31,4,,1,70,,271430,31,4,,1,30,,271432,31,0,21 2 22,1,70,,271435,31,4,,1,28,,271445,31,0,21 2 22,1,110,,169396,31,0,21 2 22,1
8601,'18',546,,189972,31,4,,1,71,,271503,31,4,,1,15,,155026,31,4,,1,70,,271486,31,4,,1,34,,271482,31,4,,1,71,,271473,31,4,,1,31,,271490,31,4,,1,69,,271500,31,4,,1,45,,271480,31,4,,1,69,,271468,31,4,,1,30,,170453,31,4,,1,70,,271483,31,4,,1,30,,271477,31,4,,1,70,,271476,31,4,,1,30,,271493,31,4,,1,70,,1307,31,4,,1,30,,271484,31,4,,1,70,,271492,31,4,,1,30,,271488,31,4,,1,73,,271478,31,4,,1,30,,271487,31,4,,1,70,,182396,31,4,,1,32,,178078,31,4,,1,69,,175812,31,4,,1,30,,271466,31,4,,1,67,,271494,31,4,,1,27,,271467,31,4,,1,70,,271499,31,4,,1,30,,271504,31,4,,1,70,,271465,31,4,,1,30,,271496,31,4,,1,69,,271479,31,4,,1,30,,271469,31,4,,1,70,,271470,31,4,,1,30,,271472,31,0,21 2 22,1,70,,271475,31,4,,1,28,,271485,31,0,21 2 22,1,110,,169599,31,0,21 2 22,1
8601,'2',546,,271527,31,4,,1,71,,271549,31,4,,1,15,,271535,31,4,,1,70,,271528,31,4,,1,34,,271523,31,4,,1,71,,49498,31,4,,1,31,,271534,31,4,,1,69,,271546,31,4,,1,45,,271520,31,4,,1,69,,271507,31,4,,1,30,,271510,31,4,,1,70,,271524,31,4,,1,30,,142116,31,4,,1,70,,271515,31,4,,1,30,,271537,31,4,,1,70,,271532,31,4,,1,30,,271525,31,4,,1,70,,271536,31,4,,1,30,,271530,31,4,,1,73,,271518,31,4,,1,30,,271529,31,4,,1,70,,271522,31,4,,1,32,,271516,31,4,,1,69,,271544,31,4,,1,30,,271506,31,4,,1,67,,271538,31,4,,1,27,,156022,31,4,,1,70,,271545,31,4,,1,30,,131668,31,4,,1,70,,271505,31,4,,1,30,,271540,31,4,,1,69,,271519,31,4,,1,30,,271508,31,4,,1,70,,271509,31,4,,1,30,,271512,31,0,21 2 22,1,70,,271514,31,4,,1,28,,271526,31,0,21 2 22,1,110,,271517,31,0,21 2 22,1
8601,'3',546,,271556,31,4,,1,71,,271568,31,4,,1,15,,271552,31,4,,1,70,,271590,31,4,,1,34,,271550,31,4,,1,71,,271581,31,4,,1,31,,271573,31,4,,1,69,,171764,31,4,,1,45,,271584,31,0,21 2 22,1,69,,271578,31,4,,1,30,,271572,31,4,,1,70,,271583,31,4,,1,30,,271562,31,4,,1,70,,161785,31,4,,1,30,,271575,31,4,,1,70,,271563,31,0,21 2 22,1,30,,271569,31,4,,1,70,,271585,31,4,,1,102,,271557,31,4,,1,31,,271554,31,4,,1,71,,271571,31,4,,1,33,,271587,31,4,,1,67,,27778,31,4,,1,30,,271553,31,4,,1,68,,271567,31,0,21 2 22,1,26,,271570,31,0,21 2 22,1,70,,271574,31,0,21 2 22,1,30,,271576,31,0,21 2 22,1,70,,129795,31,4,,1,30,,271564,31,0,21 2 22,1,69,,271565,31,4,,1,30,,271589,31,4,,1,70,,271558,31,4,,1,30,,271561,31,0,21 2 22,1,70,,271588,31,4,,1,28,,271560,31,0,21 2 22,1,110,,271582,31,0,21 2 22,1
8601,'4',546,,182077,31,4,,1,71,,271606,31,4,,1,15,,176331,31,4,,1,70,,271626,31,4,,1,34,,271592,31,4,,1,71,,204781,31,4,,1,31,,271610,31,4,,1,69,,271613,31,4,,1,45,,271621,31,0,21 2 22,1,69,,271615,31,4,,1,30,,271609,31,4,,1,70,,157273,31,4,,1,30,,271601,31,4,,1,70,,271617,31,4,,1,30,,271612,31,4,,1,70,,34112,31,0,21 2 22,1,30,,271607,31,4,,1,70,,271623,31,4,,1,102,,271597,31,4,,1,31,,271595,31,4,,1,71,,6754,31,4,,1,33,,199657,31,4,,1,67,,271602,31,4,,1,30,,271594,31,4,,1,68,,271605,31,0,21 2 22,1,26,,136848,31,0,21 2 22,1,70,,271611,31,0,21 2 22,1,30,,148648,31,0,21 2 22,1,70,,271608,31,4,,1,30,,188256,31,0,21 2 22,1,69,,271603,31,4,,1,30,,271625,31,4,,1,70,,157843,31,4,,1,30,,271600,31,0,21 2 22,1,70,,271624,31,4,,1,28,,271599,31,0,21 2 22,1,110,,271620,31,0,21 2 22,1
8601,'5',546,,181537,31,4,,1,71,,271642,31,4,,1,15,,175270,31,4,,1,70,,271662,31,4,,1,34,,271628,31,4,,1,71,,204776,31,4,,1,31,,271646,31,4,,1,69,,271649,31,4,,1,45,,271657,31,0,21 2 22,1,69,,271651,31,4,,1,30,,271645,31,4,,1,70,,157206,31,4,,1,30,,271637,31,4,,1,70,,271653,31,4,,1,30,,271648,31,4,,1,70,,33778,31,0,21 2 22,1,30,,271643,31,4,,1,70,,271659,31,4,,1,102,,271633,31,4,,1,31,,271631,31,4,,1,71,,6117,31,4,,1,33,,199413,31,4,,1,67,,271638,31,4,,1,30,,271630,31,4,,1,68,,271641,31,0,21 2 22,1,26,,136420,31,0,21 2 22,1,70,,271647,31,0,21 2 22,1,30,,147685,31,0,21 2 22,1,70,,271644,31,4,,1,30,,187864,31,0,21 2 22,1,69,,271639,31,4,,1,30,,271661,31,4,,1,70,,157347,31,4,,1,30,,271636,31,0,21 2 22,1,70,,271660,31,4,,1,28,,271635,31,0,21 2 22,1,110,,271656,31,0,21 2 22,1
8601,'6',816,,271676,31,4,,1,100,,271675,31,4,,1,30,,271688,31,4,,1,73,,161546,31,4,,1,30,,271682,31,4,,1,70,,271671,31,4,,1,30,,271687,31,4,,1,70,,271685,31,4,,1,30,,271669,31,4,,1,70,,271666,31,4,,1,30,,271684,31,4,,1,70,,271679,31,4,,1,30,,182712,31,4,,1,70,,271677,31,4,,1,30,,271672,31,4,,1,70,,271686,31,4,,1,30,,271680,31,4,,1,70,,271678,31,4,,1,30,,188744,31,4,,1,70,,179688,31,4,,1,30,,271668,31,4,,1,70,,271667,31,4,,1,30,,271681,31,4,,1,70,,271683,31,4,,1,27,,271670,31,4,,1,70,,182714,31,4,,1,30,,271665,31,4,,1,70,,271674,31,4,,1,100,,271673,31,4,,1,100,,271664,31,4,,1
8601,'7',546,,271712,31,4,,1,71,,114258,31,4,,1,15,,271720,31,4,,1,70,,271713,31,4,,1,34,,271709,31,4,,1,71,,271698,31,4,,1,31,,271719,31,4,,1,69,,271730,31,4,,1,45,,271706,31,4,,1,69,,271692,31,4,,1,30,,271695,31,4,,1,70,,271710,31,4,,1,30,,271702,31,4,,1,70,,271701,31,4,,1,30,,271722,31,4,,1,70,,271717,31,4,,1,30,,271711,31,4,,1,70,,173513,31,4,,1,30,,271715,31,4,,1,73,,271705,31,4,,1,30,,271714,31,4,,1,70,,271708,31,4,,1,32,,271703,31,4,,1,69,,271728,31,4,,1,30,,271690,31,4,,1,67,,271723,31,4,,1,27,,271691,31,4,,1,70,,271729,31,4,,1,30,,271733,31,4,,1,70,,271689,31,4,,1,30,,128937,31,4,,1,69,,75525,31,4,,1,30,,271693,31,4,,1,70,,271694,31,4,,1,30,,271697,31,0,21 2 22,1,70,,271700,31,4,,1,28,,111129,31,0,21 2 22,1,110,,271704,31,0,21 2 22,1
8601,'8',546,,271766,31,4,,1,71,,271779,31,4,,1,15,,271761,31,4,,1,15,,271770,31,4,,1,55,,271735,31,4,,1,15,,271738,31,4,,1,18,,271781,31,4,,1,15,,271764,31,4,,1,57,,271777,31,4,,1,15,,271772,31,4,,1,16,,271739,31,4,,1,14,,271763,31,4,,1,55,,271751,31,4,,1,15,,271776,31,4,,1,30,,271753,31,4,,1,69,,271758,31,4,,1,30,,271745,31,4,,1,70,,271752,31,4,,1,30,,271782,31,4,,1,70,,271757,31,4,,1,30,,271748,31,4,,1,70,,271783,31,4,,1,30,,271775,31,4,,1,70,,271740,31,4,,1,30,,271741,31,4,,1,72,,271754,31,4,,1,15,,271743,31,4,,1,16,,271769,31,4,,1,55,,271746,31,4,,1,14,,271744,31,4,,1,20,,271750,31,4,,1,15,,271773,31,4,,1,54,,271774,31,4,,1,13,,271767,31,4,,1,15,,271736,31,4,,1,15,,271742,31,4,,1,58,,271734,31,4,,1,10,,271778,31,4,,1,26,,271755,31,4,,1,70,,271768,31,4,,1,30,,271756,31,4,,1,70,,271747,31,4,,1,30,,271759,31,4,,1,69,,271780,31,4,,1,30,,271749,31,4,,1,70,,271762,31,4,,1,30,,271771,31,4,,1,70,,271765,31,4,,1,28,,271737,31,4,,1,110,,271760,31,4,,1
8601,'9',546,,181822,31,4,,1,71,,271798,31,4,,1,15,,175836,31,4,,1,70,,271818,31,4,,1,34,,271784,31,4,,1,71,,204777,31,4,,1,31,,271802,31,4,,1,69,,271805,31,4,,1,45,,271813,31,0,21 2 22,1,69,,271807,31,4,,1,30,,271801,31,4,,1,70,,157240,31,4,,1,30,,271793,31,4,,1,70,,271809,31,4,,1,30,,271804,31,4,,1,70,,33952,31,0,21 2 22,1,30,,271799,31,4,,1,70,,271815,31,4,,1,102,,271789,31,4,,1,31,,271787,31,4,,1,71,,6435,31,4,,1,33,,199537,31,4,,1,67,,271794,31,4,,1,30,,271786,31,4,,1,68,,271797,31,0,21 2 22,1,26,,136642,31,0,21 2 22,1,70,,271803,31,0,21 2 22,1,30,,148189,31,0,21 2 22,1,70,,271800,31,4,,1,30,,188073,31,0,21 2 22,1,69,,271795,31,4,,1,30,,271817,31,4,,1,70,,157607,31,4,,1,30,,271792,31,0,21 2 22,1,70,,271816,31,4,,1,28,,271791,31,0,21 2 22,1,110,,271812,31,0,21 2 22,1
11700,'12',637,,204827,13,,,1,70,,286132,13,,,1,30,,286134,13,,,1,70,,286133,13,,,1
11700,'14',637,,286136,13,,,1,70,,286135,13,,,1,30,,158537,13,,,1,71,,286137,13,,,1
11700,'15',637,,204829,13,,,1,70,,286138,13,,,1,30,,286140,13,,,1,70,,286139,13,,,1
11700,'17',637,,286142,13,,,1,70,,286141,13,,,1,30,,158516,13,,,1,71,,286143,13,,,1
11700,'18',637,,286145,13,,,1,70,,286144,13,,,1,30,,158562,13,,,1,71,,286146,13,,,1
11700,'2',637,,63547,13,,,1,70,,286148,13,,,1,30,,286147,13,,,1,71,,286149,13,,,1
11700,'3',637,,286150,13,,,1,70,,286151,13,,,1,30,,286153,13,,,1,70,,286152,13,,,1
11700,'4',637,,204830,13,,,1,70,,286154,13,,,1,30,,286156,13,,,1,70,,286155,13,,,1
11700,'5',637,,204825,13,,,1,70,,286157,13,,,1,30,,286159,13,,,1,70,,286158,13,,,1
11700,'7',637,,286162,13,,,1,70,,286161,13,,,1,30,,286160,13,,,1,71,,201353,13,,,1
11700,'8',637,,286164,13,,,1,97,,286163,13,,,1,74,,286165,13,,,1
11700,'9',637,,204826,13,,,1,70,,286166,13,,,1,30,,286168,13,,,1,70,,286167,13,,,1
61700,'12',820,,294864,21,,,1
61700,'15',820,,294865,21,,,1
61700,'3',820,,181773,21,,,1
61700,'4',820,,294866,21,,,1
61700,'5',820,,294867,21,,,1
61700,'9',820,,294868,21,,,1
