3100,'1',730,,228834,39,,,1,70,,171476,39,,,1,30,,228816,39,,,1,70,,228831,39,,,1,30,,228835,39,,,1,70,,228838,39,,,1,30,,131849,39,,,1,70,,228837,39,,,1,30,,228825,39,,,1,70,,228822,39,,,1,31,,228836,39,,,1,70,,228819,39,,,1,30,,228829,39,,,1,70,,228828,39,,,1,30,,132800,39,,,1,70,,130167,39,,,1,30,,228823,39,,,1,70,,140884,39,,,1,30,,185947,39,,,1,70,,228820,39,,,1,30,,228827,39,,,1,70,,228839,39,,,1,30,,228817,39,,,1,70,,140864,39,,,1,30,,228826,39,,,1,70,,228818,39,,,1,29,,139416,39,,,1,70,,15115,39,,,1,30,,228832,39,,,1,70,,228833,39,,,1,30,,228824,39,,,1,70,,228830,39,,,1,30,,228821,39,,,1
3100,'10',730,,228859,39,,,1,70,,228854,39,,,1,30,,13033,39,,,1,70,,228856,39,,,1,30,,228861,39,,,1,70,,228866,39,,,1,30,,228865,39,,,1,70,,228864,39,,,1,30,,180880,39,,,1,70,,228845,39,,,1,31,,228863,39,,,1,70,,228842,39,,,1,30,,228850,39,,,1,70,,195835,39,,,1,30,,228852,39,,,1,70,,228860,39,,,1,30,,228846,39,,,1,70,,228862,39,,,1,30,,228855,39,,,1,70,,95648,39,,,1,30,,228849,39,,,1,70,,228867,39,,,1,30,,228840,39,,,1,70,,228843,39,,,1,30,,228848,39,,,1,70,,134338,39,,,1,29,,228853,39,,,1,70,,228841,39,,,1,30,,228857,39,,,1,70,,228858,39,,,1,30,,228847,39,,,1,70,,228851,39,,,1,30,,228844,39,,,1
3100,'11',803,,37461,39,,,1,100,,228882,39,,,1,100,,228868,39,,,1,30,,228870,39,,,1,70,,228874,39,,,1,30,,162015,39,,,1,70,,38987,39,,,1,31,,142142,39,,,1,70,,187826,39,,,1,30,,228875,39,,,1,70,,228881,39,,,1,30,,228871,39,,,1,70,,228879,39,,,1,30,,228878,39,,,1,70,,228880,39,,,1,30,,228876,39,,,1,70,,228872,39,,,1,30,,228877,39,,,1,70,,136294,39,,,1,100,,131733,39,,,1,100,,161990,39,,,1,99,,136747,39,,,1,100,,228873,39,,,1,100,,228869,39,,,1
3100,'12',701,,228906,39,,,1,30,,228907,39,,,1,70,,228887,39,,,1,30,,228891,39,,,1,69,,228913,39,,,1,30,,228897,39,,,1,70,,228892,39,,,1,30,,228900,39,,,1,70,,7272,39,,,1,30,,228893,39,,,1,70,,228889,39,,,1,30,,228901,39,,,1,70,,228899,39,,,1,30,,228886,39,,,1,70,,228912,39,,,1,30,,228898,39,,,1,70,,142502,39,,,1,14,,228904,32,,,1,7,,228885,32,,,1,9,,228903,39,,,1,72,,228894,39,,,1,28,,228883,39,,,1,70,,228902,39,,,1,30,,196208,39,,,1,70,,228884,39,,,1,30,,228888,39,,,1,28,,228910,39,,,1,70,,228911,39,,,1,30,,228896,39,,,1,70,,228905,39,,,1,29,,228890,39,,,1,70,,228908,39,,,1,27,,228895,39,,,1,100,,228909,39,,,1
3100,'13',730,,228936,39,,,1,70,,228931,39,,,1,30,,228914,39,,,1,70,,228933,39,,,1,30,,228938,39,,,1,70,,97797,39,,,1,30,,228940,39,,,1,70,,150288,39,,,1,30,,228923,39,,,1,70,,202094,39,,,1,31,,141074,39,,,1,70,,228917,39,,,1,30,,228927,39,,,1,70,,228926,39,,,1,30,,228929,39,,,1,70,,228937,39,,,1,30,,228921,39,,,1,70,,228939,39,,,1,30,,228932,39,,,1,70,,228918,39,,,1,30,,228925,39,,,1,70,,153466,39,,,1,30,,128538,39,,,1,70,,228919,39,,,1,30,,228924,39,,,1,70,,228915,39,,,1,29,,228930,39,,,1,70,,228916,39,,,1,30,,228934,39,,,1,70,,228935,39,,,1,30,,228922,39,,,1,70,,228928,39,,,1,30,,228920,39,,,1
3100,'14',701,,152220,39,,,1,30,,197733,39,,,1,70,,228956,39,,,1,30,,228943,39,,,1,69,,129068,39,,,1,30,,228951,39,,,1,70,,228954,39,,,1,30,,228952,39,,,1,70,,228948,39,,,1,30,,194316,39,,,1,70,,191563,39,,,1,30,,228942,39,,,1,70,,228961,39,,,1,30,,228959,39,,,1,70,,228955,39,,,1,30,,228944,39,,,1,70,,228949,39,,,1,30,,228962,39,,,1,70,,142423,39,,,1,30,,228946,39,,,1,70,,228947,39,,,1,30,,228945,39,,,1,70,,228964,39,,,1,30,,228960,39,,,1,28,,147998,39,,,1,70,,228953,39,,,1,30,,228941,39,,,1,70,,228950,39,,,1,29,,228958,39,,,1,70,,228957,39,,,1,27,,202374,39,,,1,100,,228963,39,,,1
3100,'15',701,,228988,39,,,1,30,,228989,39,,,1,70,,228969,39,,,1,30,,228973,39,,,1,69,,228995,39,,,1,30,,228979,39,,,1,70,,228974,39,,,1,30,,228982,39,,,1,70,,7627,39,,,1,30,,228975,39,,,1,70,,228971,39,,,1,30,,228983,39,,,1,70,,228981,39,,,1,30,,228968,39,,,1,70,,228994,39,,,1,30,,228980,39,,,1,70,,142600,39,,,1,14,,228986,32,,,1,7,,228967,32,,,1,9,,228985,39,,,1,72,,228976,39,,,1,28,,228965,39,,,1,70,,228984,39,,,1,30,,196270,39,,,1,70,,228966,39,,,1,30,,228970,39,,,1,28,,228992,39,,,1,70,,228993,39,,,1,30,,228978,39,,,1,70,,228987,39,,,1,29,,228972,39,,,1,70,,228990,39,,,1,27,,228977,39,,,1,100,,228991,39,,,1
3100,'16',803,,229003,39,,,1,100,,167185,39,,,1,100,,228996,39,,,1,30,,228998,39,,,1,70,,188337,39,,,1,30,,229013,39,,,1,70,,228997,39,,,1,31,,229004,39,,,1,70,,229008,39,,,1,30,,229005,39,,,1,70,,229012,39,,,1,30,,229000,39,,,1,70,,229009,39,,,1,30,,44198,39,,,1,70,,229011,39,,,1,30,,229006,39,,,1,70,,229001,39,,,1,30,,180768,39,,,1,70,,229007,39,,,1,100,,229010,39,,,1,100,,229002,39,,,1,99,,228999,39,,,1,100,,144617,39,,,1,100,,154017,39,,,1
3100,'17',701,,152141,39,,,1,30,,34386,39,,,1,70,,229029,39,,,1,30,,229016,39,,,1,69,,128994,39,,,1,30,,229024,39,,,1,70,,229027,39,,,1,30,,229025,39,,,1,70,,229021,39,,,1,30,,194236,39,,,1,70,,191487,39,,,1,30,,229015,39,,,1,70,,229034,39,,,1,30,,229032,39,,,1,70,,229028,39,,,1,30,,229017,39,,,1,70,,229022,39,,,1,30,,229035,39,,,1,70,,142381,39,,,1,30,,229019,39,,,1,70,,229020,39,,,1,30,,229018,39,,,1,70,,229037,39,,,1,30,,229033,39,,,1,28,,95873,39,,,1,70,,229026,39,,,1,30,,229014,39,,,1,70,,229023,39,,,1,29,,229031,39,,,1,70,,229030,39,,,1,27,,40559,39,,,1,100,,229036,39,,,1
3100,'18',701,,152337,39,,,1,30,,197788,39,,,1,70,,229053,39,,,1,30,,229040,39,,,1,69,,78574,39,,,1,30,,229048,39,,,1,70,,229051,39,,,1,30,,229049,39,,,1,70,,229045,39,,,1,30,,194423,39,,,1,70,,191639,39,,,1,30,,229039,39,,,1,70,,229058,39,,,1,30,,229056,39,,,1,70,,229052,39,,,1,30,,229041,39,,,1,70,,229046,39,,,1,30,,229059,39,,,1,70,,142471,39,,,1,30,,229043,39,,,1,70,,229044,39,,,1,30,,229042,39,,,1,70,,229061,39,,,1,30,,229057,39,,,1,28,,148130,39,,,1,70,,229050,39,,,1,30,,229038,39,,,1,70,,229047,39,,,1,29,,229055,39,,,1,70,,229054,39,,,1,27,,202437,39,,,1,100,,229060,39,,,1
3100,'2',701,,229065,39,,,1,30,,229080,39,,,1,70,,229075,39,,,1,30,,229064,39,,,1,69,,229084,39,,,1,30,,76303,39,,,1,70,,229073,39,,,1,30,,229069,39,,,1,70,,229068,39,,,1,30,,229074,39,,,1,70,,229081,39,,,1,30,,229063,39,,,1,70,,181275,39,,,1,30,,229077,39,,,1,70,,198511,39,,,1,30,,124075,39,,,1,70,,159614,39,,,1,30,,229082,39,,,1,70,,229079,39,,,1,30,,125897,39,,,1,70,,229067,39,,,1,30,,229066,39,,,1,70,,229083,39,,,1,30,,229078,39,,,1,28,,229072,39,,,1,70,,229071,39,,,1,30,,229062,39,,,1,70,,36720,39,,,1,29,,229076,39,,,1,70,,195968,39,,,1,27,,229070,39,,,1,100,,176103,39,,,1
3100,'3',701,,156642,39,,,1,30,,229103,39,,,1,70,,193100,39,,,1,30,,229092,39,,,1,69,,160007,39,,,1,30,,229098,39,,,1,70,,229093,39,,,1,30,,229099,39,,,1,70,,229086,39,,,1,30,,229094,39,,,1,70,,229090,39,,,1,30,,229100,39,,,1,70,,150064,39,,,1,30,,229088,39,,,1,70,,130539,39,,,1,30,,153340,39,,,1,70,,229087,39,,,1,14,,186355,32,,,1,7,,129074,32,,,1,9,,21463,39,,,1,72,,229095,39,,,1,28,,229085,39,,,1,70,,229101,39,,,1,30,,229097,39,,,1,70,,172960,39,,,1,30,,229089,39,,,1,28,,229105,39,,,1,70,,141966,39,,,1,30,,44666,39,,,1,70,,229102,39,,,1,29,,229091,39,,,1,70,,57057,39,,,1,27,,229096,39,,,1,100,,229104,39,,,1
3100,'4',701,,229129,39,,,1,30,,229130,39,,,1,70,,229110,39,,,1,30,,229114,39,,,1,69,,229136,39,,,1,30,,229120,39,,,1,70,,229115,39,,,1,30,,229123,39,,,1,70,,7591,39,,,1,30,,229116,39,,,1,70,,229112,39,,,1,30,,229124,39,,,1,70,,229122,39,,,1,30,,229109,39,,,1,70,,229135,39,,,1,30,,229121,39,,,1,70,,142657,39,,,1,14,,229127,32,,,1,7,,229108,32,,,1,9,,229126,39,,,1,72,,229117,39,,,1,28,,229106,39,,,1,70,,229125,39,,,1,30,,196307,39,,,1,70,,229107,39,,,1,30,,229111,39,,,1,28,,229133,39,,,1,70,,229134,39,,,1,30,,229119,39,,,1,70,,229128,39,,,1,29,,229113,39,,,1,70,,229131,39,,,1,27,,229118,39,,,1,100,,229132,39,,,1
3100,'5',701,,229160,39,,,1,30,,229161,39,,,1,70,,229141,39,,,1,30,,229145,39,,,1,69,,229167,39,,,1,30,,229151,39,,,1,70,,229146,39,,,1,30,,229154,39,,,1,70,,7236,39,,,1,30,,229147,39,,,1,70,,229143,39,,,1,30,,229155,39,,,1,70,,229153,39,,,1,30,,229140,39,,,1,70,,229166,39,,,1,30,,229152,39,,,1,70,,142294,39,,,1,14,,229158,32,,,1,7,,229139,32,,,1,9,,229157,39,,,1,72,,229148,39,,,1,28,,229137,39,,,1,70,,229156,39,,,1,30,,196063,39,,,1,70,,229138,39,,,1,30,,229142,39,,,1,28,,229164,39,,,1,70,,229165,39,,,1,30,,229150,39,,,1,70,,229159,39,,,1,29,,229144,39,,,1,70,,229162,39,,,1,27,,229149,39,,,1,100,,229163,39,,,1
3100,'6',803,,229178,39,,,1,100,,229190,39,,,1,100,,229168,39,,,1,30,,229171,39,,,1,70,,229176,39,,,1,30,,229189,39,,,1,70,,229170,39,,,1,31,,229179,39,,,1,70,,229185,39,,,1,30,,229180,39,,,1,70,,229188,39,,,1,30,,229173,39,,,1,70,,229186,39,,,1,30,,229183,39,,,1,70,,142700,39,,,1,30,,229181,39,,,1,70,,229174,39,,,1,30,,229182,39,,,1,70,,229184,39,,,1,100,,229187,39,,,1,100,,229177,39,,,1,99,,229172,39,,,1,100,,229175,39,,,1,100,,229169,39,,,1
3100,'7',701,,229194,39,,,1,30,,229214,39,,,1,70,,229208,39,,,1,30,,229193,39,,,1,69,,229219,39,,,1,30,,229200,39,,,1,70,,229205,39,,,1,30,,229201,39,,,1,70,,146396,39,,,1,30,,229207,39,,,1,70,,229215,39,,,1,30,,229192,39,,,1,70,,229216,39,,,1,30,,229211,39,,,1,70,,229206,39,,,1,30,,229195,39,,,1,70,,229198,39,,,1,30,,229217,39,,,1,70,,229213,39,,,1,30,,229196,39,,,1,70,,229197,39,,,1,30,,156428,39,,,1,70,,143798,39,,,1,30,,229212,39,,,1,28,,229204,39,,,1,70,,229203,39,,,1,30,,229191,39,,,1,70,,229199,39,,,1,29,,229210,39,,,1,70,,229209,39,,,1,27,,229202,39,,,1,100,,229218,39,,,1
3100,'8',701,,229228,39,,,1,30,,229245,39,,,1,70,,229239,39,,,1,30,,229242,39,,,1,69,,229231,39,,,1,30,,229246,39,,,1,70,,229244,39,,,1,30,,229237,39,,,1,70,,229226,39,,,1,30,,229251,39,,,1,70,,229230,39,,,1,30,,229222,39,,,1,70,,229236,39,,,1,30,,229250,39,,,1,70,,229220,39,,,1,30,,229233,39,,,1,70,,229234,39,,,1,30,,229229,39,,,1,71,,229224,39,,,1,31,,229247,39,,,1,68,,229243,39,,,1,30,,229223,39,,,1,70,,229225,39,,,1,30,,229238,39,,,1,28,,229241,39,,,1,70,,229240,39,,,1,30,,229227,39,,,1,70,,229248,39,,,1,29,,229249,39,,,1,70,,229221,39,,,1,27,,229232,39,,,1,100,,229235,39,,,1
3100,'9',701,,229275,39,,,1,30,,229276,39,,,1,70,,229256,39,,,1,30,,229260,39,,,1,69,,229282,39,,,1,30,,229266,39,,,1,70,,229261,39,,,1,30,,229269,39,,,1,70,,7415,39,,,1,30,,229262,39,,,1,70,,229258,39,,,1,30,,229270,39,,,1,70,,229268,39,,,1,30,,229255,39,,,1,70,,229281,39,,,1,30,,229267,39,,,1,70,,142477,39,,,1,14,,229273,32,,,1,7,,229254,32,,,1,9,,229272,39,,,1,72,,229263,39,,,1,28,,229252,39,,,1,70,,229271,39,,,1,30,,196192,39,,,1,70,,229253,39,,,1,30,,229257,39,,,1,28,,229279,39,,,1,70,,229280,39,,,1,30,,229265,39,,,1,70,,229274,39,,,1,29,,229259,39,,,1,70,,229277,39,,,1,27,,229264,39,,,1,100,,229278,39,,,1
61100,'12',832,,128525,15,,,1
61100,'15',832,,128707,15,,,1
61100,'3',832,,294809,15,,,1
61100,'4',832,,128793,15,,,1
61100,'5',832,,128145,15,,,1
61100,'9',832,,128477,15,,,1
63101,'12',1604,,295027,37,,,1
63101,'15',1604,,295028,37,,,1
63101,'3',1604,,295029,37,,,1
63101,'4',1604,,295030,37,,,1
63101,'5',1604,,295031,37,,,1
63101,'9',1604,,295032,37,,,1
64800,'12',805,,295200,15,,,1
64800,'15',805,,295201,15,,,1
64800,'3',805,,295202,15,,,1
64800,'4',805,,295203,15,,,1
64800,'5',805,,295204,15,,,1
64800,'9',805,,295205,15,,,1
