5600,'1',741,,56275,35,,,1,100,,56295,35,,,1,101,,56292,35,,,1,101,,56283,35,,,1,100,,56296,35,,,1,100,,56297,35,,,1,100,,56306,35,,,1,100,,56282,35,,,1,101,,56285,35,,,1,100,,56287,35,,,1,99,,56284,35,,,1,100,,56288,35,,,1,98,,56299,35,,,1,100,,56290,35,,,1,100,,56279,35,,,1,84,,56291,35,,,1
5600,'10',622,,56309,35,,,1,27,,56333,35,,,1,77,,56340,35,,,1,78,,56317,35,,,1,32,,56319,35,,,1,71,,56347,35,,,1,94,,56322,35,,,1,28,,56353,35,,,1,489,,56332,35,,,1,33,,56346,35,,,1,57,,56329,35,,,1,21,,56315,35,,,1,7,,56330,35,,,1,14,,56310,35,,,1,56,,56328,35,,,1,14,,56320,35,,,1,29,,56313,35,,,1,59,,56326,35,,,1,97,,56343,35,,,1
5600,'11',622,,56357,35,,,1,27,,56381,35,,,1,77,,56388,35,,,1,78,,56365,35,,,1,32,,56367,35,,,1,71,,56395,35,,,1,94,,56370,35,,,1,28,,56401,35,,,1,489,,56380,35,,,1,33,,56394,35,,,1,57,,56377,35,,,1,21,,56363,35,,,1,7,,56378,35,,,1,14,,56358,35,,,1,56,,56376,35,,,1,14,,56368,35,,,1,29,,56361,35,,,1,59,,56374,35,,,1,97,,56391,35,,,1
5600,'12',622,,56405,35,,,1,27,,56429,35,,,1,77,,56436,35,,,1,78,,56413,35,,,1,32,,56415,35,,,1,71,,56443,35,,,1,94,,56418,35,,,1,28,,56449,35,,,1,489,,56428,35,,,1,33,,56442,35,,,1,57,,56425,35,,,1,21,,56411,35,,,1,7,,56426,35,,,1,14,,56406,35,,,1,56,,56424,35,,,1,14,,56416,35,,,1,29,,56409,35,,,1,59,,56422,35,,,1,97,,56439,35,,,1
5600,'13',622,,56486,35,,,1,27,,56497,35,,,1,77,,56454,35,,,1,78,,56473,35,,,1,32,,56470,35,,,1,71,,56499,35,,,1,30,,56479,35,,,1,64,,56496,35,,,1,28,,56458,35,,,1,430,,56472,35,,,1,61,,56469,35,,,1,33,,56491,35,,,1,55,,56474,35,,,1,20,,56462,35,,,1,11,,56455,35,,,1,9,,56482,35,,,1,57,,56494,35,,,1,15,,56476,35,,,1,29,,56453,35,,,1,60,,56485,35,,,1,26,,56475,35,,,1,70,,56463,35,,,1
5600,'14',729,,56509,35,,,1,100,,56534,35,,,1,101,,56532,35,,,1,101,,56502,35,,,1,100,,56526,35,,,1,100,,56530,35,,,1,100,,56513,35,,,1,100,,56510,35,,,1,101,,56512,35,,,1,100,,56533,35,,,1,100,,56528,35,,,1,99,,56508,35,,,1,98,,56503,35,,,1,100,,56506,35,,,1,100,,56511,35,,,1,99,,56525,35,,,1
5600,'15',622,,56537,35,,,1,27,,56561,35,,,1,77,,56568,35,,,1,78,,56545,35,,,1,32,,56547,35,,,1,71,,56575,35,,,1,94,,56550,35,,,1,28,,56581,35,,,1,489,,56560,35,,,1,33,,56574,35,,,1,57,,56557,35,,,1,21,,56543,35,,,1,7,,56558,35,,,1,14,,56538,35,,,1,56,,56556,35,,,1,14,,56548,35,,,1,29,,56541,35,,,1,59,,56554,35,,,1,97,,56571,35,,,1
5600,'16',622,,56585,35,,,1,27,,56609,35,,,1,77,,56616,35,,,1,78,,56593,35,,,1,32,,56595,35,,,1,71,,56623,35,,,1,94,,56598,35,,,1,28,,56629,35,,,1,489,,56608,35,,,1,33,,56622,35,,,1,57,,56605,35,,,1,21,,56591,35,,,1,7,,56606,35,,,1,14,,56586,35,,,1,56,,56604,35,,,1,14,,56596,35,,,1,29,,56589,35,,,1,59,,56602,35,,,1,97,,56619,35,,,1
5600,'17',622,,56666,35,,,1,27,,56677,35,,,1,77,,56634,35,,,1,78,,56653,35,,,1,32,,56650,35,,,1,71,,56679,35,,,1,30,,56659,35,,,1,64,,56676,35,,,1,28,,56638,35,,,1,430,,56652,35,,,1,61,,56649,35,,,1,33,,56671,35,,,1,55,,56654,35,,,1,20,,56642,35,,,1,11,,56635,35,,,1,9,,56662,35,,,1,57,,56674,35,,,1,15,,56656,35,,,1,29,,56633,35,,,1,60,,56665,35,,,1,26,,56655,35,,,1,70,,56643,35,,,1
5600,'18',622,,56726,35,,,1,27,,56682,35,,,1,77,,56702,35,,,1,78,,56696,35,,,1,31,,56707,35,,,1,72,,56694,35,,,1,30,,56708,35,,,1,64,,56730,35,,,1,28,,56721,35,,,1,430,,56687,35,,,1,59,,56691,35,,,1,31,,56727,35,,,1,59,,56731,35,,,1,21,,56720,35,,,1,7,,56712,35,,,1,13,,56698,35,,,1,58,,56729,35,,,1,13,,56710,35,,,1,29,,56683,35,,,1,59,,56695,35,,,1,27,,56709,35,,,1,70,,56719,35,,,1
5600,'19',622,,56768,35,,,1,27,,56779,35,,,1,77,,56736,35,,,1,78,,56755,35,,,1,32,,56752,35,,,1,71,,56781,35,,,1,30,,56761,35,,,1,64,,56778,35,,,1,28,,56740,35,,,1,430,,56754,35,,,1,61,,56751,35,,,1,33,,56773,35,,,1,55,,56756,35,,,1,20,,56744,35,,,1,11,,56737,35,,,1,9,,56764,35,,,1,57,,56776,35,,,1,15,,56758,35,,,1,29,,56735,35,,,1,60,,56767,35,,,1,26,,56757,35,,,1,70,,56745,35,,,1
5600,'2',741,,56784,35,,,1,100,,56804,35,,,1,101,,56801,35,,,1,101,,56792,35,,,1,100,,56805,35,,,1,100,,56806,35,,,1,100,,56815,35,,,1,100,,56791,35,,,1,101,,56794,35,,,1,100,,56796,35,,,1,99,,56793,35,,,1,100,,56797,35,,,1,98,,56808,35,,,1,100,,56799,35,,,1,100,,56788,35,,,1,84,,56800,35,,,1
5600,'3',622,,56818,35,,,1,27,,56842,35,,,1,77,,56849,35,,,1,78,,56826,35,,,1,32,,56828,35,,,1,71,,56856,35,,,1,94,,56831,35,,,1,28,,56862,35,,,1,489,,56841,35,,,1,33,,56855,35,,,1,57,,56838,35,,,1,21,,56824,35,,,1,7,,56839,35,,,1,14,,56819,35,,,1,56,,56837,35,,,1,14,,56829,35,,,1,29,,56822,35,,,1,59,,56835,35,,,1,97,,56852,35,,,1
5600,'4',622,,56866,35,,,1,27,,56890,35,,,1,77,,56897,35,,,1,78,,56874,35,,,1,32,,56876,35,,,1,71,,56904,35,,,1,94,,56879,35,,,1,28,,56910,35,,,1,489,,56889,35,,,1,33,,56903,35,,,1,57,,56886,35,,,1,21,,56872,35,,,1,7,,56887,35,,,1,14,,56867,35,,,1,56,,56885,35,,,1,14,,56877,35,,,1,29,,56870,35,,,1,59,,56883,35,,,1,97,,56900,35,,,1
5600,'5',622,,56947,35,,,1,27,,56958,35,,,1,77,,56915,35,,,1,78,,56934,35,,,1,32,,56931,35,,,1,71,,56960,35,,,1,30,,56940,35,,,1,64,,56957,35,,,1,28,,56919,35,,,1,430,,56933,35,,,1,61,,56930,35,,,1,33,,56952,35,,,1,55,,56935,35,,,1,20,,56923,35,,,1,11,,56916,35,,,1,9,,56943,35,,,1,57,,56955,35,,,1,15,,56937,35,,,1,29,,56914,35,,,1,60,,56946,35,,,1,26,,56936,35,,,1,70,,56924,35,,,1
5600,'6',622,,56965,35,,,1,27,,56989,35,,,1,77,,56996,35,,,1,78,,56973,35,,,1,32,,56975,35,,,1,71,,57003,35,,,1,94,,56978,35,,,1,28,,57009,35,,,1,489,,56988,35,,,1,33,,57002,35,,,1,57,,56985,35,,,1,21,,56971,35,,,1,7,,56986,35,,,1,14,,56966,35,,,1,56,,56984,35,,,1,14,,56976,35,,,1,29,,56969,35,,,1,59,,56982,35,,,1,97,,56999,35,,,1
5600,'7',622,,57046,35,,,1,27,,57057,35,,,1,77,,57014,35,,,1,78,,57033,35,,,1,32,,57030,35,,,1,71,,57059,35,,,1,30,,57039,35,,,1,64,,57056,35,,,1,28,,57018,35,,,1,430,,57032,35,,,1,61,,57029,35,,,1,33,,57051,35,,,1,55,,57034,35,,,1,20,,57022,35,,,1,11,,57015,35,,,1,9,,57042,35,,,1,57,,57054,35,,,1,15,,57036,35,,,1,29,,57013,35,,,1,60,,57045,35,,,1,26,,57035,35,,,1,70,,57023,35,,,1
5600,'8',729,,57069,35,,,1,100,,57094,35,,,1,101,,57092,35,,,1,101,,57062,35,,,1,100,,57086,35,,,1,100,,57090,35,,,1,100,,57073,35,,,1,100,,57070,35,,,1,101,,57072,35,,,1,100,,57093,35,,,1,100,,57088,35,,,1,99,,57068,35,,,1,98,,57063,35,,,1,100,,57066,35,,,1,100,,57071,35,,,1,99,,57085,35,,,1
5600,'9',741,,57095,35,,,1,100,,57115,35,,,1,101,,57112,35,,,1,101,,57103,35,,,1,100,,57116,35,,,1,100,,57117,35,,,1,100,,57126,35,,,1,100,,57102,35,,,1,101,,57105,35,,,1,100,,57107,35,,,1,99,,57104,35,,,1,100,,57108,35,,,1,98,,57119,35,,,1,100,,57110,35,,,1,100,,57099,35,,,1,84,,57111,35,,,1
