3400,'1',540,,318497,17,,,0,75,,282409,14,,,0,30,,318503,14,,,0,71,,318496,14,,,0,31,,318490,14,,,0,70,,318510,14,,,0,29,,318511,14,,,0,70,,318487,14,,,0,30,,318491,14,,,0,69,,318488,14,,,0,30,,318508,14,,,0,70,,318505,14,,,0,30,,318513,14,,,0,70,,318506,14,,,0,31,,318514,14,,,0,70,,318499,14,,,0,30,,318494,14,,,0,70,,318516,14,,,0,30,,318515,14,,,0,71,,318502,14,,,0,30,,318498,14,,,0,70,,318500,14,,,0,30,,318492,14,,,0,70,,318504,14,,,0,29,,318489,14,,,0,70,,318493,14,,,0,30,,232503,14,,,0,70,,318507,14,,,0,30,,318512,14,,,0,70,,318495,14,,,0,30,,318501,14,,,0,70,,229527,14,,,0,30,,318509,14,,,0
3400,'10',658,,318532,14,,,0,100,,318526,14,,,0,70,,318528,14,,,0,30,,318524,14,,,0,70,,284861,14,,,0,30,,318522,14,,,0,70,,318534,14,,,0,30,,210560,14,,,0,70,,283363,14,,,0,30,,251347,14,,,0,70,,318527,14,,,0,30,,287064,14,,,0,70,,318531,14,,,0,30,,242498,14,,,0,70,,318518,14,,,0,30,,318519,14,,,0,70,,318521,14,,,0,30,,220066,14,,,0,70,,318529,14,,,0,30,,318523,14,,,0,70,,318533,14,,,0,30,,264622,14,,,0,70,,318530,14,,,0,30,,318520,14,,,0,70,,318517,14,,,0,75,,318525,14,,,0
3400,'11',540,,272843,17,,,0,75,,318538,14,,,0,30,,318537,14,,,0,71,,318558,14,,,0,31,,318550,14,,,0,8,,278064,17,0,23 24,0,62,,318560,14,,,0,29,,318549,14,,,0,70,,318541,14,,,0,30,,318553,14,,,0,69,,266438,14,,,0,30,,291592,14,,,0,70,,215171,14,,,0,30,,318543,14,,,0,70,,318547,14,,,0,31,,318546,14,,,0,70,,318535,14,,,0,30,,318542,14,,,0,70,,318539,14,,,0,30,,318544,14,,,0,71,,318554,14,,,0,30,,203679,14,,,0,70,,232575,14,,,0,30,,318557,14,,,0,70,,318559,14,,,0,29,,318556,14,,,0,70,,318536,14,,,0,30,,225725,14,,,0,70,,295994,14,,,0,30,,318551,14,,,0,70,,318545,14,,,0,30,,318552,14,,,0,70,,318555,14,,,0,30,,318548,14,,,0
3400,'12',748,,290336,14,,,0,100,,318572,14,,,0,96,,318565,14,,,0,70,,318579,14,,,0,30,,318580,14,,,0,70,,318568,14,,,0,30,,318566,14,,,0,70,,318574,14,,,0,30,,318569,14,,,0,70,,318563,14,,,0,30,,318576,14,,,0,70,,318577,14,,,0,30,,318570,14,,,0,70,,318575,14,,,0,42,,318573,14,,,0,58,,318562,14,,,0,30,,318571,14,,,0,70,,318564,14,,,0,30,,318567,14,,,0,70,,318578,14,,,0,43,,318561,14,,,0
3400,'13',540,,272886,17,,,0,75,,318584,14,,,0,30,,318583,14,,,0,71,,318604,14,,,0,31,,318596,14,,,0,8,,278090,17,0,23 24,0,62,,318606,14,,,0,29,,318595,14,,,0,70,,318587,14,,,0,30,,318599,14,,,0,69,,266484,14,,,0,30,,291619,14,,,0,70,,215211,14,,,0,30,,318589,14,,,0,70,,318593,14,,,0,31,,318592,14,,,0,70,,318581,14,,,0,30,,318588,14,,,0,70,,318585,14,,,0,30,,318590,14,,,0,71,,318600,14,,,0,30,,203622,14,,,0,70,,232600,14,,,0,30,,318603,14,,,0,70,,318605,14,,,0,29,,318602,14,,,0,70,,318582,14,,,0,30,,225763,14,,,0,70,,295995,14,,,0,30,,318597,14,,,0,70,,318591,14,,,0,30,,318598,14,,,0,70,,318601,14,,,0,30,,318594,14,,,0
3400,'14',540,,273048,17,,,0,75,,318610,14,,,0,30,,318609,14,,,0,71,,318630,14,,,0,31,,318622,14,,,0,8,,278212,17,0,23 24,0,62,,318632,14,,,0,29,,318621,14,,,0,70,,318613,14,,,0,30,,318625,14,,,0,69,,266673,14,,,0,30,,291722,14,,,0,70,,215374,14,,,0,30,,318615,14,,,0,70,,318619,14,,,0,31,,318618,14,,,0,70,,318607,14,,,0,30,,318614,14,,,0,70,,318611,14,,,0,30,,318616,14,,,0,71,,318626,14,,,0,30,,203654,14,,,0,70,,232705,14,,,0,30,,318629,14,,,0,70,,318631,14,,,0,29,,318628,14,,,0,70,,318608,14,,,0,30,,225882,14,,,0,70,,295996,14,,,0,30,,318623,14,,,0,70,,318617,14,,,0,30,,318624,14,,,0,70,,318627,14,,,0,30,,318620,14,,,0
3400,'15',748,,318638,14,,,0,100,,318642,14,,,0,96,,318637,14,,,0,70,,318649,14,,,0,30,,247904,14,,,0,70,,318639,14,,,0,30,,240891,14,,,0,70,,318644,14,,,0,30,,280854,14,,,0,70,,318635,14,,,0,30,,318646,14,,,0,70,,318647,14,,,0,30,,318640,14,,,0,70,,318645,14,,,0,42,,318643,14,,,0,58,,318634,14,,,0,30,,318641,14,,,0,70,,318636,14,,,0,30,,244504,14,,,0,70,,318648,14,,,0,43,,318633,14,,,0
3400,'16',658,,318667,14,,,0,100,,318658,14,,,0,70,,318663,14,,,0,30,,318656,14,,,0,70,,318672,14,,,0,30,,228292,14,,,0,70,,318670,14,,,0,30,,318671,14,,,0,70,,318652,14,,,0,30,,318660,14,,,0,70,,318661,14,,,0,30,,318662,14,,,0,70,,318666,14,,,0,30,,318650,14,,,0,70,,318651,14,,,0,30,,246453,14,,,0,70,,318654,14,,,0,30,,318659,14,,,0,70,,318664,14,,,0,30,,318655,14,,,0,70,,318669,14,,,0,30,,318668,14,,,0,70,,318665,14,,,0,30,,318653,14,,,0,70,,237711,14,,,0,75,,318657,14,,,0
3400,'2',540,,318697,17,,,0,75,,216474,14,,,0,30,,318675,14,,,0,71,,318701,14,,,0,31,,318692,14,,,0,8,,318682,17,0,23 24,0,62,,318704,14,,,0,29,,318691,14,,,0,70,,318679,14,,,0,30,,318695,14,,,0,69,,318687,14,,,0,30,,318700,14,,,0,70,,318690,14,,,0,30,,318681,14,,,0,70,,318686,14,,,0,31,,318685,14,,,0,70,,318673,14,,,0,30,,318680,14,,,0,70,,318676,14,,,0,30,,318683,14,,,0,71,,318696,14,,,0,30,,318693,14,,,0,70,,318689,14,,,0,30,,318699,14,,,0,70,,318702,14,,,0,29,,318698,14,,,0,70,,318674,14,,,0,30,,318703,14,,,0,70,,318678,14,,,0,30,,245083,14,,,0,70,,318684,14,,,0,30,,318694,14,,,0,70,,224992,14,,,0,30,,318688,14,,,0
3400,'3',540,,318727,17,,,0,75,,318708,14,,,0,30,,318707,14,,,0,71,,318731,14,,,0,31,,211036,14,,,0,8,,318715,17,0,23 24,0,62,,318734,14,,,0,29,,318721,14,,,0,70,,318712,14,,,0,30,,318725,14,,,0,69,,318718,14,,,0,30,,318730,14,,,0,70,,318720,14,,,0,30,,318714,14,,,0,70,,234667,14,,,0,31,,181685,14,,,0,70,,318705,14,,,0,30,,318713,14,,,0,70,,318709,14,,,0,30,,318716,14,,,0,71,,318726,14,,,0,30,,318722,14,,,0,70,,318719,14,,,0,30,,266008,14,,,0,70,,318732,14,,,0,29,,318729,14,,,0,70,,318706,14,,,0,30,,318733,14,,,0,70,,318711,14,,,0,30,,318723,14,,,0,70,,318717,14,,,0,30,,318724,14,,,0,70,,318728,14,,,0,30,,266000,14,,,0
3400,'4',540,,318753,17,,,0,75,,318757,14,,,0,30,,318735,14,,,0,71,,318761,14,,,0,31,,223524,14,,,0,70,,268442,14,,,0,29,,318750,14,,,0,70,,318740,14,,,0,30,,318744,14,,,0,69,,318738,14,,,0,30,,318748,14,,,0,70,,281355,14,,,0,30,,318751,14,,,0,70,,318741,14,,,0,31,,318749,14,,,0,70,,318747,14,,,0,30,,252153,14,,,0,70,,318756,14,,,0,30,,318746,14,,,0,71,,318759,14,,,0,30,,318754,14,,,0,70,,318743,14,,,0,30,,318736,14,,,0,70,,263445,14,,,0,29,,318745,14,,,0,70,,318760,14,,,0,30,,318742,14,,,0,70,,318758,14,,,0,30,,318737,14,,,0,70,,318752,14,,,0,30,,318739,14,,,0,70,,275750,14,,,0,30,,318755,14,,,0
3400,'5',540,,318784,17,,,0,75,,318765,14,,,0,30,,318764,14,,,0,71,,318788,14,,,0,31,,211189,14,,,0,8,,318772,17,0,23 24,0,62,,318791,14,,,0,29,,318778,14,,,0,70,,318769,14,,,0,30,,318782,14,,,0,69,,318775,14,,,0,30,,318787,14,,,0,70,,318777,14,,,0,30,,318771,14,,,0,70,,122125,14,,,0,31,,262948,14,,,0,70,,318762,14,,,0,30,,318770,14,,,0,70,,318766,14,,,0,30,,318773,14,,,0,71,,318783,14,,,0,30,,318779,14,,,0,70,,318776,14,,,0,30,,266105,14,,,0,70,,318789,14,,,0,29,,318786,14,,,0,70,,318763,14,,,0,30,,318790,14,,,0,70,,318768,14,,,0,30,,318780,14,,,0,70,,318774,14,,,0,30,,318781,14,,,0,70,,318785,14,,,0,30,,266097,14,,,0
3400,'6',540,,272607,17,,,0,75,,318795,14,,,0,30,,318794,14,,,0,71,,318815,14,,,0,31,,318807,14,,,0,8,,277894,17,0,23 24,0,62,,318817,14,,,0,29,,318806,14,,,0,70,,318798,14,,,0,30,,318810,14,,,0,69,,266177,14,,,0,30,,291428,14,,,0,70,,214923,14,,,0,30,,318800,14,,,0,70,,318804,14,,,0,31,,318803,14,,,0,70,,318792,14,,,0,30,,318799,14,,,0,70,,318796,14,,,0,30,,318801,14,,,0,71,,318811,14,,,0,30,,203674,14,,,0,70,,232424,14,,,0,30,,318814,14,,,0,70,,318816,14,,,0,29,,318813,14,,,0,70,,318793,14,,,0,30,,225510,14,,,0,70,,295992,14,,,0,30,,318808,14,,,0,70,,318802,14,,,0,30,,318809,14,,,0,70,,318812,14,,,0,30,,318805,14,,,0
3400,'7',540,,318842,17,,,0,75,,216354,14,,,0,30,,318820,14,,,0,71,,318846,14,,,0,31,,318837,14,,,0,8,,318827,17,0,23 24,0,62,,318849,14,,,0,29,,318836,14,,,0,70,,318824,14,,,0,30,,318840,14,,,0,69,,318832,14,,,0,30,,318845,14,,,0,70,,318835,14,,,0,30,,318826,14,,,0,70,,318831,14,,,0,31,,318830,14,,,0,70,,318818,14,,,0,30,,318825,14,,,0,70,,318821,14,,,0,30,,318828,14,,,0,71,,318841,14,,,0,30,,318838,14,,,0,70,,318834,14,,,0,30,,318844,14,,,0,70,,318847,14,,,0,29,,318843,14,,,0,70,,318819,14,,,0,30,,318848,14,,,0,70,,318823,14,,,0,30,,244986,14,,,0,70,,318829,14,,,0,30,,318839,14,,,0,70,,224902,14,,,0,30,,318833,14,,,0
3400,'8',748,,290673,14,,,0,100,,318861,14,,,0,96,,318854,14,,,0,70,,318868,14,,,0,30,,318869,14,,,0,70,,318857,14,,,0,30,,318855,14,,,0,70,,318863,14,,,0,30,,318858,14,,,0,70,,318852,14,,,0,30,,318865,14,,,0,70,,318866,14,,,0,30,,318859,14,,,0,70,,318864,14,,,0,42,,318862,14,,,0,58,,318851,14,,,0,30,,318860,14,,,0,70,,318853,14,,,0,30,,318856,14,,,0,70,,318867,14,,,0,43,,318850,14,,,0
3400,'9',540,,272499,17,,,0,75,,318873,14,,,0,30,,318872,14,,,0,71,,318893,14,,,0,31,,318885,14,,,0,8,,277814,17,0,23 24,0,62,,318895,14,,,0,29,,318884,14,,,0,70,,318876,14,,,0,30,,318888,14,,,0,69,,266057,14,,,0,30,,291349,14,,,0,70,,214818,14,,,0,30,,318878,14,,,0,70,,318882,14,,,0,31,,318881,14,,,0,70,,318870,14,,,0,30,,318877,14,,,0,70,,318874,14,,,0,30,,318879,14,,,0,71,,318889,14,,,0,30,,203659,14,,,0,70,,232351,14,,,0,30,,318892,14,,,0,70,,318894,14,,,0,29,,318891,14,,,0,70,,318871,14,,,0,30,,225406,14,,,0,70,,295991,14,,,0,30,,318886,14,,,0,70,,318880,14,,,0,30,,318887,14,,,0,70,,318890,14,,,0,30,,318883,14,,,0
61200,'11',722,,376250,16,0,52 53,0,105,,376251,16,,,0,3,,259725,16,,,0
61200,'13',722,,376252,16,0,52 53,0,105,,376253,16,,,0,3,,259764,16,,,0
61200,'14',722,,376254,16,0,52 53,0,105,,376255,16,,,0,3,,259920,16,,,0
61200,'2',722,,220737,16,0,52 53,0,105,,376257,16,,,0,3,,376256,16,,,0
61200,'3',722,,376259,16,0,52 53,0,105,,376260,16,,,0,3,,376258,16,,,0
61200,'5',722,,376262,16,0,52 53,0,105,,376263,16,,,0,3,,376261,16,,,0
61200,'6',722,,376264,16,0,52 53,0,105,,376265,16,,,0,3,,259512,16,,,0
61200,'7',722,,220619,16,0,52 53,0,105,,376267,16,,,0,3,,376266,16,,,0
61200,'9',722,,376268,16,0,52 53,0,105,,376269,16,,,0,3,,259412,16,,,0
62200,'11',800,,376401,16,0,83 84 85,0,28,,206926,16,,,0
62200,'13',800,,376402,16,0,83 84 85,0,28,,206973,16,,,0
62200,'14',800,,376403,16,0,83 84 85,0,28,,207148,16,,,0
62200,'2',800,,150670,16,0,83 84 85,0,28,,376404,16,,,0
62200,'3',800,,376405,16,0,83 84 85,0,28,,376406,16,,,0
62200,'5',800,,376407,16,0,83 84 85,0,28,,376408,16,,,0
62200,'6',800,,376409,16,0,83 84 85,0,28,,206654,16,,,0
62200,'7',800,,45621,16,0,83 84 85,0,28,,376410,16,,,0
62200,'9',800,,376411,16,0,83 84 85,0,28,,206534,16,,,0
63401,'11',1441,,376601,18,,,0
63401,'13',1441,,376602,18,,,0
63401,'14',1441,,376603,18,,,0
63401,'2',1441,,376604,18,,,0
63401,'3',1441,,376605,18,,,0
63401,'5',1441,,376606,18,,,0
63401,'6',1441,,376607,18,,,0
63401,'7',1441,,376608,18,,,0
63401,'9',1441,,376609,18,,,0
64100,'11',808,,376668,17,,,0
64100,'13',808,,376669,17,,,0
64100,'14',808,,376670,17,,,0
64100,'2',808,,376671,17,,,0
64100,'3',808,,376672,17,,,0
64100,'5',808,,376673,17,,,0
64100,'6',808,,376674,17,,,0
64100,'7',808,,376675,17,,,0
64100,'9',808,,376676,17,,,0
