16301,'1',745,,288864,25,,,1,70,,288866,25,,,1,30,,288849,25,,,1,70,,288865,25,,,1,30,,288862,25,,,1,70,,140179,25,,,1,30,,288852,25,,,1,70,,288860,25,,,1,30,,288854,25,,,1,70,,199344,25,,,1,30,,288851,25,,,1,70,,199325,25,,,1,30,,288856,25,,,1,70,,288858,25,,,1,30,,199347,25,,,1,70,,288863,25,,,1,30,,128728,25,,,1,70,,288861,25,,,1,30,,288859,25,,,1,70,,288855,25,,,1,100,,288857,25,,,1,100,,288853,25,,,1,100,,288867,25,,,1,100,,130904,25,,,1,100,,288850,25,,,1
16301,'10',745,,181696,25,,,1,70,,288887,25,,,1,30,,288869,25,,,1,70,,288885,25,,,1,30,,288881,25,,,1,70,,288882,25,,,1,30,,288872,25,,,1,70,,201404,25,,,1,30,,167259,25,,,1,70,,288886,25,,,1,30,,288871,25,,,1,70,,288868,25,,,1,30,,288876,25,,,1,70,,288878,25,,,1,30,,288889,25,,,1,70,,288883,25,,,1,30,,288874,25,,,1,70,,288880,25,,,1,30,,288879,25,,,1,70,,288875,25,,,1,100,,288877,25,,,1,100,,288873,25,,,1,100,,288888,25,,,1,100,,288884,25,,,1,100,,288870,25,,,1
16301,'11',745,,288898,25,,,1,100,,205711,25,,,1,70,,288894,25,,,1,30,,165990,25,,,1,70,,288895,25,,,1,30,,288893,25,,,1,70,,288891,25,,,1,30,,206129,25,,,1,70,,288899,25,,,1,30,,288901,25,,,1,70,,288892,25,,,1,30,,37473,25,,,1,70,,203030,25,,,1,30,,288890,25,,,1,70,,288897,25,,,1,30,,59612,25,,,1,70,,288900,25,,,1,30,,205874,25,,,1,70,,133145,25,,,1,100,,288896,25,,,1,100,,288902,25,,,1
16301,'12',621,,181137,25,,,1,30,,288911,25,,,1,70,,288908,25,,,1,30,,288910,25,,,1,68,,288916,25,,,1,33,,288913,25,,,1,64,,199218,25,,,1,30,,69498,25,,,1,70,,288909,25,,,1,30,,288920,25,,,1,70,,122977,25,,,1,30,,195535,25,,,1,70,,288915,25,,,1,30,,288905,25,,,1,70,,180320,25,,,1,30,,288907,25,,,1,70,,81104,25,,,1,36,,171875,25,,,1,70,,206267,25,,,1,30,,288906,25,,,1,100,,288903,25,,,1,70,,288919,25,,,1,97,,288918,25,,,1,30,,288904,25,,,1,70,,288917,25,,,1,30,,288912,25,,,1,66,,152460,25,,,1,100,,288921,25,,,1,100,,288914,25,,,1
16301,'13',745,,288937,25,,,1,70,,288940,25,,,1,30,,288923,25,,,1,70,,169097,25,,,1,30,,288934,25,,,1,70,,288935,25,,,1,30,,288926,25,,,1,70,,288932,25,,,1,30,,288928,25,,,1,70,,288939,25,,,1,30,,288925,25,,,1,70,,288922,25,,,1,30,,188580,25,,,1,70,,288931,25,,,1,30,,288942,25,,,1,70,,288936,25,,,1,30,,288929,25,,,1,70,,288933,25,,,1,30,,142533,25,,,1,70,,288930,25,,,1,100,,186529,25,,,1,100,,288927,25,,,1,100,,288941,25,,,1,100,,288938,25,,,1,100,,288924,25,,,1
16301,'14',621,,288962,25,,,1,30,,185331,25,,,1,70,,288954,25,,,1,29,,288958,25,,,1,69,,288952,25,,,1,34,,288957,25,,,1,63,,288947,25,,,1,30,,288959,25,,,1,70,,288961,25,,,1,30,,204114,25,,,1,70,,174499,25,,,1,30,,288950,25,,,1,70,,150745,25,,,1,30,,121189,25,,,1,70,,288944,25,,,1,30,,182926,25,,,1,70,,288955,25,,,1,36,,288949,25,,,1,70,,194313,25,,,1,29,,288953,25,,,1,71,,288960,25,,,1,30,,148021,25,,,1,70,,57606,25,,,1,30,,288943,25,,,1,67,,288946,25,,,1,30,,187541,25,,,1,70,,288956,25,,,1,30,,288951,25,,,1,66,,288945,25,,,1,100,,288948,25,,,1,100,,184204,25,,,1
16301,'15',621,,181350,25,,,1,30,,288971,25,,,1,70,,288968,25,,,1,30,,288970,25,,,1,68,,288976,25,,,1,33,,288973,25,,,1,64,,199319,25,,,1,30,,70159,25,,,1,70,,288969,25,,,1,30,,288980,25,,,1,70,,123242,25,,,1,30,,195652,25,,,1,70,,288975,25,,,1,30,,288965,25,,,1,70,,180532,25,,,1,30,,288967,25,,,1,70,,81433,25,,,1,36,,172015,25,,,1,70,,206295,25,,,1,30,,288966,25,,,1,100,,288963,25,,,1,70,,288979,25,,,1,97,,288978,25,,,1,30,,288964,25,,,1,70,,288977,25,,,1,30,,288972,25,,,1,66,,152659,25,,,1,100,,288981,25,,,1,100,,288974,25,,,1
16301,'16',745,,288992,25,,,1,100,,288996,25,,,1,70,,288985,25,,,1,30,,288994,25,,,1,70,,121033,25,,,1,30,,106686,25,,,1,70,,288982,25,,,1,30,,288984,25,,,1,70,,162768,25,,,1,30,,186151,25,,,1,70,,288983,25,,,1,30,,288986,25,,,1,70,,288988,25,,,1,30,,163726,25,,,1,70,,288990,25,,,1,30,,288993,25,,,1,70,,30074,25,,,1,30,,288991,25,,,1,70,,288989,25,,,1,100,,288987,25,,,1,100,,288995,25,,,1
16301,'17',621,,289016,25,,,1,30,,185229,25,,,1,70,,289008,25,,,1,29,,289012,25,,,1,69,,289006,25,,,1,34,,289011,25,,,1,63,,289001,25,,,1,30,,289013,25,,,1,70,,289015,25,,,1,30,,204110,25,,,1,70,,174369,25,,,1,30,,289004,25,,,1,70,,150668,25,,,1,30,,121104,25,,,1,70,,288998,25,,,1,30,,62821,25,,,1,70,,289009,25,,,1,36,,289003,25,,,1,70,,194230,25,,,1,29,,289007,25,,,1,71,,289014,25,,,1,30,,147905,25,,,1,70,,141367,25,,,1,30,,288997,25,,,1,67,,289000,25,,,1,30,,78292,25,,,1,70,,289010,25,,,1,30,,289005,25,,,1,66,,288999,25,,,1,100,,289002,25,,,1,100,,184098,25,,,1
16301,'18',621,,289036,25,,,1,30,,185474,25,,,1,70,,289028,25,,,1,29,,289032,25,,,1,69,,289026,25,,,1,34,,289031,25,,,1,63,,289021,25,,,1,30,,289033,25,,,1,70,,289035,25,,,1,30,,204126,25,,,1,70,,103556,25,,,1,30,,289024,25,,,1,70,,150846,25,,,1,30,,121294,25,,,1,70,,289018,25,,,1,30,,183009,25,,,1,70,,289029,25,,,1,36,,289023,25,,,1,70,,194418,25,,,1,29,,289027,25,,,1,71,,289034,25,,,1,30,,148152,25,,,1,70,,141483,25,,,1,30,,289017,25,,,1,67,,289020,25,,,1,30,,187575,25,,,1,70,,289030,25,,,1,30,,289025,25,,,1,66,,289019,25,,,1,100,,289022,25,,,1,100,,184363,25,,,1
16301,'2',621,,289064,25,,,1,30,,289050,25,,,1,70,,289052,25,,,1,29,,127487,25,,,1,69,,289048,25,,,1,34,,289057,25,,,1,63,,163103,25,,,1,30,,289058,25,,,1,70,,289062,25,,,1,30,,289037,25,,,1,70,,289063,25,,,1,30,,289046,25,,,1,70,,289044,25,,,1,30,,289056,25,,,1,70,,289040,25,,,1,30,,289059,25,,,1,70,,289054,25,,,1,36,,289045,25,,,1,70,,289053,25,,,1,29,,289051,25,,,1,71,,289060,25,,,1,30,,289061,25,,,1,70,,289049,25,,,1,30,,289039,25,,,1,67,,289042,25,,,1,30,,289043,25,,,1,70,,289055,25,,,1,30,,289047,25,,,1,66,,289041,25,,,1,100,,121463,25,,,1,100,,289038,25,,,1
16301,'3',621,,289068,25,,,1,30,,289072,25,,,1,70,,122745,25,,,1,30,,206227,25,,,1,68,,289076,25,,,1,33,,195027,25,,,1,64,,289082,25,,,1,30,,289071,25,,,1,70,,143429,25,,,1,30,,289083,25,,,1,70,,289081,25,,,1,30,,289066,25,,,1,70,,289075,25,,,1,30,,198410,25,,,1,70,,289085,25,,,1,30,,196787,25,,,1,70,,289084,25,,,1,36,,289069,25,,,1,70,,289080,25,,,1,30,,128354,25,,,1,100,,289065,25,,,1,70,,289079,25,,,1,97,,289078,25,,,1,30,,289067,25,,,1,70,,289077,25,,,1,30,,289073,25,,,1,66,,289070,25,,,1,100,,289086,25,,,1,100,,289074,25,,,1
16301,'4',621,,181453,25,,,1,30,,289095,25,,,1,70,,289092,25,,,1,30,,289094,25,,,1,68,,289100,25,,,1,33,,289097,25,,,1,64,,199370,25,,,1,30,,70090,25,,,1,70,,289093,25,,,1,30,,289104,25,,,1,70,,123365,25,,,1,30,,195715,25,,,1,70,,289099,25,,,1,30,,289089,25,,,1,70,,180631,25,,,1,30,,289091,25,,,1,70,,81400,25,,,1,36,,172073,25,,,1,70,,206303,25,,,1,30,,289090,25,,,1,100,,289087,25,,,1,70,,289103,25,,,1,97,,289102,25,,,1,30,,289088,25,,,1,70,,289101,25,,,1,30,,289096,25,,,1,66,,152749,25,,,1,100,,289105,25,,,1,100,,289098,25,,,1
16301,'5',621,,180696,25,,,1,30,,289114,25,,,1,70,,289111,25,,,1,30,,289113,25,,,1,68,,289119,25,,,1,33,,289116,25,,,1,64,,199009,25,,,1,30,,69429,25,,,1,70,,289112,25,,,1,30,,289123,25,,,1,70,,122445,25,,,1,30,,195303,25,,,1,70,,289118,25,,,1,30,,289108,25,,,1,70,,179860,25,,,1,30,,289110,25,,,1,70,,81071,25,,,1,36,,171562,25,,,1,70,,206190,25,,,1,30,,289109,25,,,1,100,,289106,25,,,1,70,,289122,25,,,1,97,,289121,25,,,1,30,,289107,25,,,1,70,,289120,25,,,1,30,,289115,25,,,1,66,,152038,25,,,1,100,,289124,25,,,1,100,,289117,25,,,1
16301,'6',745,,289137,25,,,1,100,,289144,25,,,1,70,,289130,25,,,1,30,,289142,25,,,1,70,,289131,25,,,1,30,,289129,25,,,1,70,,289126,25,,,1,30,,289128,25,,,1,70,,289138,25,,,1,30,,289141,25,,,1,70,,289127,25,,,1,30,,289132,25,,,1,70,,289133,25,,,1,30,,289125,25,,,1,70,,289135,25,,,1,30,,289140,25,,,1,70,,289139,25,,,1,30,,289136,25,,,1,70,,289134,25,,,1,100,,200361,25,,,1,100,,289143,25,,,1
16301,'7',621,,289171,25,,,1,30,,289158,25,,,1,70,,137868,25,,,1,29,,289164,25,,,1,69,,289156,25,,,1,34,,189752,25,,,1,63,,289153,25,,,1,30,,289165,25,,,1,70,,289169,25,,,1,30,,289145,25,,,1,70,,289170,25,,,1,30,,289155,25,,,1,70,,289152,25,,,1,30,,289163,25,,,1,70,,289148,25,,,1,30,,289166,25,,,1,70,,289161,25,,,1,36,,130347,25,,,1,70,,289160,25,,,1,29,,289159,25,,,1,71,,289167,25,,,1,30,,289168,25,,,1,70,,289157,25,,,1,30,,289147,25,,,1,67,,289150,25,,,1,30,,289151,25,,,1,70,,289162,25,,,1,30,,147811,25,,,1,66,,289149,25,,,1,100,,289154,25,,,1,100,,289146,25,,,1
16301,'8',614,,289182,25,,,1,107,,289172,25,,,1,96,,289181,25,,,1,99,,289185,25,,,1,100,,289173,25,,,1,100,,289188,25,,,1,100,,289186,25,,,1,100,,289180,25,,,1,100,,289184,25,,,1,106,,289176,25,,,1,101,,289183,25,,,1,98,,289175,25,,,1,98,,289179,25,,,1,100,,289178,25,,,1,96,,289174,25,,,1,100,,289177,25,,,1,100,,289187,25,,,1
16301,'9',621,,181084,25,,,1,30,,289197,25,,,1,70,,289194,25,,,1,30,,289196,25,,,1,68,,289202,25,,,1,33,,289199,25,,,1,64,,199190,25,,,1,30,,69760,25,,,1,70,,289195,25,,,1,30,,289206,25,,,1,70,,122916,25,,,1,30,,195504,25,,,1,70,,289201,25,,,1,30,,289191,25,,,1,70,,180265,25,,,1,30,,289193,25,,,1,70,,81236,25,,,1,36,,171841,25,,,1,70,,206259,25,,,1,30,,289192,25,,,1,100,,289189,25,,,1,70,,289205,25,,,1,97,,289204,25,,,1,30,,289190,25,,,1,70,,289203,25,,,1,30,,289198,25,,,1,66,,152407,25,,,1,100,,289207,25,,,1,100,,289200,25,,,1
26601,'12',1611,,294115,20,,,1,90,,180309,20,,,1,58,,294114,20,,,1,150,,294113,20,,,1
26601,'14',1611,,294118,20,,,1,90,,79927,20,,,1,58,,294117,20,,,1,150,,294116,20,,,1
26601,'15',1611,,294121,20,,,1,90,,180521,20,,,1,58,,294120,20,,,1,150,,294119,20,,,1
26601,'17',1611,,294124,20,,,1,90,,204071,20,,,1,58,,294123,20,,,1,150,,294122,20,,,1
26601,'18',1611,,294127,20,,,1,90,,204077,20,,,1,58,,294126,20,,,1,150,,294125,20,,,1
26601,'2',1611,,294130,20,,,1,90,,294129,20,,,1,58,,294128,20,,,1,150,,158286,20,,,1
26601,'3',1611,,294132,20,,,1,90,,294133,20,,,1,58,,294131,20,,,1,150,,162345,20,,,1
26601,'4',1611,,294136,20,,,1,90,,180620,20,,,1,58,,294135,20,,,1,150,,294134,20,,,1
26601,'5',1611,,294139,20,,,1,90,,179849,20,,,1,58,,294138,20,,,1,150,,294137,20,,,1
26601,'7',1611,,294143,20,,,1,90,,294142,20,,,1,58,,294141,20,,,1,150,,294140,20,,,1
26601,'8',1611,,294145,20,,,1,90,,294146,20,,,1,58,,294144,20,,,1,150,,294147,20,,,1
26601,'9',1611,,294150,20,,,1,90,,180254,20,,,1,58,,294149,20,,,1,150,,294148,20,,,1
