19700,'1',928,,292689,10,,,1,100,,292681,10,,,1,100,,292682,10,,,1,100,,140886,10,,,1,100,,292688,10,,,1,100,,292684,10,,,1,100,,292690,10,,,1,100,,292686,10,,,1,100,,292685,10,,,1,100,,292687,10,,,1,100,,292683,10,,,1
19700,'10',928,,292697,10,,,1,100,,170301,10,,,1,100,,292691,10,,,1,100,,292698,10,,,1,100,,292696,10,,,1,100,,292693,10,,,1,100,,292699,10,,,1,100,,292694,10,,,1,100,,163801,10,,,1,100,,292695,10,,,1,100,,292692,10,,,1
19700,'11',910,,136275,10,,,1,100,,292707,10,,,1,100,,292703,10,,,1,100,,292702,10,,,1,100,,292705,10,,,1,100,,292706,10,,,1,100,,151845,10,,,1,100,,292704,10,,,1,100,,292700,10,,,1,100,,292701,10,,,1,100,,151833,10,,,1
19700,'12',548,,292724,10,,,1,67,,292716,10,,,1,33,,159123,10,,,1,100,,292720,10,,,1,70,,292717,10,,,1,30,,292723,10,,,1,77,,292713,10,,,1,100,,292726,10,,,1,100,,111074,10,,,1,103,,292718,10,,,1,100,,292710,10,,,1,100,,292712,10,,,1,99,,292721,10,,,1,31,,292709,10,,,1,100,,292714,10,,,1,70,,292725,10,,,1,30,,292715,10,,,1,70,,292708,10,,,1,96,,292719,10,,,1,100,,292711,10,,,1,100,,292722,10,,,1
19700,'13',928,,292734,10,,,1,100,,292727,10,,,1,100,,292728,10,,,1,100,,292735,10,,,1,100,,146169,10,,,1,100,,292730,10,,,1,100,,292736,10,,,1,100,,292732,10,,,1,100,,292731,10,,,1,100,,292733,10,,,1,100,,292729,10,,,1
19700,'14',548,,292738,10,,,1,67,,292749,10,,,1,33,,179370,10,,,1,70,,292740,10,,,1,30,,292750,10,,,1,70,,292747,10,,,1,30,,292739,10,,,1,77,,292746,10,,,1,100,,199102,10,,,1,100,,292741,10,,,1,103,,292744,10,,,1,100,,292742,10,,,1,100,,124698,10,,,1,100,,292752,10,,,1,30,,202754,10,,,1,70,,292748,10,,,1,31,,292743,10,,,1,69,,199115,10,,,1,30,,292753,10,,,1,70,,292737,10,,,1,96,,292751,10,,,1,100,,292754,10,,,1,100,,292745,10,,,1
19700,'15',548,,292771,10,,,1,67,,292763,10,,,1,33,,159221,10,,,1,100,,292767,10,,,1,70,,292764,10,,,1,30,,292770,10,,,1,77,,292760,10,,,1,100,,292773,10,,,1,100,,111295,10,,,1,103,,292765,10,,,1,100,,292757,10,,,1,100,,292759,10,,,1,99,,292768,10,,,1,31,,292756,10,,,1,100,,292761,10,,,1,70,,292772,10,,,1,30,,292762,10,,,1,70,,292755,10,,,1,96,,292766,10,,,1,100,,292758,10,,,1,100,,292769,10,,,1
19700,'16',910,,292776,10,,,1,100,,292784,10,,,1,100,,292778,10,,,1,100,,292777,10,,,1,100,,292781,10,,,1,100,,292783,10,,,1,100,,292782,10,,,1,100,,292779,10,,,1,100,,292774,10,,,1,100,,292775,10,,,1,100,,292780,10,,,1
19700,'17',548,,292786,10,,,1,67,,292797,10,,,1,33,,33761,10,,,1,70,,292788,10,,,1,30,,292798,10,,,1,70,,292795,10,,,1,30,,292787,10,,,1,77,,292794,10,,,1,100,,199059,10,,,1,100,,292789,10,,,1,103,,292792,10,,,1,100,,292790,10,,,1,100,,124599,10,,,1,100,,292800,10,,,1,30,,202729,10,,,1,70,,292796,10,,,1,31,,292791,10,,,1,69,,199071,10,,,1,30,,292801,10,,,1,70,,292785,10,,,1,96,,292799,10,,,1,100,,292802,10,,,1,100,,292793,10,,,1
19700,'18',548,,292804,10,,,1,67,,292815,10,,,1,33,,179433,10,,,1,70,,292806,10,,,1,30,,292816,10,,,1,70,,292813,10,,,1,30,,292805,10,,,1,77,,292812,10,,,1,100,,199156,10,,,1,100,,292807,10,,,1,103,,292810,10,,,1,100,,292808,10,,,1,100,,124803,10,,,1,100,,292818,10,,,1,30,,202790,10,,,1,70,,292814,10,,,1,31,,292809,10,,,1,69,,199167,10,,,1,30,,292819,10,,,1,70,,292803,10,,,1,96,,292817,10,,,1,100,,292820,10,,,1,100,,292811,10,,,1
19700,'2',548,,292822,10,,,1,67,,292831,10,,,1,33,,292834,10,,,1,70,,292824,10,,,1,30,,292832,10,,,1,70,,154473,10,,,1,30,,292823,10,,,1,77,,193857,10,,,1,100,,292829,10,,,1,100,,106304,10,,,1,103,,192444,10,,,1,100,,292825,10,,,1,100,,292826,10,,,1,100,,292835,10,,,1,30,,292833,10,,,1,70,,292830,10,,,1,31,,292827,10,,,1,69,,292836,10,,,1,30,,292837,10,,,1,70,,292821,10,,,1,96,,184714,10,,,1,100,,146634,10,,,1,100,,292828,10,,,1
19700,'3',548,,292853,10,,,1,67,,292846,10,,,1,33,,292839,10,,,1,100,,292850,10,,,1,70,,292847,10,,,1,30,,292852,10,,,1,77,,292843,10,,,1,100,,292855,10,,,1,100,,292854,10,,,1,103,,292848,10,,,1,100,,292840,10,,,1,100,,292842,10,,,1,99,,157301,10,,,1,31,,172959,10,,,1,100,,292844,10,,,1,70,,165029,10,,,1,30,,292845,10,,,1,70,,292838,10,,,1,96,,292849,10,,,1,100,,292841,10,,,1,100,,292851,10,,,1
19700,'4',548,,292872,10,,,1,67,,292864,10,,,1,33,,159273,10,,,1,100,,292868,10,,,1,70,,292865,10,,,1,30,,292871,10,,,1,77,,292861,10,,,1,100,,292874,10,,,1,100,,111270,10,,,1,103,,292866,10,,,1,100,,292858,10,,,1,100,,292860,10,,,1,99,,292869,10,,,1,31,,292857,10,,,1,100,,292862,10,,,1,70,,292873,10,,,1,30,,292863,10,,,1,70,,292856,10,,,1,96,,292867,10,,,1,100,,292859,10,,,1,100,,292870,10,,,1
19700,'5',548,,292891,10,,,1,67,,292883,10,,,1,33,,158889,10,,,1,100,,292887,10,,,1,70,,292884,10,,,1,30,,292890,10,,,1,77,,292880,10,,,1,100,,292893,10,,,1,100,,111049,10,,,1,103,,292885,10,,,1,100,,292877,10,,,1,100,,292879,10,,,1,99,,292888,10,,,1,31,,292876,10,,,1,100,,292881,10,,,1,70,,292892,10,,,1,30,,292882,10,,,1,70,,292875,10,,,1,96,,292886,10,,,1,100,,292878,10,,,1,100,,292889,10,,,1
19700,'6',910,,292896,10,,,1,100,,292902,10,,,1,100,,292898,10,,,1,100,,292897,10,,,1,100,,161548,10,,,1,100,,292901,10,,,1,100,,292900,10,,,1,100,,65563,10,,,1,100,,292894,10,,,1,100,,292895,10,,,1,100,,292899,10,,,1
19700,'7',548,,292903,10,,,1,67,,292915,10,,,1,33,,292919,10,,,1,70,,292905,10,,,1,30,,292916,10,,,1,70,,292913,10,,,1,30,,292904,10,,,1,77,,292911,10,,,1,100,,292912,10,,,1,100,,292906,10,,,1,103,,292909,10,,,1,100,,292907,10,,,1,100,,292908,10,,,1,100,,292920,10,,,1,30,,292917,10,,,1,70,,292914,10,,,1,31,,39493,10,,,1,69,,292921,10,,,1,30,,292922,10,,,1,70,,174249,10,,,1,96,,292918,10,,,1,100,,292923,10,,,1,100,,292910,10,,,1
19700,'8',548,,292931,10,,,1,67,,292933,10,,,1,103,,292930,10,,,1,100,,292934,10,,,1,107,,292937,10,,,1,100,,292924,10,,,1,100,,292932,10,,,1,103,,292936,10,,,1,100,,292940,10,,,1,100,,292929,10,,,1,99,,292938,10,,,1,103,,292935,10,,,1,98,,292926,10,,,1,100,,292927,10,,,1,96,,292928,10,,,1,100,,292925,10,,,1,100,,292939,10,,,1
19700,'9',548,,292957,10,,,1,67,,292949,10,,,1,33,,159097,10,,,1,100,,292953,10,,,1,70,,292950,10,,,1,30,,292956,10,,,1,77,,292946,10,,,1,100,,292959,10,,,1,100,,111165,10,,,1,103,,292951,10,,,1,100,,292943,10,,,1,100,,292945,10,,,1,99,,292954,10,,,1,31,,292942,10,,,1,100,,292947,10,,,1,70,,292958,10,,,1,30,,292948,10,,,1,70,,292941,10,,,1,96,,292952,10,,,1,100,,292944,10,,,1,100,,292955,10,,,1
