6301,'1',525,,68279,,,1,30,,68270,,,1,55,,68260,,,1,14,,68275,,,1,16,,68286,,,1,10,,68267,,,1,53,,68285,,,1,13,,68272,,,1,19,,68296,,,1,13,,68278,,,1,57,,68280,,,1,20,,68295,,,1,14,,68263,,,1,70,,68302,,,1,30,,68299,,,1,70,,68269,,,1,30,,68300,,,1,65,,68303,,,1,30,,68257,,,1,70,,68264,,,1,30,,68274,,,1,70,,68297,,,1,30,,68265,,,1,70,,68294,,,1,30,,68258,,,1,70,,68262,,,1,30,,68305,,,1,70,,68306,,,1,15,,68281,,,1,15,,68304,,,1,15,,68268,,,1,55,,68298,,,1,15,,68282,,,1,30,,68291,,,1,55,,68301,,,1,15,,68271,,,1,15,,68289,,,1,15,,68292,,,1,55,,68287,,,1,15,,68284,,,1,30,,68276,,,1,70,,68261,,,1,30,,68277,,,1,70,,68283,,,1,30,,68290,,,1,70,,68259,,,1,30,,68293,,,1,70,,68273,,,1,30,,68266,,,1
6301,'10',525,,68318,,,1,30,,68344,,,1,55,,68333,,,1,13,,68336,,,1,15,,68348,,,1,10,,68309,,,1,55,,68339,,,1,14,,68349,,,1,18,,68335,,,1,13,,68332,,,1,57,,68308,,,1,21,,68343,,,1,13,,68345,,,1,70,,68330,,,1,30,,68315,,,1,70,,68310,,,1,30,,68355,,,1,65,,68321,,,1,30,,68307,,,1,70,,68329,,,1,30,,68312,,,1,70,,68317,,,1,30,,68311,,,1,70,,68314,,,1,30,,68334,,,1,70,,68350,,,1,29,,68326,,,1,71,,68337,,,1,15,,68356,,,1,13,,68353,,,1,17,,68347,,,1,55,,68322,,,1,15,,68324,,,1,15,,68352,,,1,15,,68341,,,1,55,,68340,,,1,15,,68338,,,1,15,,68351,,,1,15,,68346,,,1,55,,68357,,,1,15,,68342,,,1,30,,68325,,,1,70,,68354,,,1,30,,68328,,,1,70,,68323,,,1,30,,68327,,,1,70,,68319,,,1,30,,68316,,,1,70,,68320,,,1,30,,68313,,,1
6301,'11',525,,68380,,,1,30,,68371,,,1,55,,68361,,,1,14,,68376,,,1,16,,68387,,,1,10,,68368,,,1,53,,68386,,,1,13,,68373,,,1,19,,68397,,,1,13,,68379,,,1,57,,68381,,,1,20,,68396,,,1,14,,68364,,,1,70,,68403,,,1,30,,68400,,,1,70,,68370,,,1,30,,68401,,,1,65,,68404,,,1,30,,68358,,,1,70,,68365,,,1,30,,68375,,,1,70,,68398,,,1,30,,68366,,,1,70,,68395,,,1,30,,68359,,,1,70,,68363,,,1,30,,68406,,,1,70,,68407,,,1,15,,68382,,,1,15,,68405,,,1,15,,68369,,,1,55,,68399,,,1,15,,68383,,,1,30,,68392,,,1,55,,68402,,,1,15,,68372,,,1,15,,68390,,,1,15,,68393,,,1,55,,68388,,,1,15,,68385,,,1,30,,68377,,,1,70,,68362,,,1,30,,68378,,,1,70,,68384,,,1,30,,68391,,,1,70,,68360,,,1,30,,68394,,,1,70,,68374,,,1,30,,68367,,,1
6301,'12',525,,68433,,,1,30,,68452,,,1,54,,68414,,,1,14,,68418,,,1,15,,68410,,,1,12,,68428,,,1,53,,68437,,,1,15,,68426,,,1,17,,68451,,,1,15,,68435,,,1,55,,68458,,,1,20,,68424,,,1,14,,68442,,,1,70,,68436,,,1,30,,68411,,,1,70,,68415,,,1,30,,68439,,,1,65,,68429,,,1,30,,68430,,,1,70,,68440,,,1,30,,68423,,,1,70,,68448,,,1,30,,68409,,,1,70,,68419,,,1,30,,68443,,,1,68,,68417,,,1,32,,68453,,,1,68,,68441,,,1,15,,68455,,,1,15,,68449,,,1,17,,68456,,,1,55,,68434,,,1,15,,68446,,,1,15,,68438,,,1,15,,68413,,,1,56,,68445,,,1,14,,68454,,,1,15,,68444,,,1,15,,68421,,,1,55,,68422,,,1,15,,68408,,,1,30,,68425,,,1,70,,68457,,,1,30,,68420,,,1,70,,68431,,,1,30,,68416,,,1,70,,68432,,,1,30,,68427,,,1,70,,68447,,,1,30,,68450,,,1
6301,'13',720,,68482,,,1,100,,68473,,,1,100,,68486,,,1,101,,68487,,,1,30,,68477,,,1,70,,68485,,,1,30,,68469,,,1,70,,68480,,,1,30,,68470,,,1,70,,68483,,,1,30,,68462,,,1,70,,68461,,,1,30,,68472,,,1,70,,68478,,,1,30,,68465,,,1,70,,68475,,,1,30,,68466,,,1,70,,68468,,,1,30,,68481,,,1,70,,68460,,,1,30,,68459,,,1,70,,68463,,,1,30,,68471,,,1,70,,68479,,,1,30,,68467,,,1,70,,68474,,,1,30,,68464,,,1,70,,68476,,,1,100,,68484,,,1
6301,'14',720,,68511,,,1,100,,68502,,,1,100,,68515,,,1,101,,68516,,,1,30,,68506,,,1,70,,68514,,,1,30,,68498,,,1,70,,68509,,,1,30,,68499,,,1,70,,68512,,,1,30,,68491,,,1,70,,68490,,,1,30,,68501,,,1,70,,68507,,,1,30,,68494,,,1,70,,68504,,,1,30,,68495,,,1,70,,68497,,,1,30,,68510,,,1,70,,68489,,,1,30,,68488,,,1,70,,68492,,,1,30,,68500,,,1,70,,68508,,,1,30,,68496,,,1,70,,68503,,,1,30,,68493,,,1,70,,68505,,,1,100,,68513,,,1
6301,'15',525,,68528,,,1,30,,68554,,,1,55,,68543,,,1,13,,68546,,,1,15,,68558,,,1,10,,68519,,,1,55,,68549,,,1,14,,68559,,,1,18,,68545,,,1,13,,68542,,,1,57,,68518,,,1,21,,68553,,,1,13,,68555,,,1,70,,68540,,,1,30,,68525,,,1,70,,68520,,,1,30,,68565,,,1,65,,68531,,,1,30,,68517,,,1,70,,68539,,,1,30,,68522,,,1,70,,68527,,,1,30,,68521,,,1,70,,68524,,,1,30,,68544,,,1,70,,68560,,,1,29,,68536,,,1,71,,68547,,,1,15,,68566,,,1,13,,68563,,,1,17,,68557,,,1,55,,68532,,,1,15,,68534,,,1,15,,68562,,,1,15,,68551,,,1,55,,68550,,,1,15,,68548,,,1,15,,68561,,,1,15,,68556,,,1,55,,68567,,,1,15,,68552,,,1,30,,68535,,,1,70,,68564,,,1,30,,68538,,,1,70,,68533,,,1,30,,68537,,,1,70,,68529,,,1,30,,68526,,,1,70,,68530,,,1,30,,68523,,,1
6301,'16',525,,68590,,,1,30,,68581,,,1,55,,68571,,,1,14,,68586,,,1,16,,68597,,,1,10,,68578,,,1,53,,68596,,,1,13,,68583,,,1,19,,68607,,,1,13,,68589,,,1,57,,68591,,,1,20,,68606,,,1,14,,68574,,,1,70,,68613,,,1,30,,68610,,,1,70,,68580,,,1,30,,68611,,,1,65,,68614,,,1,30,,68568,,,1,70,,68575,,,1,30,,68585,,,1,70,,68608,,,1,30,,68576,,,1,70,,68605,,,1,30,,68569,,,1,70,,68573,,,1,30,,68616,,,1,70,,68617,,,1,15,,68592,,,1,15,,68615,,,1,15,,68579,,,1,55,,68609,,,1,15,,68593,,,1,30,,68602,,,1,55,,68612,,,1,15,,68582,,,1,15,,68600,,,1,15,,68603,,,1,55,,68598,,,1,15,,68595,,,1,30,,68587,,,1,70,,68572,,,1,30,,68588,,,1,70,,68594,,,1,30,,68601,,,1,70,,68570,,,1,30,,68604,,,1,70,,68584,,,1,30,,68577,,,1
6301,'17',720,,68641,,,1,100,,68632,,,1,100,,68645,,,1,101,,68646,,,1,30,,68636,,,1,70,,68644,,,1,30,,68628,,,1,70,,68639,,,1,30,,68629,,,1,70,,68642,,,1,30,,68621,,,1,70,,68620,,,1,30,,68631,,,1,70,,68637,,,1,30,,68624,,,1,70,,68634,,,1,30,,68625,,,1,70,,68627,,,1,30,,68640,,,1,70,,68619,,,1,30,,68618,,,1,70,,68622,,,1,30,,68630,,,1,70,,68638,,,1,30,,68626,,,1,70,,68633,,,1,30,,68623,,,1,70,,68635,,,1,100,,68643,,,1
6301,'18',721,,68659,,,1,37,,68677,,,1,70,,68665,,,1,30,,68651,,,1,70,,68674,,,1,30,,68649,,,1,70,,68669,,,1,31,,68664,,,1,70,,68678,,,1,30,,68655,,,1,70,,68661,,,1,30,,68676,,,1,70,,68667,,,1,30,,68670,,,1,70,,68656,,,1,30,,68673,,,1,70,,68666,,,1,30,,68668,,,1,70,,68648,,,1,30,,68663,,,1,70,,68650,,,1,30,,68654,,,1,70,,68680,,,1,30,,68675,,,1,70,,68679,,,1,30,,68658,,,1,70,,68662,,,1,30,,68647,,,1,70,,68652,,,1,30,,68671,,,1,70,,68653,,,1,30,,68657,,,1,70,,68660,,,1,30,,68672,,,1
6301,'19',721,,68693,,,1,37,,68711,,,1,70,,68699,,,1,30,,68685,,,1,70,,68708,,,1,30,,68683,,,1,70,,68703,,,1,31,,68698,,,1,70,,68712,,,1,30,,68689,,,1,70,,68695,,,1,30,,68710,,,1,70,,68701,,,1,30,,68704,,,1,70,,68690,,,1,30,,68707,,,1,70,,68700,,,1,30,,68702,,,1,70,,68682,,,1,30,,68697,,,1,70,,68684,,,1,30,,68688,,,1,70,,68714,,,1,30,,68709,,,1,70,,68713,,,1,30,,68692,,,1,70,,68696,,,1,30,,68681,,,1,70,,68686,,,1,30,,68705,,,1,70,,68687,,,1,30,,68691,,,1,70,,68694,,,1,30,,68706,,,1
6301,'2',720,,68738,,,1,100,,68729,,,1,100,,68742,,,1,101,,68743,,,1,30,,68733,,,1,70,,68741,,,1,30,,68725,,,1,70,,68736,,,1,30,,68726,,,1,70,,68739,,,1,30,,68718,,,1,70,,68717,,,1,30,,68728,,,1,70,,68734,,,1,30,,68721,,,1,70,,68731,,,1,30,,68722,,,1,70,,68724,,,1,30,,68737,,,1,70,,68716,,,1,30,,68715,,,1,70,,68719,,,1,30,,68727,,,1,70,,68735,,,1,30,,68723,,,1,70,,68730,,,1,30,,68720,,,1,70,,68732,,,1,100,,68740,,,1
6301,'20',525,,68766,,,1,30,,68757,,,1,55,,68747,,,1,14,,68762,,,1,16,,68773,,,1,10,,68754,,,1,53,,68772,,,1,13,,68759,,,1,19,,68783,,,1,13,,68765,,,1,57,,68767,,,1,20,,68782,,,1,14,,68750,,,1,70,,68789,,,1,30,,68786,,,1,70,,68756,,,1,30,,68787,,,1,65,,68790,,,1,30,,68744,,,1,70,,68751,,,1,30,,68761,,,1,70,,68784,,,1,30,,68752,,,1,70,,68781,,,1,30,,68745,,,1,70,,68749,,,1,30,,68792,,,1,70,,68793,,,1,15,,68768,,,1,15,,68791,,,1,15,,68755,,,1,55,,68785,,,1,15,,68769,,,1,30,,68778,,,1,55,,68788,,,1,15,,68758,,,1,15,,68776,,,1,15,,68779,,,1,55,,68774,,,1,15,,68771,,,1,30,,68763,,,1,70,,68748,,,1,30,,68764,,,1,70,,68770,,,1,30,,68777,,,1,70,,68746,,,1,30,,68780,,,1,70,,68760,,,1,30,,68753,,,1
6301,'3',525,,68816,,,1,30,,68807,,,1,55,,68797,,,1,14,,68812,,,1,16,,68823,,,1,10,,68804,,,1,53,,68822,,,1,13,,68809,,,1,19,,68833,,,1,13,,68815,,,1,57,,68817,,,1,20,,68832,,,1,14,,68800,,,1,70,,68839,,,1,30,,68836,,,1,70,,68806,,,1,30,,68837,,,1,65,,68840,,,1,30,,68794,,,1,70,,68801,,,1,30,,68811,,,1,70,,68834,,,1,30,,68802,,,1,70,,68831,,,1,30,,68795,,,1,70,,68799,,,1,30,,68842,,,1,70,,68843,,,1,15,,68818,,,1,15,,68841,,,1,15,,68805,,,1,55,,68835,,,1,15,,68819,,,1,30,,68828,,,1,55,,68838,,,1,15,,68808,,,1,15,,68826,,,1,15,,68829,,,1,55,,68824,,,1,15,,68821,,,1,30,,68813,,,1,70,,68798,,,1,30,,68814,,,1,70,,68820,,,1,30,,68827,,,1,70,,68796,,,1,30,,68830,,,1,70,,68810,,,1,30,,68803,,,1
6301,'4',525,,68866,,,1,30,,68857,,,1,55,,68847,,,1,14,,68862,,,1,16,,68873,,,1,10,,68854,,,1,53,,68872,,,1,13,,68859,,,1,19,,68883,,,1,13,,68865,,,1,57,,68867,,,1,20,,68882,,,1,14,,68850,,,1,70,,68889,,,1,30,,68886,,,1,70,,68856,,,1,30,,68887,,,1,65,,68890,,,1,30,,68844,,,1,70,,68851,,,1,30,,68861,,,1,70,,68884,,,1,30,,68852,,,1,70,,68881,,,1,30,,68845,,,1,70,,68849,,,1,30,,68892,,,1,70,,68893,,,1,15,,68868,,,1,15,,68891,,,1,15,,68855,,,1,55,,68885,,,1,15,,68869,,,1,30,,68878,,,1,55,,68888,,,1,15,,68858,,,1,15,,68876,,,1,15,,68879,,,1,55,,68874,,,1,15,,68871,,,1,30,,68863,,,1,70,,68848,,,1,30,,68864,,,1,70,,68870,,,1,30,,68877,,,1,70,,68846,,,1,30,,68880,,,1,70,,68860,,,1,30,,68853,,,1
6301,'5',525,,68916,,,1,30,,68907,,,1,55,,68897,,,1,14,,68912,,,1,16,,68923,,,1,10,,68904,,,1,53,,68922,,,1,13,,68909,,,1,19,,68933,,,1,13,,68915,,,1,57,,68917,,,1,20,,68932,,,1,14,,68900,,,1,70,,68939,,,1,30,,68936,,,1,70,,68906,,,1,30,,68937,,,1,65,,68940,,,1,30,,68894,,,1,70,,68901,,,1,30,,68911,,,1,70,,68934,,,1,30,,68902,,,1,70,,68931,,,1,30,,68895,,,1,70,,68899,,,1,30,,68942,,,1,70,,68943,,,1,15,,68918,,,1,15,,68941,,,1,15,,68905,,,1,55,,68935,,,1,15,,68919,,,1,30,,68928,,,1,55,,68938,,,1,15,,68908,,,1,15,,68926,,,1,15,,68929,,,1,55,,68924,,,1,15,,68921,,,1,30,,68913,,,1,70,,68898,,,1,30,,68914,,,1,70,,68920,,,1,30,,68927,,,1,70,,68896,,,1,30,,68930,,,1,70,,68910,,,1,30,,68903,,,1
6301,'6',525,,68966,,,1,30,,68957,,,1,55,,68947,,,1,14,,68962,,,1,16,,68973,,,1,10,,68954,,,1,53,,68972,,,1,13,,68959,,,1,19,,68983,,,1,13,,68965,,,1,57,,68967,,,1,20,,68982,,,1,14,,68950,,,1,70,,68989,,,1,30,,68986,,,1,70,,68956,,,1,30,,68987,,,1,65,,68990,,,1,30,,68944,,,1,70,,68951,,,1,30,,68961,,,1,70,,68984,,,1,30,,68952,,,1,70,,68981,,,1,30,,68945,,,1,70,,68949,,,1,30,,68992,,,1,70,,68993,,,1,15,,68968,,,1,15,,68991,,,1,15,,68955,,,1,55,,68985,,,1,15,,68969,,,1,30,,68978,,,1,55,,68988,,,1,15,,68958,,,1,15,,68976,,,1,15,,68979,,,1,55,,68974,,,1,15,,68971,,,1,30,,68963,,,1,70,,68948,,,1,30,,68964,,,1,70,,68970,,,1,30,,68977,,,1,70,,68946,,,1,30,,68980,,,1,70,,68960,,,1,30,,68953,,,1
6301,'7',525,,69005,,,1,30,,69031,,,1,55,,69020,,,1,13,,69023,,,1,15,,69035,,,1,10,,68996,,,1,55,,69026,,,1,14,,69036,,,1,18,,69022,,,1,13,,69019,,,1,57,,68995,,,1,21,,69030,,,1,13,,69032,,,1,70,,69017,,,1,30,,69002,,,1,70,,68997,,,1,30,,69042,,,1,65,,69008,,,1,30,,68994,,,1,70,,69016,,,1,30,,68999,,,1,70,,69004,,,1,30,,68998,,,1,70,,69001,,,1,30,,69021,,,1,70,,69037,,,1,29,,69013,,,1,71,,69024,,,1,15,,69043,,,1,13,,69040,,,1,17,,69034,,,1,55,,69009,,,1,15,,69011,,,1,15,,69039,,,1,15,,69028,,,1,55,,69027,,,1,15,,69025,,,1,15,,69038,,,1,15,,69033,,,1,55,,69044,,,1,15,,69029,,,1,30,,69012,,,1,70,,69041,,,1,30,,69015,,,1,70,,69010,,,1,30,,69014,,,1,70,,69006,,,1,30,,69003,,,1,70,,69007,,,1,30,,69000,,,1
6301,'8',525,,69056,,,1,30,,69082,,,1,55,,69071,,,1,13,,69074,,,1,15,,69086,,,1,10,,69047,,,1,55,,69077,,,1,14,,69087,,,1,18,,69073,,,1,13,,69070,,,1,57,,69046,,,1,21,,69081,,,1,13,,69083,,,1,70,,69068,,,1,30,,69053,,,1,70,,69048,,,1,30,,69093,,,1,65,,69059,,,1,30,,69045,,,1,70,,69067,,,1,30,,69050,,,1,70,,69055,,,1,30,,69049,,,1,70,,69052,,,1,30,,69072,,,1,70,,69088,,,1,29,,69064,,,1,71,,69075,,,1,15,,69094,,,1,13,,69091,,,1,17,,69085,,,1,55,,69060,,,1,15,,69062,,,1,15,,69090,,,1,15,,69079,,,1,55,,69078,,,1,15,,69076,,,1,15,,69089,,,1,15,,69084,,,1,55,,69095,,,1,15,,69080,,,1,30,,69063,,,1,70,,69092,,,1,30,,69066,,,1,70,,69061,,,1,30,,69065,,,1,70,,69057,,,1,30,,69054,,,1,70,,69058,,,1,30,,69051,,,1
6301,'9',525,,69107,,,1,30,,69133,,,1,55,,69122,,,1,13,,69125,,,1,15,,69137,,,1,10,,69098,,,1,55,,69128,,,1,14,,69138,,,1,18,,69124,,,1,13,,69121,,,1,57,,69097,,,1,21,,69132,,,1,13,,69134,,,1,70,,69119,,,1,30,,69104,,,1,70,,69099,,,1,30,,69144,,,1,65,,69110,,,1,30,,69096,,,1,70,,69118,,,1,30,,69101,,,1,70,,69106,,,1,30,,69100,,,1,70,,69103,,,1,30,,69123,,,1,70,,69139,,,1,29,,69115,,,1,71,,69126,,,1,15,,69145,,,1,13,,69142,,,1,17,,69136,,,1,55,,69111,,,1,15,,69113,,,1,15,,69141,,,1,15,,69130,,,1,55,,69129,,,1,15,,69127,,,1,15,,69140,,,1,15,,69135,,,1,55,,69146,,,1,15,,69131,,,1,30,,69114,,,1,70,,69143,,,1,30,,69117,,,1,70,,69112,,,1,30,,69116,,,1,70,,69108,,,1,30,,69105,,,1,70,,69109,,,1,30,,69102,,,1
11000,'1',538,,104730,,,1,70,,104735,,,1,104,,104742,,,1,26,,104721,,,1,74,,104737,,,1,30,,104729,,,1,102,,104722,,,1,70,,104747,,,1,19,,104725,,,1,70,,104743,,,1,30,,104731,,,1,68,,104738,,,1,30,,104732,,,1,69,,104740,,,1,100,,104734,,,1,30,,104741,,,1,29,,104733,,,1,74,,104748,,,1,72,,104727,,,1,35,,104744,,,1,101,,104726,,,1,71,,104724,,,1,30,,104723,,,1,70,,104736,,,1,89,,104739,,,1,30,,104746,,,1,70,,104745,,,1,28,,104728,,,1
11000,'10',538,,104751,,,1,70,,104770,,,1,104,,104762,,,1,26,,104777,,,1,73,,104768,,,1,31,,104753,,,1,72,,104778,,,1,30,,104754,,,1,70,,104779,,,1,19,,104774,,,1,70,,104769,,,1,30,,104766,,,1,68,,104765,,,1,30,,104776,,,1,69,,104767,,,1,30,,104757,,,1,70,,104758,,,1,30,,104752,,,1,29,,104775,,,1,74,,104773,,,1,72,,104756,,,1,35,,104763,,,1,71,,104759,,,1,29,,104750,,,1,72,,104771,,,1,30,,104760,,,1,70,,104772,,,1,27,,104755,,,1,62,,104764,,,1,30,,104780,,,1,70,,104749,,,1,28,,104761,,,1
11000,'11',538,,104790,,,1,70,,104795,,,1,104,,104802,,,1,26,,104781,,,1,74,,104797,,,1,30,,104789,,,1,102,,104782,,,1,70,,104807,,,1,19,,104785,,,1,70,,104803,,,1,30,,104791,,,1,68,,104798,,,1,30,,104792,,,1,69,,104800,,,1,100,,104794,,,1,30,,104801,,,1,29,,104793,,,1,74,,104808,,,1,72,,104787,,,1,35,,104804,,,1,101,,104786,,,1,71,,104784,,,1,30,,104783,,,1,70,,104796,,,1,89,,104799,,,1,30,,104806,,,1,70,,104805,,,1,28,,104788,,,1
11000,'12',538,,104830,,,1,70,,104823,,,1,104,,104817,,,1,26,,104840,,,1,73,,104822,,,1,31,,104839,,,1,72,,104833,,,1,30,,104821,,,1,70,,104828,,,1,19,,104816,,,1,70,,104834,,,1,30,,104818,,,1,68,,104835,,,1,30,,104832,,,1,69,,104813,,,1,30,,104812,,,1,70,,104825,,,1,30,,104838,,,1,27,,104836,,,1,76,,104829,,,1,72,,104809,,,1,35,,104820,,,1,73,,104837,,,1,27,,104810,,,1,74,,104827,,,1,29,,104814,,,1,69,,104811,,,1,27,,104826,,,1,62,,104819,,,1,30,,104815,,,1,70,,104831,,,1,28,,104824,,,1
11000,'13',524,,104844,,,1,30,,104842,,,1,170,,104841,,,1,30,,104845,,,1,1071,,104843,,,1,30,,104846,,,1
11000,'14',524,,104850,,,1,30,,104848,,,1,170,,104847,,,1,30,,104851,,,1,1071,,104849,,,1,30,,104852,,,1
11000,'15',538,,104855,,,1,70,,104874,,,1,104,,104866,,,1,26,,104881,,,1,73,,104872,,,1,31,,104857,,,1,72,,104882,,,1,30,,104858,,,1,70,,104883,,,1,19,,104878,,,1,70,,104873,,,1,30,,104870,,,1,68,,104869,,,1,30,,104880,,,1,69,,104871,,,1,30,,104861,,,1,70,,104862,,,1,30,,104856,,,1,29,,104879,,,1,74,,104877,,,1,72,,104860,,,1,35,,104867,,,1,71,,104863,,,1,29,,104854,,,1,72,,104875,,,1,30,,104864,,,1,70,,104876,,,1,27,,104859,,,1,62,,104868,,,1,30,,104884,,,1,70,,104853,,,1,28,,104865,,,1
11000,'16',538,,104894,,,1,70,,104899,,,1,104,,104906,,,1,26,,104885,,,1,74,,104901,,,1,30,,104893,,,1,102,,104886,,,1,70,,104911,,,1,19,,104889,,,1,70,,104907,,,1,30,,104895,,,1,68,,104902,,,1,30,,104896,,,1,69,,104904,,,1,100,,104898,,,1,30,,104905,,,1,29,,104897,,,1,74,,104912,,,1,72,,104891,,,1,35,,104908,,,1,101,,104890,,,1,71,,104888,,,1,30,,104887,,,1,70,,104900,,,1,89,,104903,,,1,30,,104910,,,1,70,,104909,,,1,28,,104892,,,1
11000,'17',524,,104916,,,1,30,,104914,,,1,170,,104913,,,1,30,,104917,,,1,1071,,104915,,,1,30,,104918,,,1
11000,'18',523,,104923,,,1,30,,104924,,,1,170,,104922,,,1,30,,104920,,,1,1071,,104919,,,1,30,,104921,,,1
11000,'19',523,,104929,,,1,30,,104930,,,1,170,,104928,,,1,30,,104926,,,1,1071,,104925,,,1,30,,104927,,,1
11000,'2',524,,104934,,,1,30,,104932,,,1,170,,104931,,,1,30,,104935,,,1,1071,,104933,,,1,30,,104936,,,1
11000,'20',538,,104946,,,1,70,,104951,,,1,104,,104958,,,1,26,,104937,,,1,74,,104953,,,1,30,,104945,,,1,102,,104938,,,1,70,,104963,,,1,19,,104941,,,1,70,,104959,,,1,30,,104947,,,1,68,,104954,,,1,30,,104948,,,1,69,,104956,,,1,100,,104950,,,1,30,,104957,,,1,29,,104949,,,1,74,,104964,,,1,72,,104943,,,1,35,,104960,,,1,101,,104942,,,1,71,,104940,,,1,30,,104939,,,1,70,,104952,,,1,89,,104955,,,1,30,,104962,,,1,70,,104961,,,1,28,,104944,,,1
11000,'3',538,,104974,,,1,70,,104979,,,1,104,,104986,,,1,26,,104965,,,1,74,,104981,,,1,30,,104973,,,1,102,,104966,,,1,70,,104991,,,1,19,,104969,,,1,70,,104987,,,1,30,,104975,,,1,68,,104982,,,1,30,,104976,,,1,69,,104984,,,1,100,,104978,,,1,30,,104985,,,1,29,,104977,,,1,74,,104992,,,1,72,,104971,,,1,35,,104988,,,1,101,,104970,,,1,71,,104968,,,1,30,,104967,,,1,70,,104980,,,1,89,,104983,,,1,30,,104990,,,1,70,,104989,,,1,28,,104972,,,1
11000,'4',538,,105002,,,1,70,,105007,,,1,104,,105014,,,1,26,,104993,,,1,74,,105009,,,1,30,,105001,,,1,102,,104994,,,1,70,,105019,,,1,19,,104997,,,1,70,,105015,,,1,30,,105003,,,1,68,,105010,,,1,30,,105004,,,1,69,,105012,,,1,100,,105006,,,1,30,,105013,,,1,29,,105005,,,1,74,,105020,,,1,72,,104999,,,1,35,,105016,,,1,101,,104998,,,1,71,,104996,,,1,30,,104995,,,1,70,,105008,,,1,89,,105011,,,1,30,,105018,,,1,70,,105017,,,1,28,,105000,,,1
11000,'5',538,,105030,,,1,70,,105035,,,1,104,,105042,,,1,26,,105021,,,1,74,,105037,,,1,30,,105029,,,1,102,,105022,,,1,70,,105047,,,1,19,,105025,,,1,70,,105043,,,1,30,,105031,,,1,68,,105038,,,1,30,,105032,,,1,69,,105040,,,1,100,,105034,,,1,30,,105041,,,1,29,,105033,,,1,74,,105048,,,1,72,,105027,,,1,35,,105044,,,1,101,,105026,,,1,71,,105024,,,1,30,,105023,,,1,70,,105036,,,1,89,,105039,,,1,30,,105046,,,1,70,,105045,,,1,28,,105028,,,1
11000,'6',538,,105058,,,1,70,,105063,,,1,104,,105070,,,1,26,,105049,,,1,74,,105065,,,1,30,,105057,,,1,102,,105050,,,1,70,,105075,,,1,19,,105053,,,1,70,,105071,,,1,30,,105059,,,1,68,,105066,,,1,30,,105060,,,1,69,,105068,,,1,100,,105062,,,1,30,,105069,,,1,29,,105061,,,1,74,,105076,,,1,72,,105055,,,1,35,,105072,,,1,101,,105054,,,1,71,,105052,,,1,30,,105051,,,1,70,,105064,,,1,89,,105067,,,1,30,,105074,,,1,70,,105073,,,1,28,,105056,,,1
11000,'7',538,,105079,,,1,70,,105098,,,1,104,,105090,,,1,26,,105105,,,1,73,,105096,,,1,31,,105081,,,1,72,,105106,,,1,30,,105082,,,1,70,,105107,,,1,19,,105102,,,1,70,,105097,,,1,30,,105094,,,1,68,,105093,,,1,30,,105104,,,1,69,,105095,,,1,30,,105085,,,1,70,,105086,,,1,30,,105080,,,1,29,,105103,,,1,74,,105101,,,1,72,,105084,,,1,35,,105091,,,1,71,,105087,,,1,29,,105078,,,1,72,,105099,,,1,30,,105088,,,1,70,,105100,,,1,27,,105083,,,1,62,,105092,,,1,30,,105108,,,1,70,,105077,,,1,28,,105089,,,1
11000,'8',538,,105111,,,1,70,,105130,,,1,104,,105122,,,1,26,,105137,,,1,73,,105128,,,1,31,,105113,,,1,72,,105138,,,1,30,,105114,,,1,70,,105139,,,1,19,,105134,,,1,70,,105129,,,1,30,,105126,,,1,68,,105125,,,1,30,,105136,,,1,69,,105127,,,1,30,,105117,,,1,70,,105118,,,1,30,,105112,,,1,29,,105135,,,1,74,,105133,,,1,72,,105116,,,1,35,,105123,,,1,71,,105119,,,1,29,,105110,,,1,72,,105131,,,1,30,,105120,,,1,70,,105132,,,1,27,,105115,,,1,62,,105124,,,1,30,,105140,,,1,70,,105109,,,1,28,,105121,,,1
11000,'9',538,,105143,,,1,70,,105162,,,1,104,,105154,,,1,26,,105169,,,1,73,,105160,,,1,31,,105145,,,1,72,,105170,,,1,30,,105146,,,1,70,,105171,,,1,19,,105166,,,1,70,,105161,,,1,30,,105158,,,1,68,,105157,,,1,30,,105168,,,1,69,,105159,,,1,30,,105149,,,1,70,,105150,,,1,30,,105144,,,1,29,,105167,,,1,74,,105165,,,1,72,,105148,,,1,35,,105155,,,1,71,,105151,,,1,29,,105142,,,1,72,,105163,,,1,30,,105152,,,1,70,,105164,,,1,27,,105147,,,1,62,,105156,,,1,30,,105172,,,1,70,,105141,,,1,28,,105153,,,1
11001,'1',1540,,105190,0,13,1
11001,'11',1540,,105255,0,13,1
11001,'16',1540,,105365,0,13,1
11001,'20',1540,,105421,0,13,1
11001,'3',1540,,105453,0,13,1
11001,'4',1540,,105485,0,13,1
11001,'5',1540,,105517,0,13,1
11001,'6',1540,,105549,0,13,1
66000,'1',753,,123253,,,1
66000,'11',753,,123254,,,1
66000,'16',753,,123255,,,1
66000,'20',753,,123256,,,1
66000,'3',753,,123257,,,1
66000,'4',753,,123258,,,1
66000,'5',753,,123259,,,1
66000,'6',753,,123260,,,1
67400,'1',724,,123865,,,1,10,,123866,,,1
67400,'11',724,,123871,,,1,10,,123872,,,1
67400,'16',724,,123877,,,1,10,,123878,,,1
67400,'20',724,,123883,,,1,10,,123884,,,1
67400,'3',724,,123889,,,1,10,,123890,,,1
67400,'4',724,,123895,,,1,10,,123896,,,1
67400,'5',724,,123901,,,1,10,,123902,,,1
67400,'6',724,,123907,,,1,10,,123908,,,1
