1801,'1',558,,222984,16,,,0,71,,310629,16,,,0,29,,257276,16,,,0,69,,310617,16,,,0,31,,310626,16,,,0,72,,170497,16,,,0,28,,310630,16,,,0,72,,241680,16,,,0,70,,310634,16,,,0,30,,310636,16,,,0,29,,247138,16,,,0,71,,310618,16,,,0,70,,310631,16,,,0,30,,310635,16,,,0,70,,310639,16,,,0,30,,310627,16,,,0,29,,292011,16,,,0,67,,310623,16,,,0,29,,310621,16,,,0,71,,310628,16,,,0,30,,310620,16,,,0,67,,310619,16,,,0,32,,140599,16,,,0,73,,310633,16,,,0,29,,310616,16,,,0,72,,310641,16,,,0,30,,310637,16,,,0,69,,310622,16,,,0,73,,310624,16,,,0,31,,256499,16,,,0,27,,310625,16,,,0,72,,310632,16,,,0,70,,310640,16,,,0,30,,217434,16,,,0,71,,137547,16,,,0,57,,310638,16,,,0
1801,'10',640,,310653,16,,,0,100,,262330,16,,,0,71,,310650,16,,,0,30,,228053,16,,,0,70,,310656,16,,,0,30,,310658,16,,,0,71,,253877,16,,,0,30,,310657,16,,,0,70,,310652,16,,,0,30,,310665,16,,,0,70,,310655,16,,,0,30,,310662,16,,,0,70,,310663,16,,,0,30,,180405,16,,,0,70,,310651,16,,,0,30,,310666,16,,,0,70,,270186,16,,,0,30,,310654,16,,,0,70,,310649,16,,,0,30,,310644,16,,,0,70,,310660,16,,,0,30,,310659,16,,,0,70,,310648,16,,,0,30,,284843,16,,,0,70,,310643,16,,,0,30,,273667,16,,,0,70,,310646,16,,,0,29,,310642,16,,,0,70,,310647,16,,,0,30,,310645,16,,,0,69,,310661,16,,,0,98,,310664,16,,,0
1801,'11',558,,310675,16,,,0,71,,221525,16,,,0,30,,310667,16,,,0,70,,310690,16,,,0,29,,310682,16,,,0,100,,289698,16,,,0,72,,310685,16,,,0,70,,310673,16,,,0,30,,310676,16,,,0,29,,310677,16,,,0,71,,310688,16,,,0,70,,259012,16,,,0,30,,310692,16,,,0,70,,310680,16,,,0,30,,310686,16,,,0,29,,310678,16,,,0,67,,204830,16,,,0,29,,286429,16,,,0,102,,220920,16,,,0,66,,310689,16,,,0,32,,310679,16,,,0,102,,310691,16,,,0,72,,310671,16,,,0,30,,310687,16,,,0,69,,310684,16,,,0,73,,310693,16,,,0,31,,310694,16,,,0,27,,310683,16,,,0,72,,310668,16,,,0,70,,310669,16,,,0,30,,310670,16,,,0,71,,310674,16,,,0,57,,310672,16,,,0
1801,'12',807,,310700,16,0,67,0,100,,310701,16,,,0,30,,225958,16,,,0,71,,310709,16,,,0,30,,310702,16,,,0,70,,310699,16,,,0,30,,148435,16,,,0,70,,310706,16,,,0,30,,310715,16,,,0,70,,310717,16,,,0,30,,310704,16,,,0,70,,228332,16,,,0,30,,310713,16,,,0,70,,310705,16,,,0,30,,310707,16,,,0,70,,310719,16,,,0,30,,310708,16,,,0,70,,55450,16,,,0,30,,310711,16,,,0,70,,310696,16,,,0,30,,310716,16,,,0,70,,310712,16,,,0,30,,310698,16,,,0,70,,310718,16,,,0,29,,310703,16,,,0,70,,310714,16,,,0,100,,310697,16,,,0,108,,310710,16,0,67,0
1801,'13',558,,310728,16,,,0,71,,221547,16,,,0,30,,310720,16,,,0,70,,310743,16,,,0,29,,310735,16,,,0,100,,289717,16,,,0,72,,310738,16,,,0,70,,310726,16,,,0,30,,310729,16,,,0,29,,310730,16,,,0,71,,310741,16,,,0,70,,259058,16,,,0,30,,310745,16,,,0,70,,310733,16,,,0,30,,310739,16,,,0,29,,310731,16,,,0,67,,204825,16,,,0,29,,286448,16,,,0,102,,220962,16,,,0,66,,310742,16,,,0,32,,310732,16,,,0,102,,310744,16,,,0,72,,310724,16,,,0,30,,310740,16,,,0,69,,310737,16,,,0,73,,310746,16,,,0,31,,310747,16,,,0,27,,310736,16,,,0,72,,310721,16,,,0,70,,310722,16,,,0,30,,310723,16,,,0,71,,310727,16,,,0,57,,310725,16,,,0
1801,'14',558,,310756,16,,,0,71,,221613,16,,,0,30,,310748,16,,,0,70,,310771,16,,,0,29,,310763,16,,,0,100,,289786,16,,,0,72,,310766,16,,,0,70,,310754,16,,,0,30,,310757,16,,,0,29,,310758,16,,,0,71,,310769,16,,,0,70,,259276,16,,,0,30,,310773,16,,,0,70,,310761,16,,,0,30,,310767,16,,,0,29,,310759,16,,,0,67,,204826,16,,,0,29,,286517,16,,,0,102,,221140,16,,,0,66,,310770,16,,,0,32,,310760,16,,,0,102,,310772,16,,,0,72,,310752,16,,,0,30,,310768,16,,,0,69,,310765,16,,,0,73,,310774,16,,,0,31,,310775,16,,,0,27,,310764,16,,,0,72,,310749,16,,,0,70,,310750,16,,,0,30,,310751,16,,,0,71,,310755,16,,,0,57,,310753,16,,,0
1801,'15',807,,310781,16,0,67,0,100,,249154,16,,,0,30,,310782,16,,,0,71,,257005,16,,,0,30,,310783,16,,,0,70,,268556,16,,,0,30,,310784,16,,,0,70,,310786,16,,,0,30,,310795,16,,,0,70,,310796,16,,,0,30,,231271,16,,,0,70,,310778,16,,,0,30,,310792,16,,,0,70,,310785,16,,,0,30,,310787,16,,,0,70,,310798,16,,,0,30,,310788,16,,,0,70,,310794,16,,,0,30,,310790,16,,,0,70,,310777,16,,,0,30,,236771,16,,,0,70,,310791,16,,,0,30,,310780,16,,,0,70,,310797,16,,,0,29,,208777,16,,,0,70,,310793,16,,,0,100,,310779,16,,,0,108,,310789,16,0,67,0
1801,'16',640,,310811,16,,,0,100,,310815,16,,,0,71,,132789,16,,,0,30,,310808,16,,,0,70,,310817,16,,,0,30,,310819,16,,,0,71,,310820,16,,,0,30,,310818,16,,,0,70,,310810,16,,,0,30,,310828,16,,,0,70,,310813,16,,,0,30,,310825,16,,,0,70,,310826,16,,,0,30,,310816,16,,,0,70,,310809,16,,,0,30,,310829,16,,,0,70,,310824,16,,,0,30,,310812,16,,,0,70,,310807,16,,,0,30,,310801,16,,,0,70,,310822,16,,,0,30,,310821,16,,,0,70,,310806,16,,,0,30,,310814,16,,,0,70,,310800,16,,,0,30,,310805,16,,,0,70,,310803,16,,,0,29,,310799,16,,,0,70,,310804,16,,,0,30,,310802,16,,,0,69,,310823,16,,,0,98,,310827,16,,,0
1801,'2',558,,245684,16,,,0,71,,310843,16,,,0,30,,310830,16,,,0,70,,310852,16,,,0,29,,310846,16,,,0,100,,310840,16,,,0,72,,60213,16,,,0,70,,208373,16,,,0,30,,167223,16,,,0,29,,236281,16,,,0,71,,310850,16,,,0,70,,310835,16,,,0,30,,132155,16,,,0,70,,310842,16,,,0,30,,310848,16,,,0,29,,310839,16,,,0,67,,310832,16,,,0,29,,310844,16,,,0,102,,310837,16,,,0,66,,310851,16,,,0,32,,310841,16,,,0,102,,310853,16,,,0,72,,310834,16,,,0,30,,310849,16,,,0,69,,282389,16,,,0,73,,310854,16,,,0,31,,310855,16,,,0,27,,310847,16,,,0,72,,310831,16,,,0,70,,310833,16,,,0,30,,296360,16,,,0,71,,310838,16,,,0,57,,310836,16,,,0
1801,'3',558,,310866,16,,,0,71,,310872,16,,,0,30,,310856,16,,,0,70,,310882,16,,,0,29,,310874,16,,,0,100,,310870,16,,,0,72,,310877,16,,,0,70,,310864,16,,,0,30,,310867,16,,,0,29,,310868,16,,,0,71,,310880,16,,,0,70,,310862,16,,,0,30,,310884,16,,,0,70,,288493,16,,,0,30,,310878,16,,,0,29,,310869,16,,,0,67,,310858,16,,,0,29,,310873,16,,,0,102,,310863,16,,,0,66,,310881,16,,,0,32,,310871,16,,,0,102,,310883,16,,,0,72,,310861,16,,,0,30,,310879,16,,,0,69,,310876,16,,,0,73,,310885,16,,,0,31,,310886,16,,,0,27,,310875,16,,,0,72,,310857,16,,,0,70,,310859,16,,,0,30,,310860,16,,,0,71,,310865,16,,,0,57,,218068,16,,,0
1801,'4',558,,310908,16,,,0,101,,310889,16,,,0,99,,310907,16,,,0,72,,310893,16,,,0,28,,310900,16,,,0,72,,310909,16,,,0,70,,242591,16,,,0,30,,310905,16,,,0,29,,295008,16,,,0,71,,310901,16,,,0,70,,310895,16,,,0,30,,310894,16,,,0,70,,291080,16,,,0,30,,310892,16,,,0,29,,310896,16,,,0,67,,310890,16,,,0,29,,310888,16,,,0,71,,310903,16,,,0,30,,310898,16,,,0,67,,310887,16,,,0,32,,310899,16,,,0,73,,310911,16,,,0,29,,212193,16,,,0,72,,310904,16,,,0,30,,230712,16,,,0,69,,310902,16,,,0,73,,212215,16,,,0,31,,310897,16,,,0,27,,310913,16,,,0,72,,310906,16,,,0,70,,310891,16,,,0,101,,310910,16,,,0,57,,310912,16,,,0
1801,'5',558,,310924,16,,,0,71,,310930,16,,,0,30,,310914,16,,,0,70,,310940,16,,,0,29,,310932,16,,,0,100,,310928,16,,,0,72,,310935,16,,,0,70,,310922,16,,,0,30,,310925,16,,,0,29,,310926,16,,,0,71,,310938,16,,,0,70,,310920,16,,,0,30,,310942,16,,,0,70,,288547,16,,,0,30,,310936,16,,,0,29,,310927,16,,,0,67,,310916,16,,,0,29,,310931,16,,,0,102,,310921,16,,,0,66,,310939,16,,,0,32,,310929,16,,,0,102,,310941,16,,,0,72,,310919,16,,,0,30,,310937,16,,,0,69,,310934,16,,,0,73,,310943,16,,,0,31,,310944,16,,,0,27,,310933,16,,,0,72,,310915,16,,,0,70,,310917,16,,,0,30,,310918,16,,,0,71,,310923,16,,,0,57,,218236,16,,,0
1801,'6',558,,310953,16,,,0,71,,221425,16,,,0,30,,310945,16,,,0,70,,310968,16,,,0,29,,310960,16,,,0,100,,289593,16,,,0,72,,310963,16,,,0,70,,310951,16,,,0,30,,310954,16,,,0,29,,310955,16,,,0,71,,310966,16,,,0,70,,258699,16,,,0,30,,310970,16,,,0,70,,310958,16,,,0,30,,310964,16,,,0,29,,310956,16,,,0,67,,204829,16,,,0,29,,286317,16,,,0,102,,220650,16,,,0,66,,310967,16,,,0,32,,310957,16,,,0,102,,310969,16,,,0,72,,310949,16,,,0,30,,310965,16,,,0,69,,310962,16,,,0,73,,310971,16,,,0,31,,310972,16,,,0,27,,310961,16,,,0,72,,310946,16,,,0,70,,310947,16,,,0,30,,310948,16,,,0,71,,310952,16,,,0,57,,310950,16,,,0
1801,'7',558,,245587,16,,,0,71,,310986,16,,,0,30,,310973,16,,,0,70,,310995,16,,,0,29,,310989,16,,,0,100,,310983,16,,,0,72,,158074,16,,,0,70,,208200,16,,,0,30,,167288,16,,,0,29,,236089,16,,,0,71,,310993,16,,,0,70,,310978,16,,,0,30,,132260,16,,,0,70,,310985,16,,,0,30,,310991,16,,,0,29,,310982,16,,,0,67,,310975,16,,,0,29,,310987,16,,,0,102,,310980,16,,,0,66,,310994,16,,,0,32,,310984,16,,,0,102,,310996,16,,,0,72,,310977,16,,,0,30,,310992,16,,,0,69,,282341,16,,,0,73,,310997,16,,,0,31,,310998,16,,,0,27,,310990,16,,,0,72,,310974,16,,,0,70,,310976,16,,,0,30,,296337,16,,,0,71,,310981,16,,,0,57,,310979,16,,,0
1801,'8',807,,311004,16,0,67,0,100,,311005,16,,,0,30,,226522,16,,,0,71,,311013,16,,,0,30,,311006,16,,,0,70,,311003,16,,,0,30,,271034,16,,,0,70,,311010,16,,,0,30,,311019,16,,,0,70,,311021,16,,,0,30,,311008,16,,,0,70,,163686,16,,,0,30,,311017,16,,,0,70,,311009,16,,,0,30,,311011,16,,,0,70,,311023,16,,,0,30,,311012,16,,,0,70,,265773,16,,,0,30,,311015,16,,,0,70,,311000,16,,,0,30,,311020,16,,,0,70,,311016,16,,,0,30,,311002,16,,,0,70,,311022,16,,,0,29,,311007,16,,,0,70,,311018,16,,,0,100,,311001,16,,,0,108,,311014,16,0,67,0
1801,'9',558,,311032,16,,,0,71,,221385,16,,,0,30,,311024,16,,,0,70,,311047,16,,,0,29,,311039,16,,,0,100,,289539,16,,,0,72,,311042,16,,,0,70,,311030,16,,,0,30,,311033,16,,,0,29,,311034,16,,,0,71,,311045,16,,,0,70,,258552,16,,,0,30,,311049,16,,,0,70,,311037,16,,,0,30,,311043,16,,,0,29,,311035,16,,,0,67,,204827,16,,,0,29,,286262,16,,,0,102,,220524,16,,,0,66,,311046,16,,,0,32,,311036,16,,,0,102,,311048,16,,,0,72,,311028,16,,,0,30,,311044,16,,,0,69,,311041,16,,,0,73,,311050,16,,,0,31,,311051,16,,,0,27,,311040,16,,,0,72,,311025,16,,,0,70,,311026,16,,,0,30,,311027,16,,,0,71,,311031,16,,,0,57,,311029,16,,,0
62401,'11',1611,,376437,31,,,0
62401,'13',1611,,376438,31,,,0
62401,'14',1611,,376439,31,,,0
62401,'2',1611,,376440,31,,,0
62401,'3',1611,,376441,31,,,0
62401,'5',1611,,376442,31,,,0
62401,'6',1611,,376443,31,,,0
62401,'7',1611,,376444,31,,,0
62401,'9',1611,,376445,31,,,0
