11700,'1',641,,368282,19,,,0,70,,368283,19,,,0,30,,368281,19,,,0,71,,368284,19,,,0
11700,'11',641,,368286,19,,,0,70,,368285,19,,,0,30,,368287,19,,,0,70,,368288,19,,,0
11700,'13',641,,368290,19,,,0,70,,368289,19,,,0,30,,368291,19,,,0,70,,368292,19,,,0
11700,'14',641,,368294,19,,,0,70,,368293,19,,,0,30,,368295,19,,,0,70,,368296,19,,,0
11700,'2',641,,368298,19,,,0,70,,368297,19,,,0,30,,176600,19,,,0,70,,212126,19,,,0
11700,'3',641,,368299,19,,,0,70,,262730,19,,,0,30,,368300,19,,,0,70,,368301,19,,,0
11700,'4',641,,368303,19,,,0,97,,368304,19,,,0,74,,368302,19,,,0
11700,'5',641,,368305,19,,,0,70,,262922,19,,,0,30,,368306,19,,,0,70,,368307,19,,,0
11700,'6',641,,368309,19,,,0,70,,368308,19,,,0,30,,368310,19,,,0,70,,368311,19,,,0
11700,'7',641,,368313,19,,,0,70,,368312,19,,,0,30,,176663,19,,,0,70,,212050,19,,,0
11700,'9',641,,368315,19,,,0,70,,368314,19,,,0,30,,368316,19,,,0,70,,368317,19,,,0
61700,'11',824,,376326,27,,,0
61700,'13',824,,376327,27,,,0
61700,'14',824,,376328,27,,,0
61700,'2',824,,252985,27,,,0
61700,'3',824,,376329,27,,,0
61700,'5',824,,376330,27,,,0
61700,'6',824,,376331,27,,,0
61700,'7',824,,252851,27,,,0
61700,'9',824,,376332,27,,,0
67001,'11',1504,,377404,23,,,0
67001,'13',1504,,377405,23,,,0
67001,'14',1504,,377406,23,,,0
67001,'2',1504,,289333,23,,,0
67001,'3',1504,,377407,23,,,0
67001,'5',1504,,377408,23,,,0
67001,'6',1504,,377409,23,,,0
67001,'7',1504,,289289,23,,,0
67001,'9',1504,,377410,23,,,0
