23400,'10',551,,116222,21,,,1,72,,116220,21,,,1,29,,116223,21,,,1,71,,116225,21,,,1,28,,116224,21,,,1,76,,116221,21,,,1
23400,'11',551,,116228,21,,,1,72,,116226,21,,,1,29,,116229,21,,,1,71,,116231,21,,,1,28,,116230,21,,,1,76,,116227,21,,,1
23400,'12',551,,116234,21,,,1,72,,116232,21,,,1,29,,116235,21,,,1,71,,116237,21,,,1,28,,116236,21,,,1,76,,116233,21,,,1
23400,'13',551,,116241,21,,,1,72,,116242,21,,,1,29,,116238,21,,,1,71,,116240,21,,,1,26,,116243,21,,,1,79,,116239,21,,,1
23400,'15',551,,116246,21,,,1,72,,116244,21,,,1,29,,116247,21,,,1,71,,116249,21,,,1,28,,116248,21,,,1,76,,116245,21,,,1
23400,'16',551,,116252,21,,,1,72,,116250,21,,,1,29,,116253,21,,,1,71,,116255,21,,,1,28,,116254,21,,,1,76,,116251,21,,,1
23400,'17',551,,116259,21,,,1,72,,116260,21,,,1,29,,116256,21,,,1,71,,116258,21,,,1,26,,116261,21,,,1,79,,116257,21,,,1
23400,'18',551,,116264,21,,,1,101,,116263,21,,,1,98,,116265,21,,,1,77,,116262,21,,,1
23400,'19',551,,116269,21,,,1,72,,116270,21,,,1,29,,116266,21,,,1,71,,116268,21,,,1,26,,116271,21,,,1,79,,116267,21,,,1
23400,'3',551,,116274,21,,,1,72,,116272,21,,,1,29,,116275,21,,,1,71,,116277,21,,,1,28,,116276,21,,,1,76,,116273,21,,,1
23400,'4',551,,116280,21,,,1,72,,116278,21,,,1,29,,116281,21,,,1,71,,116283,21,,,1,28,,116282,21,,,1,76,,116279,21,,,1
23400,'5',551,,116287,21,,,1,72,,116288,21,,,1,29,,116284,21,,,1,71,,116286,21,,,1,26,,116289,21,,,1,79,,116285,21,,,1
23400,'6',551,,116292,21,,,1,72,,116290,21,,,1,29,,116293,21,,,1,71,,116295,21,,,1,28,,116294,21,,,1,76,,116291,21,,,1
23400,'7',551,,116299,21,,,1,72,,116300,21,,,1,29,,116296,21,,,1,71,,116298,21,,,1,26,,116301,21,,,1,79,,116297,21,,,1
