27901,'10',1606,,117737,33,,,1,101,,117738,33,,,1,99,,117736,33,,,1,99,,117739,33,,,1
27901,'11',1606,,117741,33,,,1,101,,117742,33,,,1,99,,117740,33,,,1,99,,117743,33,,,1
27901,'12',1606,,117745,33,,,1,101,,117746,33,,,1,99,,117744,33,,,1,99,,117747,33,,,1
27901,'13',1605,,117748,33,,,1,102,,117750,33,,,1,99,,117751,33,,,1,99,,117749,33,,,1
27901,'15',1606,,117753,33,,,1,101,,117754,33,,,1,99,,117752,33,,,1,99,,117755,33,,,1
27901,'16',1606,,117757,33,,,1,101,,117758,33,,,1,99,,117756,33,,,1,99,,117759,33,,,1
27901,'17',1605,,117760,33,,,1,102,,117762,33,,,1,99,,117763,33,,,1,99,,117761,33,,,1
27901,'18',1605,,117766,33,,,1,100,,117764,33,,,1,99,,117767,33,,,1,101,,117765,33,,,1
27901,'19',1605,,117768,33,,,1,102,,117770,33,,,1,99,,117771,33,,,1,99,,117769,33,,,1
27901,'3',1606,,117773,33,,,1,101,,117774,33,,,1,99,,117772,33,,,1,99,,117775,33,,,1
27901,'4',1606,,117777,33,,,1,101,,117778,33,,,1,99,,117776,33,,,1,99,,117779,33,,,1
27901,'5',1605,,117780,33,,,1,102,,117782,33,,,1,99,,117783,33,,,1,99,,117781,33,,,1
27901,'6',1606,,117785,33,,,1,101,,117786,33,,,1,99,,117784,33,,,1,99,,117787,33,,,1
27901,'7',1605,,117788,33,,,1,102,,117790,33,,,1,99,,117791,33,,,1,99,,117789,33,,,1
29901,'10',1734,,118065,33,,,1,81,,118069,33,,,1
29901,'11',1734,,118070,33,,,1,81,,118074,33,,,1
29901,'12',1734,,118075,33,,,1,81,,118079,33,,,1
29901,'13',1735,,118081,33,,,1,80,,118080,33,,,1
29901,'15',1734,,118082,33,,,1,81,,118086,33,,,1
29901,'16',1734,,118087,33,,,1,81,,118091,33,,,1
29901,'17',1735,,118093,33,,,1,80,,118092,33,,,1
29901,'18',1736,,118095,33,,,1,79,,118094,33,,,1
29901,'19',1735,,118097,33,,,1,80,,118096,33,,,1
29901,'3',1734,,118098,33,,,1,81,,118102,33,,,1
29901,'4',1734,,118103,33,,,1,81,,118107,33,,,1
29901,'5',1735,,118109,33,,,1,80,,118108,33,,,1
29901,'6',1734,,118110,33,,,1,81,,118114,33,,,1
29901,'7',1735,,118116,33,,,1,80,,118115,33,,,1
