2401,'1',928,,25000,7,,,1,100,,25012,7,,,1,30,,25002,7,,,1,70,,25008,7,,,1,31,,25007,7,,,1,70,,25006,7,,,1,30,,24998,7,,,1,70,,24991,7,,,1,30,,25009,7,,,1,70,,25011,7,,,1,30,,24990,7,,,1,70,,24999,7,,,1,30,,24992,7,,,1,70,,25004,7,,,1,30,,24997,7,,,1,70,,24989,7,,,1,29,,25001,7,,,1
2401,'10',931,,25020,32,,,1,70,,25039,32,,,1,30,,25032,32,,,1,70,,25019,32,,,1,29,,25042,32,,,1,70,,25017,32,,,1,30,,25054,32,,,1,70,,25045,32,,,1,29,,25016,32,,,1,30,,25035,32,,,1,70,,25055,32,,,1,25,,25015,32,,,1,75,,25048,32,,,1,30,,25061,32,,,1,71,,25025,32,,,1,101,,25044,32,,,1,70,,25023,32,,,1,19,,25065,32,,,1,25,,25022,32,,,1,70,,25063,32,,,1,100,,25046,32,,,1,91,,25018,32,,,1,100,,25049,32,,,1,104,,25034,32,,,1
2401,'11',931,,25072,32,,,1,70,,25091,32,,,1,30,,25084,32,,,1,70,,25071,32,,,1,29,,25094,32,,,1,70,,25069,32,,,1,30,,25106,32,,,1,70,,25097,32,,,1,29,,25068,32,,,1,30,,25087,32,,,1,70,,25107,32,,,1,25,,25067,32,,,1,75,,25100,32,,,1,30,,25113,32,,,1,71,,25077,32,,,1,101,,25096,32,,,1,70,,25075,32,,,1,19,,25117,32,,,1,25,,25074,32,,,1,70,,25115,32,,,1,100,,25098,32,,,1,91,,25070,32,,,1,100,,25101,32,,,1,104,,25086,32,,,1
2401,'12',931,,25124,32,,,1,70,,25143,32,,,1,30,,25136,32,,,1,70,,25123,32,,,1,29,,25146,32,,,1,70,,25121,32,,,1,30,,25158,32,,,1,70,,25149,32,,,1,29,,25120,32,,,1,30,,25139,32,,,1,70,,25159,32,,,1,25,,25119,32,,,1,75,,25152,32,,,1,30,,25165,32,,,1,71,,25129,32,,,1,101,,25148,32,,,1,70,,25127,32,,,1,19,,25169,32,,,1,25,,25126,32,,,1,70,,25167,32,,,1,100,,25150,32,,,1,91,,25122,32,,,1,100,,25153,32,,,1,104,,25138,32,,,1
2401,'13',931,,25185,32,,,1,70,,25215,32,,,1,30,,25206,32,,,1,70,,25178,32,,,1,29,,25191,32,,,1,70,,25198,32,,,1,30,,25199,32,,,1,70,,25211,32,,,1,29,,25188,32,,,1,30,,25176,32,,,1,70,,25187,32,,,1,26,,25213,32,,,1,75,,25200,32,,,1,27,,25179,32,,,1,72,,25207,32,,,1,30,,25208,32,,,1,72,,25172,32,,,1,70,,25175,32,,,1,19,,25210,32,,,1,25,,25209,32,,,1,70,,25174,32,,,1,100,,25183,32,,,1,91,,25194,32,,,1,100,,25173,32,,,1,104,,25205,32,,,1
2401,'14',659,,25244,7,,,1,100,,25223,7,,,1,71,,25219,7,,,1,70,,25217,7,,,1,30,,25230,7,,,1,70,,25243,7,,,1,30,,25235,7,,,1,70,,25225,7,,,1,30,,25220,7,,,1,70,,25227,7,,,1,30,,25238,7,,,1,70,,25228,7,,,1,30,,25216,7,,,1,70,,25233,7,,,1,30,,25229,7,,,1,70,,25247,7,,,1,30,,25232,7,,,1,70,,25221,7,,,1,30,,25218,7,,,1,70,,25240,7,,,1,30,,25226,7,,,1,70,,25236,7,,,1,30,,25241,7,,,1,70,,25222,7,,,1,27,,25231,7,,,1,30,,25224,7,0,29,1,68,,25245,7,0,29,1,100,,25242,7,0,29,1,100,,25246,7,0,29,1,100,,25239,7,0,29,1,100,,25234,7,0,29,1
2401,'15',931,,25254,32,,,1,70,,25273,32,,,1,30,,25266,32,,,1,70,,25253,32,,,1,29,,25276,32,,,1,70,,25251,32,,,1,30,,25288,32,,,1,70,,25279,32,,,1,29,,25250,32,,,1,30,,25269,32,,,1,70,,25289,32,,,1,25,,25249,32,,,1,75,,25282,32,,,1,30,,25295,32,,,1,71,,25259,32,,,1,101,,25278,32,,,1,70,,25257,32,,,1,19,,25299,32,,,1,25,,25256,32,,,1,70,,25297,32,,,1,100,,25280,32,,,1,91,,25252,32,,,1,100,,25283,32,,,1,104,,25268,32,,,1
2401,'16',931,,25306,32,,,1,70,,25325,32,,,1,30,,25318,32,,,1,70,,25305,32,,,1,29,,25328,32,,,1,70,,25303,32,,,1,30,,25340,32,,,1,70,,25331,32,,,1,29,,25302,32,,,1,30,,25321,32,,,1,70,,25341,32,,,1,25,,25301,32,,,1,75,,25334,32,,,1,30,,25347,32,,,1,71,,25311,32,,,1,101,,25330,32,,,1,70,,25309,32,,,1,19,,25351,32,,,1,25,,25308,32,,,1,70,,25349,32,,,1,100,,25332,32,,,1,91,,25304,32,,,1,100,,25335,32,,,1,104,,25320,32,,,1
2401,'17',931,,25367,32,,,1,70,,25397,32,,,1,30,,25388,32,,,1,70,,25360,32,,,1,29,,25373,32,,,1,70,,25380,32,,,1,30,,25381,32,,,1,70,,25393,32,,,1,29,,25370,32,,,1,30,,25358,32,,,1,70,,25369,32,,,1,26,,25395,32,,,1,75,,25382,32,,,1,27,,25361,32,,,1,72,,25389,32,,,1,30,,25390,32,,,1,72,,25354,32,,,1,70,,25357,32,,,1,19,,25392,32,,,1,25,,25391,32,,,1,70,,25356,32,,,1,100,,25365,32,,,1,91,,25376,32,,,1,100,,25355,32,,,1,104,,25387,32,,,1
2401,'18',931,,25403,32,,,1,100,,25398,32,,,1,99,,25407,32,,,1,100,,25414,32,,,1,99,,25409,32,,,1,98,,25406,32,,,1,102,,25416,32,,,1,101,,25402,32,,,1,101,,25413,32,,,1,89,,25399,32,,,1,100,,25412,32,,,1,96,,25408,32,,,1,95,,25410,32,,,1,100,,25415,32,,,1,99,,25401,32,,,1
2401,'19',931,,25433,32,,,1,70,,25463,32,,,1,30,,25454,32,,,1,70,,25426,32,,,1,29,,25439,32,,,1,70,,25446,32,,,1,30,,25447,32,,,1,70,,25459,32,,,1,29,,25436,32,,,1,30,,25424,32,,,1,70,,25435,32,,,1,26,,25461,32,,,1,75,,25448,32,,,1,27,,25427,32,,,1,72,,25455,32,,,1,30,,25456,32,,,1,72,,25420,32,,,1,70,,25423,32,,,1,19,,25458,32,,,1,25,,25457,32,,,1,70,,25422,32,,,1,100,,25431,32,,,1,91,,25442,32,,,1,100,,25421,32,,,1,104,,25453,32,,,1
2401,'2',928,,25475,7,,,1,100,,25487,7,,,1,30,,25477,7,,,1,70,,25483,7,,,1,31,,25482,7,,,1,70,,25481,7,,,1,30,,25473,7,,,1,70,,25466,7,,,1,30,,25484,7,,,1,70,,25486,7,,,1,30,,25465,7,,,1,70,,25474,7,,,1,30,,25467,7,,,1,70,,25479,7,,,1,30,,25472,7,,,1,70,,25464,7,,,1,29,,25476,7,,,1
2401,'3',931,,25495,32,,,1,70,,25514,32,,,1,30,,25507,32,,,1,70,,25494,32,,,1,29,,25517,32,,,1,70,,25492,32,,,1,30,,25529,32,,,1,70,,25520,32,,,1,29,,25491,32,,,1,30,,25510,32,,,1,70,,25530,32,,,1,25,,25490,32,,,1,75,,25523,32,,,1,30,,25536,32,,,1,71,,25500,32,,,1,101,,25519,32,,,1,70,,25498,32,,,1,19,,25540,32,,,1,25,,25497,32,,,1,70,,25538,32,,,1,100,,25521,32,,,1,91,,25493,32,,,1,100,,25524,32,,,1,104,,25509,32,,,1
2401,'4',931,,25547,32,,,1,70,,25566,32,,,1,30,,25559,32,,,1,70,,25546,32,,,1,29,,25569,32,,,1,70,,25544,32,,,1,30,,25581,32,,,1,70,,25572,32,,,1,29,,25543,32,,,1,30,,25562,32,,,1,70,,25582,32,,,1,25,,25542,32,,,1,75,,25575,32,,,1,30,,25588,32,,,1,71,,25552,32,,,1,101,,25571,32,,,1,70,,25550,32,,,1,19,,25592,32,,,1,25,,25549,32,,,1,70,,25590,32,,,1,100,,25573,32,,,1,91,,25545,32,,,1,100,,25576,32,,,1,104,,25561,32,,,1
2401,'5',931,,25608,32,,,1,70,,25638,32,,,1,30,,25629,32,,,1,70,,25601,32,,,1,29,,25614,32,,,1,70,,25621,32,,,1,30,,25622,32,,,1,70,,25634,32,,,1,29,,25611,32,,,1,30,,25599,32,,,1,70,,25610,32,,,1,26,,25636,32,,,1,75,,25623,32,,,1,27,,25602,32,,,1,72,,25630,32,,,1,30,,25631,32,,,1,72,,25595,32,,,1,70,,25598,32,,,1,19,,25633,32,,,1,25,,25632,32,,,1,70,,25597,32,,,1,100,,25606,32,,,1,91,,25617,32,,,1,100,,25596,32,,,1,104,,25628,32,,,1
2401,'6',931,,25645,32,,,1,70,,25664,32,,,1,30,,25657,32,,,1,70,,25644,32,,,1,29,,25667,32,,,1,70,,25642,32,,,1,30,,25679,32,,,1,70,,25670,32,,,1,29,,25641,32,,,1,30,,25660,32,,,1,70,,25680,32,,,1,25,,25640,32,,,1,75,,25673,32,,,1,30,,25686,32,,,1,71,,25650,32,,,1,101,,25669,32,,,1,70,,25648,32,,,1,19,,25690,32,,,1,25,,25647,32,,,1,70,,25688,32,,,1,100,,25671,32,,,1,91,,25643,32,,,1,100,,25674,32,,,1,104,,25659,32,,,1
2401,'7',931,,25706,32,,,1,70,,25736,32,,,1,30,,25727,32,,,1,70,,25699,32,,,1,29,,25712,32,,,1,70,,25719,32,,,1,30,,25720,32,,,1,70,,25732,32,,,1,29,,25709,32,,,1,30,,25697,32,,,1,70,,25708,32,,,1,26,,25734,32,,,1,75,,25721,32,,,1,27,,25700,32,,,1,72,,25728,32,,,1,30,,25729,32,,,1,72,,25693,32,,,1,70,,25696,32,,,1,19,,25731,32,,,1,25,,25730,32,,,1,70,,25695,32,,,1,100,,25704,32,,,1,91,,25715,32,,,1,100,,25694,32,,,1,104,,25726,32,,,1
2401,'8',659,,25765,7,,,1,100,,25744,7,,,1,71,,25740,7,,,1,70,,25738,7,,,1,30,,25751,7,,,1,70,,25764,7,,,1,30,,25756,7,,,1,70,,25746,7,,,1,30,,25741,7,,,1,70,,25748,7,,,1,30,,25759,7,,,1,70,,25749,7,,,1,30,,25737,7,,,1,70,,25754,7,,,1,30,,25750,7,,,1,70,,25768,7,,,1,30,,25753,7,,,1,70,,25742,7,,,1,30,,25739,7,,,1,70,,25761,7,,,1,30,,25747,7,,,1,70,,25757,7,,,1,30,,25762,7,,,1,70,,25743,7,,,1,27,,25752,7,,,1,30,,25745,7,0,29,1,68,,25766,7,0,29,1,100,,25763,7,0,29,1,100,,25767,7,0,29,1,100,,25760,7,0,29,1,100,,25755,7,0,29,1
2401,'9',928,,25780,7,,,1,100,,25792,7,,,1,30,,25782,7,,,1,70,,25788,7,,,1,31,,25787,7,,,1,70,,25786,7,,,1,30,,25778,7,,,1,70,,25771,7,,,1,30,,25789,7,,,1,70,,25791,7,,,1,30,,25770,7,,,1,70,,25779,7,,,1,30,,25772,7,,,1,70,,25784,7,,,1,30,,25777,7,,,1,70,,25769,7,,,1,29,,25781,7,,,1
22601,'10',555,,116043,32,,,1,70,,116046,32,,,1,30,,116048,32,,,1,70,,116047,32,,,1,30,,116044,32,,,1,72,,116045,32,,,1,76,,116042,32,,,1
22601,'11',555,,116050,32,,,1,70,,116053,32,,,1,30,,116055,32,,,1,70,,116054,32,,,1,30,,116051,32,,,1,72,,116052,32,,,1,76,,116049,32,,,1
22601,'12',555,,116057,32,,,1,70,,116060,32,,,1,30,,116062,32,,,1,70,,116061,32,,,1,30,,116058,32,,,1,72,,116059,32,,,1,76,,116056,32,,,1
22601,'13',555,,116069,32,,,1,70,,116067,32,,,1,30,,116065,32,,,1,70,,116063,32,,,1,30,,116066,32,,,1,72,,116064,32,,,1,76,,116068,32,,,1
22601,'15',555,,116071,32,,,1,70,,116074,32,,,1,30,,116076,32,,,1,70,,116075,32,,,1,30,,116072,32,,,1,72,,116073,32,,,1,76,,116070,32,,,1
22601,'16',555,,116078,32,,,1,70,,116081,32,,,1,30,,116083,32,,,1,70,,116082,32,,,1,30,,116079,32,,,1,72,,116080,32,,,1,76,,116077,32,,,1
22601,'17',555,,116090,32,,,1,70,,116088,32,,,1,30,,116086,32,,,1,70,,116084,32,,,1,30,,116087,32,,,1,72,,116085,32,,,1,76,,116089,32,,,1
22601,'18',555,,116092,32,,,1,100,,116091,32,,,1,100,,116093,32,,,1,148,,116094,32,,,1
22601,'19',555,,116101,32,,,1,70,,116099,32,,,1,30,,116097,32,,,1,70,,116095,32,,,1,30,,116098,32,,,1,72,,116096,32,,,1,76,,116100,32,,,1
22601,'3',555,,116103,32,,,1,70,,116106,32,,,1,30,,116108,32,,,1,70,,116107,32,,,1,30,,116104,32,,,1,72,,116105,32,,,1,76,,116102,32,,,1
22601,'4',555,,116110,32,,,1,70,,116113,32,,,1,30,,116115,32,,,1,70,,116114,32,,,1,30,,116111,32,,,1,72,,116112,32,,,1,76,,116109,32,,,1
22601,'5',555,,116122,32,,,1,70,,116120,32,,,1,30,,116118,32,,,1,70,,116116,32,,,1,30,,116119,32,,,1,72,,116117,32,,,1,76,,116121,32,,,1
22601,'6',555,,116124,32,,,1,70,,116127,32,,,1,30,,116129,32,,,1,70,,116128,32,,,1,30,,116125,32,,,1,72,,116126,32,,,1,76,,116123,32,,,1
22601,'7',555,,116136,32,,,1,70,,116134,32,,,1,30,,116132,32,,,1,70,,116130,32,,,1,30,,116133,32,,,1,72,,116131,32,,,1,76,,116135,32,,,1
61801,'10',1510,,118431,5,,,1
61801,'11',1510,,118433,5,,,1
61801,'12',1510,,118435,5,,,1
61801,'15',1510,,118437,5,,,1
61801,'16',1510,,118439,5,,,1
61801,'3',1510,,118441,5,,,1
61801,'4',1510,,118443,5,,,1
61801,'6',1510,,118445,5,,,1
61901,'10',1511,,118462,5,,,1
61901,'11',1511,,118463,5,,,1
61901,'12',1511,,118464,5,,,1
61901,'15',1511,,118465,5,,,1
61901,'16',1511,,118466,5,,,1
61901,'3',1511,,118467,5,,,1
61901,'4',1511,,118468,5,,,1
61901,'6',1511,,118469,5,,,1
62700,'10',800,,118526,28,,,1
62700,'11',800,,118527,28,,,1
62700,'12',800,,118528,28,,,1
62700,'15',800,,118529,28,,,1
62700,'16',800,,118530,28,,,1
62700,'3',800,,118531,28,,,1
62700,'4',800,,118532,28,,,1
62700,'6',800,,118533,28,,,1
62801,'10',1510,,118579,5,,,1
62801,'11',1510,,118585,5,,,1
62801,'12',1510,,118591,5,,,1
62801,'15',1510,,118597,5,,,1
62801,'16',1510,,118603,5,,,1
62801,'3',1510,,118609,5,,,1
62801,'4',1510,,118615,5,,,1
62801,'6',1510,,118621,5,,,1
67801,'10',1510,,119934,5,,,1
67801,'11',1510,,119935,5,,,1
67801,'12',1510,,119936,5,,,1
67801,'15',1510,,119937,5,,,1
67801,'16',1510,,119938,5,,,1
67801,'3',1510,,119939,5,,,1
67801,'4',1510,,119940,5,,,1
67801,'6',1510,,119941,5,,,1
