11100,'10',1436,,102117,15,0,86 87,1,7,,102118,15,0,86 87,1
11100,'11',1436,,102186,15,0,86 87,1,7,,102187,15,0,86 87,1
11100,'12',1436,,102255,15,0,86 87,1,7,,102256,15,0,86 87,1
11100,'15',1436,,102433,15,0,86 87,1,7,,102434,15,0,86 87,1
11100,'16',1436,,102502,15,0,86 87,1,7,,102503,15,0,86 87,1
11100,'3',1436,,102783,15,0,86 87,1,7,,102784,15,0,86 87,1
11100,'4',1436,,102852,15,0,86 87,1,7,,102853,15,0,86 87,1
11100,'6',1436,,102992,15,0,86 87,1,7,,102993,15,0,86 87,1
18901,'1',645,,114635,26,,,1,100,,114638,26,,,1,100,,114646,26,,,1,100,,114644,26,,,1,100,,114645,26,,,1,100,,114640,26,,,1,100,,114637,26,,,1,100,,114648,26,,,1,100,,114641,26,,,1,100,,114642,26,,,1,100,,114647,26,,,1,100,,114643,26,,,1,99,,114636,26,,,1,100,,114639,26,,,1
18901,'10',517,,114685,26,,,1,83,,114683,26,,,1,34,,114662,26,,,1,70,,114671,26,,,1,30,,114680,26,,,1,76,,114676,26,,,1,30,,114670,26,,,1,69,,114658,26,,,1,25,,114667,26,,,1,70,,114669,26,,,1,30,,114674,26,,,1,72,,114675,26,,,1,30,,114678,26,,,1,69,,114686,26,,,1,30,,114650,26,,,1,70,,114677,26,,,1,30,,114657,26,,,1,70,,114664,26,,,1,34,,114653,26,,,1,73,,114681,26,,,1,30,,114655,26,,,1,70,,114665,26,,,1,30,,114666,26,,,1,70,,114672,26,,,1,30,,114656,26,,,1,70,,114673,26,,,1,28,,114679,26,,,1,65,,114663,26,,,1,30,,114668,26,,,1,70,,114682,26,,,1,30,,114684,26,,,1,70,,114660,26,,,1,30,,114649,26,,,1,69,,114652,26,,,1,28,,114659,26,,,1,70,,114654,26,,,1,30,,114661,26,,,1,25,,114687,26,,,1,95,,114651,26,,,1
18901,'11',517,,114724,26,,,1,83,,114722,26,,,1,34,,114701,26,,,1,70,,114710,26,,,1,30,,114719,26,,,1,76,,114715,26,,,1,30,,114709,26,,,1,69,,114697,26,,,1,25,,114706,26,,,1,70,,114708,26,,,1,30,,114713,26,,,1,72,,114714,26,,,1,30,,114717,26,,,1,69,,114725,26,,,1,30,,114689,26,,,1,70,,114716,26,,,1,30,,114696,26,,,1,70,,114703,26,,,1,34,,114692,26,,,1,73,,114720,26,,,1,30,,114694,26,,,1,70,,114704,26,,,1,30,,114705,26,,,1,70,,114711,26,,,1,30,,114695,26,,,1,70,,114712,26,,,1,28,,114718,26,,,1,65,,114702,26,,,1,30,,114707,26,,,1,70,,114721,26,,,1,30,,114723,26,,,1,70,,114699,26,,,1,30,,114688,26,,,1,69,,114691,26,,,1,28,,114698,26,,,1,70,,114693,26,,,1,30,,114700,26,,,1,25,,114726,26,,,1,95,,114690,26,,,1
18901,'12',517,,114763,26,,,1,83,,114761,26,,,1,34,,114740,26,,,1,70,,114749,26,,,1,30,,114758,26,,,1,76,,114754,26,,,1,30,,114748,26,,,1,69,,114736,26,,,1,25,,114745,26,,,1,70,,114747,26,,,1,30,,114752,26,,,1,72,,114753,26,,,1,30,,114756,26,,,1,69,,114764,26,,,1,30,,114728,26,,,1,70,,114755,26,,,1,30,,114735,26,,,1,70,,114742,26,,,1,34,,114731,26,,,1,73,,114759,26,,,1,30,,114733,26,,,1,70,,114743,26,,,1,30,,114744,26,,,1,70,,114750,26,,,1,30,,114734,26,,,1,70,,114751,26,,,1,28,,114757,26,,,1,65,,114741,26,,,1,30,,114746,26,,,1,70,,114760,26,,,1,30,,114762,26,,,1,70,,114738,26,,,1,30,,114727,26,,,1,69,,114730,26,,,1,28,,114737,26,,,1,70,,114732,26,,,1,30,,114739,26,,,1,25,,114765,26,,,1,95,,114729,26,,,1
18901,'13',517,,114778,26,,,1,83,,114799,26,,,1,34,,114794,26,,,1,70,,114769,26,,,1,30,,114776,26,,,1,76,,114788,26,,,1,29,,114772,26,,,1,70,,114784,26,,,1,25,,114768,26,,,1,70,,114773,26,,,1,30,,114797,26,,,1,72,,114793,26,,,1,30,,114792,26,,,1,69,,114801,26,,,1,30,,114789,26,,,1,70,,114803,26,,,1,30,,114774,26,,,1,70,,114785,26,,,1,34,,114783,26,,,1,73,,114775,26,,,1,30,,114782,26,,,1,70,,114804,26,,,1,30,,114786,26,,,1,70,,114802,26,,,1,30,,114800,26,,,1,70,,114779,26,,,1,28,,114798,26,,,1,65,,114777,26,,,1,30,,114790,26,,,1,70,,114770,26,,,1,30,,114780,26,,,1,70,,114766,26,,,1,30,,114771,26,,,1,69,,114791,26,,,1,28,,114781,26,,,1,70,,114787,26,,,1,30,,114767,26,,,1,25,,114796,26,,,1,95,,114795,26,,,1
18901,'14',645,,114810,26,,,1,100,,114808,26,,,1,100,,114817,26,,,1,100,,114809,26,,,1,100,,114816,26,,,1,100,,114805,26,,,1,100,,114806,26,,,1,100,,114815,26,,,1,100,,114813,26,,,1,100,,114812,26,,,1,100,,114811,26,,,1,100,,114807,26,,,1,99,,114814,26,,,1
18901,'15',517,,114854,26,,,1,83,,114852,26,,,1,34,,114831,26,,,1,70,,114840,26,,,1,30,,114849,26,,,1,76,,114845,26,,,1,30,,114839,26,,,1,69,,114827,26,,,1,25,,114836,26,,,1,70,,114838,26,,,1,30,,114843,26,,,1,72,,114844,26,,,1,30,,114847,26,,,1,69,,114855,26,,,1,30,,114819,26,,,1,70,,114846,26,,,1,30,,114826,26,,,1,70,,114833,26,,,1,34,,114822,26,,,1,73,,114850,26,,,1,30,,114824,26,,,1,70,,114834,26,,,1,30,,114835,26,,,1,70,,114841,26,,,1,30,,114825,26,,,1,70,,114842,26,,,1,28,,114848,26,,,1,65,,114832,26,,,1,30,,114837,26,,,1,70,,114851,26,,,1,30,,114853,26,,,1,70,,114829,26,,,1,30,,114818,26,,,1,69,,114821,26,,,1,28,,114828,26,,,1,70,,114823,26,,,1,30,,114830,26,,,1,25,,114856,26,,,1,95,,114820,26,,,1
18901,'16',517,,114893,26,,,1,83,,114891,26,,,1,34,,114870,26,,,1,70,,114879,26,,,1,30,,114888,26,,,1,76,,114884,26,,,1,30,,114878,26,,,1,69,,114866,26,,,1,25,,114875,26,,,1,70,,114877,26,,,1,30,,114882,26,,,1,72,,114883,26,,,1,30,,114886,26,,,1,69,,114894,26,,,1,30,,114858,26,,,1,70,,114885,26,,,1,30,,114865,26,,,1,70,,114872,26,,,1,34,,114861,26,,,1,73,,114889,26,,,1,30,,114863,26,,,1,70,,114873,26,,,1,30,,114874,26,,,1,70,,114880,26,,,1,30,,114864,26,,,1,70,,114881,26,,,1,28,,114887,26,,,1,65,,114871,26,,,1,30,,114876,26,,,1,70,,114890,26,,,1,30,,114892,26,,,1,70,,114868,26,,,1,30,,114857,26,,,1,69,,114860,26,,,1,28,,114867,26,,,1,70,,114862,26,,,1,30,,114869,26,,,1,25,,114895,26,,,1,95,,114859,26,,,1
18901,'17',517,,114908,26,,,1,83,,114929,26,,,1,34,,114924,26,,,1,70,,114899,26,,,1,30,,114906,26,,,1,76,,114918,26,,,1,29,,114902,26,,,1,70,,114914,26,,,1,25,,114898,26,,,1,70,,114903,26,,,1,30,,114927,26,,,1,72,,114923,26,,,1,30,,114922,26,,,1,69,,114931,26,,,1,30,,114919,26,,,1,70,,114933,26,,,1,30,,114904,26,,,1,70,,114915,26,,,1,34,,114913,26,,,1,73,,114905,26,,,1,30,,114912,26,,,1,70,,114934,26,,,1,30,,114916,26,,,1,70,,114932,26,,,1,30,,114930,26,,,1,70,,114909,26,,,1,28,,114928,26,,,1,65,,114907,26,,,1,30,,114920,26,,,1,70,,114900,26,,,1,30,,114910,26,,,1,70,,114896,26,,,1,30,,114901,26,,,1,69,,114921,26,,,1,28,,114911,26,,,1,70,,114917,26,,,1,30,,114897,26,,,1,25,,114926,26,,,1,95,,114925,26,,,1
18901,'18',517,,114971,26,,,1,83,,114944,26,,,1,34,,114954,26,,,1,70,,114939,26,,,1,30,,114959,26,,,1,76,,114965,26,,,1,30,,114940,26,,,1,69,,114945,26,,,1,25,,114968,26,,,1,70,,114960,26,,,1,30,,114973,26,,,1,72,,114937,26,,,1,30,,114947,26,,,1,69,,114953,26,,,1,30,,114966,26,,,1,70,,114962,26,,,1,30,,114972,26,,,1,70,,114935,26,,,1,34,,114936,26,,,1,73,,114970,26,,,1,30,,114961,26,,,1,70,,114955,26,,,1,28,,114946,26,,,1,72,,114957,26,,,1,30,,114952,26,,,1,70,,114942,26,,,1,28,,114967,26,,,1,65,,114958,26,,,1,30,,114956,26,,,1,70,,114951,26,,,1,30,,114969,26,,,1,70,,114964,26,,,1,30,,114950,26,,,1,69,,114941,26,,,1,28,,114943,26,,,1,70,,114948,26,,,1,30,,114963,26,,,1,25,,114938,26,,,1,95,,114949,26,,,1
18901,'19',517,,114986,26,,,1,83,,115007,26,,,1,34,,115002,26,,,1,70,,114977,26,,,1,30,,114984,26,,,1,76,,114996,26,,,1,29,,114980,26,,,1,70,,114992,26,,,1,25,,114976,26,,,1,70,,114981,26,,,1,30,,115005,26,,,1,72,,115001,26,,,1,30,,115000,26,,,1,69,,115009,26,,,1,30,,114997,26,,,1,70,,115011,26,,,1,30,,114982,26,,,1,70,,114993,26,,,1,34,,114991,26,,,1,73,,114983,26,,,1,30,,114990,26,,,1,70,,115012,26,,,1,30,,114994,26,,,1,70,,115010,26,,,1,30,,115008,26,,,1,70,,114987,26,,,1,28,,115006,26,,,1,65,,114985,26,,,1,30,,114998,26,,,1,70,,114978,26,,,1,30,,114988,26,,,1,70,,114974,26,,,1,30,,114979,26,,,1,69,,114999,26,,,1,28,,114989,26,,,1,70,,114995,26,,,1,30,,114975,26,,,1,25,,115004,26,,,1,95,,115003,26,,,1
18901,'2',645,,115013,26,,,1,100,,115016,26,,,1,100,,115024,26,,,1,100,,115022,26,,,1,100,,115023,26,,,1,100,,115018,26,,,1,100,,115015,26,,,1,100,,115026,26,,,1,100,,115019,26,,,1,100,,115020,26,,,1,100,,115025,26,,,1,100,,115021,26,,,1,99,,115014,26,,,1,100,,115017,26,,,1
18901,'3',517,,115063,26,,,1,83,,115061,26,,,1,34,,115040,26,,,1,70,,115049,26,,,1,30,,115058,26,,,1,76,,115054,26,,,1,30,,115048,26,,,1,69,,115036,26,,,1,25,,115045,26,,,1,70,,115047,26,,,1,30,,115052,26,,,1,72,,115053,26,,,1,30,,115056,26,,,1,69,,115064,26,,,1,30,,115028,26,,,1,70,,115055,26,,,1,30,,115035,26,,,1,70,,115042,26,,,1,34,,115031,26,,,1,73,,115059,26,,,1,30,,115033,26,,,1,70,,115043,26,,,1,30,,115044,26,,,1,70,,115050,26,,,1,30,,115034,26,,,1,70,,115051,26,,,1,28,,115057,26,,,1,65,,115041,26,,,1,30,,115046,26,,,1,70,,115060,26,,,1,30,,115062,26,,,1,70,,115038,26,,,1,30,,115027,26,,,1,69,,115030,26,,,1,28,,115037,26,,,1,70,,115032,26,,,1,30,,115039,26,,,1,25,,115065,26,,,1,95,,115029,26,,,1
18901,'4',517,,115102,26,,,1,83,,115100,26,,,1,34,,115079,26,,,1,70,,115088,26,,,1,30,,115097,26,,,1,76,,115093,26,,,1,30,,115087,26,,,1,69,,115075,26,,,1,25,,115084,26,,,1,70,,115086,26,,,1,30,,115091,26,,,1,72,,115092,26,,,1,30,,115095,26,,,1,69,,115103,26,,,1,30,,115067,26,,,1,70,,115094,26,,,1,30,,115074,26,,,1,70,,115081,26,,,1,34,,115070,26,,,1,73,,115098,26,,,1,30,,115072,26,,,1,70,,115082,26,,,1,30,,115083,26,,,1,70,,115089,26,,,1,30,,115073,26,,,1,70,,115090,26,,,1,28,,115096,26,,,1,65,,115080,26,,,1,30,,115085,26,,,1,70,,115099,26,,,1,30,,115101,26,,,1,70,,115077,26,,,1,30,,115066,26,,,1,69,,115069,26,,,1,28,,115076,26,,,1,70,,115071,26,,,1,30,,115078,26,,,1,25,,115104,26,,,1,95,,115068,26,,,1
18901,'5',517,,115117,26,,,1,83,,115138,26,,,1,34,,115133,26,,,1,70,,115108,26,,,1,30,,115115,26,,,1,76,,115127,26,,,1,29,,115111,26,,,1,70,,115123,26,,,1,25,,115107,26,,,1,70,,115112,26,,,1,30,,115136,26,,,1,72,,115132,26,,,1,30,,115131,26,,,1,69,,115140,26,,,1,30,,115128,26,,,1,70,,115142,26,,,1,30,,115113,26,,,1,70,,115124,26,,,1,34,,115122,26,,,1,73,,115114,26,,,1,30,,115121,26,,,1,70,,115143,26,,,1,30,,115125,26,,,1,70,,115141,26,,,1,30,,115139,26,,,1,70,,115118,26,,,1,28,,115137,26,,,1,65,,115116,26,,,1,30,,115129,26,,,1,70,,115109,26,,,1,30,,115119,26,,,1,70,,115105,26,,,1,30,,115110,26,,,1,69,,115130,26,,,1,28,,115120,26,,,1,70,,115126,26,,,1,30,,115106,26,,,1,25,,115135,26,,,1,95,,115134,26,,,1
18901,'6',517,,115180,26,,,1,83,,115178,26,,,1,34,,115157,26,,,1,70,,115166,26,,,1,30,,115175,26,,,1,76,,115171,26,,,1,30,,115165,26,,,1,69,,115153,26,,,1,25,,115162,26,,,1,70,,115164,26,,,1,30,,115169,26,,,1,72,,115170,26,,,1,30,,115173,26,,,1,69,,115181,26,,,1,30,,115145,26,,,1,70,,115172,26,,,1,30,,115152,26,,,1,70,,115159,26,,,1,34,,115148,26,,,1,73,,115176,26,,,1,30,,115150,26,,,1,70,,115160,26,,,1,30,,115161,26,,,1,70,,115167,26,,,1,30,,115151,26,,,1,70,,115168,26,,,1,28,,115174,26,,,1,65,,115158,26,,,1,30,,115163,26,,,1,70,,115177,26,,,1,30,,115179,26,,,1,70,,115155,26,,,1,30,,115144,26,,,1,69,,115147,26,,,1,28,,115154,26,,,1,70,,115149,26,,,1,30,,115156,26,,,1,25,,115182,26,,,1,95,,115146,26,,,1
18901,'7',517,,115195,26,,,1,83,,115216,26,,,1,34,,115211,26,,,1,70,,115186,26,,,1,30,,115193,26,,,1,76,,115205,26,,,1,29,,115189,26,,,1,70,,115201,26,,,1,25,,115185,26,,,1,70,,115190,26,,,1,30,,115214,26,,,1,72,,115210,26,,,1,30,,115209,26,,,1,69,,115218,26,,,1,30,,115206,26,,,1,70,,115220,26,,,1,30,,115191,26,,,1,70,,115202,26,,,1,34,,115200,26,,,1,73,,115192,26,,,1,30,,115199,26,,,1,70,,115221,26,,,1,30,,115203,26,,,1,70,,115219,26,,,1,30,,115217,26,,,1,70,,115196,26,,,1,28,,115215,26,,,1,65,,115194,26,,,1,30,,115207,26,,,1,70,,115187,26,,,1,30,,115197,26,,,1,70,,115183,26,,,1,30,,115188,26,,,1,69,,115208,26,,,1,28,,115198,26,,,1,70,,115204,26,,,1,30,,115184,26,,,1,25,,115213,26,,,1,95,,115212,26,,,1
18901,'8',645,,115227,26,,,1,100,,115225,26,,,1,100,,115234,26,,,1,100,,115226,26,,,1,100,,115233,26,,,1,100,,115222,26,,,1,100,,115223,26,,,1,100,,115232,26,,,1,100,,115230,26,,,1,100,,115229,26,,,1,100,,115228,26,,,1,100,,115224,26,,,1,99,,115231,26,,,1
18901,'9',645,,115235,26,,,1,100,,115238,26,,,1,100,,115246,26,,,1,100,,115244,26,,,1,100,,115245,26,,,1,100,,115240,26,,,1,100,,115237,26,,,1,100,,115248,26,,,1,100,,115241,26,,,1,100,,115242,26,,,1,100,,115247,26,,,1,100,,115243,26,,,1,99,,115236,26,,,1,100,,115239,26,,,1
61000,'10',757,,118278,27,,,1
61000,'11',757,,118279,27,,,1
61000,'12',757,,118280,27,,,1
61000,'15',757,,118281,27,,,1
61000,'16',757,,118282,27,,,1
61000,'3',757,,118283,27,,,1
61000,'4',757,,118284,27,,,1
61000,'6',757,,118285,27,,,1
68601,'10',1520,,120262,9,,,1
68601,'11',1520,,120263,9,,,1
68601,'12',1520,,120264,9,,,1
68601,'15',1520,,120265,9,,,1
68601,'16',1520,,120266,9,,,1
68601,'3',1520,,120267,9,,,1
68601,'4',1520,,120268,9,,,1
68601,'6',1520,,120269,9,,,1
68900,'10',1511,,120328,9,0,86 87,1
68900,'11',1511,,120331,9,0,86 87,1
68900,'12',1511,,120334,9,0,86 87,1
68900,'15',1511,,120337,9,0,86 87,1
68900,'16',1511,,120340,9,0,86 87,1
68900,'3',1511,,120343,9,0,86 87,1
68900,'4',1511,,120346,9,0,86 87,1
68900,'6',1511,,120349,9,0,86 87,1
69101,'10',1522,,120399,9,,,1
69101,'11',1522,,120401,9,,,1
69101,'12',1522,,120403,9,,,1
69101,'15',1522,,120405,9,,,1
69101,'16',1522,,120407,9,,,1
69101,'3',1522,,120409,9,,,1
69101,'4',1522,,120411,9,,,1
69101,'6',1522,,120413,9,,,1
