67300,'11',1545,,672141,,,1,8,,672140,,,1,69,,672142,,,1
67300,'12',1545,,672145,,,1,8,,672143,,,1,69,,672146,,,1
67300,'13',1545,,672149,,,1,8,,672147,,,1,69,,672150,,,1
67300,'14',1545,,672153,,,1,8,,672151,,,1,69,,672154,,,1
67300,'15',1545,,672157,,,1,8,,672155,,,1,69,,672158,,,1
67300,'17',1545,,672161,,,1,8,,672159,,,1,69,,672162,,,1
67300,'18',1545,,672165,,,1,8,,672163,,,1,69,,672166,,,1
67300,'19',1545,,672169,,,1,8,,672167,,,1,69,,672170,,,1
67300,'20',1545,,672173,,,1,8,,672171,,,1,69,,672174,,,1
67300,'22',1545,,672177,,,1,8,,672175,,,1,69,,456149,,,1
67300,'8',1545,,672180,,,1,8,,672178,,,1,69,,672181,,,1
