6300,'1',631,,92263,,,1,22,,184264,,,1,56,,184282,,,1,17,,113487,,,1,15,,184252,,,1,17,,184280,,,1,54,,184274,,,1,16,,184262,,,1,17,,105282,,,1,71,,184284,,,1,28,,184258,,,1,68,,184273,,,1,28,,184271,,,1,70,,184281,,,1,31,,92271,,,1,70,,184259,,,1,31,,184253,,,1,66,,184255,,,1,30,,184265,,,1,72,,184275,,,1,30,,184268,,,1,68,,184269,,,1,31,,184256,,,1,15,,184270,,,1,55,,184257,,,1,15,,184283,,,1,15,,184260,,,1,17,,184285,,,1,55,,3794,,,1,16,,20212,,,1,15,,184277,,,1,15,,184261,,,1,55,,109390,,,1,13,,184276,,,1,13,,184266,,,1,15,,70773,,,1,69,,184254,,,1,33,,84599,,,1,70,,184278,,,1,30,,87467,,,1,70,,184272,,,1,30,,184279,,,1,69,,184267,,,1,28,,184263,,,1,70,,99083,,,1,30,,116741,,,1,79,,57602,,,1
6300,'10',724,,184303,,,1,30,,184305,,,1,70,,184292,,,1,31,,19622,,,1,70,,184291,,,1,30,,184311,,,1,70,,55623,,,1,33,,184289,,,1,70,,184302,,,1,30,,184308,,,1,70,,184298,,,1,30,,184310,,,1,70,,184300,,,1,30,,184313,,,1,70,,184296,,,1,30,,52150,,,1,70,,184295,,,1,30,,77130,,,1,70,,184315,,,1,30,,184314,,,1,70,,184312,,,1,30,,184299,,,1,70,,184301,,,1,30,,184307,,,1,70,,184294,,,1,30,,184306,,,1,70,,184288,,,1,28,,184290,,,1,70,,184293,,,1,30,,184287,,,1,70,,184309,,,1,28,,184297,,,1,70,,80232,,,1,30,,184304,,,1
6300,'11',631,,184319,,,1,22,,184332,,,1,56,,51988,,,1,17,,184345,,,1,15,,184327,,,1,17,,73355,,,1,56,,184323,,,1,14,,184336,,,1,15,,184339,,,1,71,,184334,,,1,30,,184348,,,1,68,,39450,,,1,28,,184329,,,1,70,,184321,,,1,31,,18463,,,1,70,,104111,,,1,31,,36467,,,1,66,,184346,,,1,30,,184344,,,1,72,,184318,,,1,30,,95385,,,1,68,,184320,,,1,31,,184326,,,1,15,,184317,,,1,55,,184342,,,1,17,,184316,,,1,15,,184335,,,1,70,,184325,,,1,16,,184347,,,1,15,,184330,,,1,15,,95356,,,1,55,,184322,,,1,11,,184324,,,1,15,,184349,,,1,15,,27148,,,1,69,,184331,,,1,33,,94031,,,1,70,,95375,,,1,30,,184337,,,1,70,,363,,,1,30,,184341,,,1,69,,184328,,,1,28,,184340,,,1,70,,27190,,,1,30,,184338,,,1,79,,184333,,,1
6300,'12',631,,184355,,,1,22,,31484,,,1,56,,184361,,,1,17,,64967,,,1,15,,14390,,,1,17,,184362,,,1,56,,184358,,,1,14,,184372,,,1,15,,51500,,,1,71,,53825,,,1,30,,20126,,,1,68,,184382,,,1,28,,184366,,,1,70,,184356,,,1,31,,184381,,,1,70,,184350,,,1,31,,184363,,,1,66,,53844,,,1,30,,184379,,,1,72,,184353,,,1,30,,184380,,,1,68,,27818,,,1,31,,106757,,,1,15,,184352,,,1,55,,184377,,,1,17,,33652,,,1,15,,184371,,,1,70,,184360,,,1,16,,7466,,,1,15,,184367,,,1,15,,184369,,,1,55,,184357,,,1,11,,184359,,,1,15,,51514,,,1,15,,184351,,,1,69,,184368,,,1,33,,184365,,,1,70,,184375,,,1,30,,184373,,,1,70,,184354,,,1,30,,15838,,,1,69,,184364,,,1,28,,27852,,,1,70,,184376,,,1,30,,184374,,,1,79,,184370,,,1
6300,'13',724,,66748,,,1,30,,184398,,,1,70,,184387,,,1,31,,184403,,,1,70,,184386,,,1,30,,184404,,,1,70,,184408,,,1,33,,53042,,,1,70,,5048,,,1,30,,75775,,,1,70,,184393,,,1,30,,184402,,,1,70,,184395,,,1,30,,50373,,,1,70,,184391,,,1,30,,184401,,,1,70,,184390,,,1,30,,184405,,,1,70,,112063,,,1,30,,184407,,,1,70,,90294,,,1,30,,184394,,,1,70,,184396,,,1,30,,184400,,,1,70,,184389,,,1,30,,184399,,,1,70,,184384,,,1,28,,184385,,,1,70,,184388,,,1,30,,184383,,,1,70,,33101,,,1,28,,184392,,,1,70,,184406,,,1,30,,184397,,,1
6300,'14',631,,184412,,,1,22,,184425,,,1,56,,52527,,,1,17,,184438,,,1,15,,184420,,,1,17,,73717,,,1,56,,184416,,,1,14,,184429,,,1,15,,184432,,,1,71,,184427,,,1,30,,184441,,,1,68,,40177,,,1,28,,184422,,,1,70,,184414,,,1,31,,18910,,,1,70,,104535,,,1,31,,36754,,,1,66,,184439,,,1,30,,184437,,,1,72,,184411,,,1,30,,95819,,,1,68,,184413,,,1,31,,184419,,,1,15,,184410,,,1,55,,184435,,,1,17,,184409,,,1,15,,184428,,,1,70,,184418,,,1,16,,184440,,,1,15,,184423,,,1,15,,95790,,,1,55,,184415,,,1,11,,184417,,,1,15,,184442,,,1,15,,27616,,,1,69,,184424,,,1,33,,94657,,,1,70,,95809,,,1,30,,184430,,,1,70,,803,,,1,30,,184434,,,1,69,,184421,,,1,28,,184433,,,1,70,,27658,,,1,30,,184431,,,1,79,,184426,,,1
6300,'15',811,,184449,,,1,104,,184446,,,1,100,,184451,,,1,103,,184465,,,1,30,,184467,,,1,70,,184462,,,1,30,,184469,,,1,70,,184463,,,1,30,,184457,,,1,70,,184448,,,1,30,,184458,,,1,70,,184443,,,1,30,,184445,,,1,70,,184471,,,1,30,,184470,,,1,70,,184444,,,1,30,,184452,,,1,70,,184454,,,1,30,,184459,,,1,70,,184453,,,1,30,,184450,,,1,70,,184455,,,1,30,,184464,,,1,68,,184460,,,1,30,,184461,,,1,70,,184468,,,1,30,,184456,,,1,68,,184447,,,1,100,,184466,,,1
6300,'16',811,,4298,,,1,104,,184475,,,1,100,,68718,,,1,103,,83560,,,1,30,,184489,,,1,70,,184486,,,1,30,,184491,,,1,70,,184487,,,1,30,,184482,,,1,70,,184477,,,1,30,,184483,,,1,70,,184472,,,1,30,,184474,,,1,70,,184493,,,1,30,,184492,,,1,70,,184473,,,1,30,,184479,,,1,70,,184480,,,1,30,,111146,,,1,70,,60508,,,1,30,,184478,,,1,70,,56268,,,1,30,,184488,,,1,68,,184484,,,1,30,,184485,,,1,70,,184490,,,1,30,,184481,,,1,68,,184476,,,1,100,,45874,,,1
6300,'17',631,,184531,,,1,22,,184506,,,1,56,,184527,,,1,17,,184518,,,1,15,,184494,,,1,17,,184525,,,1,54,,184517,,,1,16,,80891,,,1,17,,184514,,,1,71,,184529,,,1,28,,184501,,,1,68,,184516,,,1,28,,184515,,,1,70,,184526,,,1,31,,184533,,,1,70,,184502,,,1,31,,184495,,,1,66,,184498,,,1,30,,184507,,,1,72,,184520,,,1,30,,184510,,,1,68,,184513,,,1,31,,184499,,,1,15,,108585,,,1,55,,184500,,,1,15,,184528,,,1,15,,184503,,,1,17,,184534,,,1,55,,184530,,,1,16,,184532,,,1,15,,184522,,,1,15,,184504,,,1,55,,184536,,,1,13,,184521,,,1,13,,184508,,,1,15,,184519,,,1,69,,184496,,,1,33,,184497,,,1,70,,184523,,,1,30,,184512,,,1,70,,40311,,,1,30,,184524,,,1,69,,19004,,,1,28,,46310,,,1,70,,184505,,,1,30,,184509,,,1,79,,184511,,,1
6300,'18',724,,184549,,,1,30,,184551,,,1,70,,184541,,,1,31,,184557,,,1,70,,184540,,,1,30,,36661,,,1,70,,184563,,,1,33,,184538,,,1,70,,184548,,,1,30,,184554,,,1,70,,18707,,,1,30,,184556,,,1,70,,184546,,,1,30,,184560,,,1,70,,184543,,,1,30,,184553,,,1,70,,64569,,,1,30,,184559,,,1,70,,184562,,,1,30,,84281,,,1,70,,184558,,,1,30,,184545,,,1,70,,184547,,,1,30,,184552,,,1,70,,184542,,,1,30,,121376,,,1,70,,5773,,,1,28,,184539,,,1,70,,10871,,,1,30,,184537,,,1,70,,184555,,,1,28,,184544,,,1,70,,184561,,,1,30,,184550,,,1
6300,'19',631,,184601,,,1,22,,184576,,,1,56,,184597,,,1,17,,184588,,,1,15,,184564,,,1,17,,184595,,,1,54,,184587,,,1,16,,79853,,,1,17,,184584,,,1,71,,184599,,,1,28,,184571,,,1,68,,184586,,,1,28,,184585,,,1,70,,184596,,,1,31,,184603,,,1,70,,184572,,,1,31,,184565,,,1,66,,184568,,,1,30,,184577,,,1,72,,184590,,,1,30,,184580,,,1,68,,184583,,,1,31,,184569,,,1,15,,108179,,,1,55,,184570,,,1,15,,184598,,,1,15,,184573,,,1,17,,184604,,,1,55,,184600,,,1,16,,184602,,,1,15,,184592,,,1,15,,184574,,,1,55,,184606,,,1,13,,184591,,,1,13,,184578,,,1,15,,184589,,,1,69,,184566,,,1,33,,184567,,,1,70,,184593,,,1,30,,184582,,,1,70,,39335,,,1,30,,184594,,,1,69,,18376,,,1,28,,45628,,,1,70,,184575,,,1,30,,184579,,,1,79,,184581,,,1
6300,'2',631,,184610,,,1,22,,184623,,,1,56,,52235,,,1,17,,184636,,,1,15,,184618,,,1,17,,73533,,,1,56,,184614,,,1,14,,184627,,,1,15,,184630,,,1,71,,184625,,,1,30,,184639,,,1,68,,39845,,,1,28,,184620,,,1,70,,184612,,,1,31,,18682,,,1,70,,104351,,,1,31,,36614,,,1,66,,184637,,,1,30,,184635,,,1,72,,184609,,,1,30,,95579,,,1,68,,184611,,,1,31,,184617,,,1,15,,184608,,,1,55,,184633,,,1,17,,184607,,,1,15,,184626,,,1,70,,184616,,,1,16,,184638,,,1,15,,184621,,,1,15,,95550,,,1,55,,184613,,,1,11,,184615,,,1,15,,184640,,,1,15,,27360,,,1,69,,184622,,,1,33,,94321,,,1,70,,95569,,,1,30,,184628,,,1,70,,563,,,1,30,,184632,,,1,69,,184619,,,1,28,,184631,,,1,70,,27402,,,1,30,,184629,,,1,79,,184624,,,1
6300,'20',811,,3823,,,1,104,,184644,,,1,100,,68462,,,1,103,,83350,,,1,30,,184658,,,1,70,,184655,,,1,30,,184660,,,1,70,,184656,,,1,30,,184651,,,1,70,,184646,,,1,30,,184652,,,1,70,,184641,,,1,30,,184643,,,1,70,,184662,,,1,30,,184661,,,1,70,,184642,,,1,30,,184648,,,1,70,,184649,,,1,30,,111108,,,1,70,,60285,,,1,30,,184647,,,1,70,,56057,,,1,30,,184657,,,1,68,,184653,,,1,30,,184654,,,1,70,,184659,,,1,30,,184650,,,1,68,,184645,,,1,100,,45565,,,1
6300,'21',631,,184700,,,1,22,,184675,,,1,56,,184696,,,1,17,,184687,,,1,15,,184663,,,1,17,,184694,,,1,54,,184686,,,1,16,,80798,,,1,17,,184683,,,1,71,,184698,,,1,28,,184670,,,1,68,,184685,,,1,28,,184684,,,1,70,,184695,,,1,31,,184702,,,1,70,,184671,,,1,31,,184664,,,1,66,,184667,,,1,30,,184676,,,1,72,,184689,,,1,30,,184679,,,1,68,,184682,,,1,31,,184668,,,1,15,,108550,,,1,55,,184669,,,1,15,,184697,,,1,15,,184672,,,1,17,,184703,,,1,55,,184699,,,1,16,,184701,,,1,15,,184691,,,1,15,,184673,,,1,55,,184705,,,1,13,,184690,,,1,13,,184677,,,1,15,,184688,,,1,69,,184665,,,1,33,,184666,,,1,70,,184692,,,1,30,,184681,,,1,70,,40228,,,1,30,,184693,,,1,69,,18942,,,1,28,,46241,,,1,70,,184674,,,1,30,,184678,,,1,79,,184680,,,1
6300,'22',724,,184722,,,1,30,,184724,,,1,70,,184711,,,1,31,,19575,,,1,70,,184710,,,1,30,,184730,,,1,70,,55592,,,1,33,,184708,,,1,70,,184721,,,1,30,,184727,,,1,70,,184717,,,1,30,,184729,,,1,70,,184719,,,1,30,,184732,,,1,70,,184715,,,1,30,,52106,,,1,70,,184714,,,1,30,,77096,,,1,70,,184734,,,1,30,,184733,,,1,70,,184731,,,1,30,,184718,,,1,70,,184720,,,1,30,,184726,,,1,70,,184713,,,1,30,,184725,,,1,70,,184707,,,1,28,,184709,,,1,70,,184712,,,1,30,,184706,,,1,70,,184728,,,1,28,,184716,,,1,70,,80149,,,1,30,,184723,,,1
6300,'3',811,,184740,,,1,104,,184737,,,1,100,,184742,,,1,103,,184750,,,1,30,,184752,,,1,70,,184747,,,1,30,,38265,,,1,70,,184748,,,1,30,,92144,,,1,70,,184739,,,1,30,,124054,,,1,70,,184735,,,1,30,,184736,,,1,70,,9660,,,1,30,,184753,,,1,70,,59301,,,1,30,,116040,,,1,70,,184744,,,1,30,,184746,,,1,70,,184743,,,1,30,,184741,,,1,70,,184745,,,1,30,,184749,,,1,68,,14632,,,1,30,,123642,,,1,70,,17764,,,1,30,,64025,,,1,68,,184738,,,1,100,,184751,,,1
6300,'4',631,,184757,,,1,22,,184770,,,1,56,,52381,,,1,17,,184783,,,1,15,,184765,,,1,17,,73625,,,1,56,,184761,,,1,14,,184774,,,1,15,,184777,,,1,71,,184772,,,1,30,,184786,,,1,68,,40011,,,1,28,,184767,,,1,70,,184759,,,1,31,,18796,,,1,70,,104443,,,1,31,,36684,,,1,66,,184784,,,1,30,,184782,,,1,72,,184756,,,1,30,,95699,,,1,68,,184758,,,1,31,,184764,,,1,15,,184755,,,1,55,,184780,,,1,17,,184754,,,1,15,,184773,,,1,70,,184763,,,1,16,,184785,,,1,15,,184768,,,1,15,,95670,,,1,55,,184760,,,1,11,,184762,,,1,15,,184787,,,1,15,,27488,,,1,69,,184769,,,1,33,,94489,,,1,70,,95689,,,1,30,,184775,,,1,70,,683,,,1,30,,184779,,,1,69,,184766,,,1,28,,184778,,,1,70,,27530,,,1,30,,184776,,,1,79,,184771,,,1
6300,'5',631,,184791,,,1,22,,184804,,,1,56,,52454,,,1,17,,184817,,,1,15,,184799,,,1,17,,73671,,,1,56,,184795,,,1,14,,184808,,,1,15,,184811,,,1,71,,184806,,,1,30,,184820,,,1,68,,40094,,,1,28,,184801,,,1,70,,184793,,,1,31,,18853,,,1,70,,104489,,,1,31,,36719,,,1,66,,184818,,,1,30,,184816,,,1,72,,184790,,,1,30,,95759,,,1,68,,184792,,,1,31,,184798,,,1,15,,184789,,,1,55,,184814,,,1,17,,184788,,,1,15,,184807,,,1,70,,184797,,,1,16,,184819,,,1,15,,184802,,,1,15,,95730,,,1,55,,184794,,,1,11,,184796,,,1,15,,184821,,,1,15,,27552,,,1,69,,184803,,,1,33,,94573,,,1,70,,95749,,,1,30,,184809,,,1,70,,743,,,1,30,,184813,,,1,69,,184800,,,1,28,,184812,,,1,70,,27594,,,1,30,,184810,,,1,79,,184805,,,1
6300,'6',631,,184825,,,1,22,,184838,,,1,56,,51541,,,1,17,,184851,,,1,15,,184833,,,1,17,,73053,,,1,56,,184829,,,1,14,,184842,,,1,15,,184845,,,1,71,,184840,,,1,30,,184854,,,1,68,,38883,,,1,28,,184835,,,1,70,,184827,,,1,31,,18103,,,1,70,,103777,,,1,31,,36240,,,1,66,,184852,,,1,30,,184850,,,1,72,,184824,,,1,30,,95016,,,1,68,,184826,,,1,31,,184832,,,1,15,,184823,,,1,55,,184848,,,1,17,,184822,,,1,15,,184841,,,1,70,,184831,,,1,16,,184853,,,1,15,,184836,,,1,15,,94987,,,1,55,,184828,,,1,11,,184830,,,1,15,,184855,,,1,15,,26759,,,1,69,,184837,,,1,33,,93521,,,1,70,,95006,,,1,30,,184843,,,1,70,,5,,,1,30,,184847,,,1,69,,184834,,,1,28,,184846,,,1,70,,26801,,,1,30,,184844,,,1,79,,184839,,,1
6300,'7',631,,184868,,,1,22,,184900,,,1,56,,184890,,,1,17,,184859,,,1,15,,184901,,,1,17,,184864,,,1,54,,184880,,,1,16,,184903,,,1,17,,184898,,,1,71,,184877,,,1,28,,184894,,,1,68,,184863,,,1,28,,184878,,,1,70,,184873,,,1,31,,184881,,,1,70,,184899,,,1,31,,184876,,,1,66,,184885,,,1,30,,184883,,,1,72,,184892,,,1,30,,184897,,,1,68,,184875,,,1,31,,184886,,,1,15,,184867,,,1,55,,184861,,,1,17,,184857,,,1,15,,184884,,,1,15,,184872,,,1,55,,184895,,,1,16,,184879,,,1,16,,184896,,,1,16,,184893,,,1,53,,184870,,,1,13,,184862,,,1,13,,184871,,,1,15,,184866,,,1,69,,184888,,,1,33,,184865,,,1,70,,184874,,,1,30,,184891,,,1,70,,184882,,,1,30,,184902,,,1,69,,184887,,,1,28,,184858,,,1,70,,184856,,,1,30,,184869,,,1,79,,184889,,,1
6300,'8',811,,4091,,,1,104,,184907,,,1,100,,68621,,,1,103,,83475,,,1,30,,184921,,,1,70,,184918,,,1,30,,184923,,,1,70,,184919,,,1,30,,184914,,,1,70,,184909,,,1,30,,184915,,,1,70,,184904,,,1,30,,184906,,,1,70,,184925,,,1,30,,184924,,,1,70,,184905,,,1,30,,184911,,,1,70,,184912,,,1,30,,111134,,,1,70,,60435,,,1,30,,184910,,,1,70,,56178,,,1,30,,184920,,,1,68,,184916,,,1,30,,184917,,,1,70,,184922,,,1,30,,184913,,,1,68,,184908,,,1,100,,45763,,,1
6300,'9',631,,184962,,,1,22,,184938,,,1,56,,58569,,,1,17,,184952,,,1,15,,184926,,,1,17,,184958,,,1,54,,184951,,,1,16,,184935,,,1,17,,184947,,,1,71,,184960,,,1,28,,12554,,,1,68,,184950,,,1,28,,184948,,,1,70,,184959,,,1,31,,184964,,,1,70,,184933,,,1,31,,184927,,,1,66,,184930,,,1,30,,184939,,,1,72,,184954,,,1,30,,184942,,,1,68,,184945,,,1,31,,184931,,,1,15,,184946,,,1,55,,184932,,,1,15,,96321,,,1,15,,65251,,,1,17,,40893,,,1,55,,184961,,,1,16,,184963,,,1,15,,184956,,,1,15,,184934,,,1,55,,184965,,,1,13,,184955,,,1,13,,66194,,,1,15,,184953,,,1,69,,184928,,,1,33,,184929,,,1,70,,99453,,,1,30,,184944,,,1,70,,184949,,,1,30,,184957,,,1,69,,184940,,,1,28,,184937,,,1,70,,184936,,,1,30,,184941,,,1,79,,184943,,,1
11001,'1',524,,217054,0,35,1,28,,217045,0,35,1,70,,14692,0,35,1,30,,217057,0,35,1,70,,217061,0,35,1,31,,217059,0,35,1,71,,217062,0,35,1,30,,217047,0,35,1,69,,217048,0,35,1,29,,217051,0,35,1,70,,217053,0,35,1,34,,92231,0,35,1,70,,217060,0,35,1,30,,217050,0,35,1,68,,10434,0,35,1,30,,112645,0,35,1,70,,82360,0,35,1,30,,217049,0,35,1,70,,3752,0,35,1,30,,217042,0,35,1,72,,217055,0,35,1,31,,217040,0,35,1,73,,217044,0,35,1,26,,217046,0,35,1,70,,217058,0,35,1,30,,53158,0,35,1,69,,6402,0,35,1,29,,6458,0,35,1,67,,217056,0,35,1,30,,217052,0,35,1,70,,217043,0,35,1
11001,'10',600,,217063,0,35,1,30,,217064,0,35,1,1070,,217066,0,35,1,30,,217065,0,35,1
11001,'11',524,,217094,0,35,1,98,,217074,0,35,1,30,,217069,0,35,1,70,,217071,0,35,1,25,,217077,0,54,1,6,,94024,0,35,1,71,,217079,0,35,1,30,,217092,0,35,1,69,,217084,0,35,1,29,,217080,0,35,1,104,,10587,0,35,1,70,,217088,0,35,1,30,,108227,0,35,1,68,,67749,0,35,1,30,,217089,0,35,1,98,,217070,0,35,1,72,,217078,0,35,1,30,,217086,0,35,1,72,,217081,0,35,1,104,,115040,0,35,1,26,,217075,0,35,1,70,,28278,0,35,1,30,,217090,0,35,1,69,,217082,0,35,1,29,,217085,0,35,1,67,,217076,0,35,1,30,,217073,0,35,1,70,,217093,0,35,1
11001,'12',524,,26754,0,35,1,98,,217101,0,35,1,30,,217095,0,35,1,70,,217097,0,35,1,25,,217104,0,54,1,6,,217105,0,35,1,71,,24951,0,35,1,30,,217118,0,35,1,69,,217108,0,35,1,29,,81004,0,35,1,104,,217098,0,35,1,70,,217114,0,35,1,30,,217116,0,35,1,68,,217119,0,35,1,30,,91901,0,35,1,98,,217096,0,35,1,72,,108615,0,35,1,30,,217111,0,35,1,72,,217106,0,35,1,104,,217109,0,35,1,26,,217102,0,35,1,70,,217113,0,35,1,30,,217115,0,35,1,69,,8872,0,35,1,29,,217110,0,35,1,67,,217103,0,35,1,30,,217100,0,35,1,70,,217120,0,35,1
11001,'13',600,,217121,0,35,1,30,,217122,0,35,1,1070,,110693,0,35,1,30,,217123,0,35,1
11001,'14',524,,217151,0,35,1,98,,217131,0,35,1,30,,217126,0,35,1,70,,217128,0,35,1,25,,217134,0,54,1,6,,94650,0,35,1,71,,217136,0,35,1,30,,217149,0,35,1,69,,217141,0,35,1,29,,217137,0,35,1,104,,11045,0,35,1,70,,217145,0,35,1,30,,108528,0,35,1,68,,68110,0,35,1,30,,217146,0,35,1,98,,217127,0,35,1,72,,217135,0,35,1,30,,217143,0,35,1,72,,217138,0,35,1,104,,115221,0,35,1,26,,217132,0,35,1,70,,28720,0,35,1,30,,217147,0,35,1,69,,217139,0,35,1,29,,217142,0,35,1,67,,217133,0,35,1,30,,217130,0,35,1,70,,217150,0,35,1
11001,'15',600,,217154,0,35,1,30,,217153,0,35,1,1070,,217155,0,35,1,30,,217156,0,35,1
11001,'16',600,,217159,0,35,1,30,,217158,0,35,1,1070,,217160,0,35,1,30,,217161,0,35,1
11001,'17',524,,217181,0,35,1,28,,217169,0,35,1,70,,217177,0,35,1,30,,217183,0,35,1,70,,217189,0,35,1,31,,28844,0,35,1,71,,217190,0,35,1,30,,217171,0,35,1,69,,69056,0,35,1,29,,217176,0,35,1,70,,217180,0,35,1,34,,217178,0,35,1,70,,103718,0,35,1,30,,217174,0,35,1,68,,217187,0,35,1,30,,217167,0,35,1,70,,217184,0,35,1,30,,217173,0,35,1,70,,217172,0,35,1,30,,217166,0,35,1,72,,217182,0,35,1,31,,217163,0,35,1,73,,80875,0,35,1,26,,217170,0,35,1,70,,217185,0,35,1,30,,217186,0,35,1,69,,217164,0,35,1,29,,217188,0,35,1,67,,119248,0,35,1,30,,217179,0,35,1,70,,217168,0,35,1
11001,'18',600,,217191,0,35,1,30,,217192,0,35,1,1070,,217193,0,35,1,30,,100982,0,35,1
11001,'19',524,,217214,0,35,1,28,,217202,0,35,1,70,,217210,0,35,1,30,,217216,0,35,1,70,,217222,0,35,1,31,,28224,0,35,1,71,,217223,0,35,1,30,,217204,0,35,1,69,,68528,0,35,1,29,,217209,0,35,1,70,,217213,0,35,1,34,,217211,0,35,1,70,,103146,0,35,1,30,,217207,0,35,1,68,,217220,0,35,1,30,,217200,0,35,1,70,,217217,0,35,1,30,,217206,0,35,1,70,,217205,0,35,1,30,,217199,0,35,1,72,,217215,0,35,1,31,,217196,0,35,1,73,,79837,0,35,1,26,,217203,0,35,1,70,,217218,0,35,1,30,,217219,0,35,1,69,,217197,0,35,1,29,,217221,0,35,1,67,,118882,0,35,1,30,,217212,0,35,1,70,,217201,0,35,1
11001,'2',524,,217249,0,35,1,98,,217229,0,35,1,30,,217224,0,35,1,70,,217226,0,35,1,25,,217232,0,54,1,6,,94314,0,35,1,71,,217234,0,35,1,30,,217247,0,35,1,69,,217239,0,35,1,29,,217235,0,35,1,104,,10805,0,35,1,70,,217243,0,35,1,30,,108388,0,35,1,68,,67922,0,35,1,30,,217244,0,35,1,98,,217225,0,35,1,72,,217233,0,35,1,30,,217241,0,35,1,72,,217236,0,35,1,104,,115121,0,35,1,26,,217230,0,35,1,70,,28480,0,35,1,30,,217245,0,35,1,69,,217237,0,35,1,29,,217240,0,35,1,67,,217231,0,35,1,30,,217228,0,35,1,70,,217248,0,35,1
11001,'20',600,,217251,0,35,1,30,,217250,0,35,1,1070,,217252,0,35,1,30,,217253,0,35,1
11001,'21',524,,217273,0,35,1,28,,217261,0,35,1,70,,217269,0,35,1,30,,217275,0,35,1,70,,217281,0,35,1,31,,28785,0,35,1,71,,217282,0,35,1,30,,217263,0,35,1,69,,69005,0,35,1,29,,217268,0,35,1,70,,217272,0,35,1,34,,217270,0,35,1,70,,103669,0,35,1,30,,217266,0,35,1,68,,217279,0,35,1,30,,217259,0,35,1,70,,217276,0,35,1,30,,217265,0,35,1,70,,217264,0,35,1,30,,217258,0,35,1,72,,217274,0,35,1,31,,217255,0,35,1,73,,80782,0,35,1,26,,217262,0,35,1,70,,217277,0,35,1,30,,217278,0,35,1,69,,217256,0,35,1,29,,217280,0,35,1,67,,119209,0,35,1,30,,217271,0,35,1,70,,217260,0,35,1
11001,'22',600,,217283,0,35,1,30,,217284,0,35,1,1070,,217286,0,35,1,30,,217285,0,35,1
11001,'3',600,,217291,0,35,1,30,,217290,0,35,1,1070,,217292,0,35,1,30,,217293,0,35,1
11001,'4',524,,217320,0,35,1,98,,217300,0,35,1,30,,217295,0,35,1,70,,217297,0,35,1,25,,217303,0,54,1,6,,94482,0,35,1,71,,217305,0,35,1,30,,217318,0,35,1,69,,217310,0,35,1,29,,217306,0,35,1,104,,10925,0,35,1,70,,217314,0,35,1,30,,108458,0,35,1,68,,68016,0,35,1,30,,217315,0,35,1,98,,217296,0,35,1,72,,217304,0,35,1,30,,217312,0,35,1,72,,217307,0,35,1,104,,115171,0,35,1,26,,217301,0,35,1,70,,28600,0,35,1,30,,217316,0,35,1,69,,217308,0,35,1,29,,217311,0,35,1,67,,217302,0,35,1,30,,217299,0,35,1,70,,217319,0,35,1
11001,'5',524,,217346,0,35,1,98,,217326,0,35,1,30,,217321,0,35,1,70,,217323,0,35,1,25,,217329,0,54,1,6,,94566,0,35,1,71,,217331,0,35,1,30,,217344,0,35,1,69,,217336,0,35,1,29,,217332,0,35,1,104,,10985,0,35,1,70,,217340,0,35,1,30,,108493,0,35,1,68,,68063,0,35,1,30,,217341,0,35,1,98,,217322,0,35,1,72,,217330,0,35,1,30,,217338,0,35,1,72,,217333,0,35,1,104,,115196,0,35,1,26,,217327,0,35,1,70,,28660,0,35,1,30,,217342,0,35,1,69,,217334,0,35,1,29,,217337,0,35,1,67,,217328,0,35,1,30,,217325,0,35,1,70,,217345,0,35,1
11001,'6',524,,217372,0,35,1,98,,217352,0,35,1,30,,217347,0,35,1,70,,217349,0,35,1,25,,217355,0,54,1,6,,93514,0,35,1,71,,217357,0,35,1,30,,217370,0,35,1,69,,217362,0,35,1,29,,217358,0,35,1,104,,10232,0,35,1,70,,217366,0,35,1,30,,108008,0,35,1,68,,67453,0,35,1,30,,217367,0,35,1,98,,217348,0,35,1,72,,217356,0,35,1,30,,217364,0,35,1,72,,217359,0,35,1,104,,114898,0,35,1,26,,217353,0,35,1,70,,27913,0,35,1,30,,217368,0,35,1,69,,217360,0,35,1,29,,217363,0,35,1,67,,217354,0,35,1,30,,217351,0,35,1,70,,217371,0,35,1
11001,'7',524,,217385,0,35,1,28,,217396,0,35,1,70,,217398,0,35,1,30,,217391,0,35,1,70,,217403,0,35,1,31,,217390,0,35,1,71,,217380,0,35,1,30,,217377,0,35,1,69,,217375,0,35,1,29,,217399,0,35,1,70,,217404,0,35,1,34,,217373,0,35,1,70,,217393,0,35,1,30,,217381,0,35,1,68,,217394,0,35,1,30,,217389,0,35,1,70,,217400,0,35,1,30,,217387,0,35,1,70,,217382,0,35,1,30,,217383,0,35,1,74,,217386,0,35,1,30,,217378,0,35,1,72,,217392,0,35,1,26,,217395,0,35,1,70,,217384,0,35,1,30,,217402,0,35,1,69,,217401,0,35,1,29,,217374,0,35,1,67,,217379,0,35,1,30,,217376,0,35,1,70,,217388,0,35,1
11001,'8',600,,217407,0,35,1,30,,217406,0,35,1,1070,,217408,0,35,1,30,,217409,0,35,1
11001,'9',524,,217428,0,35,1,28,,217418,0,35,1,70,,217424,0,35,1,30,,217431,0,35,1,70,,217438,0,35,1,31,,217434,0,35,1,71,,112689,0,35,1,30,,217419,0,35,1,69,,217421,0,35,1,29,,217423,0,35,1,70,,217427,0,35,1,34,,217425,0,35,1,70,,217437,0,35,1,30,,10493,0,35,1,68,,217435,0,35,1,30,,217415,0,35,1,70,,217432,0,35,1,30,,108803,0,35,1,70,,217420,0,35,1,30,,217414,0,35,1,72,,217429,0,35,1,31,,217411,0,35,1,73,,217417,0,35,1,26,,74125,0,35,1,70,,38344,0,35,1,30,,217433,0,35,1,69,,217412,0,35,1,29,,217436,0,35,1,67,,217430,0,35,1,30,,217426,0,35,1,70,,217416,0,35,1
66001,'11',1612,,232471,,,1
66001,'12',1612,,232472,,,1
66001,'14',1612,,232473,,,1
66001,'2',1612,,232474,,,1
66001,'4',1612,,232475,,,1
66001,'5',1612,,232476,,,1
66001,'6',1612,,232477,,,1
67401,'11',1502,,232968,,,1,2,,46632,,,1
67401,'12',1502,,232975,,,1,2,,232973,,,1
67401,'14',1502,,232981,,,1,2,,46872,,,1
67401,'2',1502,,232987,,,1,2,,46752,,,1
67401,'4',1502,,232993,,,1,2,,46812,,,1
67401,'5',1502,,232999,,,1,2,,46842,,,1
67401,'6',1502,,233005,,,1,2,,46442,,,1
