5100,'1',537,,213668,5,,,0,99,,332570,5,,,0,67,,332569,5,,,0,39,,332568,5,,,0,70,,332571,5,,,0,32,,332582,5,,,0,68,,332591,5,,,0,30,,332588,5,,,0,73,,332587,5,,,0,30,,332575,5,,,0,70,,332585,5,,,0,30,,332578,5,,,0,70,,332584,5,,,0,30,,332589,5,,,0,70,,332573,5,,,0,30,,332576,5,,,0,70,,238870,5,,,0,30,,332592,5,,,0,70,,332572,5,,,0,35,,206794,5,,,0,70,,332581,5,,,0,30,,332586,5,,,0,70,,332567,5,,,0,30,,248286,5,,,0,70,,332580,5,,,0,30,,332577,5,,,0,64,,332574,5,,,0,29,,332579,5,,,0,68,,332590,5,,,0,30,,222966,5,,,0,70,,1307,5,,,0,30,,332583,5,,,0,71,,245105,5,,,0
5100,'10',637,,332596,5,,,0,100,,332594,5,,,0,70,,332613,5,,,0,30,,332610,5,,,0,70,,332597,5,,,0,30,,246714,5,,,0,71,,241037,5,,,0,30,,332616,5,,,0,70,,332612,5,,,0,30,,332615,5,,,0,70,,332617,5,,,0,30,,332604,5,,,0,70,,212713,5,,,0,30,,332603,5,,,0,70,,332619,5,,,0,30,,332611,5,,,0,70,,332606,5,,,0,30,,332605,5,,,0,70,,332607,5,,,0,30,,332593,5,,,0,70,,332609,5,,,0,30,,332601,5,,,0,69,,332614,5,,,0,30,,332608,5,,,0,100,,332595,5,,,0,100,,332618,5,,,0,100,,332602,5,,,0,102,,332598,5,,,0
5100,'11',537,,332632,5,,,0,99,,332641,5,,,0,106,,332648,5,,,0,70,,274927,5,,,0,100,,332628,5,,,0,30,,332647,5,,,0,73,,332645,5,,,0,30,,332646,5,,,0,70,,332622,5,,,0,30,,332639,5,,,0,70,,280277,5,,,0,30,,208645,5,,,0,70,,332634,5,,,0,30,,332642,5,,,0,70,,332633,5,,,0,30,,332643,5,,,0,70,,332630,5,,,0,35,,332624,5,,,0,70,,332620,5,,,0,30,,332635,5,,,0,70,,332621,5,,,0,30,,332644,5,,,0,70,,332636,5,,,0,30,,332626,5,,,0,64,,332640,5,,,0,29,,332629,5,,,0,68,,332625,5,,,0,30,,332631,5,,,0,70,,249673,5,,,0,30,,332637,5,,,0,71,,332623,5,,,0
5100,'12',802,,332651,5,,,0,100,,193913,5,,,0,30,,332669,5,,,0,71,,332649,5,,,0,30,,332661,5,,,0,70,,332660,5,,,0,30,,332663,5,,,0,70,,332655,5,,,0,30,,332670,5,,,0,70,,332665,5,,,0,30,,332664,5,,,0,70,,332671,5,,,0,30,,332652,5,,,0,70,,332662,5,,,0,30,,332656,5,,,0,70,,332672,5,,,0,30,,332650,5,,,0,70,,332657,5,,,0,30,,213498,5,,,0,69,,332666,5,,,0,30,,332673,5,,,0,70,,332659,5,,,0,30,,332653,5,,,0,70,,332654,5,,,0,100,,207233,5,,,0,100,,332667,5,,,0,100,,332658,5,,,0
5100,'13',537,,332686,5,,,0,99,,332695,5,,,0,106,,332702,5,,,0,70,,274995,5,,,0,100,,332682,5,,,0,30,,332701,5,,,0,73,,332699,5,,,0,30,,332700,5,,,0,70,,332676,5,,,0,30,,332693,5,,,0,70,,280302,5,,,0,30,,208700,5,,,0,70,,332688,5,,,0,30,,332696,5,,,0,70,,332687,5,,,0,30,,332697,5,,,0,70,,332684,5,,,0,35,,332678,5,,,0,70,,332674,5,,,0,30,,332689,5,,,0,70,,332675,5,,,0,30,,332698,5,,,0,70,,332690,5,,,0,30,,332680,5,,,0,64,,332694,5,,,0,29,,332683,5,,,0,68,,332679,5,,,0,30,,332685,5,,,0,70,,249709,5,,,0,30,,332691,5,,,0,71,,332677,5,,,0
5100,'14',537,,332715,5,,,0,99,,332724,5,,,0,106,,332731,5,,,0,70,,275267,5,,,0,100,,332711,5,,,0,30,,332730,5,,,0,73,,332728,5,,,0,30,,332729,5,,,0,70,,332705,5,,,0,30,,332722,5,,,0,70,,280402,5,,,0,30,,208937,5,,,0,70,,332717,5,,,0,30,,332725,5,,,0,70,,332716,5,,,0,30,,332726,5,,,0,70,,332713,5,,,0,35,,332707,5,,,0,70,,332703,5,,,0,30,,332718,5,,,0,70,,332704,5,,,0,30,,332727,5,,,0,70,,332719,5,,,0,30,,332709,5,,,0,64,,332723,5,,,0,29,,332712,5,,,0,68,,332708,5,,,0,30,,332714,5,,,0,70,,249867,5,,,0,30,,332720,5,,,0,71,,332706,5,,,0
5100,'15',802,,332732,5,,,0,100,,332751,5,,,0,30,,332750,5,,,0,71,,264930,5,,,0,30,,332743,5,,,0,70,,296437,5,,,0,30,,332745,5,,,0,70,,332737,5,,,0,30,,332752,5,,,0,70,,332746,5,,,0,30,,234048,5,,,0,70,,332753,5,,,0,30,,332734,5,,,0,70,,332744,5,,,0,30,,332738,5,,,0,70,,332754,5,,,0,30,,246406,5,,,0,70,,332739,5,,,0,30,,332742,5,,,0,69,,332747,5,,,0,30,,332755,5,,,0,70,,332741,5,,,0,30,,332735,5,,,0,70,,332736,5,,,0,100,,332733,5,,,0,100,,332748,5,,,0,100,,332740,5,,,0
5100,'16',637,,332759,5,,,0,100,,332757,5,,,0,70,,216191,5,,,0,30,,332774,5,,,0,70,,274212,5,,,0,30,,332778,5,,,0,71,,332762,5,,,0,30,,332781,5,,,0,70,,332776,5,,,0,30,,332780,5,,,0,70,,332782,5,,,0,30,,332768,5,,,0,70,,332777,5,,,0,30,,332767,5,,,0,70,,150464,5,,,0,30,,332775,5,,,0,70,,332770,5,,,0,30,,332769,5,,,0,70,,332771,5,,,0,30,,332756,5,,,0,70,,332773,5,,,0,30,,332765,5,,,0,69,,332779,5,,,0,30,,332772,5,,,0,100,,332758,5,,,0,100,,332783,5,,,0,100,,332766,5,,,0,102,,332761,5,,,0
5100,'2',537,,332794,5,,,0,99,,332800,5,,,0,106,,332807,5,,,0,70,,332790,5,,,0,100,,332791,5,,,0,30,,332806,5,,,0,73,,332804,5,,,0,30,,332805,5,,,0,70,,332784,5,,,0,30,,332798,5,,,0,70,,332793,5,,,0,30,,332808,5,,,0,70,,332796,5,,,0,30,,332801,5,,,0,70,,332795,5,,,0,30,,332802,5,,,0,70,,167803,5,,,0,35,,332785,5,,,0,70,,242393,5,,,0,30,,119879,5,,,0,70,,261510,5,,,0,30,,332803,5,,,0,70,,232940,5,,,0,30,,332788,5,,,0,64,,332799,5,,,0,29,,293968,5,,,0,68,,332786,5,,,0,30,,332792,5,,,0,70,,332787,5,,,0,30,,332797,5,,,0,71,,264439,5,,,0
5100,'3',537,,332823,5,,,0,99,,34492,5,,,0,106,,332835,5,,,0,70,,332817,5,,,0,100,,332818,5,,,0,30,,332834,5,,,0,73,,332832,5,,,0,30,,332833,5,,,0,70,,239336,5,,,0,30,,262776,5,,,0,70,,332822,5,,,0,30,,332836,5,,,0,70,,332824,5,,,0,30,,332829,5,,,0,70,,222765,5,,,0,30,,332830,5,,,0,70,,332820,5,,,0,35,,332812,5,,,0,70,,332809,5,,,0,30,,332825,5,,,0,70,,332810,5,,,0,30,,332831,5,,,0,70,,332826,5,,,0,30,,332815,5,,,0,64,,332828,5,,,0,29,,332819,5,,,0,68,,332813,5,,,0,30,,332821,5,,,0,70,,332814,5,,,0,30,,207982,5,,,0,71,,332811,5,,,0
5100,'4',537,,332858,5,,,0,99,,332856,5,,,0,67,,212201,5,,,0,38,,332853,5,,,0,71,,332854,5,,,0,31,,332844,5,,,0,69,,332861,5,,,0,30,,332839,5,,,0,73,,332857,5,,,0,30,,278817,5,,,0,70,,196497,5,,,0,30,,288357,5,,,0,70,,332851,5,,,0,30,,225093,5,,,0,70,,284266,5,,,0,30,,332847,5,,,0,70,,332840,5,,,0,30,,332843,5,,,0,70,,332848,5,,,0,35,,332841,5,,,0,70,,332845,5,,,0,30,,332855,5,,,0,70,,332846,5,,,0,30,,292071,5,,,0,70,,295814,5,,,0,30,,332837,5,,,0,64,,332842,5,,,0,29,,332860,5,,,0,68,,332838,5,,,0,30,,332850,5,,,0,70,,332849,5,,,0,30,,332852,5,,,0,71,,332859,5,,,0
5100,'5',537,,332876,5,,,0,99,,251201,5,,,0,106,,332888,5,,,0,70,,332870,5,,,0,100,,332871,5,,,0,30,,332887,5,,,0,73,,332885,5,,,0,30,,332886,5,,,0,70,,239455,5,,,0,30,,72546,5,,,0,70,,332875,5,,,0,30,,332889,5,,,0,70,,332877,5,,,0,30,,332882,5,,,0,70,,222841,5,,,0,30,,332883,5,,,0,70,,332873,5,,,0,35,,332865,5,,,0,70,,332862,5,,,0,30,,332878,5,,,0,70,,332863,5,,,0,30,,332884,5,,,0,70,,332879,5,,,0,30,,332868,5,,,0,64,,332881,5,,,0,29,,332872,5,,,0,68,,332866,5,,,0,30,,332874,5,,,0,70,,332867,5,,,0,30,,208152,5,,,0,71,,332864,5,,,0
5100,'6',537,,332902,5,,,0,99,,332911,5,,,0,106,,332918,5,,,0,70,,274553,5,,,0,100,,332898,5,,,0,30,,332917,5,,,0,73,,332915,5,,,0,30,,332916,5,,,0,70,,332892,5,,,0,30,,332909,5,,,0,70,,280109,5,,,0,30,,208284,5,,,0,70,,332904,5,,,0,30,,332912,5,,,0,70,,332903,5,,,0,30,,332913,5,,,0,70,,332900,5,,,0,35,,332894,5,,,0,70,,332890,5,,,0,30,,332905,5,,,0,70,,332891,5,,,0,30,,332914,5,,,0,70,,332906,5,,,0,30,,332896,5,,,0,64,,332910,5,,,0,29,,332899,5,,,0,68,,332895,5,,,0,30,,332901,5,,,0,70,,249463,5,,,0,30,,332907,5,,,0,71,,332893,5,,,0
5100,'7',537,,332929,5,,,0,99,,332935,5,,,0,106,,332942,5,,,0,70,,332925,5,,,0,100,,332926,5,,,0,30,,332941,5,,,0,73,,332939,5,,,0,30,,332940,5,,,0,70,,332919,5,,,0,30,,332933,5,,,0,70,,332928,5,,,0,30,,332943,5,,,0,70,,332931,5,,,0,30,,332936,5,,,0,70,,332930,5,,,0,30,,332937,5,,,0,70,,167871,5,,,0,35,,332920,5,,,0,70,,242258,5,,,0,30,,134387,5,,,0,70,,261398,5,,,0,30,,332938,5,,,0,70,,232855,5,,,0,30,,332923,5,,,0,64,,332934,5,,,0,29,,293958,5,,,0,68,,332921,5,,,0,30,,332927,5,,,0,70,,332922,5,,,0,30,,332932,5,,,0,71,,264236,5,,,0
5100,'8',802,,332946,5,,,0,100,,213823,5,,,0,30,,332964,5,,,0,71,,332944,5,,,0,30,,332956,5,,,0,70,,332955,5,,,0,30,,332958,5,,,0,70,,332950,5,,,0,30,,332965,5,,,0,70,,332960,5,,,0,30,,332959,5,,,0,70,,332966,5,,,0,30,,332947,5,,,0,70,,332957,5,,,0,30,,332951,5,,,0,70,,332967,5,,,0,30,,332945,5,,,0,70,,332952,5,,,0,30,,213815,5,,,0,69,,332961,5,,,0,30,,332968,5,,,0,70,,332954,5,,,0,30,,332948,5,,,0,70,,332949,5,,,0,100,,207722,5,,,0,100,,332962,5,,,0,100,,332953,5,,,0
5100,'9',537,,332981,5,,,0,99,,332990,5,,,0,106,,332997,5,,,0,70,,274372,5,,,0,100,,332977,5,,,0,30,,332996,5,,,0,73,,332994,5,,,0,30,,332995,5,,,0,70,,332971,5,,,0,30,,332988,5,,,0,70,,280031,5,,,0,30,,208107,5,,,0,70,,332983,5,,,0,30,,332991,5,,,0,70,,332982,5,,,0,30,,332992,5,,,0,70,,332979,5,,,0,35,,332973,5,,,0,70,,332969,5,,,0,30,,332984,5,,,0,70,,332970,5,,,0,30,,332993,5,,,0,70,,332985,5,,,0,30,,332975,5,,,0,64,,332989,5,,,0,29,,332978,5,,,0,68,,332974,5,,,0,30,,332980,5,,,0,70,,249365,5,,,0,30,,332986,5,,,0,71,,332972,5,,,0
