6200,'1',637,,291678,,,1,76,,291699,,,1,30,,291687,,,1,70,,291674,,,1,30,,291684,,,1,70,,291692,,,1,31,,291686,,,1,70,,291690,,,1,31,,291673,,,1,70,,291672,,,1,30,,291689,,,1,70,,291685,,,1,31,,291682,,,1,70,,222487,,,1,30,,291677,,,1,70,,291688,,,1,30,,291694,,,1,70,,291695,,,1,30,,291681,,,1,70,,291697,,,1,29,,291698,,,1,70,,291701,,,1,30,,146437,,,1,70,,291696,,,1,29,,291683,,,1,70,,291693,,,1,30,,291680,,,1,70,,291700,,,1,30,,291679,,,1,70,,291702,,,1,28,,291691,,,1,70,,291675,,,1,30,,291676,,,1
6200,'10',702,,291723,,,1,102,,291710,,,1,28,,291706,,,1,71,,291713,,,1,30,,291707,,,1,67,,291716,,,1,30,,291708,,,1,71,,148624,,,1,30,,291711,,,1,70,,291725,,,1,25,,291703,,,1,75,,122934,,,1,30,,291726,,,1,70,,291718,,,1,31,,221375,,,1,68,,291722,,,1,33,,291717,,,1,71,,291719,,,1,33,,291714,,,1,72,,291720,,,1,30,,158650,,,1,68,,291724,,,1,30,,291721,,,1,63,,291715,,,1,30,,291712,,,1,70,,172995,,,1,32,,192847,,,1,70,,202349,,,1,30,,291705,,,1,23,,60963,,,1,70,,215688,,,1,30,,291709,,,1,67,,210938,,,1,31,,291704,,,1,68,,136871,,,1
6200,'11',728,,291729,,,1,30,,291747,,,1,70,,205037,,,1,30,,80255,,,1,70,,291748,,,1,30,,291732,,,1,72,,291733,,,1,70,,291737,,,1,30,,291744,,,1,70,,167768,,,1,30,,146820,,,1,70,,291735,,,1,30,,291750,,,1,70,,291727,,,1,30,,291734,,,1,70,,291728,,,1,30,,291752,,,1,70,,291741,,,1,30,,291730,,,1,70,,291736,,,1,30,,199228,,,1,70,,291740,,,1,30,,291739,,,1,70,,291745,,,1,30,,291738,,,1,28,,291731,,,1,70,,291749,,,1,30,,291743,,,1,70,,291746,,,1,30,,291751,,,1,70,,291753,,,1,74,,291742,,,1
6200,'12',702,,291774,,,1,102,,291761,,,1,28,,291757,,,1,71,,291764,,,1,30,,291758,,,1,67,,291767,,,1,30,,291759,,,1,71,,148121,,,1,30,,291762,,,1,70,,291776,,,1,25,,291754,,,1,75,,122938,,,1,30,,291777,,,1,70,,291769,,,1,31,,221094,,,1,68,,291773,,,1,33,,291768,,,1,71,,291770,,,1,33,,291765,,,1,72,,291771,,,1,30,,158244,,,1,68,,291775,,,1,30,,291772,,,1,63,,291766,,,1,30,,291763,,,1,70,,172448,,,1,32,,192254,,,1,70,,201565,,,1,30,,291756,,,1,23,,61260,,,1,70,,215080,,,1,30,,291760,,,1,67,,210496,,,1,31,,291755,,,1,68,,136181,,,1
6200,'13',728,,291780,,,1,30,,291798,,,1,70,,205021,,,1,30,,225602,,,1,70,,291799,,,1,30,,291783,,,1,72,,291784,,,1,70,,291788,,,1,30,,291795,,,1,70,,167737,,,1,30,,146794,,,1,70,,291786,,,1,30,,291801,,,1,70,,291778,,,1,30,,291785,,,1,70,,291779,,,1,30,,291803,,,1,70,,291792,,,1,30,,291781,,,1,70,,291787,,,1,30,,199203,,,1,70,,291791,,,1,30,,291790,,,1,70,,291796,,,1,30,,291789,,,1,28,,291782,,,1,70,,291800,,,1,30,,291794,,,1,70,,291797,,,1,30,,291802,,,1,70,,291804,,,1,74,,291793,,,1
6200,'14',702,,291825,,,1,102,,291812,,,1,28,,291808,,,1,71,,291815,,,1,30,,291809,,,1,67,,291818,,,1,30,,291810,,,1,71,,148404,,,1,30,,291813,,,1,70,,291827,,,1,25,,291805,,,1,75,,122940,,,1,30,,291828,,,1,70,,291820,,,1,31,,221255,,,1,68,,291824,,,1,33,,291819,,,1,71,,291821,,,1,33,,291816,,,1,72,,291822,,,1,30,,158476,,,1,68,,291826,,,1,30,,291823,,,1,63,,291817,,,1,30,,291814,,,1,70,,172757,,,1,32,,192588,,,1,70,,202005,,,1,30,,291807,,,1,23,,61411,,,1,70,,215430,,,1,30,,291811,,,1,67,,210747,,,1,31,,291806,,,1,68,,136572,,,1
6200,'15',701,,125952,,,1,29,,291829,,,1,72,,291845,,,1,32,,291844,,,1,69,,291855,,,1,30,,291846,,,1,67,,291847,,,1,30,,196845,,,1,71,,291857,,,1,30,,291858,,,1,70,,291848,,,1,25,,141952,,,1,75,,291853,,,1,30,,291831,,,1,70,,291839,,,1,29,,291835,,,1,70,,291856,,,1,33,,291830,,,1,71,,291838,,,1,32,,291842,,,1,72,,291832,,,1,31,,185623,,,1,68,,291852,,,1,30,,291850,,,1,63,,291837,,,1,30,,291836,,,1,70,,291840,,,1,32,,291834,,,1,70,,291849,,,1,30,,291841,,,1,23,,291851,,,1,70,,291833,,,1,30,,291843,,,1,67,,291854,,,1,31,,209903,,,1,68,,198945,,,1
6200,'16',637,,157485,,,1,76,,291875,,,1,30,,229768,,,1,70,,291860,,,1,30,,233250,,,1,70,,291870,,,1,31,,291867,,,1,70,,291868,,,1,31,,46823,,,1,70,,291859,,,1,30,,12026,,,1,70,,291866,,,1,31,,291865,,,1,70,,291874,,,1,30,,184104,,,1,70,,76385,,,1,30,,291871,,,1,70,,229898,,,1,30,,291864,,,1,70,,166484,,,1,29,,64731,,,1,70,,291876,,,1,30,,291872,,,1,70,,291873,,,1,29,,93065,,,1,70,,130399,,,1,30,,221823,,,1,70,,150898,,,1,30,,291863,,,1,70,,291877,,,1,28,,291869,,,1,70,,291861,,,1,30,,291862,,,1
6200,'17',656,,291882,,,1,78,,291903,,,1,70,,291878,,,1,30,,291889,,,1,69,,291888,,,1,30,,291900,,,1,67,,291906,,,1,30,,213947,,,1,71,,291886,,,1,30,,291904,,,1,70,,151837,,,1,25,,291901,,,1,75,,132055,,,1,30,,291895,,,1,70,,291890,,,1,30,,291907,,,1,71,,291891,,,1,32,,291880,,,1,70,,291905,,,1,32,,291884,,,1,73,,291894,,,1,30,,186107,,,1,68,,291898,,,1,30,,291892,,,1,63,,162657,,,1,30,,291899,,,1,70,,291897,,,1,32,,291879,,,1,70,,291885,,,1,30,,291883,,,1,23,,291893,,,1,70,,291896,,,1,30,,291887,,,1,67,,291881,,,1,31,,291902,,,1,68,,198673,,,1
6200,'18',702,,291928,,,1,102,,291915,,,1,28,,291911,,,1,71,,291918,,,1,30,,291912,,,1,67,,291921,,,1,30,,291913,,,1,71,,148548,,,1,30,,291916,,,1,70,,291930,,,1,25,,291908,,,1,75,,122944,,,1,30,,291931,,,1,70,,291923,,,1,31,,221339,,,1,68,,291927,,,1,33,,291922,,,1,71,,291924,,,1,33,,291919,,,1,72,,291925,,,1,30,,158598,,,1,68,,291929,,,1,30,,291926,,,1,63,,291920,,,1,30,,291917,,,1,70,,172915,,,1,32,,192751,,,1,70,,202245,,,1,30,,291910,,,1,23,,61505,,,1,70,,215622,,,1,30,,291914,,,1,67,,210882,,,1,31,,291909,,,1,68,,136777,,,1
6200,'19',656,,291936,,,1,78,,291957,,,1,70,,291932,,,1,30,,291943,,,1,69,,291942,,,1,30,,291954,,,1,67,,291960,,,1,30,,214100,,,1,71,,291940,,,1,30,,291958,,,1,70,,151986,,,1,25,,291955,,,1,75,,132193,,,1,30,,291949,,,1,70,,291944,,,1,30,,291961,,,1,71,,291945,,,1,32,,291934,,,1,70,,291959,,,1,32,,291938,,,1,73,,291948,,,1,30,,186215,,,1,68,,291952,,,1,30,,291946,,,1,63,,162874,,,1,30,,291953,,,1,70,,291951,,,1,32,,291933,,,1,70,,291939,,,1,30,,291937,,,1,23,,291947,,,1,70,,291950,,,1,30,,291941,,,1,67,,291935,,,1,31,,291956,,,1,68,,198803,,,1
6200,'2',728,,291964,,,1,30,,291982,,,1,70,,291970,,,1,30,,291965,,,1,70,,291984,,,1,30,,291968,,,1,72,,207179,,,1,70,,291973,,,1,30,,291980,,,1,70,,291969,,,1,30,,291989,,,1,70,,136266,,,1,30,,291986,,,1,70,,291962,,,1,30,,291971,,,1,70,,291963,,,1,30,,291988,,,1,70,,291977,,,1,30,,291966,,,1,70,,291972,,,1,30,,291983,,,1,70,,291976,,,1,30,,291975,,,1,70,,291981,,,1,30,,291974,,,1,28,,291967,,,1,70,,291985,,,1,30,,291979,,,1,70,,200590,,,1,30,,291987,,,1,70,,291990,,,1,74,,291978,,,1
6200,'20',656,,291995,,,1,78,,292016,,,1,70,,291991,,,1,30,,292002,,,1,69,,292001,,,1,30,,292013,,,1,67,,292019,,,1,30,,213703,,,1,71,,291999,,,1,30,,292017,,,1,70,,151592,,,1,25,,292014,,,1,75,,70771,,,1,30,,292008,,,1,70,,292003,,,1,30,,292020,,,1,71,,292004,,,1,32,,291993,,,1,70,,292018,,,1,32,,291997,,,1,73,,292007,,,1,30,,185926,,,1,68,,292011,,,1,30,,292005,,,1,63,,162295,,,1,30,,292012,,,1,70,,292010,,,1,32,,291992,,,1,70,,291998,,,1,30,,291996,,,1,23,,292006,,,1,70,,292009,,,1,30,,292000,,,1,67,,291994,,,1,31,,292015,,,1,68,,198470,,,1
6200,'21',702,,292041,,,1,102,,292028,,,1,28,,292024,,,1,71,,292031,,,1,30,,292025,,,1,67,,292034,,,1,30,,292026,,,1,71,,148229,,,1,30,,292029,,,1,70,,292043,,,1,25,,292021,,,1,75,,122948,,,1,30,,292044,,,1,70,,292036,,,1,31,,221146,,,1,68,,292040,,,1,33,,292035,,,1,71,,292037,,,1,33,,292032,,,1,72,,292038,,,1,30,,158327,,,1,68,,292042,,,1,30,,292039,,,1,63,,292033,,,1,30,,292030,,,1,70,,172549,,,1,32,,192375,,,1,70,,201718,,,1,30,,292023,,,1,23,,61599,,,1,70,,215194,,,1,30,,292027,,,1,67,,210577,,,1,31,,292022,,,1,68,,136307,,,1
6200,'22',702,,292065,,,1,102,,292052,,,1,28,,292048,,,1,71,,292055,,,1,30,,292049,,,1,67,,292058,,,1,30,,292050,,,1,71,,11273,,,1,30,,292053,,,1,70,,292067,,,1,25,,292045,,,1,75,,215115,,,1,30,,292068,,,1,70,,292060,,,1,31,,221112,,,1,68,,292064,,,1,33,,292059,,,1,71,,292061,,,1,33,,292056,,,1,72,,292062,,,1,30,,6156,,,1,68,,292066,,,1,30,,292063,,,1,63,,292057,,,1,30,,292054,,,1,70,,172488,,,1,32,,14375,,,1,70,,201615,,,1,30,,292047,,,1,23,,155988,,,1,70,,215114,,,1,30,,292051,,,1,67,,210523,,,1,31,,292046,,,1,68,,136226,,,1
6200,'3',637,,292074,,,1,76,,292094,,,1,30,,292081,,,1,70,,292071,,,1,30,,292080,,,1,70,,292086,,,1,31,,188732,,,1,70,,292084,,,1,31,,292070,,,1,70,,292069,,,1,30,,292083,,,1,70,,126639,,,1,31,,292078,,,1,70,,292091,,,1,30,,292073,,,1,70,,292082,,,1,30,,292088,,,1,70,,292089,,,1,30,,292077,,,1,70,,292092,,,1,29,,292093,,,1,70,,292096,,,1,30,,292090,,,1,70,,195579,,,1,29,,292079,,,1,70,,292087,,,1,30,,292076,,,1,70,,292095,,,1,30,,292075,,,1,70,,292097,,,1,28,,292085,,,1,70,,292072,,,1,30,,216364,,,1
6200,'4',702,,292123,,,1,102,,292113,,,1,28,,292105,,,1,71,,292115,,,1,30,,292106,,,1,67,,50551,,,1,30,,292107,,,1,71,,292124,,,1,30,,292114,,,1,70,,292127,,,1,25,,292098,,,1,75,,292110,,,1,30,,198213,,,1,70,,292119,,,1,31,,292111,,,1,68,,292122,,,1,33,,292118,,,1,71,,292120,,,1,33,,193878,,,1,72,,292121,,,1,30,,292104,,,1,68,,292125,,,1,30,,130146,,,1,63,,292116,,,1,30,,139965,,,1,70,,292099,,,1,32,,292102,,,1,70,,292117,,,1,30,,292103,,,1,23,,292126,,,1,70,,292109,,,1,30,,292108,,,1,67,,292100,,,1,31,,292101,,,1,68,,292112,,,1
6200,'5',728,,292130,,,1,30,,292148,,,1,70,,292136,,,1,30,,292131,,,1,70,,292150,,,1,30,,292134,,,1,72,,41230,,,1,70,,292139,,,1,30,,292146,,,1,70,,292135,,,1,30,,292155,,,1,70,,136132,,,1,30,,292152,,,1,70,,292128,,,1,30,,292137,,,1,70,,292129,,,1,30,,292154,,,1,70,,292143,,,1,30,,292132,,,1,70,,292138,,,1,30,,292149,,,1,70,,292142,,,1,30,,292141,,,1,70,,292147,,,1,30,,292140,,,1,28,,292133,,,1,70,,292151,,,1,30,,292145,,,1,70,,200448,,,1,30,,292153,,,1,70,,292156,,,1,74,,292144,,,1
6200,'6',728,,292159,,,1,30,,292177,,,1,70,,205479,,,1,30,,80013,,,1,70,,292178,,,1,30,,292162,,,1,72,,292163,,,1,70,,292167,,,1,30,,292174,,,1,70,,168319,,,1,30,,147168,,,1,70,,292165,,,1,30,,292180,,,1,70,,292157,,,1,30,,292164,,,1,70,,292158,,,1,30,,292182,,,1,70,,292171,,,1,30,,292160,,,1,70,,292166,,,1,30,,199570,,,1,70,,292170,,,1,30,,292169,,,1,70,,292175,,,1,30,,292168,,,1,28,,292161,,,1,70,,292179,,,1,30,,292173,,,1,70,,292176,,,1,30,,292181,,,1,70,,292183,,,1,74,,292172,,,1
6200,'7',656,,292188,,,1,78,,292209,,,1,70,,292184,,,1,30,,292195,,,1,69,,292194,,,1,30,,292206,,,1,67,,292212,,,1,30,,214343,,,1,71,,292192,,,1,30,,292210,,,1,70,,152249,,,1,25,,292207,,,1,75,,132425,,,1,30,,292201,,,1,70,,292196,,,1,30,,292213,,,1,71,,292197,,,1,32,,292186,,,1,70,,292211,,,1,32,,292190,,,1,73,,292200,,,1,30,,186404,,,1,68,,292204,,,1,30,,292198,,,1,63,,163233,,,1,30,,292205,,,1,70,,292203,,,1,32,,292185,,,1,70,,292191,,,1,30,,292189,,,1,23,,292199,,,1,70,,292202,,,1,30,,292193,,,1,67,,292187,,,1,31,,292208,,,1,68,,199015,,,1
6200,'8',702,,136487,,,1,102,,292228,,,1,28,,292221,,,1,71,,173885,,,1,30,,224921,,,1,67,,292233,,,1,30,,292222,,,1,71,,292238,,,1,30,,292229,,,1,70,,292240,,,1,25,,292214,,,1,75,,292225,,,1,30,,292241,,,1,70,,136478,,,1,31,,292226,,,1,68,,12966,,,1,33,,292234,,,1,71,,292235,,,1,33,,292231,,,1,72,,292236,,,1,30,,292220,,,1,68,,206131,,,1,30,,292237,,,1,63,,193670,,,1,30,,292230,,,1,70,,292215,,,1,32,,292218,,,1,70,,292232,,,1,30,,292219,,,1,23,,292239,,,1,70,,292224,,,1,30,,292223,,,1,67,,292216,,,1,31,,292217,,,1,68,,292227,,,1
6200,'9',656,,292246,,,1,78,,292267,,,1,70,,292242,,,1,30,,292253,,,1,69,,292252,,,1,30,,292264,,,1,67,,292270,,,1,30,,214005,,,1,71,,292250,,,1,30,,292268,,,1,70,,151893,,,1,25,,292265,,,1,75,,132110,,,1,30,,292259,,,1,70,,292254,,,1,30,,292271,,,1,71,,292255,,,1,32,,292244,,,1,70,,292269,,,1,32,,292248,,,1,73,,292258,,,1,30,,186146,,,1,68,,292262,,,1,30,,292256,,,1,63,,162736,,,1,30,,292263,,,1,70,,292261,,,1,32,,292243,,,1,70,,292249,,,1,30,,292247,,,1,23,,292257,,,1,70,,292260,,,1,30,,292251,,,1,67,,292245,,,1,31,,292266,,,1,68,,198727,,,1
16101,'1',709,,331844,0,9 10,1,100,,331839,0,9 10,1,100,,331841,0,9 10,1,100,,331838,0,9 10,1,102,,331850,0,9 10,1,100,,331836,0,9 10,1,102,,331840,0,9 10,1,100,,331847,0,9 10,1,100,,331846,0,9 10,1,100,,133498,0,9 10,1,100,,331849,0,9 10,1,100,,331848,0,9 10,1,98,,331837,0,9 10,1,100,,331835,0,9 10,1,100,,331843,0,9 10,1,98,,331845,0,9 10,1,100,,331842,0,9 10,1
16101,'10',553,,331878,0,9 10,1,66,,219258,0,9 10,1,30,,331862,0,9 10,1,70,,331854,0,9 10,1,30,,331867,0,9 10,1,63,,331876,,,1,7,,331868,0,9 10,1,29,,331858,0,9 10,1,74,,331872,0,9 10,1,29,,331855,0,9 10,1,70,,331875,0,9 10,1,30,,331861,0,9 10,1,70,,331853,0,9 10,1,30,,331864,0,9 10,1,70,,331869,0,9 10,1,30,,331865,0,9 10,1,70,,197690,0,9 10,1,30,,331851,0,9 10,1,70,,331863,0,9 10,1,30,,331857,0,9 10,1,101,,122073,0,9 10,1,74,,331866,0,9 10,1,28,,131591,0,9 10,1,70,,331870,0,9 10,1,30,,331859,0,9 10,1,70,,331879,0,9 10,1,28,,331860,0,9 10,1,70,,331871,0,9 10,1,29,,331874,0,9 10,1,70,,331873,0,9 10,1,30,,331856,0,9 10,1,70,,129250,0,9 10,1,30,,174666,0,9 10,1,70,,331852,0,9 10,1,31,,331877,0,9 10,1
16101,'11',710,,205978,0,9 10,1,100,,137351,0,9 10,1,100,,331893,0,9 10,1,100,,146799,0,9 10,1,102,,331884,0,9 10,1,100,,331891,0,9 10,1,102,,331885,0,9 10,1,100,,331882,0,9 10,1,100,,331889,0,9 10,1,100,,331890,0,9 10,1,100,,331887,0,9 10,1,100,,331880,0,9 10,1,98,,331892,0,9 10,1,100,,331888,0,9 10,1,100,,224388,0,9 10,1,98,,331881,0,9 10,1,100,,331883,0,9 10,1,100,,331886,0,9 10,1
16101,'12',553,,331921,0,9 10,1,66,,218509,0,9 10,1,30,,331905,0,9 10,1,70,,331897,0,9 10,1,30,,331910,0,9 10,1,63,,331919,,,1,7,,331911,0,9 10,1,29,,331901,0,9 10,1,74,,331915,0,9 10,1,29,,331898,0,9 10,1,70,,331918,0,9 10,1,30,,331904,0,9 10,1,70,,331896,0,9 10,1,30,,331907,0,9 10,1,70,,331912,0,9 10,1,30,,331908,0,9 10,1,70,,197059,0,9 10,1,30,,331894,0,9 10,1,70,,331906,0,9 10,1,30,,331900,0,9 10,1,101,,122089,0,9 10,1,74,,331909,0,9 10,1,28,,130764,0,9 10,1,70,,331913,0,9 10,1,30,,331902,0,9 10,1,70,,331922,0,9 10,1,28,,331903,0,9 10,1,70,,331914,0,9 10,1,29,,331917,0,9 10,1,70,,331916,0,9 10,1,30,,331899,0,9 10,1,70,,128381,0,9 10,1,30,,174272,0,9 10,1,70,,331895,0,9 10,1,31,,331920,0,9 10,1
16101,'13',710,,205935,0,9 10,1,100,,137319,0,9 10,1,100,,331936,0,9 10,1,100,,146772,0,9 10,1,102,,331927,0,9 10,1,100,,331934,0,9 10,1,102,,331928,0,9 10,1,100,,331925,0,9 10,1,100,,331932,0,9 10,1,100,,331933,0,9 10,1,100,,331930,0,9 10,1,100,,331923,0,9 10,1,98,,331935,0,9 10,1,100,,331931,0,9 10,1,100,,224366,0,9 10,1,98,,331924,0,9 10,1,100,,331926,0,9 10,1,100,,331929,0,9 10,1
16101,'14',553,,331964,0,9 10,1,66,,218929,0,9 10,1,30,,331948,0,9 10,1,70,,331940,0,9 10,1,30,,331953,0,9 10,1,63,,331962,,,1,7,,331954,0,9 10,1,29,,331944,0,9 10,1,74,,331958,0,9 10,1,29,,331941,0,9 10,1,70,,331961,0,9 10,1,30,,331947,0,9 10,1,70,,331939,0,9 10,1,30,,331950,0,9 10,1,70,,331955,0,9 10,1,30,,331951,0,9 10,1,70,,197412,0,9 10,1,30,,331937,0,9 10,1,70,,331949,0,9 10,1,30,,331943,0,9 10,1,101,,122094,0,9 10,1,74,,331952,0,9 10,1,28,,131239,0,9 10,1,70,,331956,0,9 10,1,30,,331945,0,9 10,1,70,,331965,0,9 10,1,28,,331946,0,9 10,1,70,,331957,0,9 10,1,29,,331960,0,9 10,1,70,,331959,0,9 10,1,30,,331942,0,9 10,1,70,,128882,0,9 10,1,30,,174501,0,9 10,1,70,,331938,0,9 10,1,31,,331963,0,9 10,1
16101,'15',553,,170318,0,9 10,1,96,,331978,0,9 10,1,99,,331975,0,9 10,1,100,,331967,0,9 10,1,103,,331977,0,9 10,1,100,,331980,0,9 10,1,100,,331973,0,9 10,1,100,,331969,0,9 10,1,100,,331972,0,9 10,1,100,,331971,0,9 10,1,102,,331979,0,9 10,1,100,,331974,0,9 10,1,103,,331970,0,9 10,1,96,,331976,0,9 10,1,99,,197769,0,9 10,1,100,,331968,0,9 10,1,100,,331966,0,9 10,1,101,,331981,0,9 10,1
16101,'16',709,,331989,0,9 10,1,100,,331985,0,9 10,1,100,,163047,0,9 10,1,100,,331984,0,9 10,1,102,,331990,0,9 10,1,100,,195726,0,9 10,1,102,,331987,0,9 10,1,100,,209816,0,9 10,1,100,,217338,0,9 10,1,100,,331986,0,9 10,1,100,,17934,0,9 10,1,100,,89993,0,9 10,1,98,,331983,0,9 10,1,100,,331982,0,9 10,1,100,,163999,0,9 10,1,98,,205361,0,9 10,1,100,,331988,0,9 10,1
16101,'17',553,,331993,0,9 10,1,66,,332013,0,9 10,1,30,,332002,0,9 10,1,70,,137372,0,9 10,1,30,,173232,0,9 10,1,68,,332003,0,9 10,1,31,,332009,0,9 10,1,74,,332015,0,9 10,1,29,,332005,0,9 10,1,70,,332007,0,9 10,1,30,,202823,0,9 10,1,70,,332012,0,9 10,1,30,,332006,0,9 10,1,70,,171901,0,9 10,1,30,,202816,0,9 10,1,70,,332000,0,9 10,1,30,,331998,0,9 10,1,70,,332010,0,9 10,1,30,,331997,0,9 10,1,70,,332011,0,9 10,1,33,,332004,0,9 10,1,70,,331996,0,9 10,1,29,,332001,0,9 10,1,71,,157833,0,9 10,1,30,,331992,0,9 10,1,71,,331991,0,9 10,1,27,,331995,0,9 10,1,70,,331999,0,9 10,1,29,,332014,0,9 10,1,70,,145645,0,9 10,1,30,,161406,0,9 10,1,70,,200322,0,9 10,1,30,,332008,0,9 10,1,70,,144437,0,9 10,1,31,,331994,0,9 10,1
16101,'18',553,,332043,0,9 10,1,66,,219140,0,9 10,1,30,,332027,0,9 10,1,70,,332019,0,9 10,1,30,,332032,0,9 10,1,63,,332041,,,1,7,,332033,0,9 10,1,29,,332023,0,9 10,1,74,,332037,0,9 10,1,29,,332020,0,9 10,1,70,,332040,0,9 10,1,30,,332026,0,9 10,1,70,,332018,0,9 10,1,30,,332029,0,9 10,1,70,,332034,0,9 10,1,30,,332030,0,9 10,1,70,,197584,0,9 10,1,30,,332016,0,9 10,1,70,,332028,0,9 10,1,30,,332022,0,9 10,1,101,,122104,0,9 10,1,74,,332031,0,9 10,1,28,,131499,0,9 10,1,70,,332035,0,9 10,1,30,,332024,0,9 10,1,70,,332044,0,9 10,1,28,,332025,0,9 10,1,70,,332036,0,9 10,1,29,,332039,0,9 10,1,70,,332038,0,9 10,1,30,,332021,0,9 10,1,70,,129150,0,9 10,1,30,,174618,0,9 10,1,70,,332017,0,9 10,1,31,,332042,0,9 10,1
16101,'19',553,,332047,0,9 10,1,66,,332067,0,9 10,1,30,,332056,0,9 10,1,70,,137595,0,9 10,1,30,,173282,0,9 10,1,68,,332057,0,9 10,1,31,,332063,0,9 10,1,74,,332069,0,9 10,1,29,,332059,0,9 10,1,70,,332061,0,9 10,1,30,,203001,0,9 10,1,70,,332066,0,9 10,1,30,,332060,0,9 10,1,70,,172068,0,9 10,1,30,,202994,0,9 10,1,70,,332054,0,9 10,1,30,,332052,0,9 10,1,70,,332064,0,9 10,1,30,,332051,0,9 10,1,70,,332065,0,9 10,1,33,,332058,0,9 10,1,70,,332050,0,9 10,1,29,,332055,0,9 10,1,71,,157959,0,9 10,1,30,,332046,0,9 10,1,71,,332045,0,9 10,1,27,,332049,0,9 10,1,70,,332053,0,9 10,1,29,,332068,0,9 10,1,70,,145775,0,9 10,1,30,,161730,0,9 10,1,70,,200335,0,9 10,1,30,,332062,0,9 10,1,70,,144577,0,9 10,1,31,,332048,0,9 10,1
16101,'2',710,,332071,0,9 10,1,100,,332084,0,9 10,1,100,,205857,0,9 10,1,100,,332077,0,9 10,1,102,,332076,0,9 10,1,100,,332083,0,9 10,1,102,,332078,0,9 10,1,100,,332073,0,9 10,1,100,,332081,0,9 10,1,100,,332082,0,9 10,1,100,,332080,0,9 10,1,100,,332070,0,9 10,1,98,,114930,0,9 10,1,100,,143725,0,9 10,1,100,,332074,0,9 10,1,98,,332072,0,9 10,1,100,,332075,0,9 10,1,100,,332079,0,9 10,1
16101,'20',553,,332087,0,9 10,1,66,,332107,0,9 10,1,30,,332096,0,9 10,1,70,,63519,0,9 10,1,30,,173150,0,9 10,1,68,,332097,0,9 10,1,31,,332103,0,9 10,1,74,,332109,0,9 10,1,29,,332099,0,9 10,1,70,,332101,0,9 10,1,30,,202560,0,9 10,1,70,,332106,0,9 10,1,30,,332100,0,9 10,1,70,,44420,0,9 10,1,30,,1241,0,9 10,1,70,,332094,0,9 10,1,30,,332092,0,9 10,1,70,,332104,0,9 10,1,30,,332091,0,9 10,1,70,,332105,0,9 10,1,33,,332098,0,9 10,1,70,,332090,0,9 10,1,29,,332095,0,9 10,1,71,,157633,0,9 10,1,30,,332086,0,9 10,1,71,,332085,0,9 10,1,27,,332089,0,9 10,1,70,,332093,0,9 10,1,29,,332108,0,9 10,1,70,,44427,0,9 10,1,30,,160886,0,9 10,1,70,,200303,0,9 10,1,30,,332102,0,9 10,1,70,,30248,0,9 10,1,31,,332088,0,9 10,1
16101,'21',553,,332137,0,9 10,1,66,,218649,0,9 10,1,30,,332121,0,9 10,1,70,,332113,0,9 10,1,30,,332126,0,9 10,1,63,,332135,,,1,7,,332127,0,9 10,1,29,,332117,0,9 10,1,74,,332131,0,9 10,1,29,,332114,0,9 10,1,70,,332134,0,9 10,1,30,,332120,0,9 10,1,70,,332112,0,9 10,1,30,,332123,0,9 10,1,70,,332128,0,9 10,1,30,,332124,0,9 10,1,70,,197182,0,9 10,1,30,,332110,0,9 10,1,70,,332122,0,9 10,1,30,,332116,0,9 10,1,101,,122114,0,9 10,1,74,,332125,0,9 10,1,28,,130919,0,9 10,1,70,,332129,0,9 10,1,30,,332118,0,9 10,1,70,,332138,0,9 10,1,28,,332119,0,9 10,1,70,,332130,0,9 10,1,29,,332133,0,9 10,1,70,,332132,0,9 10,1,30,,332115,0,9 10,1,70,,128548,0,9 10,1,30,,174350,0,9 10,1,70,,332111,0,9 10,1,31,,332136,0,9 10,1
16101,'22',553,,332166,0,9 10,1,66,,218568,0,9 10,1,30,,332150,0,9 10,1,70,,332142,0,9 10,1,30,,332155,0,9 10,1,63,,332164,,,1,7,,332156,0,9 10,1,29,,332146,0,9 10,1,74,,332160,0,9 10,1,29,,332143,0,9 10,1,70,,332163,0,9 10,1,30,,332149,0,9 10,1,70,,332141,0,9 10,1,30,,332152,0,9 10,1,70,,332157,0,9 10,1,30,,332153,0,9 10,1,70,,68212,0,9 10,1,30,,332139,0,9 10,1,70,,332151,0,9 10,1,30,,332145,0,9 10,1,101,,132538,0,9 10,1,74,,332154,0,9 10,1,28,,130811,0,9 10,1,70,,332158,0,9 10,1,30,,332147,0,9 10,1,70,,332167,0,9 10,1,28,,332148,0,9 10,1,70,,332159,0,9 10,1,29,,332162,0,9 10,1,70,,332161,0,9 10,1,30,,332144,0,9 10,1,70,,11243,0,9 10,1,30,,59160,0,9 10,1,70,,332140,0,9 10,1,31,,332165,0,9 10,1
16101,'3',709,,332176,0,9 10,1,100,,332171,0,9 10,1,100,,332174,0,9 10,1,100,,189615,0,9 10,1,102,,332182,0,9 10,1,100,,332169,0,9 10,1,102,,332173,0,9 10,1,100,,332179,0,9 10,1,100,,332178,0,9 10,1,100,,332172,0,9 10,1,100,,332181,0,9 10,1,100,,332180,0,9 10,1,98,,332170,0,9 10,1,100,,332168,0,9 10,1,100,,332175,0,9 10,1,98,,332177,0,9 10,1,100,,137647,0,9 10,1
16101,'4',553,,332213,0,9 10,1,66,,332186,0,9 10,1,30,,197466,0,9 10,1,70,,332187,0,9 10,1,30,,214057,0,9 10,1,63,,231711,,,1,7,,332204,0,9 10,1,29,,332192,0,9 10,1,74,,332208,0,9 10,1,29,,332188,0,9 10,1,70,,332211,0,9 10,1,30,,332196,0,9 10,1,70,,332185,0,9 10,1,30,,332199,0,9 10,1,70,,332205,0,9 10,1,30,,332202,0,9 10,1,70,,332191,0,9 10,1,30,,332183,0,9 10,1,70,,332197,0,9 10,1,30,,332190,0,9 10,1,101,,332200,0,9 10,1,74,,332203,0,9 10,1,28,,332193,0,9 10,1,70,,332206,0,9 10,1,30,,332194,0,9 10,1,70,,198782,0,9 10,1,28,,332195,0,9 10,1,70,,332207,0,9 10,1,29,,332210,0,9 10,1,70,,332209,0,9 10,1,30,,332189,0,9 10,1,70,,332201,0,9 10,1,30,,332198,0,9 10,1,70,,332184,0,9 10,1,31,,332212,0,9 10,1
16101,'5',710,,332215,0,9 10,1,100,,332228,0,9 10,1,100,,205664,0,9 10,1,100,,332221,0,9 10,1,102,,332220,0,9 10,1,100,,332227,0,9 10,1,102,,332222,0,9 10,1,100,,332217,0,9 10,1,100,,332225,0,9 10,1,100,,332226,0,9 10,1,100,,332224,0,9 10,1,100,,332214,0,9 10,1,98,,126122,0,9 10,1,100,,143641,0,9 10,1,100,,332218,0,9 10,1,98,,332216,0,9 10,1,100,,332219,0,9 10,1,100,,332223,0,9 10,1
16101,'6',710,,206793,0,9 10,1,100,,137904,0,9 10,1,100,,332242,0,9 10,1,100,,147147,0,9 10,1,102,,332233,0,9 10,1,100,,332240,0,9 10,1,102,,332234,0,9 10,1,100,,332231,0,9 10,1,100,,332238,0,9 10,1,100,,332239,0,9 10,1,100,,332236,0,9 10,1,100,,332229,0,9 10,1,98,,332241,0,9 10,1,100,,332237,0,9 10,1,100,,224672,0,9 10,1,98,,332230,0,9 10,1,100,,332232,0,9 10,1,100,,332235,0,9 10,1
16101,'7',553,,332245,0,9 10,1,66,,332265,0,9 10,1,30,,332254,0,9 10,1,70,,137930,0,9 10,1,30,,173367,0,9 10,1,68,,332255,0,9 10,1,31,,332261,0,9 10,1,74,,332267,0,9 10,1,29,,332257,0,9 10,1,70,,332259,0,9 10,1,30,,24505,0,9 10,1,70,,332264,0,9 10,1,30,,332258,0,9 10,1,70,,172332,0,9 10,1,30,,203278,0,9 10,1,70,,332252,0,9 10,1,30,,332250,0,9 10,1,70,,332262,0,9 10,1,30,,332249,0,9 10,1,70,,332263,0,9 10,1,33,,332256,0,9 10,1,70,,332248,0,9 10,1,29,,332253,0,9 10,1,71,,158172,0,9 10,1,30,,332244,0,9 10,1,71,,332243,0,9 10,1,27,,332247,0,9 10,1,70,,332251,0,9 10,1,29,,332266,0,9 10,1,70,,145986,0,9 10,1,30,,74152,0,9 10,1,70,,200360,0,9 10,1,30,,332260,0,9 10,1,70,,144792,0,9 10,1,31,,332246,0,9 10,1
16101,'8',553,,215374,0,9 10,1,66,,332271,0,9 10,1,30,,332282,0,9 10,1,70,,332272,0,9 10,1,30,,332290,0,9 10,1,63,,332299,,,1,7,,332291,0,9 10,1,29,,332277,0,9 10,1,74,,332295,0,9 10,1,29,,332273,0,9 10,1,70,,332298,0,9 10,1,30,,332281,0,9 10,1,70,,332270,0,9 10,1,30,,332285,0,9 10,1,70,,332292,0,9 10,1,30,,332288,0,9 10,1,70,,332276,0,9 10,1,30,,332268,0,9 10,1,70,,332283,0,9 10,1,30,,332275,0,9 10,1,101,,332286,0,9 10,1,74,,332289,0,9 10,1,28,,332278,0,9 10,1,70,,332293,0,9 10,1,30,,332279,0,9 10,1,70,,332301,0,9 10,1,28,,332280,0,9 10,1,70,,332294,0,9 10,1,29,,332297,0,9 10,1,70,,332296,0,9 10,1,30,,332274,0,9 10,1,70,,332287,0,9 10,1,30,,332284,0,9 10,1,70,,332269,0,9 10,1,31,,332300,0,9 10,1
16101,'9',553,,332304,0,9 10,1,66,,332324,0,9 10,1,30,,332313,0,9 10,1,70,,137461,0,9 10,1,30,,173251,0,9 10,1,68,,332314,0,9 10,1,31,,332320,0,9 10,1,74,,332326,0,9 10,1,29,,332316,0,9 10,1,70,,332318,0,9 10,1,30,,202892,0,9 10,1,70,,332323,0,9 10,1,30,,332317,0,9 10,1,70,,171967,0,9 10,1,30,,202885,0,9 10,1,70,,332311,0,9 10,1,30,,332309,0,9 10,1,70,,332321,0,9 10,1,30,,332308,0,9 10,1,70,,332322,0,9 10,1,33,,332315,0,9 10,1,70,,332307,0,9 10,1,29,,332312,0,9 10,1,71,,157884,0,9 10,1,30,,332303,0,9 10,1,71,,332302,0,9 10,1,27,,332306,0,9 10,1,70,,332310,0,9 10,1,29,,332325,0,9 10,1,70,,145696,0,9 10,1,30,,161535,0,9 10,1,70,,200326,0,9 10,1,30,,332319,0,9 10,1,70,,144495,0,9 10,1,31,,332305,0,9 10,1
16800,'1',636,,334750,,,1,100,,334746,,,1,70,,334755,,,1,30,,334732,,,1,70,,334754,,,1,30,,334729,,,1,70,,334739,,,1,30,,334738,,,1,70,,334735,,,1,30,,334737,,,1,70,,334734,,,1,30,,334740,,,1,70,,334751,,,1,30,,334744,,,1,70,,334733,,,1,30,,334757,,,1,70,,179695,,,1,30,,334756,,,1,70,,334743,,,1,30,,166,,,1,70,,334731,,,1,30,,334741,,,1,70,,334753,,,1,30,,127877,,,1,70,,334747,,,1,30,,334749,,,1,70,,334752,,,1,30,,334748,,,1,70,,334745,,,1,30,,334736,,,1,100,,334730,,,1,120,,334742,,,1
16800,'10',529,,334784,,,1,75,,334787,,,1,26,,334778,,,1,70,,334769,,,1,31,,182827,,,1,70,,334765,,,1,30,,334758,,,1,70,,334770,,,1,29,,334788,,,1,70,,334767,,,1,30,,334777,,,1,70,,334764,,,1,30,,334774,,,1,70,,334771,,,1,30,,334772,,,1,70,,334763,,,1,30,,334785,,,1,71,,334768,,,1,30,,334783,,,1,70,,334761,,,1,32,,334773,,,1,68,,334786,,,1,30,,209836,,,1,70,,334759,,,1,30,,334776,,,1,70,,173008,,,1,30,,334780,,,1,70,,334775,,,1,29,,5,,,1,70,,334782,,,1,30,,334766,,,1,70,,334779,,,1,30,,334760,,,1,100,,334781,,,1,113,,334762,,,1
16800,'11',634,,334810,,,1,100,,334799,,,1,100,,334808,,,1,70,,334798,,,1,30,,334792,,,1,70,,334797,,,1,30,,334809,,,1,70,,334793,,,1,30,,334813,,,1,70,,334802,,,1,30,,334795,,,1,70,,334806,,,1,30,,9256,,,1,70,,334790,,,1,30,,334812,,,1,70,,334794,,,1,30,,334807,,,1,70,,334803,,,1,30,,334800,,,1,70,,334804,,,1,30,,182393,,,1,70,,334811,,,1,30,,334796,,,1,100,,148273,,,1,100,,334791,,,1,100,,334789,,,1,100,,334805,,,1,113,,334801,,,1
16800,'12',529,,334840,,,1,75,,334843,,,1,26,,334834,,,1,70,,334825,,,1,31,,182206,,,1,70,,334821,,,1,30,,334814,,,1,70,,334826,,,1,29,,334844,,,1,70,,334823,,,1,30,,334833,,,1,70,,334820,,,1,30,,334830,,,1,70,,334827,,,1,30,,334828,,,1,70,,334819,,,1,30,,334841,,,1,71,,334824,,,1,30,,334839,,,1,70,,334817,,,1,32,,334829,,,1,68,,334842,,,1,30,,209177,,,1,70,,334815,,,1,30,,334832,,,1,70,,172461,,,1,30,,334836,,,1,70,,334831,,,1,29,,363,,,1,70,,334838,,,1,30,,334822,,,1,70,,334835,,,1,30,,334816,,,1,100,,334837,,,1,113,,334818,,,1
16800,'13',634,,334866,,,1,100,,334855,,,1,100,,334864,,,1,70,,334854,,,1,30,,334848,,,1,70,,334853,,,1,30,,334865,,,1,70,,334849,,,1,30,,334869,,,1,70,,334858,,,1,30,,334851,,,1,70,,334862,,,1,30,,173798,,,1,70,,334846,,,1,30,,334868,,,1,70,,334850,,,1,30,,334863,,,1,70,,334859,,,1,30,,334856,,,1,70,,334860,,,1,30,,182353,,,1,70,,334867,,,1,30,,334852,,,1,100,,148250,,,1,100,,334847,,,1,100,,334845,,,1,100,,334861,,,1,113,,334857,,,1
16800,'14',529,,334896,,,1,75,,334899,,,1,26,,334890,,,1,70,,334881,,,1,31,,182558,,,1,70,,334877,,,1,30,,334870,,,1,70,,334882,,,1,29,,334900,,,1,70,,334879,,,1,30,,334889,,,1,70,,334876,,,1,30,,334886,,,1,70,,334883,,,1,30,,334884,,,1,70,,334875,,,1,30,,334897,,,1,71,,334880,,,1,30,,334895,,,1,70,,334873,,,1,32,,334885,,,1,68,,334898,,,1,30,,209551,,,1,70,,334871,,,1,30,,334888,,,1,70,,172770,,,1,30,,334892,,,1,70,,334887,,,1,29,,563,,,1,70,,334894,,,1,30,,334878,,,1,70,,334891,,,1,30,,334872,,,1,100,,334893,,,1,113,,334874,,,1
16800,'15',529,,202418,,,1,101,,334904,,,1,101,,334913,,,1,100,,334907,,,1,99,,334911,,,1,100,,334914,,,1,100,,334910,,,1,100,,165982,,,1,100,,334915,,,1,101,,334901,,,1,100,,334916,,,1,100,,334908,,,1,100,,334909,,,1,100,,334912,,,1,99,,334903,,,1,100,,334905,,,1,100,,334906,,,1,100,,334917,,,1,113,,334902,,,1
16800,'16',636,,334934,,,1,100,,334929,,,1,70,,334939,,,1,30,,3143,,,1,70,,139004,,,1,30,,44974,,,1,70,,334923,,,1,30,,216941,,,1,70,,334920,,,1,30,,334922,,,1,70,,180618,,,1,30,,334924,,,1,70,,334936,,,1,30,,334927,,,1,70,,334919,,,1,30,,152735,,,1,70,,334935,,,1,30,,334940,,,1,70,,196753,,,1,30,,334932,,,1,70,,182768,,,1,30,,334925,,,1,70,,227456,,,1,30,,334938,,,1,70,,334930,,,1,30,,334933,,,1,70,,334937,,,1,30,,334931,,,1,70,,334928,,,1,30,,334921,,,1,100,,334918,,,1,120,,334926,,,1
16800,'17',529,,334951,,,1,75,,170843,,,1,26,,334962,,,1,70,,334949,,,1,31,,334959,,,1,70,,196428,,,1,30,,334967,,,1,70,,334969,,,1,29,,334941,,,1,70,,334955,,,1,30,,216172,,,1,70,,334952,,,1,30,,334957,,,1,70,,334946,,,1,30,,334964,,,1,70,,334954,,,1,30,,334953,,,1,71,,334965,,,1,30,,131111,,,1,70,,334968,,,1,30,,334945,,,1,70,,334948,,,1,30,,207363,,,1,70,,334947,,,1,30,,74668,,,1,70,,334943,,,1,30,,334942,,,1,70,,334966,,,1,29,,334963,,,1,70,,334944,,,1,30,,334956,,,1,70,,334958,,,1,30,,334960,,,1,100,,334950,,,1,113,,334961,,,1
16800,'18',529,,334996,,,1,75,,334999,,,1,26,,334990,,,1,70,,334981,,,1,31,,182749,,,1,70,,334977,,,1,30,,334970,,,1,70,,334982,,,1,29,,335000,,,1,70,,334979,,,1,30,,334989,,,1,70,,334976,,,1,30,,334986,,,1,70,,334983,,,1,30,,334984,,,1,70,,334975,,,1,30,,334997,,,1,71,,334980,,,1,30,,334995,,,1,70,,334973,,,1,32,,334985,,,1,68,,334998,,,1,30,,209734,,,1,70,,334971,,,1,30,,334988,,,1,70,,172928,,,1,30,,334992,,,1,70,,334987,,,1,29,,683,,,1,70,,334994,,,1,30,,334978,,,1,70,,334991,,,1,30,,334972,,,1,100,,334993,,,1,113,,334974,,,1
16800,'19',529,,335011,,,1,75,,171084,,,1,26,,335022,,,1,70,,335009,,,1,31,,335019,,,1,70,,196624,,,1,30,,335027,,,1,70,,335029,,,1,29,,335001,,,1,70,,335015,,,1,30,,216347,,,1,70,,335012,,,1,30,,335017,,,1,70,,335006,,,1,30,,335024,,,1,70,,335014,,,1,30,,335013,,,1,71,,335025,,,1,30,,131370,,,1,70,,335028,,,1,30,,335005,,,1,70,,335008,,,1,30,,207638,,,1,70,,335007,,,1,30,,74619,,,1,70,,335003,,,1,30,,335002,,,1,70,,335026,,,1,29,,335023,,,1,70,,335004,,,1,30,,335016,,,1,70,,335018,,,1,30,,335020,,,1,100,,335010,,,1,113,,335021,,,1
16800,'2',634,,335050,,,1,100,,335040,,,1,100,,335048,,,1,70,,335039,,,1,30,,335035,,,1,70,,335038,,,1,30,,93649,,,1,70,,130870,,,1,30,,335053,,,1,70,,335043,,,1,30,,225258,,,1,70,,159650,,,1,30,,335034,,,1,70,,335032,,,1,30,,335052,,,1,70,,335036,,,1,30,,335047,,,1,70,,335044,,,1,30,,335041,,,1,70,,335045,,,1,30,,335031,,,1,70,,335051,,,1,30,,335037,,,1,100,,335049,,,1,100,,335033,,,1,100,,335030,,,1,100,,335046,,,1,113,,335042,,,1
16800,'20',529,,335064,,,1,75,,105900,,,1,26,,335075,,,1,70,,335062,,,1,31,,335072,,,1,70,,196133,,,1,30,,335080,,,1,70,,335082,,,1,29,,335054,,,1,70,,335068,,,1,30,,215872,,,1,70,,335065,,,1,30,,335070,,,1,70,,335059,,,1,30,,335077,,,1,70,,335067,,,1,30,,335066,,,1,71,,335078,,,1,30,,130680,,,1,70,,335081,,,1,30,,335058,,,1,70,,335061,,,1,30,,206917,,,1,70,,335060,,,1,30,,230386,,,1,70,,335056,,,1,30,,335055,,,1,70,,335079,,,1,29,,335076,,,1,70,,335057,,,1,30,,335069,,,1,70,,335071,,,1,30,,335073,,,1,100,,335063,,,1,113,,335074,,,1
16800,'21',529,,335109,,,1,75,,335112,,,1,26,,335103,,,1,70,,335094,,,1,31,,182323,,,1,70,,335090,,,1,30,,335083,,,1,70,,335095,,,1,29,,335113,,,1,70,,335092,,,1,30,,335102,,,1,70,,335089,,,1,30,,335099,,,1,70,,335096,,,1,30,,335097,,,1,70,,335088,,,1,30,,335110,,,1,71,,335093,,,1,30,,335108,,,1,70,,335086,,,1,32,,335098,,,1,68,,335111,,,1,30,,209299,,,1,70,,335084,,,1,30,,335101,,,1,70,,172562,,,1,30,,335105,,,1,70,,335100,,,1,29,,803,,,1,70,,335107,,,1,30,,335091,,,1,70,,335104,,,1,30,,335085,,,1,100,,335106,,,1,113,,335087,,,1
16800,'22',529,,335140,,,1,75,,335143,,,1,26,,335134,,,1,70,,335125,,,1,31,,182250,,,1,70,,335121,,,1,30,,335114,,,1,70,,335126,,,1,29,,335144,,,1,70,,335123,,,1,30,,335133,,,1,70,,335120,,,1,30,,335130,,,1,70,,335127,,,1,30,,335128,,,1,70,,335119,,,1,30,,335141,,,1,71,,335124,,,1,30,,335139,,,1,70,,335117,,,1,32,,335129,,,1,68,,335142,,,1,30,,79237,,,1,70,,335115,,,1,30,,335132,,,1,70,,27831,,,1,30,,335136,,,1,70,,335131,,,1,29,,184354,,,1,70,,335138,,,1,30,,335122,,,1,70,,335135,,,1,30,,335116,,,1,100,,335137,,,1,113,,335118,,,1
16800,'3',636,,335161,,,1,100,,162915,,,1,70,,149352,,,1,30,,335148,,,1,70,,335166,,,1,30,,335145,,,1,70,,131409,,,1,30,,335153,,,1,70,,335151,,,1,30,,335152,,,1,70,,335150,,,1,30,,227374,,,1,70,,335163,,,1,30,,226799,,,1,70,,335149,,,1,30,,335167,,,1,70,,335162,,,1,30,,5574,,,1,70,,335155,,,1,30,,335159,,,1,70,,335147,,,1,30,,168081,,,1,70,,335165,,,1,30,,335164,,,1,70,,335157,,,1,30,,335160,,,1,70,,176825,,,1,30,,335158,,,1,70,,335156,,,1,30,,129034,,,1,100,,335146,,,1,120,,335154,,,1
16800,'4',529,,335196,,,1,75,,335199,,,1,26,,335190,,,1,70,,335181,,,1,31,,335186,,,1,70,,57640,,,1,30,,335168,,,1,70,,335182,,,1,29,,335200,,,1,70,,335179,,,1,30,,335189,,,1,70,,335176,,,1,30,,335185,,,1,70,,335183,,,1,30,,335184,,,1,70,,335173,,,1,30,,335197,,,1,71,,335180,,,1,30,,335195,,,1,70,,335171,,,1,32,,144554,,,1,68,,335198,,,1,30,,335175,,,1,70,,335169,,,1,30,,335188,,,1,70,,335177,,,1,30,,335192,,,1,70,,335187,,,1,29,,335174,,,1,70,,335194,,,1,30,,335178,,,1,70,,335191,,,1,30,,335170,,,1,100,,335193,,,1,113,,335172,,,1
16800,'5',634,,335221,,,1,100,,335211,,,1,100,,335219,,,1,70,,335210,,,1,30,,335206,,,1,70,,335209,,,1,30,,212840,,,1,70,,130718,,,1,30,,335224,,,1,70,,335214,,,1,30,,225211,,,1,70,,159454,,,1,30,,335205,,,1,70,,335203,,,1,30,,335223,,,1,70,,335207,,,1,30,,335218,,,1,70,,335215,,,1,30,,335212,,,1,70,,335216,,,1,30,,335202,,,1,70,,335222,,,1,30,,335208,,,1,100,,335220,,,1,100,,335204,,,1,100,,335201,,,1,100,,335217,,,1,113,,335213,,,1
16800,'6',634,,335246,,,1,100,,335235,,,1,100,,335244,,,1,70,,335234,,,1,30,,335228,,,1,70,,335233,,,1,30,,335245,,,1,70,,335229,,,1,30,,335249,,,1,70,,335238,,,1,30,,335231,,,1,70,,335242,,,1,30,,9167,,,1,70,,335226,,,1,30,,335248,,,1,70,,335230,,,1,30,,335243,,,1,70,,335239,,,1,30,,335236,,,1,70,,335240,,,1,30,,182910,,,1,70,,335247,,,1,30,,335232,,,1,100,,148663,,,1,100,,335227,,,1,100,,335225,,,1,100,,335241,,,1,113,,335237,,,1
16800,'7',529,,335260,,,1,75,,171478,,,1,26,,335271,,,1,70,,335258,,,1,31,,335268,,,1,70,,196950,,,1,30,,335276,,,1,70,,335278,,,1,29,,335250,,,1,70,,335264,,,1,30,,216661,,,1,70,,335261,,,1,30,,335266,,,1,70,,335255,,,1,30,,335273,,,1,70,,335263,,,1,30,,335262,,,1,71,,335274,,,1,30,,131791,,,1,70,,335277,,,1,30,,335254,,,1,70,,335257,,,1,30,,208106,,,1,70,,335256,,,1,30,,230430,,,1,70,,335252,,,1,30,,335251,,,1,70,,335275,,,1,29,,335272,,,1,70,,335253,,,1,30,,335265,,,1,70,,335267,,,1,30,,335269,,,1,100,,335259,,,1,113,,335270,,,1
16800,'8',529,,335303,,,1,75,,335306,,,1,26,,335297,,,1,70,,154449,,,1,31,,335294,,,1,70,,335287,,,1,30,,192506,,,1,70,,141485,,,1,29,,335307,,,1,70,,335289,,,1,30,,335296,,,1,70,,153841,,,1,30,,335293,,,1,70,,335291,,,1,30,,72584,,,1,70,,335283,,,1,30,,335304,,,1,71,,335290,,,1,30,,335302,,,1,70,,335281,,,1,32,,335292,,,1,68,,335305,,,1,30,,335285,,,1,70,,335279,,,1,30,,159986,,,1,70,,335286,,,1,30,,335299,,,1,70,,335295,,,1,29,,335284,,,1,70,,335301,,,1,30,,335288,,,1,70,,335298,,,1,30,,335280,,,1,100,,335300,,,1,113,,335282,,,1
16800,'9',529,,335318,,,1,75,,170938,,,1,26,,335329,,,1,70,,335316,,,1,31,,335326,,,1,70,,196506,,,1,30,,335334,,,1,70,,335336,,,1,29,,335308,,,1,70,,335322,,,1,30,,216243,,,1,70,,335319,,,1,30,,335324,,,1,70,,335313,,,1,30,,335331,,,1,70,,335321,,,1,30,,335320,,,1,71,,335332,,,1,30,,131215,,,1,70,,335335,,,1,30,,335312,,,1,70,,335315,,,1,30,,207473,,,1,70,,335314,,,1,30,,74158,,,1,70,,335310,,,1,30,,335309,,,1,70,,335333,,,1,29,,335330,,,1,70,,335311,,,1,30,,335323,,,1,70,,335325,,,1,30,,335327,,,1,100,,335317,,,1,113,,335328,,,1
68800,'10',709,,342670,,,1
68800,'12',709,,342672,,,1
68800,'14',709,,342674,,,1
68800,'18',709,,342676,,,1
68800,'21',709,,342678,,,1
68800,'22',709,,342680,,,1
68800,'4',709,,342681,,,1
68800,'8',709,,342683,,,1
