8100,'1',810,,266710,71,,,1,30,,266707,71,,,1,70,,266717,71,,,1,30,,266702,71,,,1,70,,266696,71,,,1,30,,266703,71,,,1,72,,266705,71,,,1,30,,266709,71,,,1,70,,266698,71,,,1,30,,266720,71,,,1,72,,266711,71,,,1,30,,196945,71,,,1,70,,266712,71,,,1,30,,266715,71,,,1,70,,266713,71,,,1,30,,266697,71,,,1,70,,148577,71,,,1,30,,266716,71,,,1,70,,266701,71,,,1,30,,266719,71,,,1,70,,266699,71,,,1,30,,266714,71,,,1,68,,266704,71,,,1,30,,266706,71,,,1,70,,266708,71,,,1,100,,266721,71,,,1,98,,266718,71,,,1,100,,182064,71,,,1,100,,266700,71,,,1
8100,'10',810,,266736,71,,,1,30,,266733,71,,,1,70,,266743,71,,,1,30,,266728,71,,,1,70,,266722,71,,,1,30,,266729,71,,,1,72,,266731,71,,,1,30,,125538,71,,,1,70,,266724,71,,,1,30,,266747,71,,,1,72,,266737,71,,,1,30,,266749,71,,,1,70,,266738,71,,,1,30,,266741,71,,,1,70,,266739,71,,,1,30,,266723,71,,,1,70,,266735,71,,,1,30,,266742,71,,,1,70,,266727,71,,,1,30,,266746,71,,,1,70,,266725,71,,,1,30,,266740,71,,,1,68,,266730,71,,,1,30,,266732,71,,,1,70,,266734,71,,,1,100,,266748,71,,,1,98,,266745,71,,,1,100,,266744,71,,,1,100,,266726,71,,,1
8100,'11',807,,266755,71,,,1,30,,266766,71,,,1,70,,266751,71,,,1,30,,266758,71,,,1,70,,266752,71,,,1,30,,266763,71,,,1,72,,266764,71,,,1,30,,194666,71,,,1,70,,266759,71,,,1,30,,266765,71,,,1,72,,266756,71,,,1,30,,172660,71,,,1,70,,266767,71,,,1,30,,130804,71,,,1,70,,266769,71,,,1,30,,266760,71,,,1,70,,266757,71,,,1,30,,266750,71,,,1,70,,266761,71,,,1,30,,266754,71,,,1,70,,266772,71,,,1,30,,266770,71,,,1,68,,266753,71,,,1,100,,266768,71,,,1,100,,171416,71,,,1,98,,266771,71,,,1,100,,266762,71,,,1
8100,'12',624,,197444,71,,,1,30,,266775,71,,,1,70,,266777,71,,,1,28,,149344,71,,,1,67,,166904,71,,,1,35,,266799,71,,,1,72,,266789,71,,,1,28,,82999,71,,,1,70,,266786,71,,,1,30,,266795,71,,,1,70,,266792,71,,,1,30,,266783,71,,,1,70,,152473,71,,,1,32,,266774,71,,,1,70,,266781,71,,,1,30,,266784,71,,,1,72,,266796,71,,,1,30,,266790,71,,,1,70,,266787,71,,,1,75,,266773,71,,,1,34,,266801,71,,,1,97,,266780,71,,,1,68,,178132,71,,,1,28,,266798,71,,,1,70,,266791,71,,,1,25,,266776,71,,,1,29,,266793,71,,,1,70,,266794,71,,,1,30,,266778,71,,,1,66,,266779,71,,,1,30,,266785,71,,,1,70,,266782,71,,,1,30,,266797,71,,,1,100,,266788,71,,,1,85,,266800,71,,,1
8100,'13',810,,266811,71,,,1,30,,131585,71,,,1,70,,266816,71,,,1,30,,161332,71,,,1,70,,266802,71,,,1,30,,266806,71,,,1,72,,200647,71,,,1,30,,266810,71,,,1,70,,266803,71,,,1,30,,266820,71,,,1,72,,266812,71,,,1,30,,266821,71,,,1,70,,266813,71,,,1,30,,266814,71,,,1,70,,176930,71,,,1,30,,178593,71,,,1,70,,266809,71,,,1,30,,266815,71,,,1,70,,158803,71,,,1,30,,266819,71,,,1,70,,266804,71,,,1,30,,118057,71,,,1,68,,31726,71,,,1,30,,266807,71,,,1,70,,266808,71,,,1,100,,177667,71,,,1,98,,266818,71,,,1,100,,266817,71,,,1,100,,266805,71,,,1
8100,'14',624,,266832,71,,,1,30,,266840,71,,,1,70,,266841,71,,,1,28,,266830,71,,,1,72,,266847,71,,,1,32,,266835,71,,,1,69,,266836,71,,,1,29,,266838,71,,,1,70,,266833,71,,,1,30,,149075,71,,,1,70,,266829,71,,,1,30,,266828,71,,,1,70,,185301,71,,,1,32,,45621,71,,,1,70,,266845,71,,,1,30,,266842,71,,,1,72,,266834,71,,,1,30,,178025,71,,,1,70,,266827,71,,,1,75,,266844,71,,,1,32,,152217,71,,,1,70,,266825,71,,,1,29,,266823,71,,,1,68,,266826,71,,,1,28,,266848,71,,,1,70,,266839,71,,,1,25,,266850,71,,,1,29,,266846,71,,,1,70,,266824,71,,,1,30,,266831,71,,,1,66,,266837,71,,,1,30,,189861,71,,,1,70,,266822,71,,,1,30,,153319,71,,,1,100,,266843,71,,,1,85,,266849,71,,,1
8100,'15',624,,197546,71,,,1,30,,266853,71,,,1,70,,266855,71,,,1,28,,149600,71,,,1,67,,167021,71,,,1,35,,266877,71,,,1,72,,266867,71,,,1,28,,83047,71,,,1,70,,266864,71,,,1,30,,266873,71,,,1,70,,266870,71,,,1,30,,266861,71,,,1,70,,152672,71,,,1,32,,266852,71,,,1,70,,266859,71,,,1,30,,266862,71,,,1,72,,266874,71,,,1,30,,266868,71,,,1,70,,266865,71,,,1,75,,266851,71,,,1,34,,266879,71,,,1,97,,266858,71,,,1,68,,178235,71,,,1,28,,266876,71,,,1,70,,266869,71,,,1,25,,266854,71,,,1,29,,266871,71,,,1,70,,266872,71,,,1,30,,266856,71,,,1,66,,266857,71,,,1,30,,266863,71,,,1,70,,266860,71,,,1,30,,266875,71,,,1,100,,266866,71,,,1,85,,266878,71,,,1
8100,'16',807,,266884,71,,,1,30,,266897,71,,,1,70,,266880,71,,,1,30,,266887,71,,,1,70,,266881,71,,,1,30,,266893,71,,,1,72,,266895,71,,,1,30,,266892,71,,,1,70,,38115,71,,,1,30,,266896,71,,,1,72,,266885,71,,,1,30,,266888,71,,,1,70,,266898,71,,,1,30,,266894,71,,,1,70,,266900,71,,,1,30,,266889,71,,,1,70,,266886,71,,,1,30,,157381,71,,,1,70,,266890,71,,,1,30,,266883,71,,,1,70,,266903,71,,,1,30,,266901,71,,,1,68,,266882,71,,,1,100,,266899,71,,,1,100,,266902,71,,,1,98,,176556,71,,,1,100,,266891,71,,,1
8100,'17',624,,266914,71,,,1,30,,266922,71,,,1,70,,266923,71,,,1,28,,266912,71,,,1,72,,266929,71,,,1,32,,266917,71,,,1,69,,266918,71,,,1,29,,266920,71,,,1,70,,266915,71,,,1,30,,148951,71,,,1,70,,266911,71,,,1,30,,266910,71,,,1,70,,185202,71,,,1,32,,150670,71,,,1,70,,266927,71,,,1,30,,266924,71,,,1,72,,266916,71,,,1,30,,177975,71,,,1,70,,266909,71,,,1,75,,266926,71,,,1,32,,87952,71,,,1,70,,266907,71,,,1,29,,266905,71,,,1,68,,266908,71,,,1,28,,266930,71,,,1,70,,266921,71,,,1,25,,266932,71,,,1,29,,266928,71,,,1,70,,266906,71,,,1,30,,266913,71,,,1,66,,266919,71,,,1,30,,73134,71,,,1,70,,266904,71,,,1,30,,153274,71,,,1,100,,266925,71,,,1,85,,266931,71,,,1
8100,'18',624,,266943,71,,,1,30,,266951,71,,,1,70,,266952,71,,,1,28,,266941,71,,,1,72,,266958,71,,,1,32,,266946,71,,,1,69,,266947,71,,,1,29,,266949,71,,,1,70,,266944,71,,,1,30,,149202,71,,,1,70,,266940,71,,,1,30,,266939,71,,,1,70,,105144,71,,,1,32,,150848,71,,,1,70,,266956,71,,,1,30,,266953,71,,,1,72,,266945,71,,,1,30,,103530,71,,,1,70,,266938,71,,,1,75,,266955,71,,,1,32,,152334,71,,,1,70,,266936,71,,,1,29,,266934,71,,,1,68,,266937,71,,,1,28,,266959,71,,,1,70,,266950,71,,,1,25,,266961,71,,,1,29,,266957,71,,,1,70,,266935,71,,,1,30,,266942,71,,,1,66,,266948,71,,,1,30,,189962,71,,,1,70,,266933,71,,,1,30,,307,71,,,1,100,,266954,71,,,1,85,,266960,71,,,1
8100,'2',624,,266975,71,,,1,30,,266982,71,,,1,70,,266983,71,,,1,28,,266971,71,,,1,72,,266988,71,,,1,32,,266978,71,,,1,69,,129313,71,,,1,29,,266980,71,,,1,70,,266976,71,,,1,30,,266981,71,,,1,70,,266970,71,,,1,30,,93623,71,,,1,70,,266963,71,,,1,32,,266973,71,,,1,70,,266987,71,,,1,30,,266985,71,,,1,72,,266977,71,,,1,30,,266968,71,,,1,70,,266969,71,,,1,75,,266986,71,,,1,32,,266964,71,,,1,70,,266966,71,,,1,29,,102994,71,,,1,68,,266967,71,,,1,28,,121478,71,,,1,70,,122166,71,,,1,25,,266990,71,,,1,29,,148393,71,,,1,70,,266965,71,,,1,30,,266972,71,,,1,66,,266979,71,,,1,30,,266974,71,,,1,70,,266962,71,,,1,30,,266984,71,,,1,100,,8409,71,,,1,85,,266989,71,,,1
8100,'3',624,,267010,71,,,1,30,,266991,71,,,1,70,,123760,71,,,1,28,,267012,71,,,1,67,,267006,71,,,1,35,,267016,71,,,1,72,,140540,71,,,1,28,,266999,71,,,1,70,,267003,71,,,1,30,,130532,71,,,1,70,,267009,71,,,1,30,,267000,71,,,1,70,,267005,71,,,1,32,,130500,71,,,1,70,,266997,71,,,1,30,,267001,71,,,1,72,,267013,71,,,1,30,,267008,71,,,1,70,,267004,71,,,1,75,,134409,71,,,1,34,,267018,71,,,1,97,,266996,71,,,1,68,,266993,71,,,1,28,,267015,71,,,1,70,,124762,71,,,1,25,,266992,71,,,1,29,,168614,71,,,1,70,,267011,71,,,1,30,,266994,71,,,1,66,,266995,71,,,1,30,,267002,71,,,1,70,,266998,71,,,1,30,,267014,71,,,1,100,,267007,71,,,1,85,,267017,71,,,1
8100,'4',624,,197589,71,,,1,30,,267021,71,,,1,70,,267023,71,,,1,28,,149727,71,,,1,67,,167080,71,,,1,35,,267045,71,,,1,72,,267035,71,,,1,28,,83041,71,,,1,70,,267032,71,,,1,30,,267041,71,,,1,70,,267038,71,,,1,30,,267029,71,,,1,70,,152762,71,,,1,32,,267020,71,,,1,70,,267027,71,,,1,30,,267030,71,,,1,72,,267042,71,,,1,30,,267036,71,,,1,70,,267033,71,,,1,75,,267019,71,,,1,34,,267047,71,,,1,97,,267026,71,,,1,68,,178290,71,,,1,28,,267044,71,,,1,70,,267037,71,,,1,25,,267022,71,,,1,29,,267039,71,,,1,70,,267040,71,,,1,30,,267024,71,,,1,66,,267025,71,,,1,30,,267031,71,,,1,70,,267028,71,,,1,30,,267043,71,,,1,100,,267034,71,,,1,85,,267046,71,,,1
8100,'5',624,,197233,71,,,1,30,,267050,71,,,1,70,,267052,71,,,1,28,,148793,71,,,1,67,,166643,71,,,1,35,,267074,71,,,1,72,,267064,71,,,1,28,,82993,71,,,1,70,,267061,71,,,1,30,,267070,71,,,1,70,,267067,71,,,1,30,,267058,71,,,1,70,,152051,71,,,1,32,,267049,71,,,1,70,,267056,71,,,1,30,,267059,71,,,1,72,,267071,71,,,1,30,,267065,71,,,1,70,,267062,71,,,1,75,,267048,71,,,1,34,,267076,71,,,1,97,,267055,71,,,1,68,,177899,71,,,1,28,,267073,71,,,1,70,,267066,71,,,1,25,,267051,71,,,1,29,,267068,71,,,1,70,,267069,71,,,1,30,,267053,71,,,1,66,,267054,71,,,1,30,,267060,71,,,1,70,,267057,71,,,1,30,,267072,71,,,1,100,,267063,71,,,1,85,,267075,71,,,1
8100,'6',807,,267079,71,,,1,30,,143121,71,,,1,70,,167660,71,,,1,30,,267081,71,,,1,70,,147220,71,,,1,30,,267087,71,,,1,72,,267089,71,,,1,30,,267086,71,,,1,70,,267083,71,,,1,30,,267090,71,,,1,72,,267080,71,,,1,30,,267082,71,,,1,70,,267091,71,,,1,30,,267088,71,,,1,70,,267093,71,,,1,30,,267084,71,,,1,70,,142273,71,,,1,30,,267077,71,,,1,70,,163259,71,,,1,30,,267078,71,,,1,70,,267097,71,,,1,30,,267094,71,,,1,68,,191328,71,,,1,100,,267092,71,,,1,100,,267095,71,,,1,98,,267096,71,,,1,100,,267085,71,,,1
8100,'7',624,,267112,71,,,1,30,,267121,71,,,1,70,,267122,71,,,1,28,,267108,71,,,1,72,,128213,71,,,1,32,,267115,71,,,1,69,,267116,71,,,1,29,,267118,71,,,1,70,,267113,71,,,1,30,,267120,71,,,1,70,,267107,71,,,1,30,,267106,71,,,1,70,,267099,71,,,1,32,,267110,71,,,1,70,,267127,71,,,1,30,,267124,71,,,1,72,,267114,71,,,1,30,,267104,71,,,1,70,,267105,71,,,1,75,,267126,71,,,1,32,,267100,71,,,1,70,,267102,71,,,1,29,,267101,71,,,1,68,,267103,71,,,1,28,,267129,71,,,1,70,,267119,71,,,1,25,,267131,71,,,1,29,,267128,71,,,1,70,,170212,71,,,1,30,,267109,71,,,1,66,,267117,71,,,1,30,,267111,71,,,1,70,,267098,71,,,1,30,,267123,71,,,1,100,,267125,71,,,1,85,,267130,71,,,1
8100,'8',624,,267167,71,,,1,30,,267143,71,,,1,70,,267147,71,,,1,29,,267164,71,,,1,69,,267150,71,,,1,34,,267152,71,,,1,70,,267135,71,,,1,28,,267139,71,,,1,70,,267163,71,,,1,30,,267153,71,,,1,70,,267160,71,,,1,30,,267159,71,,,1,70,,267157,71,,,1,32,,267161,71,,,1,70,,267166,71,,,1,30,,267148,71,,,1,72,,267136,71,,,1,30,,267165,71,,,1,70,,267140,71,,,1,75,,267151,71,,,1,32,,267145,71,,,1,70,,267133,71,,,1,29,,267149,71,,,1,68,,267155,71,,,1,28,,267134,71,,,1,70,,267144,71,,,1,25,,267162,71,,,1,29,,267154,71,,,1,70,,267141,71,,,1,30,,267132,71,,,1,66,,267137,71,,,1,30,,267156,71,,,1,70,,267158,71,,,1,30,,267142,71,,,1,100,,267146,71,,,1,85,,267138,71,,,1
8100,'9',624,,197414,71,,,1,30,,267170,71,,,1,70,,267172,71,,,1,28,,149286,71,,,1,67,,166871,71,,,1,35,,267194,71,,,1,72,,267184,71,,,1,28,,83017,71,,,1,70,,267181,71,,,1,30,,267190,71,,,1,70,,267187,71,,,1,30,,267178,71,,,1,70,,152420,71,,,1,32,,267169,71,,,1,70,,267176,71,,,1,30,,267179,71,,,1,72,,267191,71,,,1,30,,267185,71,,,1,70,,267182,71,,,1,75,,267168,71,,,1,34,,267196,71,,,1,97,,267175,71,,,1,68,,178102,71,,,1,28,,267193,71,,,1,70,,267186,71,,,1,25,,267171,71,,,1,29,,267188,71,,,1,70,,267189,71,,,1,30,,267173,71,,,1,66,,267174,71,,,1,30,,267180,71,,,1,70,,267177,71,,,1,30,,267192,71,,,1,100,,267183,71,,,1,85,,267195,71,,,1
