3501,'1',953,,34337,8,,,1,71,,34348,8,,,1,30,,34332,8,,,1,70,,34331,8,,,1,30,,34336,8,,,1,71,,34335,8,,,1,30,,34338,8,,,1,70,,34350,8,,,1,30,,34341,8,,,1,70,,34347,8,,,1,30,,34339,8,,,1,70,,34344,8,,,1,30,,34346,8,,,1,70,,34345,8,,,1,30,,34349,8,,,1,70,,34343,8,,,1,30,,34334,8,,,1,99,,34333,8,,,1,100,,34340,8,,,1,100,,34342,8,,,1,100,,34329,8,,,1,100,,34330,8,,,1
3501,'10',628,,34383,8,,,1,89,,34361,5,0,52 53,1,12,,34368,8,,,1,90,,34381,5,0,31 32,1,3,,34369,5,0,31 32,1,9,,34357,8,,,1,71,,34384,8,,,1,31,,34367,5,,,1,70,,34373,5,,,1,30,,34355,5,,,1,71,,34366,5,,,1,29,,34360,5,,,1,70,,34388,5,,,1,30,,34363,5,,,1,69,,34379,5,,,1,29,,34356,5,,,1,69,,34365,5,,,1,30,,34378,5,,,1,29,,34370,5,,,1,70,,34359,8,,,1,27,,34374,23,0,33 34,1,45,,34364,8,,,1,58,,34386,8,,,1,70,,34371,8,,,1,73,,34382,8,,,1,30,,34380,8,,,1,70,,34377,5,,,1,30,,34362,5,,,1,70,,34387,5,,,1,30,,34385,5,,,1,70,,34376,5,,,1,30,,34352,5,,,1,72,,34358,5,,,1,28,,34372,5,,,1,97,,34354,5,,,1,97,,34375,5,,,1
3501,'11',628,,34421,8,,,1,89,,34399,5,0,52 53,1,12,,34406,8,,,1,90,,34419,5,0,31 32,1,3,,34407,5,0,31 32,1,9,,34395,8,,,1,71,,34422,8,,,1,31,,34405,5,,,1,70,,34411,5,,,1,30,,34393,5,,,1,71,,34404,5,,,1,29,,34398,5,,,1,70,,34426,5,,,1,30,,34401,5,,,1,69,,34417,5,,,1,29,,34394,5,,,1,69,,34403,5,,,1,30,,34416,5,,,1,29,,34408,5,,,1,70,,34397,8,,,1,27,,34412,23,0,33 34,1,45,,34402,8,,,1,58,,34424,8,,,1,70,,34409,8,,,1,73,,34420,8,,,1,30,,34418,8,,,1,70,,34415,5,,,1,30,,34400,5,,,1,70,,34425,5,,,1,30,,34423,5,,,1,70,,34414,5,,,1,30,,34390,5,,,1,72,,34396,5,,,1,28,,34410,5,,,1,97,,34392,5,,,1,97,,34413,5,,,1
3501,'12',628,,34459,8,,,1,89,,34437,5,0,52 53,1,12,,34444,8,,,1,90,,34457,5,0,31 32,1,3,,34445,5,0,31 32,1,9,,34433,8,,,1,71,,34460,8,,,1,31,,34443,5,,,1,70,,34449,5,,,1,30,,34431,5,,,1,71,,34442,5,,,1,29,,34436,5,,,1,70,,34464,5,,,1,30,,34439,5,,,1,69,,34455,5,,,1,29,,34432,5,,,1,69,,34441,5,,,1,30,,34454,5,,,1,29,,34446,5,,,1,70,,34435,8,,,1,27,,34450,23,0,33 34,1,45,,34440,8,,,1,58,,34462,8,,,1,70,,34447,8,,,1,73,,34458,8,,,1,30,,34456,8,,,1,70,,34453,5,,,1,30,,34438,5,,,1,70,,34463,5,,,1,30,,34461,5,,,1,70,,34452,5,,,1,30,,34428,5,,,1,72,,34434,5,,,1,28,,34448,5,,,1,97,,34430,5,,,1,97,,34451,5,,,1
3501,'13',628,,34465,8,,,1,101,,34476,8,,,1,103,,34471,8,,,1,72,,34487,8,,,1,29,,34486,5,,,1,70,,34474,5,,,1,30,,34473,5,,,1,71,,34484,5,,,1,29,,34482,5,,,1,70,,34497,5,,,1,30,,34469,5,,,1,69,,34470,5,,,1,29,,34485,5,,,1,69,,34478,5,,,1,30,,34490,5,,,1,29,,34480,5,,,1,70,,34491,8,,,1,30,,34467,8,,,1,70,,34468,8,,,1,30,,34481,8,,,1,70,,34477,8,,,1,73,,34488,8,,,1,30,,34466,8,,,1,70,,34475,5,,,1,30,,34472,5,,,1,70,,34483,5,,,1,30,,34479,5,,,1,70,,34489,5,,,1,30,,34495,5,,,1,72,,34494,5,,,1,28,,34492,5,,,1,97,,34496,5,,,1,97,,34493,5,,,1
3501,'14',826,,34524,8,,,1,30,,34526,8,,,1,70,,34501,8,,,1,30,,34505,8,,,1,70,,34520,8,,,1,30,,34522,8,,,1,70,,34503,8,,,1,30,,34499,8,,,1,70,,34516,8,,,1,30,,34511,8,,,1,70,,34498,8,,,1,30,,34519,8,,,1,70,,34523,8,,,1,30,,34517,8,,,1,70,,34513,8,,,1,30,,34500,8,,,1,70,,34510,8,,,1,30,,34509,8,,,1,70,,34527,8,,,1,30,,34507,8,,,1,70,,34515,8,,,1,30,,34518,8,,,1,70,,34521,8,,,1,30,,34502,8,,,1,70,,34525,8,,,1,30,,34514,8,,,1,70,,34506,8,,,1,30,,34512,8,,,1,100,,34504,8,,,1,154,,34508,8,,,1
3501,'15',628,,34560,8,,,1,89,,34538,5,0,52 53,1,12,,34545,8,,,1,90,,34558,5,0,31 32,1,3,,34546,5,0,31 32,1,9,,34534,8,,,1,71,,34561,8,,,1,31,,34544,5,,,1,70,,34550,5,,,1,30,,34532,5,,,1,71,,34543,5,,,1,29,,34537,5,,,1,70,,34565,5,,,1,30,,34540,5,,,1,69,,34556,5,,,1,29,,34533,5,,,1,69,,34542,5,,,1,30,,34555,5,,,1,29,,34547,5,,,1,70,,34536,8,,,1,27,,34551,23,0,33 34,1,45,,34541,8,,,1,58,,34563,8,,,1,70,,34548,8,,,1,73,,34559,8,,,1,30,,34557,8,,,1,70,,34554,5,,,1,30,,34539,5,,,1,70,,34564,5,,,1,30,,34562,5,,,1,70,,34553,5,,,1,30,,34529,5,,,1,72,,34535,5,,,1,28,,34549,5,,,1,97,,34531,5,,,1,97,,34552,5,,,1
3501,'16',628,,34598,8,,,1,89,,34576,5,0,52 53,1,12,,34583,8,,,1,90,,34596,5,0,31 32,1,3,,34584,5,0,31 32,1,9,,34572,8,,,1,71,,34599,8,,,1,31,,34582,5,,,1,70,,34588,5,,,1,30,,34570,5,,,1,71,,34581,5,,,1,29,,34575,5,,,1,70,,34603,5,,,1,30,,34578,5,,,1,69,,34594,5,,,1,29,,34571,5,,,1,69,,34580,5,,,1,30,,34593,5,,,1,29,,34585,5,,,1,70,,34574,8,,,1,27,,34589,23,0,33 34,1,45,,34579,8,,,1,58,,34601,8,,,1,70,,34586,8,,,1,73,,34597,8,,,1,30,,34595,8,,,1,70,,34592,5,,,1,30,,34577,5,,,1,70,,34602,5,,,1,30,,34600,5,,,1,70,,34591,5,,,1,30,,34567,5,,,1,72,,34573,5,,,1,28,,34587,5,,,1,97,,34569,5,,,1,97,,34590,5,,,1
3501,'17',628,,34604,8,,,1,101,,34615,8,,,1,103,,34610,8,,,1,72,,34626,8,,,1,29,,34625,5,,,1,70,,34613,5,,,1,30,,34612,5,,,1,71,,34623,5,,,1,29,,34621,5,,,1,70,,34636,5,,,1,30,,34608,5,,,1,69,,34609,5,,,1,29,,34624,5,,,1,69,,34617,5,,,1,30,,34629,5,,,1,29,,34619,5,,,1,70,,34630,8,,,1,30,,34606,8,,,1,70,,34607,8,,,1,30,,34620,8,,,1,70,,34616,8,,,1,73,,34627,8,,,1,30,,34605,8,,,1,70,,34614,5,,,1,30,,34611,5,,,1,70,,34622,5,,,1,30,,34618,5,,,1,70,,34628,5,,,1,30,,34634,5,,,1,72,,34633,5,,,1,28,,34631,5,,,1,97,,34635,5,,,1,97,,34632,5,,,1
3501,'18',628,,34653,8,,,1,101,,34668,8,,,1,103,,34667,8,,,1,70,,34664,8,,,1,31,,34665,5,,,1,70,,34661,5,,,1,30,,34638,5,,,1,71,,34641,5,,,1,29,,34659,5,,,1,70,,34637,5,,,1,30,,34644,5,,,1,69,,34657,5,,,1,29,,34643,5,,,1,69,,34663,5,,,1,30,,34651,5,,,1,29,,34650,5,,,1,70,,34655,8,,,1,30,,34639,8,,,1,70,,34656,8,,,1,30,,34666,8,,,1,70,,34648,8,,,1,73,,34660,8,,,1,30,,34662,8,,,1,70,,34649,5,,,1,30,,34645,5,,,1,70,,34652,5,,,1,30,,34642,5,,,1,70,,34658,5,,,1,30,,34640,5,,,1,72,,34654,5,,,1,28,,34646,5,,,1,97,,34647,5,,,1,97,,34669,5,,,1
3501,'19',628,,34670,8,,,1,101,,34681,8,,,1,103,,34676,8,,,1,72,,34692,8,,,1,29,,34691,5,,,1,70,,34679,5,,,1,30,,34678,5,,,1,71,,34689,5,,,1,29,,34687,5,,,1,70,,34702,5,,,1,30,,34674,5,,,1,69,,34675,5,,,1,29,,34690,5,,,1,69,,34683,5,,,1,30,,34695,5,,,1,29,,34685,5,,,1,70,,34696,8,,,1,30,,34672,8,,,1,70,,34673,8,,,1,30,,34686,8,,,1,70,,34682,8,,,1,73,,34693,8,,,1,30,,34671,8,,,1,70,,34680,5,,,1,30,,34677,5,,,1,70,,34688,5,,,1,30,,34684,5,,,1,70,,34694,5,,,1,30,,34700,5,,,1,72,,34699,5,,,1,28,,34697,5,,,1,97,,34701,5,,,1,97,,34698,5,,,1
3501,'2',953,,34711,8,,,1,71,,34722,8,,,1,30,,34706,8,,,1,70,,34705,8,,,1,30,,34710,8,,,1,71,,34709,8,,,1,30,,34712,8,,,1,70,,34724,8,,,1,30,,34715,8,,,1,70,,34721,8,,,1,30,,34713,8,,,1,70,,34718,8,,,1,30,,34720,8,,,1,70,,34719,8,,,1,30,,34723,8,,,1,70,,34717,8,,,1,30,,34708,8,,,1,99,,34707,8,,,1,100,,34714,8,,,1,100,,34716,8,,,1,100,,34703,8,,,1,100,,34704,8,,,1
3501,'3',628,,34757,8,,,1,89,,34735,5,0,52 53,1,12,,34742,8,,,1,90,,34755,5,0,31 32,1,3,,34743,5,0,31 32,1,9,,34731,8,,,1,71,,34758,8,,,1,31,,34741,5,,,1,70,,34747,5,,,1,30,,34729,5,,,1,71,,34740,5,,,1,29,,34734,5,,,1,70,,34762,5,,,1,30,,34737,5,,,1,69,,34753,5,,,1,29,,34730,5,,,1,69,,34739,5,,,1,30,,34752,5,,,1,29,,34744,5,,,1,70,,34733,8,,,1,27,,34748,23,0,33 34,1,45,,34738,8,,,1,58,,34760,8,,,1,70,,34745,8,,,1,73,,34756,8,,,1,30,,34754,8,,,1,70,,34751,5,,,1,30,,34736,5,,,1,70,,34761,5,,,1,30,,34759,5,,,1,70,,34750,5,,,1,30,,34726,5,,,1,72,,34732,5,,,1,28,,34746,5,,,1,97,,34728,5,,,1,97,,34749,5,,,1
3501,'4',628,,34795,8,,,1,89,,34773,5,0,52 53,1,12,,34780,8,,,1,90,,34793,5,0,31 32,1,3,,34781,5,0,31 32,1,9,,34769,8,,,1,71,,34796,8,,,1,31,,34779,5,,,1,70,,34785,5,,,1,30,,34767,5,,,1,71,,34778,5,,,1,29,,34772,5,,,1,70,,34800,5,,,1,30,,34775,5,,,1,69,,34791,5,,,1,29,,34768,5,,,1,69,,34777,5,,,1,30,,34790,5,,,1,29,,34782,5,,,1,70,,34771,8,,,1,27,,34786,23,0,33 34,1,45,,34776,8,,,1,58,,34798,8,,,1,70,,34783,8,,,1,73,,34794,8,,,1,30,,34792,8,,,1,70,,34789,5,,,1,30,,34774,5,,,1,70,,34799,5,,,1,30,,34797,5,,,1,70,,34788,5,,,1,30,,34764,5,,,1,72,,34770,5,,,1,28,,34784,5,,,1,97,,34766,5,,,1,97,,34787,5,,,1
3501,'5',628,,34801,8,,,1,101,,34812,8,,,1,103,,34807,8,,,1,72,,34823,8,,,1,29,,34822,5,,,1,70,,34810,5,,,1,30,,34809,5,,,1,71,,34820,5,,,1,29,,34818,5,,,1,70,,34833,5,,,1,30,,34805,5,,,1,69,,34806,5,,,1,29,,34821,5,,,1,69,,34814,5,,,1,30,,34826,5,,,1,29,,34816,5,,,1,70,,34827,8,,,1,30,,34803,8,,,1,70,,34804,8,,,1,30,,34817,8,,,1,70,,34813,8,,,1,73,,34824,8,,,1,30,,34802,8,,,1,70,,34811,5,,,1,30,,34808,5,,,1,70,,34819,5,,,1,30,,34815,5,,,1,70,,34825,5,,,1,30,,34831,5,,,1,72,,34830,5,,,1,28,,34828,5,,,1,97,,34832,5,,,1,97,,34829,5,,,1
3501,'6',628,,34866,8,,,1,89,,34844,5,0,52 53,1,12,,34851,8,,,1,90,,34864,5,0,31 32,1,3,,34852,5,0,31 32,1,9,,34840,8,,,1,71,,34867,8,,,1,31,,34850,5,,,1,70,,34856,5,,,1,30,,34838,5,,,1,71,,34849,5,,,1,29,,34843,5,,,1,70,,34871,5,,,1,30,,34846,5,,,1,69,,34862,5,,,1,29,,34839,5,,,1,69,,34848,5,,,1,30,,34861,5,,,1,29,,34853,5,,,1,70,,34842,8,,,1,27,,34857,23,0,33 34,1,45,,34847,8,,,1,58,,34869,8,,,1,70,,34854,8,,,1,73,,34865,8,,,1,30,,34863,8,,,1,70,,34860,5,,,1,30,,34845,5,,,1,70,,34870,5,,,1,30,,34868,5,,,1,70,,34859,5,,,1,30,,34835,5,,,1,72,,34841,5,,,1,28,,34855,5,,,1,97,,34837,5,,,1,97,,34858,5,,,1
3501,'7',628,,34872,8,,,1,101,,34883,8,,,1,103,,34878,8,,,1,72,,34894,8,,,1,29,,34893,5,,,1,70,,34881,5,,,1,30,,34880,5,,,1,71,,34891,5,,,1,29,,34889,5,,,1,70,,34904,5,,,1,30,,34876,5,,,1,69,,34877,5,,,1,29,,34892,5,,,1,69,,34885,5,,,1,30,,34897,5,,,1,29,,34887,5,,,1,70,,34898,8,,,1,30,,34874,8,,,1,70,,34875,8,,,1,30,,34888,8,,,1,70,,34884,8,,,1,73,,34895,8,,,1,30,,34873,8,,,1,70,,34882,5,,,1,30,,34879,5,,,1,70,,34890,5,,,1,30,,34886,5,,,1,70,,34896,5,,,1,30,,34902,5,,,1,72,,34901,5,,,1,28,,34899,5,,,1,97,,34903,5,,,1,97,,34900,5,,,1
3501,'8',826,,34931,8,,,1,30,,34933,8,,,1,70,,34908,8,,,1,30,,34912,8,,,1,70,,34927,8,,,1,30,,34929,8,,,1,70,,34910,8,,,1,30,,34906,8,,,1,70,,34923,8,,,1,30,,34918,8,,,1,70,,34905,8,,,1,30,,34926,8,,,1,70,,34930,8,,,1,30,,34924,8,,,1,70,,34920,8,,,1,30,,34907,8,,,1,70,,34917,8,,,1,30,,34916,8,,,1,70,,34934,8,,,1,30,,34914,8,,,1,70,,34922,8,,,1,30,,34925,8,,,1,70,,34928,8,,,1,30,,34909,8,,,1,70,,34932,8,,,1,30,,34921,8,,,1,70,,34913,8,,,1,30,,34919,8,,,1,100,,34911,8,,,1,154,,34915,8,,,1
3501,'9',953,,34943,8,,,1,71,,34954,8,,,1,30,,34938,8,,,1,70,,34937,8,,,1,30,,34942,8,,,1,71,,34941,8,,,1,30,,34944,8,,,1,70,,34956,8,,,1,30,,34947,8,,,1,70,,34953,8,,,1,30,,34945,8,,,1,70,,34950,8,,,1,30,,34952,8,,,1,70,,34951,8,,,1,30,,34955,8,,,1,70,,34949,8,,,1,30,,34940,8,,,1,99,,34939,8,,,1,100,,34946,8,,,1,100,,34948,8,,,1,100,,34935,8,,,1,100,,34936,8,,,1
