3501,'1',647,,145466,34,,,1,101,,54679,34,,,1,103,,145445,34,,,1,71,,145467,34,,,1,29,,145455,31,,,1,70,,145459,31,,,1,31,,145444,31,,,1,71,,145454,31,,,1,29,,145447,31,,,1,70,,145471,31,,,1,30,,145451,31,,,1,69,,45906,31,,,1,29,,98073,31,,,1,69,,145453,31,,,1,14,,145442,23,,,1,16,,87203,31,,,1,74,,145457,31,,,1,30,,145448,34,,,1,67,,145460,49,0,33 34,1,5,,145452,34,,,1,98,,145469,34,,,1,30,,82317,34,,,1,69,,145465,34,,,1,30,,145463,34,,,1,70,,145461,31,,,1,30,,145450,31,,,1,70,,145470,31,,,1,30,,145468,31,,,1,70,,145462,31,,,1,29,,145441,31,,,1,72,,145446,31,,,1,28,,145458,31,,,1,97,,145443,31,,,1,97,,25930,31,,,1
3501,'10',647,,145482,34,,,1,101,,145490,34,,,1,104,,21856,34,,,1,70,,145488,34,,,1,29,,39692,31,,,1,70,,145485,31,,,1,31,,145472,31,,,1,71,,60934,31,,,1,29,,82548,31,,,1,70,,9428,31,,,1,30,,145476,31,,,1,69,,116787,31,,,1,29,,145475,31,,,1,69,,145487,31,,,1,30,,145481,31,,,1,74,,145480,31,,,1,30,,23128,34,,,1,70,,44154,34,,,1,30,,17193,34,,,1,70,,145489,34,,,1,30,,26284,34,,,1,69,,145484,34,,,1,30,,145486,34,,,1,70,,145479,31,,,1,30,,96307,31,,,1,70,,23123,31,,,1,30,,145474,31,,,1,70,,67789,31,,,1,29,,145473,31,,,1,72,,145483,31,,,1,28,,145477,31,,,1,97,,145478,31,,,1,97,,94645,31,,,1
3501,'11',1011,,27209,34,,,1,32,,37046,34,,,1,70,,145493,34,,,1,30,,145492,34,,,1,70,,145496,34,,,1,31,,145495,34,,,1,70,,145507,34,,,1,30,,145506,34,,,1,70,,145499,34,,,1,30,,145504,34,,,1,70,,145497,34,,,1,30,,102474,34,,,1,70,,145503,34,,,1,30,,145502,34,,,1,70,,145505,34,,,1,30,,145501,34,,,1,70,,145494,34,,,1,98,,57395,34,,,1,100,,145498,34,,,1,100,,145500,34,,,1,100,,145491,34,,,1,100,,81797,34,,,1
3501,'12',647,,145508,34,,,1,101,,145517,34,,,1,104,,145513,34,,,1,72,,102165,34,,,1,27,,76,31,,,1,70,,145515,31,,,1,31,,145514,31,,,1,71,,145523,31,,,1,29,,145521,31,,,1,70,,145529,31,,,1,30,,145512,31,,,1,69,,31256,31,,,1,29,,95876,31,,,1,69,,145518,31,,,1,30,,145525,31,,,1,74,,145520,31,,,1,30,,92840,34,,,1,70,,145510,34,,,1,30,,145511,34,,,1,70,,61745,34,,,1,30,,32534,34,,,1,69,,145524,34,,,1,30,,145509,34,,,1,70,,145516,31,,,1,30,,25839,31,,,1,70,,145522,31,,,1,30,,145519,31,,,1,70,,15342,31,,,1,29,,81652,31,,,1,72,,145527,31,,,1,28,,17445,31,,,1,97,,145528,31,,,1,97,,145526,31,,,1
3501,'13',1011,,145536,34,,,1,32,,145542,34,,,1,70,,36964,34,,,1,30,,145532,34,,,1,70,,145535,34,,,1,31,,62956,34,,,1,70,,145545,34,,,1,30,,145544,34,,,1,70,,145538,34,,,1,30,,1265,34,,,1,70,,28500,34,,,1,30,,145541,34,,,1,70,,36342,34,,,1,30,,32648,34,,,1,70,,145543,34,,,1,30,,145540,34,,,1,70,,145534,34,,,1,98,,145533,34,,,1,100,,145537,34,,,1,100,,145539,34,,,1,100,,145530,34,,,1,100,,145531,34,,,1
3501,'14',647,,145546,34,,,1,101,,145556,34,,,1,104,,145551,34,,,1,72,,145565,34,,,1,27,,145562,31,,,1,70,,145554,31,,,1,31,,145553,31,,,1,71,,117931,31,,,1,29,,145560,31,,,1,70,,145572,31,,,1,30,,145549,31,,,1,69,,145550,31,,,1,29,,145561,31,,,1,69,,32834,31,,,1,30,,145566,31,,,1,74,,145558,31,,,1,30,,145567,34,,,1,70,,145547,34,,,1,30,,145548,34,,,1,70,,145559,34,,,1,30,,145557,34,,,1,69,,145563,34,,,1,30,,92295,34,,,1,70,,145555,31,,,1,30,,145552,31,,,1,70,,114994,31,,,1,30,,117652,31,,,1,70,,145564,31,,,1,29,,145570,31,,,1,72,,89687,31,,,1,28,,145568,31,,,1,97,,145571,31,,,1,97,,145569,31,,,1
3501,'15',647,,145573,34,,,1,101,,145583,34,,,1,104,,145578,34,,,1,72,,145592,34,,,1,27,,145589,31,,,1,70,,145581,31,,,1,31,,145580,31,,,1,71,,117956,31,,,1,29,,145587,31,,,1,70,,145599,31,,,1,30,,145576,31,,,1,69,,145577,31,,,1,29,,145588,31,,,1,69,,33026,31,,,1,30,,145593,31,,,1,74,,145585,31,,,1,30,,145594,34,,,1,70,,145574,34,,,1,30,,145575,34,,,1,70,,145586,34,,,1,30,,145584,34,,,1,69,,145590,34,,,1,30,,92630,34,,,1,70,,145582,31,,,1,30,,145579,31,,,1,70,,115203,31,,,1,30,,117687,31,,,1,70,,145591,31,,,1,29,,145597,31,,,1,72,,90186,31,,,1,28,,145595,31,,,1,97,,145598,31,,,1,97,,145596,31,,,1
3501,'16',647,,145600,34,,,1,101,,145609,34,,,1,104,,145605,34,,,1,72,,145621,34,,,1,27,,145619,31,,,1,70,,145607,31,,,1,31,,98197,31,,,1,71,,145617,31,,,1,29,,145615,31,,,1,70,,145627,31,,,1,30,,145603,31,,,1,69,,145604,31,,,1,29,,145618,31,,,1,69,,145611,31,,,1,30,,145622,31,,,1,74,,145613,31,,,1,30,,145623,34,,,1,70,,3751,34,,,1,30,,145602,34,,,1,70,,145614,34,,,1,30,,145610,34,,,1,69,,41880,34,,,1,30,,145601,34,,,1,70,,145608,31,,,1,30,,145606,31,,,1,70,,145616,31,,,1,30,,145612,31,,,1,70,,145620,31,,,1,29,,145626,31,,,1,72,,145625,31,,,1,28,,145624,31,,,1,97,,26120,31,,,1,97,,93068,31,,,1
3501,'17',647,,145654,34,,,1,101,,54910,34,,,1,103,,145633,34,,,1,71,,145655,34,,,1,29,,145643,31,,,1,70,,145647,31,,,1,31,,145632,31,,,1,71,,145642,31,,,1,29,,145635,31,,,1,70,,145659,31,,,1,30,,145639,31,,,1,69,,45978,31,,,1,29,,98262,31,,,1,69,,145641,31,,,1,14,,145630,23,,,1,16,,87435,31,,,1,74,,145645,31,,,1,30,,145636,34,,,1,67,,145648,49,0,33 34,1,5,,145640,34,,,1,98,,145657,34,,,1,30,,82501,34,,,1,69,,145653,34,,,1,30,,145651,34,,,1,70,,145649,31,,,1,30,,145638,31,,,1,70,,145658,31,,,1,30,,145656,31,,,1,70,,145650,31,,,1,29,,145629,31,,,1,72,,145634,31,,,1,28,,145646,31,,,1,97,,145631,31,,,1,97,,26228,31,,,1
3501,'2',647,,145686,34,,,1,101,,54728,34,,,1,103,,145665,34,,,1,71,,145687,34,,,1,29,,145675,31,,,1,70,,145679,31,,,1,31,,145664,31,,,1,71,,145674,31,,,1,29,,145667,31,,,1,70,,145691,31,,,1,30,,145671,31,,,1,69,,45924,31,,,1,29,,98113,31,,,1,69,,145673,31,,,1,14,,145662,23,,,1,16,,87255,31,,,1,74,,145677,31,,,1,30,,145668,34,,,1,67,,145680,49,0,33 34,1,5,,145672,34,,,1,98,,145689,34,,,1,30,,82355,34,,,1,69,,145685,34,,,1,30,,145683,34,,,1,70,,145681,31,,,1,30,,145670,31,,,1,70,,145690,31,,,1,30,,145688,31,,,1,70,,145682,31,,,1,29,,145661,31,,,1,72,,145666,31,,,1,28,,145678,31,,,1,97,,145663,31,,,1,97,,25994,31,,,1
3501,'3',647,,145692,34,,,1,101,,145702,34,,,1,104,,145697,34,,,1,72,,145711,34,,,1,27,,145708,31,,,1,70,,145700,31,,,1,31,,145699,31,,,1,71,,117946,31,,,1,29,,145706,31,,,1,70,,145718,31,,,1,30,,145695,31,,,1,69,,145696,31,,,1,29,,145707,31,,,1,69,,32958,31,,,1,30,,145712,31,,,1,74,,145704,31,,,1,30,,145713,34,,,1,70,,145693,34,,,1,30,,145694,34,,,1,70,,145705,34,,,1,30,,145703,34,,,1,69,,145709,34,,,1,30,,92509,34,,,1,70,,145701,31,,,1,30,,145698,31,,,1,70,,115125,31,,,1,30,,117673,31,,,1,70,,145710,31,,,1,29,,145716,31,,,1,72,,90003,31,,,1,28,,145714,31,,,1,97,,145717,31,,,1,97,,145715,31,,,1
3501,'4',844,,145737,34,,,1,70,,145738,34,,,1,30,,145721,34,,,1,70,,145724,34,,,1,31,,145734,34,,,1,70,,145735,34,,,1,30,,145723,34,,,1,70,,145720,34,,,1,30,,145730,34,,,1,70,,11610,34,,,1,30,,145719,34,,,1,70,,145733,34,,,1,30,,145736,34,,,1,70,,145731,34,,,1,30,,8398,34,,,1,70,,119473,34,,,1,30,,28927,34,,,1,70,,145728,34,,,1,30,,145739,34,,,1,70,,145726,34,,,1,29,,77964,34,,,1,70,,20791,34,,,1,30,,145732,34,,,1,70,,145722,34,,,1,30,,70344,34,,,1,70,,13684,34,,,1,30,,145725,34,,,1,70,,145729,34,,,1,100,,93617,34,,,1,114,,145727,34,,,1
3501,'5',647,,145765,34,,,1,101,,145753,34,,,1,103,,145745,34,,,1,71,,145766,34,,,1,29,,145751,31,,,1,70,,15265,31,,,1,31,,145743,31,,,1,71,,62751,31,,,1,29,,34965,31,,,1,70,,145770,31,,,1,30,,65890,31,,,1,69,,145761,31,,,1,29,,145744,31,,,1,69,,145750,31,,,1,14,,145741,23,,,1,16,,145759,31,,,1,74,,145755,31,,,1,30,,145747,34,,,1,67,,145757,49,0,33 34,1,5,,145749,34,,,1,98,,145768,34,,,1,30,,145754,34,,,1,69,,145764,34,,,1,30,,145762,34,,,1,70,,145760,31,,,1,30,,145748,31,,,1,70,,145769,31,,,1,30,,145767,31,,,1,70,,86284,31,,,1,29,,51977,31,,,1,72,,145746,31,,,1,28,,145756,31,,,1,97,,145742,31,,,1,97,,145758,31,,,1
3501,'6',647,,145797,34,,,1,101,,55187,34,,,1,103,,145776,34,,,1,71,,145798,34,,,1,29,,145786,31,,,1,70,,145790,31,,,1,31,,145775,31,,,1,71,,145785,31,,,1,29,,145778,31,,,1,70,,145802,31,,,1,30,,145782,31,,,1,69,,46068,31,,,1,29,,98461,31,,,1,69,,145784,31,,,1,14,,145773,23,,,1,16,,87715,31,,,1,74,,145788,31,,,1,30,,145779,34,,,1,67,,145791,49,0,33 34,1,5,,145783,34,,,1,98,,145800,34,,,1,30,,82714,34,,,1,69,,145796,34,,,1,30,,145794,34,,,1,70,,145792,31,,,1,30,,145781,31,,,1,70,,145801,31,,,1,30,,145799,31,,,1,70,,145793,31,,,1,29,,145772,31,,,1,72,,145777,31,,,1,28,,145789,31,,,1,97,,145774,31,,,1,97,,26584,31,,,1
3501,'7',844,,145828,34,,,1,70,,145830,34,,,1,30,,145806,34,,,1,70,,145810,34,,,1,31,,145825,34,,,1,70,,145826,34,,,1,30,,145808,34,,,1,70,,145804,34,,,1,30,,145820,34,,,1,70,,145815,34,,,1,30,,145803,34,,,1,70,,145824,34,,,1,30,,145827,34,,,1,70,,145821,34,,,1,30,,145817,34,,,1,70,,145805,34,,,1,30,,145814,34,,,1,70,,145813,34,,,1,30,,82205,34,,,1,70,,104909,34,,,1,29,,145818,34,,,1,70,,145822,34,,,1,30,,145823,34,,,1,70,,145807,34,,,1,30,,145829,34,,,1,70,,145819,34,,,1,30,,145811,34,,,1,70,,145816,34,,,1,100,,145809,34,,,1,114,,145812,34,,,1
3501,'8',647,,145857,34,,,1,101,,55138,34,,,1,103,,145836,34,,,1,71,,145858,34,,,1,29,,145846,31,,,1,70,,145850,31,,,1,31,,145835,31,,,1,71,,145845,31,,,1,29,,145838,31,,,1,70,,145862,31,,,1,30,,145842,31,,,1,69,,46050,31,,,1,29,,98421,31,,,1,69,,145844,31,,,1,14,,145833,23,,,1,16,,87663,31,,,1,74,,145848,31,,,1,30,,145839,34,,,1,67,,145851,49,0,33 34,1,5,,145843,34,,,1,98,,145860,34,,,1,30,,82676,34,,,1,69,,145856,34,,,1,30,,145854,34,,,1,70,,145852,31,,,1,30,,145841,31,,,1,70,,145861,31,,,1,30,,145859,31,,,1,70,,145853,31,,,1,29,,145832,31,,,1,72,,145837,31,,,1,28,,145849,31,,,1,97,,145834,31,,,1,97,,26520,31,,,1
3501,'9',1011,,145870,34,,,1,32,,145878,34,,,1,70,,145867,34,,,1,30,,145865,34,,,1,70,,145869,34,,,1,31,,145868,34,,,1,70,,145880,34,,,1,30,,12417,34,,,1,70,,145872,34,,,1,30,,145877,34,,,1,70,,145871,34,,,1,30,,145874,34,,,1,70,,145876,34,,,1,30,,145875,34,,,1,70,,145879,34,,,1,30,,145873,34,,,1,70,,31625,34,,,1,98,,145866,34,,,1,100,,107980,34,,,1,100,,89724,34,,,1,100,,145863,34,,,1,100,,145864,34,,,1
