11001,'1',624,,101603,47,0,35,1,30,,101606,47,0,35,1,1070,,101604,47,0,35,1,30,,101605,47,0,35,1
11001,'10',549,,101630,46,0,35,1,105,,101614,46,0,35,1,70,,101612,46,0,35,1,30,,101613,46,0,35,1,72,,101633,46,0,35,1,31,,101619,46,0,35,1,70,,101608,46,0,35,1,26,,101624,46,0,35,1,67,,101620,46,0,35,1,104,,101632,46,0,35,1,30,,101636,46,0,35,1,70,,101638,46,0,35,1,28,,101610,46,0,35,1,70,,101635,46,0,35,1,99,,101631,46,0,35,1,32,,101618,46,0,35,1,70,,101626,46,0,35,1,77,,101634,46,0,35,1,105,,101623,46,0,35,1,26,,101615,46,0,35,1,70,,101628,46,0,35,1,29,,101637,46,0,35,1,26,,101621,46,0,35,1,67,,101625,46,0,35,1,23,,101616,46,0,35,1,70,,101609,46,0,35,1,30,,101611,46,0,35,1
11001,'11',549,,101662,46,0,35,1,105,,101646,46,0,35,1,70,,101644,46,0,35,1,30,,101645,46,0,35,1,72,,101665,46,0,35,1,31,,101651,46,0,35,1,70,,101640,46,0,35,1,26,,101656,46,0,35,1,67,,101652,46,0,35,1,104,,101664,46,0,35,1,30,,101668,46,0,35,1,70,,101670,46,0,35,1,28,,101642,46,0,35,1,70,,101667,46,0,35,1,99,,101663,46,0,35,1,32,,101650,46,0,35,1,70,,101658,46,0,35,1,77,,101666,46,0,35,1,105,,101655,46,0,35,1,26,,101647,46,0,35,1,70,,101660,46,0,35,1,29,,101669,46,0,35,1,26,,101653,46,0,35,1,67,,101657,46,0,35,1,23,,101648,46,0,35,1,70,,101641,46,0,35,1,30,,101643,46,0,35,1
11001,'12',549,,101694,46,0,35,1,105,,101678,46,0,35,1,70,,101676,46,0,35,1,30,,101677,46,0,35,1,72,,101697,46,0,35,1,31,,101683,46,0,35,1,70,,101672,46,0,35,1,26,,101688,46,0,35,1,67,,101684,46,0,35,1,104,,101696,46,0,35,1,30,,101700,46,0,35,1,70,,101702,46,0,35,1,28,,101674,46,0,35,1,70,,101699,46,0,35,1,99,,101695,46,0,35,1,32,,101682,46,0,35,1,70,,101690,46,0,35,1,77,,101698,46,0,35,1,105,,101687,46,0,35,1,26,,101679,46,0,35,1,70,,101692,46,0,35,1,29,,101701,46,0,35,1,26,,101685,46,0,35,1,67,,101689,46,0,35,1,23,,101680,46,0,35,1,70,,101673,46,0,35,1,30,,101675,46,0,35,1
11001,'13',549,,101722,46,0,35,1,75,,101713,46,0,35,1,30,,101718,46,0,35,1,70,,101724,46,0,35,1,30,,101730,46,0,35,1,72,,101733,46,0,35,1,31,,101705,46,0,35,1,70,,101715,46,0,35,1,26,,101710,46,0,35,1,67,,101717,46,0,35,1,30,,101732,46,0,35,1,74,,101719,46,0,35,1,30,,101704,46,0,35,1,70,,101714,46,0,35,1,28,,101734,46,0,35,1,70,,101735,46,0,35,1,31,,101725,46,0,35,1,70,,101711,46,0,35,1,30,,101731,46,0,35,1,70,,101709,46,0,35,1,77,,101721,46,0,35,1,32,,101706,46,0,35,1,73,,101727,46,0,35,1,26,,101729,46,0,35,1,70,,101726,46,0,35,1,29,,101728,46,0,35,1,26,,101707,46,0,35,1,67,,101703,46,0,35,1,23,,101723,46,0,35,1,70,,101720,46,0,35,1,30,,101712,46,0,35,1
11001,'14',624,,101737,47,0,35,1,30,,101741,47,0,35,1,1070,,101739,47,0,35,1,30,,101738,47,0,35,1
11001,'15',549,,101765,46,0,35,1,105,,101749,46,0,35,1,70,,101747,46,0,35,1,30,,101748,46,0,35,1,72,,101768,46,0,35,1,31,,101754,46,0,35,1,70,,101743,46,0,35,1,26,,101759,46,0,35,1,67,,101755,46,0,35,1,104,,101767,46,0,35,1,30,,101771,46,0,35,1,70,,101773,46,0,35,1,28,,101745,46,0,35,1,70,,101770,46,0,35,1,99,,101766,46,0,35,1,32,,101753,46,0,35,1,70,,101761,46,0,35,1,77,,101769,46,0,35,1,105,,101758,46,0,35,1,26,,101750,46,0,35,1,70,,101763,46,0,35,1,29,,101772,46,0,35,1,26,,101756,46,0,35,1,67,,101760,46,0,35,1,23,,101751,46,0,35,1,70,,101744,46,0,35,1,30,,101746,46,0,35,1
11001,'16',549,,101797,46,0,35,1,105,,101781,46,0,35,1,70,,101779,46,0,35,1,30,,101780,46,0,35,1,72,,101800,46,0,35,1,31,,101786,46,0,35,1,70,,101775,46,0,35,1,26,,101791,46,0,35,1,67,,101787,46,0,35,1,104,,101799,46,0,35,1,30,,101803,46,0,35,1,70,,101805,46,0,35,1,28,,101777,46,0,35,1,70,,101802,46,0,35,1,99,,101798,46,0,35,1,32,,101785,46,0,35,1,70,,101793,46,0,35,1,77,,101801,46,0,35,1,105,,101790,46,0,35,1,26,,101782,46,0,35,1,70,,101795,46,0,35,1,29,,101804,46,0,35,1,26,,101788,46,0,35,1,67,,101792,46,0,35,1,23,,101783,46,0,35,1,70,,101776,46,0,35,1,30,,101778,46,0,35,1
11001,'17',549,,101825,46,0,35,1,75,,101816,46,0,35,1,30,,101821,46,0,35,1,70,,101827,46,0,35,1,30,,101833,46,0,35,1,72,,101836,46,0,35,1,31,,101808,46,0,35,1,70,,101818,46,0,35,1,26,,101813,46,0,35,1,67,,101820,46,0,35,1,30,,101835,46,0,35,1,74,,101822,46,0,35,1,30,,101807,46,0,35,1,70,,101817,46,0,35,1,28,,101837,46,0,35,1,70,,101838,46,0,35,1,31,,101828,46,0,35,1,70,,101814,46,0,35,1,30,,101834,46,0,35,1,70,,101812,46,0,35,1,77,,101824,46,0,35,1,32,,101809,46,0,35,1,73,,101830,46,0,35,1,26,,101832,46,0,35,1,70,,101829,46,0,35,1,29,,101831,46,0,35,1,26,,101810,46,0,35,1,67,,101806,46,0,35,1,23,,101826,46,0,35,1,70,,101823,46,0,35,1,30,,101815,46,0,35,1
11001,'18',549,,101851,46,0,35,1,75,,101861,46,0,35,1,30,,101863,46,0,35,1,70,,101854,46,0,35,1,30,,101841,46,0,35,1,72,,101853,46,0,35,1,31,,101845,46,0,35,1,70,,101864,46,0,35,1,26,,101850,46,0,35,1,67,,101870,46,0,35,1,30,,101842,46,0,35,1,74,,101865,46,0,35,1,30,,101858,46,0,35,1,70,,101846,46,0,35,1,28,,101869,46,0,35,1,70,,101855,46,0,35,1,31,,101871,46,0,35,1,70,,101868,46,0,35,1,30,,101848,46,0,35,1,70,,101849,46,0,35,1,80,,101852,46,0,35,1,30,,101847,46,0,35,1,72,,101857,46,0,35,1,26,,101859,46,0,35,1,70,,101866,46,0,35,1,29,,101839,46,0,35,1,26,,101840,46,0,35,1,67,,101867,46,0,35,1,23,,101844,46,0,35,1,70,,101860,46,0,35,1,30,,101856,46,0,35,1
11001,'19',549,,101891,46,0,35,1,75,,101882,46,0,35,1,30,,101887,46,0,35,1,70,,101893,46,0,35,1,30,,101899,46,0,35,1,72,,101902,46,0,35,1,31,,101874,46,0,35,1,70,,101884,46,0,35,1,26,,101879,46,0,35,1,67,,101886,46,0,35,1,30,,101901,46,0,35,1,74,,101888,46,0,35,1,30,,101873,46,0,35,1,70,,101883,46,0,35,1,28,,101903,46,0,35,1,70,,101904,46,0,35,1,31,,101894,46,0,35,1,70,,101880,46,0,35,1,30,,101900,46,0,35,1,70,,101878,46,0,35,1,77,,101890,46,0,35,1,32,,101875,46,0,35,1,73,,101896,46,0,35,1,26,,101898,46,0,35,1,70,,101895,46,0,35,1,29,,101897,46,0,35,1,26,,101876,46,0,35,1,67,,101872,46,0,35,1,23,,101892,46,0,35,1,70,,101889,46,0,35,1,30,,101881,46,0,35,1
11001,'2',624,,101907,47,0,35,1,30,,101910,47,0,35,1,1070,,101908,47,0,35,1,30,,101909,47,0,35,1
11001,'3',549,,101934,46,0,35,1,105,,101918,46,0,35,1,70,,101916,46,0,35,1,30,,101917,46,0,35,1,72,,101937,46,0,35,1,31,,101923,46,0,35,1,70,,101912,46,0,35,1,26,,101928,46,0,35,1,67,,101924,46,0,35,1,104,,101936,46,0,35,1,30,,101940,46,0,35,1,70,,101942,46,0,35,1,28,,101914,46,0,35,1,70,,101939,46,0,35,1,99,,101935,46,0,35,1,32,,101922,46,0,35,1,70,,101930,46,0,35,1,77,,101938,46,0,35,1,105,,101927,46,0,35,1,26,,101919,46,0,35,1,70,,101932,46,0,35,1,29,,101941,46,0,35,1,26,,101925,46,0,35,1,67,,101929,46,0,35,1,23,,101920,46,0,35,1,70,,101913,46,0,35,1,30,,101915,46,0,35,1
11001,'4',549,,101966,46,0,35,1,105,,101950,46,0,35,1,70,,101948,46,0,35,1,30,,101949,46,0,35,1,72,,101969,46,0,35,1,31,,101955,46,0,35,1,70,,101944,46,0,35,1,26,,101960,46,0,35,1,67,,101956,46,0,35,1,104,,101968,46,0,35,1,30,,101972,46,0,35,1,70,,101974,46,0,35,1,28,,101946,46,0,35,1,70,,101971,46,0,35,1,99,,101967,46,0,35,1,32,,101954,46,0,35,1,70,,101962,46,0,35,1,77,,101970,46,0,35,1,105,,101959,46,0,35,1,26,,101951,46,0,35,1,70,,101964,46,0,35,1,29,,101973,46,0,35,1,26,,101957,46,0,35,1,67,,101961,46,0,35,1,23,,101952,46,0,35,1,70,,101945,46,0,35,1,30,,101947,46,0,35,1
11001,'5',549,,101994,46,0,35,1,75,,101985,46,0,35,1,30,,101990,46,0,35,1,70,,101996,46,0,35,1,30,,102002,46,0,35,1,72,,102005,46,0,35,1,31,,101977,46,0,35,1,70,,101987,46,0,35,1,26,,101982,46,0,35,1,67,,101989,46,0,35,1,30,,102004,46,0,35,1,74,,101991,46,0,35,1,30,,101976,46,0,35,1,70,,101986,46,0,35,1,28,,102006,46,0,35,1,70,,102007,46,0,35,1,31,,101997,46,0,35,1,70,,101983,46,0,35,1,30,,102003,46,0,35,1,70,,101981,46,0,35,1,77,,101993,46,0,35,1,32,,101978,46,0,35,1,73,,101999,46,0,35,1,26,,102001,46,0,35,1,70,,101998,46,0,35,1,29,,102000,46,0,35,1,26,,101979,46,0,35,1,67,,101975,46,0,35,1,23,,101995,46,0,35,1,70,,101992,46,0,35,1,30,,101984,46,0,35,1
11001,'6',549,,102031,46,0,35,1,105,,102015,46,0,35,1,70,,102013,46,0,35,1,30,,102014,46,0,35,1,72,,102034,46,0,35,1,31,,102020,46,0,35,1,70,,102009,46,0,35,1,26,,102025,46,0,35,1,67,,102021,46,0,35,1,104,,102033,46,0,35,1,30,,102037,46,0,35,1,70,,102039,46,0,35,1,28,,102011,46,0,35,1,70,,102036,46,0,35,1,99,,102032,46,0,35,1,32,,102019,46,0,35,1,70,,102027,46,0,35,1,77,,102035,46,0,35,1,105,,102024,46,0,35,1,26,,102016,46,0,35,1,70,,102029,46,0,35,1,29,,102038,46,0,35,1,26,,102022,46,0,35,1,67,,102026,46,0,35,1,23,,102017,46,0,35,1,70,,102010,46,0,35,1,30,,102012,46,0,35,1
11001,'7',549,,102059,46,0,35,1,75,,102050,46,0,35,1,30,,102055,46,0,35,1,70,,102061,46,0,35,1,30,,102067,46,0,35,1,72,,102070,46,0,35,1,31,,102042,46,0,35,1,70,,102052,46,0,35,1,26,,102047,46,0,35,1,67,,102054,46,0,35,1,30,,102069,46,0,35,1,74,,102056,46,0,35,1,30,,102041,46,0,35,1,70,,102051,46,0,35,1,28,,102071,46,0,35,1,70,,102072,46,0,35,1,31,,102062,46,0,35,1,70,,102048,46,0,35,1,30,,102068,46,0,35,1,70,,102046,46,0,35,1,77,,102058,46,0,35,1,32,,102043,46,0,35,1,73,,102064,46,0,35,1,26,,102066,46,0,35,1,70,,102063,46,0,35,1,29,,102065,46,0,35,1,26,,102044,46,0,35,1,67,,102040,46,0,35,1,23,,102060,46,0,35,1,70,,102057,46,0,35,1,30,,102049,46,0,35,1
11001,'8',624,,102074,47,0,35,1,30,,102078,47,0,35,1,1070,,102076,47,0,35,1,30,,102075,47,0,35,1
11001,'9',624,,102081,47,0,35,1,30,,102084,47,0,35,1,1070,,102082,47,0,35,1,30,,102083,47,0,35,1
16800,'1',640,,111401,17,,,1,100,,111415,17,,,1,100,,111423,17,,,1,70,,111414,17,,,1,30,,111408,17,,,1,71,,111413,17,,,1,30,,111400,17,,,1,70,,111407,17,,,1,30,,111404,17,,,1,70,,111418,17,,,1,30,,111411,17,,,1,70,,111406,17,,,1,30,,111426,17,,,1,70,,111409,17,,,1,30,,111403,17,,,1,70,,111410,17,,,1,30,,111422,17,,,1,70,,111419,17,,,1,30,,111416,17,,,1,70,,111420,17,,,1,30,,111425,17,,,1,70,,111402,17,,,1,30,,111412,17,,,1,100,,111427,17,,,1,99,,111424,17,,,1,100,,111405,17,,,1,100,,111421,17,,,1,113,,111417,17,,,1
16800,'10',535,,111428,17,,,1,75,,111430,17,,,1,27,,111454,17,,,1,70,,111444,17,,,1,32,,111450,17,,,1,70,,111439,17,,,1,30,,111432,17,,,1,70,,111445,17,,,1,29,,111436,17,,,1,70,,111442,17,,,1,30,,111453,17,,,1,70,,111458,17,,,1,30,,111449,17,,,1,70,,111446,17,,,1,30,,111438,17,,,1,70,,111447,17,,,1,30,,111429,17,,,1,71,,111443,17,,,1,30,,111462,17,,,1,71,,111461,17,,,1,31,,111448,17,,,1,68,,111435,17,,,1,30,,111440,17,,,1,70,,111433,17,,,1,30,,111452,17,,,1,70,,111437,17,,,1,29,,111456,17,,,1,70,,111451,17,,,1,28,,111460,17,,,1,70,,111459,17,,,1,30,,111441,17,,,1,70,,111455,17,,,1,30,,111434,17,,,1,100,,111457,17,,,1,112,,111431,17,,,1
16800,'11',535,,111463,17,,,1,75,,111465,17,,,1,27,,111489,17,,,1,70,,111479,17,,,1,32,,111485,17,,,1,70,,111474,17,,,1,30,,111467,17,,,1,70,,111480,17,,,1,29,,111471,17,,,1,70,,111477,17,,,1,30,,111488,17,,,1,70,,111493,17,,,1,30,,111484,17,,,1,70,,111481,17,,,1,30,,111473,17,,,1,70,,111482,17,,,1,30,,111464,17,,,1,71,,111478,17,,,1,30,,111497,17,,,1,71,,111496,17,,,1,31,,111483,17,,,1,68,,111470,17,,,1,30,,111475,17,,,1,70,,111468,17,,,1,30,,111487,17,,,1,70,,111472,17,,,1,29,,111491,17,,,1,70,,111486,17,,,1,28,,111495,17,,,1,70,,111494,17,,,1,30,,111476,17,,,1,70,,111490,17,,,1,30,,111469,17,,,1,100,,111492,17,,,1,112,,111466,17,,,1
16800,'12',535,,111498,17,,,1,75,,111500,17,,,1,27,,111524,17,,,1,70,,111514,17,,,1,32,,111520,17,,,1,70,,111509,17,,,1,30,,111502,17,,,1,70,,111515,17,,,1,29,,111506,17,,,1,70,,111512,17,,,1,30,,111523,17,,,1,70,,111528,17,,,1,30,,111519,17,,,1,70,,111516,17,,,1,30,,111508,17,,,1,70,,111517,17,,,1,30,,111499,17,,,1,71,,111513,17,,,1,30,,111532,17,,,1,71,,111531,17,,,1,31,,111518,17,,,1,68,,111505,17,,,1,30,,111510,17,,,1,70,,111503,17,,,1,30,,111522,17,,,1,70,,111507,17,,,1,29,,111526,17,,,1,70,,111521,17,,,1,28,,111530,17,,,1,70,,111529,17,,,1,30,,111511,17,,,1,70,,111525,17,,,1,30,,111504,17,,,1,100,,111527,17,,,1,112,,111501,17,,,1
16800,'13',535,,111561,17,,,1,75,,111558,17,,,1,27,,111552,17,,,1,70,,111563,17,,,1,32,,111549,17,,,1,70,,111555,17,,,1,30,,111567,17,,,1,70,,111535,17,,,1,29,,111537,17,,,1,70,,111565,17,,,1,30,,111559,17,,,1,70,,111543,17,,,1,30,,111547,17,,,1,70,,111536,17,,,1,30,,111556,17,,,1,70,,111566,17,,,1,30,,111562,17,,,1,71,,111557,17,,,1,30,,111545,17,,,1,71,,111533,17,,,1,29,,111554,17,,,1,70,,111534,17,,,1,30,,111541,17,,,1,70,,111560,17,,,1,30,,111538,17,,,1,70,,111540,17,,,1,29,,111539,17,,,1,70,,111544,17,,,1,28,,111553,17,,,1,70,,111542,17,,,1,30,,111546,17,,,1,70,,111548,17,,,1,30,,111550,17,,,1,100,,111564,17,,,1,112,,111551,17,,,1
16800,'14',642,,111593,17,,,1,100,,111589,17,,,1,70,,111568,17,,,1,30,,111574,17,,,1,70,,111576,17,,,1,30,,111571,17,,,1,71,,111583,17,,,1,30,,111582,17,,,1,70,,111581,17,,,1,30,,111597,17,,,1,70,,111596,17,,,1,30,,111584,17,,,1,70,,111595,17,,,1,30,,111577,17,,,1,70,,111575,17,,,1,30,,111570,17,,,1,70,,111594,17,,,1,30,,111569,17,,,1,70,,111587,17,,,1,30,,111592,17,,,1,70,,111573,17,,,1,30,,111585,17,,,1,70,,111599,17,,,1,30,,111578,17,,,1,70,,111590,17,,,1,30,,111579,17,,,1,69,,111580,17,,,1,30,,111591,17,,,1,70,,111588,17,,,1,30,,111598,17,,,1,100,,111572,17,,,1,160,,111586,17,,,1
16800,'15',535,,111600,17,,,1,75,,111602,17,,,1,27,,111626,17,,,1,70,,111616,17,,,1,32,,111622,17,,,1,70,,111611,17,,,1,30,,111604,17,,,1,70,,111617,17,,,1,29,,111608,17,,,1,70,,111614,17,,,1,30,,111625,17,,,1,70,,111630,17,,,1,30,,111621,17,,,1,70,,111618,17,,,1,30,,111610,17,,,1,70,,111619,17,,,1,30,,111601,17,,,1,71,,111615,17,,,1,30,,111634,17,,,1,71,,111633,17,,,1,31,,111620,17,,,1,68,,111607,17,,,1,30,,111612,17,,,1,70,,111605,17,,,1,30,,111624,17,,,1,70,,111609,17,,,1,29,,111628,17,,,1,70,,111623,17,,,1,28,,111632,17,,,1,70,,111631,17,,,1,30,,111613,17,,,1,70,,111627,17,,,1,30,,111606,17,,,1,100,,111629,17,,,1,112,,111603,17,,,1
16800,'16',535,,111635,17,,,1,75,,111637,17,,,1,27,,111661,17,,,1,70,,111651,17,,,1,32,,111657,17,,,1,70,,111646,17,,,1,30,,111639,17,,,1,70,,111652,17,,,1,29,,111643,17,,,1,70,,111649,17,,,1,30,,111660,17,,,1,70,,111665,17,,,1,30,,111656,17,,,1,70,,111653,17,,,1,30,,111645,17,,,1,70,,111654,17,,,1,30,,111636,17,,,1,71,,111650,17,,,1,30,,111669,17,,,1,71,,111668,17,,,1,31,,111655,17,,,1,68,,111642,17,,,1,30,,111647,17,,,1,70,,111640,17,,,1,30,,111659,17,,,1,70,,111644,17,,,1,29,,111663,17,,,1,70,,111658,17,,,1,28,,111667,17,,,1,70,,111666,17,,,1,30,,111648,17,,,1,70,,111662,17,,,1,30,,111641,17,,,1,100,,111664,17,,,1,112,,111638,17,,,1
16800,'17',535,,111698,17,,,1,75,,111695,17,,,1,27,,111689,17,,,1,70,,111700,17,,,1,32,,111686,17,,,1,70,,111692,17,,,1,30,,111704,17,,,1,70,,111672,17,,,1,29,,111674,17,,,1,70,,111702,17,,,1,30,,111696,17,,,1,70,,111680,17,,,1,30,,111684,17,,,1,70,,111673,17,,,1,30,,111693,17,,,1,70,,111703,17,,,1,30,,111699,17,,,1,71,,111694,17,,,1,30,,111682,17,,,1,71,,111670,17,,,1,29,,111691,17,,,1,70,,111671,17,,,1,30,,111678,17,,,1,70,,111697,17,,,1,30,,111675,17,,,1,70,,111677,17,,,1,29,,111676,17,,,1,70,,111681,17,,,1,28,,111690,17,,,1,70,,111679,17,,,1,30,,111683,17,,,1,70,,111685,17,,,1,30,,111687,17,,,1,100,,111701,17,,,1,112,,111688,17,,,1
16800,'18',535,,111711,17,,,1,102,,111705,17,,,1,102,,111719,17,,,1,100,,111712,17,,,1,99,,111717,17,,,1,100,,111720,17,,,1,100,,111715,17,,,1,100,,111709,17,,,1,100,,111721,17,,,1,101,,111708,17,,,1,100,,111706,17,,,1,100,,111713,17,,,1,100,,111714,17,,,1,99,,111718,17,,,1,98,,111716,17,,,1,100,,111722,17,,,1,100,,111723,17,,,1,100,,111707,17,,,1,112,,111710,17,,,1
16800,'19',535,,111752,17,,,1,75,,111749,17,,,1,27,,111743,17,,,1,70,,111754,17,,,1,32,,111740,17,,,1,70,,111746,17,,,1,30,,111758,17,,,1,70,,111726,17,,,1,29,,111728,17,,,1,70,,111756,17,,,1,30,,111750,17,,,1,70,,111734,17,,,1,30,,111738,17,,,1,70,,111727,17,,,1,30,,111747,17,,,1,70,,111757,17,,,1,30,,111753,17,,,1,71,,111748,17,,,1,30,,111736,17,,,1,71,,111724,17,,,1,29,,111745,17,,,1,70,,111725,17,,,1,30,,111732,17,,,1,70,,111751,17,,,1,30,,111729,17,,,1,70,,111731,17,,,1,29,,111730,17,,,1,70,,111735,17,,,1,28,,111744,17,,,1,70,,111733,17,,,1,30,,111737,17,,,1,70,,111739,17,,,1,30,,111741,17,,,1,100,,111755,17,,,1,112,,111742,17,,,1
16800,'2',640,,111760,17,,,1,100,,111774,17,,,1,100,,111782,17,,,1,70,,111773,17,,,1,30,,111767,17,,,1,71,,111772,17,,,1,30,,111759,17,,,1,70,,111766,17,,,1,30,,111763,17,,,1,70,,111777,17,,,1,30,,111770,17,,,1,70,,111765,17,,,1,30,,111785,17,,,1,70,,111768,17,,,1,30,,111762,17,,,1,70,,111769,17,,,1,30,,111781,17,,,1,70,,111778,17,,,1,30,,111775,17,,,1,70,,111779,17,,,1,30,,111784,17,,,1,70,,111761,17,,,1,30,,111771,17,,,1,100,,111786,17,,,1,99,,111783,17,,,1,100,,111764,17,,,1,100,,111780,17,,,1,113,,111776,17,,,1
16800,'3',535,,111787,17,,,1,75,,111789,17,,,1,27,,111813,17,,,1,70,,111803,17,,,1,32,,111809,17,,,1,70,,111798,17,,,1,30,,111791,17,,,1,70,,111804,17,,,1,29,,111795,17,,,1,70,,111801,17,,,1,30,,111812,17,,,1,70,,111817,17,,,1,30,,111808,17,,,1,70,,111805,17,,,1,30,,111797,17,,,1,70,,111806,17,,,1,30,,111788,17,,,1,71,,111802,17,,,1,30,,111821,17,,,1,71,,111820,17,,,1,31,,111807,17,,,1,68,,111794,17,,,1,30,,111799,17,,,1,70,,111792,17,,,1,30,,111811,17,,,1,70,,111796,17,,,1,29,,111815,17,,,1,70,,111810,17,,,1,28,,111819,17,,,1,70,,111818,17,,,1,30,,111800,17,,,1,70,,111814,17,,,1,30,,111793,17,,,1,100,,111816,17,,,1,112,,111790,17,,,1
16800,'4',535,,111822,17,,,1,75,,111824,17,,,1,27,,111848,17,,,1,70,,111838,17,,,1,32,,111844,17,,,1,70,,111833,17,,,1,30,,111826,17,,,1,70,,111839,17,,,1,29,,111830,17,,,1,70,,111836,17,,,1,30,,111847,17,,,1,70,,111852,17,,,1,30,,111843,17,,,1,70,,111840,17,,,1,30,,111832,17,,,1,70,,111841,17,,,1,30,,111823,17,,,1,71,,111837,17,,,1,30,,111856,17,,,1,71,,111855,17,,,1,31,,111842,17,,,1,68,,111829,17,,,1,30,,111834,17,,,1,70,,111827,17,,,1,30,,111846,17,,,1,70,,111831,17,,,1,29,,111850,17,,,1,70,,111845,17,,,1,28,,111854,17,,,1,70,,111853,17,,,1,30,,111835,17,,,1,70,,111849,17,,,1,30,,111828,17,,,1,100,,111851,17,,,1,112,,111825,17,,,1
16800,'5',535,,111885,17,,,1,75,,111882,17,,,1,27,,111876,17,,,1,70,,111887,17,,,1,32,,111873,17,,,1,70,,111879,17,,,1,30,,111891,17,,,1,70,,111859,17,,,1,29,,111861,17,,,1,70,,111889,17,,,1,30,,111883,17,,,1,70,,111867,17,,,1,30,,111871,17,,,1,70,,111860,17,,,1,30,,111880,17,,,1,70,,111890,17,,,1,30,,111886,17,,,1,71,,111881,17,,,1,30,,111869,17,,,1,71,,111857,17,,,1,29,,111878,17,,,1,70,,111858,17,,,1,30,,111865,17,,,1,70,,111884,17,,,1,30,,111862,17,,,1,70,,111864,17,,,1,29,,111863,17,,,1,70,,111868,17,,,1,28,,111877,17,,,1,70,,111866,17,,,1,30,,111870,17,,,1,70,,111872,17,,,1,30,,111874,17,,,1,100,,111888,17,,,1,112,,111875,17,,,1
16800,'6',535,,111892,17,,,1,75,,111894,17,,,1,27,,111918,17,,,1,70,,111908,17,,,1,32,,111914,17,,,1,70,,111903,17,,,1,30,,111896,17,,,1,70,,111909,17,,,1,29,,111900,17,,,1,70,,111906,17,,,1,30,,111917,17,,,1,70,,111922,17,,,1,30,,111913,17,,,1,70,,111910,17,,,1,30,,111902,17,,,1,70,,111911,17,,,1,30,,111893,17,,,1,71,,111907,17,,,1,30,,111926,17,,,1,71,,111925,17,,,1,31,,111912,17,,,1,68,,111899,17,,,1,30,,111904,17,,,1,70,,111897,17,,,1,30,,111916,17,,,1,70,,111901,17,,,1,29,,111920,17,,,1,70,,111915,17,,,1,28,,111924,17,,,1,70,,111923,17,,,1,30,,111905,17,,,1,70,,111919,17,,,1,30,,111898,17,,,1,100,,111921,17,,,1,112,,111895,17,,,1
16800,'7',535,,111955,17,,,1,75,,111952,17,,,1,27,,111946,17,,,1,70,,111957,17,,,1,32,,111943,17,,,1,70,,111949,17,,,1,30,,111961,17,,,1,70,,111929,17,,,1,29,,111931,17,,,1,70,,111959,17,,,1,30,,111953,17,,,1,70,,111937,17,,,1,30,,111941,17,,,1,70,,111930,17,,,1,30,,111950,17,,,1,70,,111960,17,,,1,30,,111956,17,,,1,71,,111951,17,,,1,30,,111939,17,,,1,71,,111927,17,,,1,29,,111948,17,,,1,70,,111928,17,,,1,30,,111935,17,,,1,70,,111954,17,,,1,30,,111932,17,,,1,70,,111934,17,,,1,29,,111933,17,,,1,70,,111938,17,,,1,28,,111947,17,,,1,70,,111936,17,,,1,30,,111940,17,,,1,70,,111942,17,,,1,30,,111944,17,,,1,100,,111958,17,,,1,112,,111945,17,,,1
16800,'8',642,,111987,17,,,1,100,,111983,17,,,1,70,,111962,17,,,1,30,,111968,17,,,1,70,,111970,17,,,1,30,,111965,17,,,1,71,,111977,17,,,1,30,,111976,17,,,1,70,,111975,17,,,1,30,,111991,17,,,1,70,,111990,17,,,1,30,,111978,17,,,1,70,,111989,17,,,1,30,,111971,17,,,1,70,,111969,17,,,1,30,,111964,17,,,1,70,,111988,17,,,1,30,,111963,17,,,1,70,,111981,17,,,1,30,,111986,17,,,1,70,,111967,17,,,1,30,,111979,17,,,1,70,,111993,17,,,1,30,,111972,17,,,1,70,,111984,17,,,1,30,,111973,17,,,1,69,,111974,17,,,1,30,,111985,17,,,1,70,,111982,17,,,1,30,,111992,17,,,1,100,,111966,17,,,1,160,,111980,17,,,1
16800,'9',640,,111995,17,,,1,100,,112009,17,,,1,100,,112017,17,,,1,70,,112008,17,,,1,30,,112002,17,,,1,71,,112007,17,,,1,30,,111994,17,,,1,70,,112001,17,,,1,30,,111998,17,,,1,70,,112012,17,,,1,30,,112005,17,,,1,70,,112000,17,,,1,30,,112020,17,,,1,70,,112003,17,,,1,30,,111997,17,,,1,70,,112004,17,,,1,30,,112016,17,,,1,70,,112013,17,,,1,30,,112010,17,,,1,70,,112014,17,,,1,30,,112019,17,,,1,70,,111996,17,,,1,30,,112006,17,,,1,100,,112021,17,,,1,99,,112018,17,,,1,100,,111999,17,,,1,100,,112015,17,,,1,113,,112011,17,,,1
68800,'10',713,,120287,20,,,1,2,,120286,17,,,1
68800,'11',713,,120289,20,,,1,2,,120288,17,,,1
68800,'12',713,,120291,20,,,1,2,,120290,17,,,1
68800,'15',713,,120293,20,,,1,2,,120292,17,,,1
68800,'16',713,,120295,20,,,1,2,,120294,17,,,1
68800,'3',713,,120297,20,,,1,2,,120296,17,,,1
68800,'4',713,,120299,20,,,1,2,,120298,17,,,1
68800,'6',713,,120301,20,,,1,2,,120300,17,,,1
