5700,'1',628,,177926,0,15 16,1,31,,177919,0,15 16,1,70,,177912,0,15 16,1,30,,177916,0,15 16,1,71,,177929,0,15 16,1,73,,177901,0,15 16,1,30,,177892,0,15 16,1,70,,177924,0,15 16,1,27,,177914,0,15 16,1,70,,177895,0,15 16,1,30,,45512,0,15 16,1,70,,177904,0,15 16,1,31,,177899,0,15 16,1,70,,177897,0,15 16,1,33,,177931,0,15 16,1,70,,177932,0,15 16,1,30,,177933,0,15 16,1,69,,2376,0,15 16,1,16,,47091,0,15 16,1,15,,177911,0,15 16,1,16,,177915,0,15 16,1,55,,97757,0,15 16,1,13,,177902,0,15 16,1,16,,177928,0,15 16,1,17,,177906,0,15 16,1,54,,177894,0,15 16,1,14,,1238,0,15 16,1,16,,177905,0,15 16,1,14,,177898,0,15 16,1,55,,177917,0,15 16,1,30,,177893,0,15 16,1,70,,35051,0,15 16,1,29,,177921,0,15 16,1,25,,49370,0,15 16,1,70,,177909,0,15 16,1,30,,177925,0,15 16,1,69,,53147,0,15 16,1,30,,177923,0,15 16,1,67,,177930,0,15 16,1,29,,112644,0,15 16,1,73,,177922,0,15 16,1,74,,177927,0,15 16,1
5700,'10',814,,42540,0,15 16,1,99,,177935,0,15 16,1,100,,177946,0,15 16,1,100,,177941,0,15 16,1,101,,177942,0,15 16,1,100,,177955,0,15 16,1,100,,177945,0,15 16,1,100,,177949,0,15 16,1,99,,177947,0,15 16,1,100,,177948,0,15 16,1,100,,177950,0,15 16,1,100,,177954,0,15 16,1,100,,177944,0,15 16,1,100,,177940,0,15 16,1,100,,177937,0,15 16,1
5700,'11',628,,177958,0,15 16,1,31,,177978,0,15 16,1,70,,77014,0,15 16,1,30,,177957,0,15 16,1,71,,177964,0,15 16,1,73,,83427,0,15 16,1,30,,177972,0,15 16,1,70,,177977,0,15 16,1,27,,177987,0,15 16,1,70,,114145,0,15 16,1,30,,177984,0,15 16,1,70,,177962,0,15 16,1,31,,177991,0,15 16,1,70,,177986,0,15 16,1,33,,177956,0,15 16,1,70,,105378,0,15 16,1,99,,177963,0,15 16,1,14,,177975,0,15 16,1,17,,177985,0,15 16,1,16,,177992,0,15 16,1,55,,66255,0,15 16,1,13,,177967,0,15 16,1,16,,177969,0,15 16,1,16,,177973,0,15 16,1,55,,177966,0,15 16,1,14,,94019,0,15 16,1,16,,177961,0,15 16,1,14,,177970,0,15 16,1,55,,177959,0,15 16,1,30,,177988,0,15 16,1,70,,177980,0,15 16,1,29,,177976,0,15 16,1,25,,177960,0,15 16,1,70,,177968,0,15 16,1,30,,124637,0,15 16,1,69,,63588,0,15 16,1,30,,8436,0,15 16,1,67,,177979,0,15 16,1,29,,177994,0,15 16,1,73,,177974,0,15 16,1,74,,177990,0,15 16,1
5700,'12',628,,177997,0,15 16,1,31,,178023,0,15 16,1,70,,178019,0,15 16,1,30,,177996,0,15 16,1,71,,178002,0,15 16,1,73,,178003,0,15 16,1,30,,178015,0,15 16,1,70,,71744,0,15 16,1,27,,178032,0,15 16,1,70,,178022,0,15 16,1,30,,178029,0,15 16,1,70,,94885,0,15 16,1,31,,178036,0,15 16,1,70,,178031,0,15 16,1,33,,177995,0,15 16,1,70,,178035,0,15 16,1,99,,178001,0,15 16,1,14,,178018,0,15 16,1,17,,178030,0,15 16,1,16,,178037,0,15 16,1,55,,178013,0,15 16,1,13,,178008,0,15 16,1,16,,178011,0,15 16,1,16,,178017,0,15 16,1,55,,178005,0,15 16,1,14,,178010,0,15 16,1,16,,178000,0,15 16,1,14,,178012,0,15 16,1,55,,177998,0,15 16,1,30,,178033,0,15 16,1,70,,178026,0,15 16,1,29,,178020,0,15 16,1,25,,177999,0,15 16,1,70,,178009,0,15 16,1,30,,178025,0,15 16,1,69,,178007,0,15 16,1,30,,178006,0,15 16,1,67,,178024,0,15 16,1,29,,178039,0,15 16,1,73,,178016,0,15 16,1,74,,91908,0,15 16,1
5700,'13',814,,178049,0,15 16,1,99,,178042,0,15 16,1,100,,178053,0,15 16,1,100,,178048,0,15 16,1,101,,76731,0,15 16,1,100,,178058,0,15 16,1,100,,178052,0,15 16,1,100,,178054,0,15 16,1,99,,71895,0,15 16,1,100,,85213,0,15 16,1,100,,178055,0,15 16,1,100,,178057,0,15 16,1,100,,178051,0,15 16,1,100,,178047,0,15 16,1,100,,178044,0,15 16,1
5700,'14',628,,178061,0,15 16,1,31,,178081,0,15 16,1,70,,77424,0,15 16,1,30,,178060,0,15 16,1,71,,178067,0,15 16,1,73,,83714,0,15 16,1,30,,178075,0,15 16,1,70,,178080,0,15 16,1,27,,178090,0,15 16,1,70,,114382,0,15 16,1,30,,178087,0,15 16,1,70,,178065,0,15 16,1,31,,178094,0,15 16,1,70,,178089,0,15 16,1,33,,178059,0,15 16,1,70,,105562,0,15 16,1,99,,178066,0,15 16,1,14,,178078,0,15 16,1,17,,178088,0,15 16,1,16,,178095,0,15 16,1,55,,66560,0,15 16,1,13,,178070,0,15 16,1,16,,178072,0,15 16,1,16,,178076,0,15 16,1,55,,178069,0,15 16,1,14,,94645,0,15 16,1,16,,178064,0,15 16,1,14,,178073,0,15 16,1,55,,178062,0,15 16,1,30,,178091,0,15 16,1,70,,178083,0,15 16,1,29,,178079,0,15 16,1,25,,178063,0,15 16,1,70,,178071,0,15 16,1,30,,124667,0,15 16,1,69,,63753,0,15 16,1,30,,8755,0,15 16,1,67,,178082,0,15 16,1,29,,178097,0,15 16,1,73,,178077,0,15 16,1,74,,178093,0,15 16,1
5700,'15',916,,178108,0,15 16,1,99,,178098,0,15 16,1,101,,178116,0,15 16,1,101,,178121,0,15 16,1,100,,178100,0,15 16,1,100,,178102,0,15 16,1,100,,178101,0,15 16,1,99,,178103,0,15 16,1,100,,178104,0,15 16,1,100,,178109,0,15 16,1
5700,'16',916,,178131,0,15 16,1,99,,178123,0,15 16,1,101,,178138,0,15 16,1,101,,178143,0,15 16,1,100,,178125,0,15 16,1,100,,39696,0,15 16,1,100,,178126,0,15 16,1,99,,56263,0,15 16,1,100,,178127,0,15 16,1,100,,91479,0,15 16,1
5700,'17',628,,178177,0,15 16,1,31,,178169,0,15 16,1,70,,178162,0,15 16,1,30,,178165,0,15 16,1,71,,80952,0,15 16,1,73,,178155,0,15 16,1,30,,120000,0,15 16,1,70,,178175,0,15 16,1,27,,178163,0,15 16,1,70,,60827,0,15 16,1,30,,178154,0,15 16,1,70,,9499,0,15 16,1,31,,178151,0,15 16,1,70,,119617,0,15 16,1,33,,178179,0,15 16,1,70,,178180,0,15 16,1,30,,178182,0,15 16,1,69,,178181,0,15 16,1,16,,178164,0,15 16,1,15,,73814,0,15 16,1,16,,75632,0,15 16,1,55,,178167,0,15 16,1,13,,178156,0,15 16,1,16,,65941,0,15 16,1,17,,178157,0,15 16,1,54,,83780,0,15 16,1,14,,178149,0,15 16,1,16,,20026,0,15 16,1,14,,178150,0,15 16,1,55,,178166,0,15 16,1,30,,178145,0,15 16,1,70,,178174,0,15 16,1,29,,178171,0,15 16,1,25,,178153,0,15 16,1,70,,178160,0,15 16,1,30,,178176,0,15 16,1,69,,178148,0,15 16,1,30,,178173,0,15 16,1,67,,178178,0,15 16,1,29,,178146,0,15 16,1,73,,178172,0,15 16,1,74,,982,0,15 16,1
5700,'18',814,,178187,0,15 16,1,99,,77241,0,15 16,1,100,,108419,0,15 16,1,100,,89886,0,15 16,1,101,,178186,0,15 16,1,100,,178196,0,15 16,1,100,,41499,0,15 16,1,100,,96698,0,15 16,1,99,,178190,0,15 16,1,100,,178191,0,15 16,1,100,,178192,0,15 16,1,100,,95643,0,15 16,1,100,,178189,0,15 16,1,100,,61437,0,15 16,1,100,,119517,0,15 16,1
5700,'19',628,,178229,0,15 16,1,31,,178221,0,15 16,1,70,,178214,0,15 16,1,30,,178217,0,15 16,1,71,,79914,0,15 16,1,73,,178207,0,15 16,1,30,,119976,0,15 16,1,70,,178227,0,15 16,1,27,,178215,0,15 16,1,70,,60333,0,15 16,1,30,,178206,0,15 16,1,70,,9103,0,15 16,1,31,,178203,0,15 16,1,70,,119401,0,15 16,1,33,,178231,0,15 16,1,70,,178232,0,15 16,1,30,,178234,0,15 16,1,69,,178233,0,15 16,1,16,,178216,0,15 16,1,15,,73308,0,15 16,1,16,,75366,0,15 16,1,55,,178219,0,15 16,1,13,,178208,0,15 16,1,16,,65331,0,15 16,1,17,,178209,0,15 16,1,54,,83386,0,15 16,1,14,,178201,0,15 16,1,16,,19414,0,15 16,1,14,,178202,0,15 16,1,55,,178218,0,15 16,1,30,,178197,0,15 16,1,70,,178226,0,15 16,1,29,,178223,0,15 16,1,25,,178205,0,15 16,1,70,,178212,0,15 16,1,30,,178228,0,15 16,1,69,,178200,0,15 16,1,30,,178225,0,15 16,1,67,,178230,0,15 16,1,29,,178198,0,15 16,1,73,,178224,0,15 16,1,74,,354,0,15 16,1
5700,'2',628,,178237,0,15 16,1,31,,178257,0,15 16,1,70,,77192,0,15 16,1,30,,178236,0,15 16,1,71,,178243,0,15 16,1,73,,83574,0,15 16,1,30,,178251,0,15 16,1,70,,178256,0,15 16,1,27,,178266,0,15 16,1,70,,114266,0,15 16,1,30,,178263,0,15 16,1,70,,178241,0,15 16,1,31,,178270,0,15 16,1,70,,178265,0,15 16,1,33,,178235,0,15 16,1,70,,105434,0,15 16,1,99,,178242,0,15 16,1,14,,178254,0,15 16,1,17,,178264,0,15 16,1,16,,178271,0,15 16,1,55,,66420,0,15 16,1,13,,178246,0,15 16,1,16,,178248,0,15 16,1,16,,178252,0,15 16,1,55,,178245,0,15 16,1,14,,94309,0,15 16,1,16,,178240,0,15 16,1,14,,178249,0,15 16,1,55,,178238,0,15 16,1,30,,178267,0,15 16,1,70,,178259,0,15 16,1,29,,178255,0,15 16,1,25,,178239,0,15 16,1,70,,178247,0,15 16,1,30,,124643,0,15 16,1,69,,63621,0,15 16,1,30,,8607,0,15 16,1,67,,178258,0,15 16,1,29,,178273,0,15 16,1,73,,178253,0,15 16,1,74,,178269,0,15 16,1
5700,'20',916,,178282,0,15 16,1,99,,178274,0,15 16,1,101,,178289,0,15 16,1,101,,178294,0,15 16,1,100,,178276,0,15 16,1,100,,39142,0,15 16,1,100,,178277,0,15 16,1,99,,56052,0,15 16,1,100,,178278,0,15 16,1,100,,91275,0,15 16,1
5700,'21',628,,178328,0,15 16,1,31,,178320,0,15 16,1,70,,178313,0,15 16,1,30,,178316,0,15 16,1,71,,80859,0,15 16,1,73,,178306,0,15 16,1,30,,119997,0,15 16,1,70,,178326,0,15 16,1,27,,178314,0,15 16,1,70,,60776,0,15 16,1,30,,178305,0,15 16,1,70,,9464,0,15 16,1,31,,178302,0,15 16,1,70,,119594,0,15 16,1,33,,178330,0,15 16,1,70,,178331,0,15 16,1,30,,178333,0,15 16,1,69,,178332,0,15 16,1,16,,178315,0,15 16,1,15,,73765,0,15 16,1,16,,75598,0,15 16,1,55,,178318,0,15 16,1,13,,178307,0,15 16,1,16,,65885,0,15 16,1,17,,178308,0,15 16,1,54,,83744,0,15 16,1,14,,178300,0,15 16,1,16,,19965,0,15 16,1,14,,178301,0,15 16,1,55,,178317,0,15 16,1,30,,178296,0,15 16,1,70,,178325,0,15 16,1,29,,178322,0,15 16,1,25,,178304,0,15 16,1,70,,178311,0,15 16,1,30,,178327,0,15 16,1,69,,178299,0,15 16,1,30,,178324,0,15 16,1,67,,178329,0,15 16,1,29,,178297,0,15 16,1,73,,178323,0,15 16,1,74,,918,0,15 16,1
5700,'22',814,,42499,0,15 16,1,99,,178335,0,15 16,1,100,,178346,0,15 16,1,100,,178341,0,15 16,1,101,,178342,0,15 16,1,100,,178355,0,15 16,1,100,,178345,0,15 16,1,100,,178349,0,15 16,1,99,,178347,0,15 16,1,100,,178348,0,15 16,1,100,,178350,0,15 16,1,100,,178354,0,15 16,1,100,,178344,0,15 16,1,100,,178340,0,15 16,1,100,,178337,0,15 16,1
5700,'3',916,,37595,0,15 16,1,99,,178356,0,15 16,1,101,,178368,0,15 16,1,101,,178372,0,15 16,1,100,,178358,0,15 16,1,100,,178359,0,15 16,1,100,,112074,0,15 16,1,99,,178360,0,15 16,1,100,,178361,0,15 16,1,100,,178363,0,15 16,1
5700,'4',628,,178375,0,15 16,1,31,,178395,0,15 16,1,70,,77308,0,15 16,1,30,,178374,0,15 16,1,71,,178381,0,15 16,1,73,,83644,0,15 16,1,30,,178389,0,15 16,1,70,,178394,0,15 16,1,27,,178404,0,15 16,1,70,,114324,0,15 16,1,30,,178401,0,15 16,1,70,,178379,0,15 16,1,31,,178408,0,15 16,1,70,,178403,0,15 16,1,33,,178373,0,15 16,1,70,,105498,0,15 16,1,99,,178380,0,15 16,1,14,,178392,0,15 16,1,17,,178402,0,15 16,1,16,,178409,0,15 16,1,55,,66490,0,15 16,1,13,,178384,0,15 16,1,16,,178386,0,15 16,1,16,,178390,0,15 16,1,55,,178383,0,15 16,1,14,,94477,0,15 16,1,16,,178378,0,15 16,1,14,,178387,0,15 16,1,55,,178376,0,15 16,1,30,,178405,0,15 16,1,70,,178397,0,15 16,1,29,,178393,0,15 16,1,25,,178377,0,15 16,1,70,,178385,0,15 16,1,30,,124655,0,15 16,1,69,,63687,0,15 16,1,30,,8681,0,15 16,1,67,,178396,0,15 16,1,29,,178411,0,15 16,1,73,,178391,0,15 16,1,74,,178407,0,15 16,1
5700,'5',628,,178414,0,15 16,1,31,,178434,0,15 16,1,70,,77366,0,15 16,1,30,,178413,0,15 16,1,71,,178420,0,15 16,1,73,,83679,0,15 16,1,30,,178428,0,15 16,1,70,,178433,0,15 16,1,27,,178443,0,15 16,1,70,,114353,0,15 16,1,30,,178440,0,15 16,1,70,,178418,0,15 16,1,31,,178447,0,15 16,1,70,,178442,0,15 16,1,33,,178412,0,15 16,1,70,,105530,0,15 16,1,99,,178419,0,15 16,1,14,,178431,0,15 16,1,17,,178441,0,15 16,1,16,,178448,0,15 16,1,55,,66525,0,15 16,1,13,,178423,0,15 16,1,16,,178425,0,15 16,1,16,,178429,0,15 16,1,55,,178422,0,15 16,1,14,,94561,0,15 16,1,16,,178417,0,15 16,1,14,,178426,0,15 16,1,55,,178415,0,15 16,1,30,,178444,0,15 16,1,70,,178436,0,15 16,1,29,,178432,0,15 16,1,25,,178416,0,15 16,1,70,,178424,0,15 16,1,30,,124661,0,15 16,1,69,,63720,0,15 16,1,30,,8718,0,15 16,1,67,,178435,0,15 16,1,29,,178450,0,15 16,1,73,,178430,0,15 16,1,74,,178446,0,15 16,1
5700,'6',628,,178453,0,15 16,1,31,,178473,0,15 16,1,70,,76669,0,15 16,1,30,,178452,0,15 16,1,71,,178459,0,15 16,1,73,,83195,0,15 16,1,30,,178467,0,15 16,1,70,,178472,0,15 16,1,27,,178482,0,15 16,1,70,,113966,0,15 16,1,30,,178479,0,15 16,1,70,,178457,0,15 16,1,31,,178486,0,15 16,1,70,,178481,0,15 16,1,33,,178451,0,15 16,1,70,,105203,0,15 16,1,99,,178458,0,15 16,1,14,,178470,0,15 16,1,17,,178480,0,15 16,1,16,,178487,0,15 16,1,55,,66013,0,15 16,1,13,,178462,0,15 16,1,16,,178464,0,15 16,1,16,,178468,0,15 16,1,55,,178461,0,15 16,1,14,,93509,0,15 16,1,16,,178456,0,15 16,1,14,,178465,0,15 16,1,55,,178454,0,15 16,1,30,,178483,0,15 16,1,70,,178475,0,15 16,1,29,,178471,0,15 16,1,25,,178455,0,15 16,1,70,,178463,0,15 16,1,30,,124625,0,15 16,1,69,,63417,0,15 16,1,30,,8188,0,15 16,1,67,,178474,0,15 16,1,29,,178489,0,15 16,1,73,,178469,0,15 16,1,74,,178485,0,15 16,1
5700,'7',628,,178504,0,15 16,1,31,,178533,0,15 16,1,70,,178499,0,15 16,1,30,,178519,0,15 16,1,71,,178508,0,15 16,1,73,,178531,0,15 16,1,30,,178503,0,15 16,1,70,,178500,0,15 16,1,27,,178509,0,15 16,1,70,,178535,0,15 16,1,30,,178523,0,15 16,1,70,,178491,0,15 16,1,31,,178529,0,15 16,1,70,,178515,0,15 16,1,33,,178507,0,15 16,1,70,,178514,0,15 16,1,30,,178501,0,15 16,1,69,,178526,0,15 16,1,14,,178511,0,15 16,1,15,,178536,0,15 16,1,16,,178522,0,15 16,1,56,,178524,0,15 16,1,14,,178528,0,15 16,1,16,,178505,0,15 16,1,16,,178527,0,15 16,1,56,,178498,0,15 16,1,15,,178495,0,15 16,1,14,,178517,0,15 16,1,14,,178521,0,15 16,1,55,,178518,0,15 16,1,30,,178538,0,15 16,1,70,,178493,0,15 16,1,29,,178534,0,15 16,1,25,,178513,0,15 16,1,70,,178510,0,15 16,1,30,,178540,0,15 16,1,69,,178525,0,15 16,1,30,,178512,0,15 16,1,67,,178496,0,15 16,1,29,,178537,0,15 16,1,73,,178490,0,15 16,1,74,,178530,0,15 16,1
5700,'8',916,,178549,0,15 16,1,99,,178541,0,15 16,1,101,,178556,0,15 16,1,101,,178561,0,15 16,1,100,,178543,0,15 16,1,100,,39460,0,15 16,1,100,,178544,0,15 16,1,99,,56173,0,15 16,1,100,,178545,0,15 16,1,100,,91416,0,15 16,1
5700,'9',628,,65268,0,15 16,1,31,,178596,0,15 16,1,70,,178587,0,15 16,1,30,,178592,0,15 16,1,71,,178605,0,15 16,1,73,,178576,0,15 16,1,30,,178563,0,15 16,1,70,,178601,0,15 16,1,27,,178589,0,15 16,1,70,,178566,0,15 16,1,30,,178575,0,15 16,1,70,,178579,0,15 16,1,31,,178572,0,15 16,1,70,,178568,0,15 16,1,33,,178607,0,15 16,1,70,,178608,0,15 16,1,30,,86375,0,15 16,1,69,,178609,0,15 16,1,16,,178590,0,15 16,1,15,,178586,0,15 16,1,16,,178591,0,15 16,1,55,,178594,0,15 16,1,13,,178577,0,15 16,1,16,,178604,0,15 16,1,17,,178581,0,15 16,1,54,,178564,0,15 16,1,14,,178570,0,15 16,1,16,,178580,0,15 16,1,14,,178571,0,15 16,1,55,,178593,0,15 16,1,30,,50573,0,15 16,1,70,,178600,0,15 16,1,29,,46575,0,15 16,1,25,,178574,0,15 16,1,70,,178584,0,15 16,1,30,,178602,0,15 16,1,69,,178569,0,15 16,1,30,,178599,0,15 16,1,67,,178606,0,15 16,1,29,,178565,0,15 16,1,73,,178598,0,15 16,1,74,,178603,0,15 16,1
66500,'11',828,,232602,,,1,2,,232601,,,1
66500,'12',828,,232604,,,1,2,,232603,,,1
66500,'14',828,,232606,,,1,2,,232605,,,1
66500,'2',828,,232608,,,1,2,,232607,,,1
66500,'4',828,,232610,,,1,2,,232609,,,1
66500,'5',828,,232612,,,1,2,,232611,,,1
66500,'6',828,,232614,,,1,2,,232613,,,1
