26200,'12',545,,293790,20,,,1,98,,293789,20,,,1,67,,293792,20,,,1,90,,293791,20,,,1
26200,'14',545,,185373,20,,,1,98,,293793,20,,,1,65,,25421,20,,,1,92,,293794,20,,,1
26200,'15',545,,293796,20,,,1,98,,293795,20,,,1,67,,293798,20,,,1,90,,293797,20,,,1
26200,'17',545,,51227,20,,,1,98,,293799,20,,,1,65,,182838,20,,,1,92,,293800,20,,,1
26200,'18',545,,185511,20,,,1,98,,293801,20,,,1,65,,182968,20,,,1,92,,293802,20,,,1
26200,'2',545,,293806,20,,,1,98,,293804,20,,,1,65,,293803,20,,,1,92,,293805,20,,,1
26200,'3',545,,29704,20,,,1,98,,293807,20,,,1,67,,293809,20,,,1,90,,293808,20,,,1
26200,'4',545,,293811,20,,,1,98,,293810,20,,,1,67,,293813,20,,,1,90,,293812,20,,,1
26200,'5',545,,293815,20,,,1,98,,293814,20,,,1,67,,293817,20,,,1,90,,293816,20,,,1
26200,'7',545,,293820,20,,,1,98,,163341,20,,,1,65,,293818,20,,,1,92,,293819,20,,,1
26200,'8',545,,293823,20,,,1,98,,293822,20,,,1,66,,293821,20,,,1,91,,293824,20,,,1
26200,'9',545,,293826,20,,,1,98,,293825,20,,,1,67,,293828,20,,,1,90,,293827,20,,,1
30301,'15',1512,,294686,46,,,1
30301,'18',1512,,294687,46,,,1
30301,'8',1512,,294688,46,,,1
