65800,'1',1528,,205188,5,,,1,9,,205187,5,,,1
65800,'17',1528,,205191,5,,,1,9,,205190,5,,,1
65800,'2',1528,,205194,5,,,1,9,,205193,5,,,1
65800,'5',1528,,205196,5,,,1,9,,205195,5,,,1
65800,'6',1528,,205199,5,,,1,9,,205198,5,,,1
65800,'8',1528,,205202,5,,,1,9,,205201,5,,,1
66001,'1',1539,,205270,5,,,1
66001,'17',1539,,205271,5,,,1
66001,'2',1539,,205272,5,,,1
66001,'5',1539,,205273,5,,,1
66001,'6',1539,,205274,5,,,1
66001,'8',1539,,205275,5,,,1
66101,'1',1536,,205281,4,,,1
66101,'17',1536,,205282,4,,,1
66101,'2',1536,,205283,4,,,1
66101,'5',1536,,205284,4,,,1
66101,'6',1536,,205285,4,,,1
66101,'8',1536,,205286,4,,,1
66901,'1',1530,,29151,3,,,1,9,,205540,3,,,1
66901,'17',1530,,29357,3,,,1,9,,205542,3,,,1
66901,'2',1530,,29196,3,,,1,9,,205544,3,,,1
66901,'5',1530,,205546,3,,,1,9,,205547,3,,,1
66901,'6',1530,,29599,3,,,1,9,,205549,3,,,1
66901,'8',1530,,29554,3,,,1,9,,205551,3,,,1
