16500,'1',906,,110613,14,,,1,100,,110610,14,,,1,101,,110609,14,,,1,100,,110605,14,,,1,100,,110611,14,,,1,100,,110604,14,,,1,100,,110606,14,,,1,100,,110608,14,,,1,100,,110607,14,,,1,100,,110612,14,,,1,99,,110603,14,,,1
16500,'10',609,,110620,14,,,1,30,,110627,14,,,1,70,,110615,14,,,1,30,,110636,14,,,1,68,,110629,14,,,1,33,,110628,14,,,1,69,,110630,14,,,1,30,,110624,14,,,1,101,,110625,14,,,1,100,,110635,14,,,1,100,,110634,14,,,1,100,,110632,14,,,1,100,,110616,14,,,1,70,,110617,14,,,1,100,,110618,14,,,1,30,,110621,14,,,1,70,,110633,14,,,1,30,,110631,14,,,1,70,,110622,14,,,1,100,,110626,14,,,1,100,,110619,14,,,1,100,,110623,14,,,1,99,,110614,14,,,1
16500,'11',609,,110643,14,,,1,30,,110650,14,,,1,70,,110638,14,,,1,30,,110659,14,,,1,68,,110653,14,,,1,33,,110651,14,,,1,69,,110652,14,,,1,30,,110647,14,,,1,101,,110648,14,,,1,100,,110658,14,,,1,100,,110657,14,,,1,100,,110655,14,,,1,100,,110639,14,,,1,70,,110640,14,,,1,100,,110641,14,,,1,30,,110644,14,,,1,70,,110656,14,,,1,30,,110654,14,,,1,70,,110645,14,,,1,100,,110649,14,,,1,100,,110642,14,,,1,100,,110646,14,,,1,99,,110637,14,,,1
16500,'12',609,,110666,14,,,1,30,,110673,14,,,1,70,,110661,14,,,1,30,,110682,14,,,1,68,,110676,14,,,1,33,,110674,14,,,1,69,,110675,14,,,1,30,,110670,14,,,1,101,,110671,14,,,1,100,,110681,14,,,1,100,,110680,14,,,1,100,,110678,14,,,1,100,,110662,14,,,1,70,,110663,14,,,1,100,,110664,14,,,1,30,,110667,14,,,1,70,,110679,14,,,1,30,,110677,14,,,1,70,,110668,14,,,1,100,,110672,14,,,1,100,,110665,14,,,1,100,,110669,14,,,1,99,,110660,14,,,1
16500,'13',609,,110697,14,,,1,30,,110706,14,,,1,70,,110704,14,,,1,30,,110689,14,,,1,69,,110700,14,,,1,31,,110694,14,,,1,70,,110688,14,,,1,30,,110701,14,,,1,101,,110699,14,,,1,100,,110696,14,,,1,100,,110693,14,,,1,100,,110692,14,,,1,100,,110690,14,,,1,70,,110705,14,,,1,30,,110683,14,,,1,70,,110686,14,,,1,32,,110687,14,,,1,68,,110685,14,,,1,30,,110698,14,,,1,70,,110702,14,,,1,100,,110691,14,,,1,100,,110695,14,,,1,100,,110703,14,,,1,99,,110684,14,,,1
16500,'14',719,,110717,14,,,1,100,,110720,14,,,1,100,,110714,14,,,1,101,,110710,14,,,1,100,,110712,14,,,1,100,,110718,14,,,1,100,,110707,14,,,1,100,,110711,14,,,1,100,,110719,14,,,1,100,,110708,14,,,1,100,,110715,14,,,1,100,,110716,14,,,1,99,,110721,14,,,1,100,,110713,14,,,1,100,,110722,14,,,1,100,,110709,14,,,1
16500,'15',609,,110729,14,,,1,30,,110736,14,,,1,70,,110724,14,,,1,30,,110745,14,,,1,68,,110739,14,,,1,33,,110737,14,,,1,69,,110738,14,,,1,30,,110733,14,,,1,101,,110734,14,,,1,100,,110744,14,,,1,100,,110743,14,,,1,100,,110741,14,,,1,100,,110725,14,,,1,70,,110726,14,,,1,100,,110727,14,,,1,30,,110730,14,,,1,70,,110742,14,,,1,30,,110740,14,,,1,70,,110731,14,,,1,100,,110735,14,,,1,100,,110728,14,,,1,100,,110732,14,,,1,99,,110723,14,,,1
16500,'16',609,,110752,14,,,1,30,,110759,14,,,1,70,,110747,14,,,1,30,,110768,14,,,1,68,,110762,14,,,1,33,,110760,14,,,1,69,,110761,14,,,1,30,,110756,14,,,1,101,,110757,14,,,1,100,,110767,14,,,1,100,,110766,14,,,1,100,,110764,14,,,1,100,,110748,14,,,1,70,,110749,14,,,1,100,,110750,14,,,1,30,,110753,14,,,1,70,,110765,14,,,1,30,,110763,14,,,1,70,,110754,14,,,1,100,,110758,14,,,1,100,,110751,14,,,1,100,,110755,14,,,1,99,,110746,14,,,1
16500,'17',609,,110783,14,,,1,30,,110792,14,,,1,70,,110790,14,,,1,30,,110775,14,,,1,69,,110786,14,,,1,31,,110780,14,,,1,70,,110774,14,,,1,30,,110787,14,,,1,101,,110785,14,,,1,100,,110782,14,,,1,100,,110779,14,,,1,100,,110778,14,,,1,100,,110776,14,,,1,70,,110791,14,,,1,30,,110769,14,,,1,70,,110772,14,,,1,32,,110773,14,,,1,68,,110771,14,,,1,30,,110784,14,,,1,70,,110788,14,,,1,100,,110777,14,,,1,100,,110781,14,,,1,100,,110789,14,,,1,99,,110770,14,,,1
16500,'18',609,,110795,14,,,1,99,,110802,14,,,1,99,,110804,14,,,1,102,,110801,14,,,1,100,,110803,14,,,1,101,,110809,14,,,1,100,,110797,14,,,1,100,,110796,14,,,1,100,,110799,14,,,1,100,,110793,14,,,1,100,,110805,14,,,1,101,,110794,14,,,1,99,,110807,14,,,1,100,,110806,14,,,1,100,,110798,14,,,1,100,,110800,14,,,1,99,,110808,14,,,1
16500,'19',609,,110824,14,,,1,30,,110833,14,,,1,70,,110831,14,,,1,30,,110816,14,,,1,69,,110827,14,,,1,31,,110821,14,,,1,70,,110815,14,,,1,30,,110828,14,,,1,101,,110826,14,,,1,100,,110823,14,,,1,100,,110820,14,,,1,100,,110819,14,,,1,100,,110817,14,,,1,70,,110832,14,,,1,30,,110810,14,,,1,70,,110813,14,,,1,32,,110814,14,,,1,68,,110812,14,,,1,30,,110825,14,,,1,70,,110829,14,,,1,100,,110818,14,,,1,100,,110822,14,,,1,100,,110830,14,,,1,99,,110811,14,,,1
16500,'2',906,,110844,14,,,1,100,,110841,14,,,1,101,,110840,14,,,1,100,,110836,14,,,1,100,,110842,14,,,1,100,,110835,14,,,1,100,,110837,14,,,1,100,,110839,14,,,1,100,,110838,14,,,1,100,,110843,14,,,1,99,,110834,14,,,1
16500,'3',609,,110851,14,,,1,30,,110858,14,,,1,70,,110846,14,,,1,30,,110867,14,,,1,68,,110861,14,,,1,33,,110859,14,,,1,69,,110860,14,,,1,30,,110855,14,,,1,101,,110856,14,,,1,100,,110866,14,,,1,100,,110865,14,,,1,100,,110863,14,,,1,100,,110847,14,,,1,70,,110848,14,,,1,100,,110849,14,,,1,30,,110852,14,,,1,70,,110864,14,,,1,30,,110862,14,,,1,70,,110853,14,,,1,100,,110857,14,,,1,100,,110850,14,,,1,100,,110854,14,,,1,99,,110845,14,,,1
16500,'4',609,,110874,14,,,1,30,,110881,14,,,1,70,,110869,14,,,1,30,,110890,14,,,1,68,,110884,14,,,1,33,,110882,14,,,1,69,,110883,14,,,1,30,,110878,14,,,1,101,,110879,14,,,1,100,,110889,14,,,1,100,,110888,14,,,1,100,,110886,14,,,1,100,,110870,14,,,1,70,,110871,14,,,1,100,,110872,14,,,1,30,,110875,14,,,1,70,,110887,14,,,1,30,,110885,14,,,1,70,,110876,14,,,1,100,,110880,14,,,1,100,,110873,14,,,1,100,,110877,14,,,1,99,,110868,14,,,1
16500,'5',609,,110905,14,,,1,30,,110914,14,,,1,70,,110912,14,,,1,30,,110897,14,,,1,69,,110908,14,,,1,31,,110902,14,,,1,70,,110896,14,,,1,30,,110909,14,,,1,101,,110907,14,,,1,100,,110904,14,,,1,100,,110901,14,,,1,100,,110900,14,,,1,100,,110898,14,,,1,70,,110913,14,,,1,30,,110891,14,,,1,70,,110894,14,,,1,32,,110895,14,,,1,68,,110893,14,,,1,30,,110906,14,,,1,70,,110910,14,,,1,100,,110899,14,,,1,100,,110903,14,,,1,100,,110911,14,,,1,99,,110892,14,,,1
16500,'6',609,,110921,14,,,1,30,,110928,14,,,1,70,,110916,14,,,1,30,,110937,14,,,1,68,,110931,14,,,1,33,,110929,14,,,1,69,,110930,14,,,1,30,,110925,14,,,1,101,,110926,14,,,1,100,,110936,14,,,1,100,,110935,14,,,1,100,,110933,14,,,1,100,,110917,14,,,1,70,,110918,14,,,1,100,,110919,14,,,1,30,,110922,14,,,1,70,,110934,14,,,1,30,,110932,14,,,1,70,,110923,14,,,1,100,,110927,14,,,1,100,,110920,14,,,1,100,,110924,14,,,1,99,,110915,14,,,1
16500,'7',609,,110952,14,,,1,30,,110961,14,,,1,70,,110959,14,,,1,30,,110944,14,,,1,69,,110955,14,,,1,31,,110949,14,,,1,70,,110943,14,,,1,30,,110956,14,,,1,101,,110954,14,,,1,100,,110951,14,,,1,100,,110948,14,,,1,100,,110947,14,,,1,100,,110945,14,,,1,70,,110960,14,,,1,30,,110938,14,,,1,70,,110941,14,,,1,32,,110942,14,,,1,68,,110940,14,,,1,30,,110953,14,,,1,70,,110957,14,,,1,100,,110946,14,,,1,100,,110950,14,,,1,100,,110958,14,,,1,99,,110939,14,,,1
16500,'8',719,,110972,14,,,1,100,,110975,14,,,1,100,,110969,14,,,1,101,,110965,14,,,1,100,,110967,14,,,1,100,,110973,14,,,1,100,,110962,14,,,1,100,,110966,14,,,1,100,,110974,14,,,1,100,,110963,14,,,1,100,,110970,14,,,1,100,,110971,14,,,1,99,,110976,14,,,1,100,,110968,14,,,1,100,,110977,14,,,1,100,,110964,14,,,1
16500,'9',906,,110988,14,,,1,100,,110985,14,,,1,101,,110984,14,,,1,100,,110980,14,,,1,100,,110986,14,,,1,100,,110979,14,,,1,100,,110981,14,,,1,100,,110983,14,,,1,100,,110982,14,,,1,100,,110987,14,,,1,99,,110978,14,,,1
66401,'10',1523,,119288,19,,,1
66401,'11',1523,,119291,19,,,1
66401,'12',1523,,119294,19,,,1
66401,'15',1523,,119297,19,,,1
66401,'16',1523,,119300,19,,,1
66401,'3',1523,,119303,19,,,1
66401,'4',1523,,119306,19,,,1
66401,'6',1523,,119309,19,,,1
