2601,'11',829,,518961,,,1
2601,'12',829,,580095,,,1
2601,'13',829,,580105,,,1
2601,'14',829,,580115,,,1
2601,'15',829,,580125,,,1
2601,'17',829,,580147,,,1
2601,'18',829,,580157,,,1
2601,'19',829,,580169,,,1
2601,'20',829,,580183,,,1
2601,'22',829,,580205,,,1
2601,'8',829,,580252,,,1
3500,'11',851,,585846,,,1
3500,'12',851,,585875,,,1
3500,'13',851,,585904,,,1
3500,'14',851,,585933,,,1
3500,'15',851,,585962,,,1
3500,'17',851,,586019,,,1
3500,'18',851,,586048,,,1
3500,'19',851,,586077,,,1
3500,'20',851,,586130,,,1
3500,'22',851,,544826,,,1
3500,'8',851,,586379,,,1
61900,'11',810,,670794,,,1,5,,670795,,,1
61900,'12',810,,540222,,,1,5,,518482,,,1
61900,'13',810,,539994,,,1,5,,518126,,,1
61900,'14',810,,540161,,,1,5,,518383,,,1
61900,'15',810,,540125,,,1,5,,518331,,,1
61900,'17',810,,540107,,,1,5,,518305,,,1
61900,'18',810,,540295,,,1,5,,518585,,,1
61900,'19',810,,670796,,,1,5,,670797,,,1
61900,'20',810,,540245,,,1,5,,518511,,,1
61900,'22',810,,670798,,,1,5,,670799,,,1
61900,'8',810,,540143,,,1,5,,518357,,,1
62200,'11',827,,488573,0,73 74 75,1,27,,670814,,,1
62200,'12',827,,670815,0,73 74 75,1,27,,487194,,,1
62200,'13',827,,670816,0,73 74 75,1,27,,486642,,,1
62200,'14',827,,670817,0,73 74 75,1,27,,487044,,,1
62200,'15',827,,670818,0,73 74 75,1,27,,486946,,,1
62200,'17',827,,670819,0,73 74 75,1,27,,486897,,,1
62200,'18',827,,670820,0,73 74 75,1,27,,487370,,,1
62200,'19',827,,670821,0,73 74 75,1,27,,670822,,,1
62200,'20',827,,670823,0,73 74 75,1,27,,487250,,,1
62200,'22',827,,670824,0,73 74 75,1,27,,670825,,,1
62200,'8',827,,670826,0,73 74 75,1,27,,486995,,,1
63000,'11',849,,670949,,,1
63000,'12',849,,670951,,,1
63000,'13',849,,670953,,,1
63000,'14',849,,670955,,,1
63000,'15',849,,670957,,,1
63000,'17',849,,670959,,,1
63000,'18',849,,670961,,,1
63000,'19',849,,483073,,,1
63000,'20',849,,670963,,,1
63000,'22',849,,670965,,,1
63000,'8',849,,670967,,,1
63100,'11',857,,670978,,,1
63100,'12',857,,670979,,,1
63100,'13',857,,670980,,,1
63100,'14',857,,670981,,,1
63100,'15',857,,670982,,,1
63100,'17',857,,670983,,,1
63100,'18',857,,670984,,,1
63100,'19',857,,670985,,,1
63100,'20',857,,670986,,,1
63100,'22',857,,670987,,,1
63100,'8',857,,670988,,,1
63300,'11',828,,671020,,,1
63300,'12',828,,671021,,,1
63300,'13',828,,671022,,,1
63300,'14',828,,671023,,,1
63300,'15',828,,671024,,,1
63300,'17',828,,671025,,,1
63300,'18',828,,671026,,,1
63300,'19',828,,671027,,,1
63300,'20',828,,671028,,,1
63300,'22',828,,671029,,,1
63300,'8',828,,671030,,,1
