9300,'1',651,,481654,4,,1,91,,646752,4,,1,100,,646737,4,,1,70,,646731,4,,1,30,,646729,4,,1,70,,646741,4,,1,31,,334543,4,,1,70,,646742,4,,1,30,,646746,4,,1,70,,646730,4,,1,30,,478599,4,,1,70,,646739,4,,1,30,,646747,4,,1,70,,646732,4,,1,30,,646750,4,,1,70,,646751,4,,1,30,,646736,4,,1,70,,646745,4,,1,30,,646743,4,,1,70,,646735,4,,1,30,,526364,4,,1,70,,495438,4,,1,30,,646740,4,,1,70,,646744,4,,1,30,,646755,4,,1,70,,646753,4,,1,29,,646748,4,,1,70,,646754,4,,1,30,,511216,4,,1,70,,646749,4,,1,30,,646733,4,,1,100,,646738,4,,1,100,,646734,4,,1
9300,'10',749,,646773,4,,1,100,,646778,4,,1,70,,646771,4,,1,30,,646774,4,,1,71,,646769,4,,1,30,,646779,4,,1,8,,646764,4,,1,62,,646776,4,,1,30,,490770,4,,1,70,,500240,4,,1,30,,646767,4,,1,70,,646763,4,,1,30,,646770,4,,1,70,,646775,4,,1,21,,646756,4,,1,9,,646761,4,,1,70,,646772,4,,1,30,,646782,4,,1,70,,646758,4,,1,30,,646765,4,,1,70,,646757,4,,1,30,,646784,4,,1,70,,646777,4,,1,30,,646759,4,,1,70,,646780,4,,1,30,,646762,4,,1,69,,646781,4,,1,30,,646766,4,,1,70,,646783,4,,1,30,,646760,4,,1,100,,646768,4,,1,100,,453004,4,,1
9300,'11',528,,646804,4,,1,83,,646807,4,,1,30,,646805,4,,1,70,,646790,4,,1,32,,646802,4,,1,69,,646794,4,,1,33,,536575,4,,1,69,,500419,4,,1,30,,646796,4,,1,70,,646801,4,,1,29,,468188,4,,1,70,,646786,4,,1,30,,646812,4,,1,70,,646808,4,,1,30,,646799,4,,1,70,,646795,4,,1,30,,646789,4,,1,70,,646792,4,,1,30,,646803,4,,1,99,,646806,4,,1,74,,646811,4,,1,98,,646787,4,,1,98,,646797,4,,1,30,,646791,4,,1,70,,646810,4,,1,30,,494719,4,,1,70,,646798,4,,1,29,,646788,4,,1,70,,646793,4,,1,30,,646800,4,,1,69,,646809,4,,1,30,,534219,4,,1,99,,646785,4,,1
9300,'12',528,,646831,4,,1,83,,646834,4,,1,30,,646832,4,,1,70,,646818,4,,1,32,,646829,4,,1,69,,547079,4,,1,33,,646819,4,,1,69,,646822,4,,1,30,,646823,4,,1,70,,476752,4,,1,29,,646835,4,,1,70,,646814,4,,1,30,,646838,4,,1,70,,646836,4,,1,30,,646828,4,,1,70,,646821,4,,1,30,,646817,4,,1,70,,359823,4,,1,30,,646830,4,,1,99,,646833,4,,1,74,,496319,4,,1,98,,646815,4,,1,98,,646824,4,,1,30,,492112,4,,1,70,,348928,4,,1,30,,646826,4,,1,70,,646825,4,,1,29,,646816,4,,1,70,,646820,4,,1,30,,533603,4,,1,69,,646837,4,,1,30,,646827,4,,1,99,,646813,4,,1
9300,'13',528,,646857,4,,1,83,,646860,4,,1,30,,646858,4,,1,70,,646844,4,,1,32,,646855,4,,1,69,,546880,4,,1,33,,646845,4,,1,69,,646848,4,,1,30,,646849,4,,1,70,,476385,4,,1,29,,646861,4,,1,70,,646840,4,,1,30,,646864,4,,1,70,,646862,4,,1,30,,646854,4,,1,70,,646847,4,,1,30,,646843,4,,1,70,,450912,4,,1,30,,646856,4,,1,99,,646859,4,,1,74,,495991,4,,1,98,,646841,4,,1,98,,646850,4,,1,30,,491401,4,,1,70,,515078,4,,1,30,,646852,4,,1,70,,646851,4,,1,29,,646842,4,,1,70,,646846,4,,1,30,,420092,4,,1,69,,646863,4,,1,30,,646853,4,,1,99,,646839,4,,1
9300,'14',528,,646883,4,,1,83,,646886,4,,1,30,,646884,4,,1,70,,646870,4,,1,32,,646881,4,,1,69,,547026,4,,1,33,,646871,4,,1,69,,646874,4,,1,30,,646875,4,,1,70,,476650,4,,1,29,,646887,4,,1,70,,646866,4,,1,30,,646890,4,,1,70,,646888,4,,1,30,,646880,4,,1,70,,646873,4,,1,30,,646869,4,,1,70,,451332,4,,1,30,,646882,4,,1,99,,646885,4,,1,74,,496221,4,,1,98,,646867,4,,1,98,,646876,4,,1,30,,491925,4,,1,70,,515800,4,,1,30,,646878,4,,1,70,,646877,4,,1,29,,646868,4,,1,70,,646872,4,,1,30,,420544,4,,1,69,,646889,4,,1,30,,646879,4,,1,99,,646865,4,,1
9300,'15',528,,646909,4,,1,83,,646912,4,,1,30,,646910,4,,1,70,,646896,4,,1,32,,646907,4,,1,69,,546992,4,,1,33,,646897,4,,1,69,,646900,4,,1,30,,646901,4,,1,70,,476596,4,,1,29,,646913,4,,1,70,,646892,4,,1,30,,646916,4,,1,70,,646914,4,,1,30,,646906,4,,1,70,,646899,4,,1,30,,646895,4,,1,70,,451240,4,,1,30,,646908,4,,1,99,,646911,4,,1,74,,496179,4,,1,98,,646893,4,,1,98,,646902,4,,1,30,,491807,4,,1,70,,515654,4,,1,30,,646904,4,,1,70,,646903,4,,1,29,,646894,4,,1,70,,646898,4,,1,30,,420622,4,,1,69,,646915,4,,1,30,,646905,4,,1,99,,646891,4,,1
9300,'16',528,,646937,4,,1,83,,646927,4,,1,30,,646945,4,,1,70,,534704,4,,1,32,,483806,4,,1,69,,646933,4,,1,33,,646948,4,,1,69,,646917,4,,1,30,,646941,4,,1,70,,646935,4,,1,29,,646939,4,,1,70,,646938,4,,1,30,,646926,4,,1,70,,646940,4,,1,30,,439839,4,,1,70,,646936,4,,1,30,,646934,4,,1,70,,646942,4,,1,30,,646923,4,,1,71,,646928,4,,1,30,,646946,4,,1,70,,646924,4,,1,30,,646920,4,,1,70,,646929,4,,1,29,,646922,4,,1,69,,646918,4,,1,30,,646944,4,,1,70,,646925,4,,1,30,,646919,4,,1,70,,646943,4,,1,29,,646947,4,,1,70,,646921,4,,1,30,,646930,4,,1,69,,646932,4,,1,30,,646931,4,,1,99,,504790,4,,1
9300,'17',528,,646967,4,,1,83,,646970,4,,1,30,,646968,4,,1,70,,646954,4,,1,32,,646965,4,,1,69,,546975,4,,1,33,,646955,4,,1,69,,646958,4,,1,30,,646959,4,,1,70,,476569,4,,1,29,,646971,4,,1,70,,646950,4,,1,30,,646974,4,,1,70,,646972,4,,1,30,,646964,4,,1,70,,646957,4,,1,30,,646953,4,,1,70,,451194,4,,1,30,,646966,4,,1,99,,646969,4,,1,74,,496158,4,,1,98,,646951,4,,1,98,,646960,4,,1,30,,491748,4,,1,70,,515581,4,,1,30,,646962,4,,1,70,,646961,4,,1,29,,646952,4,,1,70,,646956,4,,1,30,,280568,4,,1,69,,646973,4,,1,30,,646963,4,,1,99,,646949,4,,1
9300,'18',528,,646993,4,,1,83,,646996,4,,1,30,,646994,4,,1,70,,646980,4,,1,32,,646991,4,,1,69,,547139,4,,1,33,,646981,4,,1,69,,646984,4,,1,30,,646985,4,,1,70,,476856,4,,1,29,,646997,4,,1,70,,646976,4,,1,30,,647000,4,,1,70,,646998,4,,1,30,,646990,4,,1,70,,646983,4,,1,30,,646979,4,,1,70,,451683,4,,1,30,,646992,4,,1,99,,646995,4,,1,74,,496410,4,,1,98,,646977,4,,1,98,,646986,4,,1,30,,492323,4,,1,70,,516379,4,,1,30,,646988,4,,1,70,,646987,4,,1,29,,646978,4,,1,70,,646982,4,,1,30,,420214,4,,1,69,,646999,4,,1,30,,646989,4,,1,99,,646975,4,,1
9300,'19',528,,493101,4,,1,83,,647023,4,,1,30,,647021,4,,1,70,,457929,4,,1,32,,647019,4,,1,69,,647008,4,,1,33,,647004,4,,1,69,,647010,4,,1,30,,647011,4,,1,70,,647018,4,,1,29,,647024,4,,1,70,,647002,4,,1,30,,460595,4,,1,70,,647025,4,,1,30,,647016,4,,1,70,,647009,4,,1,30,,647003,4,,1,70,,647006,4,,1,30,,647020,4,,1,99,,647022,4,,1,74,,647028,4,,1,98,,535491,4,,1,98,,647012,4,,1,30,,647005,4,,1,70,,647027,4,,1,30,,647014,4,,1,70,,647013,4,,1,29,,509490,4,,1,70,,647007,4,,1,30,,647017,4,,1,69,,647026,4,,1,30,,647015,4,,1,99,,647001,4,,1
9300,'2',749,,647048,4,,1,100,,647052,4,,1,70,,647043,4,,1,30,,647049,4,,1,71,,647041,4,,1,30,,647053,4,,1,8,,647037,4,,1,62,,490136,4,,1,30,,647047,4,,1,70,,647045,4,,1,30,,647039,4,,1,70,,647036,4,,1,30,,647042,4,,1,70,,647050,4,,1,21,,647029,4,,1,9,,647034,4,,1,70,,647044,4,,1,30,,647056,4,,1,70,,647031,4,,1,30,,520026,4,,1,70,,647030,4,,1,30,,647058,4,,1,70,,647051,4,,1,30,,647032,4,,1,70,,647054,4,,1,30,,647035,4,,1,69,,647055,4,,1,30,,647038,4,,1,70,,647057,4,,1,30,,647033,4,,1,100,,647040,4,,1,100,,647046,4,,1
9300,'20',528,,647077,4,,1,83,,647080,4,,1,30,,647078,4,,1,70,,647064,4,,1,32,,647075,4,,1,69,,547096,4,,1,33,,647065,4,,1,69,,647068,4,,1,30,,647069,4,,1,70,,476782,4,,1,29,,647081,4,,1,70,,647060,4,,1,30,,647084,4,,1,70,,647082,4,,1,30,,647074,4,,1,70,,647067,4,,1,30,,647063,4,,1,70,,451548,4,,1,30,,647076,4,,1,99,,647079,4,,1,74,,496341,4,,1,98,,647061,4,,1,98,,647070,4,,1,30,,492170,4,,1,70,,516160,4,,1,30,,647072,4,,1,70,,647071,4,,1,29,,647062,4,,1,70,,647066,4,,1,30,,420274,4,,1,69,,647083,4,,1,30,,647073,4,,1,99,,647059,4,,1
9300,'21',528,,492524,4,,1,83,,647091,4,,1,30,,522401,4,,1,70,,647108,4,,1,32,,647094,4,,1,69,,647097,4,,1,33,,647110,4,,1,69,,535647,4,,1,30,,647103,4,,1,70,,463841,4,,1,29,,647101,4,,1,70,,647100,4,,1,30,,647090,4,,1,70,,647102,4,,1,30,,647087,4,,1,70,,647099,4,,1,30,,647098,4,,1,70,,647104,4,,1,30,,366509,4,,1,71,,647093,4,,1,30,,647107,4,,1,70,,420233,4,,1,30,,647086,4,,1,70,,460133,4,,1,29,,450950,4,,1,69,,516479,4,,1,30,,647106,4,,1,70,,647089,4,,1,30,,647085,4,,1,70,,647105,4,,1,29,,647109,4,,1,70,,647088,4,,1,30,,505304,4,,1,69,,647096,4,,1,30,,647095,4,,1,99,,647092,4,,1
9300,'22',528,,647129,4,,1,83,,647132,4,,1,30,,647130,4,,1,70,,647114,4,,1,32,,459338,4,,1,69,,647118,4,,1,33,,647115,4,,1,69,,647120,4,,1,30,,647121,4,,1,70,,647128,4,,1,29,,647133,4,,1,70,,512902,4,,1,30,,647138,4,,1,70,,647134,4,,1,30,,647126,4,,1,70,,647119,4,,1,30,,525280,4,,1,70,,647117,4,,1,30,,505346,4,,1,99,,647131,4,,1,74,,647137,4,,1,98,,647112,4,,1,98,,647122,4,,1,30,,647116,4,,1,70,,647136,4,,1,30,,647124,4,,1,70,,647123,4,,1,29,,647113,4,,1,70,,450989,4,,1,30,,647127,4,,1,69,,647135,4,,1,30,,647125,4,,1,99,,647111,4,,1
9300,'23',528,,647162,4,,1,83,,647150,4,,1,30,,647170,4,,1,70,,647172,4,,1,32,,647155,4,,1,69,,647158,4,,1,33,,647174,4,,1,69,,647139,4,,1,30,,647166,4,,1,70,,647160,4,,1,29,,647164,4,,1,70,,647163,4,,1,30,,647149,4,,1,70,,647165,4,,1,30,,647143,4,,1,70,,647161,4,,1,30,,647159,4,,1,70,,647167,4,,1,30,,647146,4,,1,71,,647152,4,,1,30,,647171,4,,1,70,,647147,4,,1,30,,647142,4,,1,70,,647153,4,,1,29,,647145,4,,1,69,,647140,4,,1,30,,647169,4,,1,70,,647148,4,,1,30,,647141,4,,1,70,,647168,4,,1,29,,647173,4,,1,70,,647144,4,,1,30,,647154,4,,1,69,,647157,4,,1,30,,647156,4,,1,99,,647151,4,,1
9300,'3',749,,647195,4,,1,100,,647200,4,,1,70,,647190,4,,1,30,,647196,4,,1,71,,647188,4,,1,30,,647201,4,,1,8,,647183,4,,1,62,,647198,4,,1,30,,647194,4,,1,70,,647192,4,,1,30,,647186,4,,1,70,,647182,4,,1,30,,647189,4,,1,70,,647197,4,,1,21,,647175,4,,1,9,,647180,4,,1,70,,647191,4,,1,30,,647204,4,,1,70,,647177,4,,1,30,,647184,4,,1,70,,647176,4,,1,30,,647206,4,,1,70,,647199,4,,1,30,,647178,4,,1,70,,647202,4,,1,30,,647181,4,,1,69,,647203,4,,1,30,,647185,4,,1,70,,647205,4,,1,30,,647179,4,,1,100,,647187,4,,1,100,,647193,4,,1
9300,'4',651,,647223,4,,1,91,,647232,4,,1,100,,647217,4,,1,70,,647209,4,,1,30,,647207,4,,1,70,,647221,4,,1,31,,647231,4,,1,70,,520668,4,,1,30,,647225,4,,1,70,,647208,4,,1,30,,647213,4,,1,70,,647219,4,,1,30,,647226,4,,1,70,,647210,4,,1,30,,647229,4,,1,70,,647230,4,,1,30,,647215,4,,1,70,,647222,4,,1,30,,455281,4,,1,70,,647214,4,,1,30,,647218,4,,1,70,,647216,4,,1,30,,647220,4,,1,70,,529824,4,,1,30,,647234,4,,1,70,,496111,4,,1,29,,647227,4,,1,70,,647233,4,,1,30,,647224,4,,1,70,,647228,4,,1,30,,647211,4,,1,100,,474784,4,,1,100,,647212,4,,1
9300,'5',528,,647240,4,,1,83,,647268,4,,1,30,,647237,4,,1,70,,647259,4,,1,32,,647249,4,,1,69,,647238,4,,1,33,,647266,4,,1,69,,647246,4,,1,30,,647262,4,,1,70,,647257,4,,1,29,,647267,4,,1,70,,647264,4,,1,30,,647250,4,,1,70,,647260,4,,1,30,,647258,4,,1,70,,647254,4,,1,30,,647252,4,,1,70,,647261,4,,1,30,,647248,4,,1,69,,647247,4,,1,34,,647236,4,,1,68,,647256,4,,1,29,,647263,4,,1,71,,647253,4,,1,28,,647265,4,,1,71,,647255,4,,1,29,,647239,4,,1,70,,647235,4,,1,30,,647244,4,,1,70,,647241,4,,1,29,,647270,4,,1,70,,647243,4,,1,30,,647242,4,,1,69,,647245,4,,1,30,,647269,4,,1,99,,647251,4,,1
9300,'6',528,,647290,4,,1,83,,647280,4,,1,30,,647296,4,,1,70,,647298,4,,1,32,,647285,4,,1,69,,543085,4,,1,33,,647300,4,,1,69,,647271,4,,1,30,,547706,4,,1,70,,647288,4,,1,29,,647292,4,,1,70,,647291,4,,1,30,,647279,4,,1,70,,473602,4,,1,30,,647274,4,,1,70,,647289,4,,1,30,,647287,4,,1,70,,647293,4,,1,30,,647276,4,,1,71,,647282,4,,1,30,,647297,4,,1,70,,647277,4,,1,30,,647273,4,,1,70,,647283,4,,1,29,,647275,4,,1,69,,647272,4,,1,30,,647295,4,,1,70,,647278,4,,1,30,,378205,4,,1,70,,647294,4,,1,29,,647299,4,,1,70,,529760,4,,1,30,,647284,4,,1,69,,647286,4,,1,30,,546924,4,,1,99,,647281,4,,1
9300,'7',749,,647320,4,,1,100,,647324,4,,1,70,,647315,4,,1,30,,647321,4,,1,71,,647313,4,,1,30,,647325,4,,1,8,,647309,4,,1,62,,490407,4,,1,30,,647319,4,,1,70,,647317,4,,1,30,,647311,4,,1,70,,647308,4,,1,30,,647314,4,,1,70,,647322,4,,1,21,,647301,4,,1,9,,647306,4,,1,70,,647316,4,,1,30,,647328,4,,1,70,,647303,4,,1,30,,520194,4,,1,70,,647302,4,,1,30,,647330,4,,1,70,,647323,4,,1,30,,647304,4,,1,70,,647326,4,,1,30,,647307,4,,1,69,,647327,4,,1,30,,647310,4,,1,70,,647329,4,,1,30,,647305,4,,1,100,,647312,4,,1,100,,647318,4,,1
9300,'8',528,,647349,4,,1,83,,647352,4,,1,30,,647350,4,,1,70,,647336,4,,1,32,,647347,4,,1,69,,547009,4,,1,33,,647337,4,,1,69,,647340,4,,1,30,,647341,4,,1,70,,476623,4,,1,29,,647353,4,,1,70,,647332,4,,1,30,,647356,4,,1,70,,647354,4,,1,30,,647346,4,,1,70,,647339,4,,1,30,,647335,4,,1,70,,451286,4,,1,30,,647348,4,,1,99,,647351,4,,1,74,,496200,4,,1,98,,647333,4,,1,98,,647342,4,,1,30,,491866,4,,1,70,,515727,4,,1,30,,647344,4,,1,70,,647343,4,,1,29,,647334,4,,1,70,,647338,4,,1,30,,420504,4,,1,69,,647355,4,,1,30,,647345,4,,1,99,,647331,4,,1
9300,'9',528,,647376,4,,1,83,,647366,4,,1,30,,647382,4,,1,70,,647384,4,,1,32,,647371,4,,1,69,,543308,4,,1,33,,647386,4,,1,69,,647357,4,,1,30,,547756,4,,1,70,,647374,4,,1,29,,647378,4,,1,70,,647377,4,,1,30,,647365,4,,1,70,,474163,4,,1,30,,647360,4,,1,70,,647375,4,,1,30,,647373,4,,1,70,,647379,4,,1,30,,647362,4,,1,71,,647368,4,,1,30,,647383,4,,1,70,,647363,4,,1,30,,647359,4,,1,70,,647369,4,,1,29,,647361,4,,1,69,,647358,4,,1,30,,647381,4,,1,70,,647364,4,,1,30,,377826,4,,1,70,,647380,4,,1,29,,647385,4,,1,70,,530096,4,,1,30,,647370,4,,1,69,,647372,4,,1,30,,547113,4,,1,99,,647367,4,,1
9301,'1',651,,647409,,,1,91,,647393,,,1,100,,647413,,,1,70,,647392,,,1,30,,647411,,,1,70,,236351,,,1,31,,485721,,,1,70,,647394,,,1,30,,647412,,,1,70,,647398,,,1,30,,647402,,,1,70,,647400,,,1,30,,647401,,,1,70,,647387,,,1,30,,647395,,,1,70,,647408,,,1,30,,647396,,,1,70,,647399,,,1,30,,647390,,,1,70,,647397,,,1,30,,647405,,,1,70,,450882,,,1,30,,647389,,,1,70,,647391,,,1,30,,647403,,,1,70,,647404,,,1,29,,647410,,,1,70,,647388,,,1,30,,647406,,,1,70,,392635,,,1,30,,368351,,,1,100,,647407,,,1,100,,419965,,,1
9301,'10',750,,647427,,,1,100,,647428,,,1,70,,544929,,,1,30,,647421,,,1,70,,647434,,,1,30,,386901,,,1,8,,647431,,,1,62,,647420,,,1,30,,647430,,,1,70,,510740,,,1,30,,647423,,,1,70,,647433,,,1,30,,647424,,,1,70,,473695,,,1,23,,494516,,,1,7,,647422,,,1,70,,647418,,,1,30,,647425,,,1,70,,647415,,,1,30,,531157,,,1,70,,492720,,,1,30,,381599,,,1,70,,647417,,,1,30,,647416,,,1,70,,647436,,,1,30,,647437,,,1,70,,647435,,,1,30,,647429,,,1,70,,647426,,,1,30,,647419,,,1,100,,647432,,,1,100,,647414,,,1
9301,'11',531,,647459,,,1,83,,647443,,,1,30,,647438,,,1,70,,517808,,,1,30,,647446,,,1,68,,647460,,,1,33,,647439,,,1,69,,647448,,,1,30,,647457,,,1,70,,507177,,,1,30,,647452,,,1,70,,510960,,,1,30,,647444,,,1,70,,647455,,,1,30,,647451,,,1,70,,647454,,,1,30,,535480,,,1,70,,647445,,,1,30,,647441,,,1,98,,510257,,,1,74,,485380,,,1,98,,647450,,,1,100,,647447,,,1,30,,446099,,,1,70,,647456,,,1,30,,546694,,,1,70,,647442,,,1,30,,349497,,,1,70,,303194,,,1,30,,647453,,,1,70,,647440,,,1,30,,647449,,,1,100,,647458,,,1
9301,'12',531,,647488,,,1,83,,647465,,,1,30,,647461,,,1,70,,647475,,,1,30,,647467,,,1,68,,530606,,,1,33,,647462,,,1,69,,647469,,,1,30,,647486,,,1,70,,647489,,,1,30,,647477,,,1,70,,647474,,,1,30,,542902,,,1,70,,647482,,,1,30,,647472,,,1,70,,647479,,,1,30,,647481,,,1,70,,647466,,,1,30,,647463,,,1,98,,647476,,,1,74,,647483,,,1,98,,647471,,,1,100,,647468,,,1,30,,647480,,,1,70,,647485,,,1,30,,647478,,,1,70,,647464,,,1,30,,647473,,,1,70,,647484,,,1,30,,496306,,,1,70,,486323,,,1,30,,647470,,,1,100,,647487,,,1
9301,'13',531,,647517,,,1,83,,647494,,,1,30,,647490,,,1,70,,647504,,,1,30,,647496,,,1,68,,530221,,,1,33,,647491,,,1,69,,647498,,,1,30,,647515,,,1,70,,647518,,,1,30,,647506,,,1,70,,647503,,,1,30,,542597,,,1,70,,647511,,,1,30,,647501,,,1,70,,647508,,,1,30,,647510,,,1,70,,647495,,,1,30,,647492,,,1,98,,647505,,,1,74,,647512,,,1,98,,647500,,,1,100,,647497,,,1,30,,647509,,,1,70,,647514,,,1,30,,647507,,,1,70,,647493,,,1,30,,647502,,,1,70,,647513,,,1,30,,343450,,,1,70,,485734,,,1,30,,647499,,,1,100,,647516,,,1
9301,'14',531,,647546,,,1,83,,647523,,,1,30,,647519,,,1,70,,647533,,,1,30,,647525,,,1,68,,530494,,,1,33,,647520,,,1,69,,647527,,,1,30,,647544,,,1,70,,647547,,,1,30,,647535,,,1,70,,647532,,,1,30,,542811,,,1,70,,647540,,,1,30,,647530,,,1,70,,647537,,,1,30,,647539,,,1,70,,647524,,,1,30,,647521,,,1,98,,647534,,,1,74,,647541,,,1,98,,647529,,,1,100,,647526,,,1,30,,647538,,,1,70,,647543,,,1,30,,647536,,,1,70,,647522,,,1,30,,647531,,,1,70,,647542,,,1,30,,343990,,,1,70,,486161,,,1,30,,647528,,,1,100,,647545,,,1
9301,'15',531,,647575,,,1,83,,647552,,,1,30,,647548,,,1,70,,647562,,,1,30,,647554,,,1,68,,530438,,,1,33,,647549,,,1,69,,647556,,,1,30,,647573,,,1,70,,647576,,,1,30,,647564,,,1,70,,647561,,,1,30,,542767,,,1,70,,647569,,,1,30,,647559,,,1,70,,647566,,,1,30,,647568,,,1,70,,647553,,,1,30,,647550,,,1,98,,647563,,,1,74,,647570,,,1,98,,647558,,,1,100,,647555,,,1,30,,647567,,,1,70,,647572,,,1,30,,647565,,,1,70,,647551,,,1,30,,647560,,,1,70,,647571,,,1,30,,344086,,,1,70,,486065,,,1,30,,647557,,,1,100,,647574,,,1
9301,'16',531,,647606,,,1,83,,647584,,,1,30,,647578,,,1,70,,647592,,,1,30,,647598,,,1,68,,647596,,,1,33,,647604,,,1,69,,647597,,,1,30,,647590,,,1,70,,647583,,,1,30,,647599,,,1,70,,647586,,,1,30,,647601,,,1,70,,647607,,,1,30,,647581,,,1,70,,647602,,,1,30,,647587,,,1,70,,647609,,,1,30,,647603,,,1,70,,647610,,,1,30,,647595,,,1,70,,647600,,,1,30,,458254,,,1,70,,647605,,,1,30,,647591,,,1,70,,647582,,,1,30,,647608,,,1,70,,647577,,,1,30,,647594,,,1,70,,647588,,,1,30,,647589,,,1,70,,647585,,,1,30,,647593,,,1,70,,460244,,,1,30,,647579,,,1,100,,647580,,,1
9301,'17',531,,647638,,,1,83,,647615,,,1,30,,647611,,,1,70,,647625,,,1,30,,647617,,,1,68,,530410,,,1,33,,647612,,,1,69,,647619,,,1,30,,647636,,,1,70,,647639,,,1,30,,647627,,,1,70,,647624,,,1,30,,542745,,,1,70,,647632,,,1,30,,647622,,,1,70,,647629,,,1,30,,647631,,,1,70,,647616,,,1,30,,647613,,,1,98,,647626,,,1,74,,647633,,,1,98,,647621,,,1,100,,647618,,,1,30,,647630,,,1,70,,647635,,,1,30,,647628,,,1,70,,647614,,,1,30,,647623,,,1,70,,647634,,,1,30,,343807,,,1,70,,486017,,,1,30,,647620,,,1,100,,647637,,,1
9301,'18',531,,647667,,,1,83,,647644,,,1,30,,647640,,,1,70,,647654,,,1,30,,647646,,,1,68,,530715,,,1,33,,647641,,,1,69,,647648,,,1,30,,647665,,,1,70,,647668,,,1,30,,647656,,,1,70,,647653,,,1,30,,542996,,,1,70,,647661,,,1,30,,647651,,,1,70,,647658,,,1,30,,647660,,,1,70,,647645,,,1,30,,647642,,,1,98,,647655,,,1,74,,647662,,,1,98,,647650,,,1,100,,647647,,,1,30,,647659,,,1,70,,647664,,,1,30,,647657,,,1,70,,647643,,,1,30,,647652,,,1,70,,647663,,,1,30,,343607,,,1,70,,486514,,,1,30,,647649,,,1,100,,647666,,,1
9301,'19',531,,647694,,,1,83,,491073,,,1,30,,647669,,,1,70,,647682,,,1,30,,647675,,,1,68,,647695,,,1,33,,647670,,,1,69,,647677,,,1,30,,647692,,,1,70,,647696,,,1,30,,647684,,,1,70,,647681,,,1,30,,647674,,,1,70,,647689,,,1,30,,535032,,,1,70,,485419,,,1,30,,647688,,,1,70,,479455,,,1,30,,647672,,,1,98,,647683,,,1,74,,647690,,,1,98,,647679,,,1,100,,647676,,,1,30,,647687,,,1,70,,525990,,,1,30,,647685,,,1,70,,647673,,,1,30,,647680,,,1,70,,647691,,,1,30,,647686,,,1,70,,647671,,,1,30,,647678,,,1,100,,647693,,,1
9301,'2',750,,647712,,,1,100,,647713,,,1,70,,647709,,,1,30,,647702,,,1,70,,647721,,,1,30,,647718,,,1,8,,647717,,,1,62,,647701,,,1,30,,647716,,,1,70,,647706,,,1,30,,647705,,,1,70,,647720,,,1,30,,647707,,,1,70,,647708,,,1,23,,647722,,,1,7,,647703,,,1,70,,647699,,,1,30,,647710,,,1,70,,647697,,,1,30,,647704,,,1,70,,647698,,,1,30,,647715,,,1,70,,504422,,,1,30,,487929,,,1,70,,530523,,,1,30,,647724,,,1,70,,647723,,,1,30,,647714,,,1,70,,647711,,,1,30,,647700,,,1,100,,647719,,,1,100,,479400,,,1
9301,'20',531,,647752,,,1,83,,647729,,,1,30,,647725,,,1,70,,647739,,,1,30,,647731,,,1,68,,530633,,,1,33,,647726,,,1,69,,647733,,,1,30,,647750,,,1,70,,647753,,,1,30,,647741,,,1,70,,647738,,,1,30,,542928,,,1,70,,647746,,,1,30,,647736,,,1,70,,647743,,,1,30,,647745,,,1,70,,647730,,,1,30,,647727,,,1,98,,647740,,,1,74,,647747,,,1,98,,647735,,,1,100,,647732,,,1,30,,647744,,,1,70,,647749,,,1,30,,647742,,,1,70,,647728,,,1,30,,647737,,,1,70,,647748,,,1,30,,343675,,,1,70,,486381,,,1,30,,647734,,,1,100,,647751,,,1
9301,'21',531,,647777,,,1,83,,647760,,,1,30,,647755,,,1,70,,647767,,,1,30,,647773,,,1,68,,533820,,,1,33,,647775,,,1,69,,647772,,,1,30,,647765,,,1,70,,647759,,,1,30,,524431,,,1,70,,647761,,,1,30,,537023,,,1,70,,417573,,,1,30,,647757,,,1,70,,543066,,,1,30,,647762,,,1,70,,507917,,,1,30,,518162,,,1,70,,647778,,,1,30,,647770,,,1,70,,647774,,,1,30,,647771,,,1,70,,647776,,,1,30,,647766,,,1,70,,647758,,,1,30,,499457,,,1,70,,647754,,,1,30,,647769,,,1,70,,500703,,,1,30,,647764,,,1,70,,467846,,,1,30,,647768,,,1,70,,647763,,,1,30,,473481,,,1,100,,647756,,,1
9301,'22',531,,647806,,,1,83,,647783,,,1,30,,647779,,,1,70,,647794,,,1,30,,647786,,,1,68,,647807,,,1,33,,647780,,,1,69,,647788,,,1,30,,499473,,,1,70,,647808,,,1,30,,647796,,,1,70,,647793,,,1,30,,647784,,,1,70,,647802,,,1,30,,647791,,,1,70,,647799,,,1,30,,647801,,,1,70,,647785,,,1,30,,467879,,,1,98,,647795,,,1,74,,647803,,,1,98,,647790,,,1,100,,647787,,,1,30,,647800,,,1,70,,647805,,,1,30,,647797,,,1,70,,647782,,,1,30,,647792,,,1,70,,647804,,,1,30,,647798,,,1,70,,647781,,,1,30,,647789,,,1,100,,477151,,,1
9301,'23',531,,647840,,,1,83,,647816,,,1,30,,647810,,,1,70,,647825,,,1,30,,647832,,,1,68,,647830,,,1,33,,647838,,,1,69,,647831,,,1,30,,647823,,,1,70,,647815,,,1,30,,647833,,,1,70,,647818,,,1,30,,647835,,,1,70,,647841,,,1,30,,647813,,,1,70,,647836,,,1,30,,647819,,,1,70,,647843,,,1,30,,647837,,,1,70,,647844,,,1,30,,647828,,,1,70,,647834,,,1,30,,647829,,,1,70,,647839,,,1,30,,647824,,,1,70,,647814,,,1,30,,647842,,,1,70,,647809,,,1,30,,647827,,,1,70,,647820,,,1,30,,647822,,,1,70,,647817,,,1,30,,647826,,,1,70,,647821,,,1,30,,647811,,,1,100,,647812,,,1
9301,'3',750,,647863,,,1,100,,647864,,,1,70,,647860,,,1,30,,647853,,,1,70,,647872,,,1,30,,647869,,,1,8,,647868,,,1,62,,647852,,,1,30,,647867,,,1,70,,647857,,,1,30,,647856,,,1,70,,647871,,,1,30,,647858,,,1,70,,647859,,,1,23,,647873,,,1,7,,647854,,,1,70,,647850,,,1,30,,647861,,,1,70,,647846,,,1,30,,647855,,,1,70,,647847,,,1,30,,647866,,,1,70,,647849,,,1,30,,647848,,,1,70,,647875,,,1,30,,647876,,,1,70,,647874,,,1,30,,647865,,,1,70,,647862,,,1,30,,647851,,,1,100,,647870,,,1,100,,647845,,,1
9301,'4',651,,647899,,,1,91,,471341,,,1,100,,475438,,,1,70,,461056,,,1,30,,647902,,,1,70,,647896,,,1,31,,647900,,,1,70,,647883,,,1,30,,647903,,,1,70,,647887,,,1,30,,647891,,,1,70,,647889,,,1,30,,647890,,,1,70,,647877,,,1,30,,647884,,,1,70,,647897,,,1,30,,647886,,,1,70,,647888,,,1,30,,647881,,,1,70,,519311,,,1,30,,647893,,,1,70,,647898,,,1,30,,647880,,,1,70,,647882,,,1,30,,459451,,,1,70,,477225,,,1,29,,647901,,,1,70,,647878,,,1,30,,647894,,,1,70,,647892,,,1,30,,647885,,,1,100,,647895,,,1,100,,647879,,,1
9301,'5',531,,647927,,,1,83,,647931,,,1,28,,647925,,,1,70,,647904,,,1,32,,647906,,,1,68,,647912,,,1,33,,647911,,,1,69,,647924,,,1,30,,647920,,,1,70,,647939,,,1,30,,647909,,,1,70,,647915,,,1,30,,647917,,,1,70,,647938,,,1,30,,647928,,,1,70,,647933,,,1,30,,647937,,,1,70,,647929,,,1,30,,647916,,,1,68,,647914,,,1,34,,647908,,,1,68,,647930,,,1,29,,647935,,,1,71,,647910,,,1,28,,647936,,,1,72,,647907,,,1,30,,647923,,,1,70,,647932,,,1,30,,647905,,,1,70,,647921,,,1,30,,647922,,,1,70,,647913,,,1,30,,647918,,,1,70,,647926,,,1,30,,647934,,,1,100,,647919,,,1
9301,'6',531,,647962,,,1,83,,506081,,,1,30,,647940,,,1,70,,647950,,,1,30,,647955,,,1,68,,647954,,,1,33,,524504,,,1,69,,471294,,,1,30,,647948,,,1,70,,647943,,,1,30,,647956,,,1,70,,647945,,,1,30,,647958,,,1,70,,647963,,,1,30,,473567,,,1,70,,647959,,,1,30,,494402,,,1,70,,647965,,,1,30,,647960,,,1,70,,647966,,,1,30,,526604,,,1,70,,647957,,,1,30,,647953,,,1,70,,647961,,,1,30,,647949,,,1,70,,647942,,,1,30,,647964,,,1,70,,536164,,,1,30,,647952,,,1,70,,647946,,,1,30,,520570,,,1,70,,647944,,,1,30,,647951,,,1,70,,647947,,,1,30,,647941,,,1,100,,542195,,,1
9301,'7',750,,647982,,,1,100,,647983,,,1,70,,647979,,,1,30,,647972,,,1,70,,647991,,,1,30,,647988,,,1,8,,647987,,,1,62,,647971,,,1,30,,647986,,,1,70,,647976,,,1,30,,647975,,,1,70,,647990,,,1,30,,647977,,,1,70,,647978,,,1,23,,647992,,,1,7,,647973,,,1,70,,647969,,,1,30,,647980,,,1,70,,647967,,,1,30,,647974,,,1,70,,647968,,,1,30,,647985,,,1,70,,504586,,,1,30,,488205,,,1,70,,530687,,,1,30,,647994,,,1,70,,647993,,,1,30,,647984,,,1,70,,647981,,,1,30,,647970,,,1,100,,647989,,,1,100,,479562,,,1
9301,'8',531,,648022,,,1,83,,647999,,,1,30,,647995,,,1,70,,648009,,,1,30,,648001,,,1,68,,530466,,,1,33,,647996,,,1,69,,648003,,,1,30,,648020,,,1,70,,648023,,,1,30,,648011,,,1,70,,648008,,,1,30,,542789,,,1,70,,648016,,,1,30,,648006,,,1,70,,648013,,,1,30,,648015,,,1,70,,648000,,,1,30,,647997,,,1,98,,648010,,,1,74,,648017,,,1,98,,648005,,,1,100,,648002,,,1,30,,648014,,,1,70,,648019,,,1,30,,648012,,,1,70,,647998,,,1,30,,648007,,,1,70,,648018,,,1,30,,343937,,,1,70,,486113,,,1,30,,648004,,,1,100,,648021,,,1
9301,'9',531,,648046,,,1,83,,506563,,,1,30,,648024,,,1,70,,648034,,,1,30,,648039,,,1,68,,648038,,,1,33,,524971,,,1,69,,471730,,,1,30,,648032,,,1,70,,648027,,,1,30,,648040,,,1,70,,648029,,,1,30,,648042,,,1,70,,648047,,,1,30,,474128,,,1,70,,648043,,,1,30,,494858,,,1,70,,648049,,,1,30,,648044,,,1,70,,648050,,,1,30,,527358,,,1,70,,648041,,,1,30,,648037,,,1,70,,648045,,,1,30,,648033,,,1,70,,648026,,,1,30,,648048,,,1,70,,536759,,,1,30,,648036,,,1,70,,648030,,,1,30,,521187,,,1,70,,648028,,,1,30,,648035,,,1,70,,648031,,,1,30,,648025,,,1,100,,542498,,,1
30401,'12',1445,,670440,,,1
30401,'18',1445,,670441,,,1
30401,'21',1445,,670442,,,1
69700,'11',1554,,672980,,,1
69700,'12',1554,,672982,,,1
69700,'13',1554,,672984,,,1
69700,'14',1554,,672986,,,1
69700,'15',1554,,672988,,,1
69700,'17',1554,,672990,,,1
69700,'18',1554,,672992,,,1
69700,'19',1554,,474007,,,1
69700,'20',1554,,672995,,,1
69700,'22',1554,,672997,,,1
69700,'8',1554,,672999,,,1
69900,'11',809,,673115,,,1
69900,'12',809,,673116,,,1
69900,'13',809,,673117,,,1
69900,'14',809,,673118,,,1
69900,'15',809,,673119,,,1
69900,'17',809,,673120,,,1
69900,'18',809,,673121,,,1
69900,'19',809,,673123,,,1
69900,'20',809,,673124,,,1
69900,'22',809,,673126,,,1
69900,'8',809,,673127,,,1
