22800,'1',547,,203301,15,,,1,73,,110136,15,,,1,38,,203300,15,,,1
22800,'10',547,,203302,15,,,1,111,,203303,15,,,1
22800,'12',547,,41632,15,,,1,73,,203305,15,,,1,36,,203304,15,,,1
22800,'14',547,,203307,15,,,1,73,,203308,15,,,1,36,,203306,15,,,1
22800,'15',547,,203310,15,,,1,73,,203311,15,,,1,36,,203309,15,,,1
22800,'16',547,,203313,15,,,1,73,,203314,15,,,1,36,,203312,15,,,1
22800,'17',547,,203316,15,,,1,73,,110279,15,,,1,38,,203315,15,,,1
22800,'2',547,,203318,15,,,1,73,,110165,15,,,1,38,,203317,15,,,1
22800,'3',547,,203320,15,,,1,73,,203321,15,,,1,36,,203319,15,,,1
22800,'5',547,,203323,15,,,1,73,,203322,15,,,1,38,,95812,15,,,1
22800,'6',547,,203325,15,,,1,73,,110437,15,,,1,38,,203324,15,,,1
22800,'8',547,,203327,15,,,1,73,,110408,15,,,1,38,,203326,15,,,1
30200,'12',918,,62792,23,,,1
30200,'17',918,,63108,23,,,1
