3100,'1',758,,29807,29,,,1,100,,29820,29,,,1,100,,29797,29,,,1,70,,29800,29,,,1,30,,29805,29,,,1,70,,29819,29,,,1,30,,29799,29,,,1,71,,29808,29,,,1,30,,29814,29,,,1,70,,29809,29,,,1,30,,29818,29,,,1,70,,29802,29,,,1,30,,29815,29,,,1,70,,29812,29,,,1,30,,29817,29,,,1,70,,29810,29,,,1,30,,29803,29,,,1,70,,29811,29,,,1,30,,29813,29,,,1,100,,29816,29,,,1,100,,29806,29,,,1,99,,29801,29,,,1,100,,29804,29,,,1,100,,29798,29,,,1
3100,'10',656,,29847,29,,,1,70,,29848,29,,,1,30,,29827,29,,,1,70,,29831,29,,,1,29,,29854,29,,,1,70,,29836,29,,,1,30,,29832,29,,,1,70,,29841,29,,,1,30,,29823,29,,,1,70,,29833,29,,,1,30,,29829,29,,,1,70,,29842,29,,,1,30,,29840,29,,,1,70,,29826,29,,,1,30,,29853,29,,,1,70,,29839,29,,,1,30,,29821,29,,,1,53,,29845,22,,,1,7,,29825,22,,,1,10,,29844,29,,,1,32,,29834,29,,,1,68,,29822,29,,,1,30,,29843,29,,,1,70,,29837,29,,,1,30,,29824,29,,,1,70,,29828,29,,,1,28,,29851,29,,,1,70,,29852,29,,,1,30,,29838,29,,,1,70,,29846,29,,,1,29,,29830,29,,,1,70,,29850,29,,,1,28,,29835,29,,,1,100,,29849,29,,,1
3100,'11',656,,29881,29,,,1,70,,29882,29,,,1,30,,29861,29,,,1,70,,29865,29,,,1,29,,29888,29,,,1,70,,29870,29,,,1,30,,29866,29,,,1,70,,29875,29,,,1,30,,29857,29,,,1,70,,29867,29,,,1,30,,29863,29,,,1,70,,29876,29,,,1,30,,29874,29,,,1,70,,29860,29,,,1,30,,29887,29,,,1,70,,29873,29,,,1,30,,29855,29,,,1,53,,29879,22,,,1,7,,29859,22,,,1,10,,29878,29,,,1,32,,29868,29,,,1,68,,29856,29,,,1,30,,29877,29,,,1,70,,29871,29,,,1,30,,29858,29,,,1,70,,29862,29,,,1,28,,29885,29,,,1,70,,29886,29,,,1,30,,29872,29,,,1,70,,29880,29,,,1,29,,29864,29,,,1,70,,29884,29,,,1,28,,29869,29,,,1,100,,29883,29,,,1
3100,'12',656,,29915,29,,,1,70,,29916,29,,,1,30,,29895,29,,,1,70,,29899,29,,,1,29,,29922,29,,,1,70,,29904,29,,,1,30,,29900,29,,,1,70,,29909,29,,,1,30,,29891,29,,,1,70,,29901,29,,,1,30,,29897,29,,,1,70,,29910,29,,,1,30,,29908,29,,,1,70,,29894,29,,,1,30,,29921,29,,,1,70,,29907,29,,,1,30,,29889,29,,,1,53,,29913,22,,,1,7,,29893,22,,,1,10,,29912,29,,,1,32,,29902,29,,,1,68,,29890,29,,,1,30,,29911,29,,,1,70,,29905,29,,,1,30,,29892,29,,,1,70,,29896,29,,,1,28,,29919,29,,,1,70,,29920,29,,,1,30,,29906,29,,,1,70,,29914,29,,,1,29,,29898,29,,,1,70,,29918,29,,,1,28,,29903,29,,,1,100,,29917,29,,,1
3100,'13',656,,29926,29,,,1,70,,29948,29,,,1,30,,29942,29,,,1,70,,29925,29,,,1,29,,29954,29,,,1,70,,29934,29,,,1,30,,29939,29,,,1,70,,29935,29,,,1,30,,29931,29,,,1,70,,29941,29,,,1,30,,29949,29,,,1,70,,29924,29,,,1,30,,29951,29,,,1,70,,29945,29,,,1,30,,29940,29,,,1,70,,29927,29,,,1,30,,29932,29,,,1,70,,29950,29,,,1,30,,29947,29,,,1,70,,29929,29,,,1,30,,29930,29,,,1,70,,29928,29,,,1,30,,29953,29,,,1,70,,29946,29,,,1,28,,29938,29,,,1,70,,29937,29,,,1,30,,29923,29,,,1,70,,29933,29,,,1,29,,29944,29,,,1,70,,29943,29,,,1,28,,29936,29,,,1,100,,29952,29,,,1
3100,'14',725,,29979,29,,,1,30,,29974,29,,,1,70,,29955,29,,,1,30,,29976,29,,,1,70,,29981,29,,,1,30,,29986,29,,,1,70,,29985,29,,,1,30,,29984,29,,,1,70,,29968,29,,,1,30,,29963,29,,,1,71,,29983,29,,,1,30,,29959,29,,,1,70,,29970,29,,,1,30,,29969,29,,,1,70,,29971,29,,,1,30,,29980,29,,,1,70,,29964,29,,,1,30,,29982,29,,,1,70,,29975,29,,,1,30,,29960,29,,,1,70,,29967,29,,,1,30,,29987,29,,,1,70,,29956,29,,,1,30,,29961,29,,,1,70,,29966,29,,,1,30,,29957,29,,,1,69,,29973,29,,,1,30,,29958,29,,,1,70,,29977,29,,,1,30,,29978,29,,,1,70,,29965,29,,,1,30,,29972,29,,,1,70,,29962,29,,,1
3100,'15',656,,30014,29,,,1,70,,30015,29,,,1,30,,29994,29,,,1,70,,29998,29,,,1,29,,30021,29,,,1,70,,30003,29,,,1,30,,29999,29,,,1,70,,30008,29,,,1,30,,29990,29,,,1,70,,30000,29,,,1,30,,29996,29,,,1,70,,30009,29,,,1,30,,30007,29,,,1,70,,29993,29,,,1,30,,30020,29,,,1,70,,30006,29,,,1,30,,29988,29,,,1,53,,30012,22,,,1,7,,29992,22,,,1,10,,30011,29,,,1,32,,30001,29,,,1,68,,29989,29,,,1,30,,30010,29,,,1,70,,30004,29,,,1,30,,29991,29,,,1,70,,29995,29,,,1,28,,30018,29,,,1,70,,30019,29,,,1,30,,30005,29,,,1,70,,30013,29,,,1,29,,29997,29,,,1,70,,30017,29,,,1,28,,30002,29,,,1,100,,30016,29,,,1
3100,'16',656,,30048,29,,,1,70,,30049,29,,,1,30,,30028,29,,,1,70,,30032,29,,,1,29,,30055,29,,,1,70,,30037,29,,,1,30,,30033,29,,,1,70,,30042,29,,,1,30,,30024,29,,,1,70,,30034,29,,,1,30,,30030,29,,,1,70,,30043,29,,,1,30,,30041,29,,,1,70,,30027,29,,,1,30,,30054,29,,,1,70,,30040,29,,,1,30,,30022,29,,,1,53,,30046,22,,,1,7,,30026,22,,,1,10,,30045,29,,,1,32,,30035,29,,,1,68,,30023,29,,,1,30,,30044,29,,,1,70,,30038,29,,,1,30,,30025,29,,,1,70,,30029,29,,,1,28,,30052,29,,,1,70,,30053,29,,,1,30,,30039,29,,,1,70,,30047,29,,,1,29,,30031,29,,,1,70,,30051,29,,,1,28,,30036,29,,,1,100,,30050,29,,,1
3100,'17',656,,30059,29,,,1,70,,30081,29,,,1,30,,30075,29,,,1,70,,30058,29,,,1,29,,30087,29,,,1,70,,30067,29,,,1,30,,30072,29,,,1,70,,30068,29,,,1,30,,30064,29,,,1,70,,30074,29,,,1,30,,30082,29,,,1,70,,30057,29,,,1,30,,30084,29,,,1,70,,30078,29,,,1,30,,30073,29,,,1,70,,30060,29,,,1,30,,30065,29,,,1,70,,30083,29,,,1,30,,30080,29,,,1,70,,30062,29,,,1,30,,30063,29,,,1,70,,30061,29,,,1,30,,30086,29,,,1,70,,30079,29,,,1,28,,30071,29,,,1,70,,30070,29,,,1,30,,30056,29,,,1,70,,30066,29,,,1,29,,30077,29,,,1,70,,30076,29,,,1,28,,30069,29,,,1,100,,30085,29,,,1
3100,'18',656,,30096,29,,,1,70,,30114,29,,,1,30,,30107,29,,,1,70,,30110,29,,,1,29,,30099,29,,,1,70,,30113,29,,,1,30,,30112,29,,,1,70,,30105,29,,,1,30,,30094,29,,,1,70,,30119,29,,,1,30,,30098,29,,,1,70,,30090,29,,,1,30,,30104,29,,,1,70,,30118,29,,,1,30,,30089,29,,,1,70,,30101,29,,,1,30,,30102,29,,,1,70,,30097,29,,,1,31,,30092,29,,,1,71,,30115,29,,,1,28,,30111,29,,,1,70,,30091,29,,,1,30,,30093,29,,,1,70,,30106,29,,,1,28,,30109,29,,,1,70,,30108,29,,,1,30,,30095,29,,,1,70,,30116,29,,,1,29,,30117,29,,,1,70,,30088,29,,,1,28,,30100,29,,,1,100,,30103,29,,,1
3100,'19',656,,30123,29,,,1,70,,30145,29,,,1,30,,30139,29,,,1,70,,30122,29,,,1,29,,30151,29,,,1,70,,30131,29,,,1,30,,30136,29,,,1,70,,30132,29,,,1,30,,30128,29,,,1,70,,30138,29,,,1,30,,30146,29,,,1,70,,30121,29,,,1,30,,30148,29,,,1,70,,30142,29,,,1,30,,30137,29,,,1,70,,30124,29,,,1,30,,30129,29,,,1,70,,30147,29,,,1,30,,30144,29,,,1,70,,30126,29,,,1,30,,30127,29,,,1,70,,30125,29,,,1,30,,30150,29,,,1,70,,30143,29,,,1,28,,30135,29,,,1,70,,30134,29,,,1,30,,30120,29,,,1,70,,30130,29,,,1,29,,30141,29,,,1,70,,30140,29,,,1,28,,30133,29,,,1,100,,30149,29,,,1
3100,'2',758,,30162,29,,,1,100,,30175,29,,,1,100,,30152,29,,,1,70,,30155,29,,,1,30,,30160,29,,,1,70,,30174,29,,,1,30,,30154,29,,,1,71,,30163,29,,,1,30,,30169,29,,,1,70,,30164,29,,,1,30,,30173,29,,,1,70,,30157,29,,,1,30,,30170,29,,,1,70,,30167,29,,,1,30,,30172,29,,,1,70,,30165,29,,,1,30,,30158,29,,,1,70,,30166,29,,,1,30,,30168,29,,,1,100,,30171,29,,,1,100,,30161,29,,,1,99,,30156,29,,,1,100,,30159,29,,,1,100,,30153,29,,,1
3100,'3',656,,30202,29,,,1,70,,30203,29,,,1,30,,30182,29,,,1,70,,30186,29,,,1,29,,30209,29,,,1,70,,30191,29,,,1,30,,30187,29,,,1,70,,30196,29,,,1,30,,30178,29,,,1,70,,30188,29,,,1,30,,30184,29,,,1,70,,30197,29,,,1,30,,30195,29,,,1,70,,30181,29,,,1,30,,30208,29,,,1,70,,30194,29,,,1,30,,30176,29,,,1,53,,30200,22,,,1,7,,30180,22,,,1,10,,30199,29,,,1,32,,30189,29,,,1,68,,30177,29,,,1,30,,30198,29,,,1,70,,30192,29,,,1,30,,30179,29,,,1,70,,30183,29,,,1,28,,30206,29,,,1,70,,30207,29,,,1,30,,30193,29,,,1,70,,30201,29,,,1,29,,30185,29,,,1,70,,30205,29,,,1,28,,30190,29,,,1,100,,30204,29,,,1
3100,'4',656,,30236,29,,,1,70,,30237,29,,,1,30,,30216,29,,,1,70,,30220,29,,,1,29,,30243,29,,,1,70,,30225,29,,,1,30,,30221,29,,,1,70,,30230,29,,,1,30,,30212,29,,,1,70,,30222,29,,,1,30,,30218,29,,,1,70,,30231,29,,,1,30,,30229,29,,,1,70,,30215,29,,,1,30,,30242,29,,,1,70,,30228,29,,,1,30,,30210,29,,,1,53,,30234,22,,,1,7,,30214,22,,,1,10,,30233,29,,,1,32,,30223,29,,,1,68,,30211,29,,,1,30,,30232,29,,,1,70,,30226,29,,,1,30,,30213,29,,,1,70,,30217,29,,,1,28,,30240,29,,,1,70,,30241,29,,,1,30,,30227,29,,,1,70,,30235,29,,,1,29,,30219,29,,,1,70,,30239,29,,,1,28,,30224,29,,,1,100,,30238,29,,,1
3100,'5',656,,30247,29,,,1,70,,30269,29,,,1,30,,30263,29,,,1,70,,30246,29,,,1,29,,30275,29,,,1,70,,30255,29,,,1,30,,30260,29,,,1,70,,30256,29,,,1,30,,30252,29,,,1,70,,30262,29,,,1,30,,30270,29,,,1,70,,30245,29,,,1,30,,30272,29,,,1,70,,30266,29,,,1,30,,30261,29,,,1,70,,30248,29,,,1,30,,30253,29,,,1,70,,30271,29,,,1,30,,30268,29,,,1,70,,30250,29,,,1,30,,30251,29,,,1,70,,30249,29,,,1,30,,30274,29,,,1,70,,30267,29,,,1,28,,30259,29,,,1,70,,30258,29,,,1,30,,30244,29,,,1,70,,30254,29,,,1,29,,30265,29,,,1,70,,30264,29,,,1,28,,30257,29,,,1,100,,30273,29,,,1
3100,'6',656,,30302,29,,,1,70,,30303,29,,,1,30,,30282,29,,,1,70,,30286,29,,,1,29,,30309,29,,,1,70,,30291,29,,,1,30,,30287,29,,,1,70,,30296,29,,,1,30,,30278,29,,,1,70,,30288,29,,,1,30,,30284,29,,,1,70,,30297,29,,,1,30,,30295,29,,,1,70,,30281,29,,,1,30,,30308,29,,,1,70,,30294,29,,,1,30,,30276,29,,,1,53,,30300,22,,,1,7,,30280,22,,,1,10,,30299,29,,,1,32,,30289,29,,,1,68,,30277,29,,,1,30,,30298,29,,,1,70,,30292,29,,,1,30,,30279,29,,,1,70,,30283,29,,,1,28,,30306,29,,,1,70,,30307,29,,,1,30,,30293,29,,,1,70,,30301,29,,,1,29,,30285,29,,,1,70,,30305,29,,,1,28,,30290,29,,,1,100,,30304,29,,,1
3100,'7',656,,30313,29,,,1,70,,30335,29,,,1,30,,30329,29,,,1,70,,30312,29,,,1,29,,30341,29,,,1,70,,30321,29,,,1,30,,30326,29,,,1,70,,30322,29,,,1,30,,30318,29,,,1,70,,30328,29,,,1,30,,30336,29,,,1,70,,30311,29,,,1,30,,30338,29,,,1,70,,30332,29,,,1,30,,30327,29,,,1,70,,30314,29,,,1,30,,30319,29,,,1,70,,30337,29,,,1,30,,30334,29,,,1,70,,30316,29,,,1,30,,30317,29,,,1,70,,30315,29,,,1,30,,30340,29,,,1,70,,30333,29,,,1,28,,30325,29,,,1,70,,30324,29,,,1,30,,30310,29,,,1,70,,30320,29,,,1,29,,30331,29,,,1,70,,30330,29,,,1,28,,30323,29,,,1,100,,30339,29,,,1
3100,'8',725,,30366,29,,,1,30,,30361,29,,,1,70,,30342,29,,,1,30,,30363,29,,,1,70,,30368,29,,,1,30,,30373,29,,,1,70,,30372,29,,,1,30,,30371,29,,,1,70,,30355,29,,,1,30,,30350,29,,,1,71,,30370,29,,,1,30,,30346,29,,,1,70,,30357,29,,,1,30,,30356,29,,,1,70,,30358,29,,,1,30,,30367,29,,,1,70,,30351,29,,,1,30,,30369,29,,,1,70,,30362,29,,,1,30,,30347,29,,,1,70,,30354,29,,,1,30,,30374,29,,,1,70,,30343,29,,,1,30,,30348,29,,,1,70,,30353,29,,,1,30,,30344,29,,,1,69,,30360,29,,,1,30,,30345,29,,,1,70,,30364,29,,,1,30,,30365,29,,,1,70,,30352,29,,,1,30,,30359,29,,,1,70,,30349,29,,,1
3100,'9',758,,30385,29,,,1,100,,30398,29,,,1,100,,30375,29,,,1,70,,30378,29,,,1,30,,30383,29,,,1,70,,30397,29,,,1,30,,30377,29,,,1,71,,30386,29,,,1,30,,30392,29,,,1,70,,30387,29,,,1,30,,30396,29,,,1,70,,30380,29,,,1,30,,30393,29,,,1,70,,30390,29,,,1,30,,30395,29,,,1,70,,30388,29,,,1,30,,30381,29,,,1,70,,30389,29,,,1,30,,30391,29,,,1,100,,30394,29,,,1,100,,30384,29,,,1,99,,30379,29,,,1,100,,30382,29,,,1,100,,30376,29,,,1
61100,'10',827,,118294,5,,,1
61100,'11',827,,118295,5,,,1
61100,'12',827,,118296,5,,,1
61100,'15',827,,118297,5,,,1
61100,'16',827,,118298,5,,,1
61100,'3',827,,118299,5,,,1
61100,'4',827,,118300,5,,,1
61100,'6',827,,118301,5,,,1
63101,'10',1556,,118654,27,,,1
63101,'11',1556,,118655,27,,,1
63101,'12',1556,,118656,27,,,1
63101,'15',1556,,118657,27,,,1
63101,'16',1556,,118658,27,,,1
63101,'3',1556,,118659,27,,,1
63101,'4',1556,,118660,27,,,1
63101,'6',1556,,118661,27,,,1
64800,'10',759,,118934,5,,,1
64800,'11',759,,118935,5,,,1
64800,'12',759,,118936,5,,,1
64800,'15',759,,118937,5,,,1
64800,'16',759,,118938,5,,,1
64800,'3',759,,118939,5,,,1
64800,'4',759,,118940,5,,,1
64800,'6',759,,118941,5,,,1
