22801,'1',1630,,203329,18,,,1,81,,51065,18,,,1,98,,203328,18,,,1
22801,'10',1630,,464,18,,,1,81,,203330,18,,,1,98,,203331,18,,,1
22801,'12',1629,,33742,18,,,1,83,,203333,18,,,1,97,,203332,18,,,1
22801,'14',1629,,203335,18,,,1,83,,70007,18,,,1,97,,203334,18,,,1
22801,'15',1629,,203337,18,,,1,83,,70402,18,,,1,97,,203336,18,,,1
22801,'16',1629,,203339,18,,,1,83,,203340,18,,,1,97,,203338,18,,,1
22801,'17',1630,,203342,18,,,1,81,,51093,18,,,1,98,,203341,18,,,1
22801,'2',1630,,203344,18,,,1,81,,51072,18,,,1,98,,203343,18,,,1
22801,'3',1629,,203346,18,,,1,83,,70260,18,,,1,97,,203345,18,,,1
22801,'5',1630,,203348,18,,,1,81,,203349,18,,,1,98,,203347,18,,,1
22801,'6',1630,,203351,18,,,1,81,,51128,18,,,1,98,,203350,18,,,1
22801,'8',1630,,203353,18,,,1,81,,51121,18,,,1,98,,203352,18,,,1
