1000,'1',749,,9802,16,,,1,70,,9828,16,,,1,30,,9808,16,,,1,70,,9809,16,,,1,30,,9833,16,,,1,71,,9827,16,,,1,30,,9825,16,,,1,70,,9834,16,,,1,30,,9812,16,,,1,70,,9829,16,,,1,30,,9823,16,,,1,70,,9830,16,,,1,30,,9832,16,,,1,70,,9820,16,,,1,30,,9819,16,,,1,70,,9813,16,,,1,30,,9804,16,,,1,70,,9814,16,,,1,30,,9821,16,,,1,70,,9798,16,,,1,30,,9803,16,,,1,70,,9824,16,,,1
1000,'10',616,,9876,16,,,1,32,,9883,16,,,1,71,,9847,16,,,1,33,,9868,16,,,1,70,,9840,16,,,1,32,,9882,16,,,1,69,,9890,16,,,1,28,,9855,16,,,1,68,,9879,16,,,1,31,,9842,16,,,1,70,,9852,16,,,1,30,,9891,16,,,1,70,,9885,16,,,1,32,,9884,16,,,1,70,,9875,16,,,1,30,,9866,16,,,1,69,,9861,16,,,1,30,,9880,16,,,1,4,,9860,4,0,105,1,71,,9869,16,,,1,32,,9839,16,,,1,72,,9867,16,,,1,70,,9892,16,,,1,29,,9872,16,,,1,29,,9854,16,,,1,69,,9849,16,,,1,32,,9887,16,,,1,65,,9870,16,,,1,30,,9843,16,,,1,68,,9864,16,,,1,30,,9841,16,,,1,70,,9846,16,,,1,30,,9886,16,,,1,70,,9895,16,,,1,30,,9844,16,,,1,65,,9881,16,,,1
1000,'11',616,,9936,16,,,1,32,,9943,16,,,1,71,,9907,16,,,1,33,,9928,16,,,1,70,,9900,16,,,1,32,,9942,16,,,1,69,,9950,16,,,1,28,,9915,16,,,1,68,,9939,16,,,1,31,,9902,16,,,1,70,,9912,16,,,1,30,,9951,16,,,1,70,,9945,16,,,1,32,,9944,16,,,1,70,,9935,16,,,1,30,,9926,16,,,1,69,,9921,16,,,1,30,,9940,16,,,1,4,,9920,4,0,105,1,71,,9929,16,,,1,32,,9899,16,,,1,72,,9927,16,,,1,70,,9952,16,,,1,29,,9932,16,,,1,29,,9914,16,,,1,69,,9909,16,,,1,32,,9947,16,,,1,65,,9930,16,,,1,30,,9903,16,,,1,68,,9924,16,,,1,30,,9901,16,,,1,70,,9906,16,,,1,30,,9946,16,,,1,70,,9955,16,,,1,30,,9904,16,,,1,65,,9941,16,,,1
1000,'12',616,,9996,16,,,1,32,,10003,16,,,1,71,,9967,16,,,1,33,,9988,16,,,1,70,,9960,16,,,1,32,,10002,16,,,1,69,,10010,16,,,1,28,,9975,16,,,1,68,,9999,16,,,1,31,,9962,16,,,1,70,,9972,16,,,1,30,,10011,16,,,1,70,,10005,16,,,1,32,,10004,16,,,1,70,,9995,16,,,1,30,,9986,16,,,1,69,,9981,16,,,1,30,,10000,16,,,1,4,,9980,4,0,105,1,71,,9989,16,,,1,32,,9959,16,,,1,72,,9987,16,,,1,70,,10012,16,,,1,29,,9992,16,,,1,29,,9974,16,,,1,69,,9969,16,,,1,32,,10007,16,,,1,65,,9990,16,,,1,30,,9963,16,,,1,68,,9984,16,,,1,30,,9961,16,,,1,70,,9966,16,,,1,30,,10006,16,,,1,70,,10015,16,,,1,30,,9964,16,,,1,65,,10001,16,,,1
1000,'13',616,,10062,16,,,1,32,,10067,16,,,1,71,,10033,16,,,1,33,,10028,16,,,1,72,,10039,16,,,1,30,,10052,16,,,1,69,,10060,16,,,1,28,,10075,16,,,1,68,,10036,16,,,1,31,,10018,16,,,1,70,,10056,16,,,1,30,,10063,16,,,1,70,,10034,16,,,1,32,,10042,16,,,1,70,,10029,16,,,1,30,,10047,16,,,1,71,,10072,16,,,1,28,,10049,16,,,1,4,,10066,4,0,105,1,71,,10031,16,,,1,30,,10041,16,,,1,74,,10016,16,,,1,70,,10027,16,,,1,31,,10068,16,,,1,27,,10030,16,,,1,69,,10059,16,,,1,32,,10044,16,,,1,65,,10019,16,,,1,30,,10037,16,,,1,68,,10057,16,,,1,30,,10038,16,,,1,70,,10035,16,,,1,30,,10061,16,,,1,70,,10071,16,,,1,30,,10069,16,,,1,65,,10051,16,,,1
1000,'14',744,,10081,16,,,1,70,,10090,16,,,1,30,,10116,16,,,1,70,,10099,16,,,1,30,,10091,16,,,1,71,,10113,16,,,1,30,,10096,16,,,1,70,,10080,16,,,1,30,,10082,16,,,1,70,,10078,16,,,1,30,,10093,16,,,1,70,,10089,16,,,1,30,,10104,16,,,1,70,,10085,16,,,1,30,,10077,16,,,1,70,,10103,16,,,1,30,,10098,16,,,1,70,,10088,16,,,1,30,,10114,16,,,1,70,,10087,16,,,1,30,,10100,16,,,1,70,,10112,16,,,1,30,,10102,16,,,1,70,,10079,16,,,1,30,,10095,16,,,1,70,,10094,16,,,1,30,,10105,16,,,1,70,,10083,16,,,1,30,,10101,16,,,1,70,,10097,16,,,1,29,,10110,16,,,1,70,,10111,16,,,1
1000,'15',616,,10158,16,,,1,32,,10165,16,,,1,71,,10129,16,,,1,33,,10150,16,,,1,70,,10122,16,,,1,32,,10164,16,,,1,69,,10172,16,,,1,28,,10137,16,,,1,68,,10161,16,,,1,31,,10124,16,,,1,70,,10134,16,,,1,30,,10173,16,,,1,70,,10167,16,,,1,32,,10166,16,,,1,70,,10157,16,,,1,30,,10148,16,,,1,69,,10143,16,,,1,30,,10162,16,,,1,4,,10142,4,0,105,1,71,,10151,16,,,1,32,,10121,16,,,1,72,,10149,16,,,1,70,,10174,16,,,1,29,,10154,16,,,1,29,,10136,16,,,1,69,,10131,16,,,1,32,,10169,16,,,1,65,,10152,16,,,1,30,,10125,16,,,1,68,,10146,16,,,1,30,,10123,16,,,1,70,,10128,16,,,1,30,,10168,16,,,1,70,,10177,16,,,1,30,,10126,16,,,1,65,,10163,16,,,1
1000,'16',616,,10218,16,,,1,32,,10225,16,,,1,71,,10189,16,,,1,33,,10210,16,,,1,70,,10182,16,,,1,32,,10224,16,,,1,69,,10232,16,,,1,28,,10197,16,,,1,68,,10221,16,,,1,31,,10184,16,,,1,70,,10194,16,,,1,30,,10233,16,,,1,70,,10227,16,,,1,32,,10226,16,,,1,70,,10217,16,,,1,30,,10208,16,,,1,69,,10203,16,,,1,30,,10222,16,,,1,4,,10202,4,0,105,1,71,,10211,16,,,1,32,,10181,16,,,1,72,,10209,16,,,1,70,,10234,16,,,1,29,,10214,16,,,1,29,,10196,16,,,1,69,,10191,16,,,1,32,,10229,16,,,1,65,,10212,16,,,1,30,,10185,16,,,1,68,,10206,16,,,1,30,,10183,16,,,1,70,,10188,16,,,1,30,,10228,16,,,1,70,,10237,16,,,1,30,,10186,16,,,1,65,,10223,16,,,1
1000,'17',616,,10284,16,,,1,32,,10289,16,,,1,71,,10255,16,,,1,33,,10250,16,,,1,72,,10261,16,,,1,30,,10274,16,,,1,69,,10282,16,,,1,28,,10297,16,,,1,68,,10258,16,,,1,31,,10240,16,,,1,70,,10278,16,,,1,30,,10285,16,,,1,70,,10256,16,,,1,32,,10264,16,,,1,70,,10251,16,,,1,30,,10269,16,,,1,71,,10294,16,,,1,28,,10271,16,,,1,4,,10288,4,0,105,1,71,,10253,16,,,1,30,,10263,16,,,1,74,,10238,16,,,1,70,,10249,16,,,1,31,,10290,16,,,1,27,,10252,16,,,1,69,,10281,16,,,1,32,,10266,16,,,1,65,,10241,16,,,1,30,,10259,16,,,1,68,,10279,16,,,1,30,,10260,16,,,1,70,,10257,16,,,1,30,,10283,16,,,1,70,,10293,16,,,1,30,,10291,16,,,1,65,,10273,16,,,1
1000,'18',616,,10317,16,,,1,32,,10314,16,,,1,71,,10327,16,,,1,33,,10304,16,,,1,71,,10330,16,,,1,31,,10316,16,,,1,66,,10333,16,,,1,31,,10306,16,,,1,68,,10300,16,,,1,31,,10335,16,,,1,70,,10325,16,,,1,30,,10334,16,,,1,70,,10329,16,,,1,32,,10315,16,,,1,70,,10302,16,,,1,30,,10311,16,,,1,71,,10323,16,,,1,28,,10321,16,,,1,75,,10301,16,,,1,30,,10303,16,,,1,74,,10307,16,,,1,70,,10313,16,,,1,29,,10331,16,,,1,29,,10319,16,,,1,69,,10318,16,,,1,32,,10324,16,,,1,65,,10310,16,,,1,30,,10308,16,,,1,68,,10305,16,,,1,30,,10312,16,,,1,70,,10332,16,,,1,30,,10309,16,,,1,70,,10328,16,,,1,30,,10322,16,,,1,65,,10320,16,,,1
1000,'19',616,,10382,16,,,1,32,,10387,16,,,1,71,,10353,16,,,1,33,,10348,16,,,1,72,,10359,16,,,1,30,,10372,16,,,1,69,,10380,16,,,1,28,,10395,16,,,1,68,,10356,16,,,1,31,,10338,16,,,1,70,,10376,16,,,1,30,,10383,16,,,1,70,,10354,16,,,1,32,,10362,16,,,1,70,,10349,16,,,1,30,,10367,16,,,1,71,,10392,16,,,1,28,,10369,16,,,1,4,,10386,4,0,105,1,71,,10351,16,,,1,30,,10361,16,,,1,74,,10336,16,,,1,70,,10347,16,,,1,31,,10388,16,,,1,27,,10350,16,,,1,69,,10379,16,,,1,32,,10364,16,,,1,65,,10339,16,,,1,30,,10357,16,,,1,68,,10377,16,,,1,30,,10358,16,,,1,70,,10355,16,,,1,30,,10381,16,,,1,70,,10391,16,,,1,30,,10389,16,,,1,65,,10371,16,,,1
1000,'2',749,,10401,16,,,1,70,,10427,16,,,1,30,,10407,16,,,1,70,,10408,16,,,1,30,,10432,16,,,1,71,,10426,16,,,1,30,,10424,16,,,1,70,,10433,16,,,1,30,,10411,16,,,1,70,,10428,16,,,1,30,,10422,16,,,1,70,,10429,16,,,1,30,,10431,16,,,1,70,,10419,16,,,1,30,,10418,16,,,1,70,,10412,16,,,1,30,,10403,16,,,1,70,,10413,16,,,1,30,,10420,16,,,1,70,,10397,16,,,1,30,,10402,16,,,1,70,,10423,16,,,1
1000,'3',616,,10475,16,,,1,32,,10482,16,,,1,71,,10446,16,,,1,33,,10467,16,,,1,70,,10439,16,,,1,32,,10481,16,,,1,69,,10489,16,,,1,28,,10454,16,,,1,68,,10478,16,,,1,31,,10441,16,,,1,70,,10451,16,,,1,30,,10490,16,,,1,70,,10484,16,,,1,32,,10483,16,,,1,70,,10474,16,,,1,30,,10465,16,,,1,69,,10460,16,,,1,30,,10479,16,,,1,4,,10459,4,0,105,1,71,,10468,16,,,1,32,,10438,16,,,1,72,,10466,16,,,1,70,,10491,16,,,1,29,,10471,16,,,1,29,,10453,16,,,1,69,,10448,16,,,1,32,,10486,16,,,1,65,,10469,16,,,1,30,,10442,16,,,1,68,,10463,16,,,1,30,,10440,16,,,1,70,,10445,16,,,1,30,,10485,16,,,1,70,,10494,16,,,1,30,,10443,16,,,1,65,,10480,16,,,1
1000,'4',616,,10535,16,,,1,32,,10542,16,,,1,71,,10506,16,,,1,33,,10527,16,,,1,70,,10499,16,,,1,32,,10541,16,,,1,69,,10549,16,,,1,28,,10514,16,,,1,68,,10538,16,,,1,31,,10501,16,,,1,70,,10511,16,,,1,30,,10550,16,,,1,70,,10544,16,,,1,32,,10543,16,,,1,70,,10534,16,,,1,30,,10525,16,,,1,69,,10520,16,,,1,30,,10539,16,,,1,4,,10519,4,0,105,1,71,,10528,16,,,1,32,,10498,16,,,1,72,,10526,16,,,1,70,,10551,16,,,1,29,,10531,16,,,1,29,,10513,16,,,1,69,,10508,16,,,1,32,,10546,16,,,1,65,,10529,16,,,1,30,,10502,16,,,1,68,,10523,16,,,1,30,,10500,16,,,1,70,,10505,16,,,1,30,,10545,16,,,1,70,,10554,16,,,1,30,,10503,16,,,1,65,,10540,16,,,1
1000,'5',616,,10601,16,,,1,32,,10606,16,,,1,71,,10572,16,,,1,33,,10567,16,,,1,72,,10578,16,,,1,30,,10591,16,,,1,69,,10599,16,,,1,28,,10614,16,,,1,68,,10575,16,,,1,31,,10557,16,,,1,70,,10595,16,,,1,30,,10602,16,,,1,70,,10573,16,,,1,32,,10581,16,,,1,70,,10568,16,,,1,30,,10586,16,,,1,71,,10611,16,,,1,28,,10588,16,,,1,4,,10605,4,0,105,1,71,,10570,16,,,1,30,,10580,16,,,1,74,,10555,16,,,1,70,,10566,16,,,1,31,,10607,16,,,1,27,,10569,16,,,1,69,,10598,16,,,1,32,,10583,16,,,1,65,,10558,16,,,1,30,,10576,16,,,1,68,,10596,16,,,1,30,,10577,16,,,1,70,,10574,16,,,1,30,,10600,16,,,1,70,,10610,16,,,1,30,,10608,16,,,1,65,,10590,16,,,1
1000,'6',616,,10656,16,,,1,32,,10663,16,,,1,71,,10627,16,,,1,33,,10648,16,,,1,70,,10620,16,,,1,32,,10662,16,,,1,69,,10670,16,,,1,28,,10635,16,,,1,68,,10659,16,,,1,31,,10622,16,,,1,70,,10632,16,,,1,30,,10671,16,,,1,70,,10665,16,,,1,32,,10664,16,,,1,70,,10655,16,,,1,30,,10646,16,,,1,69,,10641,16,,,1,30,,10660,16,,,1,4,,10640,4,0,105,1,71,,10649,16,,,1,32,,10619,16,,,1,72,,10647,16,,,1,70,,10672,16,,,1,29,,10652,16,,,1,29,,10634,16,,,1,69,,10629,16,,,1,32,,10667,16,,,1,65,,10650,16,,,1,30,,10623,16,,,1,68,,10644,16,,,1,30,,10621,16,,,1,70,,10626,16,,,1,30,,10666,16,,,1,70,,10675,16,,,1,30,,10624,16,,,1,65,,10661,16,,,1
1000,'7',616,,10722,16,,,1,32,,10727,16,,,1,71,,10693,16,,,1,33,,10688,16,,,1,72,,10699,16,,,1,30,,10712,16,,,1,69,,10720,16,,,1,28,,10735,16,,,1,68,,10696,16,,,1,31,,10678,16,,,1,70,,10716,16,,,1,30,,10723,16,,,1,70,,10694,16,,,1,32,,10702,16,,,1,70,,10689,16,,,1,30,,10707,16,,,1,71,,10732,16,,,1,28,,10709,16,,,1,4,,10726,4,0,105,1,71,,10691,16,,,1,30,,10701,16,,,1,74,,10676,16,,,1,70,,10687,16,,,1,31,,10728,16,,,1,27,,10690,16,,,1,69,,10719,16,,,1,32,,10704,16,,,1,65,,10679,16,,,1,30,,10697,16,,,1,68,,10717,16,,,1,30,,10698,16,,,1,70,,10695,16,,,1,30,,10721,16,,,1,70,,10731,16,,,1,30,,10729,16,,,1,65,,10711,16,,,1
1000,'8',744,,10741,16,,,1,70,,10750,16,,,1,30,,10776,16,,,1,70,,10759,16,,,1,30,,10751,16,,,1,71,,10773,16,,,1,30,,10756,16,,,1,70,,10740,16,,,1,30,,10742,16,,,1,70,,10738,16,,,1,30,,10753,16,,,1,70,,10749,16,,,1,30,,10764,16,,,1,70,,10745,16,,,1,30,,10737,16,,,1,70,,10763,16,,,1,30,,10758,16,,,1,70,,10748,16,,,1,30,,10774,16,,,1,70,,10747,16,,,1,30,,10760,16,,,1,70,,10772,16,,,1,30,,10762,16,,,1,70,,10739,16,,,1,30,,10755,16,,,1,70,,10754,16,,,1,30,,10765,16,,,1,70,,10743,16,,,1,30,,10761,16,,,1,70,,10757,16,,,1,29,,10770,16,,,1,70,,10771,16,,,1
1000,'9',749,,10782,16,,,1,70,,10808,16,,,1,30,,10788,16,,,1,70,,10789,16,,,1,30,,10813,16,,,1,71,,10807,16,,,1,30,,10805,16,,,1,70,,10814,16,,,1,30,,10792,16,,,1,70,,10809,16,,,1,30,,10803,16,,,1,70,,10810,16,,,1,30,,10812,16,,,1,70,,10800,16,,,1,30,,10799,16,,,1,70,,10793,16,,,1,30,,10784,16,,,1,70,,10794,16,,,1,30,,10801,16,,,1,70,,10778,16,,,1,30,,10783,16,,,1,70,,10804,16,,,1
