2100,'10',713,,692896,,,1,100,,692897,,,1,31,,692895,,,1
2100,'11',713,,692899,,,1,100,,659439,,,1,31,,692898,,,1
2100,'12',713,,692901,,,1,100,,659485,,,1,31,,692900,,,1
2100,'13',713,,692903,,,1,102,,657397,,,1,29,,692902,,,1
2100,'15',713,,692905,,,1,100,,692906,,,1,31,,692904,,,1
2100,'16',713,,692908,,,1,100,,659650,,,1,31,,692907,,,1
2100,'17',713,,692911,,,1,102,,692910,,,1,29,,692909,,,1
2100,'18',713,,692913,,,1,102,,692912,,,1,29,,692914,,,1
2100,'19',713,,692916,,,1,102,,657625,,,1,29,,692915,,,1
2100,'3',713,,692918,,,1,100,,659381,,,1,31,,692917,,,1
2100,'4',713,,692920,,,1,100,,659345,,,1,31,,692919,,,1
2100,'5',713,,692923,,,1,102,,692922,,,1,29,,692921,,,1
2100,'6',713,,692925,,,1,100,,692926,,,1,31,,692924,,,1
2100,'7',713,,692929,,,1,102,,692928,,,1,29,,692927,,,1
