9201,'1',627,,187695,29,,,1,30,,187699,29,,,1,72,,187700,29,,,1,23,,187693,29,,,1,79,,187705,29,,,1,28,,187694,29,,,1,141,,187704,29,0,91,1,100,,118975,29,0,91,1,100,,187701,29,0,91,1,101,,55536,29,0,91,1,100,,97022,29,0,91,1,99,,86381,29,0,91,1,22,,187698,39,0,91,1,279,,187692,29,0,91,1,100,,187696,29,0,91,1,56,,187703,29,0,91,1,100,,187702,29,0,91,1,100,,187697,29,0,91,1,99,,114694,29,0,91,1
9201,'10',627,,79777,29,,,1,30,,8150,29,,,1,70,,187712,29,,,1,24,,187710,29,,,1,79,,68593,29,,,1,29,,187715,29,,,1,141,,187713,29,0,91,1,100,,61437,29,0,91,1,100,,187707,29,0,91,1,101,,187714,29,0,91,1,100,,79796,29,0,91,1,100,,187706,29,0,91,1,300,,114906,29,0,91,1,100,,9446,29,0,91,1,56,,187708,29,0,91,1,100,,187716,29,0,91,1,100,,187711,29,0,91,1,99,,187709,29,0,91,1
9201,'12',627,,95842,29,,,1,30,,187720,29,,,1,72,,187722,29,,,1,22,,187721,29,,,1,80,,187718,29,,,1,28,,187727,29,,,1,141,,187717,29,0,91,1,100,,49767,29,0,91,1,100,,187728,29,0,91,1,101,,6078,29,0,91,1,100,,187719,29,0,91,1,100,,39091,29,0,91,1,300,,187729,29,0,91,1,100,,187724,29,0,91,1,56,,187725,29,0,91,1,100,,187723,29,0,91,1,100,,187730,29,0,91,1,99,,187726,29,0,91,1
9201,'14',627,,187736,29,,,1,30,,12337,29,,,1,72,,187737,29,,,1,22,,187735,29,,,1,80,,187732,29,,,1,28,,94248,29,,,1,141,,187731,29,0,91,1,100,,187733,29,0,91,1,100,,85912,29,0,91,1,101,,187741,29,0,91,1,100,,187734,29,0,91,1,100,,187739,29,0,91,1,300,,187740,29,0,91,1,100,,66358,29,0,91,1,56,,19909,29,0,91,1,100,,187738,29,0,91,1,100,,187742,29,0,91,1,99,,104678,29,0,91,1
9201,'15',627,,187748,29,,,1,30,,12683,29,,,1,72,,187749,29,,,1,22,,187747,29,,,1,80,,187744,29,,,1,28,,94341,29,,,1,141,,187743,29,0,91,1,100,,187745,29,0,91,1,100,,86185,29,0,91,1,101,,187753,29,0,91,1,100,,187746,29,0,91,1,100,,187751,29,0,91,1,300,,187752,29,0,91,1,100,,66639,29,0,91,1,56,,20037,29,0,91,1,100,,187750,29,0,91,1,100,,187754,29,0,91,1,99,,104883,29,0,91,1
9201,'16',627,,187760,29,,,1,30,,187758,29,,,1,72,,187761,29,,,1,22,,187759,29,,,1,80,,40782,29,,,1,28,,187767,29,,,1,141,,187755,29,0,91,1,100,,187756,29,0,91,1,100,,187768,29,0,91,1,101,,187770,29,0,91,1,100,,187757,29,0,91,1,100,,187765,29,0,91,1,300,,187769,29,0,91,1,100,,187763,29,0,91,1,56,,187764,29,0,91,1,100,,187762,29,0,91,1,100,,187771,29,0,91,1,99,,187766,29,0,91,1
9201,'17',627,,187775,29,,,1,30,,187779,29,,,1,72,,187780,29,,,1,23,,187773,29,,,1,79,,187785,29,,,1,28,,187774,29,,,1,141,,187784,29,0,91,1,100,,118978,29,0,91,1,100,,187781,29,0,91,1,101,,55765,29,0,91,1,100,,97328,29,0,91,1,99,,86606,29,0,91,1,22,,187778,39,0,91,1,279,,187772,29,0,91,1,100,,187776,29,0,91,1,56,,187783,29,0,91,1,100,,187782,29,0,91,1,100,,187777,29,0,91,1,99,,114863,29,0,91,1
9201,'2',627,,187789,29,,,1,30,,187793,29,,,1,72,,187794,29,,,1,23,,187787,29,,,1,79,,187799,29,,,1,28,,187788,29,,,1,141,,187798,29,0,91,1,100,,118976,29,0,91,1,100,,187795,29,0,91,1,101,,55584,29,0,91,1,100,,97089,29,0,91,1,99,,86429,29,0,91,1,22,,187792,39,0,91,1,279,,187786,29,0,91,1,100,,187790,29,0,91,1,56,,187797,29,0,91,1,100,,187796,29,0,91,1,100,,187791,29,0,91,1,99,,114733,29,0,91,1
9201,'3',627,,187805,29,,,1,30,,12558,29,,,1,72,,187806,29,,,1,22,,187804,29,,,1,80,,187801,29,,,1,28,,94304,29,,,1,141,,187800,29,0,91,1,100,,187802,29,0,91,1,100,,86088,29,0,91,1,101,,187810,29,0,91,1,100,,187803,29,0,91,1,100,,187808,29,0,91,1,300,,187809,29,0,91,1,100,,66538,29,0,91,1,56,,19986,29,0,91,1,100,,187807,29,0,91,1,100,,187811,29,0,91,1,99,,104813,29,0,91,1
9201,'5',627,,187816,29,,,1,30,,187819,29,,,1,72,,187820,29,,,1,23,,47444,29,,,1,79,,187826,29,,,1,28,,187814,29,,,1,141,,187825,29,0,91,1,100,,187828,29,0,91,1,100,,187821,29,0,91,1,101,,187824,29,0,91,1,100,,187813,29,0,91,1,99,,187827,29,0,91,1,22,,187818,39,0,91,1,279,,187812,29,0,91,1,100,,53981,29,0,91,1,56,,187823,29,0,91,1,100,,187822,29,0,91,1,100,,187817,29,0,91,1,99,,187815,29,0,91,1
9201,'6',627,,187832,29,,,1,30,,187836,29,,,1,72,,187837,29,,,1,23,,187830,29,,,1,79,,187842,29,,,1,28,,187831,29,,,1,141,,187841,29,0,91,1,100,,118980,29,0,91,1,100,,187838,29,0,91,1,101,,56044,29,0,91,1,100,,97672,29,0,91,1,99,,86882,29,0,91,1,22,,187835,39,0,91,1,279,,187829,29,0,91,1,100,,187833,29,0,91,1,56,,187840,29,0,91,1,100,,187839,29,0,91,1,100,,187834,29,0,91,1,99,,115072,29,0,91,1
9201,'8',627,,187846,29,,,1,30,,187850,29,,,1,72,,187851,29,,,1,23,,187844,29,,,1,79,,187856,29,,,1,28,,187845,29,,,1,141,,187855,29,0,91,1,100,,118979,29,0,91,1,100,,187852,29,0,91,1,101,,55996,29,0,91,1,100,,97605,29,0,91,1,99,,86834,29,0,91,1,22,,187849,39,0,91,1,279,,187843,29,0,91,1,100,,187847,29,0,91,1,56,,187854,29,0,91,1,100,,187853,29,0,91,1,100,,187848,29,0,91,1,99,,115033,29,0,91,1
