68700,'11',733,,378033,30,,,0
68700,'13',733,,378034,30,,,0
68700,'14',733,,378035,30,,,0
68700,'2',733,,265480,30,,,0
68700,'3',733,,378036,30,,,0
68700,'5',733,,378037,30,,,0
68700,'6',733,,378038,30,,,0
68700,'7',733,,265363,30,,,0
68700,'9',733,,378039,30,,,0
68701,'11',1446,,378040,19,,,0
68701,'13',1446,,378041,19,,,0
68701,'14',1446,,378042,19,,,0
68701,'2',1446,,378043,19,,,0
68701,'3',1446,,378044,19,,,0
68701,'5',1446,,378045,19,,,0
68701,'6',1446,,378046,19,,,0
68701,'7',1446,,378047,19,,,0
68701,'9',1446,,378048,19,,,0
