8100,'1',614,,350800,52,,,0,30,,350805,52,,,0,70,,235170,52,,,0,28,,155000,52,,,0,72,,350795,52,,,0,32,,350809,52,,,0,69,,350810,52,,,0,29,,350811,52,,,0,70,,350806,52,,,0,30,,350813,52,,,0,70,,350799,52,,,0,30,,350798,52,,,0,70,,350817,52,,,0,30,,233888,52,,,0,70,,279520,52,,,0,30,,350803,52,,,0,72,,350807,52,,,0,30,,227655,52,,,0,70,,350797,52,,,0,35,,350814,52,,,0,72,,241705,52,,,0,30,,350792,52,,,0,69,,350818,52,,,0,28,,350794,52,,,0,68,,350796,52,,,0,30,,350808,52,,,0,66,,350793,52,,,0,29,,350815,52,,,0,70,,350819,52,,,0,30,,246669,52,,,0,68,,350812,52,,,0,30,,350801,52,,,0,70,,350816,52,,,0,30,,350802,52,,,0,100,,350804,52,,,0,85,,218496,52,,,0
8100,'10',759,,350833,52,,,0,70,,350836,52,,,0,30,,350827,52,,,0,70,,350821,52,,,0,30,,350838,52,,,0,70,,350822,52,,,0,72,,350825,52,,,0,30,,258919,52,,,0,70,,350839,52,,,0,30,,230200,52,,,0,71,,350831,52,,,0,30,,350837,52,,,0,70,,350832,52,,,0,30,,222998,52,,,0,70,,289658,52,,,0,30,,245165,52,,,0,70,,350830,52,,,0,30,,350834,52,,,0,70,,350820,52,,,0,30,,288032,52,,,0,70,,233933,52,,,0,30,,350826,52,,,0,69,,350824,52,,,0,30,,207555,52,,,0,70,,350835,52,,,0,100,,350823,52,,,0,58,,350829,52,,,0,100,,350828,52,,,0,100,,262301,52,,,0
8100,'11',614,,350857,52,,,0,30,,350840,52,,,0,70,,350842,52,,,0,28,,350845,52,,,0,67,,350861,52,,,0,35,,350848,52,,,0,72,,350854,52,,,0,28,,350852,52,,,0,70,,350864,52,,,0,30,,350849,52,,,0,70,,255045,52,,,0,30,,182098,52,,,0,70,,350859,52,,,0,30,,270985,52,,,0,70,,206920,52,,,0,30,,350862,52,,,0,72,,291576,52,,,0,30,,206073,52,,,0,70,,350860,52,,,0,35,,350865,52,,,0,74,,350847,52,,,0,97,,350850,52,,,0,28,,211573,52,,,0,68,,350846,52,,,0,30,,350855,52,,,0,66,,350841,52,,,0,29,,350856,52,,,0,70,,350858,52,,,0,30,,350843,52,,,0,68,,268478,52,,,0,30,,350863,52,,,0,70,,350851,52,,,0,30,,350844,52,,,0,100,,350853,52,,,0,85,,281410,52,,,0
8100,'12',756,,350867,52,,,0,70,,350886,52,,,0,30,,350889,52,,,0,70,,350876,52,,,0,30,,350890,52,,,0,70,,350879,52,,,0,32,,350881,52,,,0,70,,350885,52,,,0,30,,350883,52,,,0,70,,350877,52,,,0,31,,350868,52,,,0,70,,350882,52,,,0,30,,350887,52,,,0,70,,350880,52,,,0,30,,350874,52,,,0,70,,350884,52,,,0,30,,350869,52,,,0,70,,350888,52,,,0,30,,261314,52,,,0,70,,350866,52,,,0,30,,350870,52,,,0,70,,350871,52,,,0,29,,350891,52,,,0,100,,350873,52,,,0,100,,350872,52,,,0,98,,350875,52,,,0,100,,350878,52,,,0
8100,'13',614,,350909,52,,,0,30,,350892,52,,,0,70,,350894,52,,,0,28,,350897,52,,,0,67,,350913,52,,,0,35,,350900,52,,,0,72,,350906,52,,,0,28,,350904,52,,,0,70,,350916,52,,,0,30,,350901,52,,,0,70,,255073,52,,,0,30,,181558,52,,,0,70,,350911,52,,,0,30,,271022,52,,,0,70,,206967,52,,,0,30,,350914,52,,,0,72,,291603,52,,,0,30,,206063,52,,,0,70,,350912,52,,,0,35,,350917,52,,,0,74,,350899,52,,,0,97,,350902,52,,,0,28,,211620,52,,,0,68,,350898,52,,,0,30,,350907,52,,,0,66,,350893,52,,,0,29,,350908,52,,,0,70,,350910,52,,,0,30,,350895,52,,,0,68,,268508,52,,,0,30,,350915,52,,,0,70,,350903,52,,,0,30,,350896,52,,,0,100,,350905,52,,,0,85,,281445,52,,,0
8100,'14',614,,350935,52,,,0,30,,350918,52,,,0,70,,350920,52,,,0,28,,350923,52,,,0,67,,350939,52,,,0,35,,350926,52,,,0,72,,350932,52,,,0,28,,350930,52,,,0,70,,350942,52,,,0,30,,350927,52,,,0,70,,255200,52,,,0,30,,181843,52,,,0,70,,350937,52,,,0,30,,271182,52,,,0,70,,207142,52,,,0,30,,350940,52,,,0,72,,291706,52,,,0,30,,206065,52,,,0,70,,350938,52,,,0,35,,350943,52,,,0,74,,350925,52,,,0,97,,350928,52,,,0,28,,211844,52,,,0,68,,350924,52,,,0,30,,350933,52,,,0,66,,350919,52,,,0,29,,350934,52,,,0,70,,350936,52,,,0,30,,350921,52,,,0,68,,268631,52,,,0,30,,350941,52,,,0,70,,350929,52,,,0,30,,350922,52,,,0,100,,350931,52,,,0,85,,281611,52,,,0
8100,'15',756,,350945,52,,,0,70,,350964,52,,,0,30,,269528,52,,,0,70,,350954,52,,,0,30,,350967,52,,,0,70,,350957,52,,,0,32,,350959,52,,,0,70,,350963,52,,,0,30,,350960,52,,,0,70,,350955,52,,,0,31,,350946,52,,,0,70,,258283,52,,,0,30,,350965,52,,,0,70,,350958,52,,,0,30,,350952,52,,,0,70,,350961,52,,,0,30,,350947,52,,,0,70,,350966,52,,,0,30,,350962,52,,,0,70,,350944,52,,,0,30,,350948,52,,,0,70,,350949,52,,,0,29,,350968,52,,,0,100,,350951,52,,,0,100,,350950,52,,,0,98,,350953,52,,,0,100,,350956,52,,,0
8100,'16',759,,181424,52,,,0,70,,350989,52,,,0,30,,350981,52,,,0,70,,350971,52,,,0,30,,350991,52,,,0,70,,350972,52,,,0,72,,286218,52,,,0,30,,350985,52,,,0,70,,350993,52,,,0,30,,350973,52,,,0,71,,350986,52,,,0,30,,350990,52,,,0,70,,185951,52,,,0,30,,350980,52,,,0,70,,350978,52,,,0,30,,350992,52,,,0,70,,350984,52,,,0,30,,350987,52,,,0,70,,350970,52,,,0,30,,350974,52,,,0,70,,350994,52,,,0,30,,350979,52,,,0,69,,350976,52,,,0,30,,350977,52,,,0,70,,350988,52,,,0,100,,350975,52,,,0,58,,350983,52,,,0,100,,350982,52,,,0,100,,350969,52,,,0
8100,'2',614,,351013,52,,,0,30,,350995,52,,,0,70,,350998,52,,,0,28,,351000,52,,,0,67,,351017,52,,,0,35,,351002,52,,,0,72,,351009,52,,,0,28,,351008,52,,,0,70,,351021,52,,,0,30,,351003,52,,,0,70,,351011,52,,,0,30,,351018,52,,,0,70,,351015,52,,,0,30,,351024,52,,,0,70,,351006,52,,,0,30,,264471,52,,,0,72,,351004,52,,,0,30,,351019,52,,,0,70,,351016,52,,,0,35,,351022,52,,,0,74,,351001,52,,,0,97,,276360,52,,,0,28,,350997,52,,,0,68,,267404,52,,,0,30,,351010,52,,,0,66,,350996,52,,,0,29,,351012,52,,,0,70,,351014,52,,,0,30,,270808,52,,,0,68,,351005,52,,,0,30,,351020,52,,,0,70,,351007,52,,,0,30,,350999,52,,,0,100,,242406,52,,,0,85,,351023,52,,,0
8100,'3',614,,351042,52,,,0,30,,237744,52,,,0,70,,351027,52,,,0,28,,291823,52,,,0,67,,351044,52,,,0,35,,210071,52,,,0,72,,351038,52,,,0,28,,351036,52,,,0,70,,351049,52,,,0,30,,351031,52,,,0,70,,351040,52,,,0,30,,351045,52,,,0,70,,277254,52,,,0,30,,351052,52,,,0,70,,351035,52,,,0,30,,351047,52,,,0,72,,351032,52,,,0,30,,351046,52,,,0,70,,288495,52,,,0,35,,351050,52,,,0,74,,351030,52,,,0,97,,351033,52,,,0,28,,351026,52,,,0,68,,351029,52,,,0,30,,351039,52,,,0,66,,351025,52,,,0,29,,351041,52,,,0,70,,351043,52,,,0,30,,351028,52,,,0,68,,351034,52,,,0,30,,351048,52,,,0,70,,211018,52,,,0,30,,210062,52,,,0,100,,351037,52,,,0,85,,351051,52,,,0
8100,'4',614,,351057,52,,,0,30,,351060,52,,,0,70,,351076,52,,,0,29,,223021,52,,,0,69,,351078,52,,,0,34,,351070,52,,,0,70,,351082,52,,,0,28,,225077,52,,,0,70,,351079,52,,,0,30,,351071,52,,,0,70,,351066,52,,,0,30,,226375,52,,,0,70,,351064,52,,,0,30,,351067,52,,,0,70,,351056,52,,,0,30,,351075,52,,,0,72,,250261,52,,,0,30,,351058,52,,,0,70,,351055,52,,,0,35,,351069,52,,,0,72,,351062,52,,,0,30,,215892,52,,,0,69,,351077,52,,,0,28,,351074,52,,,0,68,,351081,52,,,0,30,,351061,52,,,0,66,,351068,52,,,0,29,,351072,52,,,0,70,,272777,52,,,0,30,,351080,52,,,0,68,,351053,52,,,0,30,,351073,52,,,0,70,,351065,52,,,0,30,,351059,52,,,0,100,,351063,52,,,0,85,,351054,52,,,0
8100,'5',614,,351100,52,,,0,30,,237854,52,,,0,70,,351085,52,,,0,28,,291873,52,,,0,67,,351102,52,,,0,35,,177633,52,,,0,72,,351096,52,,,0,28,,351094,52,,,0,70,,351107,52,,,0,30,,351089,52,,,0,70,,351098,52,,,0,30,,351103,52,,,0,70,,277338,52,,,0,30,,351110,52,,,0,70,,351093,52,,,0,30,,351105,52,,,0,72,,351090,52,,,0,30,,351104,52,,,0,70,,193815,52,,,0,35,,351108,52,,,0,74,,351088,52,,,0,97,,351091,52,,,0,28,,351084,52,,,0,68,,351087,52,,,0,30,,351097,52,,,0,66,,351083,52,,,0,29,,351099,52,,,0,70,,351101,52,,,0,30,,351086,52,,,0,68,,351092,52,,,0,30,,351106,52,,,0,70,,211173,52,,,0,30,,210211,52,,,0,100,,351095,52,,,0,85,,351109,52,,,0
8100,'6',614,,351128,52,,,0,30,,351111,52,,,0,70,,351113,52,,,0,28,,351116,52,,,0,67,,351132,52,,,0,35,,351119,52,,,0,72,,351125,52,,,0,28,,351123,52,,,0,70,,351135,52,,,0,30,,351120,52,,,0,70,,254867,52,,,0,30,,182030,52,,,0,70,,351130,52,,,0,30,,270773,52,,,0,70,,206648,52,,,0,30,,351133,52,,,0,72,,291412,52,,,0,30,,206071,52,,,0,70,,351131,52,,,0,35,,351136,52,,,0,74,,351118,52,,,0,97,,351121,52,,,0,28,,211269,52,,,0,68,,351117,52,,,0,30,,351126,52,,,0,66,,351112,52,,,0,29,,351127,52,,,0,70,,351129,52,,,0,30,,351114,52,,,0,68,,268310,52,,,0,30,,351134,52,,,0,70,,351122,52,,,0,30,,351115,52,,,0,100,,351124,52,,,0,85,,281189,52,,,0
8100,'7',614,,351155,52,,,0,30,,351137,52,,,0,70,,351140,52,,,0,28,,351142,52,,,0,67,,351159,52,,,0,35,,351144,52,,,0,72,,351151,52,,,0,28,,351150,52,,,0,70,,351163,52,,,0,30,,351145,52,,,0,70,,351153,52,,,0,30,,351160,52,,,0,70,,351157,52,,,0,30,,351166,52,,,0,70,,351148,52,,,0,30,,264268,52,,,0,72,,351146,52,,,0,30,,351161,52,,,0,70,,351158,52,,,0,35,,351164,52,,,0,74,,351143,52,,,0,97,,276245,52,,,0,28,,351139,52,,,0,68,,267331,52,,,0,30,,351152,52,,,0,66,,351138,52,,,0,29,,351154,52,,,0,70,,351156,52,,,0,30,,270709,52,,,0,68,,351147,52,,,0,30,,351162,52,,,0,70,,351149,52,,,0,30,,351141,52,,,0,100,,242271,52,,,0,85,,351165,52,,,0
8100,'8',756,,351168,52,,,0,70,,351187,52,,,0,30,,351190,52,,,0,70,,351177,52,,,0,30,,351191,52,,,0,70,,351180,52,,,0,32,,351182,52,,,0,70,,351186,52,,,0,30,,351184,52,,,0,70,,351178,52,,,0,31,,351169,52,,,0,70,,351183,52,,,0,30,,351188,52,,,0,70,,351181,52,,,0,30,,351175,52,,,0,70,,351185,52,,,0,30,,351170,52,,,0,70,,351189,52,,,0,30,,125287,52,,,0,70,,351167,52,,,0,30,,351171,52,,,0,70,,351172,52,,,0,29,,351192,52,,,0,100,,351174,52,,,0,100,,351173,52,,,0,98,,351176,52,,,0,100,,351179,52,,,0
8100,'9',614,,351210,52,,,0,30,,351193,52,,,0,70,,351195,52,,,0,28,,351198,52,,,0,67,,351214,52,,,0,35,,351201,52,,,0,72,,351207,52,,,0,28,,351205,52,,,0,70,,351217,52,,,0,30,,351202,52,,,0,70,,254782,52,,,0,30,,181882,52,,,0,70,,351212,52,,,0,30,,270676,52,,,0,70,,206528,52,,,0,30,,351215,52,,,0,72,,291333,52,,,0,30,,206067,52,,,0,70,,351213,52,,,0,35,,351218,52,,,0,74,,351200,52,,,0,97,,351203,52,,,0,28,,211110,52,,,0,68,,351199,52,,,0,30,,351208,52,,,0,66,,351194,52,,,0,29,,351209,52,,,0,70,,351211,52,,,0,30,,351196,52,,,0,68,,268225,52,,,0,30,,351216,52,,,0,70,,351204,52,,,0,30,,351197,52,,,0,100,,351206,52,,,0,85,,281081,52,,,0
