18701,'11',1455,,548824,,,1,104,,666294,,,1,67,,457343,,,1,33,,666292,,,1,68,,666293,,,1,80,,379055,,,1
18701,'12',1455,,666296,,,1,104,,517071,,,1,67,,666298,,,1,33,,511020,,,1,68,,666297,,,1,80,,666295,,,1
18701,'13',1455,,666300,,,1,104,,516469,,,1,67,,666302,,,1,33,,510536,,,1,68,,666301,,,1,80,,666299,,,1
18701,'14',1455,,666304,,,1,104,,516906,,,1,67,,666306,,,1,33,,510884,,,1,68,,666305,,,1,80,,666303,,,1
18701,'15',1455,,666308,,,1,104,,516806,,,1,67,,666310,,,1,33,,510810,,,1,68,,666309,,,1,80,,666307,,,1
18701,'16',1455,,666315,,,1,102,,666312,,,1,69,,666314,,,1,31,,666313,,,1,71,,666311,,,1,80,,529806,,,1
18701,'17',1455,,666317,,,1,104,,516756,,,1,67,,666319,,,1,33,,510773,,,1,68,,666318,,,1,80,,666316,,,1
18701,'18',1455,,666321,,,1,104,,517248,,,1,67,,666323,,,1,33,,511164,,,1,68,,666322,,,1,80,,666320,,,1
18701,'19',1455,,666326,,,1,104,,666329,,,1,67,,666328,,,1,33,,666325,,,1,68,,666327,,,1,80,,666324,,,1
18701,'20',1455,,666331,,,1,104,,517122,,,1,67,,666333,,,1,33,,511058,,,1,68,,666332,,,1,80,,666330,,,1
18701,'21',1455,,666339,,,1,102,,666335,,,1,69,,666337,,,1,31,,666336,,,1,71,,666334,,,1,80,,666338,,,1
18701,'22',1455,,666342,,,1,104,,666345,,,1,67,,666344,,,1,33,,666341,,,1,68,,666343,,,1,80,,666340,,,1
18701,'23',1455,,666351,,,1,102,,666347,,,1,69,,666349,,,1,31,,666348,,,1,71,,666346,,,1,80,,666350,,,1
18701,'5',1455,,666353,,,1,103,,666355,,,1,99,,666352,,,1,150,,666354,,,1
18701,'6',1455,,513884,,,1,102,,666357,,,1,69,,666359,,,1,31,,666358,,,1,71,,666356,,,1,80,,666360,,,1
18701,'8',1455,,666362,,,1,104,,516856,,,1,67,,666364,,,1,33,,510847,,,1,68,,666363,,,1,80,,666361,,,1
18701,'9',1455,,514779,,,1,102,,666366,,,1,69,,666368,,,1,31,,666367,,,1,71,,666365,,,1,80,,666369,,,1
67000,'11',734,,672024,,,1
67000,'12',734,,528160,,,1
67000,'13',734,,527596,,,1
67000,'14',734,,528008,,,1
67000,'15',734,,527914,,,1
67000,'17',734,,527867,,,1
67000,'18',734,,528323,,,1
67000,'19',734,,672025,,,1
67000,'20',734,,528205,,,1
67000,'22',734,,672026,,,1
67000,'8',734,,527961,,,1
