8600,'1',624,,637823,,,1,100,,637831,,,1,100,,637830,,,1,30,,637818,,,1,70,,637816,,,1,30,,637810,,,1,70,,484766,,,1,30,,637824,,,1,70,,637817,,,1,30,,637835,,,1,70,,637809,,,1,30,,637821,,,1,70,,637812,,,1,30,,535253,,,1,70,,637829,,,1,30,,637814,,,1,70,,637833,,,1,30,,637832,,,1,70,,637819,,,1,30,,467371,,,1,70,,471820,,,1,30,,637815,,,1,70,,637811,,,1,30,,637820,,,1,70,,637834,,,1,30,,487388,,,1,70,,637826,,,1,30,,637822,,,1,70,,637813,,,1,100,,637827,,,1,100,,637825,,,1,100,,637828,,,1
8600,'10',624,,504843,,,1,100,,637852,,,1,30,,637842,,,1,70,,637847,,,0,30,,354175,,,1,70,,637850,,,1,30,,637848,,,1,70,,546961,,,1,30,,637844,,,1,70,,637840,,,1,30,,637843,,,1,70,,528667,,,1,30,,637846,,,1,70,,637839,,,1,30,,637851,,,1,70,,477800,,,1,30,,506173,,,1,70,,398623,,,1,30,,504848,,,1,70,,358169,,,1,30,,637845,,,1,70,,499557,,,1,30,,451169,,,1,70,,418720,,,1,30,,637837,,,1,70,,637841,,,1,30,,534030,,,1,70,,637849,,,1,30,,637853,,,1,100,,637838,,,1,100,,637836,,,1
8600,'11',505,,637858,,,1,50,,468175,,,1,56,,531479,,,1,29,,520999,,,1,71,,637886,,,1,33,,637860,,,1,72,,637887,,,1,31,,637885,,,1,69,,637884,,,1,15,,637862,,,1,70,,538696,,,1,30,,637864,,,1,70,,637861,,,1,30,,467258,,,1,70,,477440,,,1,30,,637881,,,1,70,,637874,,,1,100,,637863,,,1,30,,501814,,,1,15,,637878,,,1,86,,12637,,,1,71,,637859,,,1,31,,637868,,,1,70,,505707,,,1,31,,637857,,,1,69,,637872,,,1,27,,637870,,,1,27,,637882,,,1,70,,637855,,,1,30,,637880,,,1,69,,637877,,,1,30,,637883,,,1,70,,637865,,,1,30,,513280,,,1,70,,637869,,,1,100,,637856,,,1
8600,'12',505,,456708,,,1,50,,637901,,,1,56,,637915,,,1,29,,637909,,,1,71,,637919,,,1,33,,637894,,,1,72,,524885,,,1,31,,637918,,,1,69,,637917,,,1,15,,637895,,,1,70,,637902,,,1,30,,542027,,,1,70,,498428,,,1,30,,637896,,,1,70,,637922,,,1,30,,637912,,,1,70,,637906,,,1,100,,637897,,,1,30,,637889,,,1,15,,466924,,,1,86,,637913,,,1,71,,547897,,,1,31,,637899,,,1,70,,637920,,,1,31,,637892,,,1,69,,637904,,,1,27,,637900,,,1,27,,511874,,,1,70,,637890,,,1,30,,637911,,,1,69,,637910,,,1,30,,637914,,,1,70,,551245,,,1,30,,637903,,,1,70,,483144,,,1,100,,637891,,,1
8600,'13',505,,456011,,,1,50,,637936,,,1,56,,637950,,,1,29,,637944,,,1,71,,637954,,,1,33,,637929,,,1,72,,402724,,,1,31,,637953,,,1,69,,637952,,,1,15,,637930,,,1,70,,637937,,,1,30,,541797,,,1,70,,497889,,,1,30,,637931,,,1,70,,637957,,,1,30,,637947,,,1,70,,637941,,,1,100,,637932,,,1,30,,637924,,,1,15,,466366,,,1,86,,637948,,,1,71,,547845,,,1,31,,637934,,,1,70,,637955,,,1,31,,637927,,,1,69,,637939,,,1,27,,637935,,,1,27,,511620,,,1,70,,637925,,,1,30,,637946,,,1,69,,637945,,,1,30,,637949,,,1,70,,447580,,,1,30,,637938,,,1,70,,482236,,,1,100,,637926,,,1
8600,'14',505,,456496,,,1,50,,637971,,,1,56,,637985,,,1,29,,637979,,,1,71,,637989,,,1,33,,637964,,,1,72,,260738,,,1,31,,637988,,,1,69,,637987,,,1,15,,637965,,,1,70,,637972,,,1,30,,541963,,,1,70,,498286,,,1,30,,637966,,,1,70,,637992,,,1,30,,637982,,,1,70,,637976,,,1,100,,637967,,,1,30,,637959,,,1,15,,466770,,,1,86,,637983,,,1,71,,547885,,,1,31,,637969,,,1,70,,637990,,,1,31,,637962,,,1,69,,637974,,,1,27,,637970,,,1,27,,511819,,,1,70,,637960,,,1,30,,637981,,,1,69,,637980,,,1,30,,637984,,,1,70,,293462,,,1,30,,637973,,,1,70,,482877,,,1,100,,637961,,,1
8600,'15',505,,456414,,,1,50,,638006,,,1,56,,638020,,,1,29,,638014,,,1,71,,638024,,,1,33,,637999,,,1,72,,402795,,,1,31,,638023,,,1,69,,638022,,,1,15,,638000,,,1,70,,638007,,,1,30,,541925,,,1,70,,498198,,,1,30,,638001,,,1,70,,638027,,,1,30,,638017,,,1,70,,638011,,,1,100,,638002,,,1,30,,637994,,,1,15,,466684,,,1,86,,638018,,,1,71,,547873,,,1,31,,638004,,,1,70,,638025,,,1,31,,637997,,,1,69,,638009,,,1,27,,638005,,,1,27,,511761,,,1,70,,637995,,,1,30,,638016,,,1,69,,638015,,,1,30,,638019,,,1,70,,447639,,,1,30,,638008,,,1,70,,482753,,,1,100,,637996,,,1
8600,'16',505,,638033,,,1,50,,390196,,,1,56,,638035,,,1,29,,638063,,,1,71,,638049,,,1,33,,638066,,,1,72,,432427,,,1,30,,638055,,,1,70,,638052,,,1,15,,638048,,,1,70,,638037,,,1,30,,638060,,,1,70,,638056,,,1,30,,638051,,,1,70,,638067,,,1,30,,638064,,,1,70,,638043,,,1,30,,638053,,,1,70,,638050,,,1,30,,638047,,,1,15,,638068,,,1,86,,638044,,,1,69,,638042,,,1,32,,638031,,,1,71,,638041,,,1,31,,638036,,,1,69,,456243,,,1,27,,638040,,,1,27,,638029,,,1,70,,638059,,,1,30,,638034,,,1,69,,638046,,,1,30,,638032,,,1,70,,530328,,,1,30,,346422,,,1,70,,638054,,,1,100,,638062,,,1
8600,'17',505,,456373,,,1,50,,638082,,,1,56,,638096,,,1,29,,638090,,,1,71,,638100,,,1,33,,638075,,,1,72,,402756,,,1,31,,638099,,,1,69,,638098,,,1,15,,638076,,,1,70,,638083,,,1,30,,541906,,,1,70,,498154,,,1,30,,638077,,,1,70,,638103,,,1,30,,638093,,,1,70,,638087,,,1,100,,638078,,,1,30,,638070,,,1,15,,466641,,,1,86,,638094,,,1,71,,547867,,,1,31,,638080,,,1,70,,638101,,,1,31,,638073,,,1,69,,638085,,,1,27,,638081,,,1,27,,511732,,,1,70,,638071,,,1,30,,638092,,,1,69,,638091,,,1,30,,638095,,,1,70,,447610,,,1,30,,638084,,,1,70,,482691,,,1,100,,638072,,,1
8600,'18',505,,456911,,,1,50,,638117,,,1,56,,638131,,,1,29,,638125,,,1,71,,638135,,,1,33,,638110,,,1,72,,402736,,,1,31,,638134,,,1,69,,638133,,,1,15,,638111,,,1,70,,638118,,,1,30,,542096,,,1,70,,498585,,,1,30,,638112,,,1,70,,638138,,,1,30,,638128,,,1,70,,638122,,,1,100,,638113,,,1,30,,638105,,,1,15,,467085,,,1,86,,638129,,,1,71,,547915,,,1,31,,638115,,,1,70,,638136,,,1,31,,638108,,,1,69,,638120,,,1,27,,638116,,,1,27,,511959,,,1,70,,638106,,,1,30,,638127,,,1,69,,638126,,,1,30,,638130,,,1,70,,447591,,,1,30,,638119,,,1,70,,483412,,,1,100,,638107,,,1
8600,'19',505,,638146,,,1,50,,638158,,,1,56,,638174,,,1,29,,638166,,,1,71,,638178,,,1,33,,638148,,,1,72,,638179,,,1,31,,638177,,,1,69,,638176,,,1,15,,638150,,,1,70,,638159,,,1,30,,638153,,,1,70,,638149,,,1,30,,638151,,,1,70,,638182,,,1,30,,638171,,,1,70,,638164,,,1,100,,638152,,,1,30,,638140,,,1,15,,638168,,,1,86,,638172,,,1,71,,638147,,,1,31,,432081,,,1,70,,638180,,,1,31,,638144,,,1,69,,638162,,,1,27,,638157,,,1,27,,638173,,,1,70,,638142,,,1,30,,638170,,,1,69,,638167,,,1,30,,541333,,,1,70,,638154,,,1,30,,638160,,,1,70,,638156,,,1,100,,638143,,,1
8600,'2',624,,638191,,,1,100,,638208,,,1,30,,638196,,,1,70,,638199,,,0,30,,638188,,,1,70,,638204,,,1,30,,638200,,,1,70,,638194,,,1,30,,638197,,,1,70,,638193,,,1,30,,473931,,,1,70,,638211,,,1,30,,638198,,,1,70,,444785,,,1,30,,638205,,,1,70,,638201,,,1,30,,638189,,,1,70,,638190,,,1,30,,638192,,,1,70,,638203,,,1,30,,530514,,,1,70,,638187,,,1,30,,638207,,,1,70,,638206,,,1,30,,638185,,,1,70,,638195,,,1,30,,638210,,,1,70,,638202,,,1,30,,638209,,,1,100,,638186,,,1,100,,638184,,,1
8600,'20',505,,456760,,,1,50,,638224,,,1,56,,638238,,,1,29,,638232,,,1,71,,638242,,,1,33,,638217,,,1,72,,402742,,,1,31,,638241,,,1,69,,638240,,,1,15,,638218,,,1,70,,638225,,,1,30,,542047,,,1,70,,498470,,,1,30,,638219,,,1,70,,638245,,,1,30,,638235,,,1,70,,638229,,,1,100,,638220,,,1,30,,638212,,,1,15,,466971,,,1,86,,638236,,,1,71,,547903,,,1,31,,638222,,,1,70,,638243,,,1,31,,638215,,,1,69,,638227,,,1,27,,638223,,,1,27,,511903,,,1,70,,638213,,,1,30,,638234,,,1,69,,638233,,,1,30,,638237,,,1,70,,447597,,,1,30,,638226,,,1,70,,483216,,,1,100,,638214,,,1
8600,'21',505,,638252,,,1,50,,638283,,,1,56,,638253,,,1,29,,638279,,,1,71,,638267,,,1,33,,638282,,,1,72,,638276,,,1,30,,638271,,,1,70,,638269,,,1,15,,638266,,,1,70,,638255,,,1,30,,638277,,,1,70,,457593,,,1,30,,500084,,,1,70,,638284,,,1,30,,517392,,,1,70,,638261,,,1,30,,502012,,,1,70,,638268,,,1,30,,638264,,,1,15,,551438,,,1,86,,638262,,,1,69,,638260,,,1,32,,638250,,,1,71,,638259,,,1,31,,638254,,,1,69,,638273,,,1,27,,638258,,,1,27,,638247,,,1,70,,512890,,,1,30,,523769,,,1,69,,638263,,,1,30,,638251,,,1,70,,638278,,,1,30,,638249,,,1,70,,638270,,,1,100,,506941,,,1
8600,'22',505,,638289,,,1,50,,638302,,,1,56,,638315,,,1,29,,638308,,,1,71,,638319,,,1,33,,530261,,,1,72,,638320,,,1,31,,638318,,,1,69,,638317,,,1,15,,638292,,,1,70,,638303,,,1,30,,638295,,,1,70,,638291,,,1,30,,638293,,,1,70,,638323,,,1,30,,546464,,,1,70,,638306,,,1,100,,638294,,,1,30,,638285,,,1,15,,638309,,,1,86,,638312,,,1,71,,638290,,,1,31,,638299,,,1,70,,638321,,,1,31,,504174,,,1,69,,347527,,,1,27,,638301,,,1,27,,638313,,,1,70,,638287,,,1,30,,638311,,,1,69,,504196,,,1,30,,638314,,,1,70,,638296,,,1,30,,638304,,,1,70,,638300,,,1,100,,306370,,,1
8600,'23',505,,638330,,,1,50,,638370,,,1,56,,638332,,,1,29,,638365,,,1,71,,638347,,,1,33,,638369,,,1,72,,638359,,,1,30,,638353,,,1,70,,638350,,,1,15,,638346,,,1,70,,638334,,,1,30,,638361,,,1,70,,638355,,,1,30,,638349,,,1,70,,638371,,,1,30,,638366,,,1,70,,638340,,,1,30,,638351,,,1,70,,638348,,,1,30,,638344,,,1,15,,638372,,,1,86,,638341,,,1,69,,638339,,,1,32,,638328,,,1,71,,638338,,,1,31,,638333,,,1,69,,638356,,,1,27,,638337,,,1,27,,638325,,,1,70,,638360,,,1,30,,638331,,,1,69,,638343,,,1,30,,638329,,,1,70,,638364,,,1,30,,638327,,,1,70,,638352,,,1,100,,638363,,,1
8600,'3',624,,638381,,,1,100,,638401,,,1,30,,638387,,,1,70,,638392,,,0,30,,638378,,,1,70,,638397,,,1,30,,638393,,,1,70,,638385,,,1,30,,638389,,,1,70,,638384,,,1,30,,638388,,,1,70,,638404,,,1,30,,638391,,,1,70,,638383,,,1,30,,638398,,,1,70,,638394,,,1,30,,638379,,,1,70,,638380,,,1,30,,638382,,,1,70,,638396,,,1,30,,638390,,,1,70,,638377,,,1,30,,638400,,,1,70,,638399,,,1,30,,638375,,,1,70,,638386,,,1,30,,638403,,,1,70,,638395,,,1,30,,638402,,,1,100,,638376,,,1,100,,638374,,,1
8600,'4',624,,638419,,,1,100,,638427,,,1,100,,638426,,,1,30,,638415,,,1,70,,638412,,,1,30,,486782,,,1,70,,638408,,,1,30,,638420,,,1,70,,532032,,,1,30,,638430,,,1,70,,638405,,,1,30,,638417,,,1,70,,638407,,,1,30,,638423,,,1,70,,638424,,,1,30,,638410,,,1,70,,638429,,,1,30,,638428,,,1,70,,638416,,,1,30,,638425,,,1,70,,638414,,,1,30,,638411,,,1,70,,638406,,,1,30,,491660,,,1,70,,481272,,,1,30,,638413,,,1,70,,523881,,,1,30,,638418,,,1,70,,638409,,,1,100,,638422,,,1,100,,638421,,,1,100,,522517,,,1
8600,'5',505,,638438,,,1,50,,638463,,,1,56,,638472,,,1,14,,638469,,,1,15,,638454,,,1,16,,638458,,,1,55,,638437,,,1,15,,638457,,,1,18,,638436,,,1,15,,638431,,,1,57,,638468,,,1,15,,638451,,,1,16,,638433,,,1,54,,638466,,,1,15,,638461,,,1,15,,638439,,,1,70,,638467,,,1,30,,638477,,,1,70,,638435,,,1,30,,638445,,,1,70,,638443,,,1,30,,638476,,,1,70,,638456,,,1,30,,638452,,,1,70,,638462,,,1,30,,638434,,,1,15,,638479,,,1,55,,638474,,,1,31,,638440,,,1,13,,638473,,,1,56,,638460,,,1,15,,638447,,,1,16,,638442,,,1,15,,638432,,,1,55,,638475,,,1,16,,638448,,,1,17,,638471,,,1,14,,638470,,,1,55,,638465,,,1,27,,638453,,,1,27,,638464,,,1,70,,638455,,,1,30,,638449,,,1,69,,638444,,,1,30,,638459,,,1,70,,638478,,,1,30,,638441,,,1,70,,638450,,,1,100,,638446,,,1
8600,'6',505,,638483,,,1,50,,638514,,,1,56,,638485,,,1,29,,638510,,,1,71,,541093,,,1,33,,638513,,,1,72,,638504,,,1,30,,638498,,,1,70,,471295,,,1,15,,638494,,,1,70,,506077,,,1,30,,638506,,,1,70,,638500,,,1,30,,638495,,,1,70,,638515,,,1,30,,638511,,,1,70,,638489,,,1,30,,638496,,,1,70,,237568,,,1,30,,638492,,,1,15,,638516,,,1,86,,638490,,,1,69,,415306,,,1,32,,638482,,,1,71,,510647,,,1,31,,638486,,,1,69,,638501,,,1,27,,524478,,,1,27,,547494,,,1,70,,638505,,,1,30,,638484,,,1,69,,502533,,,1,30,,518198,,,1,70,,638509,,,1,30,,638481,,,1,70,,638497,,,1,100,,638508,,,1
8600,'7',624,,638525,,,1,100,,638542,,,1,30,,638530,,,1,70,,638533,,,0,30,,638522,,,1,70,,638538,,,1,30,,638534,,,1,70,,638528,,,1,30,,638531,,,1,70,,638527,,,1,30,,474193,,,1,70,,638545,,,1,30,,638532,,,1,70,,444668,,,1,30,,638539,,,1,70,,638535,,,1,30,,638523,,,1,70,,638524,,,1,30,,638526,,,1,70,,638537,,,1,30,,530678,,,1,70,,638521,,,1,30,,638541,,,1,70,,638540,,,1,30,,638519,,,1,70,,638529,,,1,30,,638544,,,1,70,,638536,,,1,30,,638543,,,1,100,,638520,,,1,100,,638518,,,1
8600,'8',505,,456455,,,1,50,,638558,,,1,56,,638572,,,1,29,,638566,,,1,71,,638576,,,1,33,,638551,,,1,72,,402776,,,1,31,,638575,,,1,69,,638574,,,1,15,,638552,,,1,70,,638559,,,1,30,,541944,,,1,70,,498242,,,1,30,,638553,,,1,70,,638579,,,1,30,,638569,,,1,70,,638563,,,1,100,,638554,,,1,30,,638546,,,1,15,,466727,,,1,86,,638570,,,1,71,,547879,,,1,31,,638556,,,1,70,,638577,,,1,31,,638549,,,1,69,,638561,,,1,27,,638557,,,1,27,,511790,,,1,70,,638547,,,1,30,,638568,,,1,69,,638567,,,1,30,,638571,,,1,70,,447622,,,1,30,,638560,,,1,70,,482815,,,1,100,,638548,,,1
8600,'9',505,,638584,,,1,50,,638615,,,1,56,,638586,,,1,29,,638611,,,1,71,,541400,,,1,33,,638614,,,1,72,,638605,,,1,30,,638599,,,1,70,,471731,,,1,15,,638595,,,1,70,,506559,,,1,30,,638607,,,1,70,,638601,,,1,30,,638596,,,1,70,,638616,,,1,30,,638612,,,1,70,,638590,,,1,30,,638597,,,1,70,,237455,,,1,30,,638593,,,1,15,,638617,,,1,86,,638591,,,1,69,,415140,,,1,32,,638583,,,1,71,,511098,,,1,31,,638587,,,1,69,,638602,,,1,27,,524945,,,1,27,,547540,,,1,70,,638606,,,1,30,,638585,,,1,69,,503093,,,1,30,,518526,,,1,70,,638610,,,1,30,,638582,,,1,70,,638598,,,1,100,,638609,,,1
11701,'11',1559,,658809,,,1,69,,658808,,,1,30,,658810,,,1,70,,522783,,,1,28,,658807,,,1
11701,'12',1559,,526038,,,1,69,,658811,,,1,30,,658812,,,1,70,,658813,,,1,28,,466085,,,1
11701,'13',1559,,525154,,,1,69,,658814,,,1,30,,658815,,,1,70,,658816,,,1,28,,465502,,,1
11701,'14',1559,,525805,,,1,69,,658817,,,1,30,,658818,,,1,70,,658819,,,1,28,,465920,,,1
11701,'15',1559,,525657,,,1,69,,658820,,,1,30,,658821,,,1,70,,658822,,,1,28,,465832,,,1
11701,'16',1558,,658825,,,1,70,,658824,,,1,30,,658826,,,1,70,,658823,,,1,28,,390442,,,1
11701,'17',1559,,525583,,,1,69,,658827,,,1,30,,658828,,,1,70,,658829,,,1,28,,465788,,,1
11701,'18',1559,,526301,,,1,69,,658830,,,1,30,,658831,,,1,70,,658832,,,1,28,,466251,,,1
11701,'19',1559,,658834,,,1,69,,296677,,,1,30,,658835,,,1,70,,658836,,,1,28,,658833,,,1
11701,'20',1559,,526118,,,1,69,,658837,,,1,30,,658838,,,1,70,,658839,,,1,28,,466132,,,1
11701,'21',1558,,504711,,,1,70,,658840,,,1,30,,658841,,,1,70,,542619,,,1,28,,658842,,,1
11701,'22',1559,,658845,,,1,69,,658844,,,1,30,,658846,,,1,70,,658847,,,1,28,,658843,,,1
11701,'23',1558,,658850,,,1,70,,658849,,,1,30,,658851,,,1,70,,658848,,,1,28,,658852,,,1
11701,'5',1559,,658853,,,1,99,,658855,,,1,98,,658854,,,1
11701,'6',1558,,658858,,,1,70,,658857,,,1,30,,658859,,,1,70,,658856,,,1,28,,658860,,,1
11701,'8',1559,,525731,,,1,69,,658861,,,1,30,,658862,,,1,70,,658863,,,1,28,,465876,,,1
11701,'9',1558,,658866,,,1,70,,658865,,,1,30,,658867,,,1,70,,658864,,,1,28,,658868,,,1
61701,'11',1541,,670749,,,1
61701,'12',1541,,670750,,,1
61701,'13',1541,,670751,,,1
61701,'14',1541,,670752,,,1
61701,'15',1541,,670753,,,1
61701,'17',1541,,670754,,,1
61701,'18',1541,,670755,,,1
61701,'19',1541,,670756,,,1
61701,'20',1541,,670757,,,1
61701,'22',1541,,670758,,,1
61701,'8',1541,,670759,,,1
