8200,'1',653,,267682,20,,,1,105,,169184,20,,,1,70,,179137,20,,,1,30,,267675,20,,,1,73,,267667,22,,,1,72,,267668,22,,,1,30,,267674,22,,,1,70,,267669,22,,,1,30,,267678,22,,,1,70,,267676,22,,,1,30,,267670,22,,,1,70,,267677,22,,,1,30,,179151,22,,,1,70,,267672,22,,,1,30,,81538,22,,,1,70,,267684,22,,,1,30,,267665,22,,,1,70,,267679,22,,,1,30,,267683,22,,,1,70,,267686,22,,,1,30,,267671,22,,,1,70,,267663,22,,,1,30,,267685,22,,,1,70,,191274,22,,,1,30,,267680,22,,,1,70,,155322,22,,,1,30,,267681,22,,,1,70,,179144,22,,,1,28,,267673,22,,,1,27,,267664,20,,,1,70,,267666,20,,,1,110,,179143,20,,,1
8200,'10',653,,267713,20,,,1,105,,267692,20,,,1,70,,267696,20,,,1,30,,201401,20,,,1,73,,267695,22,,,1,72,,267697,22,,,1,30,,267705,22,,,1,70,,267698,22,,,1,30,,267708,22,,,1,70,,267706,22,,,1,30,,267699,22,,,1,70,,267707,22,,,1,30,,267712,22,,,1,70,,267701,22,,,1,30,,267687,22,,,1,70,,267715,22,,,1,30,,267693,22,,,1,70,,267709,22,,,1,30,,267714,22,,,1,70,,267717,22,,,1,30,,267700,22,,,1,70,,267689,22,,,1,30,,267716,22,,,1,70,,267691,22,,,1,30,,267710,22,,,1,70,,267688,22,,,1,30,,267711,22,,,1,70,,267703,22,,,1,28,,267704,22,,,1,27,,267690,20,,,1,70,,267694,20,,,1,110,,267702,20,,,1
8200,'11',726,,267730,20,,,1,97,,25817,20,,,1,100,,267729,20,,,1,105,,188617,22,,,1,30,,267725,22,,,1,70,,36199,22,,,1,30,,267719,22,,,1,70,,267731,22,,,1,30,,267723,22,,,1,70,,267726,22,,,1,30,,150336,22,,,1,70,,267722,22,,,1,30,,267735,22,,,1,70,,267728,22,,,1,30,,267721,22,,,1,70,,267727,22,,,1,30,,267733,22,,,1,70,,267718,22,,,1,30,,267732,22,,,1,67,,267724,20,,,1,30,,267720,20,,,1,70,,159652,20,,,1,100,,267734,20,,,1,98,,267737,20,,,1,118,,267736,20,,,1
8200,'12',523,,267751,20,,,1,97,,267758,20,,,1,105,,267763,20,,,1,96,,267753,20,,,1,34,,131518,22,,,1,67,,126975,22,,,1,30,,186489,22,,,1,70,,205452,22,,,1,30,,267749,22,,,1,70,,267738,22,,,1,30,,267742,22,,,1,69,,196212,22,,,1,30,,267760,22,,,1,70,,267757,22,,,1,30,,206149,22,,,1,67,,267754,7,,,1,3,,267752,22,,,1,30,,267748,22,,,1,70,,267756,25,,,1,31,,267746,25,,,1,74,,267764,25,,,1,30,,267755,25,,,1,68,,267762,25,,,1,29,,202488,25,,,1,69,,267750,25,,,1,30,,267745,22,,,1,72,,267740,22,,,1,30,,205992,22,,,1,70,,267743,22,,,1,32,,267744,22,,,1,70,,267741,22,,,1,27,,267747,20,,,1,70,,267739,20,,,1,100,,267759,20,,,1
8200,'13',653,,267788,20,,,1,105,,267769,20,,,1,70,,267773,20,,,1,30,,267782,20,,,1,73,,267772,22,,,1,72,,139264,22,,,1,30,,267781,22,,,1,70,,267774,22,,,1,30,,267784,22,,,1,70,,115661,22,,,1,30,,267775,22,,,1,70,,267783,22,,,1,30,,267787,22,,,1,70,,267777,22,,,1,30,,267765,22,,,1,70,,267790,22,,,1,30,,267770,22,,,1,70,,267785,22,,,1,30,,267789,22,,,1,70,,267791,22,,,1,30,,267776,22,,,1,70,,176910,22,,,1,30,,197882,22,,,1,70,,267768,22,,,1,30,,267786,22,,,1,70,,267766,22,,,1,30,,166935,22,,,1,70,,267779,22,,,1,28,,267780,22,,,1,27,,267767,20,,,1,70,,267771,20,,,1,110,,267778,20,,,1
8200,'14',523,,267792,20,,,1,97,,94247,20,,,1,33,,267813,20,,,1,70,,180080,20,,,1,32,,267799,20,,,1,70,,267793,20,,,1,30,,267797,22,,,1,67,,267811,22,,,1,30,,267814,22,,,1,70,,267808,22,,,1,30,,267801,22,,,1,70,,267803,22,,,1,30,,135179,22,,,1,69,,140506,22,,,1,30,,267815,22,,,1,70,,267804,22,,,1,30,,267802,22,,,1,70,,267807,22,,,1,32,,267798,22,,,1,68,,267800,25,,,1,30,,134369,25,,,1,73,,267810,25,,,1,30,,267805,25,,,1,68,,152239,25,,,1,32,,178034,25,,,1,70,,138532,25,,,1,28,,267809,22,,,1,72,,180040,22,,,1,30,,267794,22,,,1,70,,267806,22,,,1,32,,267812,22,,,1,70,,162305,22,,,1,27,,189071,20,,,1,70,,267796,20,,,1,100,,267795,20,,,1
8200,'15',523,,267829,20,,,1,97,,267836,20,,,1,105,,267841,20,,,1,96,,267831,20,,,1,34,,131764,22,,,1,67,,127095,22,,,1,30,,186660,22,,,1,70,,205462,22,,,1,30,,267827,22,,,1,70,,267816,22,,,1,30,,267820,22,,,1,69,,196274,22,,,1,30,,267838,22,,,1,70,,267835,22,,,1,30,,206157,22,,,1,67,,267832,7,,,1,3,,267830,22,,,1,30,,267826,22,,,1,70,,267834,25,,,1,31,,267824,25,,,1,74,,267842,25,,,1,30,,267833,25,,,1,68,,267840,25,,,1,29,,202599,25,,,1,69,,267828,25,,,1,30,,267823,22,,,1,72,,267818,22,,,1,30,,205996,22,,,1,70,,267821,22,,,1,32,,267822,22,,,1,70,,267819,22,,,1,27,,267825,20,,,1,70,,267817,20,,,1,100,,267837,20,,,1
8200,'16',726,,267857,20,,,1,97,,267854,20,,,1,100,,267856,20,,,1,105,,267843,22,,,1,30,,157390,22,,,1,70,,267851,22,,,1,30,,267846,22,,,1,70,,267858,22,,,1,30,,267850,22,,,1,70,,267852,22,,,1,30,,267844,22,,,1,70,,267849,22,,,1,30,,267862,22,,,1,70,,267855,22,,,1,30,,267848,22,,,1,70,,267853,22,,,1,30,,267860,22,,,1,70,,267845,22,,,1,30,,267859,22,,,1,67,,176535,20,,,1,30,,267847,20,,,1,70,,267863,20,,,1,100,,267861,20,,,1,98,,267865,20,,,1,118,,267864,20,,,1
8200,'17',523,,267866,20,,,1,97,,172465,20,,,1,33,,267887,20,,,1,70,,179986,20,,,1,32,,267873,20,,,1,70,,267867,20,,,1,30,,267871,22,,,1,67,,267885,22,,,1,30,,267888,22,,,1,70,,267882,22,,,1,30,,267875,22,,,1,70,,267877,22,,,1,30,,17425,22,,,1,69,,140436,22,,,1,30,,267889,22,,,1,70,,267878,22,,,1,30,,267876,22,,,1,70,,267881,22,,,1,32,,267872,22,,,1,68,,267874,25,,,1,30,,134297,25,,,1,73,,267884,25,,,1,30,,267879,25,,,1,68,,152156,25,,,1,32,,177992,25,,,1,70,,91827,25,,,1,28,,267883,22,,,1,72,,179949,22,,,1,30,,267868,22,,,1,70,,267880,22,,,1,32,,267886,22,,,1,70,,120542,22,,,1,27,,188987,20,,,1,70,,267870,20,,,1,100,,267869,20,,,1
8200,'18',523,,267890,20,,,1,97,,172547,20,,,1,33,,267911,20,,,1,70,,180197,20,,,1,32,,267897,20,,,1,70,,267891,20,,,1,30,,267895,22,,,1,67,,267909,22,,,1,30,,267912,22,,,1,70,,267906,22,,,1,30,,267899,22,,,1,70,,267901,22,,,1,30,,135219,22,,,1,69,,140599,22,,,1,30,,267913,22,,,1,70,,267902,22,,,1,30,,267900,22,,,1,70,,267905,22,,,1,32,,267896,22,,,1,68,,267898,25,,,1,30,,110231,25,,,1,73,,267908,25,,,1,30,,267903,25,,,1,68,,152353,25,,,1,32,,178088,25,,,1,70,,138605,25,,,1,28,,267907,22,,,1,72,,180154,22,,,1,30,,267892,22,,,1,70,,267904,22,,,1,32,,267910,22,,,1,70,,162392,22,,,1,27,,42924,20,,,1,70,,267894,20,,,1,100,,267893,20,,,1
8200,'2',523,,267916,20,,,1,97,,267924,20,,,1,33,,267942,20,,,1,70,,267933,20,,,1,32,,267926,20,,,1,70,,199252,20,,,1,30,,267921,22,,,1,67,,267939,22,,,1,30,,267943,22,,,1,70,,77986,22,,,1,30,,267928,22,,,1,70,,267930,22,,,1,30,,267925,22,,,1,69,,267945,22,,,1,30,,267944,22,,,1,70,,267932,22,,,1,30,,267929,22,,,1,70,,267936,22,,,1,32,,267923,22,,,1,68,,267927,25,,,1,30,,267919,25,,,1,73,,267938,25,,,1,30,,267934,25,,,1,68,,267922,25,,,1,32,,267931,25,,,1,70,,267940,25,,,1,28,,267937,22,,,1,72,,267914,22,,,1,30,,267917,22,,,1,70,,267935,22,,,1,32,,267941,22,,,1,70,,267920,22,,,1,27,,267915,20,,,1,70,,267918,20,,,1,100,,201132,20,,,1
8200,'3',523,,267956,20,,,1,97,,267964,20,,,1,105,,267971,20,,,1,96,,267958,20,,,1,34,,267959,22,,,1,67,,267973,22,,,1,30,,267963,22,,,1,70,,267967,22,,,1,30,,267955,22,,,1,70,,267946,22,,,1,30,,267949,22,,,1,69,,267968,22,,,1,30,,267966,22,,,1,70,,55328,22,,,1,30,,267965,22,,,1,67,,267960,7,,,1,3,,267957,22,,,1,30,,267954,22,,,1,70,,121235,25,,,1,31,,267952,25,,,1,74,,267972,25,,,1,30,,267961,25,,,1,68,,267970,25,,,1,29,,267948,25,,,1,69,,186336,25,,,1,30,,267951,22,,,1,72,,267947,22,,,1,30,,267962,22,,,1,70,,194337,22,,,1,32,,267950,22,,,1,70,,194333,22,,,1,27,,267953,20,,,1,70,,154204,20,,,1,100,,92673,20,,,1
8200,'4',523,,267988,20,,,1,97,,267995,20,,,1,105,,268000,20,,,1,96,,267990,20,,,1,34,,131874,22,,,1,67,,127152,22,,,1,30,,186730,22,,,1,70,,205466,22,,,1,30,,267986,22,,,1,70,,267975,22,,,1,30,,267979,22,,,1,69,,196311,22,,,1,30,,267997,22,,,1,70,,267994,22,,,1,30,,206161,22,,,1,67,,267991,7,,,1,3,,267989,22,,,1,30,,267985,22,,,1,70,,267993,25,,,1,31,,267983,25,,,1,74,,268001,25,,,1,30,,267992,25,,,1,68,,267999,25,,,1,29,,202639,25,,,1,69,,267987,25,,,1,30,,267982,22,,,1,72,,267977,22,,,1,30,,205998,22,,,1,70,,267980,22,,,1,32,,267981,22,,,1,70,,267978,22,,,1,27,,267984,20,,,1,70,,267976,20,,,1,100,,267996,20,,,1
8200,'5',523,,268015,20,,,1,97,,268022,20,,,1,105,,268027,20,,,1,96,,268017,20,,,1,34,,131010,22,,,1,67,,126725,22,,,1,30,,186102,22,,,1,70,,205444,22,,,1,30,,268013,22,,,1,70,,268002,22,,,1,30,,268006,22,,,1,69,,196067,22,,,1,30,,268024,22,,,1,70,,268021,22,,,1,30,,206141,22,,,1,67,,268018,7,,,1,3,,268016,22,,,1,30,,268012,22,,,1,70,,268020,25,,,1,31,,268010,25,,,1,74,,268028,25,,,1,30,,268019,25,,,1,68,,268026,25,,,1,29,,202243,25,,,1,69,,268014,25,,,1,30,,268009,22,,,1,72,,268004,22,,,1,30,,205988,22,,,1,70,,268007,22,,,1,32,,268008,22,,,1,70,,268005,22,,,1,27,,268011,20,,,1,70,,268003,20,,,1,100,,268023,20,,,1
8200,'6',726,,268041,20,,,1,97,,268038,20,,,1,100,,268040,20,,,1,105,,268029,22,,,1,30,,268035,22,,,1,70,,268036,22,,,1,30,,268032,22,,,1,70,,268042,22,,,1,30,,10412,22,,,1,70,,81981,22,,,1,30,,268030,22,,,1,70,,175221,22,,,1,30,,268046,22,,,1,70,,268039,22,,,1,30,,268033,22,,,1,70,,268037,22,,,1,30,,268044,22,,,1,70,,268031,22,,,1,30,,268043,22,,,1,67,,268034,20,,,1,30,,179185,20,,,1,70,,268047,20,,,1,100,,268045,20,,,1,98,,268049,20,,,1,118,,268048,20,,,1
8200,'7',523,,268052,20,,,1,97,,268061,20,,,1,33,,268073,20,,,1,70,,268069,20,,,1,32,,199036,20,,,1,70,,268053,20,,,1,30,,268058,22,,,1,67,,199434,22,,,1,30,,268074,22,,,1,70,,268071,22,,,1,30,,268064,22,,,1,70,,268066,22,,,1,30,,268062,22,,,1,69,,268076,22,,,1,30,,268075,22,,,1,70,,268068,22,,,1,30,,268065,22,,,1,70,,90809,22,,,1,32,,268060,22,,,1,68,,268063,25,,,1,30,,268056,25,,,1,73,,143794,25,,,1,30,,132103,25,,,1,68,,268059,25,,,1,32,,268067,25,,,1,70,,268072,25,,,1,28,,163350,22,,,1,72,,268050,22,,,1,30,,57394,22,,,1,70,,268070,22,,,1,32,,120521,22,,,1,70,,268057,22,,,1,27,,268051,20,,,1,70,,268055,20,,,1,100,,268054,20,,,1
8200,'8',523,,268084,20,,,1,97,,268094,20,,,1,33,,268103,20,,,1,68,,268081,20,,,1,35,,268110,20,,,1,66,,268093,20,,,1,34,,268086,22,,,1,66,,268098,22,,,1,30,,268109,22,,,1,70,,268083,22,,,1,30,,268104,22,,,1,70,,268095,22,,,1,30,,268077,22,,,1,69,,268087,22,,,1,30,,268082,22,,,1,70,,268101,22,,,1,30,,268107,22,,,1,70,,268099,22,,,1,30,,268108,22,,,1,70,,268097,25,,,1,31,,268096,25,,,1,72,,268079,25,,,1,30,,268085,25,,,1,72,,268102,25,,,1,29,,268091,25,,,1,67,,268090,25,,,1,30,,268105,22,,,1,72,,268080,22,,,1,30,,268100,22,,,1,70,,268111,22,,,1,32,,268089,22,,,1,70,,268078,22,,,1,27,,268092,20,,,1,70,,268106,20,,,1,100,,268088,20,,,1
8200,'9',523,,268125,20,,,1,97,,268132,20,,,1,105,,268137,20,,,1,96,,268127,20,,,1,34,,131464,22,,,1,67,,126947,22,,,1,30,,186446,22,,,1,70,,205448,22,,,1,30,,268123,22,,,1,70,,268112,22,,,1,30,,268116,22,,,1,69,,196196,22,,,1,30,,268134,22,,,1,70,,268131,22,,,1,30,,206145,22,,,1,67,,268128,7,,,1,3,,268126,22,,,1,30,,268122,22,,,1,70,,268130,25,,,1,31,,268120,25,,,1,74,,268138,25,,,1,30,,268129,25,,,1,68,,268136,25,,,1,29,,202458,25,,,1,69,,268124,25,,,1,30,,268119,22,,,1,72,,268114,22,,,1,30,,205990,22,,,1,70,,268117,22,,,1,32,,268118,22,,,1,70,,268115,22,,,1,27,,268121,20,,,1,70,,268113,20,,,1,100,,268133,20,,,1
