5801,'1',956,,60183,10,,,1,70,,60185,10,0,76,1,30,,60173,10,,,1,70,,60176,10,0,76,1,30,,60188,10,,,1,70,,60180,10,0,76,1,30,,60181,10,,,1,70,,60178,10,0,76,1,30,,60187,10,,,1,70,,60184,10,0,76,1,30,,60189,10,,,1,70,,60186,10,0,76,1,30,,60190,10,,,1,70,,60179,10,0,76,1,30,,60192,10,,,1,70,,60191,10,0,76,1,30,,60175,10,,,1,70,,60182,10,0,76,1,30,,60174,10,,,1,72,,60177,10,0,76,1
5801,'10',629,,60208,10,,,1,91,,60213,15,,,1,31,,60210,15,,,1,71,,60194,15,,,1,30,,60222,15,,,1,60,,60207,10,,,1,29,,60202,10,,,1,72,,60195,10,,,1,30,,60206,10,,,1,70,,60221,10,,,1,30,,60193,10,,,1,70,,60217,10,,,1,30,,60214,10,,,1,70,,60205,10,,,1,30,,60219,10,,,1,70,,60198,10,,,1,100,,60199,10,0,76,1,30,,60200,10,0,76,1,71,,60216,15,0,76,1,98,,60196,15,0,76,1,19,,60209,10,0,76,1,70,,60215,10,0,76,1,30,,60197,10,0,76,1,69,,60203,10,0,76,1,100,,60212,10,0,76,1,100,,60218,10,0,76,1,30,,60204,10,0,76,1,70,,60211,10,0,76,1,29,,60201,10,0,76,1,97,,60220,10,0,76,1
5801,'11',629,,60238,10,,,1,91,,60243,15,,,1,31,,60240,15,,,1,71,,60224,15,,,1,30,,60252,15,,,1,60,,60237,10,,,1,29,,60232,10,,,1,72,,60225,10,,,1,30,,60236,10,,,1,70,,60251,10,,,1,30,,60223,10,,,1,70,,60247,10,,,1,30,,60244,10,,,1,70,,60235,10,,,1,30,,60249,10,,,1,70,,60228,10,,,1,100,,60229,10,0,76,1,30,,60230,10,0,76,1,71,,60246,15,0,76,1,98,,60226,15,0,76,1,19,,60239,10,0,76,1,70,,60245,10,0,76,1,30,,60227,10,0,76,1,69,,60233,10,0,76,1,100,,60242,10,0,76,1,100,,60248,10,0,76,1,30,,60234,10,0,76,1,70,,60241,10,0,76,1,29,,60231,10,0,76,1,97,,60250,10,0,76,1
5801,'12',629,,60268,10,,,1,91,,60273,15,,,1,31,,60270,15,,,1,71,,60254,15,,,1,30,,60282,15,,,1,60,,60267,10,,,1,29,,60262,10,,,1,72,,60255,10,,,1,30,,60266,10,,,1,70,,60281,10,,,1,30,,60253,10,,,1,70,,60277,10,,,1,30,,60274,10,,,1,70,,60265,10,,,1,30,,60279,10,,,1,70,,60258,10,,,1,100,,60259,10,0,76,1,30,,60260,10,0,76,1,71,,60276,15,0,76,1,98,,60256,15,0,76,1,19,,60269,10,0,76,1,70,,60275,10,0,76,1,30,,60257,10,0,76,1,69,,60263,10,0,76,1,100,,60272,10,0,76,1,100,,60278,10,0,76,1,30,,60264,10,0,76,1,70,,60271,10,0,76,1,29,,60261,10,0,76,1,97,,60280,10,0,76,1
5801,'13',629,,60300,10,,,1,89,,60306,15,,,1,33,,60283,15,,,1,71,,60315,15,,,1,30,,60313,15,,,1,60,,60287,10,,,1,29,,60291,10,,,1,72,,60290,10,,,1,30,,60314,10,,,1,70,,60298,10,,,1,30,,60316,10,,,1,70,,60292,10,,,1,30,,60307,10,,,1,70,,60303,10,,,1,30,,60293,10,,,1,70,,60286,10,,,1,30,,60308,10,,,1,70,,60309,10,0,76,1,30,,60299,10,0,76,1,71,,60304,15,0,76,1,28,,60310,15,0,76,1,68,,60284,15,0,76,1,21,,60285,10,0,76,1,70,,60289,10,0,76,1,30,,60297,10,0,76,1,69,,60311,10,0,76,1,30,,60301,10,0,76,1,70,,60312,10,0,76,1,30,,60302,10,0,76,1,70,,60295,10,0,76,1,30,,60288,10,0,76,1,70,,60296,10,0,76,1,29,,60294,10,0,76,1,97,,60305,10,0,76,1
5801,'14',840,,60325,10,,,1,70,,60318,10,0,76,1,30,,60337,10,,,1,70,,60327,10,0,76,1,30,,60329,10,,,1,70,,60336,10,0,76,1,30,,60326,10,,,1,70,,60317,10,0,76,1,30,,60319,10,,,1,70,,60335,10,0,76,1,30,,60344,10,,,1,70,,60330,10,0,76,1,30,,60341,10,,,1,70,,60343,10,0,76,1,30,,60334,10,,,1,70,,60342,10,0,76,1,30,,60321,10,,,1,70,,60328,10,0,76,1,30,,60339,10,,,1,70,,60338,10,0,76,1,30,,60323,10,,,1,70,,60320,10,0,76,1,30,,60324,10,,,1,70,,60331,10,0,76,1,30,,60340,10,,,1,70,,60322,10,0,76,1,30,,60332,10,,,1,163,,60333,10,0,76,1
5801,'15',629,,60360,10,,,1,91,,60365,15,,,1,31,,60362,15,,,1,71,,60346,15,,,1,30,,60374,15,,,1,60,,60359,10,,,1,29,,60354,10,,,1,72,,60347,10,,,1,30,,60358,10,,,1,70,,60373,10,,,1,30,,60345,10,,,1,70,,60369,10,,,1,30,,60366,10,,,1,70,,60357,10,,,1,30,,60371,10,,,1,70,,60350,10,,,1,100,,60351,10,0,76,1,30,,60352,10,0,76,1,71,,60368,15,0,76,1,98,,60348,15,0,76,1,19,,60361,10,0,76,1,70,,60367,10,0,76,1,30,,60349,10,0,76,1,69,,60355,10,0,76,1,100,,60364,10,0,76,1,100,,60370,10,0,76,1,30,,60356,10,0,76,1,70,,60363,10,0,76,1,29,,60353,10,0,76,1,97,,60372,10,0,76,1
5801,'16',629,,60390,10,,,1,91,,60395,15,,,1,31,,60392,15,,,1,71,,60376,15,,,1,30,,60404,15,,,1,60,,60389,10,,,1,29,,60384,10,,,1,72,,60377,10,,,1,30,,60388,10,,,1,70,,60403,10,,,1,30,,60375,10,,,1,70,,60399,10,,,1,30,,60396,10,,,1,70,,60387,10,,,1,30,,60401,10,,,1,70,,60380,10,,,1,100,,60381,10,0,76,1,30,,60382,10,0,76,1,71,,60398,15,0,76,1,98,,60378,15,0,76,1,19,,60391,10,0,76,1,70,,60397,10,0,76,1,30,,60379,10,0,76,1,69,,60385,10,0,76,1,100,,60394,10,0,76,1,100,,60400,10,0,76,1,30,,60386,10,0,76,1,70,,60393,10,0,76,1,29,,60383,10,0,76,1,97,,60402,10,0,76,1
5801,'17',629,,60422,10,,,1,89,,60428,15,,,1,33,,60405,15,,,1,71,,60437,15,,,1,30,,60435,15,,,1,60,,60409,10,,,1,29,,60413,10,,,1,72,,60412,10,,,1,30,,60436,10,,,1,70,,60420,10,,,1,30,,60438,10,,,1,70,,60414,10,,,1,30,,60429,10,,,1,70,,60425,10,,,1,30,,60415,10,,,1,70,,60408,10,,,1,30,,60430,10,,,1,70,,60431,10,0,76,1,30,,60421,10,0,76,1,71,,60426,15,0,76,1,28,,60432,15,0,76,1,68,,60406,15,0,76,1,21,,60407,10,0,76,1,70,,60411,10,0,76,1,30,,60419,10,0,76,1,69,,60433,10,0,76,1,30,,60423,10,0,76,1,70,,60434,10,0,76,1,30,,60424,10,0,76,1,70,,60417,10,0,76,1,30,,60410,10,0,76,1,70,,60418,10,0,76,1,29,,60416,10,0,76,1,97,,60427,10,0,76,1
5801,'18',629,,60466,10,,,1,91,,60460,15,,,1,31,,60467,15,,,1,71,,60471,15,,,1,30,,60464,15,,,1,60,,60449,10,,,1,29,,60465,10,,,1,72,,60463,10,,,1,30,,60468,10,,,1,70,,60444,10,,,1,30,,60448,10,,,1,70,,60440,10,,,1,30,,60442,10,,,1,70,,60445,10,,,1,30,,60446,10,,,1,70,,60457,10,,,1,30,,60455,10,,,1,70,,60472,10,0,76,1,30,,60459,10,0,76,1,71,,60453,15,0,76,1,29,,60451,15,0,76,1,69,,60458,15,0,76,1,19,,60454,10,0,76,1,70,,60439,10,0,76,1,30,,60462,10,0,76,1,69,,60450,10,0,76,1,30,,60443,10,0,76,1,70,,60452,10,0,76,1,30,,60470,10,0,76,1,70,,60441,10,0,76,1,30,,60456,10,0,76,1,70,,60447,10,0,76,1,29,,60461,10,0,76,1,97,,60469,10,0,76,1
5801,'19',629,,60490,10,,,1,89,,60496,15,,,1,33,,60473,15,,,1,71,,60505,15,,,1,30,,60503,15,,,1,60,,60477,10,,,1,29,,60481,10,,,1,72,,60480,10,,,1,30,,60504,10,,,1,70,,60488,10,,,1,30,,60506,10,,,1,70,,60482,10,,,1,30,,60497,10,,,1,70,,60493,10,,,1,30,,60483,10,,,1,70,,60476,10,,,1,30,,60498,10,,,1,70,,60499,10,0,76,1,30,,60489,10,0,76,1,71,,60494,15,0,76,1,28,,60500,15,0,76,1,68,,60474,15,0,76,1,21,,60475,10,0,76,1,70,,60479,10,0,76,1,30,,60487,10,0,76,1,69,,60501,10,0,76,1,30,,60491,10,0,76,1,70,,60502,10,0,76,1,30,,60492,10,0,76,1,70,,60485,10,0,76,1,30,,60478,10,0,76,1,70,,60486,10,0,76,1,29,,60484,10,0,76,1,97,,60495,10,0,76,1
5801,'2',956,,60517,10,,,1,70,,60519,10,0,76,1,30,,60507,10,,,1,70,,60510,10,0,76,1,30,,60522,10,,,1,70,,60514,10,0,76,1,30,,60515,10,,,1,70,,60512,10,0,76,1,30,,60521,10,,,1,70,,60518,10,0,76,1,30,,60523,10,,,1,70,,60520,10,0,76,1,30,,60524,10,,,1,70,,60513,10,0,76,1,30,,60526,10,,,1,70,,60525,10,0,76,1,30,,60509,10,,,1,70,,60516,10,0,76,1,30,,60508,10,,,1,72,,60511,10,0,76,1
5801,'3',629,,60542,10,,,1,91,,60547,15,,,1,31,,60544,15,,,1,71,,60528,15,,,1,30,,60556,15,,,1,60,,60541,10,,,1,29,,60536,10,,,1,72,,60529,10,,,1,30,,60540,10,,,1,70,,60555,10,,,1,30,,60527,10,,,1,70,,60551,10,,,1,30,,60548,10,,,1,70,,60539,10,,,1,30,,60553,10,,,1,70,,60532,10,,,1,100,,60533,10,0,76,1,30,,60534,10,0,76,1,71,,60550,15,0,76,1,98,,60530,15,0,76,1,19,,60543,10,0,76,1,70,,60549,10,0,76,1,30,,60531,10,0,76,1,69,,60537,10,0,76,1,100,,60546,10,0,76,1,100,,60552,10,0,76,1,30,,60538,10,0,76,1,70,,60545,10,0,76,1,29,,60535,10,0,76,1,97,,60554,10,0,76,1
5801,'4',629,,60572,10,,,1,91,,60577,15,,,1,31,,60574,15,,,1,71,,60558,15,,,1,30,,60586,15,,,1,60,,60571,10,,,1,29,,60566,10,,,1,72,,60559,10,,,1,30,,60570,10,,,1,70,,60585,10,,,1,30,,60557,10,,,1,70,,60581,10,,,1,30,,60578,10,,,1,70,,60569,10,,,1,30,,60583,10,,,1,70,,60562,10,,,1,100,,60563,10,0,76,1,30,,60564,10,0,76,1,71,,60580,15,0,76,1,98,,60560,15,0,76,1,19,,60573,10,0,76,1,70,,60579,10,0,76,1,30,,60561,10,0,76,1,69,,60567,10,0,76,1,100,,60576,10,0,76,1,100,,60582,10,0,76,1,30,,60568,10,0,76,1,70,,60575,10,0,76,1,29,,60565,10,0,76,1,97,,60584,10,0,76,1
5801,'5',629,,60604,10,,,1,89,,60610,15,,,1,33,,60587,15,,,1,71,,60619,15,,,1,30,,60617,15,,,1,60,,60591,10,,,1,29,,60595,10,,,1,72,,60594,10,,,1,30,,60618,10,,,1,70,,60602,10,,,1,30,,60620,10,,,1,70,,60596,10,,,1,30,,60611,10,,,1,70,,60607,10,,,1,30,,60597,10,,,1,70,,60590,10,,,1,30,,60612,10,,,1,70,,60613,10,0,76,1,30,,60603,10,0,76,1,71,,60608,15,0,76,1,28,,60614,15,0,76,1,68,,60588,15,0,76,1,21,,60589,10,0,76,1,70,,60593,10,0,76,1,30,,60601,10,0,76,1,69,,60615,10,0,76,1,30,,60605,10,0,76,1,70,,60616,10,0,76,1,30,,60606,10,0,76,1,70,,60599,10,0,76,1,30,,60592,10,0,76,1,70,,60600,10,0,76,1,29,,60598,10,0,76,1,97,,60609,10,0,76,1
5801,'6',629,,60636,10,,,1,91,,60641,15,,,1,31,,60638,15,,,1,71,,60622,15,,,1,30,,60650,15,,,1,60,,60635,10,,,1,29,,60630,10,,,1,72,,60623,10,,,1,30,,60634,10,,,1,70,,60649,10,,,1,30,,60621,10,,,1,70,,60645,10,,,1,30,,60642,10,,,1,70,,60633,10,,,1,30,,60647,10,,,1,70,,60626,10,,,1,100,,60627,10,0,76,1,30,,60628,10,0,76,1,71,,60644,15,0,76,1,98,,60624,15,0,76,1,19,,60637,10,0,76,1,70,,60643,10,0,76,1,30,,60625,10,0,76,1,69,,60631,10,0,76,1,100,,60640,10,0,76,1,100,,60646,10,0,76,1,30,,60632,10,0,76,1,70,,60639,10,0,76,1,29,,60629,10,0,76,1,97,,60648,10,0,76,1
5801,'7',629,,60668,10,,,1,89,,60674,15,,,1,33,,60651,15,,,1,71,,60683,15,,,1,30,,60681,15,,,1,60,,60655,10,,,1,29,,60659,10,,,1,72,,60658,10,,,1,30,,60682,10,,,1,70,,60666,10,,,1,30,,60684,10,,,1,70,,60660,10,,,1,30,,60675,10,,,1,70,,60671,10,,,1,30,,60661,10,,,1,70,,60654,10,,,1,30,,60676,10,,,1,70,,60677,10,0,76,1,30,,60667,10,0,76,1,71,,60672,15,0,76,1,28,,60678,15,0,76,1,68,,60652,15,0,76,1,21,,60653,10,0,76,1,70,,60657,10,0,76,1,30,,60665,10,0,76,1,69,,60679,10,0,76,1,30,,60669,10,0,76,1,70,,60680,10,0,76,1,30,,60670,10,0,76,1,70,,60663,10,0,76,1,30,,60656,10,0,76,1,70,,60664,10,0,76,1,29,,60662,10,0,76,1,97,,60673,10,0,76,1
5801,'8',840,,60693,10,,,1,70,,60686,10,0,76,1,30,,60705,10,,,1,70,,60695,10,0,76,1,30,,60697,10,,,1,70,,60704,10,0,76,1,30,,60694,10,,,1,70,,60685,10,0,76,1,30,,60687,10,,,1,70,,60703,10,0,76,1,30,,60712,10,,,1,70,,60698,10,0,76,1,30,,60709,10,,,1,70,,60711,10,0,76,1,30,,60702,10,,,1,70,,60710,10,0,76,1,30,,60689,10,,,1,70,,60696,10,0,76,1,30,,60707,10,,,1,70,,60706,10,0,76,1,30,,60691,10,,,1,70,,60688,10,0,76,1,30,,60692,10,,,1,70,,60699,10,0,76,1,30,,60708,10,,,1,70,,60690,10,0,76,1,30,,60700,10,,,1,163,,60701,10,0,76,1
5801,'9',956,,60723,10,,,1,70,,60725,10,0,76,1,30,,60713,10,,,1,70,,60716,10,0,76,1,30,,60728,10,,,1,70,,60720,10,0,76,1,30,,60721,10,,,1,70,,60718,10,0,76,1,30,,60727,10,,,1,70,,60724,10,0,76,1,30,,60729,10,,,1,70,,60726,10,0,76,1,30,,60730,10,,,1,70,,60719,10,0,76,1,30,,60732,10,,,1,70,,60731,10,0,76,1,30,,60715,10,,,1,70,,60722,10,0,76,1,30,,60714,10,,,1,72,,60717,10,0,76,1
8800,'10',709,,88885,5,0,63,1
8800,'11',709,,88975,5,0,63,1
8800,'12',709,,89065,5,0,63,1
8800,'15',709,,89310,5,0,63,1
8800,'16',709,,89400,5,0,63,1
8800,'3',709,,89812,5,0,63,1
8800,'4',709,,89902,5,0,63,1
8800,'6',709,,90085,5,0,63,1
65801,'10',825,,119047,12,,,1,2,,119046,12,,,1
65801,'11',825,,119049,12,,,1,2,,119048,12,,,1
65801,'12',825,,119051,12,,,1,2,,119050,12,,,1
65801,'15',825,,119053,12,,,1,2,,119052,12,,,1
65801,'16',825,,119055,12,,,1,2,,119054,12,,,1
65801,'3',825,,119057,12,,,1,2,,119056,12,,,1
65801,'4',825,,119059,12,,,1,2,,119058,12,,,1
65801,'6',825,,119061,12,,,1,2,,119060,12,,,1
