29901,'10',1725,,118065,20,,,1,81,,118069,20,,,1
29901,'11',1725,,118070,20,,,1,81,,118074,20,,,1
29901,'12',1725,,118075,20,,,1,81,,118079,20,,,1
29901,'13',1726,,118081,20,,,1,80,,118080,20,,,1
29901,'15',1725,,118082,20,,,1,81,,118086,20,,,1
29901,'16',1725,,118087,20,,,1,81,,118091,20,,,1
29901,'17',1726,,118093,20,,,1,80,,118092,20,,,1
29901,'18',1727,,118095,20,,,1,79,,118094,20,,,1
29901,'19',1726,,118097,20,,,1,80,,118096,20,,,1
29901,'3',1725,,118098,20,,,1,81,,118102,20,,,1
29901,'4',1725,,118103,20,,,1,81,,118107,20,,,1
29901,'5',1726,,118109,20,,,1,80,,118108,20,,,1
29901,'6',1725,,118110,20,,,1,81,,118114,20,,,1
29901,'7',1726,,118116,20,,,1,80,,118115,20,,,1
