3101,'1',833,,30400,39,,,1,102,,30419,39,,,1,100,,30410,39,,,1,71,,30422,39,,,1,30,,30406,39,,,1,70,,30423,39,,,1,31,,30418,39,,,1,70,,30413,39,,,1,30,,30421,39,,,1,70,,30399,39,,,1,30,,30415,39,,,1,70,,30403,39,,,1,30,,30412,39,,,1,70,,30407,39,,,1,30,,30404,39,,,1,70,,30408,39,,,1,30,,30401,39,,,1,70,,30411,39,,,1,28,,30402,39,,,1,70,,30417,39,,,1,30,,30416,39,,,1,98,,30414,39,,,1,100,,30420,39,,,1,100,,30405,39,,,1,100,,30409,39,,,1
3101,'10',627,,30435,39,,,1,78,,30451,39,,,1,30,,30455,39,,,1,70,,30439,39,,,1,3,,30440,31,0,23 24,1,2,,30449,31,0,23 24,1,28,,30443,39,,,1,67,,30450,39,,,1,26,,30452,39,,,1,70,,30428,39,,,1,30,,30425,39,,,1,70,,30442,39,,,1,30,,30433,39,,,1,70,,30438,39,,,1,31,,30430,39,,,1,70,,30441,39,,,1,30,,30445,39,,,1,70,,30447,39,,,1,30,,30453,39,,,1,73,,30448,39,,,1,32,,30431,39,,,1,70,,30446,39,,,1,31,,30424,39,,,1,69,,30436,39,,,1,29,,30444,39,,,1,70,,30454,39,,,1,28,,30456,39,,,1,67,,30437,39,,,1,27,,30426,39,,,1,30,,30434,39,,,1,69,,30427,39,,,1,30,,30458,39,,,1,69,,30429,39,,,1,30,,30457,39,,,1,64,,30432,39,,,1
3101,'11',627,,30470,39,,,1,78,,30486,39,,,1,30,,30490,39,,,1,70,,30474,39,,,1,3,,30475,31,0,23 24,1,2,,30484,31,0,23 24,1,28,,30478,39,,,1,67,,30485,39,,,1,26,,30487,39,,,1,70,,30463,39,,,1,30,,30460,39,,,1,70,,30477,39,,,1,30,,30468,39,,,1,70,,30473,39,,,1,31,,30465,39,,,1,70,,30476,39,,,1,30,,30480,39,,,1,70,,30482,39,,,1,30,,30488,39,,,1,73,,30483,39,,,1,32,,30466,39,,,1,70,,30481,39,,,1,31,,30459,39,,,1,69,,30471,39,,,1,29,,30479,39,,,1,70,,30489,39,,,1,28,,30491,39,,,1,67,,30472,39,,,1,27,,30461,39,,,1,30,,30469,39,,,1,69,,30462,39,,,1,30,,30493,39,,,1,69,,30464,39,,,1,30,,30492,39,,,1,64,,30467,39,,,1
3101,'12',627,,30505,39,,,1,78,,30521,39,,,1,30,,30525,39,,,1,70,,30509,39,,,1,3,,30510,31,0,23 24,1,2,,30519,31,0,23 24,1,28,,30513,39,,,1,67,,30520,39,,,1,26,,30522,39,,,1,70,,30498,39,,,1,30,,30495,39,,,1,70,,30512,39,,,1,30,,30503,39,,,1,70,,30508,39,,,1,31,,30500,39,,,1,70,,30511,39,,,1,30,,30515,39,,,1,70,,30517,39,,,1,30,,30523,39,,,1,73,,30518,39,,,1,32,,30501,39,,,1,70,,30516,39,,,1,31,,30494,39,,,1,69,,30506,39,,,1,29,,30514,39,,,1,70,,30524,39,,,1,28,,30526,39,,,1,67,,30507,39,,,1,27,,30496,39,,,1,30,,30504,39,,,1,69,,30497,39,,,1,30,,30528,39,,,1,69,,30499,39,,,1,30,,30527,39,,,1,64,,30502,39,,,1
3101,'13',627,,30556,39,,,1,78,,30532,39,,,1,30,,30551,39,,,1,70,,30554,39,,,1,33,,30547,39,,,1,67,,30544,39,,,1,26,,30561,39,,,1,70,,30558,39,,,1,30,,30543,39,,,1,70,,30536,39,,,1,30,,30540,39,,,1,70,,30545,39,,,1,31,,30546,39,,,1,70,,30537,39,,,1,30,,30538,39,,,1,70,,30534,39,,,1,30,,30530,39,,,1,73,,30550,39,,,1,32,,30533,39,,,1,70,,30535,39,,,1,29,,30553,39,,,1,71,,30531,39,,,1,29,,30548,39,,,1,70,,30529,39,,,1,28,,30552,39,,,1,67,,30549,39,,,1,27,,30539,39,,,1,30,,30560,39,,,1,69,,30557,39,,,1,30,,30555,39,,,1,69,,30559,39,,,1,30,,30542,39,,,1,64,,30541,39,,,1
3101,'14',658,,30564,39,,,1,70,,30580,39,,,1,30,,30572,39,,,1,70,,30578,39,,,1,72,,30577,39,,,1,30,,30592,39,,,1,70,,30569,39,,,1,30,,30576,39,,,1,71,,30585,39,,,1,30,,30562,39,,,1,70,,30589,39,,,1,39,,30587,39,,,1,62,,30570,39,,,1,30,,30579,39,,,1,70,,30591,39,,,1,30,,30574,39,,,1,70,,30595,39,,,1,30,,30575,39,,,1,78,,30583,39,,,1,22,,30566,39,,,1,70,,30567,39,,,1,30,,30590,39,,,1,70,,30568,39,,,1,28,,30571,39,,,1,70,,30586,39,,,1,30,,30573,39,,,1,70,,30582,39,,,1,28,,30593,39,,,1,30,,30588,39,,,1,70,,30584,39,,,1,30,,30563,39,,,1,70,,30594,39,,,1,30,,30581,39,,,1,100,,30565,39,,,1
3101,'15',627,,30607,39,,,1,78,,30623,39,,,1,30,,30627,39,,,1,70,,30611,39,,,1,3,,30612,31,0,23 24,1,2,,30621,31,0,23 24,1,28,,30615,39,,,1,67,,30622,39,,,1,26,,30624,39,,,1,70,,30600,39,,,1,30,,30597,39,,,1,70,,30614,39,,,1,30,,30605,39,,,1,70,,30610,39,,,1,31,,30602,39,,,1,70,,30613,39,,,1,30,,30617,39,,,1,70,,30619,39,,,1,30,,30625,39,,,1,73,,30620,39,,,1,32,,30603,39,,,1,70,,30618,39,,,1,31,,30596,39,,,1,69,,30608,39,,,1,29,,30616,39,,,1,70,,30626,39,,,1,28,,30628,39,,,1,67,,30609,39,,,1,27,,30598,39,,,1,30,,30606,39,,,1,69,,30599,39,,,1,30,,30630,39,,,1,69,,30601,39,,,1,30,,30629,39,,,1,64,,30604,39,,,1
3101,'16',627,,30642,39,,,1,78,,30658,39,,,1,30,,30662,39,,,1,70,,30646,39,,,1,3,,30647,31,0,23 24,1,2,,30656,31,0,23 24,1,28,,30650,39,,,1,67,,30657,39,,,1,26,,30659,39,,,1,70,,30635,39,,,1,30,,30632,39,,,1,70,,30649,39,,,1,30,,30640,39,,,1,70,,30645,39,,,1,31,,30637,39,,,1,70,,30648,39,,,1,30,,30652,39,,,1,70,,30654,39,,,1,30,,30660,39,,,1,73,,30655,39,,,1,32,,30638,39,,,1,70,,30653,39,,,1,31,,30631,39,,,1,69,,30643,39,,,1,29,,30651,39,,,1,70,,30661,39,,,1,28,,30663,39,,,1,67,,30644,39,,,1,27,,30633,39,,,1,30,,30641,39,,,1,69,,30634,39,,,1,30,,30665,39,,,1,69,,30636,39,,,1,30,,30664,39,,,1,64,,30639,39,,,1
3101,'17',627,,30693,39,,,1,78,,30669,39,,,1,30,,30688,39,,,1,70,,30691,39,,,1,33,,30684,39,,,1,67,,30681,39,,,1,26,,30698,39,,,1,70,,30695,39,,,1,30,,30680,39,,,1,70,,30673,39,,,1,30,,30677,39,,,1,70,,30682,39,,,1,31,,30683,39,,,1,70,,30674,39,,,1,30,,30675,39,,,1,70,,30671,39,,,1,30,,30667,39,,,1,73,,30687,39,,,1,32,,30670,39,,,1,70,,30672,39,,,1,29,,30690,39,,,1,71,,30668,39,,,1,29,,30685,39,,,1,70,,30666,39,,,1,28,,30689,39,,,1,67,,30686,39,,,1,27,,30676,39,,,1,30,,30697,39,,,1,69,,30694,39,,,1,30,,30692,39,,,1,69,,30696,39,,,1,30,,30679,39,,,1,64,,30678,39,,,1
3101,'18',627,,30729,39,,,1,78,,30707,39,,,1,30,,30699,39,,,1,70,,30713,39,,,1,33,,30724,39,,,1,67,,30709,39,,,1,26,,30704,39,,,1,70,,30728,39,,,1,30,,30723,39,,,1,70,,30700,39,,,1,30,,30722,39,,,1,70,,30702,39,,,1,31,,30711,39,,,1,70,,30701,39,,,1,30,,30731,39,,,1,70,,30706,39,,,1,30,,30714,39,,,1,73,,30727,39,,,1,32,,30717,39,,,1,70,,30705,39,,,1,30,,30720,39,,,1,72,,30721,39,,,1,27,,30726,39,,,1,70,,30710,39,,,1,28,,30718,39,,,1,67,,30703,39,,,1,27,,30716,39,,,1,30,,30730,39,,,1,69,,30715,39,,,1,30,,30725,39,,,1,69,,30708,39,,,1,30,,30719,39,,,1,64,,30712,39,,,1
3101,'19',627,,30759,39,,,1,78,,30735,39,,,1,30,,30754,39,,,1,70,,30757,39,,,1,33,,30750,39,,,1,67,,30747,39,,,1,26,,30764,39,,,1,70,,30761,39,,,1,30,,30746,39,,,1,70,,30739,39,,,1,30,,30743,39,,,1,70,,30748,39,,,1,31,,30749,39,,,1,70,,30740,39,,,1,30,,30741,39,,,1,70,,30737,39,,,1,30,,30733,39,,,1,73,,30753,39,,,1,32,,30736,39,,,1,70,,30738,39,,,1,29,,30756,39,,,1,71,,30734,39,,,1,29,,30751,39,,,1,70,,30732,39,,,1,28,,30755,39,,,1,67,,30752,39,,,1,27,,30742,39,,,1,30,,30763,39,,,1,69,,30760,39,,,1,30,,30758,39,,,1,69,,30762,39,,,1,30,,30745,39,,,1,64,,30744,39,,,1
3101,'2',833,,30766,39,,,1,102,,30785,39,,,1,100,,30776,39,,,1,71,,30788,39,,,1,30,,30772,39,,,1,70,,30789,39,,,1,31,,30784,39,,,1,70,,30779,39,,,1,30,,30787,39,,,1,70,,30765,39,,,1,30,,30781,39,,,1,70,,30769,39,,,1,30,,30778,39,,,1,70,,30773,39,,,1,30,,30770,39,,,1,70,,30774,39,,,1,30,,30767,39,,,1,70,,30777,39,,,1,28,,30768,39,,,1,70,,30783,39,,,1,30,,30782,39,,,1,98,,30780,39,,,1,100,,30786,39,,,1,100,,30771,39,,,1,100,,30775,39,,,1
3101,'3',627,,30801,39,,,1,78,,30817,39,,,1,30,,30821,39,,,1,70,,30805,39,,,1,3,,30806,31,0,23 24,1,2,,30815,31,0,23 24,1,28,,30809,39,,,1,67,,30816,39,,,1,26,,30818,39,,,1,70,,30794,39,,,1,30,,30791,39,,,1,70,,30808,39,,,1,30,,30799,39,,,1,70,,30804,39,,,1,31,,30796,39,,,1,70,,30807,39,,,1,30,,30811,39,,,1,70,,30813,39,,,1,30,,30819,39,,,1,73,,30814,39,,,1,32,,30797,39,,,1,70,,30812,39,,,1,31,,30790,39,,,1,69,,30802,39,,,1,29,,30810,39,,,1,70,,30820,39,,,1,28,,30822,39,,,1,67,,30803,39,,,1,27,,30792,39,,,1,30,,30800,39,,,1,69,,30793,39,,,1,30,,30824,39,,,1,69,,30795,39,,,1,30,,30823,39,,,1,64,,30798,39,,,1
3101,'4',627,,30836,39,,,1,78,,30852,39,,,1,30,,30856,39,,,1,70,,30840,39,,,1,3,,30841,31,0,23 24,1,2,,30850,31,0,23 24,1,28,,30844,39,,,1,67,,30851,39,,,1,26,,30853,39,,,1,70,,30829,39,,,1,30,,30826,39,,,1,70,,30843,39,,,1,30,,30834,39,,,1,70,,30839,39,,,1,31,,30831,39,,,1,70,,30842,39,,,1,30,,30846,39,,,1,70,,30848,39,,,1,30,,30854,39,,,1,73,,30849,39,,,1,32,,30832,39,,,1,70,,30847,39,,,1,31,,30825,39,,,1,69,,30837,39,,,1,29,,30845,39,,,1,70,,30855,39,,,1,28,,30857,39,,,1,67,,30838,39,,,1,27,,30827,39,,,1,30,,30835,39,,,1,69,,30828,39,,,1,30,,30859,39,,,1,69,,30830,39,,,1,30,,30858,39,,,1,64,,30833,39,,,1
3101,'5',627,,30887,39,,,1,78,,30863,39,,,1,30,,30882,39,,,1,70,,30885,39,,,1,33,,30878,39,,,1,67,,30875,39,,,1,26,,30892,39,,,1,70,,30889,39,,,1,30,,30874,39,,,1,70,,30867,39,,,1,30,,30871,39,,,1,70,,30876,39,,,1,31,,30877,39,,,1,70,,30868,39,,,1,30,,30869,39,,,1,70,,30865,39,,,1,30,,30861,39,,,1,73,,30881,39,,,1,32,,30864,39,,,1,70,,30866,39,,,1,29,,30884,39,,,1,71,,30862,39,,,1,29,,30879,39,,,1,70,,30860,39,,,1,28,,30883,39,,,1,67,,30880,39,,,1,27,,30870,39,,,1,30,,30891,39,,,1,69,,30888,39,,,1,30,,30886,39,,,1,69,,30890,39,,,1,30,,30873,39,,,1,64,,30872,39,,,1
3101,'6',627,,30904,39,,,1,78,,30920,39,,,1,30,,30924,39,,,1,70,,30908,39,,,1,3,,30909,31,0,23 24,1,2,,30918,31,0,23 24,1,28,,30912,39,,,1,67,,30919,39,,,1,26,,30921,39,,,1,70,,30897,39,,,1,30,,30894,39,,,1,70,,30911,39,,,1,30,,30902,39,,,1,70,,30907,39,,,1,31,,30899,39,,,1,70,,30910,39,,,1,30,,30914,39,,,1,70,,30916,39,,,1,30,,30922,39,,,1,73,,30917,39,,,1,32,,30900,39,,,1,70,,30915,39,,,1,31,,30893,39,,,1,69,,30905,39,,,1,29,,30913,39,,,1,70,,30923,39,,,1,28,,30925,39,,,1,67,,30906,39,,,1,27,,30895,39,,,1,30,,30903,39,,,1,69,,30896,39,,,1,30,,30927,39,,,1,69,,30898,39,,,1,30,,30926,39,,,1,64,,30901,39,,,1
3101,'7',627,,30955,39,,,1,78,,30931,39,,,1,30,,30950,39,,,1,70,,30953,39,,,1,33,,30946,39,,,1,67,,30943,39,,,1,26,,30960,39,,,1,70,,30957,39,,,1,30,,30942,39,,,1,70,,30935,39,,,1,30,,30939,39,,,1,70,,30944,39,,,1,31,,30945,39,,,1,70,,30936,39,,,1,30,,30937,39,,,1,70,,30933,39,,,1,30,,30929,39,,,1,73,,30949,39,,,1,32,,30932,39,,,1,70,,30934,39,,,1,29,,30952,39,,,1,71,,30930,39,,,1,29,,30947,39,,,1,70,,30928,39,,,1,28,,30951,39,,,1,67,,30948,39,,,1,27,,30938,39,,,1,30,,30959,39,,,1,69,,30956,39,,,1,30,,30954,39,,,1,69,,30958,39,,,1,30,,30941,39,,,1,64,,30940,39,,,1
3101,'8',658,,30963,39,,,1,70,,30979,39,,,1,30,,30971,39,,,1,70,,30977,39,,,1,72,,30976,39,,,1,30,,30991,39,,,1,70,,30968,39,,,1,30,,30975,39,,,1,71,,30984,39,,,1,30,,30961,39,,,1,70,,30988,39,,,1,39,,30986,39,,,1,62,,30969,39,,,1,30,,30978,39,,,1,70,,30990,39,,,1,30,,30973,39,,,1,70,,30994,39,,,1,30,,30974,39,,,1,78,,30982,39,,,1,22,,30965,39,,,1,70,,30966,39,,,1,30,,30989,39,,,1,70,,30967,39,,,1,28,,30970,39,,,1,70,,30985,39,,,1,30,,30972,39,,,1,70,,30981,39,,,1,28,,30992,39,,,1,30,,30987,39,,,1,70,,30983,39,,,1,30,,30962,39,,,1,70,,30993,39,,,1,30,,30980,39,,,1,100,,30964,39,,,1
3101,'9',833,,30996,39,,,1,102,,31015,39,,,1,100,,31006,39,,,1,71,,31018,39,,,1,30,,31002,39,,,1,70,,31019,39,,,1,31,,31014,39,,,1,70,,31009,39,,,1,30,,31017,39,,,1,70,,30995,39,,,1,30,,31011,39,,,1,70,,30999,39,,,1,30,,31008,39,,,1,70,,31003,39,,,1,30,,31000,39,,,1,70,,31004,39,,,1,30,,30997,39,,,1,70,,31007,39,,,1,28,,30998,39,,,1,70,,31013,39,,,1,30,,31012,39,,,1,98,,31010,39,,,1,100,,31016,39,,,1,100,,31001,39,,,1,100,,31005,39,,,1
3401,'1',718,,33110,8,0,88,1,100,,33096,8,0,88,1,93,,33099,8,0,88,1,30,,33104,8,0,88,1,70,,33105,8,0,88,1,30,,33097,8,0,88,1,70,,33107,8,0,88,1,30,,33101,8,0,88,1,70,,33111,8,0,88,1,30,,33109,8,0,88,1,70,,33102,8,0,88,1,30,,33116,8,0,88,1,70,,33098,8,0,88,1,30,,33108,8,0,88,1,70,,33100,8,0,88,1,30,,33113,8,0,88,1,70,,33112,8,0,88,1,30,,33106,8,0,88,1,70,,33115,8,0,88,1,30,,33114,8,0,88,1,84,,33103,8,0,88,1
3401,'10',545,,33119,8,0,88,1,70,,33128,8,0,88,1,29,,33140,8,0,88,1,70,,33121,8,0,88,1,30,,33126,8,0,88,1,71,,33132,8,0,88,1,31,,33118,8,0,88,1,70,,33153,8,0,88,1,30,,33150,8,0,88,1,70,,33142,8,0,88,1,30,,33127,8,0,88,1,69,,33136,8,0,88,1,30,,33124,8,0,88,1,71,,33137,8,0,88,1,30,,33134,8,0,88,1,70,,33133,8,0,88,1,30,,33143,8,0,88,1,70,,33144,8,0,88,1,30,,33122,8,0,88,1,68,,33149,8,0,88,1,30,,33141,8,0,88,1,70,,33125,8,0,88,1,30,,33130,8,0,88,1,70,,33145,8,0,88,1,30,,33129,8,0,88,1,70,,33135,8,0,88,1,31,,33151,8,0,88,1,71,,33146,8,0,88,1,30,,33152,8,0,88,1,70,,33131,8,0,88,1,32,,33148,8,0,88,1,70,,33139,8,0,88,1,37,,33138,7,,,1
3401,'11',545,,33156,8,0,88,1,70,,33165,8,0,88,1,29,,33177,8,0,88,1,70,,33158,8,0,88,1,30,,33163,8,0,88,1,71,,33169,8,0,88,1,31,,33155,8,0,88,1,70,,33190,8,0,88,1,30,,33187,8,0,88,1,70,,33179,8,0,88,1,30,,33164,8,0,88,1,69,,33173,8,0,88,1,30,,33161,8,0,88,1,71,,33174,8,0,88,1,30,,33171,8,0,88,1,70,,33170,8,0,88,1,30,,33180,8,0,88,1,70,,33181,8,0,88,1,30,,33159,8,0,88,1,68,,33186,8,0,88,1,30,,33178,8,0,88,1,70,,33162,8,0,88,1,30,,33167,8,0,88,1,70,,33182,8,0,88,1,30,,33166,8,0,88,1,70,,33172,8,0,88,1,31,,33188,8,0,88,1,71,,33183,8,0,88,1,30,,33189,8,0,88,1,70,,33168,8,0,88,1,32,,33185,8,0,88,1,70,,33176,8,0,88,1,37,,33175,7,,,1
3401,'12',545,,33193,8,0,88,1,70,,33202,8,0,88,1,29,,33214,8,0,88,1,70,,33195,8,0,88,1,30,,33200,8,0,88,1,71,,33206,8,0,88,1,31,,33192,8,0,88,1,70,,33227,8,0,88,1,30,,33224,8,0,88,1,70,,33216,8,0,88,1,30,,33201,8,0,88,1,69,,33210,8,0,88,1,30,,33198,8,0,88,1,71,,33211,8,0,88,1,30,,33208,8,0,88,1,70,,33207,8,0,88,1,30,,33217,8,0,88,1,70,,33218,8,0,88,1,30,,33196,8,0,88,1,68,,33223,8,0,88,1,30,,33215,8,0,88,1,70,,33199,8,0,88,1,30,,33204,8,0,88,1,70,,33219,8,0,88,1,30,,33203,8,0,88,1,70,,33209,8,0,88,1,31,,33225,8,0,88,1,71,,33220,8,0,88,1,30,,33226,8,0,88,1,70,,33205,8,0,88,1,32,,33222,8,0,88,1,70,,33213,8,0,88,1,37,,33212,7,,,1
3401,'13',545,,33229,8,0,88,1,70,,33253,8,0,88,1,29,,33240,8,0,88,1,70,,33231,8,0,88,1,30,,33241,8,0,88,1,71,,33234,8,0,88,1,31,,33250,8,0,88,1,70,,33237,8,0,88,1,30,,33242,8,0,88,1,70,,33247,8,0,88,1,30,,33232,8,0,88,1,69,,33245,8,0,88,1,30,,33236,8,0,88,1,71,,33260,8,0,88,1,30,,33228,8,0,88,1,70,,33246,8,0,88,1,30,,33249,8,0,88,1,70,,33230,8,0,88,1,30,,33257,8,0,88,1,68,,33259,8,0,88,1,30,,33255,8,0,88,1,70,,33244,8,0,88,1,30,,33251,8,0,88,1,70,,33248,8,0,88,1,30,,33243,8,0,88,1,70,,33238,8,0,88,1,31,,33239,8,0,88,1,71,,33258,8,0,88,1,30,,33233,8,0,88,1,70,,33252,8,0,88,1,32,,33254,8,0,88,1,70,,33235,8,0,88,1,37,,33256,7,,,1
3401,'14',628,,33278,8,0,88,1,100,,33267,8,0,88,1,100,,33274,8,0,88,1,30,,33269,8,0,88,1,70,,33283,8,0,88,1,30,,33272,8,0,88,1,70,,33281,8,0,88,1,30,,33262,8,0,88,1,70,,33271,8,0,88,1,30,,33264,8,0,88,1,70,,33275,8,0,88,1,30,,33276,8,0,88,1,70,,33285,8,0,88,1,30,,33265,8,0,88,1,70,,33282,8,0,88,1,30,,33284,8,0,88,1,70,,33277,8,0,88,1,30,,33261,8,0,88,1,70,,33280,8,0,88,1,30,,33270,8,0,88,1,70,,33279,8,0,88,1,30,,33268,8,0,88,1,70,,33266,8,0,88,1,30,,33273,8,0,88,1,75,,33263,8,0,88,1
3401,'15',545,,33288,8,0,88,1,70,,33297,8,0,88,1,29,,33309,8,0,88,1,70,,33290,8,0,88,1,30,,33295,8,0,88,1,71,,33301,8,0,88,1,31,,33287,8,0,88,1,70,,33322,8,0,88,1,30,,33319,8,0,88,1,70,,33311,8,0,88,1,30,,33296,8,0,88,1,69,,33305,8,0,88,1,30,,33293,8,0,88,1,71,,33306,8,0,88,1,30,,33303,8,0,88,1,70,,33302,8,0,88,1,30,,33312,8,0,88,1,70,,33313,8,0,88,1,30,,33291,8,0,88,1,68,,33318,8,0,88,1,30,,33310,8,0,88,1,70,,33294,8,0,88,1,30,,33299,8,0,88,1,70,,33314,8,0,88,1,30,,33298,8,0,88,1,70,,33304,8,0,88,1,31,,33320,8,0,88,1,71,,33315,8,0,88,1,30,,33321,8,0,88,1,70,,33300,8,0,88,1,32,,33317,8,0,88,1,70,,33308,8,0,88,1,37,,33307,7,,,1
3401,'16',545,,33325,8,0,88,1,70,,33334,8,0,88,1,29,,33346,8,0,88,1,70,,33327,8,0,88,1,30,,33332,8,0,88,1,71,,33338,8,0,88,1,31,,33324,8,0,88,1,70,,33359,8,0,88,1,30,,33356,8,0,88,1,70,,33348,8,0,88,1,30,,33333,8,0,88,1,69,,33342,8,0,88,1,30,,33330,8,0,88,1,71,,33343,8,0,88,1,30,,33340,8,0,88,1,70,,33339,8,0,88,1,30,,33349,8,0,88,1,70,,33350,8,0,88,1,30,,33328,8,0,88,1,68,,33355,8,0,88,1,30,,33347,8,0,88,1,70,,33331,8,0,88,1,30,,33336,8,0,88,1,70,,33351,8,0,88,1,30,,33335,8,0,88,1,70,,33341,8,0,88,1,31,,33357,8,0,88,1,71,,33352,8,0,88,1,30,,33358,8,0,88,1,70,,33337,8,0,88,1,32,,33354,8,0,88,1,70,,33345,8,0,88,1,37,,33344,7,,,1
3401,'17',545,,33361,8,0,88,1,70,,33385,8,0,88,1,29,,33372,8,0,88,1,70,,33363,8,0,88,1,30,,33373,8,0,88,1,71,,33366,8,0,88,1,31,,33382,8,0,88,1,70,,33369,8,0,88,1,30,,33374,8,0,88,1,70,,33379,8,0,88,1,30,,33364,8,0,88,1,69,,33377,8,0,88,1,30,,33368,8,0,88,1,71,,33392,8,0,88,1,30,,33360,8,0,88,1,70,,33378,8,0,88,1,30,,33381,8,0,88,1,70,,33362,8,0,88,1,30,,33389,8,0,88,1,68,,33391,8,0,88,1,30,,33387,8,0,88,1,70,,33376,8,0,88,1,30,,33383,8,0,88,1,70,,33380,8,0,88,1,30,,33375,8,0,88,1,70,,33370,8,0,88,1,31,,33371,8,0,88,1,71,,33390,8,0,88,1,30,,33365,8,0,88,1,70,,33384,8,0,88,1,32,,33386,8,0,88,1,70,,33367,8,0,88,1,37,,33388,7,,,1
3401,'18',545,,33403,8,0,88,1,70,,33411,8,0,88,1,29,,33413,8,0,88,1,70,,33396,8,0,88,1,30,,33404,8,0,88,1,71,,33405,8,0,88,1,31,,33414,8,0,88,1,70,,33415,8,0,88,1,30,,33418,8,0,88,1,70,,33423,8,0,88,1,30,,33402,8,0,88,1,69,,33409,8,0,88,1,30,,33425,8,0,88,1,71,,33400,8,0,88,1,30,,33397,8,0,88,1,70,,33422,8,0,88,1,30,,33401,8,0,88,1,70,,33407,8,0,88,1,30,,33421,8,0,88,1,68,,33393,8,0,88,1,30,,33399,8,0,88,1,70,,33395,8,0,88,1,30,,33419,8,0,88,1,70,,33417,8,0,88,1,30,,33416,8,0,88,1,70,,33406,8,0,88,1,31,,33408,8,0,88,1,71,,33398,8,0,88,1,30,,33410,8,0,88,1,70,,33420,8,0,88,1,32,,33424,8,0,88,1,70,,33412,8,0,88,1,37,,33394,7,,,1
3401,'19',545,,33427,8,0,88,1,70,,33451,8,0,88,1,29,,33438,8,0,88,1,70,,33429,8,0,88,1,30,,33439,8,0,88,1,71,,33432,8,0,88,1,31,,33448,8,0,88,1,70,,33435,8,0,88,1,30,,33440,8,0,88,1,70,,33445,8,0,88,1,30,,33430,8,0,88,1,69,,33443,8,0,88,1,30,,33434,8,0,88,1,71,,33458,8,0,88,1,30,,33426,8,0,88,1,70,,33444,8,0,88,1,30,,33447,8,0,88,1,70,,33428,8,0,88,1,30,,33455,8,0,88,1,68,,33457,8,0,88,1,30,,33453,8,0,88,1,70,,33442,8,0,88,1,30,,33449,8,0,88,1,70,,33446,8,0,88,1,30,,33441,8,0,88,1,70,,33436,8,0,88,1,31,,33437,8,0,88,1,71,,33456,8,0,88,1,30,,33431,8,0,88,1,70,,33450,8,0,88,1,32,,33452,8,0,88,1,70,,33433,8,0,88,1,37,,33454,7,,,1
3401,'2',718,,33473,8,0,88,1,100,,33459,8,0,88,1,93,,33462,8,0,88,1,30,,33467,8,0,88,1,70,,33468,8,0,88,1,30,,33460,8,0,88,1,70,,33470,8,0,88,1,30,,33464,8,0,88,1,70,,33474,8,0,88,1,30,,33472,8,0,88,1,70,,33465,8,0,88,1,30,,33479,8,0,88,1,70,,33461,8,0,88,1,30,,33471,8,0,88,1,70,,33463,8,0,88,1,30,,33476,8,0,88,1,70,,33475,8,0,88,1,30,,33469,8,0,88,1,70,,33478,8,0,88,1,30,,33477,8,0,88,1,84,,33466,8,0,88,1
3401,'3',545,,33482,8,0,88,1,70,,33491,8,0,88,1,29,,33503,8,0,88,1,70,,33484,8,0,88,1,30,,33489,8,0,88,1,71,,33495,8,0,88,1,31,,33481,8,0,88,1,70,,33516,8,0,88,1,30,,33513,8,0,88,1,70,,33505,8,0,88,1,30,,33490,8,0,88,1,69,,33499,8,0,88,1,30,,33487,8,0,88,1,71,,33500,8,0,88,1,30,,33497,8,0,88,1,70,,33496,8,0,88,1,30,,33506,8,0,88,1,70,,33507,8,0,88,1,30,,33485,8,0,88,1,68,,33512,8,0,88,1,30,,33504,8,0,88,1,70,,33488,8,0,88,1,30,,33493,8,0,88,1,70,,33508,8,0,88,1,30,,33492,8,0,88,1,70,,33498,8,0,88,1,31,,33514,8,0,88,1,71,,33509,8,0,88,1,30,,33515,8,0,88,1,70,,33494,8,0,88,1,32,,33511,8,0,88,1,70,,33502,8,0,88,1,37,,33501,7,,,1
3401,'4',545,,33519,8,0,88,1,70,,33528,8,0,88,1,29,,33540,8,0,88,1,70,,33521,8,0,88,1,30,,33526,8,0,88,1,71,,33532,8,0,88,1,31,,33518,8,0,88,1,70,,33553,8,0,88,1,30,,33550,8,0,88,1,70,,33542,8,0,88,1,30,,33527,8,0,88,1,69,,33536,8,0,88,1,30,,33524,8,0,88,1,71,,33537,8,0,88,1,30,,33534,8,0,88,1,70,,33533,8,0,88,1,30,,33543,8,0,88,1,70,,33544,8,0,88,1,30,,33522,8,0,88,1,68,,33549,8,0,88,1,30,,33541,8,0,88,1,70,,33525,8,0,88,1,30,,33530,8,0,88,1,70,,33545,8,0,88,1,30,,33529,8,0,88,1,70,,33535,8,0,88,1,31,,33551,8,0,88,1,71,,33546,8,0,88,1,30,,33552,8,0,88,1,70,,33531,8,0,88,1,32,,33548,8,0,88,1,70,,33539,8,0,88,1,37,,33538,7,,,1
3401,'5',545,,33555,8,0,88,1,70,,33579,8,0,88,1,29,,33566,8,0,88,1,70,,33557,8,0,88,1,30,,33567,8,0,88,1,71,,33560,8,0,88,1,31,,33576,8,0,88,1,70,,33563,8,0,88,1,30,,33568,8,0,88,1,70,,33573,8,0,88,1,30,,33558,8,0,88,1,69,,33571,8,0,88,1,30,,33562,8,0,88,1,71,,33586,8,0,88,1,30,,33554,8,0,88,1,70,,33572,8,0,88,1,30,,33575,8,0,88,1,70,,33556,8,0,88,1,30,,33583,8,0,88,1,68,,33585,8,0,88,1,30,,33581,8,0,88,1,70,,33570,8,0,88,1,30,,33577,8,0,88,1,70,,33574,8,0,88,1,30,,33569,8,0,88,1,70,,33564,8,0,88,1,31,,33565,8,0,88,1,71,,33584,8,0,88,1,30,,33559,8,0,88,1,70,,33578,8,0,88,1,32,,33580,8,0,88,1,70,,33561,8,0,88,1,37,,33582,7,,,1
3401,'6',545,,33589,8,0,88,1,70,,33598,8,0,88,1,29,,33610,8,0,88,1,70,,33591,8,0,88,1,30,,33596,8,0,88,1,71,,33602,8,0,88,1,31,,33588,8,0,88,1,70,,33623,8,0,88,1,30,,33620,8,0,88,1,70,,33612,8,0,88,1,30,,33597,8,0,88,1,69,,33606,8,0,88,1,30,,33594,8,0,88,1,71,,33607,8,0,88,1,30,,33604,8,0,88,1,70,,33603,8,0,88,1,30,,33613,8,0,88,1,70,,33614,8,0,88,1,30,,33592,8,0,88,1,68,,33619,8,0,88,1,30,,33611,8,0,88,1,70,,33595,8,0,88,1,30,,33600,8,0,88,1,70,,33615,8,0,88,1,30,,33599,8,0,88,1,70,,33605,8,0,88,1,31,,33621,8,0,88,1,71,,33616,8,0,88,1,30,,33622,8,0,88,1,70,,33601,8,0,88,1,32,,33618,8,0,88,1,70,,33609,8,0,88,1,37,,33608,7,,,1
3401,'7',545,,33625,8,0,88,1,70,,33649,8,0,88,1,29,,33636,8,0,88,1,70,,33627,8,0,88,1,30,,33637,8,0,88,1,71,,33630,8,0,88,1,31,,33646,8,0,88,1,70,,33633,8,0,88,1,30,,33638,8,0,88,1,70,,33643,8,0,88,1,30,,33628,8,0,88,1,69,,33641,8,0,88,1,30,,33632,8,0,88,1,71,,33656,8,0,88,1,30,,33624,8,0,88,1,70,,33642,8,0,88,1,30,,33645,8,0,88,1,70,,33626,8,0,88,1,30,,33653,8,0,88,1,68,,33655,8,0,88,1,30,,33651,8,0,88,1,70,,33640,8,0,88,1,30,,33647,8,0,88,1,70,,33644,8,0,88,1,30,,33639,8,0,88,1,70,,33634,8,0,88,1,31,,33635,8,0,88,1,71,,33654,8,0,88,1,30,,33629,8,0,88,1,70,,33648,8,0,88,1,32,,33650,8,0,88,1,70,,33631,8,0,88,1,37,,33652,7,,,1
3401,'8',628,,33674,8,0,88,1,100,,33663,8,0,88,1,100,,33670,8,0,88,1,30,,33665,8,0,88,1,70,,33679,8,0,88,1,30,,33668,8,0,88,1,70,,33677,8,0,88,1,30,,33658,8,0,88,1,70,,33667,8,0,88,1,30,,33660,8,0,88,1,70,,33671,8,0,88,1,30,,33672,8,0,88,1,70,,33681,8,0,88,1,30,,33661,8,0,88,1,70,,33678,8,0,88,1,30,,33680,8,0,88,1,70,,33673,8,0,88,1,30,,33657,8,0,88,1,70,,33676,8,0,88,1,30,,33666,8,0,88,1,70,,33675,8,0,88,1,30,,33664,8,0,88,1,70,,33662,8,0,88,1,30,,33669,8,0,88,1,75,,33659,8,0,88,1
3401,'9',718,,33696,8,0,88,1,100,,33682,8,0,88,1,93,,33685,8,0,88,1,30,,33690,8,0,88,1,70,,33691,8,0,88,1,30,,33683,8,0,88,1,70,,33693,8,0,88,1,30,,33687,8,0,88,1,70,,33697,8,0,88,1,30,,33695,8,0,88,1,70,,33688,8,0,88,1,30,,33702,8,0,88,1,70,,33684,8,0,88,1,30,,33694,8,0,88,1,70,,33686,8,0,88,1,30,,33699,8,0,88,1,70,,33698,8,0,88,1,30,,33692,8,0,88,1,70,,33701,8,0,88,1,30,,33700,8,0,88,1,84,,33689,8,0,88,1
