4001,'1',519,,43175,,,1,27,,43127,,,1,70,,43159,,,1,15,,43158,,,1,15,,43164,,,1,56,,43154,,,1,14,,43124,,,1,16,,43171,,,1,16,,43142,,,1,55,,43165,,,1,14,,43135,,,1,15,,43149,,,1,15,,43136,,,1,69,,43151,,,1,30,,43148,,,1,70,,43152,,,1,30,,43119,,,1,70,,43113,,,1,30,,43117,,,1,70,,43169,,,1,30,,43138,,,1,70,,43145,,,1,30,,43160,,,1,70,,43115,,,1,30,,43176,,,1,72,,43140,,,1,30,,43141,,,1,71,,43162,,,1,29,,43129,,,1,71,,43116,,,1,30,,43156,,,1,70,,43168,,,1,15,,43120,,,1,15,,43163,,,1,68,,43146,,,1,30,,43144,,,1,70,,43155,,,1,30,,43172,,,1,70,,43157,,,1,30,,43147,,,1,70,,43167,,,1,30,,43130,,,1,70,,43134,,,1,27,,43128,,,1,70,,43153,,,1
4001,'10',519,,43231,,,1,27,,43189,,,1,70,,43191,,,1,15,,43223,,,1,15,,43210,,,1,56,,43204,,,1,14,,43184,,,1,14,,43201,,,1,18,,43222,,,1,55,,43234,,,1,14,,43243,,,1,15,,43209,,,1,15,,43182,,,1,69,,43188,,,1,30,,43235,,,1,70,,43228,,,1,30,,43238,,,1,70,,43214,,,1,30,,43200,,,1,70,,43199,,,1,30,,43178,,,1,70,,43179,,,1,30,,43225,,,1,70,,43215,,,1,30,,43190,,,1,72,,43224,,,1,30,,43241,,,1,70,,43207,,,1,30,,43181,,,1,71,,43229,,,1,30,,43183,,,1,70,,43187,,,1,15,,43192,,,1,15,,43236,,,1,68,,43216,,,1,30,,43212,,,1,70,,43205,,,1,30,,43237,,,1,70,,43177,,,1,30,,43218,,,1,70,,43194,,,1,30,,43217,,,1,70,,43233,,,1,27,,43180,,,1,70,,43202,,,1
4001,'11',519,,43306,,,1,27,,43258,,,1,70,,43290,,,1,15,,43289,,,1,15,,43295,,,1,56,,43285,,,1,14,,43255,,,1,16,,43302,,,1,16,,43273,,,1,55,,43296,,,1,14,,43266,,,1,15,,43280,,,1,15,,43267,,,1,69,,43282,,,1,30,,43279,,,1,70,,43283,,,1,30,,43250,,,1,70,,43244,,,1,30,,43248,,,1,70,,43300,,,1,30,,43269,,,1,70,,43276,,,1,30,,43291,,,1,70,,43246,,,1,30,,43307,,,1,72,,43271,,,1,30,,43272,,,1,71,,43293,,,1,29,,43260,,,1,71,,43247,,,1,30,,43287,,,1,70,,43299,,,1,15,,43251,,,1,15,,43294,,,1,68,,43277,,,1,30,,43275,,,1,70,,43286,,,1,30,,43303,,,1,70,,43288,,,1,30,,43278,,,1,70,,43298,,,1,30,,43261,,,1,70,,43265,,,1,27,,43259,,,1,70,,43284,,,1
4001,'12',519,,43329,,,1,31,,43326,,,1,66,,43334,,,1,30,,43327,,,1,70,,43324,,,1,32,,43337,,,1,69,,43346,,,1,30,,43345,,,1,69,,43320,,,1,30,,43309,,,1,70,,43318,,,1,30,,43339,,,1,70,,43315,,,1,30,,43332,,,1,70,,43322,,,1,30,,43347,,,1,70,,43340,,,1,30,,43325,,,1,70,,43313,,,1,30,,43323,,,1,72,,43321,,,1,30,,43336,,,1,71,,43311,,,1,29,,43317,,,1,71,,43319,,,1,30,,43328,,,1,70,,43312,,,1,30,,43343,,,1,68,,43344,,,1,30,,43308,,,1,70,,43335,,,1,30,,43316,,,1,70,,43342,,,1,30,,43338,,,1,70,,43341,,,1,30,,43331,,,1,70,,43310,,,1,27,,43333,,,1,70,,43330,,,1
4001,'13',704,,43360,,,1,30,,43358,,,1,70,,43351,,,1,31,,43362,,,1,70,,43354,,,1,30,,43366,,,1,70,,43356,,,1,30,,43371,,,1,70,,43370,,,1,30,,43373,,,1,70,,43359,,,1,30,,43365,,,1,70,,43376,,,1,30,,43372,,,1,70,,43380,,,1,30,,43364,,,1,70,,43368,,,1,30,,43378,,,1,70,,43361,,,1,30,,43384,,,1,70,,43375,,,1,30,,43355,,,1,70,,43367,,,1,30,,43374,,,1,70,,43382,,,1,30,,43349,,,1,70,,43353,,,1,28,,43350,,,1,70,,43381,,,1,30,,43363,,,1,70,,43369,,,1,30,,43379,,,1,70,,43357,,,1,30,,43383,,,1
4001,'14',704,,43397,,,1,30,,43395,,,1,70,,43388,,,1,31,,43399,,,1,70,,43391,,,1,30,,43403,,,1,70,,43393,,,1,30,,43408,,,1,70,,43407,,,1,30,,43410,,,1,70,,43396,,,1,30,,43402,,,1,70,,43413,,,1,30,,43409,,,1,70,,43417,,,1,30,,43401,,,1,70,,43405,,,1,30,,43415,,,1,70,,43398,,,1,30,,43421,,,1,70,,43412,,,1,30,,43392,,,1,70,,43404,,,1,30,,43411,,,1,70,,43419,,,1,30,,43386,,,1,70,,43390,,,1,28,,43387,,,1,70,,43418,,,1,30,,43400,,,1,70,,43406,,,1,30,,43416,,,1,70,,43394,,,1,30,,43420,,,1
4001,'15',519,,43476,,,1,27,,43434,,,1,70,,43436,,,1,15,,43468,,,1,15,,43455,,,1,56,,43449,,,1,14,,43429,,,1,14,,43446,,,1,18,,43467,,,1,55,,43479,,,1,14,,43488,,,1,15,,43454,,,1,15,,43427,,,1,69,,43433,,,1,30,,43480,,,1,70,,43473,,,1,30,,43483,,,1,70,,43459,,,1,30,,43445,,,1,70,,43444,,,1,30,,43423,,,1,70,,43424,,,1,30,,43470,,,1,70,,43460,,,1,30,,43435,,,1,72,,43469,,,1,30,,43486,,,1,70,,43452,,,1,30,,43426,,,1,71,,43474,,,1,30,,43428,,,1,70,,43432,,,1,15,,43437,,,1,15,,43481,,,1,68,,43461,,,1,30,,43457,,,1,70,,43450,,,1,30,,43482,,,1,70,,43422,,,1,30,,43463,,,1,70,,43439,,,1,30,,43462,,,1,70,,43478,,,1,27,,43425,,,1,70,,43447,,,1
4001,'16',519,,43551,,,1,27,,43503,,,1,70,,43535,,,1,15,,43534,,,1,15,,43540,,,1,56,,43530,,,1,14,,43500,,,1,16,,43547,,,1,16,,43518,,,1,55,,43541,,,1,14,,43511,,,1,15,,43525,,,1,15,,43512,,,1,69,,43527,,,1,30,,43524,,,1,70,,43528,,,1,30,,43495,,,1,70,,43489,,,1,30,,43493,,,1,70,,43545,,,1,30,,43514,,,1,70,,43521,,,1,30,,43536,,,1,70,,43491,,,1,30,,43552,,,1,72,,43516,,,1,30,,43517,,,1,71,,43538,,,1,29,,43505,,,1,71,,43492,,,1,30,,43532,,,1,70,,43544,,,1,15,,43496,,,1,15,,43539,,,1,68,,43522,,,1,30,,43520,,,1,70,,43531,,,1,30,,43548,,,1,70,,43533,,,1,30,,43523,,,1,70,,43543,,,1,30,,43506,,,1,70,,43510,,,1,27,,43504,,,1,70,,43529,,,1
4001,'17',704,,43565,,,1,30,,43563,,,1,70,,43556,,,1,31,,43567,,,1,70,,43559,,,1,30,,43571,,,1,70,,43561,,,1,30,,43576,,,1,70,,43575,,,1,30,,43578,,,1,70,,43564,,,1,30,,43570,,,1,70,,43581,,,1,30,,43577,,,1,70,,43585,,,1,30,,43569,,,1,70,,43573,,,1,30,,43583,,,1,70,,43566,,,1,30,,43589,,,1,70,,43580,,,1,30,,43560,,,1,70,,43572,,,1,30,,43579,,,1,70,,43587,,,1,30,,43554,,,1,70,,43558,,,1,28,,43555,,,1,70,,43586,,,1,30,,43568,,,1,70,,43574,,,1,30,,43584,,,1,70,,43562,,,1,30,,43588,,,1
4001,'18',532,,43602,,,1,70,,43607,,,1,31,,43613,,,1,70,,43621,,,1,30,,43591,,,1,70,,43606,,,1,31,,43608,,,1,70,,43592,,,1,30,,43598,,,1,70,,43609,,,1,30,,43612,,,1,70,,43595,,,1,30,,43624,,,1,70,,43614,,,1,30,,43616,,,1,70,,43626,,,1,30,,43590,,,1,70,,43601,,,1,30,,43603,,,1,70,,43611,,,1,30,,43617,,,1,70,,43623,,,1,30,,43610,,,1,70,,43618,,,1,30,,43600,,,1,70,,43604,,,1,30,,43620,,,1,70,,43629,,,1,30,,43593,,,1,70,,43596,,,1,28,,43615,,,1,70,,43599,,,1,30,,43628,,,1,70,,43625,,,1,30,,43619,,,1,70,,43622,,,1,30,,43627,,,1,70,,43597,,,1,30,,43594,,,1,70,,43605,,,1
4001,'19',532,,43642,,,1,70,,43647,,,1,31,,43653,,,1,70,,43661,,,1,30,,43631,,,1,70,,43646,,,1,31,,43648,,,1,70,,43632,,,1,30,,43638,,,1,70,,43649,,,1,30,,43652,,,1,70,,43635,,,1,30,,43664,,,1,70,,43654,,,1,30,,43656,,,1,70,,43666,,,1,30,,43630,,,1,70,,43641,,,1,30,,43643,,,1,70,,43651,,,1,30,,43657,,,1,70,,43663,,,1,30,,43650,,,1,70,,43658,,,1,30,,43640,,,1,70,,43644,,,1,30,,43660,,,1,70,,43669,,,1,30,,43633,,,1,70,,43636,,,1,28,,43655,,,1,70,,43639,,,1,30,,43668,,,1,70,,43665,,,1,30,,43659,,,1,70,,43662,,,1,30,,43667,,,1,70,,43637,,,1,30,,43634,,,1,70,,43645,,,1
4001,'2',704,,43682,,,1,30,,43680,,,1,70,,43673,,,1,31,,43684,,,1,70,,43676,,,1,30,,43688,,,1,70,,43678,,,1,30,,43693,,,1,70,,43692,,,1,30,,43695,,,1,70,,43681,,,1,30,,43687,,,1,70,,43698,,,1,30,,43694,,,1,70,,43702,,,1,30,,43686,,,1,70,,43690,,,1,30,,43700,,,1,70,,43683,,,1,30,,43706,,,1,70,,43697,,,1,30,,43677,,,1,70,,43689,,,1,30,,43696,,,1,70,,43704,,,1,30,,43671,,,1,70,,43675,,,1,28,,43672,,,1,70,,43703,,,1,30,,43685,,,1,70,,43691,,,1,30,,43701,,,1,70,,43679,,,1,30,,43705,,,1
4001,'20',519,,43769,,,1,27,,43721,,,1,70,,43753,,,1,15,,43752,,,1,15,,43758,,,1,56,,43748,,,1,14,,43718,,,1,16,,43765,,,1,16,,43736,,,1,55,,43759,,,1,14,,43729,,,1,15,,43743,,,1,15,,43730,,,1,69,,43745,,,1,30,,43742,,,1,70,,43746,,,1,30,,43713,,,1,70,,43707,,,1,30,,43711,,,1,70,,43763,,,1,30,,43732,,,1,70,,43739,,,1,30,,43754,,,1,70,,43709,,,1,30,,43770,,,1,72,,43734,,,1,30,,43735,,,1,71,,43756,,,1,29,,43723,,,1,71,,43710,,,1,30,,43750,,,1,70,,43762,,,1,15,,43714,,,1,15,,43757,,,1,68,,43740,,,1,30,,43738,,,1,70,,43749,,,1,30,,43766,,,1,70,,43751,,,1,30,,43741,,,1,70,,43761,,,1,30,,43724,,,1,70,,43728,,,1,27,,43722,,,1,70,,43747,,,1
4001,'3',519,,43833,,,1,27,,43785,,,1,70,,43817,,,1,15,,43816,,,1,15,,43822,,,1,56,,43812,,,1,14,,43782,,,1,16,,43829,,,1,16,,43800,,,1,55,,43823,,,1,14,,43793,,,1,15,,43807,,,1,15,,43794,,,1,69,,43809,,,1,30,,43806,,,1,70,,43810,,,1,30,,43777,,,1,70,,43771,,,1,30,,43775,,,1,70,,43827,,,1,30,,43796,,,1,70,,43803,,,1,30,,43818,,,1,70,,43773,,,1,30,,43834,,,1,72,,43798,,,1,30,,43799,,,1,71,,43820,,,1,29,,43787,,,1,71,,43774,,,1,30,,43814,,,1,70,,43826,,,1,15,,43778,,,1,15,,43821,,,1,68,,43804,,,1,30,,43802,,,1,70,,43813,,,1,30,,43830,,,1,70,,43815,,,1,30,,43805,,,1,70,,43825,,,1,30,,43788,,,1,70,,43792,,,1,27,,43786,,,1,70,,43811,,,1
4001,'4',519,,43897,,,1,27,,43849,,,1,70,,43881,,,1,15,,43880,,,1,15,,43886,,,1,56,,43876,,,1,14,,43846,,,1,16,,43893,,,1,16,,43864,,,1,55,,43887,,,1,14,,43857,,,1,15,,43871,,,1,15,,43858,,,1,69,,43873,,,1,30,,43870,,,1,70,,43874,,,1,30,,43841,,,1,70,,43835,,,1,30,,43839,,,1,70,,43891,,,1,30,,43860,,,1,70,,43867,,,1,30,,43882,,,1,70,,43837,,,1,30,,43898,,,1,72,,43862,,,1,30,,43863,,,1,71,,43884,,,1,29,,43851,,,1,71,,43838,,,1,30,,43878,,,1,70,,43890,,,1,15,,43842,,,1,15,,43885,,,1,68,,43868,,,1,30,,43866,,,1,70,,43877,,,1,30,,43894,,,1,70,,43879,,,1,30,,43869,,,1,70,,43889,,,1,30,,43852,,,1,70,,43856,,,1,27,,43850,,,1,70,,43875,,,1
4001,'5',519,,43961,,,1,27,,43913,,,1,70,,43945,,,1,15,,43944,,,1,15,,43950,,,1,56,,43940,,,1,14,,43910,,,1,16,,43957,,,1,16,,43928,,,1,55,,43951,,,1,14,,43921,,,1,15,,43935,,,1,15,,43922,,,1,69,,43937,,,1,30,,43934,,,1,70,,43938,,,1,30,,43905,,,1,70,,43899,,,1,30,,43903,,,1,70,,43955,,,1,30,,43924,,,1,70,,43931,,,1,30,,43946,,,1,70,,43901,,,1,30,,43962,,,1,72,,43926,,,1,30,,43927,,,1,71,,43948,,,1,29,,43915,,,1,71,,43902,,,1,30,,43942,,,1,70,,43954,,,1,15,,43906,,,1,15,,43949,,,1,68,,43932,,,1,30,,43930,,,1,70,,43941,,,1,30,,43958,,,1,70,,43943,,,1,30,,43933,,,1,70,,43953,,,1,30,,43916,,,1,70,,43920,,,1,27,,43914,,,1,70,,43939,,,1
4001,'6',519,,44025,,,1,27,,43977,,,1,70,,44009,,,1,15,,44008,,,1,15,,44014,,,1,56,,44004,,,1,14,,43974,,,1,16,,44021,,,1,16,,43992,,,1,55,,44015,,,1,14,,43985,,,1,15,,43999,,,1,15,,43986,,,1,69,,44001,,,1,30,,43998,,,1,70,,44002,,,1,30,,43969,,,1,70,,43963,,,1,30,,43967,,,1,70,,44019,,,1,30,,43988,,,1,70,,43995,,,1,30,,44010,,,1,70,,43965,,,1,30,,44026,,,1,72,,43990,,,1,30,,43991,,,1,71,,44012,,,1,29,,43979,,,1,71,,43966,,,1,30,,44006,,,1,70,,44018,,,1,15,,43970,,,1,15,,44013,,,1,68,,43996,,,1,30,,43994,,,1,70,,44005,,,1,30,,44022,,,1,70,,44007,,,1,30,,43997,,,1,70,,44017,,,1,30,,43980,,,1,70,,43984,,,1,27,,43978,,,1,70,,44003,,,1
4001,'7',519,,44081,,,1,27,,44039,,,1,70,,44041,,,1,15,,44073,,,1,15,,44060,,,1,56,,44054,,,1,14,,44034,,,1,14,,44051,,,1,18,,44072,,,1,55,,44084,,,1,14,,44093,,,1,15,,44059,,,1,15,,44032,,,1,69,,44038,,,1,30,,44085,,,1,70,,44078,,,1,30,,44088,,,1,70,,44064,,,1,30,,44050,,,1,70,,44049,,,1,30,,44028,,,1,70,,44029,,,1,30,,44075,,,1,70,,44065,,,1,30,,44040,,,1,72,,44074,,,1,30,,44091,,,1,70,,44057,,,1,30,,44031,,,1,71,,44079,,,1,30,,44033,,,1,70,,44037,,,1,15,,44042,,,1,15,,44086,,,1,68,,44066,,,1,30,,44062,,,1,70,,44055,,,1,30,,44087,,,1,70,,44027,,,1,30,,44068,,,1,70,,44044,,,1,30,,44067,,,1,70,,44083,,,1,27,,44030,,,1,70,,44052,,,1
4001,'8',519,,44148,,,1,27,,44106,,,1,70,,44108,,,1,15,,44140,,,1,15,,44127,,,1,56,,44121,,,1,14,,44101,,,1,14,,44118,,,1,18,,44139,,,1,55,,44151,,,1,14,,44160,,,1,15,,44126,,,1,15,,44099,,,1,69,,44105,,,1,30,,44152,,,1,70,,44145,,,1,30,,44155,,,1,70,,44131,,,1,30,,44117,,,1,70,,44116,,,1,30,,44095,,,1,70,,44096,,,1,30,,44142,,,1,70,,44132,,,1,30,,44107,,,1,72,,44141,,,1,30,,44158,,,1,70,,44124,,,1,30,,44098,,,1,71,,44146,,,1,30,,44100,,,1,70,,44104,,,1,15,,44109,,,1,15,,44153,,,1,68,,44133,,,1,30,,44129,,,1,70,,44122,,,1,30,,44154,,,1,70,,44094,,,1,30,,44135,,,1,70,,44111,,,1,30,,44134,,,1,70,,44150,,,1,27,,44097,,,1,70,,44119,,,1
4001,'9',519,,44215,,,1,27,,44173,,,1,70,,44175,,,1,15,,44207,,,1,15,,44194,,,1,56,,44188,,,1,14,,44168,,,1,14,,44185,,,1,18,,44206,,,1,55,,44218,,,1,14,,44227,,,1,15,,44193,,,1,15,,44166,,,1,69,,44172,,,1,30,,44219,,,1,70,,44212,,,1,30,,44222,,,1,70,,44198,,,1,30,,44184,,,1,70,,44183,,,1,30,,44162,,,1,70,,44163,,,1,30,,44209,,,1,70,,44199,,,1,30,,44174,,,1,72,,44208,,,1,30,,44225,,,1,70,,44191,,,1,30,,44165,,,1,71,,44213,,,1,30,,44167,,,1,70,,44171,,,1,15,,44176,,,1,15,,44220,,,1,68,,44200,,,1,30,,44196,,,1,70,,44189,,,1,30,,44221,,,1,70,,44161,,,1,30,,44202,,,1,70,,44178,,,1,30,,44201,,,1,70,,44217,,,1,27,,44164,,,1,70,,44186,,,1
4901,'1',610,,54972,,,1,30,,54970,,,1,70,,54963,,,1,30,,54976,,,1,60,,54980,,,1,21,,54974,,,1,30,,54975,,,1,173,,54971,,,1,200,,54978,,,1,200,,54962,,,1,28,,54968,,,1,72,,54964,,,1,33,,54969,,,1,71,,54979,,,1,29,,54973,,,1,70,,54966,,,1,29,,54965,,,1,75,,54967,,,1,82,,54977,,,1
4901,'10',610,,54993,,,1,30,,54983,,,1,70,,54997,,,1,30,,54986,,,1,60,,54989,,,1,21,,54987,,,1,30,,54995,,,1,173,,54990,,,1,200,,54984,,,1,200,,54988,,,1,28,,54991,,,1,74,,54996,,,1,31,,54982,,,1,71,,54992,,,1,29,,54999,,,1,70,,54985,,,1,29,,54994,,,1,75,,54998,,,1,82,,54981,,,1
4901,'11',610,,55010,,,1,30,,55008,,,1,70,,55001,,,1,30,,55014,,,1,60,,55018,,,1,21,,55012,,,1,30,,55013,,,1,173,,55009,,,1,200,,55016,,,1,200,,55000,,,1,28,,55006,,,1,72,,55002,,,1,33,,55007,,,1,71,,55017,,,1,29,,55011,,,1,70,,55004,,,1,29,,55003,,,1,75,,55005,,,1,82,,55015,,,1
4901,'12',610,,55027,,,1,100,,55023,,,1,90,,55025,,,1,51,,55021,,,1,173,,55030,,,1,200,,55019,,,1,200,,55026,,,1,100,,55022,,,1,104,,55020,,,1,99,,55024,,,1,104,,55028,,,1,82,,55029,,,1
4901,'13',844,,55034,,,1,100,,55038,,,1,100,,55035,,,1,100,,55036,,,1,100,,55032,,,1,100,,55031,,,1,100,,55040,,,1,100,,55033,,,1,100,,55039,,,1,100,,55037,,,1
4901,'14',844,,55044,,,1,100,,55048,,,1,100,,55045,,,1,100,,55046,,,1,100,,55042,,,1,100,,55041,,,1,100,,55050,,,1,100,,55043,,,1,100,,55049,,,1,100,,55047,,,1
4901,'15',610,,55063,,,1,30,,55053,,,1,70,,55067,,,1,30,,55056,,,1,60,,55059,,,1,21,,55057,,,1,30,,55065,,,1,173,,55060,,,1,200,,55054,,,1,200,,55058,,,1,28,,55061,,,1,74,,55066,,,1,31,,55052,,,1,71,,55062,,,1,29,,55069,,,1,70,,55055,,,1,29,,55064,,,1,75,,55068,,,1,82,,55051,,,1
4901,'16',610,,55080,,,1,30,,55078,,,1,70,,55071,,,1,30,,55084,,,1,60,,55088,,,1,21,,55082,,,1,30,,55083,,,1,173,,55079,,,1,200,,55086,,,1,200,,55070,,,1,28,,55076,,,1,72,,55072,,,1,33,,55077,,,1,71,,55087,,,1,29,,55081,,,1,70,,55074,,,1,29,,55073,,,1,75,,55075,,,1,82,,55085,,,1
4901,'17',844,,55092,,,1,100,,55096,,,1,100,,55093,,,1,100,,55094,,,1,100,,55090,,,1,100,,55089,,,1,100,,55098,,,1,100,,55091,,,1,100,,55097,,,1,100,,55095,,,1
4901,'18',905,,55104,,,1,100,,55101,,,1,100,,55108,,,1,100,,55099,,,1,100,,55100,,,1,100,,55102,,,1,100,,55105,,,1,100,,55106,,,1,100,,55107,,,1,100,,55103,,,1
4901,'19',905,,55114,,,1,100,,55111,,,1,100,,55118,,,1,100,,55109,,,1,100,,55110,,,1,100,,55112,,,1,100,,55115,,,1,100,,55116,,,1,100,,55117,,,1,100,,55113,,,1
4901,'2',844,,55122,,,1,100,,55126,,,1,100,,55123,,,1,100,,55124,,,1,100,,55120,,,1,100,,55119,,,1,100,,55128,,,1,100,,55121,,,1,100,,55127,,,1,100,,55125,,,1
4901,'20',610,,55139,,,1,30,,55137,,,1,70,,55130,,,1,30,,55143,,,1,60,,55147,,,1,21,,55141,,,1,30,,55142,,,1,173,,55138,,,1,200,,55145,,,1,200,,55129,,,1,28,,55135,,,1,72,,55131,,,1,33,,55136,,,1,71,,55146,,,1,29,,55140,,,1,70,,55133,,,1,29,,55132,,,1,75,,55134,,,1,82,,55144,,,1
4901,'3',610,,55158,,,1,30,,55156,,,1,70,,55149,,,1,30,,55162,,,1,60,,55166,,,1,21,,55160,,,1,30,,55161,,,1,173,,55157,,,1,200,,55164,,,1,200,,55148,,,1,28,,55154,,,1,72,,55150,,,1,33,,55155,,,1,71,,55165,,,1,29,,55159,,,1,70,,55152,,,1,29,,55151,,,1,75,,55153,,,1,82,,55163,,,1
4901,'4',610,,55177,,,1,30,,55175,,,1,70,,55168,,,1,30,,55181,,,1,60,,55185,,,1,21,,55179,,,1,30,,55180,,,1,173,,55176,,,1,200,,55183,,,1,200,,55167,,,1,28,,55173,,,1,72,,55169,,,1,33,,55174,,,1,71,,55184,,,1,29,,55178,,,1,70,,55171,,,1,29,,55170,,,1,75,,55172,,,1,82,,55182,,,1
4901,'5',610,,55196,,,1,30,,55194,,,1,70,,55187,,,1,30,,55200,,,1,60,,55204,,,1,21,,55198,,,1,30,,55199,,,1,173,,55195,,,1,200,,55202,,,1,200,,55186,,,1,28,,55192,,,1,72,,55188,,,1,33,,55193,,,1,71,,55203,,,1,29,,55197,,,1,70,,55190,,,1,29,,55189,,,1,75,,55191,,,1,82,,55201,,,1
4901,'6',610,,55215,,,1,30,,55213,,,1,70,,55206,,,1,30,,55219,,,1,60,,55223,,,1,21,,55217,,,1,30,,55218,,,1,173,,55214,,,1,200,,55221,,,1,200,,55205,,,1,28,,55211,,,1,72,,55207,,,1,33,,55212,,,1,71,,55222,,,1,29,,55216,,,1,70,,55209,,,1,29,,55208,,,1,75,,55210,,,1,82,,55220,,,1
4901,'7',610,,55236,,,1,30,,55226,,,1,70,,55240,,,1,30,,55229,,,1,60,,55232,,,1,21,,55230,,,1,30,,55238,,,1,173,,55233,,,1,200,,55227,,,1,200,,55231,,,1,28,,55234,,,1,74,,55239,,,1,31,,55225,,,1,71,,55235,,,1,29,,55242,,,1,70,,55228,,,1,29,,55237,,,1,75,,55241,,,1,82,,55224,,,1
4901,'8',610,,55255,,,1,30,,55245,,,1,70,,55259,,,1,30,,55248,,,1,60,,55251,,,1,21,,55249,,,1,30,,55257,,,1,173,,55252,,,1,200,,55246,,,1,200,,55250,,,1,28,,55253,,,1,74,,55258,,,1,31,,55244,,,1,71,,55254,,,1,29,,55261,,,1,70,,55247,,,1,29,,55256,,,1,75,,55260,,,1,82,,55243,,,1
4901,'9',610,,55274,,,1,30,,55264,,,1,70,,55278,,,1,30,,55267,,,1,60,,55270,,,1,21,,55268,,,1,30,,55276,,,1,173,,55271,,,1,200,,55265,,,1,200,,55269,,,1,28,,55272,,,1,74,,55277,,,1,31,,55263,,,1,71,,55273,,,1,29,,55280,,,1,70,,55266,,,1,29,,55275,,,1,75,,55279,,,1,82,,55262,,,1
