6701,'1',648,,168861,14,,,1,70,,168871,14,,,1,30,,168863,14,,,1,70,,168878,14,,,1,30,,168877,14,,,1,70,,53086,14,,,1,30,,168882,14,,,1,70,,168875,14,,,1,30,,168873,14,,,1,70,,168868,14,,,1,30,,168880,14,,,1,71,,168874,14,,,1,30,,168881,14,,,1,70,,168862,14,,,1,30,,168876,14,,,1,71,,168870,14,,,1,17,,168867,12,,,1,13,,168886,14,,,1,71,,168865,14,,,1,32,,168879,14,,,1,70,,168883,14,,,1,32,,168866,24,,,1,69,,168860,24,,,1,31,,168872,24,,,1,70,,168869,24,,,1,30,,168884,24,,,1,67,,168885,24,,,1,35,,43827,14,,,1,65,,48649,14,,,1,100,,168864,14,,,1
6701,'10',647,,168906,14,,,1,69,,168890,14,,,1,32,,53626,14,,,1,72,,168892,14,,,1,28,,168888,14,,,1,70,,168889,14,,,1,30,,168897,14,,,1,70,,168887,14,,,1,30,,168893,14,,,1,70,,168900,14,,,1,30,,168902,14,,,1,71,,168896,14,,,1,30,,168904,14,,,1,70,,22495,14,,,1,30,,107094,14,,,1,71,,168894,14,,,1,30,,168891,14,,,1,71,,108941,14,,,1,32,,168898,14,,,1,70,,53629,14,,,1,32,,168903,24,,,1,71,,168901,24,,,1,31,,19874,24,,,1,70,,168895,24,,,1,30,,168899,24,,,1,65,,18849,24,,,1,35,,32180,14,,,1,65,,26278,14,,,1,100,,168905,14,,,1
6701,'11',725,,168917,14,,,1,100,,35166,14,,,1,100,,168907,14,,,1,30,,98237,14,,,1,70,,10118,14,,,1,30,,168908,14,,,1,71,,168915,14,,,1,30,,168910,14,,,1,70,,168916,14,,,1,30,,168909,14,,,1,70,,168918,14,,,1,30,,168913,14,,,1,70,,1326,14,,,1,30,,168919,14,,,1,70,,168912,14,,,1,30,,168911,14,,,1,70,,168914,14,,,1,30,,168920,14,,,1,100,,35179,14,,,1,100,,78604,14,,,1
6701,'12',648,,103259,14,,,1,70,,168937,14,,,1,30,,168928,14,,,1,71,,168939,14,,,1,29,,168931,14,,,1,70,,42714,14,,,1,30,,168936,14,,,1,70,,168938,14,,,1,30,,10882,14,,,1,70,,21596,14,,,1,30,,168921,14,,,1,71,,168930,14,,,1,30,,104375,14,,,1,70,,168923,14,,,1,30,,168934,14,,,1,71,,168927,14,,,1,30,,168924,14,,,1,71,,33138,14,,,1,30,,168932,14,,,1,70,,168942,14,,,1,34,,168925,24,,,1,69,,168935,24,,,1,31,,168933,24,,,1,70,,168926,24,,,1,30,,168929,24,,,1,67,,94395,24,,,1,35,,168941,14,,,1,65,,168940,14,,,1,100,,168922,14,,,1
6701,'13',725,,168954,14,,,1,100,,168946,14,,,1,100,,168944,14,,,1,30,,168950,14,,,1,70,,168943,14,,,1,30,,113421,14,,,1,71,,39360,14,,,1,30,,168948,14,,,1,70,,5053,14,,,1,30,,168947,14,,,1,70,,34492,14,,,1,30,,168952,14,,,1,70,,168945,14,,,1,30,,168955,14,,,1,70,,98166,14,,,1,30,,168949,14,,,1,70,,117160,14,,,1,30,,168956,14,,,1,100,,168953,14,,,1,100,,168951,14,,,1
6701,'14',648,,168962,14,,,1,70,,38325,14,,,1,30,,168963,14,,,1,71,,168978,14,,,1,29,,168969,14,,,1,70,,168972,14,,,1,30,,168975,14,,,1,70,,168976,14,,,1,30,,168964,14,,,1,70,,168977,14,,,1,30,,168957,14,,,1,71,,168968,14,,,1,30,,168959,14,,,1,70,,168960,14,,,1,30,,168973,14,,,1,71,,89653,14,,,1,30,,168961,14,,,1,71,,168965,14,,,1,30,,168970,14,,,1,70,,95361,14,,,1,34,,92315,24,,,1,69,,168974,24,,,1,31,,168971,24,,,1,70,,46971,24,,,1,30,,168966,24,,,1,67,,168967,24,,,1,35,,74609,14,,,1,65,,168979,14,,,1,100,,168958,14,,,1
6701,'15',648,,168985,14,,,1,70,,38816,14,,,1,30,,168986,14,,,1,71,,169001,14,,,1,29,,168992,14,,,1,70,,168995,14,,,1,30,,168998,14,,,1,70,,168999,14,,,1,30,,168987,14,,,1,70,,169000,14,,,1,30,,168980,14,,,1,71,,168991,14,,,1,30,,168982,14,,,1,70,,168983,14,,,1,30,,168996,14,,,1,71,,90152,14,,,1,30,,168984,14,,,1,71,,168988,14,,,1,30,,168993,14,,,1,70,,95564,14,,,1,34,,92650,24,,,1,69,,168997,24,,,1,31,,168994,24,,,1,70,,47322,24,,,1,30,,168989,24,,,1,67,,168990,24,,,1,35,,74927,14,,,1,65,,169002,14,,,1,100,,168981,14,,,1
6701,'16',648,,169007,14,,,1,70,,169020,14,,,1,30,,9338,14,,,1,71,,7372,14,,,1,29,,169015,14,,,1,70,,169017,14,,,1,30,,169019,14,,,1,70,,169021,14,,,1,30,,169011,14,,,1,70,,169022,14,,,1,30,,169003,14,,,1,71,,169014,14,,,1,30,,169005,14,,,1,70,,169006,14,,,1,30,,169018,14,,,1,71,,169010,14,,,1,30,,87329,14,,,1,71,,169012,14,,,1,30,,169016,14,,,1,70,,169025,14,,,1,34,,169008,24,,,1,69,,70760,24,,,1,31,,24468,24,,,1,70,,169009,24,,,1,30,,2408,24,,,1,67,,169013,24,,,1,35,,169024,14,,,1,65,,169023,14,,,1,100,,169004,14,,,1
6701,'17',648,,169027,14,,,1,70,,169037,14,,,1,30,,169029,14,,,1,70,,169044,14,,,1,30,,169043,14,,,1,70,,53172,14,,,1,30,,169048,14,,,1,70,,169041,14,,,1,30,,169039,14,,,1,70,,169034,14,,,1,30,,169046,14,,,1,71,,169040,14,,,1,30,,169047,14,,,1,70,,169028,14,,,1,30,,169042,14,,,1,71,,169036,14,,,1,17,,169033,12,,,1,13,,169052,14,,,1,71,,169031,14,,,1,32,,169045,14,,,1,70,,169049,14,,,1,32,,169032,24,,,1,69,,169026,24,,,1,31,,169038,24,,,1,70,,169035,24,,,1,30,,169050,24,,,1,67,,169051,24,,,1,35,,44137,14,,,1,65,,48985,14,,,1,100,,169030,14,,,1
6701,'2',648,,169054,14,,,1,70,,169064,14,,,1,30,,169056,14,,,1,70,,169071,14,,,1,30,,169070,14,,,1,70,,53105,14,,,1,30,,169075,14,,,1,70,,169068,14,,,1,30,,169066,14,,,1,70,,169061,14,,,1,30,,169073,14,,,1,71,,169067,14,,,1,30,,169074,14,,,1,70,,169055,14,,,1,30,,169069,14,,,1,71,,169063,14,,,1,17,,169060,12,,,1,13,,169079,14,,,1,71,,169058,14,,,1,32,,169072,14,,,1,70,,169076,14,,,1,32,,169059,24,,,1,69,,169053,24,,,1,31,,169065,24,,,1,70,,169062,24,,,1,30,,169077,24,,,1,67,,169078,24,,,1,35,,43894,14,,,1,65,,48722,14,,,1,100,,169057,14,,,1
6701,'3',648,,169085,14,,,1,70,,38650,14,,,1,30,,169086,14,,,1,71,,169101,14,,,1,29,,169092,14,,,1,70,,169095,14,,,1,30,,169098,14,,,1,70,,169099,14,,,1,30,,169087,14,,,1,70,,169100,14,,,1,30,,169080,14,,,1,71,,169091,14,,,1,30,,169082,14,,,1,70,,169083,14,,,1,30,,169096,14,,,1,71,,89969,14,,,1,30,,169084,14,,,1,71,,169088,14,,,1,30,,169093,14,,,1,70,,95495,14,,,1,34,,92529,24,,,1,69,,169097,24,,,1,31,,169094,24,,,1,70,,47194,24,,,1,30,,169089,24,,,1,67,,169090,24,,,1,35,,74810,14,,,1,65,,169102,14,,,1,100,,169081,14,,,1
6701,'4',658,,67974,14,,,1,100,,169117,14,,,1,70,,169114,14,,,1,30,,169111,14,,,1,70,,169103,14,,,1,30,,118570,14,,,1,70,,169116,14,,,1,30,,50766,14,,,1,71,,169113,14,,,1,30,,169108,14,,,1,70,,169107,14,,,1,30,,169109,14,,,1,70,,169110,14,,,1,30,,169105,14,,,1,70,,169121,14,,,1,30,,169104,14,,,1,70,,169118,14,,,1,30,,169106,14,,,1,70,,169115,14,,,1,30,,169112,14,,,1,100,,169119,14,,,1,100,,169120,14,,,1,100,,77985,14,,,1,99,,29694,14,,,1
6701,'5',648,,169123,14,,,1,70,,76634,14,,,1,30,,169125,14,,,1,70,,169140,14,,,1,30,,169138,14,,,1,70,,169130,14,,,1,30,,169144,14,,,1,70,,169136,14,,,1,30,,169133,14,,,1,70,,42649,14,,,1,30,,169142,14,,,1,71,,169134,14,,,1,30,,169143,14,,,1,70,,169124,14,,,1,30,,169137,14,,,1,71,,169131,14,,,1,17,,169129,12,,,1,13,,169148,14,,,1,71,,169127,14,,,1,32,,169141,14,,,1,70,,169145,14,,,1,32,,169128,24,,,1,69,,169122,24,,,1,31,,169132,24,,,1,70,,24999,24,,,1,30,,169146,24,,,1,67,,169147,24,,,1,35,,169139,14,,,1,65,,169135,14,,,1,100,,169126,14,,,1
6701,'6',648,,169150,14,,,1,70,,169160,14,,,1,30,,169152,14,,,1,70,,169167,14,,,1,30,,169166,14,,,1,70,,53270,14,,,1,30,,169171,14,,,1,70,,169164,14,,,1,30,,169162,14,,,1,70,,169157,14,,,1,30,,169169,14,,,1,71,,169163,14,,,1,30,,169170,14,,,1,70,,169151,14,,,1,30,,169165,14,,,1,71,,169159,14,,,1,17,,169156,12,,,1,13,,169175,14,,,1,71,,169154,14,,,1,32,,169168,14,,,1,70,,169172,14,,,1,32,,169155,24,,,1,69,,169149,24,,,1,31,,169161,24,,,1,70,,169158,24,,,1,30,,169173,24,,,1,67,,169174,24,,,1,35,,44483,14,,,1,65,,49389,14,,,1,100,,169153,14,,,1
6701,'7',658,,169185,14,,,1,100,,169191,14,,,1,70,,169188,14,,,1,30,,11717,14,,,1,70,,169176,14,,,1,30,,169181,14,,,1,70,,169190,14,,,1,30,,169189,14,,,1,71,,169187,14,,,1,30,,169182,14,,,1,70,,169180,14,,,1,30,,169183,14,,,1,70,,169184,14,,,1,30,,169178,14,,,1,70,,169197,14,,,1,30,,169177,14,,,1,70,,169194,14,,,1,30,,169179,14,,,1,70,,7067,14,,,1,30,,169186,14,,,1,100,,169195,14,,,1,100,,169196,14,,,1,100,,169192,14,,,1,99,,169193,14,,,1
6701,'8',648,,169199,14,,,1,70,,169209,14,,,1,30,,169201,14,,,1,70,,169216,14,,,1,30,,169215,14,,,1,70,,53251,14,,,1,30,,169220,14,,,1,70,,169213,14,,,1,30,,169211,14,,,1,70,,169206,14,,,1,30,,169218,14,,,1,71,,169212,14,,,1,30,,169219,14,,,1,70,,169200,14,,,1,30,,169214,14,,,1,71,,169208,14,,,1,17,,169205,12,,,1,13,,169224,14,,,1,71,,169203,14,,,1,32,,169217,14,,,1,70,,169221,14,,,1,32,,169204,24,,,1,69,,169198,24,,,1,31,,169210,24,,,1,70,,169207,24,,,1,30,,169222,24,,,1,67,,169223,24,,,1,35,,44416,14,,,1,65,,49316,14,,,1,100,,169202,14,,,1
6701,'9',725,,169240,14,,,1,100,,169229,14,,,1,100,,169226,14,,,1,30,,169232,14,,,1,70,,169225,14,,,1,30,,169228,14,,,1,71,,169237,14,,,1,30,,616,14,,,1,70,,169238,14,,,1,30,,169230,14,,,1,70,,169241,14,,,1,30,,169235,14,,,1,70,,169227,14,,,1,30,,64806,14,,,1,70,,169234,14,,,1,30,,169231,14,,,1,70,,169236,14,,,1,30,,169242,14,,,1,100,,169239,14,,,1,100,,169233,14,,,1
16301,'1',611,,198993,18,,,1,30,,198999,18,,,1,70,,198994,18,,,1,30,,198998,18,,,1,68,,199004,18,,,1,33,,199001,18,,,1,67,,199010,18,,,1,30,,198997,18,,,1,70,,198995,18,,,1,30,,199011,18,,,1,70,,199009,18,,,1,30,,198988,18,,,1,70,,199003,18,,,1,30,,198990,18,,,1,70,,199013,18,,,1,30,,198992,18,,,1,70,,199012,18,,,1,33,,11892,18,,,1,70,,199008,18,,,1,30,,198991,18,,,1,100,,198987,18,,,1,70,,199007,18,,,1,98,,199006,18,,,1,30,,198989,18,,,1,70,,199005,18,,,1,30,,199000,18,,,1,68,,198996,18,,,1,100,,199014,18,,,1,100,,199002,18,,,1
16301,'10',607,,199025,18,,,1,104,,199015,18,,,1,96,,199024,18,,,1,102,,199027,18,,,1,100,,199016,18,,,1,100,,199029,18,,,1,100,,21197,18,,,1,100,,199023,18,,,1,100,,199026,18,,,1,103,,199019,18,,,1,101,,81885,18,,,1,98,,199018,18,,,1,99,,199022,18,,,1,100,,199021,18,,,1,98,,199017,18,,,1,100,,199020,18,,,1,100,,199028,18,,,1
16301,'11',739,,199038,18,,,1,100,,119197,18,,,1,70,,199033,18,,,1,30,,199044,18,,,1,70,,199034,18,,,1,30,,199032,18,,,1,70,,199030,18,,,1,30,,199031,18,,,1,70,,199040,18,,,1,30,,199043,18,,,1,70,,41901,18,,,1,30,,199035,18,,,1,70,,199036,18,,,1,30,,27189,18,,,1,70,,199039,18,,,1,30,,199042,18,,,1,70,,199041,18,,,1,30,,24506,18,,,1,70,,199037,18,,,1,100,,21118,18,,,1,100,,199045,18,,,1
16301,'12',611,,199072,18,,,1,30,,199059,18,,,1,70,,109587,18,,,1,29,,199062,18,,,1,69,,199058,18,,,1,34,,199064,18,,,1,66,,199053,18,,,1,30,,199066,18,,,1,70,,199070,18,,,1,30,,75068,18,,,1,70,,199071,18,,,1,30,,199056,18,,,1,70,,199052,18,,,1,30,,199063,18,,,1,70,,199048,18,,,1,30,,199067,18,,,1,70,,55487,18,,,1,33,,199055,18,,,1,70,,199061,18,,,1,29,,199060,18,,,1,71,,199068,18,,,1,30,,199069,18,,,1,70,,82282,18,,,1,30,,199047,18,,,1,68,,199050,18,,,1,30,,199051,18,,,1,70,,199065,18,,,1,30,,199057,18,,,1,68,,199049,18,,,1,100,,199054,18,,,1,100,,199046,18,,,1
16301,'13',739,,199084,18,,,1,100,,199089,18,,,1,70,,199077,18,,,1,30,,107007,18,,,1,70,,199078,18,,,1,30,,199076,18,,,1,70,,199074,18,,,1,30,,62958,18,,,1,70,,199085,18,,,1,30,,199088,18,,,1,70,,199075,18,,,1,30,,199079,18,,,1,70,,199081,18,,,1,30,,199073,18,,,1,70,,55635,18,,,1,30,,199087,18,,,1,70,,199086,18,,,1,30,,199083,18,,,1,70,,199082,18,,,1,100,,199080,18,,,1,100,,17614,18,,,1
16301,'14',611,,199116,18,,,1,30,,199102,18,,,1,70,,199104,18,,,1,29,,199107,18,,,1,69,,199100,18,,,1,34,,199109,18,,,1,66,,199097,18,,,1,30,,199110,18,,,1,70,,199114,18,,,1,30,,199090,18,,,1,70,,199115,18,,,1,30,,199099,18,,,1,70,,66362,18,,,1,30,,199108,18,,,1,70,,199093,18,,,1,30,,199111,18,,,1,70,,199106,18,,,1,33,,199098,18,,,1,70,,199105,18,,,1,29,,199103,18,,,1,71,,199112,18,,,1,30,,199113,18,,,1,70,,199101,18,,,1,30,,199092,18,,,1,68,,199095,18,,,1,30,,199096,18,,,1,70,,23187,18,,,1,30,,565,18,,,1,68,,199094,18,,,1,100,,89642,18,,,1,100,,199091,18,,,1
16301,'15',611,,199143,18,,,1,30,,199129,18,,,1,70,,199131,18,,,1,29,,199134,18,,,1,69,,199127,18,,,1,34,,199136,18,,,1,66,,199124,18,,,1,30,,199137,18,,,1,70,,199141,18,,,1,30,,199117,18,,,1,70,,199142,18,,,1,30,,199126,18,,,1,70,,66643,18,,,1,30,,199135,18,,,1,70,,199120,18,,,1,30,,199138,18,,,1,70,,199133,18,,,1,33,,199125,18,,,1,70,,199132,18,,,1,29,,199130,18,,,1,71,,199139,18,,,1,30,,199140,18,,,1,70,,199128,18,,,1,30,,199119,18,,,1,68,,199122,18,,,1,30,,199123,18,,,1,70,,23388,18,,,1,30,,909,18,,,1,68,,199121,18,,,1,100,,90141,18,,,1,100,,199118,18,,,1
16301,'16',611,,13137,18,,,1,30,,199156,18,,,1,70,,199158,18,,,1,29,,199161,18,,,1,69,,199154,18,,,1,34,,52213,18,,,1,66,,199150,18,,,1,30,,103544,18,,,1,70,,199166,18,,,1,30,,199144,18,,,1,70,,199167,18,,,1,30,,36369,18,,,1,70,,199149,18,,,1,30,,199162,18,,,1,70,,199145,18,,,1,30,,199164,18,,,1,70,,199160,18,,,1,33,,199152,18,,,1,70,,199159,18,,,1,29,,199157,18,,,1,71,,90744,18,,,1,30,,199165,18,,,1,70,,199155,18,,,1,30,,81142,18,,,1,68,,199147,18,,,1,30,,199148,18,,,1,70,,199163,18,,,1,30,,199153,18,,,1,68,,199146,18,,,1,100,,199151,18,,,1,100,,39386,18,,,1
16301,'17',611,,199174,18,,,1,30,,199180,18,,,1,70,,199175,18,,,1,30,,199179,18,,,1,68,,199185,18,,,1,33,,199182,18,,,1,67,,199191,18,,,1,30,,199178,18,,,1,70,,199176,18,,,1,30,,199192,18,,,1,70,,199190,18,,,1,30,,199169,18,,,1,70,,199184,18,,,1,30,,199171,18,,,1,70,,199194,18,,,1,30,,199173,18,,,1,70,,199193,18,,,1,33,,12177,18,,,1,70,,199189,18,,,1,30,,199172,18,,,1,100,,199168,18,,,1,70,,199188,18,,,1,98,,199187,18,,,1,30,,199170,18,,,1,70,,199186,18,,,1,30,,199181,18,,,1,68,,199177,18,,,1,100,,199195,18,,,1,100,,199183,18,,,1
16301,'2',611,,199202,18,,,1,30,,199208,18,,,1,70,,199203,18,,,1,30,,199207,18,,,1,68,,199213,18,,,1,33,,199210,18,,,1,67,,199219,18,,,1,30,,199206,18,,,1,70,,199204,18,,,1,30,,199220,18,,,1,70,,199218,18,,,1,30,,199197,18,,,1,70,,199212,18,,,1,30,,199199,18,,,1,70,,199222,18,,,1,30,,199201,18,,,1,70,,199221,18,,,1,33,,11952,18,,,1,70,,199217,18,,,1,30,,199200,18,,,1,100,,199196,18,,,1,70,,199216,18,,,1,98,,199215,18,,,1,30,,199198,18,,,1,70,,199214,18,,,1,30,,199209,18,,,1,68,,199205,18,,,1,100,,199223,18,,,1,100,,199211,18,,,1
16301,'3',611,,199250,18,,,1,30,,199236,18,,,1,70,,199238,18,,,1,29,,199241,18,,,1,69,,199234,18,,,1,34,,199243,18,,,1,66,,199231,18,,,1,30,,199244,18,,,1,70,,199248,18,,,1,30,,199224,18,,,1,70,,199249,18,,,1,30,,199233,18,,,1,70,,66542,18,,,1,30,,199242,18,,,1,70,,199227,18,,,1,30,,199245,18,,,1,70,,199240,18,,,1,33,,199232,18,,,1,70,,199239,18,,,1,29,,199237,18,,,1,71,,199246,18,,,1,30,,199247,18,,,1,70,,199235,18,,,1,30,,199226,18,,,1,68,,199229,18,,,1,30,,199230,18,,,1,70,,23318,18,,,1,30,,785,18,,,1,68,,199228,18,,,1,100,,89958,18,,,1,100,,199225,18,,,1
16301,'4',739,,199266,18,,,1,70,,199268,18,,,1,30,,199252,18,,,1,70,,20798,18,,,1,30,,199263,18,,,1,70,,199264,18,,,1,30,,199254,18,,,1,70,,199262,18,,,1,30,,199255,18,,,1,70,,199267,18,,,1,30,,199253,18,,,1,70,,199251,18,,,1,30,,199258,18,,,1,70,,199260,18,,,1,30,,199270,18,,,1,70,,199265,18,,,1,30,,199256,18,,,1,70,,104861,18,,,1,30,,199261,18,,,1,70,,199257,18,,,1,100,,199259,18,,,1,100,,73872,18,,,1,100,,199269,18,,,1,100,,36734,18,,,1,100,,97817,18,,,1
16301,'5',611,,199277,18,,,1,30,,25807,18,,,1,70,,199279,18,,,1,30,,199283,18,,,1,68,,199287,18,,,1,33,,64396,18,,,1,67,,199292,18,,,1,30,,199282,18,,,1,70,,199280,18,,,1,30,,199293,18,,,1,70,,67019,18,,,1,30,,199272,18,,,1,70,,199286,18,,,1,30,,199274,18,,,1,70,,199295,18,,,1,30,,199276,18,,,1,70,,199294,18,,,1,33,,199278,18,,,1,70,,199291,18,,,1,30,,199275,18,,,1,100,,199271,18,,,1,70,,199290,18,,,1,98,,199289,18,,,1,30,,199273,18,,,1,70,,199288,18,,,1,30,,199284,18,,,1,68,,199281,18,,,1,100,,199296,18,,,1,100,,199285,18,,,1
16301,'6',611,,199303,18,,,1,30,,199309,18,,,1,70,,199304,18,,,1,30,,199308,18,,,1,68,,199314,18,,,1,33,,199311,18,,,1,67,,199320,18,,,1,30,,199307,18,,,1,70,,199305,18,,,1,30,,199321,18,,,1,70,,199319,18,,,1,30,,199298,18,,,1,70,,199313,18,,,1,30,,199300,18,,,1,70,,199323,18,,,1,30,,199302,18,,,1,70,,199322,18,,,1,33,,12504,18,,,1,70,,199318,18,,,1,30,,199301,18,,,1,100,,199297,18,,,1,70,,199317,18,,,1,98,,199316,18,,,1,30,,199299,18,,,1,70,,199315,18,,,1,30,,199310,18,,,1,68,,199306,18,,,1,100,,199324,18,,,1,100,,199312,18,,,1
16301,'7',739,,199341,18,,,1,70,,199345,18,,,1,30,,92695,18,,,1,70,,199343,18,,,1,30,,199338,18,,,1,70,,199339,18,,,1,30,,199328,18,,,1,70,,199336,18,,,1,30,,199330,18,,,1,70,,199344,18,,,1,30,,199327,18,,,1,70,,199325,18,,,1,30,,79269,18,,,1,70,,199334,18,,,1,30,,199347,18,,,1,70,,199340,18,,,1,30,,199331,18,,,1,70,,199337,18,,,1,30,,199335,18,,,1,70,,199332,18,,,1,100,,199333,18,,,1,100,,199329,18,,,1,100,,199346,18,,,1,100,,199342,18,,,1,100,,199326,18,,,1
16301,'8',611,,199354,18,,,1,30,,199360,18,,,1,70,,199355,18,,,1,30,,199359,18,,,1,68,,199365,18,,,1,33,,199362,18,,,1,67,,199371,18,,,1,30,,199358,18,,,1,70,,199356,18,,,1,30,,199372,18,,,1,70,,199370,18,,,1,30,,199349,18,,,1,70,,199364,18,,,1,30,,199351,18,,,1,70,,199374,18,,,1,30,,199353,18,,,1,70,,199373,18,,,1,33,,12444,18,,,1,70,,199369,18,,,1,30,,199352,18,,,1,100,,199348,18,,,1,70,,199368,18,,,1,98,,199367,18,,,1,30,,199350,18,,,1,70,,199366,18,,,1,30,,199361,18,,,1,68,,199357,18,,,1,100,,199375,18,,,1,100,,199363,18,,,1
16301,'9',739,,199387,18,,,1,100,,199394,18,,,1,70,,199381,18,,,1,30,,199392,18,,,1,70,,199382,18,,,1,30,,199380,18,,,1,70,,199377,18,,,1,30,,199379,18,,,1,70,,199389,18,,,1,30,,199391,18,,,1,70,,199378,18,,,1,30,,199383,18,,,1,70,,199385,18,,,1,30,,199376,18,,,1,70,,199388,18,,,1,30,,199390,18,,,1,70,,25481,18,,,1,30,,199386,18,,,1,70,,37202,18,,,1,100,,199384,18,,,1,100,,199393,18,,,1
