500000100,'10',647,,770607,,,1,60,,770606,,,1,20,,567349,,,1,10,,672478,,,1,20,,770610,,,1,60,,770605,,,1,10,,770608,,,1,20,,648342,,,1,60,,770609,,,1,10,,557845,,,1
500000100,'11',647,,770613,,,1,60,,770612,,,1,20,,567740,,,1,10,,672503,,,1,20,,770616,,,1,60,,770611,,,1,10,,770614,,,1,20,,648702,,,1,60,,770615,,,1,10,,558180,,,1
500000100,'12',647,,770619,,,1,60,,770618,,,1,20,,567916,,,1,10,,672513,,,1,20,,770622,,,1,60,,770617,,,1,10,,770620,,,1,20,,648850,,,1,60,,770621,,,1,10,,558335,,,1
500000100,'13',647,,770634,,,1,10,,585846,,,1,50,,770635,,,1,10,,589755,,,1,10,,770623,,,1,10,,770626,,,1,10,,770625,,,1,10,,770628,,,1,50,,770630,,,1,10,,770632,,,1,10,,770624,,,1,10,,770627,,,1,10,,770633,,,1,10,,770629,,,1,50,,617466,,,1,10,,770631,,,1
500000100,'15',647,,770638,,,1,60,,770637,,,1,20,,567479,,,1,10,,672488,,,1,20,,770641,,,1,60,,770636,,,1,10,,770639,,,1,20,,648460,,,1,60,,770640,,,1,10,,557953,,,1
500000100,'16',647,,770644,,,1,60,,770643,,,1,20,,568486,,,1,10,,672522,,,1,20,,770647,,,1,60,,770642,,,1,10,,770645,,,1,20,,649281,,,1,60,,770646,,,1,10,,558856,,,1
500000100,'17',647,,770659,,,1,10,,770651,,,1,50,,599533,,,1,10,,770654,,,1,10,,770648,,,1,10,,770650,,,1,10,,770649,,,1,10,,770653,,,1,50,,770655,,,1,10,,770657,,,1,10,,631612,,,1,10,,770652,,,1,10,,596923,,,1,10,,661477,,,1,50,,770658,,,1,10,,770656,,,1
500000100,'18',647,,770662,,,1,70,,770664,,,1,30,,770663,,,1,70,,770665,,,1,30,,770660,,,1,70,,770661,,,1
500000100,'19',647,,770677,,,1,10,,586077,,,1,50,,770678,,,1,10,,590291,,,1,10,,770666,,,1,10,,770669,,,1,10,,770668,,,1,10,,770671,,,1,50,,770673,,,1,10,,770675,,,1,10,,770667,,,1,10,,770670,,,1,10,,770676,,,1,10,,770672,,,1,50,,617783,,,1,10,,770674,,,1
500000100,'3',647,,770681,,,1,60,,770680,,,1,20,,567544,,,1,10,,672493,,,1,20,,770684,,,1,60,,770679,,,1,10,,770682,,,1,20,,648519,,,1,60,,770683,,,1,10,,558007,,,1
500000100,'4',647,,770687,,,1,60,,770686,,,1,20,,567414,,,1,10,,672483,,,1,20,,770690,,,1,60,,770685,,,1,10,,770688,,,1,20,,648401,,,1,60,,770689,,,1,10,,557899,,,1
500000100,'5',647,,401217,,,1,10,,770694,,,1,50,,770703,,,1,10,,770697,,,1,10,,770691,,,1,10,,598531,,,1,10,,770693,,,1,10,,627422,,,1,50,,770698,,,1,10,,770700,,,1,10,,770692,,,1,10,,770695,,,1,10,,770702,,,1,10,,770696,,,1,50,,770701,,,1,10,,770699,,,1
500000100,'6',647,,770706,,,1,60,,770705,,,1,20,,567675,,,1,10,,672498,,,1,20,,770709,,,1,60,,770704,,,1,10,,770707,,,1,20,,648643,,,1,60,,770708,,,1,10,,558126,,,1
500000100,'7',647,,770722,,,1,10,,770713,,,1,50,,770723,,,1,10,,770717,,,1,10,,521657,,,1,10,,770712,,,1,10,,770711,,,1,10,,770715,,,1,50,,542727,,,1,10,,770719,,,1,10,,770710,,,1,10,,770714,,,1,10,,770721,,,1,10,,770716,,,1,50,,770720,,,1,10,,770718,,,1
