4700,'1',603,,157208,34,,,1,31,,157205,34,,,1,72,,157203,34,,,1,30,,157206,34,,,1,18,,157207,34,,,1,71,,157202,34,,,1,30,,157204,34,,,1
4700,'10',603,,157209,34,,,1,31,,96328,34,,,1,72,,157210,34,,,1,30,,157212,34,,,1,19,,157211,34,,,1,70,,157214,34,,,1,30,,157213,34,,,1
4700,'12',603,,157218,34,,,1,31,,157217,34,,,1,72,,25852,34,,,1,30,,65130,34,,,1,19,,157216,34,,,1,70,,86338,34,,,1,30,,157215,34,,,1
4700,'14',603,,21914,34,,,1,31,,43221,34,,,1,72,,157221,34,,,1,30,,157222,34,,,1,19,,157220,34,,,1,70,,157223,34,,,1,30,,157219,34,,,1
4700,'15',603,,22126,34,,,1,31,,43570,34,,,1,72,,157226,34,,,1,30,,157227,34,,,1,19,,157225,34,,,1,70,,157228,34,,,1,30,,157224,34,,,1
4700,'16',603,,157233,34,,,1,31,,157232,34,,,1,72,,157231,34,,,1,30,,157234,34,,,1,19,,157230,34,,,1,70,,157235,34,,,1,30,,157229,34,,,1
4700,'17',603,,157242,34,,,1,31,,157239,34,,,1,72,,157237,34,,,1,30,,157240,34,,,1,18,,157241,34,,,1,71,,157236,34,,,1,30,,157238,34,,,1
4700,'2',603,,157249,34,,,1,31,,157246,34,,,1,72,,157244,34,,,1,30,,157247,34,,,1,18,,157248,34,,,1,71,,157243,34,,,1,30,,157245,34,,,1
4700,'3',603,,22052,34,,,1,31,,43442,34,,,1,72,,157252,34,,,1,30,,157253,34,,,1,19,,157251,34,,,1,70,,157254,34,,,1,30,,157250,34,,,1
4700,'5',603,,157261,34,,,1,31,,157258,34,,,1,72,,157256,34,,,1,30,,157259,34,,,1,18,,157260,34,,,1,71,,157255,34,,,1,30,,157257,34,,,1
4700,'6',603,,157268,34,,,1,31,,157265,34,,,1,72,,157263,34,,,1,30,,157266,34,,,1,18,,157267,34,,,1,71,,157262,34,,,1,30,,157264,34,,,1
4700,'8',603,,157275,34,,,1,31,,157272,34,,,1,72,,157270,34,,,1,30,,157273,34,,,1,18,,157274,34,,,1,71,,157269,34,,,1,30,,157271,34,,,1
