67501,'1',1552,,205728,16,,,1
67501,'17',1552,,205729,16,,,1
67501,'2',1552,,205730,16,,,1
67501,'5',1552,,205731,16,,,1
67501,'6',1552,,205732,16,,,1
67501,'8',1552,,205733,16,,,1
67900,'1',723,,205783,14,,,1,2,,205784,14,,,1,5,,205785,14,,,1
67900,'17',723,,205786,14,,,1,2,,205787,14,,,1,5,,205788,14,,,1
67900,'2',723,,205789,14,,,1,2,,205790,14,,,1,5,,205791,14,,,1
67900,'5',723,,205792,14,,,1,2,,205793,14,,,1,5,,205794,14,,,1
67900,'6',723,,205795,14,,,1,2,,205796,14,,,1,5,,205797,14,,,1
67900,'8',723,,205798,14,,,1,2,,205799,14,,,1,5,,205800,14,,,1
68500,'1',900,,27907,18,,,1
68500,'17',900,,27977,18,,,1
68500,'2',900,,27926,18,,,1
68500,'5',900,,205967,18,,,1
68500,'6',900,,28049,18,,,1
68500,'8',900,,28030,18,,,1
