7300,'12',615,,260595,26,,,1,32,,260588,24,,,1,73,,260584,24,,,1,27,,260583,24,,,1,69,,260591,24,,,1,30,,199208,24,,,1,72,,186487,24,,,1,29,,260604,24,,,1,599,,260603,12,,,1,70,,260601,12,,,1,30,,260606,12,,,1,70,,260608,12,,,1,30,,260585,12,,,1,70,,260593,12,,,1
7300,'14',615,,260636,26,,,1,32,,260625,24,,,1,72,,260635,24,,,1,28,,260634,24,,,1,69,,92304,24,,,1,30,,260615,24,,,1,72,,260637,24,,,1,29,,260631,24,,,1,569,,172206,12,,,1,30,,260614,12,,,1,70,,260622,12,,,1,30,,260616,12,,,1,70,,260617,12,,,1,30,,67852,12,,,1,70,,260611,12,,,1
7300,'15',615,,260650,26,,,1,32,,260643,24,,,1,73,,260639,24,,,1,27,,260638,24,,,1,69,,260646,24,,,1,30,,199309,24,,,1,72,,186658,24,,,1,29,,260659,24,,,1,599,,260658,12,,,1,70,,260656,12,,,1,30,,260661,12,,,1,70,,260663,12,,,1,30,,260640,12,,,1,70,,260648,12,,,1
7300,'17',615,,260691,26,,,1,32,,260680,24,,,1,72,,260690,24,,,1,28,,260689,24,,,1,69,,186205,24,,,1,30,,260670,24,,,1,72,,260692,24,,,1,29,,260686,24,,,1,569,,65124,12,,,1,30,,260669,12,,,1,70,,260677,12,,,1,30,,260671,12,,,1,70,,260672,12,,,1,30,,194244,12,,,1,70,,260666,12,,,1
7300,'18',615,,260719,26,,,1,32,,260708,24,,,1,72,,260718,24,,,1,28,,260717,24,,,1,69,,186377,24,,,1,30,,260698,24,,,1,72,,260720,24,,,1,29,,260714,24,,,1,569,,172257,12,,,1,30,,260697,12,,,1,70,,260705,12,,,1,30,,260699,12,,,1,70,,260700,12,,,1,30,,194431,12,,,1,70,,260694,12,,,1
7300,'2',615,,260746,26,,,1,32,,165232,24,,,1,72,,260745,24,,,1,28,,260744,24,,,1,69,,260724,24,,,1,30,,130751,24,,,1,72,,260747,24,,,1,29,,176963,24,,,1,569,,260736,12,,,1,30,,260725,12,,,1,70,,260730,12,,,1,30,,260726,12,,,1,70,,260727,12,,,1,30,,260742,12,,,1,70,,260722,12,,,1
7300,'3',615,,260760,26,,,1,32,,260752,24,,,1,73,,31223,24,,,1,27,,260748,24,,,1,69,,260756,24,,,1,30,,260758,24,,,1,72,,260764,24,,,1,29,,260767,24,,,1,599,,922,12,,,1,70,,167916,12,,,1,30,,260770,12,,,1,70,,260771,12,,,1,30,,260749,12,,,1,70,,154218,12,,,1
7300,'4',615,,260785,26,,,1,32,,260778,24,,,1,73,,260774,24,,,1,27,,260773,24,,,1,69,,260781,24,,,1,30,,199360,24,,,1,72,,186728,24,,,1,29,,260794,24,,,1,599,,260793,12,,,1,70,,260791,12,,,1,30,,260796,12,,,1,70,,260798,12,,,1,30,,260775,12,,,1,70,,260783,12,,,1
7300,'5',615,,260812,26,,,1,32,,260805,24,,,1,73,,260801,24,,,1,27,,260800,24,,,1,69,,260808,24,,,1,30,,198999,24,,,1,72,,186100,24,,,1,29,,260821,24,,,1,599,,260820,12,,,1,70,,260818,12,,,1,30,,260823,12,,,1,70,,260825,12,,,1,30,,260802,12,,,1,70,,260810,12,,,1
7300,'7',615,,260852,26,,,1,32,,260842,24,,,1,72,,260851,24,,,1,28,,260850,24,,,1,69,,260831,24,,,1,30,,260833,24,,,1,72,,169378,24,,,1,29,,260847,24,,,1,569,,260844,12,,,1,30,,260832,12,,,1,70,,189749,12,,,1,30,,260834,12,,,1,70,,260835,12,,,1,30,,260848,12,,,1,70,,260828,12,,,1
7300,'8',615,,260864,26,,,1,32,,260871,24,,,1,72,,260880,24,,,1,28,,260878,24,,,1,69,,260868,24,,,1,31,,260859,24,,,1,71,,260860,24,,,1,29,,260883,24,,,1,569,,260877,12,,,1,30,,260876,12,,,1,68,,260870,12,,,1,32,,260856,12,,,1,70,,260882,12,,,1,30,,260855,12,,,1,70,,260858,12,,,1
7300,'9',615,,260898,26,,,1,32,,260891,24,,,1,73,,260887,24,,,1,27,,260886,24,,,1,69,,260894,24,,,1,30,,199180,24,,,1,72,,186444,24,,,1,29,,260907,24,,,1,599,,260906,12,,,1,70,,260904,12,,,1,30,,260909,12,,,1,70,,260911,12,,,1,30,,260888,12,,,1,70,,260896,12,,,1
7301,'12',624,,260914,21,0,43,1,25,,260935,21,0,43,1,70,,260939,21,0,43,1,30,,260917,21,0,43,1,65,,260921,21,0,43,1,30,,260933,21,0,43,1,596,,260936,21,,,1,75,,202066,21,,,1,102,,260915,21,,,1,28,,260916,21,,,1,70,,260918,21,,,1,29,,260938,21,,,1,69,,260934,21,,,1
7301,'14',624,,260947,21,0,43,1,25,,260948,21,0,43,1,70,,260956,21,0,43,1,29,,260941,21,0,43,1,66,,187012,21,0,43,1,30,,260952,21,0,43,1,596,,260946,21,,,1,75,,260943,21,,,1,31,,260963,21,,,1,71,,168963,21,,,1,28,,260942,21,,,1,70,,260960,21,,,1,29,,158048,21,,,1,69,,260955,21,,,1
7301,'15',624,,260968,21,0,43,1,25,,260989,21,0,43,1,70,,260993,21,0,43,1,30,,260971,21,0,43,1,65,,260975,21,0,43,1,30,,260987,21,0,43,1,596,,260990,21,,,1,75,,202167,21,,,1,102,,260969,21,,,1,28,,260970,21,,,1,70,,260972,21,,,1,29,,260992,21,,,1,69,,260988,21,,,1
7301,'17',624,,261001,21,0,43,1,25,,261002,21,0,43,1,70,,261010,21,0,43,1,29,,260995,21,0,43,1,66,,186939,21,0,43,1,30,,261006,21,0,43,1,596,,261000,21,,,1,75,,260997,21,,,1,31,,261017,21,,,1,71,,168928,21,,,1,28,,260996,21,,,1,70,,261014,21,,,1,29,,157991,21,,,1,69,,261009,21,,,1
7301,'18',624,,261028,21,0,43,1,25,,261029,21,0,43,1,70,,261037,21,0,43,1,29,,261022,21,0,43,1,66,,187110,21,0,43,1,30,,261033,21,0,43,1,596,,261027,21,,,1,75,,261024,21,,,1,31,,261044,21,,,1,71,,9338,21,,,1,28,,261023,21,,,1,70,,261041,21,,,1,29,,158128,21,,,1,69,,261036,21,,,1
7301,'2',624,,261057,21,0,43,1,25,,261058,21,0,43,1,70,,261066,21,0,43,1,29,,261049,21,0,43,1,66,,261074,21,0,43,1,30,,261063,21,0,43,1,596,,261056,21,,,1,75,,261052,21,,,1,31,,261073,21,,,1,71,,261061,21,,,1,28,,261050,21,,,1,70,,261071,21,,,1,29,,261051,21,,,1,69,,261065,21,,,1
7301,'3',624,,261078,21,0,43,1,25,,261098,21,0,43,1,70,,181014,21,0,43,1,30,,261082,21,0,43,1,65,,159044,21,0,43,1,30,,261097,21,0,43,1,596,,261099,21,,,1,75,,261079,21,,,1,102,,261081,21,,,1,28,,59505,21,,,1,70,,138546,21,,,1,29,,7770,21,,,1,69,,23391,21,,,1
7301,'4',624,,261103,21,0,43,1,25,,261124,21,0,43,1,70,,261128,21,0,43,1,30,,261106,21,0,43,1,65,,261110,21,0,43,1,30,,261122,21,0,43,1,596,,261125,21,,,1,75,,202205,21,,,1,102,,261104,21,,,1,28,,261105,21,,,1,70,,261107,21,,,1,29,,261127,21,,,1,69,,261123,21,,,1
7301,'5',624,,261130,21,0,43,1,25,,261151,21,0,43,1,70,,261155,21,0,43,1,30,,261133,21,0,43,1,65,,261137,21,0,43,1,30,,261149,21,0,43,1,596,,261152,21,,,1,75,,201835,21,,,1,102,,261131,21,,,1,28,,261132,21,,,1,70,,261134,21,,,1,29,,261154,21,,,1,69,,261150,21,,,1
7301,'7',624,,261163,21,0,43,1,25,,261164,21,0,43,1,70,,261173,21,0,43,1,29,,261157,21,0,43,1,66,,261183,21,0,43,1,30,,261169,21,0,43,1,596,,261162,21,,,1,75,,261160,21,,,1,31,,261182,21,,,1,71,,261167,21,,,1,28,,261158,21,,,1,70,,261179,21,,,1,29,,261159,21,,,1,69,,261172,21,,,1
7301,'8',624,,261188,21,0,43,1,25,,261198,21,0,43,1,70,,261212,21,0,43,1,29,,261199,21,0,43,1,66,,261193,21,0,43,1,30,,261201,21,0,43,1,596,,261206,21,,,1,73,,261192,21,,,1,33,,261213,21,,,1,71,,261190,21,,,1,26,,261210,21,,,1,72,,261202,21,,,1,29,,261219,21,,,1,69,,261207,21,,,1
7301,'9',624,,261221,21,0,43,1,25,,261242,21,0,43,1,70,,261246,21,0,43,1,30,,261224,21,0,43,1,65,,261228,21,0,43,1,30,,261240,21,0,43,1,596,,261243,21,,,1,75,,202037,21,,,1,102,,261222,21,,,1,28,,261223,21,,,1,70,,261225,21,,,1,29,,261245,21,,,1,69,,261241,21,,,1
8001,'1',713,,265969,24,,,1,30,,265954,24,,,1,70,,265957,24,,,1,31,,265956,24,,,1,70,,199629,24,,,1,30,,265955,24,,,1,70,,265960,24,,,1,30,,265967,24,,,1,70,,265962,24,,,1,30,,265958,24,,,1,70,,265971,24,,,1,30,,265972,24,,,1,70,,265959,24,,,1,30,,265978,24,,,1,70,,265953,24,,,1,30,,141694,24,,,1,70,,265974,24,,,1,30,,265980,24,,,1,70,,265961,24,,,1,30,,265952,24,,,1,70,,265976,24,,,1,30,,265965,24,,,1,70,,265951,24,,,1,30,,265964,24,,,1,70,,265975,24,,,1,30,,132791,24,,,1,70,,265966,24,,,1,30,,265968,24,,,1,70,,265970,24,,,1,30,,184896,24,,,1,70,,265979,24,,,1,30,,265973,24,,,1,70,,76471,24,,,1,30,,265963,24,,,1,71,,265977,24,,,1
8001,'10',713,,266002,24,,,1,30,,265983,24,,,1,70,,265986,24,,,1,31,,265985,24,,,1,70,,265996,24,,,1,30,,265984,24,,,1,70,,265989,24,,,1,30,,265995,24,,,1,70,,265991,24,,,1,30,,265987,24,,,1,70,,266004,24,,,1,30,,266005,24,,,1,70,,265988,24,,,1,30,,266010,24,,,1,70,,265982,24,,,1,30,,266001,24,,,1,70,,266007,24,,,1,30,,266012,24,,,1,70,,265990,24,,,1,30,,265981,24,,,1,70,,266008,24,,,1,30,,152903,24,,,1,70,,125510,24,,,1,30,,265993,24,,,1,70,,66908,24,,,1,30,,265998,24,,,1,70,,265994,24,,,1,30,,266000,24,,,1,70,,266003,24,,,1,30,,265997,24,,,1,70,,266011,24,,,1,30,,266006,24,,,1,70,,265999,24,,,1,30,,265992,24,,,1,71,,266009,24,,,1
8001,'11',733,,266014,24,,,1,100,,266020,24,,,1,101,,266015,24,,,1,100,,266019,24,,,1,70,,167553,24,,,1,30,,266021,24,,,1,70,,181999,24,,,1,30,,266030,24,,,1,70,,266018,24,,,1,30,,266025,24,,,1,70,,266016,24,,,1,30,,266029,24,,,1,70,,266026,24,,,1,30,,266032,24,,,1,70,,266017,24,,,1,30,,266027,24,,,1,70,,266022,24,,,1,100,,266013,24,,,1,100,,266031,24,,,1,100,,266033,24,,,1,100,,266024,24,,,1,100,,266028,24,,,1,100,,266023,24,,,1
8001,'12',515,,177604,24,,,1,30,,266034,24,,,1,70,,58105,24,,,1,15,,266037,15,,,1,16,,266057,24,,,1,55,,266060,15,,,1,13,,202511,24,,,1,16,,266042,15,,,1,17,,266039,24,,,1,56,,266052,15,,,1,15,,266045,24,,,1,15,,266058,15,,,1,16,,266067,24,,,1,54,,266066,15,,,1,15,,266055,24,,,1,15,,135029,15,,,1,12,,266065,24,,,1,55,,266062,15,,,1,15,,266051,24,,,1,15,,266056,15,,,1,15,,266070,24,,,1,55,,266040,15,,,1,15,,266064,24,,,1,17,,266072,15,,,1,14,,177621,24,,,1,54,,266044,15,,,1,15,,266035,24,,,1,14,,266048,15,,,1,16,,175911,24,,,1,55,,266071,15,,,1,15,,266036,24,,,1,15,,266074,15,,,1,70,,266063,15,,,1,14,,266073,24,,,1,15,,174754,15,,,1,15,,266077,24,,,1,56,,1189,15,,,1,16,,266041,24,,,1,18,,175919,15,,,1,15,,266049,24,,,1,54,,266054,15,,,1,17,,266046,24,,,1,13,,266043,15,,,1,15,,266038,24,,,1,55,,266078,15,,,1,13,,266076,24,,,1,30,,205939,24,,,1,55,,266050,15,,,1,15,,266047,24,,,1,15,,266079,15,,,1,15,,91944,24,,,1,55,,131532,15,,,1,15,,266059,24,,,1,35,,79495,24,,,1,64,,198469,24,,,1,25,,266069,24,,,1,70,,266053,24,,,1,31,,266075,24,,,1,69,,144837,24,,,1,31,,145255,24,,,1,71,,266068,24,,,1,32,,266061,24,,,1
8001,'13',713,,266099,24,,,1,30,,3030,24,,,1,70,,83951,24,,,1,31,,266082,24,,,1,70,,266093,24,,,1,30,,174782,24,,,1,70,,266085,24,,,1,30,,266092,24,,,1,70,,266087,24,,,1,30,,266083,24,,,1,70,,266100,24,,,1,30,,266101,24,,,1,70,,266084,24,,,1,30,,266107,24,,,1,70,,266081,24,,,1,30,,266098,24,,,1,70,,266103,24,,,1,30,,266109,24,,,1,70,,266086,24,,,1,30,,163934,24,,,1,70,,266105,24,,,1,30,,266090,24,,,1,70,,266080,24,,,1,30,,266089,24,,,1,70,,266104,24,,,1,30,,266095,24,,,1,70,,266091,24,,,1,30,,266097,24,,,1,70,,196584,24,,,1,30,,266094,24,,,1,70,,266108,24,,,1,30,,266102,24,,,1,70,,266096,24,,,1,30,,266088,24,,,1,71,,266106,24,,,1
8001,'14',515,,266148,24,,,1,30,,266122,24,,,1,70,,266114,24,,,1,15,,197718,15,,,1,16,,266110,24,,,1,55,,140487,15,,,1,13,,171707,24,,,1,16,,266151,15,,,1,17,,266111,24,,,1,56,,144281,15,,,1,15,,266153,24,,,1,17,,134388,15,,,1,13,,266143,24,,,1,55,,266144,15,,,1,16,,266130,24,,,1,14,,266135,15,,,1,12,,26397,24,,,1,55,,167881,15,,,1,15,,266138,24,,,1,15,,168970,15,,,1,15,,266150,24,,,1,55,,266136,15,,,1,15,,193519,24,,,1,17,,15993,15,,,1,14,,266128,24,,,1,54,,266118,15,,,1,15,,266127,24,,,1,14,,46977,15,,,1,16,,266112,24,,,1,55,,266149,15,,,1,15,,178908,24,,,1,15,,266124,15,,,1,15,,266131,24,,,1,55,,177395,15,,,1,14,,266140,24,,,1,15,,266147,15,,,1,15,,266126,24,,,1,56,,266123,15,,,1,16,,266146,24,,,1,16,,266139,15,,,1,14,,266142,24,,,1,56,,153835,15,,,1,16,,266121,24,,,1,15,,55900,15,,,1,14,,266125,24,,,1,56,,266116,15,,,1,13,,266113,24,,,1,16,,266133,15,,,1,14,,266141,24,,,1,55,,266152,15,,,1,15,,266120,24,,,1,15,,266119,15,,,1,15,,266129,24,,,1,55,,127317,15,,,1,15,,152221,24,,,1,35,,266117,24,,,1,64,,266137,24,,,1,25,,266145,24,,,1,70,,83713,24,,,1,31,,266134,24,,,1,69,,175619,24,,,1,31,,81323,24,,,1,71,,266132,24,,,1,32,,149085,24,,,1
8001,'15',515,,177780,24,,,1,30,,266154,24,,,1,70,,58554,24,,,1,15,,266157,15,,,1,16,,266177,24,,,1,55,,266180,15,,,1,13,,202622,24,,,1,16,,266162,15,,,1,17,,266159,24,,,1,56,,266172,15,,,1,15,,266165,24,,,1,15,,266178,15,,,1,16,,266187,24,,,1,54,,266186,15,,,1,15,,266175,24,,,1,15,,135089,15,,,1,12,,266185,24,,,1,55,,266182,15,,,1,15,,266171,24,,,1,15,,266176,15,,,1,15,,266190,24,,,1,55,,266160,15,,,1,15,,266184,24,,,1,17,,266192,15,,,1,14,,177797,24,,,1,54,,266164,15,,,1,15,,266155,24,,,1,14,,266168,15,,,1,16,,176193,24,,,1,55,,266191,15,,,1,15,,266156,24,,,1,15,,266194,15,,,1,70,,266183,15,,,1,14,,266193,24,,,1,15,,175027,15,,,1,15,,266197,24,,,1,56,,1720,15,,,1,16,,266161,24,,,1,18,,176201,15,,,1,15,,266169,24,,,1,54,,266174,15,,,1,17,,266166,24,,,1,13,,266163,15,,,1,15,,266158,24,,,1,55,,266198,15,,,1,13,,266196,24,,,1,30,,205948,24,,,1,55,,266170,15,,,1,15,,266167,24,,,1,15,,266199,15,,,1,15,,92495,24,,,1,55,,131778,15,,,1,15,,266179,24,,,1,35,,80065,24,,,1,64,,198542,24,,,1,25,,266189,24,,,1,70,,266173,24,,,1,31,,266195,24,,,1,69,,144948,24,,,1,31,,145357,24,,,1,71,,266188,24,,,1,32,,266181,24,,,1
8001,'16',733,,266201,24,,,1,100,,177931,24,,,1,101,,266202,24,,,1,100,,266206,24,,,1,70,,266215,24,,,1,30,,266207,24,,,1,70,,266220,24,,,1,30,,266217,24,,,1,70,,266205,24,,,1,30,,266211,24,,,1,70,,266203,24,,,1,30,,266216,24,,,1,70,,266212,24,,,1,30,,32180,24,,,1,70,,266204,24,,,1,30,,266213,24,,,1,70,,266208,24,,,1,100,,266200,24,,,1,100,,266218,24,,,1,100,,266219,24,,,1,100,,266210,24,,,1,100,,266214,24,,,1,100,,266209,24,,,1
8001,'17',515,,266259,24,,,1,30,,266233,24,,,1,70,,266225,24,,,1,15,,53998,15,,,1,16,,266221,24,,,1,55,,140414,15,,,1,13,,171648,24,,,1,16,,266262,15,,,1,17,,266222,24,,,1,56,,144240,15,,,1,15,,266264,24,,,1,17,,96992,15,,,1,13,,266254,24,,,1,55,,266255,15,,,1,16,,266241,24,,,1,14,,266246,15,,,1,12,,168544,24,,,1,55,,167812,15,,,1,15,,266249,24,,,1,15,,168932,15,,,1,15,,266261,24,,,1,55,,266247,15,,,1,15,,193440,24,,,1,17,,200457,15,,,1,14,,266239,24,,,1,54,,266229,15,,,1,15,,266238,24,,,1,14,,177328,15,,,1,16,,266223,24,,,1,55,,266260,15,,,1,15,,178860,24,,,1,15,,266235,15,,,1,15,,266242,24,,,1,55,,177321,15,,,1,14,,266251,24,,,1,15,,266258,15,,,1,15,,266237,24,,,1,56,,266234,15,,,1,16,,266257,24,,,1,16,,266250,15,,,1,14,,266253,24,,,1,56,,153818,15,,,1,16,,266232,24,,,1,15,,189015,15,,,1,14,,266236,24,,,1,56,,266227,15,,,1,13,,266224,24,,,1,16,,266244,15,,,1,14,,266252,24,,,1,55,,266263,15,,,1,15,,266231,24,,,1,15,,266230,15,,,1,15,,266240,24,,,1,55,,127266,15,,,1,15,,152142,24,,,1,35,,266228,24,,,1,64,,266248,24,,,1,25,,266256,24,,,1,70,,196452,24,,,1,31,,266245,24,,,1,69,,175485,24,,,1,31,,157439,24,,,1,71,,266243,24,,,1,32,,82,24,,,1
8001,'18',515,,266303,24,,,1,30,,266277,24,,,1,70,,266269,24,,,1,15,,197771,15,,,1,16,,266265,24,,,1,55,,56517,15,,,1,13,,171787,24,,,1,16,,266306,15,,,1,17,,266266,24,,,1,56,,2382,15,,,1,15,,266308,24,,,1,17,,134488,15,,,1,13,,266298,24,,,1,55,,266299,15,,,1,16,,266285,24,,,1,14,,266290,15,,,1,12,,168632,24,,,1,55,,167962,15,,,1,15,,266293,24,,,1,15,,169016,15,,,1,15,,266305,24,,,1,55,,266291,15,,,1,15,,193634,24,,,1,17,,200564,15,,,1,14,,266283,24,,,1,54,,266273,15,,,1,15,,266282,24,,,1,14,,177504,15,,,1,16,,266267,24,,,1,55,,266304,15,,,1,15,,178963,24,,,1,15,,266279,15,,,1,15,,266286,24,,,1,55,,177498,15,,,1,14,,266295,24,,,1,15,,266302,15,,,1,15,,266281,24,,,1,56,,266278,15,,,1,16,,266301,24,,,1,16,,266294,15,,,1,14,,266297,24,,,1,56,,153866,15,,,1,16,,266276,24,,,1,15,,189211,15,,,1,14,,266280,24,,,1,56,,266271,15,,,1,13,,266268,24,,,1,16,,266288,15,,,1,14,,266296,24,,,1,55,,266307,15,,,1,15,,266275,24,,,1,15,,266274,15,,,1,15,,266284,24,,,1,55,,127369,15,,,1,15,,2385,24,,,1,35,,266272,24,,,1,64,,266292,24,,,1,25,,266300,24,,,1,70,,196517,24,,,1,31,,266289,24,,,1,69,,175769,24,,,1,31,,157577,24,,,1,71,,266287,24,,,1,32,,149213,24,,,1
8001,'2',515,,266361,24,,,1,30,,266328,24,,,1,70,,266314,24,,,1,15,,266321,15,,,1,16,,266309,24,,,1,55,,266336,15,,,1,13,,266313,24,,,1,16,,188164,15,,,1,17,,266310,24,,,1,56,,266315,15,,,1,15,,266364,24,,,1,17,,266346,15,,,1,13,,174906,24,,,1,55,,192453,15,,,1,16,,266339,24,,,1,14,,266349,15,,,1,12,,266322,24,,,1,55,,266355,15,,,1,15,,266352,24,,,1,15,,266348,15,,,1,15,,202556,24,,,1,55,,266350,15,,,1,15,,266325,24,,,1,17,,266338,15,,,1,14,,123084,24,,,1,54,,266320,15,,,1,15,,266335,24,,,1,14,,266340,15,,,1,16,,266311,24,,,1,55,,266362,15,,,1,15,,266357,24,,,1,15,,266330,15,,,1,15,,266342,24,,,1,55,,266333,15,,,1,14,,125926,24,,,1,15,,266360,15,,,1,15,,266332,24,,,1,56,,266329,15,,,1,16,,266359,24,,,1,16,,266353,15,,,1,14,,266356,24,,,1,56,,266343,15,,,1,16,,266324,24,,,1,15,,266341,15,,,1,14,,266331,24,,,1,56,,266317,15,,,1,13,,266312,24,,,1,16,,169825,15,,,1,14,,266354,24,,,1,55,,266363,15,,,1,15,,124080,24,,,1,15,,127012,15,,,1,15,,266337,24,,,1,55,,266327,15,,,1,15,,266318,24,,,1,35,,266319,24,,,1,64,,266351,24,,,1,25,,266358,24,,,1,70,,266323,24,,,1,31,,266345,24,,,1,69,,266326,24,,,1,31,,266334,24,,,1,71,,266344,24,,,1,32,,266347,24,,,1
8001,'3',515,,266394,24,,,1,30,,201970,24,,,1,70,,266373,24,,,1,15,,266365,15,,,1,16,,266390,24,,,1,55,,172521,15,,,1,13,,266409,24,,,1,16,,266372,15,,,1,17,,266367,24,,,1,56,,266383,15,,,1,15,,266376,24,,,1,15,,149133,15,,,1,16,,266401,24,,,1,54,,266400,15,,,1,15,,266388,24,,,1,15,,266387,15,,,1,12,,266399,24,,,1,55,,266396,15,,,1,15,,72066,24,,,1,15,,266389,15,,,1,15,,266405,24,,,1,55,,266368,15,,,1,15,,266398,24,,,1,17,,266408,15,,,1,14,,266413,24,,,1,54,,266375,15,,,1,15,,133005,24,,,1,14,,266380,15,,,1,16,,266370,24,,,1,55,,132311,15,,,1,15,,76347,24,,,1,15,,266410,15,,,1,70,,10717,15,,,1,14,,133292,24,,,1,15,,266393,15,,,1,15,,266414,24,,,1,56,,266384,15,,,1,16,,266371,24,,,1,18,,266377,15,,,1,15,,266381,24,,,1,54,,180126,15,,,1,17,,266378,24,,,1,13,,266374,15,,,1,15,,266366,24,,,1,55,,57901,15,,,1,13,,266412,24,,,1,30,,266395,24,,,1,55,,266382,15,,,1,15,,266379,24,,,1,15,,141970,15,,,1,15,,266406,24,,,1,55,,266403,15,,,1,15,,266391,24,,,1,35,,266392,24,,,1,64,,266386,24,,,1,25,,266404,24,,,1,70,,266385,24,,,1,31,,266411,24,,,1,69,,266407,24,,,1,31,,266397,24,,,1,71,,266402,24,,,1,32,,183544,24,,,1
8001,'4',515,,177857,24,,,1,30,,266415,24,,,1,70,,58505,24,,,1,15,,266418,15,,,1,16,,266438,24,,,1,55,,266441,15,,,1,13,,202662,24,,,1,16,,266423,15,,,1,17,,266420,24,,,1,56,,266433,15,,,1,15,,266426,24,,,1,15,,266439,15,,,1,16,,266448,24,,,1,54,,266447,15,,,1,15,,266436,24,,,1,15,,135110,15,,,1,12,,266446,24,,,1,55,,266443,15,,,1,15,,266432,24,,,1,15,,266437,15,,,1,15,,266451,24,,,1,55,,266421,15,,,1,15,,266445,24,,,1,17,,266453,15,,,1,14,,177874,24,,,1,54,,266425,15,,,1,15,,266416,24,,,1,14,,266429,15,,,1,16,,176336,24,,,1,55,,266452,15,,,1,15,,266417,24,,,1,15,,266455,15,,,1,70,,266444,15,,,1,14,,266454,24,,,1,15,,175169,15,,,1,15,,266458,24,,,1,56,,1661,15,,,1,16,,266422,24,,,1,18,,176344,15,,,1,15,,266430,24,,,1,54,,266435,15,,,1,17,,266427,24,,,1,13,,266424,15,,,1,15,,266419,24,,,1,55,,266459,15,,,1,13,,266457,24,,,1,30,,205952,24,,,1,55,,266431,15,,,1,15,,266428,24,,,1,15,,266460,15,,,1,15,,92435,24,,,1,55,,131888,15,,,1,15,,266440,24,,,1,35,,80002,24,,,1,64,,198576,24,,,1,25,,266450,24,,,1,70,,266434,24,,,1,31,,266456,24,,,1,69,,144999,24,,,1,31,,145410,24,,,1,71,,266449,24,,,1,32,,266442,24,,,1
8001,'5',515,,177207,24,,,1,30,,266461,24,,,1,70,,58056,24,,,1,15,,266464,15,,,1,16,,266484,24,,,1,55,,266487,15,,,1,13,,202266,24,,,1,16,,266469,15,,,1,17,,266466,24,,,1,56,,266479,15,,,1,15,,266472,24,,,1,15,,266485,15,,,1,16,,266494,24,,,1,54,,266493,15,,,1,15,,266482,24,,,1,15,,134899,15,,,1,12,,266492,24,,,1,55,,266489,15,,,1,15,,266478,24,,,1,15,,266483,15,,,1,15,,266497,24,,,1,55,,266467,15,,,1,15,,266491,24,,,1,17,,266499,15,,,1,14,,177224,24,,,1,54,,266471,15,,,1,15,,266462,24,,,1,14,,266475,15,,,1,16,,175275,24,,,1,55,,266498,15,,,1,15,,266463,24,,,1,15,,266501,15,,,1,70,,266490,15,,,1,14,,266500,24,,,1,15,,174150,15,,,1,15,,266504,24,,,1,56,,1130,15,,,1,16,,266468,24,,,1,18,,175283,15,,,1,15,,266476,24,,,1,54,,266481,15,,,1,17,,266473,24,,,1,13,,266470,15,,,1,15,,266465,24,,,1,55,,266505,15,,,1,13,,266503,24,,,1,30,,205931,24,,,1,55,,266477,15,,,1,15,,266474,24,,,1,15,,266506,15,,,1,15,,91884,24,,,1,55,,131024,15,,,1,15,,266486,24,,,1,35,,79432,24,,,1,64,,198316,24,,,1,25,,266496,24,,,1,70,,266480,24,,,1,31,,266502,24,,,1,69,,144609,24,,,1,31,,145038,24,,,1,71,,266495,24,,,1,32,,266488,24,,,1
8001,'6',733,,159300,24,,,1,100,,266510,24,,,1,101,,266507,24,,,1,100,,266509,24,,,1,70,,266517,24,,,1,30,,266511,24,,,1,70,,266523,24,,,1,30,,266519,24,,,1,70,,176400,24,,,1,30,,126181,24,,,1,70,,266508,24,,,1,30,,266518,24,,,1,70,,266515,24,,,1,30,,266521,24,,,1,70,,198298,24,,,1,30,,266516,24,,,1,70,,266512,24,,,1,100,,188719,24,,,1,100,,266520,24,,,1,100,,266522,24,,,1,100,,266514,24,,,1,100,,140268,24,,,1,100,,266513,24,,,1
8001,'7',515,,266579,24,,,1,30,,143338,24,,,1,70,,266529,24,,,1,15,,266536,15,,,1,16,,266524,24,,,1,55,,266551,15,,,1,13,,266528,24,,,1,16,,266582,15,,,1,17,,266525,24,,,1,56,,266530,15,,,1,15,,266584,24,,,1,17,,266563,15,,,1,13,,266575,24,,,1,55,,266576,15,,,1,16,,266555,24,,,1,14,,266566,15,,,1,12,,266538,24,,,1,55,,266572,15,,,1,15,,266568,24,,,1,15,,266565,15,,,1,15,,266581,24,,,1,55,,266567,15,,,1,15,,266542,24,,,1,17,,266554,15,,,1,14,,266552,24,,,1,54,,266535,15,,,1,15,,266550,24,,,1,14,,266556,15,,,1,16,,266526,24,,,1,55,,266580,15,,,1,15,,266574,24,,,1,15,,266545,15,,,1,15,,266558,24,,,1,55,,266548,15,,,1,14,,266570,24,,,1,15,,22435,15,,,1,15,,266547,24,,,1,56,,168528,15,,,1,16,,266578,24,,,1,16,,266569,15,,,1,14,,266573,24,,,1,56,,266559,15,,,1,16,,266541,24,,,1,15,,266557,15,,,1,14,,266546,24,,,1,56,,266532,15,,,1,13,,266527,24,,,1,16,,266561,15,,,1,14,,266571,24,,,1,55,,266583,15,,,1,15,,266540,24,,,1,15,,266537,15,,,1,15,,266553,24,,,1,55,,266544,15,,,1,15,,266533,24,,,1,35,,266534,24,,,1,64,,136481,24,,,1,25,,266577,24,,,1,70,,266539,24,,,1,31,,266562,24,,,1,69,,266543,24,,,1,31,,266549,24,,,1,71,,266560,24,,,1,32,,266564,24,,,1
8001,'8',515,,266609,24,,,1,30,,266648,24,,,1,70,,266640,24,,,1,15,,266636,15,,,1,16,,266628,24,,,1,55,,266594,15,,,1,11,,266649,24,,,1,18,,266593,15,,,1,16,,266633,24,,,1,57,,266608,15,,,1,15,,266592,24,,,1,17,,266601,15,,,1,14,,266616,24,,,1,54,,266642,15,,,1,15,,266605,24,,,1,15,,266617,15,,,1,12,,266606,24,,,1,55,,266585,15,,,1,15,,266589,24,,,1,15,,266623,15,,,1,15,,266596,24,,,1,55,,266634,15,,,1,15,,266647,24,,,1,17,,266618,15,,,1,14,,266614,24,,,1,54,,266626,15,,,1,15,,266587,24,,,1,14,,266603,15,,,1,16,,266613,24,,,1,55,,266595,15,,,1,15,,266632,24,,,1,15,,266590,15,,,1,15,,266631,24,,,1,55,,266625,15,,,1,14,,266600,24,,,1,15,,266615,15,,,1,13,,266645,24,,,1,58,,266629,15,,,1,16,,266630,24,,,1,18,,266597,15,,,1,12,,266627,24,,,1,57,,266646,15,,,1,17,,266604,24,,,1,11,,266611,15,,,1,17,,266598,24,,,1,55,,266637,15,,,1,13,,266643,24,,,1,15,,266638,15,,,1,15,,266612,24,,,1,55,,266588,15,,,1,15,,266602,24,,,1,15,,266621,15,,,1,15,,266607,24,,,1,55,,266641,15,,,1,15,,266619,24,,,1,35,,266644,24,,,1,64,,266591,24,,,1,25,,266639,24,,,1,70,,266622,24,,,1,31,,266624,24,,,1,69,,266586,24,,,1,31,,266635,24,,,1,71,,266620,24,,,1,32,,266599,24,,,1
8001,'9',515,,177558,24,,,1,30,,266650,24,,,1,70,,58278,24,,,1,15,,266653,15,,,1,16,,266673,24,,,1,55,,266676,15,,,1,13,,202481,24,,,1,16,,266658,15,,,1,17,,266655,24,,,1,56,,266668,15,,,1,15,,266661,24,,,1,15,,266674,15,,,1,16,,266683,24,,,1,54,,266682,15,,,1,15,,266671,24,,,1,15,,135008,15,,,1,12,,266681,24,,,1,55,,266678,15,,,1,15,,266667,24,,,1,15,,266672,15,,,1,15,,266686,24,,,1,55,,266656,15,,,1,15,,266680,24,,,1,17,,266688,15,,,1,14,,177575,24,,,1,54,,266660,15,,,1,15,,266651,24,,,1,14,,266664,15,,,1,16,,175841,24,,,1,55,,266687,15,,,1,15,,266652,24,,,1,15,,266690,15,,,1,70,,266679,15,,,1,14,,266689,24,,,1,15,,174687,15,,,1,15,,266693,24,,,1,56,,1405,15,,,1,16,,266657,24,,,1,18,,175849,15,,,1,15,,266665,24,,,1,54,,266670,15,,,1,17,,266662,24,,,1,13,,266659,15,,,1,15,,266654,24,,,1,55,,266694,15,,,1,13,,266692,24,,,1,30,,205935,24,,,1,55,,266666,15,,,1,15,,266663,24,,,1,15,,266695,15,,,1,15,,92159,24,,,1,55,,131478,15,,,1,15,,266675,24,,,1,35,,79721,24,,,1,64,,198449,24,,,1,25,,266685,24,,,1,70,,266669,24,,,1,31,,266691,24,,,1,69,,144806,24,,,1,31,,145229,24,,,1,71,,266684,24,,,1,32,,266677,24,,,1
68000,'12',728,,166893,25,,,1,2,,295836,25,,,1,7,,141207,21,,,1,1,,150952,21,,,1,5,,295835,21,,,1
68000,'15',728,,167010,25,,,1,2,,295838,25,,,1,7,,141243,21,,,1,1,,151136,21,,,1,5,,295837,21,,,1
68000,'3',728,,295840,25,,,1,2,,295842,25,,,1,7,,295841,21,,,1,1,,295839,21,,,1,5,,137967,21,,,1
68000,'4',728,,167069,25,,,1,2,,295844,25,,,1,7,,141256,21,,,1,1,,151216,21,,,1,5,,295843,21,,,1
68000,'5',728,,166632,25,,,1,2,,295846,25,,,1,7,,141134,21,,,1,1,,150556,21,,,1,5,,295845,21,,,1
68000,'9',728,,166860,25,,,1,2,,295848,25,,,1,7,,141194,21,,,1,1,,150906,21,,,1,5,,295847,21,,,1
