6001,'12',542,,252327,19,,,1,103,,252316,19,,,1,72,,252329,19,,,1,28,,252328,19,,,1,70,,252331,19,,,1
6001,'14',542,,252350,19,,,1,103,,88437,19,,,1,70,,252356,19,,,1,30,,252362,19,,,1,70,,63279,19,,,1
6001,'15',542,,252379,19,,,1,103,,252368,19,,,1,72,,252381,19,,,1,28,,252380,19,,,1,70,,252383,19,,,1
6001,'17',542,,252402,19,,,1,103,,125488,19,,,1,70,,252408,19,,,1,30,,252414,19,,,1,70,,177979,19,,,1
6001,'18',542,,252427,19,,,1,103,,125704,19,,,1,70,,252433,19,,,1,30,,252439,19,,,1,70,,178075,19,,,1
6001,'2',542,,252453,19,,,1,103,,252464,19,,,1,70,,76308,19,,,1,30,,252466,19,,,1,70,,252450,19,,,1
6001,'3',542,,252485,19,,,1,103,,252473,19,,,1,72,,252487,19,,,1,28,,252486,19,,,1,70,,252490,19,,,1
6001,'4',542,,252514,19,,,1,103,,252503,19,,,1,72,,252516,19,,,1,28,,252515,19,,,1,70,,252518,19,,,1
6001,'5',542,,252541,19,,,1,103,,252530,19,,,1,72,,252543,19,,,1,28,,252542,19,,,1,70,,252545,19,,,1
6001,'7',542,,252568,19,,,1,103,,252581,19,,,1,70,,252575,19,,,1,30,,252582,19,,,1,70,,252564,19,,,1
6001,'8',542,,252609,19,,,1,103,,252587,19,,,1,68,,252590,19,,,1,32,,252600,19,,,1,70,,252607,19,,,1
6001,'9',542,,252635,19,,,1,103,,252624,19,,,1,72,,252637,19,,,1,28,,252636,19,,,1,70,,252639,19,,,1
