19700,'1',551,,374238,13,,,0,67,,374222,13,,,0,33,,374234,13,,,0,70,,374221,13,,,0,30,,374223,13,,,0,70,,374226,13,,,0,30,,236340,13,,,0,76,,374224,13,,,0,100,,374225,13,,,0,100,,374228,13,,,0,104,,374229,13,,,0,100,,374231,13,,,0,100,,374230,13,,,0,100,,264552,13,,,0,70,,374220,13,,,0,30,,374227,13,,,0,71,,374232,13,,,0,29,,374235,13,,,0,70,,374236,13,,,0,29,,242485,13,,,0,96,,374219,13,,,0,100,,374237,13,,,0,100,,374233,13,,,0
19700,'10',930,,374241,13,,,0,100,,374247,13,,,0,100,,374239,13,,,0,100,,374242,13,,,0,100,,228567,13,,,0,100,,374244,13,,,0,100,,374243,13,,,0,100,,374246,13,,,0,100,,293470,13,,,0,100,,374245,13,,,0,100,,374240,13,,,0
19700,'11',551,,374249,13,,,0,67,,374258,13,,,0,33,,374260,13,,,0,100,,374257,13,,,0,70,,374254,13,,,0,30,,374250,13,,,0,76,,225702,13,,,0,100,,374248,13,,,0,100,,264785,13,,,0,104,,374255,13,,,0,100,,374262,13,,,0,100,,244370,13,,,0,99,,374252,13,,,0,71,,374261,13,,,0,100,,374251,13,,,0,30,,220917,13,,,0,70,,215919,13,,,0,29,,374259,13,,,0,96,,374256,13,,,0,100,,132820,13,,,0,100,,374253,13,,,0
19700,'12',912,,374271,13,,,0,100,,374264,13,,,0,100,,374265,13,,,0,100,,374272,13,,,0,100,,374266,13,,,0,100,,374263,13,,,0,100,,374269,13,,,0,100,,374267,13,,,0,100,,235927,13,,,0,100,,374270,13,,,0,100,,374268,13,,,0
19700,'13',551,,374274,13,,,0,67,,374283,13,,,0,33,,374285,13,,,0,100,,374282,13,,,0,70,,374279,13,,,0,30,,374275,13,,,0,76,,225740,13,,,0,100,,374273,13,,,0,100,,264855,13,,,0,104,,374280,13,,,0,100,,374287,13,,,0,100,,244418,13,,,0,99,,374277,13,,,0,71,,374286,13,,,0,100,,374276,13,,,0,30,,220959,13,,,0,70,,215968,13,,,0,29,,374284,13,,,0,96,,374281,13,,,0,100,,131959,13,,,0,100,,374278,13,,,0
19700,'14',551,,374289,13,,,0,67,,374298,13,,,0,33,,374300,13,,,0,100,,374297,13,,,0,70,,374294,13,,,0,30,,374290,13,,,0,76,,225859,13,,,0,100,,374288,13,,,0,100,,265168,13,,,0,104,,374295,13,,,0,100,,374302,13,,,0,100,,244635,13,,,0,99,,374292,13,,,0,71,,374301,13,,,0,100,,374291,13,,,0,30,,221137,13,,,0,70,,216148,13,,,0,29,,374299,13,,,0,96,,374296,13,,,0,100,,132400,13,,,0,100,,374293,13,,,0
19700,'15',912,,374312,13,,,0,100,,374304,13,,,0,100,,374305,13,,,0,100,,221582,13,,,0,100,,374306,13,,,0,100,,374303,13,,,0,100,,374309,13,,,0,100,,374307,13,,,0,100,,374310,13,,,0,100,,374311,13,,,0,100,,374308,13,,,0
19700,'16',930,,374315,13,,,0,100,,374323,13,,,0,100,,374313,13,,,0,100,,374316,13,,,0,100,,374319,13,,,0,100,,374318,13,,,0,100,,374317,13,,,0,100,,374322,13,,,0,100,,374321,13,,,0,100,,374320,13,,,0,100,,374314,13,,,0
19700,'2',551,,374326,13,,,0,67,,211404,13,,,0,33,,374340,13,,,0,100,,243279,13,,,0,70,,374335,13,,,0,30,,374327,13,,,0,76,,374330,13,,,0,100,,374325,13,,,0,100,,374338,13,,,0,104,,374336,13,,,0,100,,374342,13,,,0,100,,374329,13,,,0,99,,374333,13,,,0,71,,374341,13,,,0,100,,374331,13,,,0,30,,374328,13,,,0,70,,374332,13,,,0,29,,374339,13,,,0,96,,374337,13,,,0,100,,374324,13,,,0,100,,374334,13,,,0
19700,'3',551,,235825,13,,,0,67,,374355,13,,,0,33,,374358,13,,,0,100,,374354,13,,,0,70,,211031,13,,,0,30,,248022,13,,,0,76,,374347,13,,,0,100,,374344,13,,,0,100,,374356,13,,,0,104,,374352,13,,,0,100,,285875,13,,,0,100,,374346,13,,,0,99,,374350,13,,,0,71,,374359,13,,,0,100,,374348,13,,,0,30,,374345,13,,,0,70,,374349,13,,,0,29,,374357,13,,,0,96,,374353,13,,,0,100,,374343,13,,,0,100,,374351,13,,,0
19700,'4',551,,374369,13,,,0,67,,291559,13,,,0,103,,374368,13,,,0,100,,374366,13,,,0,106,,374364,13,,,0,100,,374372,13,,,0,100,,374365,13,,,0,104,,374363,13,,,0,100,,374371,13,,,0,100,,240807,13,,,0,99,,374370,13,,,0,103,,374367,13,,,0,98,,374360,13,,,0,99,,374361,13,,,0,96,,374362,13,,,0,100,,292493,13,,,0,100,,44651,13,,,0
19700,'5',551,,236020,13,,,0,67,,374385,13,,,0,33,,374388,13,,,0,100,,374384,13,,,0,70,,211184,13,,,0,30,,248113,13,,,0,76,,374377,13,,,0,100,,374374,13,,,0,100,,374386,13,,,0,104,,374382,13,,,0,100,,188141,13,,,0,100,,374376,13,,,0,99,,374380,13,,,0,71,,374389,13,,,0,100,,374378,13,,,0,30,,374375,13,,,0,70,,374379,13,,,0,29,,374387,13,,,0,96,,374383,13,,,0,100,,374373,13,,,0,100,,374381,13,,,0
19700,'6',551,,374391,13,,,0,67,,374400,13,,,0,33,,374402,13,,,0,100,,374399,13,,,0,70,,374396,13,,,0,30,,374392,13,,,0,76,,225487,13,,,0,100,,374390,13,,,0,100,,264356,13,,,0,104,,374397,13,,,0,100,,374404,13,,,0,100,,244063,13,,,0,99,,374394,13,,,0,71,,374403,13,,,0,100,,374393,13,,,0,30,,220647,13,,,0,70,,215638,13,,,0,29,,374401,13,,,0,96,,374398,13,,,0,100,,132701,13,,,0,100,,374395,13,,,0
19700,'7',551,,374407,13,,,0,67,,211255,13,,,0,33,,374421,13,,,0,100,,243130,13,,,0,70,,374416,13,,,0,30,,374408,13,,,0,76,,374411,13,,,0,100,,374406,13,,,0,100,,374419,13,,,0,104,,374417,13,,,0,100,,374423,13,,,0,100,,374410,13,,,0,99,,374414,13,,,0,71,,374422,13,,,0,100,,374412,13,,,0,30,,374409,13,,,0,70,,374413,13,,,0,29,,374420,13,,,0,96,,374418,13,,,0,100,,374405,13,,,0,100,,374415,13,,,0
19700,'8',912,,374432,13,,,0,100,,374425,13,,,0,100,,374426,13,,,0,100,,374433,13,,,0,100,,374427,13,,,0,100,,374424,13,,,0,100,,374430,13,,,0,100,,374428,13,,,0,100,,236695,13,,,0,100,,374431,13,,,0,100,,374429,13,,,0
19700,'9',551,,374435,13,,,0,67,,374444,13,,,0,33,,374446,13,,,0,100,,374443,13,,,0,70,,374440,13,,,0,30,,374436,13,,,0,76,,225383,13,,,0,100,,374434,13,,,0,100,,264150,13,,,0,104,,374441,13,,,0,100,,374448,13,,,0,100,,243929,13,,,0,99,,374438,13,,,0,71,,374447,13,,,0,100,,374437,13,,,0,30,,220521,13,,,0,70,,215509,13,,,0,29,,374445,13,,,0,96,,374442,13,,,0,100,,132463,13,,,0,100,,374439,13,,,0
