16501,'1',631,,289505,2,,,1,100,,158647,2,,,1,100,,289500,2,,,1,100,,60149,2,,,1,100,,289501,2,,,1,100,,289498,2,,,1,100,,289504,2,,,1,100,,289497,2,,,1,100,,289494,2,,,1,100,,289503,2,,,1,100,,289495,2,,,1,100,,179132,2,,,1,100,,289499,2,,,1,100,,199917,2,,,1,100,,289496,2,,,1,100,,289502,2,,,1
16501,'10',631,,149044,2,,,1,100,,289514,2,,,1,100,,289512,2,,,1,100,,289519,2,,,1,100,,289515,2,,,1,100,,289511,2,,,1,100,,289518,2,,,1,100,,289510,2,,,1,100,,289506,2,,,1,100,,289517,2,,,1,100,,289507,2,,,1,100,,289509,2,,,1,100,,141383,2,,,1,100,,289513,2,,,1,100,,289508,2,,,1,100,,289516,2,,,1
16501,'11',819,,289520,2,,,1,100,,289527,2,,,1,100,,199277,2,,,1,100,,289528,2,,,1,100,,289522,2,,,1,100,,289529,2,,,1,100,,156962,2,,,1,100,,289521,2,,,1,100,,289523,2,,,1,100,,289526,2,,,1,100,,289525,2,,,1,100,,289524,2,,,1
16501,'12',525,,289537,2,,,1,95,,129246,2,,,1,30,,289532,2,,,1,70,,289539,2,,,1,32,,203746,2,,,1,70,,289535,2,,,1,28,,289546,2,,,1,70,,289542,2,,,1,30,,289531,2,,,1,100,,289540,2,,,1,100,,145261,2,,,1,100,,192358,2,,,1,100,,289548,2,,,1,100,,289544,2,,,1,69,,289530,2,,,1,33,,289534,2,,,1,68,,289538,2,,,1,30,,146574,2,,,1,70,,289545,2,,,1,30,,196215,2,,,1,70,,289541,2,,,1,100,,289547,2,,,1,100,,289543,2,,,1,100,,289533,2,,,1,100,,289536,2,,,1
16501,'13',631,,289563,2,,,1,100,,289558,2,,,1,100,,289556,2,,,1,100,,289562,2,,,1,100,,289559,2,,,1,100,,289554,2,,,1,100,,142536,2,,,1,100,,289553,2,,,1,100,,289549,2,,,1,100,,289561,2,,,1,100,,289550,2,,,1,100,,289552,2,,,1,100,,289555,2,,,1,100,,289557,2,,,1,100,,289551,2,,,1,100,,289560,2,,,1
16501,'14',525,,289571,2,,,1,95,,289580,2,,,1,30,,149096,2,,,1,70,,289577,2,,,1,28,,77480,2,,,1,74,,289576,2,,,1,28,,289566,2,,,1,70,,289575,2,,,1,30,,289569,2,,,1,100,,289572,2,,,1,100,,289570,2,,,1,100,,289579,2,,,1,100,,155691,2,,,1,100,,289573,2,,,1,70,,289574,2,,,1,30,,150007,2,,,1,70,,289583,2,,,1,31,,289582,2,,,1,69,,289578,2,,,1,30,,289568,2,,,1,70,,189893,2,,,1,100,,289567,2,,,1,100,,289581,2,,,1,100,,289564,2,,,1,100,,289565,2,,,1
16501,'15',525,,289591,2,,,1,95,,129420,2,,,1,30,,289586,2,,,1,70,,289593,2,,,1,32,,203754,2,,,1,70,,289589,2,,,1,28,,289600,2,,,1,70,,289596,2,,,1,30,,289585,2,,,1,100,,289594,2,,,1,100,,145363,2,,,1,100,,192517,2,,,1,100,,289602,2,,,1,100,,289598,2,,,1,69,,289584,2,,,1,33,,289588,2,,,1,68,,289592,2,,,1,30,,146678,2,,,1,70,,289599,2,,,1,30,,196277,2,,,1,70,,289595,2,,,1,100,,289601,2,,,1,100,,289597,2,,,1,100,,289587,2,,,1,100,,289590,2,,,1
16501,'16',819,,289603,2,,,1,100,,179913,2,,,1,100,,289604,2,,,1,100,,289609,2,,,1,100,,124488,2,,,1,100,,289610,2,,,1,100,,289605,2,,,1,100,,144202,2,,,1,100,,289606,2,,,1,100,,289608,2,,,1,100,,289607,2,,,1,100,,96332,2,,,1
16501,'17',525,,289618,2,,,1,95,,289627,2,,,1,30,,148973,2,,,1,70,,289624,2,,,1,28,,186894,2,,,1,74,,289623,2,,,1,28,,289613,2,,,1,70,,289622,2,,,1,30,,289616,2,,,1,100,,289619,2,,,1,100,,289617,2,,,1,100,,289626,2,,,1,100,,155602,2,,,1,100,,289620,2,,,1,70,,289621,2,,,1,30,,149926,2,,,1,70,,289630,2,,,1,31,,289629,2,,,1,69,,289625,2,,,1,30,,289615,2,,,1,70,,102183,2,,,1,100,,289614,2,,,1,100,,289628,2,,,1,100,,289611,2,,,1,100,,289612,2,,,1
16501,'18',525,,289638,2,,,1,95,,289647,2,,,1,30,,149230,2,,,1,70,,289644,2,,,1,28,,187064,2,,,1,74,,289643,2,,,1,28,,289633,2,,,1,70,,289642,2,,,1,30,,289636,2,,,1,100,,289639,2,,,1,100,,289637,2,,,1,100,,289646,2,,,1,100,,155813,2,,,1,100,,289640,2,,,1,70,,289641,2,,,1,30,,150112,2,,,1,70,,289650,2,,,1,31,,289649,2,,,1,69,,289645,2,,,1,30,,289635,2,,,1,70,,190000,2,,,1,100,,289634,2,,,1,100,,289648,2,,,1,100,,289631,2,,,1,100,,289632,2,,,1
16501,'2',525,,289659,2,,,1,95,,289665,2,,,1,30,,289664,2,,,1,70,,289662,2,,,1,28,,289653,2,,,1,74,,165936,2,,,1,28,,289652,2,,,1,70,,289661,2,,,1,30,,289656,2,,,1,100,,200679,2,,,1,100,,289657,2,,,1,100,,126539,2,,,1,100,,289658,2,,,1,100,,289660,2,,,1,70,,156920,2,,,1,30,,289655,2,,,1,70,,289668,2,,,1,31,,151061,2,,,1,69,,289663,2,,,1,30,,92584,2,,,1,70,,289667,2,,,1,100,,289654,2,,,1,100,,289666,2,,,1,100,,152551,2,,,1,100,,289651,2,,,1
16501,'3',525,,174524,2,,,1,95,,289686,2,,,1,30,,289671,2,,,1,70,,289677,2,,,1,32,,289675,2,,,1,70,,289673,2,,,1,28,,152315,2,,,1,70,,289681,2,,,1,30,,289670,2,,,1,100,,289678,2,,,1,100,,289687,2,,,1,100,,289676,2,,,1,100,,289688,2,,,1,100,,289683,2,,,1,69,,289669,2,,,1,33,,289672,2,,,1,68,,162351,2,,,1,30,,289679,2,,,1,70,,289684,2,,,1,30,,289685,2,,,1,70,,289680,2,,,1,100,,155784,2,,,1,100,,289682,2,,,1,100,,189131,2,,,1,100,,289674,2,,,1
16501,'4',525,,289696,2,,,1,95,,129499,2,,,1,30,,289691,2,,,1,70,,289698,2,,,1,32,,203757,2,,,1,70,,289694,2,,,1,28,,289705,2,,,1,70,,289701,2,,,1,30,,289690,2,,,1,100,,289699,2,,,1,100,,145416,2,,,1,100,,192586,2,,,1,100,,289707,2,,,1,100,,289703,2,,,1,69,,289689,2,,,1,33,,289693,2,,,1,68,,289697,2,,,1,30,,146736,2,,,1,70,,289704,2,,,1,30,,196314,2,,,1,70,,289700,2,,,1,100,,289706,2,,,1,100,,289702,2,,,1,100,,289692,2,,,1,100,,289695,2,,,1
16501,'5',525,,289715,2,,,1,95,,128875,2,,,1,30,,289710,2,,,1,70,,289717,2,,,1,32,,203727,2,,,1,70,,289713,2,,,1,28,,289724,2,,,1,70,,289720,2,,,1,30,,289709,2,,,1,100,,289718,2,,,1,100,,145044,2,,,1,100,,192010,2,,,1,100,,289726,2,,,1,100,,289722,2,,,1,69,,289708,2,,,1,33,,289712,2,,,1,68,,289716,2,,,1,30,,146350,2,,,1,70,,289723,2,,,1,30,,196070,2,,,1,70,,289719,2,,,1,100,,289725,2,,,1,100,,289721,2,,,1,100,,289711,2,,,1,100,,289714,2,,,1
16501,'6',819,,289727,2,,,1,100,,289734,2,,,1,100,,289729,2,,,1,100,,289735,2,,,1,100,,289730,2,,,1,100,,289736,2,,,1,100,,289731,2,,,1,100,,289728,2,,,1,100,,289732,2,,,1,100,,199950,2,,,1,100,,199949,2,,,1,100,,289733,2,,,1
16501,'7',525,,289746,2,,,1,95,,289754,2,,,1,30,,289753,2,,,1,70,,198650,2,,,1,28,,289740,2,,,1,74,,289750,2,,,1,28,,289739,2,,,1,70,,164847,2,,,1,30,,202306,2,,,1,100,,289747,2,,,1,100,,289744,2,,,1,100,,289752,2,,,1,100,,289745,2,,,1,100,,289748,2,,,1,70,,289749,2,,,1,30,,289742,2,,,1,70,,289758,2,,,1,31,,289756,2,,,1,69,,289751,2,,,1,30,,289743,2,,,1,70,,289757,2,,,1,100,,289741,2,,,1,100,,289755,2,,,1,100,,289737,2,,,1,100,,289738,2,,,1
16501,'8',525,,289771,2,,,1,95,,289775,2,,,1,97,,289770,2,,,1,104,,289761,2,,,1,99,,289759,2,,,1,100,,289776,2,,,1,100,,289769,2,,,1,100,,289768,2,,,1,100,,289767,2,,,1,100,,289760,2,,,1,99,,289772,2,,,1,101,,289774,2,,,1,100,,289773,2,,,1,100,,289763,2,,,1,100,,289765,2,,,1,100,,289766,2,,,1,100,,289764,2,,,1,100,,289762,2,,,1
16501,'9',525,,289784,2,,,1,95,,129203,2,,,1,30,,289779,2,,,1,70,,289786,2,,,1,32,,203743,2,,,1,70,,289782,2,,,1,28,,289793,2,,,1,70,,289789,2,,,1,30,,289778,2,,,1,100,,289787,2,,,1,100,,145235,2,,,1,100,,192325,2,,,1,100,,289795,2,,,1,100,,289791,2,,,1,69,,289777,2,,,1,33,,289781,2,,,1,68,,289785,2,,,1,30,,146544,2,,,1,70,,289792,2,,,1,30,,196199,2,,,1,70,,289788,2,,,1,100,,289794,2,,,1,100,,289790,2,,,1,100,,289780,2,,,1,100,,289783,2,,,1
