66200,'11',1435,,377021,16,,,0
66200,'13',1435,,377022,16,,,0
66200,'14',1435,,377023,16,,,0
66200,'2',1435,,377024,16,,,0
66200,'3',1435,,377025,16,,,0
66200,'5',1435,,377026,16,,,0
66200,'6',1435,,377027,16,,,0
66200,'7',1435,,377028,16,,,0
66200,'9',1435,,377029,16,,,0
68101,'11',1549,,377841,27,,,0
68101,'13',1549,,377842,27,,,0
68101,'14',1549,,377843,27,,,0
68101,'2',1549,,377844,27,,,0
68101,'3',1549,,377845,27,,,0
68101,'5',1549,,377846,27,,,0
68101,'6',1549,,377847,27,,,0
68101,'7',1549,,377848,27,,,0
68101,'9',1549,,377849,27,,,0
