1100,'1',833,,304545,11,,,0,72,,232036,11,,,0,28,,304524,11,,,0,72,,267428,11,,,0,30,,304517,11,,,0,69,,304561,11,,,0,29,,304551,11,,,0,70,,241704,11,,,0,30,,304543,11,,,0,70,,304555,11,,,0,30,,304548,11,,,0,67,,304514,11,,,0,29,,304523,11,,,0,29,,304519,11,,,0,65,,304559,11,,,0,31,,304510,11,,,0,70,,304546,11,,,0,35,,199159,11,,,0,70,,304531,11,,,0,21,,304511,11,,,0,68,,304529,11,,,0,27,,304550,11,,,0,72,,304554,11,,,0,33,,243297,11,,,0,73,,304521,11,,,0,30,,242481,11,,,0,73,,304527,11,,,0
1100,'10',849,,304579,11,,,0,70,,304584,11,,,0,30,,226345,11,,,0,71,,304566,11,,,0,30,,304581,11,,,0,70,,258891,11,,,0,30,,304575,11,,,0,70,,304565,11,,,0,30,,292025,11,,,0,70,,254996,11,,,0,30,,304582,11,,,0,70,,276452,11,,,0,30,,304590,11,,,0,70,,264602,11,,,0,30,,304591,11,,,0,70,,304583,11,,,0,30,,304592,11,,,0,70,,304577,11,,,0,30,,304571,11,,,0,70,,304563,11,,,0,30,,304574,11,,,0,70,,304585,11,,,0,30,,217510,11,,,0,69,,304564,11,,,0
1100,'11',833,,304637,11,,,0,72,,304612,11,,,0,28,,304611,11,,,0,102,,304626,11,,,0,69,,304600,11,,,0,29,,304609,11,,,0,70,,304636,11,,,0,30,,304594,11,,,0,100,,304630,11,,,0,67,,304640,11,,,0,29,,278888,11,,,0,29,,304603,11,,,0,67,,304601,11,,,0,29,,304624,11,,,0,70,,304598,11,,,0,34,,132879,11,,,0,70,,214445,11,,,0,22,,304599,11,,,0,68,,304615,11,,,0,27,,304605,11,,,0,72,,304602,11,,,0,33,,214432,11,,,0,73,,304629,11,,,0,30,,304631,11,,,0,73,,304639,11,,,0
1100,'12',917,,304666,11,,,0,101,,304645,11,,,0,30,,255279,11,,,0,70,,228348,11,,,0,30,,304657,11,,,0,70,,304641,11,,,0,30,,304647,11,,,0,70,,304660,11,,,0,30,,304667,11,,,0,70,,129344,11,,,0,30,,169895,11,,,0,70,,304668,11,,,0,30,,257593,11,,,0,70,,304650,11,,,0,30,,304651,11,,,0,70,,304643,11,,,0,30,,304654,11,,,0,70,,304656,11,,,0,30,,304649,11,,,0
1100,'13',833,,304713,11,,,0,72,,304688,11,,,0,28,,304687,11,,,0,102,,304702,11,,,0,69,,304676,11,,,0,29,,304685,11,,,0,70,,304712,11,,,0,30,,304670,11,,,0,100,,304706,11,,,0,67,,304716,11,,,0,29,,278939,11,,,0,29,,304679,11,,,0,67,,304677,11,,,0,29,,304700,11,,,0,70,,304674,11,,,0,34,,132018,11,,,0,70,,214496,11,,,0,22,,304675,11,,,0,68,,304691,11,,,0,27,,304681,11,,,0,72,,304678,11,,,0,33,,214483,11,,,0,73,,304705,11,,,0,30,,304707,11,,,0,73,,304715,11,,,0
1100,'14',833,,304761,11,,,0,72,,304736,11,,,0,28,,304735,11,,,0,102,,304750,11,,,0,69,,304724,11,,,0,29,,304733,11,,,0,70,,304760,11,,,0,30,,304718,11,,,0,100,,304754,11,,,0,67,,304764,11,,,0,29,,279116,11,,,0,29,,304727,11,,,0,67,,304725,11,,,0,29,,304748,11,,,0,70,,304722,11,,,0,34,,132459,11,,,0,70,,214671,11,,,0,22,,304723,11,,,0,68,,304739,11,,,0,27,,304729,11,,,0,72,,304726,11,,,0,33,,214658,11,,,0,73,,304753,11,,,0,30,,304755,11,,,0,73,,304763,11,,,0
1100,'15',917,,304796,11,,,0,101,,304768,11,,,0,30,,304777,11,,,0,70,,304795,11,,,0,30,,304783,11,,,0,70,,304765,11,,,0,30,,304770,11,,,0,70,,304786,11,,,0,30,,304797,11,,,0,70,,304772,11,,,0,30,,304789,11,,,0,70,,304798,11,,,0,30,,304782,11,,,0,70,,304774,11,,,0,30,,304775,11,,,0,70,,247279,11,,,0,30,,304779,11,,,0,70,,304781,11,,,0,30,,261161,11,,,0
1100,'16',849,,304819,11,,,0,70,,304824,11,,,0,30,,304830,11,,,0,71,,304802,11,,,0,30,,304821,11,,,0,70,,304799,11,,,0,30,,304815,11,,,0,70,,304801,11,,,0,30,,304804,11,,,0,70,,304834,11,,,0,30,,304822,11,,,0,70,,304812,11,,,0,30,,304829,11,,,0,70,,304810,11,,,0,30,,304832,11,,,0,70,,304823,11,,,0,30,,304835,11,,,0,70,,304817,11,,,0,30,,304811,11,,,0,70,,263897,11,,,0,30,,282959,11,,,0,70,,304825,11,,,0,30,,304805,11,,,0,69,,304800,11,,,0
1100,'2',833,,272050,11,,,0,72,,304853,11,,,0,28,,304852,11,,,0,102,,226238,11,,,0,69,,256074,11,,,0,29,,304849,11,,,0,70,,304876,11,,,0,30,,304837,11,,,0,100,,304871,11,,,0,67,,2143,11,,,0,29,,304858,11,,,0,29,,304842,11,,,0,67,,256075,11,,,0,29,,304866,11,,,0,70,,146852,11,,,0,34,,304878,11,,,0,70,,304847,11,,,0,22,,304841,11,,,0,68,,304857,11,,,0,27,,304843,11,,,0,72,,208362,11,,,0,33,,304838,11,,,0,73,,304870,11,,,0,30,,140433,11,,,0,73,,304879,11,,,0
1100,'3',833,,304926,11,,,0,72,,255252,11,,,0,28,,211025,11,,,0,102,,304916,11,,,0,69,,304887,11,,,0,29,,304898,11,,,0,70,,304925,11,,,0,30,,304881,11,,,0,100,,90664,11,,,0,67,,304930,11,,,0,29,,304905,11,,,0,29,,304890,11,,,0,67,,304888,11,,,0,29,,290823,11,,,0,70,,304885,11,,,0,34,,304928,11,,,0,70,,304897,11,,,0,22,,304886,11,,,0,68,,304903,11,,,0,27,,304892,11,,,0,72,,304889,11,,,0,33,,304882,11,,,0,73,,304919,11,,,0,30,,304920,11,,,0,73,,304929,11,,,0
1100,'4',833,,304942,11,,,0,72,,304959,11,,,0,28,,304961,11,,,0,72,,304945,11,,,0,30,,304960,11,,,0,69,,304938,11,,,0,29,,304949,11,,,0,70,,304956,11,,,0,30,,304940,11,,,0,70,,304937,11,,,0,30,,304931,11,,,0,67,,304954,11,,,0,29,,304947,11,,,0,29,,304941,11,,,0,67,,304936,11,,,0,29,,304962,11,,,0,70,,304943,11,,,0,35,,304939,11,,,0,70,,304934,11,,,0,29,,304958,11,,,0,60,,304963,11,,,0,27,,304944,11,,,0,72,,304933,11,,,0,33,,145177,11,,,0,73,,276933,11,,,0,30,,304935,11,,,0,73,,233941,11,,,0
1100,'5',833,,305010,11,,,0,72,,255339,11,,,0,28,,211178,11,,,0,102,,305000,11,,,0,69,,304971,11,,,0,29,,304982,11,,,0,70,,305009,11,,,0,30,,304965,11,,,0,100,,286597,11,,,0,67,,305014,11,,,0,29,,304989,11,,,0,29,,304974,11,,,0,67,,304972,11,,,0,29,,290896,11,,,0,70,,304969,11,,,0,34,,305012,11,,,0,70,,304981,11,,,0,22,,304970,11,,,0,68,,304987,11,,,0,27,,304976,11,,,0,72,,304973,11,,,0,33,,304966,11,,,0,73,,305003,11,,,0,30,,305004,11,,,0,73,,305013,11,,,0
1100,'6',833,,305059,11,,,0,72,,305034,11,,,0,28,,305033,11,,,0,102,,305048,11,,,0,69,,305022,11,,,0,29,,305031,11,,,0,70,,305058,11,,,0,30,,305016,11,,,0,100,,305052,11,,,0,67,,305062,11,,,0,29,,278576,11,,,0,29,,305025,11,,,0,67,,305023,11,,,0,29,,305046,11,,,0,70,,305020,11,,,0,34,,132760,11,,,0,70,,214165,11,,,0,22,,305021,11,,,0,68,,305037,11,,,0,27,,305027,11,,,0,72,,305024,11,,,0,33,,214152,11,,,0,73,,305051,11,,,0,30,,305053,11,,,0,73,,305061,11,,,0
1100,'7',833,,271963,11,,,0,72,,305080,11,,,0,28,,305079,11,,,0,102,,226106,11,,,0,69,,255977,11,,,0,29,,305076,11,,,0,70,,305103,11,,,0,30,,305064,11,,,0,100,,305098,11,,,0,67,,180095,11,,,0,29,,305085,11,,,0,29,,305069,11,,,0,67,,255978,11,,,0,29,,305093,11,,,0,70,,146900,11,,,0,34,,305105,11,,,0,70,,305074,11,,,0,22,,305068,11,,,0,68,,305084,11,,,0,27,,305070,11,,,0,72,,208189,11,,,0,33,,305065,11,,,0,73,,305097,11,,,0,30,,10386,11,,,0,73,,305106,11,,,0
1100,'8',917,,305132,11,,,0,101,,305111,11,,,0,30,,255678,11,,,0,70,,144166,11,,,0,30,,305123,11,,,0,70,,305107,11,,,0,30,,305113,11,,,0,70,,305126,11,,,0,30,,305133,11,,,0,70,,264877,11,,,0,30,,269462,11,,,0,70,,305134,11,,,0,30,,258210,11,,,0,70,,305116,11,,,0,30,,305117,11,,,0,70,,305109,11,,,0,30,,305120,11,,,0,70,,305122,11,,,0,30,,305115,11,,,0
1100,'9',833,,305179,11,,,0,72,,305154,11,,,0,28,,305153,11,,,0,102,,305168,11,,,0,69,,305142,11,,,0,29,,305151,11,,,0,70,,305178,11,,,0,30,,305136,11,,,0,100,,305172,11,,,0,67,,305182,11,,,0,29,,278440,11,,,0,29,,305145,11,,,0,67,,305143,11,,,0,29,,305166,11,,,0,70,,305140,11,,,0,34,,132522,11,,,0,70,,214030,11,,,0,22,,305141,11,,,0,68,,305157,11,,,0,27,,305147,11,,,0,72,,305144,11,,,0,33,,214017,11,,,0,73,,305171,11,,,0,30,,305173,11,,,0,73,,305181,11,,,0
5100,'1',546,,213668,18,,,0,99,,332570,18,,,0,67,,332569,18,,,0,39,,332568,18,,,0,70,,332571,18,,,0,32,,332582,18,,,0,68,,332591,18,,,0,30,,332588,18,,,0,68,,332587,10,,,0,30,,332575,10,,,0,70,,332585,10,,,0,30,,332578,10,,,0,70,,332584,10,,,0,30,,332589,10,,,0,70,,332573,10,,,0,30,,332576,10,,,0,70,,238870,10,,,0,30,,332592,10,,,0,70,,332572,10,,,0,35,,206794,10,,,0,70,,332581,10,,,0,30,,332586,10,,,0,70,,332567,10,,,0,30,,248286,10,,,0,70,,332580,10,,,0,30,,332577,10,,,0,64,,332574,10,,,0,29,,332579,10,,,0,68,,332590,10,,,0,30,,222966,10,,,0,70,,1307,10,,,0,30,,332583,10,,,0,71,,245105,10,,,0
5100,'10',640,,332596,10,,,0,100,,332594,10,,,0,70,,332613,10,,,0,30,,332610,10,,,0,70,,332597,10,,,0,30,,246714,10,,,0,70,,241037,10,,,0,30,,332616,10,,,0,70,,332612,10,,,0,30,,332615,10,,,0,70,,332617,10,,,0,30,,332604,10,,,0,70,,212713,10,,,0,30,,332603,10,,,0,70,,332619,10,,,0,30,,332611,10,,,0,70,,332606,10,,,0,30,,332605,10,,,0,70,,332607,10,,,0,30,,332593,10,,,0,70,,332609,10,,,0,30,,332601,10,,,0,70,,332614,10,,,0,30,,332608,10,,,0,100,,332595,10,,,0,100,,332618,10,,,0,100,,332602,10,,,0,102,,332598,10,,,0
5100,'11',546,,332632,18,,,0,99,,332641,18,,,0,106,,332648,18,,,0,70,,274927,18,,,0,100,,332628,18,,,0,30,,332647,18,,,0,68,,332645,10,,,0,30,,332646,10,,,0,70,,332622,10,,,0,30,,332639,10,,,0,70,,280277,10,,,0,30,,208645,10,,,0,70,,332634,10,,,0,30,,332642,10,,,0,70,,332633,10,,,0,30,,332643,10,,,0,70,,332630,10,,,0,35,,332624,10,,,0,70,,332620,10,,,0,30,,332635,10,,,0,70,,332621,10,,,0,30,,332644,10,,,0,70,,332636,10,,,0,30,,332626,10,,,0,64,,332640,10,,,0,29,,332629,10,,,0,68,,332625,10,,,0,30,,332631,10,,,0,70,,249673,10,,,0,30,,332637,10,,,0,71,,332623,10,,,0
5100,'12',805,,332651,10,,,0,100,,193913,10,,,0,30,,332669,10,,,0,70,,332649,10,,,0,30,,332661,10,,,0,70,,332660,10,,,0,30,,332663,10,,,0,70,,332655,10,,,0,30,,332670,10,,,0,70,,332665,10,,,0,30,,332664,10,,,0,70,,332671,10,,,0,30,,332652,10,,,0,70,,332662,10,,,0,30,,332656,10,,,0,70,,332672,10,,,0,30,,332650,10,,,0,70,,332657,10,,,0,30,,213498,10,,,0,70,,332666,10,,,0,30,,332673,10,,,0,70,,332659,10,,,0,30,,332653,10,,,0,70,,332654,10,,,0,100,,207233,10,,,0,100,,332667,10,,,0,100,,332658,10,,,0
5100,'13',546,,332686,18,,,0,99,,332695,18,,,0,106,,332702,18,,,0,70,,274995,18,,,0,100,,332682,18,,,0,30,,332701,18,,,0,68,,332699,10,,,0,30,,332700,10,,,0,70,,332676,10,,,0,30,,332693,10,,,0,70,,280302,10,,,0,30,,208700,10,,,0,70,,332688,10,,,0,30,,332696,10,,,0,70,,332687,10,,,0,30,,332697,10,,,0,70,,332684,10,,,0,35,,332678,10,,,0,70,,332674,10,,,0,30,,332689,10,,,0,70,,332675,10,,,0,30,,332698,10,,,0,70,,332690,10,,,0,30,,332680,10,,,0,64,,332694,10,,,0,29,,332683,10,,,0,68,,332679,10,,,0,30,,332685,10,,,0,70,,249709,10,,,0,30,,332691,10,,,0,71,,332677,10,,,0
5100,'14',546,,332715,18,,,0,99,,332724,18,,,0,106,,332731,18,,,0,70,,275267,18,,,0,100,,332711,18,,,0,30,,332730,18,,,0,68,,332728,10,,,0,30,,332729,10,,,0,70,,332705,10,,,0,30,,332722,10,,,0,70,,280402,10,,,0,30,,208937,10,,,0,70,,332717,10,,,0,30,,332725,10,,,0,70,,332716,10,,,0,30,,332726,10,,,0,70,,332713,10,,,0,35,,332707,10,,,0,70,,332703,10,,,0,30,,332718,10,,,0,70,,332704,10,,,0,30,,332727,10,,,0,70,,332719,10,,,0,30,,332709,10,,,0,64,,332723,10,,,0,29,,332712,10,,,0,68,,332708,10,,,0,30,,332714,10,,,0,70,,249867,10,,,0,30,,332720,10,,,0,71,,332706,10,,,0
5100,'15',805,,332732,10,,,0,100,,332751,10,,,0,30,,332750,10,,,0,70,,264930,10,,,0,30,,332743,10,,,0,70,,296437,10,,,0,30,,332745,10,,,0,70,,332737,10,,,0,30,,332752,10,,,0,70,,332746,10,,,0,30,,234048,10,,,0,70,,332753,10,,,0,30,,332734,10,,,0,70,,332744,10,,,0,30,,332738,10,,,0,70,,332754,10,,,0,30,,246406,10,,,0,70,,332739,10,,,0,30,,332742,10,,,0,70,,332747,10,,,0,30,,332755,10,,,0,70,,332741,10,,,0,30,,332735,10,,,0,70,,332736,10,,,0,100,,332733,10,,,0,100,,332748,10,,,0,100,,332740,10,,,0
5100,'16',640,,332759,10,,,0,100,,332757,10,,,0,70,,216191,10,,,0,30,,332774,10,,,0,70,,274212,10,,,0,30,,332778,10,,,0,70,,332762,10,,,0,30,,332781,10,,,0,70,,332776,10,,,0,30,,332780,10,,,0,70,,332782,10,,,0,30,,332768,10,,,0,70,,332777,10,,,0,30,,332767,10,,,0,70,,150464,10,,,0,30,,332775,10,,,0,70,,332770,10,,,0,30,,332769,10,,,0,70,,332771,10,,,0,30,,332756,10,,,0,70,,332773,10,,,0,30,,332765,10,,,0,70,,332779,10,,,0,30,,332772,10,,,0,100,,332758,10,,,0,100,,332783,10,,,0,100,,332766,10,,,0,102,,332761,10,,,0
5100,'2',546,,332794,18,,,0,99,,332800,18,,,0,106,,332807,18,,,0,70,,332790,18,,,0,100,,332791,18,,,0,30,,332806,18,,,0,68,,332804,10,,,0,30,,332805,10,,,0,70,,332784,10,,,0,30,,332798,10,,,0,70,,332793,10,,,0,30,,332808,10,,,0,70,,332796,10,,,0,30,,332801,10,,,0,70,,332795,10,,,0,30,,332802,10,,,0,70,,167803,10,,,0,35,,332785,10,,,0,70,,242393,10,,,0,30,,119879,10,,,0,70,,261510,10,,,0,30,,332803,10,,,0,70,,232940,10,,,0,30,,332788,10,,,0,64,,332799,10,,,0,29,,293968,10,,,0,68,,332786,10,,,0,30,,332792,10,,,0,70,,332787,10,,,0,30,,332797,10,,,0,71,,264439,10,,,0
5100,'3',546,,332823,18,,,0,99,,34492,18,,,0,106,,332835,18,,,0,70,,332817,18,,,0,100,,332818,18,,,0,30,,332834,18,,,0,68,,332832,10,,,0,30,,332833,10,,,0,70,,239336,10,,,0,30,,262776,10,,,0,70,,332822,10,,,0,30,,332836,10,,,0,70,,332824,10,,,0,30,,332829,10,,,0,70,,222765,10,,,0,30,,332830,10,,,0,70,,332820,10,,,0,35,,332812,10,,,0,70,,332809,10,,,0,30,,332825,10,,,0,70,,332810,10,,,0,30,,332831,10,,,0,70,,332826,10,,,0,30,,332815,10,,,0,64,,332828,10,,,0,29,,332819,10,,,0,68,,332813,10,,,0,30,,332821,10,,,0,70,,332814,10,,,0,30,,207982,10,,,0,71,,332811,10,,,0
5100,'4',546,,332858,18,,,0,99,,332856,18,,,0,67,,212201,18,,,0,38,,332853,18,,,0,71,,332854,18,,,0,31,,332844,18,,,0,69,,332861,18,,,0,30,,332839,18,,,0,68,,332857,10,,,0,30,,278817,10,,,0,70,,196497,10,,,0,30,,288357,10,,,0,70,,332851,10,,,0,30,,225093,10,,,0,70,,284266,10,,,0,30,,332847,10,,,0,70,,332840,10,,,0,30,,332843,10,,,0,70,,332848,10,,,0,35,,332841,10,,,0,70,,332845,10,,,0,30,,332855,10,,,0,70,,332846,10,,,0,30,,292071,10,,,0,70,,295814,10,,,0,30,,332837,10,,,0,64,,332842,10,,,0,29,,332860,10,,,0,68,,332838,10,,,0,30,,332850,10,,,0,70,,332849,10,,,0,30,,332852,10,,,0,71,,332859,10,,,0
5100,'5',546,,332876,18,,,0,99,,251201,18,,,0,106,,332888,18,,,0,70,,332870,18,,,0,100,,332871,18,,,0,30,,332887,18,,,0,68,,332885,10,,,0,30,,332886,10,,,0,70,,239455,10,,,0,30,,72546,10,,,0,70,,332875,10,,,0,30,,332889,10,,,0,70,,332877,10,,,0,30,,332882,10,,,0,70,,222841,10,,,0,30,,332883,10,,,0,70,,332873,10,,,0,35,,332865,10,,,0,70,,332862,10,,,0,30,,332878,10,,,0,70,,332863,10,,,0,30,,332884,10,,,0,70,,332879,10,,,0,30,,332868,10,,,0,64,,332881,10,,,0,29,,332872,10,,,0,68,,332866,10,,,0,30,,332874,10,,,0,70,,332867,10,,,0,30,,208152,10,,,0,71,,332864,10,,,0
5100,'6',546,,332902,18,,,0,99,,332911,18,,,0,106,,332918,18,,,0,70,,274553,18,,,0,100,,332898,18,,,0,30,,332917,18,,,0,68,,332915,10,,,0,30,,332916,10,,,0,70,,332892,10,,,0,30,,332909,10,,,0,70,,280109,10,,,0,30,,208284,10,,,0,70,,332904,10,,,0,30,,332912,10,,,0,70,,332903,10,,,0,30,,332913,10,,,0,70,,332900,10,,,0,35,,332894,10,,,0,70,,332890,10,,,0,30,,332905,10,,,0,70,,332891,10,,,0,30,,332914,10,,,0,70,,332906,10,,,0,30,,332896,10,,,0,64,,332910,10,,,0,29,,332899,10,,,0,68,,332895,10,,,0,30,,332901,10,,,0,70,,249463,10,,,0,30,,332907,10,,,0,71,,332893,10,,,0
5100,'7',546,,332929,18,,,0,99,,332935,18,,,0,106,,332942,18,,,0,70,,332925,18,,,0,100,,332926,18,,,0,30,,332941,18,,,0,68,,332939,10,,,0,30,,332940,10,,,0,70,,332919,10,,,0,30,,332933,10,,,0,70,,332928,10,,,0,30,,332943,10,,,0,70,,332931,10,,,0,30,,332936,10,,,0,70,,332930,10,,,0,30,,332937,10,,,0,70,,167871,10,,,0,35,,332920,10,,,0,70,,242258,10,,,0,30,,134387,10,,,0,70,,261398,10,,,0,30,,332938,10,,,0,70,,232855,10,,,0,30,,332923,10,,,0,64,,332934,10,,,0,29,,293958,10,,,0,68,,332921,10,,,0,30,,332927,10,,,0,70,,332922,10,,,0,30,,332932,10,,,0,71,,264236,10,,,0
5100,'8',805,,332946,10,,,0,100,,213823,10,,,0,30,,332964,10,,,0,70,,332944,10,,,0,30,,332956,10,,,0,70,,332955,10,,,0,30,,332958,10,,,0,70,,332950,10,,,0,30,,332965,10,,,0,70,,332960,10,,,0,30,,332959,10,,,0,70,,332966,10,,,0,30,,332947,10,,,0,70,,332957,10,,,0,30,,332951,10,,,0,70,,332967,10,,,0,30,,332945,10,,,0,70,,332952,10,,,0,30,,213815,10,,,0,70,,332961,10,,,0,30,,332968,10,,,0,70,,332954,10,,,0,30,,332948,10,,,0,70,,332949,10,,,0,100,,207722,10,,,0,100,,332962,10,,,0,100,,332953,10,,,0
5100,'9',546,,332981,18,,,0,99,,332990,18,,,0,106,,332997,18,,,0,70,,274372,18,,,0,100,,332977,18,,,0,30,,332996,18,,,0,68,,332994,10,,,0,30,,332995,10,,,0,70,,332971,10,,,0,30,,332988,10,,,0,70,,280031,10,,,0,30,,208107,10,,,0,70,,332983,10,,,0,30,,332991,10,,,0,70,,332982,10,,,0,30,,332992,10,,,0,70,,332979,10,,,0,35,,332973,10,,,0,70,,332969,10,,,0,30,,332984,10,,,0,70,,332970,10,,,0,30,,332993,10,,,0,70,,332985,10,,,0,30,,332975,10,,,0,64,,332989,10,,,0,29,,332978,10,,,0,68,,332974,10,,,0,30,,332980,10,,,0,70,,249365,10,,,0,30,,332986,10,,,0,71,,332972,10,,,0
