6201,'1',1219,,340006,42,,,0,30,,340009,42,,,0,70,,339996,42,,,0,31,,339998,42,,,0,70,,340019,42,,,0,30,,340000,42,,,0,70,,340005,42,,,0,33,,340001,42,,,0,70,,219165,42,,,0,31,,340004,42,,,0,70,,339991,42,,,0,30,,340017,42,,,0,67,,339993,42,,,0,31,,340016,42,,,0,68,,340007,42,,,0,30,,340021,42,,,0,68,,340015,42,,,0,30,,340011,42,,,0,69,,340014,42,,,0,30,,339992,42,,,0,70,,340010,42,,,0,29,,339999,42,,,0,68,,340023,42,,,0,28,,227079,42,,,0,78,,340002,43,,,0,35,,238101,43,,,0
6201,'10',801,,340040,42,,,0,30,,340033,42,,,0,70,,340041,42,,,0,30,,263393,42,,,0,70,,340046,42,,,0,30,,340047,42,,,0,71,,340036,42,,,0,30,,183148,42,,,0,70,,340032,42,,,0,30,,340044,42,,,0,70,,266359,42,,,0,30,,340042,42,,,0,70,,340035,42,,,0,30,,127485,42,,,0,70,,340048,42,,,0,30,,340026,42,,,0,70,,340049,42,,,0,30,,340028,42,,,0,70,,340038,42,,,0,30,,340027,42,,,0,70,,340039,42,,,0,30,,340025,42,,,0,70,,187256,42,,,0,30,,340029,42,,,0,70,,340034,42,,,0,30,,283358,42,,,0,27,,340030,42,,,0,70,,340043,42,,,0,30,,340031,42,,,0,70,,340037,42,,,0,30,,340024,42,,,0,70,,340045,42,,,0
6201,'11',1219,,340061,42,,,0,30,,289407,42,,,0,70,,340062,42,,,0,31,,262406,42,,,0,70,,340067,42,,,0,30,,270280,42,,,0,70,,340059,42,,,0,33,,340072,42,,,0,71,,340050,42,,,0,31,,340079,42,,,0,69,,340078,42,,,0,30,,340066,42,,,0,67,,340056,42,,,0,30,,292857,42,,,0,69,,340054,42,,,0,30,,340080,42,,,0,68,,340074,42,,,0,30,,340057,42,,,0,69,,125224,42,,,0,30,,340068,42,,,0,70,,340076,42,,,0,29,,340071,42,,,0,68,,340058,42,,,0,28,,340055,42,,,0,78,,340069,43,,,0,35,,295710,43,,,0
6201,'12',844,,340098,42,,,0,71,,340103,42,,,0,30,,283809,42,,,0,70,,340097,42,,,0,30,,340084,42,,,0,72,,340091,42,,,0,30,,340082,42,,,0,70,,340088,42,,,0,30,,340101,42,,,0,70,,340105,42,,,0,30,,340092,42,,,0,70,,340102,42,,,0,30,,340107,42,,,0,70,,340106,42,,,0,30,,340095,42,,,0,70,,286566,42,,,0,30,,340093,42,,,0,70,,217037,42,,,0,30,,340099,42,,,0,70,,340087,42,,,0,30,,340085,42,,,0,70,,340104,42,,,0,30,,340096,42,,,0,70,,340108,42,,,0,30,,340083,42,,,0,67,,340089,42,,,0,30,,340094,42,,,0,70,,340100,42,,,0,30,,340090,42,,,0,70,,340086,42,,,0
6201,'13',1219,,340120,42,,,0,30,,289424,42,,,0,70,,340121,42,,,0,31,,262448,42,,,0,70,,340126,42,,,0,30,,270331,42,,,0,70,,340118,42,,,0,33,,340131,42,,,0,71,,340109,42,,,0,31,,340138,42,,,0,69,,340137,42,,,0,30,,340125,42,,,0,67,,340115,42,,,0,30,,292876,42,,,0,69,,340113,42,,,0,30,,340139,42,,,0,68,,340133,42,,,0,30,,340116,42,,,0,69,,124448,42,,,0,30,,340127,42,,,0,70,,340135,42,,,0,29,,340130,42,,,0,68,,340117,42,,,0,28,,340114,42,,,0,78,,340128,43,,,0,35,,295715,43,,,0
6201,'14',1219,,340152,42,,,0,30,,289488,42,,,0,70,,340153,42,,,0,31,,262618,42,,,0,70,,340158,42,,,0,30,,270541,42,,,0,70,,340150,42,,,0,33,,340163,42,,,0,71,,340141,42,,,0,31,,340170,42,,,0,69,,340169,42,,,0,30,,340157,42,,,0,67,,340147,42,,,0,30,,292942,42,,,0,69,,340145,42,,,0,30,,340171,42,,,0,68,,340165,42,,,0,30,,340148,42,,,0,69,,124858,42,,,0,30,,340159,42,,,0,70,,340167,42,,,0,29,,340162,42,,,0,68,,340149,42,,,0,28,,340146,42,,,0,78,,340160,43,,,0,35,,295720,43,,,0
6201,'15',844,,340189,42,,,0,71,,340195,42,,,0,30,,340176,42,,,0,70,,340188,42,,,0,30,,340177,42,,,0,72,,340183,42,,,0,30,,340173,42,,,0,70,,340181,42,,,0,30,,340193,42,,,0,70,,266575,42,,,0,30,,340184,42,,,0,70,,340194,42,,,0,30,,340198,42,,,0,70,,340197,42,,,0,30,,229841,42,,,0,70,,340191,42,,,0,30,,340185,42,,,0,70,,340174,42,,,0,30,,340190,42,,,0,70,,340180,42,,,0,30,,340178,42,,,0,70,,340196,42,,,0,30,,340187,42,,,0,70,,169379,42,,,0,30,,340175,42,,,0,67,,340182,42,,,0,30,,340186,42,,,0,70,,340192,42,,,0,30,,197263,42,,,0,70,,340179,42,,,0
6201,'16',801,,340215,42,,,0,30,,340208,42,,,0,70,,340217,42,,,0,30,,340225,42,,,0,70,,340222,42,,,0,30,,340223,42,,,0,71,,340210,42,,,0,30,,340216,42,,,0,70,,225901,42,,,0,30,,340220,42,,,0,70,,340226,42,,,0,30,,340218,42,,,0,70,,340209,42,,,0,30,,340214,42,,,0,70,,340224,42,,,0,30,,340201,42,,,0,70,,124312,42,,,0,30,,340204,42,,,0,70,,340212,42,,,0,30,,340203,42,,,0,70,,340213,42,,,0,30,,340200,42,,,0,70,,340207,42,,,0,30,,26817,42,,,0,70,,290278,42,,,0,30,,340202,42,,,0,27,,340205,42,,,0,70,,340219,42,,,0,30,,340206,42,,,0,70,,340211,42,,,0,30,,340199,42,,,0,70,,340221,42,,,0
6201,'2',1219,,340240,42,,,0,30,,340254,42,,,0,70,,139024,42,,,0,31,,340234,42,,,0,70,,340243,42,,,0,30,,340245,42,,,0,70,,290988,42,,,0,33,,340249,42,,,0,71,,340227,42,,,0,31,,340256,42,,,0,69,,340255,42,,,0,30,,267875,42,,,0,67,,340236,42,,,0,30,,340229,42,,,0,69,,340233,42,,,0,30,,340257,42,,,0,68,,340251,42,,,0,30,,340237,42,,,0,69,,340241,42,,,0,30,,340244,42,,,0,70,,340253,42,,,0,29,,340248,42,,,0,68,,340238,42,,,0,28,,340235,42,,,0,78,,340246,43,,,0,35,,340231,43,,,0
6201,'3',1219,,340272,42,,,0,30,,340289,42,,,0,70,,340274,42,,,0,31,,340265,42,,,0,70,,340279,42,,,0,30,,340281,42,,,0,70,,340270,42,,,0,33,,340285,42,,,0,71,,340259,42,,,0,31,,340291,42,,,0,69,,194274,42,,,0,30,,340278,42,,,0,67,,340267,42,,,0,30,,340261,42,,,0,69,,340264,42,,,0,30,,340292,42,,,0,68,,340287,42,,,0,30,,340268,42,,,0,69,,340273,42,,,0,30,,340280,42,,,0,70,,269736,42,,,0,29,,340284,42,,,0,68,,340269,42,,,0,28,,340266,42,,,0,78,,340282,43,,,0,35,,340263,43,,,0
6201,'4',1219,,180118,42,,,0,30,,340314,42,,,0,70,,340309,42,,,0,31,,196506,42,,,0,70,,340306,42,,,0,30,,340319,42,,,0,70,,340318,42,,,0,33,,340304,42,,,0,71,,282768,42,,,0,29,,340300,42,,,0,73,,214417,42,,,0,28,,340294,42,,,0,67,,66643,42,,,0,30,,340299,42,,,0,69,,340297,42,,,0,30,,340305,42,,,0,68,,340302,42,,,0,30,,340307,42,,,0,69,,340303,42,,,0,30,,340321,42,,,0,70,,340298,42,,,0,29,,340320,42,,,0,68,,340293,42,,,0,28,,340301,42,,,0,78,,340317,43,,,0,35,,340316,43,,,0
6201,'5',1219,,340336,42,,,0,30,,340353,42,,,0,70,,340338,42,,,0,31,,340329,42,,,0,70,,340343,42,,,0,30,,340345,42,,,0,70,,340334,42,,,0,33,,340349,42,,,0,71,,340323,42,,,0,31,,340355,42,,,0,69,,247509,42,,,0,30,,340342,42,,,0,67,,340331,42,,,0,30,,340325,42,,,0,69,,340328,42,,,0,30,,340356,42,,,0,68,,340351,42,,,0,30,,340332,42,,,0,69,,340337,42,,,0,30,,340344,42,,,0,70,,269876,42,,,0,29,,340348,42,,,0,68,,340333,42,,,0,28,,340330,42,,,0,78,,340346,43,,,0,35,,340327,43,,,0
6201,'6',1219,,340368,42,,,0,30,,289303,42,,,0,70,,340369,42,,,0,31,,262158,42,,,0,70,,340374,42,,,0,30,,269974,42,,,0,70,,340366,42,,,0,33,,340379,42,,,0,71,,340357,42,,,0,31,,340386,42,,,0,69,,340385,42,,,0,30,,340373,42,,,0,67,,340363,42,,,0,30,,292756,42,,,0,69,,340361,42,,,0,30,,340387,42,,,0,68,,340381,42,,,0,30,,340364,42,,,0,69,,125116,42,,,0,30,,340375,42,,,0,70,,340383,42,,,0,29,,340378,42,,,0,68,,340365,42,,,0,28,,340362,42,,,0,78,,340376,43,,,0,35,,295700,43,,,0
6201,'7',1219,,340402,42,,,0,30,,340416,42,,,0,70,,139080,42,,,0,31,,340396,42,,,0,70,,340405,42,,,0,30,,340407,42,,,0,70,,290913,42,,,0,33,,340411,42,,,0,71,,340389,42,,,0,31,,340418,42,,,0,69,,340417,42,,,0,30,,267801,42,,,0,67,,340398,42,,,0,30,,340391,42,,,0,69,,340395,42,,,0,30,,340419,42,,,0,68,,340413,42,,,0,30,,340399,42,,,0,69,,340403,42,,,0,30,,340406,42,,,0,70,,340415,42,,,0,29,,340410,42,,,0,68,,340400,42,,,0,28,,340397,42,,,0,78,,340408,43,,,0,35,,340393,43,,,0
6201,'8',844,,340437,42,,,0,71,,340442,42,,,0,30,,284381,42,,,0,70,,340436,42,,,0,30,,340423,42,,,0,72,,340430,42,,,0,30,,340421,42,,,0,70,,340427,42,,,0,30,,340440,42,,,0,70,,340444,42,,,0,30,,340431,42,,,0,70,,340441,42,,,0,30,,340446,42,,,0,70,,340445,42,,,0,30,,340434,42,,,0,70,,286776,42,,,0,30,,340432,42,,,0,70,,217759,42,,,0,30,,340438,42,,,0,70,,340426,42,,,0,30,,340424,42,,,0,70,,340443,42,,,0,30,,340435,42,,,0,70,,340447,42,,,0,30,,340422,42,,,0,67,,340428,42,,,0,30,,340433,42,,,0,70,,340439,42,,,0,30,,340429,42,,,0,70,,340425,42,,,0
6201,'9',1219,,340459,42,,,0,30,,289255,42,,,0,70,,340460,42,,,0,31,,262044,42,,,0,70,,340465,42,,,0,30,,269819,42,,,0,70,,340457,42,,,0,33,,340470,42,,,0,71,,340448,42,,,0,31,,340477,42,,,0,69,,340476,42,,,0,30,,340464,42,,,0,67,,340454,42,,,0,30,,292709,42,,,0,69,,340452,42,,,0,30,,340478,42,,,0,68,,340472,42,,,0,30,,340455,42,,,0,69,,124904,42,,,0,30,,340466,42,,,0,70,,340474,42,,,0,29,,340469,42,,,0,68,,340456,42,,,0,28,,340453,42,,,0,78,,340467,43,,,0,35,,295695,43,,,0
26601,'1',1609,,375504,16,,,0,50,,375505,16,,,0,98,,375506,16,,,0,150,,225035,16,,,0
26601,'11',1609,,209672,16,,,0,50,,375508,16,,,0,98,,375509,16,,,0,150,,375507,16,,,0
26601,'13',1609,,209728,16,,,0,50,,375511,16,,,0,98,,375512,16,,,0,150,,375510,16,,,0
26601,'14',1609,,209971,16,,,0,50,,375514,16,,,0,98,,375515,16,,,0,150,,375513,16,,,0
26601,'2',1609,,375518,16,,,0,50,,375517,16,,,0,98,,375519,16,,,0,150,,375516,16,,,0
26601,'3',1609,,375522,16,,,0,50,,375521,16,,,0,98,,375523,16,,,0,150,,375520,16,,,0
26601,'4',1609,,375526,16,,,0,50,,375525,16,,,0,98,,375524,16,,,0,150,,375527,16,,,0
26601,'5',1609,,375530,16,,,0,50,,375529,16,,,0,98,,375531,16,,,0,150,,375528,16,,,0
26601,'6',1609,,209318,16,,,0,50,,375533,16,,,0,98,,375534,16,,,0,150,,375532,16,,,0
26601,'7',1609,,375537,16,,,0,50,,375536,16,,,0,98,,375538,16,,,0,150,,375535,16,,,0
26601,'9',1609,,209139,16,,,0,50,,375540,16,,,0,98,,375541,16,,,0,150,,375539,16,,,0
