26600,'12',533,,294085,3,,,1,81,,294084,3,,,1,43,,294083,3,,,1,99,,14112,3,,,1
26600,'14',533,,171138,3,,,1,81,,142412,3,,,1,41,,186975,3,,,1,101,,130475,3,,,1
26600,'15',533,,294088,3,,,1,81,,294087,3,,,1,43,,294086,3,,,1,99,,14845,3,,,1
26600,'17',533,,171066,3,,,1,81,,142370,3,,,1,41,,186900,3,,,1,101,,130392,3,,,1
26600,'18',533,,171216,3,,,1,81,,142458,3,,,1,41,,187069,3,,,1,101,,130584,3,,,1
26600,'2',533,,294091,3,,,1,81,,294090,3,,,1,41,,294089,3,,,1,101,,294092,3,,,1
26600,'3',533,,294095,3,,,1,81,,168606,3,,,1,43,,294093,3,,,1,99,,294094,3,,,1
26600,'4',533,,294098,3,,,1,81,,294097,3,,,1,43,,294096,3,,,1,99,,14768,3,,,1
26600,'5',533,,294101,3,,,1,81,,294100,3,,,1,43,,294099,3,,,1,99,,14035,3,,,1
26600,'7',533,,294104,3,,,1,81,,294103,3,,,1,41,,294102,3,,,1,101,,294105,3,,,1
26600,'8',533,,294108,3,,,1,79,,294107,3,,,1,41,,294106,3,,,1,103,,294109,3,,,1
26600,'9',533,,294112,3,,,1,81,,294111,3,,,1,43,,294110,3,,,1,99,,14411,3,,,1
