16800,'1',543,,199953,37,,,1,75,,58048,37,,,1,27,,47575,37,,,1,70,,75190,37,,,1,34,,199966,37,,,1,70,,14013,37,,,1,30,,199956,37,,,1,70,,199964,37,,,1,28,,199960,37,,,1,70,,199962,37,,,1,30,,199969,37,,,1,70,,199972,37,,,1,30,,24336,37,,,1,70,,11909,37,,,1,30,,199961,37,,,1,70,,199965,37,,,1,30,,199954,37,,,1,74,,111478,37,,,1,30,,199977,37,,,1,72,,199976,37,,,1,29,,120123,37,,,1,68,,199959,37,,,1,30,,199963,37,,,1,70,,199957,37,,,1,30,,199968,37,,,1,70,,42755,37,,,1,28,,199970,37,,,1,70,,199967,37,,,1,27,,199975,37,,,1,70,,199974,37,,,1,30,,42758,37,,,1,70,,199971,37,,,1,30,,199958,37,,,1,100,,199973,37,,,1,110,,199955,37,,,1
16800,'10',543,,199983,37,,,1,102,,105260,37,,,1,104,,199989,37,,,1,100,,199984,37,,,1,98,,199987,37,,,1,100,,199990,37,,,1,100,,21838,37,,,1,100,,199981,37,,,1,100,,199991,37,,,1,104,,199980,37,,,1,99,,199978,37,,,1,100,,50275,37,,,1,100,,199985,37,,,1,98,,199988,37,,,1,97,,199986,37,,,1,100,,199992,37,,,1,100,,199993,37,,,1,100,,199979,37,,,1,110,,199982,37,,,1
16800,'11',651,,199995,37,,,1,100,,200006,37,,,1,100,,200012,37,,,1,70,,200005,37,,,1,30,,200001,37,,,1,73,,200004,37,,,1,30,,199994,37,,,1,70,,200000,37,,,1,30,,199997,37,,,1,71,,200008,37,,,1,30,,28580,37,,,1,70,,199999,37,,,1,30,,200015,37,,,1,70,,200002,37,,,1,30,,199996,37,,,1,70,,120040,37,,,1,30,,200011,37,,,1,70,,200009,37,,,1,30,,200007,37,,,1,70,,200010,37,,,1,30,,200014,37,,,1,69,,100545,37,,,1,30,,200003,37,,,1,100,,200016,37,,,1,97,,200013,37,,,1,100,,199998,37,,,1,100,,30619,37,,,1,153,,56561,37,,,1
16800,'12',543,,39127,37,,,1,75,,200037,37,,,1,27,,200032,37,,,1,70,,200041,37,,,1,34,,200029,37,,,1,70,,200034,37,,,1,30,,200044,37,,,1,70,,200018,37,,,1,28,,200020,37,,,1,70,,200042,37,,,1,30,,200039,37,,,1,70,,200025,37,,,1,30,,46461,37,,,1,70,,76678,37,,,1,30,,200036,37,,,1,70,,200043,37,,,1,30,,55495,37,,,1,74,,200038,37,,,1,30,,200027,37,,,1,72,,200017,37,,,1,27,,200035,37,,,1,70,,82258,37,,,1,30,,200023,37,,,1,70,,200040,37,,,1,30,,200019,37,,,1,70,,200022,37,,,1,28,,200021,37,,,1,70,,200026,37,,,1,27,,200033,37,,,1,70,,200024,37,,,1,30,,102146,37,,,1,70,,200028,37,,,1,30,,200030,37,,,1,100,,78329,37,,,1,110,,200031,37,,,1
16800,'13',651,,200046,37,,,1,100,,200055,37,,,1,100,,200062,37,,,1,70,,35111,37,,,1,30,,7993,37,,,1,73,,200053,37,,,1,30,,200045,37,,,1,70,,200049,37,,,1,30,,102339,37,,,1,71,,72741,37,,,1,30,,200054,37,,,1,70,,200048,37,,,1,30,,59006,37,,,1,70,,200050,37,,,1,30,,72267,37,,,1,70,,200051,37,,,1,30,,200061,37,,,1,70,,200058,37,,,1,30,,200056,37,,,1,70,,200059,37,,,1,30,,6261,37,,,1,69,,200047,37,,,1,30,,200052,37,,,1,100,,200063,37,,,1,97,,14210,37,,,1,100,,36329,37,,,1,100,,200060,37,,,1,153,,200057,37,,,1
16800,'14',543,,200086,37,,,1,75,,200082,37,,,1,27,,109374,37,,,1,70,,200088,37,,,1,34,,17215,37,,,1,70,,200079,37,,,1,30,,71831,37,,,1,70,,200066,37,,,1,28,,12338,37,,,1,70,,63310,37,,,1,30,,200084,37,,,1,70,,38274,37,,,1,30,,200075,37,,,1,70,,200067,37,,,1,30,,200081,37,,,1,70,,12392,37,,,1,30,,200087,37,,,1,74,,200083,37,,,1,30,,200073,37,,,1,72,,200064,37,,,1,27,,200080,37,,,1,70,,200065,37,,,1,30,,200071,37,,,1,70,,200085,37,,,1,30,,200068,37,,,1,70,,200070,37,,,1,28,,200069,37,,,1,70,,200072,37,,,1,27,,200078,37,,,1,70,,10356,37,,,1,30,,200074,37,,,1,70,,200076,37,,,1,30,,200077,37,,,1,100,,200089,37,,,1,110,,6631,37,,,1
16800,'15',543,,200112,37,,,1,75,,200108,37,,,1,27,,109500,37,,,1,70,,200114,37,,,1,34,,17355,37,,,1,70,,200105,37,,,1,30,,72102,37,,,1,70,,200092,37,,,1,28,,12684,37,,,1,70,,63627,37,,,1,30,,200110,37,,,1,70,,38765,37,,,1,30,,200101,37,,,1,70,,200093,37,,,1,30,,200107,37,,,1,70,,12738,37,,,1,30,,200113,37,,,1,74,,200109,37,,,1,30,,200099,37,,,1,72,,200090,37,,,1,27,,200106,37,,,1,70,,200091,37,,,1,30,,200097,37,,,1,70,,200111,37,,,1,30,,200094,37,,,1,70,,200096,37,,,1,28,,200095,37,,,1,70,,200098,37,,,1,27,,200104,37,,,1,70,,10696,37,,,1,30,,200100,37,,,1,70,,200102,37,,,1,30,,200103,37,,,1,100,,200115,37,,,1,110,,7007,37,,,1
16800,'16',543,,200137,37,,,1,75,,105169,37,,,1,27,,200129,37,,,1,70,,200139,37,,,1,34,,200126,37,,,1,70,,200131,37,,,1,30,,200143,37,,,1,70,,56506,37,,,1,28,,200119,37,,,1,70,,200141,37,,,1,30,,200135,37,,,1,70,,200122,37,,,1,30,,200125,37,,,1,70,,200118,37,,,1,30,,200133,37,,,1,70,,200142,37,,,1,30,,200138,37,,,1,74,,200134,37,,,1,30,,200123,37,,,1,72,,200116,37,,,1,27,,200132,37,,,1,70,,200117,37,,,1,30,,68399,37,,,1,70,,200136,37,,,1,30,,82412,37,,,1,70,,50059,37,,,1,28,,200120,37,,,1,70,,63007,37,,,1,27,,200130,37,,,1,70,,200121,37,,,1,30,,200124,37,,,1,70,,99607,37,,,1,30,,200127,37,,,1,100,,200140,37,,,1,110,,200128,37,,,1
16800,'17',543,,200144,37,,,1,75,,58270,37,,,1,27,,47867,37,,,1,70,,75615,37,,,1,34,,200157,37,,,1,70,,14389,37,,,1,30,,200147,37,,,1,70,,200155,37,,,1,28,,200151,37,,,1,70,,200153,37,,,1,30,,200160,37,,,1,70,,200163,37,,,1,30,,24550,37,,,1,70,,12194,37,,,1,30,,200152,37,,,1,70,,200156,37,,,1,30,,200145,37,,,1,74,,111650,37,,,1,30,,200168,37,,,1,72,,200167,37,,,1,29,,120147,37,,,1,68,,200150,37,,,1,30,,200154,37,,,1,70,,200148,37,,,1,30,,200159,37,,,1,70,,43048,37,,,1,28,,200161,37,,,1,70,,200158,37,,,1,27,,200166,37,,,1,70,,200165,37,,,1,30,,43051,37,,,1,70,,200162,37,,,1,30,,200149,37,,,1,100,,200164,37,,,1,110,,200146,37,,,1
16800,'2',543,,200169,37,,,1,75,,58097,37,,,1,27,,47638,37,,,1,70,,75274,37,,,1,34,,200182,37,,,1,70,,14090,37,,,1,30,,200172,37,,,1,70,,200180,37,,,1,28,,200176,37,,,1,70,,200178,37,,,1,30,,200185,37,,,1,70,,200188,37,,,1,30,,24382,37,,,1,70,,11969,37,,,1,30,,200177,37,,,1,70,,200181,37,,,1,30,,200170,37,,,1,74,,111513,37,,,1,30,,200193,37,,,1,72,,200192,37,,,1,29,,120131,37,,,1,68,,200175,37,,,1,30,,200179,37,,,1,70,,200173,37,,,1,30,,200184,37,,,1,70,,42818,37,,,1,28,,200186,37,,,1,70,,200183,37,,,1,27,,200191,37,,,1,70,,200190,37,,,1,30,,42821,37,,,1,70,,200187,37,,,1,30,,200174,37,,,1,100,,200189,37,,,1,110,,200171,37,,,1
16800,'3',543,,200216,37,,,1,75,,200212,37,,,1,27,,109456,37,,,1,70,,200218,37,,,1,34,,17299,37,,,1,70,,200209,37,,,1,30,,72006,37,,,1,70,,200196,37,,,1,28,,12559,37,,,1,70,,63517,37,,,1,30,,200214,37,,,1,70,,38599,37,,,1,30,,200205,37,,,1,70,,200197,37,,,1,30,,200211,37,,,1,70,,12613,37,,,1,30,,200217,37,,,1,74,,200213,37,,,1,30,,200203,37,,,1,72,,200194,37,,,1,27,,200210,37,,,1,70,,200195,37,,,1,30,,200201,37,,,1,70,,200215,37,,,1,30,,200198,37,,,1,70,,200200,37,,,1,28,,200199,37,,,1,70,,200202,37,,,1,27,,200208,37,,,1,70,,10575,37,,,1,30,,200204,37,,,1,70,,200206,37,,,1,30,,200207,37,,,1,100,,200219,37,,,1,110,,6879,37,,,1
16800,'4',653,,200240,37,,,1,100,,200237,37,,,1,70,,100965,37,,,1,30,,200223,37,,,1,70,,27717,37,,,1,30,,200221,37,,,1,73,,200230,37,,,1,30,,200229,37,,,1,70,,200228,37,,,1,30,,200244,37,,,1,71,,200243,37,,,1,30,,200231,37,,,1,70,,200242,37,,,1,30,,200224,37,,,1,70,,73028,37,,,1,30,,40178,37,,,1,70,,200241,37,,,1,30,,200220,37,,,1,70,,200233,37,,,1,30,,200239,37,,,1,70,,34209,37,,,1,30,,200232,37,,,1,69,,11646,37,,,1,30,,200225,37,,,1,70,,200236,37,,,1,30,,200226,37,,,1,67,,200227,37,,,1,30,,200238,37,,,1,70,,200235,37,,,1,30,,67993,37,,,1,100,,200222,37,,,1,160,,200234,37,,,1
16800,'5',543,,200245,37,,,1,75,,200247,37,,,1,27,,200267,37,,,1,70,,200259,37,,,1,34,,200263,37,,,1,70,,200254,37,,,1,30,,109162,37,,,1,70,,100279,37,,,1,28,,200251,37,,,1,70,,200256,37,,,1,30,,200268,37,,,1,70,,200270,37,,,1,30,,200264,37,,,1,70,,200260,37,,,1,30,,200253,37,,,1,70,,200261,37,,,1,30,,200246,37,,,1,74,,200258,37,,,1,30,,200275,37,,,1,72,,200274,37,,,1,29,,200262,37,,,1,68,,39004,37,,,1,30,,200257,37,,,1,70,,200249,37,,,1,30,,200266,37,,,1,70,,200252,37,,,1,28,,65901,37,,,1,70,,200265,37,,,1,27,,200273,37,,,1,70,,200272,37,,,1,30,,200255,37,,,1,70,,200269,37,,,1,30,,200250,37,,,1,100,,200271,37,,,1,110,,200248,37,,,1
16800,'6',543,,200276,37,,,1,75,,58546,37,,,1,27,,48196,37,,,1,70,,76126,37,,,1,34,,200289,37,,,1,70,,14823,37,,,1,30,,200279,37,,,1,70,,200287,37,,,1,28,,200283,37,,,1,70,,200285,37,,,1,30,,200292,37,,,1,70,,200295,37,,,1,30,,24776,37,,,1,70,,12521,37,,,1,30,,200284,37,,,1,70,,200288,37,,,1,30,,200277,37,,,1,74,,111837,37,,,1,30,,200300,37,,,1,72,,200299,37,,,1,29,,120163,37,,,1,68,,200282,37,,,1,30,,200286,37,,,1,70,,200280,37,,,1,30,,200291,37,,,1,70,,43374,37,,,1,28,,200293,37,,,1,70,,200290,37,,,1,27,,200298,37,,,1,70,,200297,37,,,1,30,,43377,37,,,1,70,,200294,37,,,1,30,,200281,37,,,1,100,,200296,37,,,1,110,,200278,37,,,1
16800,'7',653,,113245,37,,,1,100,,5871,37,,,1,70,,200301,37,,,1,30,,200307,37,,,1,70,,200309,37,,,1,30,,200304,37,,,1,73,,200314,37,,,1,30,,200313,37,,,1,70,,200312,37,,,1,30,,200321,37,,,1,71,,200320,37,,,1,30,,200315,37,,,1,70,,79278,37,,,1,30,,200310,37,,,1,70,,200308,37,,,1,30,,200303,37,,,1,70,,200319,37,,,1,30,,200302,37,,,1,70,,65834,37,,,1,30,,200318,37,,,1,70,,200306,37,,,1,30,,72121,37,,,1,69,,200323,37,,,1,30,,200311,37,,,1,70,,27837,37,,,1,30,,85341,37,,,1,67,,107280,37,,,1,30,,24951,37,,,1,70,,200317,37,,,1,30,,200322,37,,,1,100,,200305,37,,,1,160,,200316,37,,,1
16800,'8',543,,200324,37,,,1,75,,58497,37,,,1,27,,48133,37,,,1,70,,76042,37,,,1,34,,200337,37,,,1,70,,14746,37,,,1,30,,200327,37,,,1,70,,200335,37,,,1,28,,200331,37,,,1,70,,200333,37,,,1,30,,200340,37,,,1,70,,200343,37,,,1,30,,24730,37,,,1,70,,12461,37,,,1,30,,200332,37,,,1,70,,200336,37,,,1,30,,200325,37,,,1,74,,111802,37,,,1,30,,200348,37,,,1,72,,200347,37,,,1,29,,120155,37,,,1,68,,200330,37,,,1,30,,200334,37,,,1,70,,200328,37,,,1,30,,200339,37,,,1,70,,43311,37,,,1,28,,200341,37,,,1,70,,200338,37,,,1,27,,200346,37,,,1,70,,200345,37,,,1,30,,43314,37,,,1,70,,200342,37,,,1,30,,200329,37,,,1,100,,200344,37,,,1,110,,200326,37,,,1
16800,'9',651,,200350,37,,,1,100,,200363,37,,,1,100,,200368,37,,,1,70,,200362,37,,,1,30,,200356,37,,,1,73,,200360,37,,,1,30,,200349,37,,,1,70,,200355,37,,,1,30,,200353,37,,,1,71,,200365,37,,,1,30,,200361,37,,,1,70,,35338,37,,,1,30,,200371,37,,,1,70,,200357,37,,,1,30,,200352,37,,,1,70,,200358,37,,,1,30,,86788,37,,,1,70,,48079,37,,,1,30,,100801,37,,,1,70,,200366,37,,,1,30,,200370,37,,,1,69,,200351,37,,,1,30,,200359,37,,,1,100,,200372,37,,,1,97,,200369,37,,,1,100,,200354,37,,,1,100,,200367,37,,,1,153,,200364,37,,,1
25600,'1',520,,203560,17,,,1,36,,203559,17,,,1,67,,203558,17,,,1,27,,1130,17,,,1,70,,203556,17,,,1,29,,203557,17,,,1,74,,8588,17,,,1
25600,'10',520,,114920,17,,,1,103,,109783,17,,,1,97,,203561,17,,,1,103,,203562,17,,,1
25600,'12',520,,119225,17,,,1,36,,203566,17,,,1,67,,203565,17,,,1,26,,203568,17,,,1,71,,203567,17,,,1,29,,203564,17,,,1,72,,203563,17,,,1
25600,'14',520,,203569,17,,,1,36,,203572,17,,,1,67,,203571,17,,,1,26,,203574,17,,,1,71,,203573,17,,,1,29,,203570,17,,,1,72,,17931,17,,,1
25600,'15',520,,203575,17,,,1,36,,203578,17,,,1,67,,203577,17,,,1,26,,203580,17,,,1,71,,203579,17,,,1,29,,203576,17,,,1,72,,18256,17,,,1
25600,'16',520,,203582,17,,,1,36,,203585,17,,,1,67,,203584,17,,,1,26,,203586,17,,,1,71,,107019,17,,,1,29,,203583,17,,,1,72,,203581,17,,,1
25600,'17',520,,203591,17,,,1,36,,203590,17,,,1,67,,203589,17,,,1,27,,1405,17,,,1,70,,203587,17,,,1,29,,203588,17,,,1,74,,8759,17,,,1
25600,'2',520,,203596,17,,,1,36,,203595,17,,,1,67,,203594,17,,,1,27,,1189,17,,,1,70,,203592,17,,,1,29,,203593,17,,,1,74,,8623,17,,,1
25600,'3',520,,203597,17,,,1,36,,203600,17,,,1,67,,203599,17,,,1,26,,203602,17,,,1,71,,203601,17,,,1,29,,203598,17,,,1,72,,18137,17,,,1
25600,'5',520,,203609,17,,,1,36,,203608,17,,,1,67,,203607,17,,,1,27,,203606,17,,,1,70,,203604,17,,,1,29,,203605,17,,,1,74,,203603,17,,,1
25600,'6',520,,203614,17,,,1,36,,203613,17,,,1,67,,203612,17,,,1,27,,1720,17,,,1,70,,203610,17,,,1,29,,203611,17,,,1,74,,8957,17,,,1
25600,'8',520,,203619,17,,,1,36,,203618,17,,,1,67,,203617,17,,,1,27,,1661,17,,,1,70,,203615,17,,,1,29,,203616,17,,,1,74,,8922,17,,,1
65600,'1',1548,,205155,30,,,1
65600,'17',1548,,205156,30,,,1
65600,'2',1548,,205157,30,,,1
65600,'5',1548,,205158,30,,,1
65600,'6',1548,,205159,30,,,1
65600,'8',1548,,205160,30,,,1
65700,'1',1549,,1142,30,,,1
65700,'17',1549,,1417,30,,,1
65700,'2',1549,,1201,30,,,1
65700,'5',1549,,205171,30,,,1
65700,'6',1549,,1732,30,,,1
65700,'8',1549,,1673,30,,,1
66801,'1',1438,,205500,34,,,1,7,,205498,34,,,1,7,,205501,34,,,1
66801,'17',1438,,205505,34,,,1,7,,205503,34,,,1,7,,205506,34,,,1
66801,'2',1438,,205510,34,,,1,7,,205508,34,,,1,7,,205511,34,,,1
66801,'5',1438,,205515,34,,,1,7,,205513,34,,,1,7,,205516,34,,,1
66801,'6',1438,,205520,34,,,1,7,,205518,34,,,1,7,,205521,34,,,1
66801,'8',1438,,205525,34,,,1,7,,205523,34,,,1,7,,205526,34,,,1
68100,'1',800,,205856,10,,,1
68100,'17',800,,205857,10,,,1
68100,'2',800,,205858,10,,,1
68100,'5',800,,205859,10,,,1
68100,'6',800,,205860,10,,,1
68100,'8',800,,205861,10,,,1
68101,'1',1621,,205862,67,,,1
68101,'17',1621,,205863,67,,,1
68101,'2',1621,,205864,67,,,1
68101,'5',1621,,205865,67,,,1
68101,'6',1621,,205866,67,,,1
68101,'8',1621,,205867,67,,,1
