4701,'12',1510,,244738,14,,,1,34,,244742,14,,,1,69,,244741,14,,,1,29,,244740,14,,,1,65,,244743,14,,,1,35,,142517,14,,,1,60,,244739,14,,,1
4701,'14',1512,,244749,14,,,1,31,,244748,14,,,1,68,,244744,14,,,1,31,,244745,14,,,1,65,,244746,14,,,1,37,,244747,14,,,1,58,,173620,14,,,1
4701,'15',1510,,244750,14,,,1,34,,244754,14,,,1,69,,244753,14,,,1,29,,244752,14,,,1,65,,244755,14,,,1,35,,142615,14,,,1,60,,244751,14,,,1
4701,'17',1512,,244761,14,,,1,31,,244760,14,,,1,68,,244756,14,,,1,31,,244757,14,,,1,65,,244758,14,,,1,37,,244759,14,,,1,58,,173555,14,,,1
4701,'18',1512,,244767,14,,,1,31,,244766,14,,,1,68,,244762,14,,,1,31,,244763,14,,,1,65,,244764,14,,,1,37,,244765,14,,,1,58,,86506,14,,,1
4701,'2',1512,,244772,14,,,1,31,,244771,14,,,1,68,,244768,14,,,1,31,,244769,14,,,1,65,,180403,14,,,1,37,,244770,14,,,1,58,,244773,14,,,1
4701,'3',1510,,244774,14,,,1,34,,244778,14,,,1,69,,244776,14,,,1,29,,244775,14,,,1,65,,244779,14,,,1,35,,244777,14,,,1,60,,188018,14,,,1
4701,'4',1510,,244780,14,,,1,34,,244784,14,,,1,69,,244783,14,,,1,29,,244782,14,,,1,65,,244785,14,,,1,35,,142672,14,,,1,60,,244781,14,,,1
4701,'5',1510,,244786,14,,,1,34,,244790,14,,,1,69,,244789,14,,,1,29,,244788,14,,,1,65,,244791,14,,,1,35,,142309,14,,,1,60,,244787,14,,,1
4701,'7',1512,,244794,14,,,1,31,,125442,14,,,1,68,,161633,14,,,1,31,,151375,14,,,1,65,,244792,14,,,1,37,,244793,14,,,1,58,,244795,14,,,1
4701,'8',1512,,244800,14,,,1,32,,244796,14,,,1,69,,244802,14,,,1,30,,244797,14,,,1,64,,244801,14,,,1,35,,244798,14,,,1,60,,244799,14,,,1
4701,'9',1510,,244803,14,,,1,34,,244807,14,,,1,69,,244806,14,,,1,29,,244805,14,,,1,65,,244808,14,,,1,35,,142492,14,,,1,60,,244804,14,,,1
