4701,'12',1511,,244738,15,,,1,34,,244742,15,,,1,69,,244741,15,,,1,29,,244740,15,,,1,65,,244743,15,,,1,34,,142517,15,,,1,60,,244739,15,,,1
4701,'14',1513,,244749,15,,,1,31,,244748,15,,,1,68,,244744,15,,,1,31,,244745,15,,,1,65,,244746,15,,,1,36,,244747,15,,,1,58,,173620,15,,,1
4701,'15',1511,,244750,15,,,1,34,,244754,15,,,1,69,,244753,15,,,1,29,,244752,15,,,1,65,,244755,15,,,1,34,,142615,15,,,1,60,,244751,15,,,1
4701,'17',1513,,244761,15,,,1,31,,244760,15,,,1,68,,244756,15,,,1,31,,244757,15,,,1,65,,244758,15,,,1,36,,244759,15,,,1,58,,173555,15,,,1
4701,'18',1513,,244767,15,,,1,31,,244766,15,,,1,68,,244762,15,,,1,31,,244763,15,,,1,65,,244764,15,,,1,36,,244765,15,,,1,58,,86506,15,,,1
4701,'2',1513,,244772,15,,,1,31,,244771,15,,,1,68,,244768,15,,,1,31,,244769,15,,,1,65,,180403,15,,,1,36,,244770,15,,,1,58,,244773,15,,,1
4701,'3',1511,,244774,15,,,1,34,,244778,15,,,1,69,,244776,15,,,1,29,,244775,15,,,1,65,,244779,15,,,1,34,,244777,15,,,1,60,,188018,15,,,1
4701,'4',1511,,244780,15,,,1,34,,244784,15,,,1,69,,244783,15,,,1,29,,244782,15,,,1,65,,244785,15,,,1,34,,142672,15,,,1,60,,244781,15,,,1
4701,'5',1511,,244786,15,,,1,34,,244790,15,,,1,69,,244789,15,,,1,29,,244788,15,,,1,65,,244791,15,,,1,34,,142309,15,,,1,60,,244787,15,,,1
4701,'7',1513,,244794,15,,,1,31,,125442,15,,,1,68,,161633,15,,,1,31,,151375,15,,,1,65,,244792,15,,,1,36,,244793,15,,,1,58,,244795,15,,,1
4701,'8',1513,,244800,15,,,1,32,,244796,15,,,1,69,,244802,15,,,1,30,,244797,15,,,1,64,,244801,15,,,1,34,,244798,15,,,1,60,,244799,15,,,1
4701,'9',1511,,244803,15,,,1,34,,244807,15,,,1,69,,244806,15,,,1,29,,244805,15,,,1,65,,244808,15,,,1,34,,142492,15,,,1,60,,244804,15,,,1
