4701,'1',1505,,157276,4,,,1,33,,157280,4,,,1,69,,157278,4,,,1,30,,157277,4,,,1,65,,120097,4,,,1,35,,157279,4,,,1,20,,114117,4,,,1
4701,'10',1507,,157285,4,,,1,31,,157281,4,,,1,69,,157287,4,,,1,31,,157282,4,,,1,64,,157286,4,,,1,35,,157283,4,,,1,20,,157284,4,,,1
4701,'12',1507,,157291,4,,,1,30,,72644,4,,,1,68,,157288,4,,,1,32,,157289,4,,,1,65,,157290,4,,,1,37,,157292,4,,,1,18,,157293,4,,,1
4701,'14',1507,,157297,4,,,1,30,,157296,4,,,1,68,,157294,4,,,1,32,,157295,4,,,1,65,,78875,4,,,1,37,,10379,4,,,1,18,,157298,4,,,1
4701,'15',1507,,157302,4,,,1,30,,157301,4,,,1,68,,157299,4,,,1,32,,157300,4,,,1,65,,79225,4,,,1,37,,10719,4,,,1,18,,157303,4,,,1
4701,'16',1507,,157308,4,,,1,30,,157307,4,,,1,68,,157304,4,,,1,32,,157305,4,,,1,65,,157306,4,,,1,37,,157309,4,,,1,18,,157310,4,,,1
4701,'17',1505,,157311,4,,,1,33,,157315,4,,,1,69,,157313,4,,,1,30,,157312,4,,,1,65,,120103,4,,,1,35,,157314,4,,,1,20,,114278,4,,,1
4701,'2',1505,,157316,4,,,1,33,,157320,4,,,1,69,,157318,4,,,1,30,,157317,4,,,1,65,,120099,4,,,1,35,,157319,4,,,1,20,,114154,4,,,1
4701,'3',1507,,157324,4,,,1,30,,157323,4,,,1,68,,157321,4,,,1,32,,157322,4,,,1,65,,79094,4,,,1,37,,10598,4,,,1,18,,157325,4,,,1
4701,'5',1505,,157326,4,,,1,33,,157331,4,,,1,69,,157329,4,,,1,30,,157328,4,,,1,65,,157332,4,,,1,35,,157330,4,,,1,20,,157327,4,,,1
4701,'6',1505,,157333,4,,,1,33,,157337,4,,,1,69,,157335,4,,,1,30,,157334,4,,,1,65,,120107,4,,,1,35,,157336,4,,,1,20,,114477,4,,,1
4701,'8',1505,,157338,4,,,1,33,,157342,4,,,1,69,,157340,4,,,1,30,,157339,4,,,1,65,,120105,4,,,1,35,,157341,4,,,1,20,,114440,4,,,1
