9200,'10',727,,93816,2,,,1,131,,93822,2,0,41,1,147,,93811,2,0,41,1,100,,93813,2,0,41,1,100,,93815,2,0,41,1,100,,93818,2,0,41,1,100,,93824,2,0,41,1,99,,93820,2,0,41,1,24,,93804,36,0,41,1,72,,93821,36,0,41,1,28,,93806,36,0,41,1,30,,93823,36,0,41,1,70,,93808,36,0,41,1,30,,93805,36,0,41,1,70,,93810,2,0,41,1,77,,93814,2,0,41,1,95,,93819,2,0,41,1,100,,93807,2,0,41,1,100,,93809,2,0,41,1,100,,93817,2,0,41,1
9200,'11',727,,93837,2,,,1,131,,93843,2,0,41,1,147,,93832,2,0,41,1,100,,93834,2,0,41,1,100,,93836,2,0,41,1,100,,93839,2,0,41,1,100,,93845,2,0,41,1,99,,93841,2,0,41,1,24,,93825,36,0,41,1,72,,93842,36,0,41,1,28,,93827,36,0,41,1,30,,93844,36,0,41,1,70,,93829,36,0,41,1,30,,93826,36,0,41,1,70,,93831,2,0,41,1,77,,93835,2,0,41,1,95,,93840,2,0,41,1,100,,93828,2,0,41,1,100,,93830,2,0,41,1,100,,93838,2,0,41,1
9200,'12',727,,93858,2,,,1,131,,93864,2,0,41,1,147,,93853,2,0,41,1,100,,93855,2,0,41,1,100,,93857,2,0,41,1,100,,93860,2,0,41,1,100,,93866,2,0,41,1,99,,93862,2,0,41,1,24,,93846,36,0,41,1,72,,93863,36,0,41,1,28,,93848,36,0,41,1,30,,93865,36,0,41,1,70,,93850,36,0,41,1,30,,93847,36,0,41,1,70,,93852,2,0,41,1,77,,93856,2,0,41,1,95,,93861,2,0,41,1,100,,93849,2,0,41,1,100,,93851,2,0,41,1,100,,93859,2,0,41,1
9200,'13',858,,93874,2,0,41,1,147,,93883,2,0,41,1,100,,93878,2,0,41,1,100,,93885,2,0,41,1,100,,93880,2,0,41,1,100,,93884,2,0,41,1,100,,93881,2,0,41,1,23,,93875,36,0,41,1,30,,93873,36,0,41,1,70,,93871,36,0,41,1,72,,93876,36,0,41,1,30,,93870,36,0,41,1,28,,93868,36,0,41,1,70,,93869,2,0,41,1,77,,93879,2,0,41,1,95,,93882,2,0,41,1,100,,93867,2,0,41,1,100,,93872,2,0,41,1,100,,93877,2,0,41,1
9200,'15',727,,93898,2,,,1,131,,93904,2,0,41,1,147,,93893,2,0,41,1,100,,93895,2,0,41,1,100,,93897,2,0,41,1,100,,93900,2,0,41,1,100,,93906,2,0,41,1,99,,93902,2,0,41,1,24,,93886,36,0,41,1,72,,93903,36,0,41,1,28,,93888,36,0,41,1,30,,93905,36,0,41,1,70,,93890,36,0,41,1,30,,93887,36,0,41,1,70,,93892,2,0,41,1,77,,93896,2,0,41,1,95,,93901,2,0,41,1,100,,93889,2,0,41,1,100,,93891,2,0,41,1,100,,93899,2,0,41,1
9200,'16',727,,93919,2,,,1,131,,93925,2,0,41,1,147,,93914,2,0,41,1,100,,93916,2,0,41,1,100,,93918,2,0,41,1,100,,93921,2,0,41,1,100,,93927,2,0,41,1,99,,93923,2,0,41,1,24,,93907,36,0,41,1,72,,93924,36,0,41,1,28,,93909,36,0,41,1,30,,93926,36,0,41,1,70,,93911,36,0,41,1,30,,93908,36,0,41,1,70,,93913,2,0,41,1,77,,93917,2,0,41,1,95,,93922,2,0,41,1,100,,93910,2,0,41,1,100,,93912,2,0,41,1,100,,93920,2,0,41,1
9200,'17',858,,93935,2,0,41,1,147,,93944,2,0,41,1,100,,93939,2,0,41,1,100,,93946,2,0,41,1,100,,93941,2,0,41,1,100,,93945,2,0,41,1,100,,93942,2,0,41,1,23,,93936,36,0,41,1,30,,93934,36,0,41,1,70,,93932,36,0,41,1,72,,93937,36,0,41,1,30,,93931,36,0,41,1,28,,93929,36,0,41,1,70,,93930,2,0,41,1,77,,93940,2,0,41,1,95,,93943,2,0,41,1,100,,93928,2,0,41,1,100,,93933,2,0,41,1,100,,93938,2,0,41,1
9200,'18',858,,93957,2,0,41,1,147,,93962,2,0,41,1,100,,93949,2,0,41,1,100,,93963,2,0,41,1,100,,93954,2,0,41,1,100,,93953,2,0,41,1,100,,93952,2,0,41,1,23,,93961,36,0,41,1,72,,93956,36,0,41,1,30,,93960,36,0,41,1,29,,93955,36,0,41,1,71,,93958,36,0,41,1,28,,93964,36,0,41,1,70,,93950,2,0,41,1,77,,93951,2,0,41,1,95,,93948,2,0,41,1,100,,93959,2,0,41,1,100,,93965,2,0,41,1,100,,93947,2,0,41,1
9200,'19',858,,93973,2,0,41,1,147,,93982,2,0,41,1,100,,93977,2,0,41,1,100,,93984,2,0,41,1,100,,93979,2,0,41,1,100,,93983,2,0,41,1,100,,93980,2,0,41,1,23,,93974,36,0,41,1,30,,93972,36,0,41,1,70,,93970,36,0,41,1,72,,93975,36,0,41,1,30,,93969,36,0,41,1,28,,93967,36,0,41,1,70,,93968,2,0,41,1,77,,93978,2,0,41,1,95,,93981,2,0,41,1,100,,93966,2,0,41,1,100,,93971,2,0,41,1,100,,93976,2,0,41,1
9200,'3',727,,93997,2,,,1,131,,94003,2,0,41,1,147,,93992,2,0,41,1,100,,93994,2,0,41,1,100,,93996,2,0,41,1,100,,93999,2,0,41,1,100,,94005,2,0,41,1,99,,94001,2,0,41,1,24,,93985,36,0,41,1,72,,94002,36,0,41,1,28,,93987,36,0,41,1,30,,94004,36,0,41,1,70,,93989,36,0,41,1,30,,93986,36,0,41,1,70,,93991,2,0,41,1,77,,93995,2,0,41,1,95,,94000,2,0,41,1,100,,93988,2,0,41,1,100,,93990,2,0,41,1,100,,93998,2,0,41,1
9200,'4',727,,94018,2,,,1,131,,94024,2,0,41,1,147,,94013,2,0,41,1,100,,94015,2,0,41,1,100,,94017,2,0,41,1,100,,94020,2,0,41,1,100,,94026,2,0,41,1,99,,94022,2,0,41,1,24,,94006,36,0,41,1,72,,94023,36,0,41,1,28,,94008,36,0,41,1,30,,94025,36,0,41,1,70,,94010,36,0,41,1,30,,94007,36,0,41,1,70,,94012,2,0,41,1,77,,94016,2,0,41,1,95,,94021,2,0,41,1,100,,94009,2,0,41,1,100,,94011,2,0,41,1,100,,94019,2,0,41,1
9200,'5',858,,94034,2,0,41,1,147,,94043,2,0,41,1,100,,94038,2,0,41,1,100,,94045,2,0,41,1,100,,94040,2,0,41,1,100,,94044,2,0,41,1,100,,94041,2,0,41,1,23,,94035,36,0,41,1,30,,94033,36,0,41,1,70,,94031,36,0,41,1,72,,94036,36,0,41,1,30,,94030,36,0,41,1,28,,94028,36,0,41,1,70,,94029,2,0,41,1,77,,94039,2,0,41,1,95,,94042,2,0,41,1,100,,94027,2,0,41,1,100,,94032,2,0,41,1,100,,94037,2,0,41,1
9200,'6',727,,94058,2,,,1,131,,94064,2,0,41,1,147,,94053,2,0,41,1,100,,94055,2,0,41,1,100,,94057,2,0,41,1,100,,94060,2,0,41,1,100,,94066,2,0,41,1,99,,94062,2,0,41,1,24,,94046,36,0,41,1,72,,94063,36,0,41,1,28,,94048,36,0,41,1,30,,94065,36,0,41,1,70,,94050,36,0,41,1,30,,94047,36,0,41,1,70,,94052,2,0,41,1,77,,94056,2,0,41,1,95,,94061,2,0,41,1,100,,94049,2,0,41,1,100,,94051,2,0,41,1,100,,94059,2,0,41,1
9200,'7',858,,94074,2,0,41,1,147,,94083,2,0,41,1,100,,94078,2,0,41,1,100,,94085,2,0,41,1,100,,94080,2,0,41,1,100,,94084,2,0,41,1,100,,94081,2,0,41,1,23,,94075,36,0,41,1,30,,94073,36,0,41,1,70,,94071,36,0,41,1,72,,94076,36,0,41,1,30,,94070,36,0,41,1,28,,94068,36,0,41,1,70,,94069,2,0,41,1,77,,94079,2,0,41,1,95,,94082,2,0,41,1,100,,94067,2,0,41,1,100,,94072,2,0,41,1,100,,94077,2,0,41,1
