2600,'10',1504,,27895,3,,,1
2600,'11',1504,,27914,3,,,1
2600,'12',1504,,27933,3,,,1
2600,'15',1504,,27965,3,,,1
2600,'16',1504,,27984,3,,,1
2600,'3',1504,,28037,3,,,1
2600,'4',1504,,28056,3,,,1
2600,'6',1504,,28088,3,,,1
3501,'10',1528,,34374,8,0,33 34,1
3501,'11',1528,,34412,8,0,33 34,1
3501,'12',1528,,34450,8,0,33 34,1
3501,'15',1528,,34551,8,0,33 34,1
3501,'16',1528,,34589,8,0,33 34,1
3501,'3',1528,,34748,8,0,33 34,1
3501,'4',1528,,34786,8,0,33 34,1
3501,'6',1528,,34857,8,0,33 34,1
61901,'10',1519,,118462,14,,,1
61901,'11',1519,,118463,14,,,1
61901,'12',1519,,118464,14,,,1
61901,'15',1519,,118465,14,,,1
61901,'16',1519,,118466,14,,,1
61901,'3',1519,,118467,14,,,1
61901,'4',1519,,118468,14,,,1
61901,'6',1519,,118469,14,,,1
62201,'10',1504,,118495,3,,,1,32,,118494,8,,,1
62201,'11',1504,,118497,3,,,1,32,,118496,8,,,1
62201,'12',1504,,118499,3,,,1,32,,118498,8,,,1
62201,'15',1504,,118501,3,,,1,32,,118500,8,,,1
62201,'16',1504,,118503,3,,,1,32,,118502,8,,,1
62201,'3',1504,,118505,3,,,1,32,,118504,8,,,1
62201,'4',1504,,118507,3,,,1,32,,118506,8,,,1
62201,'6',1504,,118509,3,,,1,32,,118508,8,,,1
63001,'10',1535,,118638,8,,,1
63001,'11',1535,,118639,8,,,1
63001,'12',1535,,118640,8,,,1
63001,'15',1535,,118641,8,,,1
63001,'16',1535,,118642,8,,,1
63001,'3',1535,,118643,8,,,1
63001,'4',1535,,118644,8,,,1
63001,'6',1535,,118645,8,,,1
63101,'10',1532,,118654,8,,,1
63101,'11',1532,,118655,8,,,1
63101,'12',1532,,118656,8,,,1
63101,'15',1532,,118657,8,,,1
63101,'16',1532,,118658,8,,,1
63101,'3',1532,,118659,8,,,1
63101,'4',1532,,118660,8,,,1
63101,'6',1532,,118661,8,,,1
63301,'10',1504,,118686,3,,,1
63301,'11',1504,,118687,3,,,1
63301,'12',1504,,118688,3,,,1
63301,'15',1504,,118689,3,,,1
63301,'16',1504,,118690,3,,,1
63301,'3',1504,,118691,3,,,1
63301,'4',1504,,118692,3,,,1
63301,'6',1504,,118693,3,,,1
