8000,'12',502,,265255,36,0,17 1 18,1,30,,265260,36,0,17 1 18,1
8000,'14',502,,265364,36,0,17 1 18,1,30,,193522,36,0,17 1 18,1
8000,'15',502,,265384,36,0,17 1 18,1,30,,265389,36,0,17 1 18,1
8000,'17',502,,265481,36,0,17 1 18,1,30,,111438,36,0,17 1 18,1
8000,'18',502,,265527,36,0,17 1 18,1,30,,193636,36,0,17 1 18,1
8000,'2',502,,265581,36,0,17 1 18,1,30,,265569,36,0,17 1 18,1
8000,'3',502,,265606,36,0,17 1 18,1,30,,265611,36,0,17 1 18,1
8000,'4',502,,265655,36,0,17 1 18,1,30,,265660,36,0,17 1 18,1
8000,'5',502,,265706,36,0,17 1 18,1,30,,265711,36,0,17 1 18,1
8000,'7',502,,265812,36,0,17 1 18,1,30,,265802,36,0,17 1 18,1
8000,'8',502,,265868,36,0,17 1 18,1,30,,265896,36,0,17 1 18,1
8000,'9',502,,265902,36,0,17 1 18,1,30,,265907,36,0,17 1 18,1
8600,'12',632,,270641,4,,,1,70,,158796,4,,,1,31,,270651,4,,,1,75,,270659,4,,,1,32,,270643,4,,,1,70,,270670,4,,,1,599,,270652,4,,,1,46,,270661,4,,,1,70,,270665,4,,,1,34,,270676,4,,,1,69,,270674,4,,,1,30,,270662,4,,,1
8600,'14',632,,270714,4,,,1,70,,181713,4,,,1,33,,203768,4,,,1,73,,270724,4,,,1,32,,154902,4,,,1,70,,270727,4,,,1,599,,181733,4,,,1,46,,10360,4,,,1,70,,146475,4,,,1,34,,270730,4,,,1,72,,270706,4,,,1,27,,270737,4,,,1
8600,'15',632,,270738,4,,,1,70,,158850,4,,,1,31,,270748,4,,,1,75,,270756,4,,,1,32,,270740,4,,,1,70,,270767,4,,,1,599,,270749,4,,,1,46,,270758,4,,,1,70,,270762,4,,,1,34,,270773,4,,,1,69,,270771,4,,,1,30,,270759,4,,,1
8600,'17',632,,270813,4,,,1,70,,181655,4,,,1,33,,203764,4,,,1,73,,270823,4,,,1,32,,154822,4,,,1,70,,270826,4,,,1,599,,112724,4,,,1,46,,186906,4,,,1,70,,146429,4,,,1,34,,270829,4,,,1,72,,270805,4,,,1,27,,270836,4,,,1
8600,'18',632,,270846,4,,,1,70,,181794,4,,,1,33,,203776,4,,,1,73,,270856,4,,,1,32,,93046,4,,,1,70,,270859,4,,,1,599,,181813,4,,,1,46,,187076,4,,,1,70,,146522,4,,,1,34,,270862,4,,,1,72,,270838,4,,,1,27,,270869,4,,,1
8600,'2',632,,270880,4,,,1,70,,270888,4,,,1,33,,270906,4,,,1,73,,270895,4,,,1,32,,270881,4,,,1,70,,270899,4,,,1,599,,270907,4,,,1,46,,270886,4,,,1,70,,270898,4,,,1,34,,270902,4,,,1,72,,270871,4,,,1,27,,270911,4,,,1
8600,'3',632,,127790,4,,,1,70,,270931,4,,,1,31,,270923,4,,,1,75,,270929,4,,,1,32,,270914,4,,,1,70,,13772,4,,,1,599,,270924,4,,,1,46,,270933,4,,,1,70,,141456,4,,,1,34,,270948,4,,,1,69,,270946,4,,,1,30,,270934,4,,,1
8600,'4',632,,270950,4,,,1,70,,158874,4,,,1,31,,270960,4,,,1,75,,270968,4,,,1,32,,270952,4,,,1,70,,270979,4,,,1,599,,270961,4,,,1,46,,270970,4,,,1,70,,270974,4,,,1,34,,270985,4,,,1,69,,270983,4,,,1,30,,270971,4,,,1
8600,'5',632,,270987,4,,,1,70,,158680,4,,,1,31,,270997,4,,,1,75,,271005,4,,,1,32,,270989,4,,,1,70,,271016,4,,,1,599,,270998,4,,,1,46,,271007,4,,,1,70,,271011,4,,,1,34,,271022,4,,,1,69,,271020,4,,,1,30,,271008,4,,,1
8600,'7',632,,271060,4,,,1,70,,271070,4,,,1,33,,271091,4,,,1,73,,271079,4,,,1,32,,271061,4,,,1,70,,271083,4,,,1,599,,271092,4,,,1,46,,271067,4,,,1,70,,271082,4,,,1,34,,271087,4,,,1,72,,271053,4,,,1,27,,271097,4,,,1
8600,'9',632,,271147,4,,,1,70,,158782,4,,,1,31,,271157,4,,,1,75,,271165,4,,,1,32,,271149,4,,,1,70,,271176,4,,,1,599,,271158,4,,,1,46,,271167,4,,,1,70,,271171,4,,,1,34,,271182,4,,,1,69,,271180,4,,,1,30,,271168,4,,,1
18900,'1',716,,291815,27,,,1,100,,291820,27,,,1,102,,291811,27,,,1,100,,291818,27,,,1,100,,291821,27,,,1,100,,123280,27,,,1,102,,291819,27,,,1,100,,291814,27,,,1,100,,291812,27,,,1,100,,291817,27,,,1,100,,291813,27,,,1,99,,291822,27,,,1,100,,291816,27,,,1
18900,'10',716,,291827,27,,,1,100,,291833,27,,,1,102,,291823,27,,,1,100,,291831,27,,,1,100,,63886,27,,,1,100,,291828,27,,,1,102,,291832,27,,,1,100,,291826,27,,,1,100,,291824,27,,,1,100,,291830,27,,,1,100,,291825,27,,,1,99,,291834,27,,,1,100,,291829,27,,,1
18900,'11',716,,160206,27,,,1,100,,291841,27,,,1,102,,156111,27,,,1,100,,128647,27,,,1,100,,291837,27,,,1,100,,166998,27,,,1,102,,158625,27,,,1,100,,143001,27,,,1,100,,291840,27,,,1,100,,291835,27,,,1,100,,291839,27,,,1,99,,291838,27,,,1,100,,197916,27,,,1,100,,291836,27,,,1
18900,'12',533,,291857,27,,,1,103,,90533,27,,,1,70,,291855,27,,,1,35,,291858,27,,,1,70,,291848,27,,,1,30,,291847,27,,,1,68,,291842,27,,,1,29,,291870,27,,,1,70,,291868,27,,,1,30,,291866,27,,,1,70,,291862,27,,,1,31,,291846,27,,,1,70,,291867,27,,,1,29,,291850,27,,,1,70,,291843,27,,,1,30,,291853,27,,,1,70,,291845,27,,,1,32,,291872,27,,,1,70,,291856,27,,,1,30,,291844,27,,,1,70,,291864,27,,,1,30,,291863,27,,,1,70,,291852,27,,,1,30,,291869,27,,,1,70,,202078,27,,,1,28,,291859,27,,,1,70,,291860,27,,,1,29,,291871,27,,,1,70,,124891,27,,,1,30,,291849,27,,,1,70,,291854,27,,,1,30,,291865,27,,,1,70,,127439,27,,,1,30,,291851,27,,,1,68,,202074,27,,,1,28,,148230,27,,,1,100,,291861,27,,,1
18900,'13',716,,200651,27,,,1,100,,291879,27,,,1,102,,291873,27,,,1,100,,127462,27,,,1,100,,291880,27,,,1,100,,291876,27,,,1,102,,179737,27,,,1,100,,201552,27,,,1,100,,291874,27,,,1,100,,291878,27,,,1,100,,291875,27,,,1,99,,173184,27,,,1,100,,291877,27,,,1
18900,'14',533,,291890,27,,,1,103,,291895,27,,,1,70,,291906,27,,,1,35,,291892,27,,,1,72,,197307,27,,,1,28,,291894,27,,,1,67,,291896,27,,,1,30,,291881,27,,,1,70,,291900,27,,,1,30,,291910,27,,,1,70,,169520,27,,,1,31,,291901,27,,,1,70,,291884,27,,,1,29,,291898,27,,,1,70,,291903,27,,,1,30,,53713,27,,,1,70,,291908,27,,,1,32,,291902,27,,,1,70,,291907,27,,,1,30,,291891,27,,,1,70,,291909,27,,,1,30,,291887,27,,,1,70,,291886,27,,,1,31,,291885,27,,,1,70,,291882,27,,,1,27,,72899,27,,,1,70,,291904,27,,,1,29,,291888,27,,,1,70,,291911,27,,,1,30,,191562,27,,,1,70,,291889,27,,,1,30,,291883,27,,,1,70,,124714,27,,,1,30,,291899,27,,,1,68,,291897,27,,,1,28,,291893,27,,,1,100,,291905,27,,,1
18900,'15',533,,291927,27,,,1,103,,91316,27,,,1,70,,291925,27,,,1,35,,291928,27,,,1,70,,291918,27,,,1,30,,291917,27,,,1,68,,291912,27,,,1,29,,291940,27,,,1,70,,291938,27,,,1,30,,291936,27,,,1,70,,291932,27,,,1,31,,291916,27,,,1,70,,291937,27,,,1,29,,291920,27,,,1,70,,291913,27,,,1,30,,291923,27,,,1,70,,291915,27,,,1,32,,291942,27,,,1,70,,291926,27,,,1,30,,291914,27,,,1,70,,291934,27,,,1,30,,291933,27,,,1,70,,291922,27,,,1,30,,291939,27,,,1,70,,202179,27,,,1,28,,291929,27,,,1,70,,291930,27,,,1,29,,291941,27,,,1,70,,125103,27,,,1,30,,291919,27,,,1,70,,291924,27,,,1,30,,291935,27,,,1,70,,127549,27,,,1,30,,291921,27,,,1,68,,202175,27,,,1,28,,148486,27,,,1,100,,291931,27,,,1
18900,'16',716,,291946,27,,,1,100,,291954,27,,,1,102,,291955,27,,,1,100,,291949,27,,,1,100,,291947,27,,,1,100,,291956,27,,,1,102,,291953,27,,,1,100,,291944,27,,,1,100,,291952,27,,,1,100,,291943,27,,,1,100,,291951,27,,,1,99,,291948,27,,,1,100,,291950,27,,,1,100,,291945,27,,,1
18900,'17',533,,291966,27,,,1,103,,291971,27,,,1,70,,291982,27,,,1,35,,291968,27,,,1,72,,197272,27,,,1,28,,291970,27,,,1,67,,291972,27,,,1,30,,291957,27,,,1,70,,291976,27,,,1,30,,291986,27,,,1,70,,64438,27,,,1,31,,291977,27,,,1,70,,291960,27,,,1,29,,291974,27,,,1,70,,291979,27,,,1,30,,128989,27,,,1,70,,291984,27,,,1,32,,291978,27,,,1,70,,291983,27,,,1,30,,291967,27,,,1,70,,291985,27,,,1,30,,291963,27,,,1,70,,291962,27,,,1,31,,291961,27,,,1,70,,291958,27,,,1,27,,132127,27,,,1,70,,291980,27,,,1,29,,291964,27,,,1,70,,291987,27,,,1,30,,25879,27,,,1,70,,291965,27,,,1,30,,291959,27,,,1,70,,65944,27,,,1,30,,291975,27,,,1,68,,291973,27,,,1,28,,291969,27,,,1,100,,291981,27,,,1
18900,'18',533,,291997,27,,,1,103,,292002,27,,,1,70,,292013,27,,,1,35,,291999,27,,,1,72,,197366,27,,,1,28,,292001,27,,,1,67,,292003,27,,,1,30,,291988,27,,,1,70,,292007,27,,,1,30,,292017,27,,,1,70,,169643,27,,,1,31,,292008,27,,,1,70,,291991,27,,,1,29,,292005,27,,,1,70,,292010,27,,,1,30,,129162,27,,,1,70,,292015,27,,,1,32,,292009,27,,,1,70,,292014,27,,,1,30,,291998,27,,,1,70,,292016,27,,,1,30,,291994,27,,,1,70,,291993,27,,,1,31,,291992,27,,,1,70,,291989,27,,,1,27,,132344,27,,,1,70,,292011,27,,,1,29,,291995,27,,,1,70,,292018,27,,,1,30,,191638,27,,,1,70,,291996,27,,,1,30,,291990,27,,,1,70,,124823,27,,,1,30,,292006,27,,,1,68,,292004,27,,,1,28,,292000,27,,,1,100,,292012,27,,,1
18900,'2',533,,292028,27,,,1,103,,165934,27,,,1,70,,292038,27,,,1,35,,140027,27,,,1,72,,292020,27,,,1,28,,171950,27,,,1,67,,292031,27,,,1,30,,292019,27,,,1,70,,125921,27,,,1,30,,292044,27,,,1,70,,292039,27,,,1,31,,136268,27,,,1,70,,292022,27,,,1,29,,111339,27,,,1,70,,292034,27,,,1,30,,292043,27,,,1,70,,292042,27,,,1,32,,149462,27,,,1,70,,292040,27,,,1,30,,292029,27,,,1,70,,160804,27,,,1,30,,292025,27,,,1,70,,292024,27,,,1,31,,292023,27,,,1,70,,127938,27,,,1,27,,292026,27,,,1,70,,292036,27,,,1,29,,292027,27,,,1,70,,292045,27,,,1,30,,292041,27,,,1,70,,154470,27,,,1,30,,292021,27,,,1,70,,292035,27,,,1,30,,292033,27,,,1,68,,292032,27,,,1,28,,292030,27,,,1,100,,292037,27,,,1
18900,'3',533,,26767,27,,,1,103,,292051,27,,,1,70,,292058,27,,,1,35,,292061,27,,,1,70,,292050,27,,,1,30,,292049,27,,,1,68,,292046,27,,,1,29,,292068,27,,,1,70,,292066,27,,,1,30,,187567,27,,,1,70,,184325,27,,,1,31,,292048,27,,,1,70,,292065,27,,,1,29,,292054,27,,,1,70,,121215,27,,,1,30,,292057,27,,,1,70,,184286,27,,,1,32,,292071,27,,,1,70,,292059,27,,,1,30,,292047,27,,,1,70,,96822,27,,,1,30,,292064,27,,,1,70,,292056,27,,,1,30,,292067,27,,,1,70,,292063,27,,,1,28,,292062,27,,,1,70,,182363,27,,,1,29,,292070,27,,,1,70,,292055,27,,,1,30,,292053,27,,,1,70,,150796,27,,,1,30,,161206,27,,,1,70,,292069,27,,,1,30,,121921,27,,,1,68,,292060,27,,,1,28,,292052,27,,,1,100,,203194,27,,,1
18900,'4',533,,292087,27,,,1,103,,91232,27,,,1,70,,292085,27,,,1,35,,292088,27,,,1,70,,292078,27,,,1,30,,292077,27,,,1,68,,292072,27,,,1,29,,292100,27,,,1,70,,292098,27,,,1,30,,292096,27,,,1,70,,292092,27,,,1,31,,292076,27,,,1,70,,292097,27,,,1,29,,292080,27,,,1,70,,292073,27,,,1,30,,292083,27,,,1,70,,292075,27,,,1,32,,292102,27,,,1,70,,292086,27,,,1,30,,292074,27,,,1,70,,292094,27,,,1,30,,292093,27,,,1,70,,292082,27,,,1,30,,292099,27,,,1,70,,202217,27,,,1,28,,292089,27,,,1,70,,292090,27,,,1,29,,292101,27,,,1,70,,125211,27,,,1,30,,292079,27,,,1,70,,292084,27,,,1,30,,292095,27,,,1,70,,127603,27,,,1,30,,292081,27,,,1,68,,202213,27,,,1,28,,148624,27,,,1,100,,292091,27,,,1
18900,'5',533,,292118,27,,,1,103,,90449,27,,,1,70,,292116,27,,,1,35,,292119,27,,,1,70,,292109,27,,,1,30,,292108,27,,,1,68,,292103,27,,,1,29,,292131,27,,,1,70,,292129,27,,,1,30,,292127,27,,,1,70,,292123,27,,,1,31,,292107,27,,,1,70,,292128,27,,,1,29,,292111,27,,,1,70,,292104,27,,,1,30,,292114,27,,,1,70,,292106,27,,,1,32,,292133,27,,,1,70,,292117,27,,,1,30,,292105,27,,,1,70,,292125,27,,,1,30,,292124,27,,,1,70,,292113,27,,,1,30,,292130,27,,,1,70,,201847,27,,,1,28,,292120,27,,,1,70,,292121,27,,,1,29,,292132,27,,,1,70,,124435,27,,,1,30,,292110,27,,,1,70,,292115,27,,,1,30,,292126,27,,,1,70,,127203,27,,,1,30,,292112,27,,,1,68,,201843,27,,,1,28,,147661,27,,,1,100,,292122,27,,,1
18900,'6',716,,292137,27,,,1,100,,292144,27,,,1,102,,292145,27,,,1,100,,292139,27,,,1,100,,292138,27,,,1,100,,292146,27,,,1,102,,292143,27,,,1,100,,292135,27,,,1,100,,292142,27,,,1,100,,292134,27,,,1,100,,292141,27,,,1,99,,202233,27,,,1,100,,292140,27,,,1,100,,292136,27,,,1
18900,'7',533,,292157,27,,,1,103,,292161,27,,,1,70,,292171,27,,,1,35,,292159,27,,,1,72,,292149,27,,,1,28,,292160,27,,,1,67,,126760,27,,,1,30,,292147,27,,,1,70,,292165,27,,,1,30,,123580,27,,,1,70,,292172,27,,,1,31,,292166,27,,,1,70,,292151,27,,,1,29,,292163,27,,,1,70,,161062,27,,,1,30,,292175,27,,,1,70,,196100,27,,,1,32,,292167,27,,,1,70,,292173,27,,,1,30,,292158,27,,,1,70,,292176,27,,,1,30,,292153,27,,,1,70,,292152,27,,,1,31,,112238,27,,,1,70,,292148,27,,,1,27,,292154,27,,,1,70,,292169,27,,,1,29,,292155,27,,,1,70,,292177,27,,,1,30,,292174,27,,,1,70,,292156,27,,,1,30,,292150,27,,,1,70,,292168,27,,,1,30,,292164,27,,,1,68,,292162,27,,,1,28,,141831,27,,,1,100,,292170,27,,,1
18900,'8',533,,292178,27,,,1,103,,292209,27,,,1,70,,292191,27,,,1,35,,292214,27,,,1,70,,292184,27,,,1,31,,292211,27,,,1,68,,292190,27,,,1,28,,292205,27,,,1,70,,292213,27,,,1,30,,292210,27,,,1,70,,292207,27,,,1,31,,292182,27,,,1,70,,292202,27,,,1,29,,292181,27,,,1,70,,292199,27,,,1,30,,292187,27,,,1,70,,292208,27,,,1,32,,292206,27,,,1,70,,292195,27,,,1,30,,292180,27,,,1,70,,292183,27,,,1,30,,292192,27,,,1,72,,292186,27,,,1,28,,292193,27,,,1,70,,292212,27,,,1,28,,292197,27,,,1,70,,292194,27,,,1,29,,292189,27,,,1,70,,292198,27,,,1,30,,292204,27,,,1,70,,292196,27,,,1,30,,292200,27,,,1,70,,292188,27,,,1,30,,292185,27,,,1,68,,292179,27,,,1,28,,292201,27,,,1,100,,292203,27,,,1
18900,'9',533,,292230,27,,,1,103,,90848,27,,,1,70,,292228,27,,,1,35,,292231,27,,,1,70,,292221,27,,,1,30,,292220,27,,,1,68,,292215,27,,,1,29,,292243,27,,,1,70,,292241,27,,,1,30,,292239,27,,,1,70,,292235,27,,,1,31,,292219,27,,,1,70,,292240,27,,,1,29,,292223,27,,,1,70,,292216,27,,,1,30,,292226,27,,,1,70,,292218,27,,,1,32,,292245,27,,,1,70,,292229,27,,,1,30,,292217,27,,,1,70,,292237,27,,,1,30,,292236,27,,,1,70,,292225,27,,,1,30,,292242,27,,,1,70,,202049,27,,,1,28,,292232,27,,,1,70,,292233,27,,,1,29,,292244,27,,,1,70,,124845,27,,,1,30,,292222,27,,,1,70,,292227,27,,,1,30,,292238,27,,,1,70,,127411,27,,,1,30,,292224,27,,,1,68,,202045,27,,,1,28,,148165,27,,,1,100,,292234,27,,,1
