27700,'12',558,,121399,5,,,1,69,,35705,5,,,1,30,,294278,5,,,1,73,,294276,5,,,1,29,,294277,5,,,1,84,,294279,5,,,1
27700,'14',558,,294282,5,,,1,69,,294281,5,,,1,29,,78898,5,,,1,74,,136558,5,,,1,29,,294283,5,,,1,84,,294280,5,,,1
27700,'15',558,,121571,5,,,1,69,,36027,5,,,1,30,,294286,5,,,1,73,,294284,5,,,1,29,,294285,5,,,1,84,,294287,5,,,1
27700,'17',558,,294290,5,,,1,69,,294289,5,,,1,29,,146869,5,,,1,74,,136508,5,,,1,29,,294291,5,,,1,84,,294288,5,,,1
27700,'18',558,,294294,5,,,1,69,,294293,5,,,1,29,,146978,5,,,1,74,,136612,5,,,1,29,,294295,5,,,1,84,,294292,5,,,1
27700,'2',558,,184678,5,,,1,69,,294297,5,,,1,29,,294299,5,,,1,74,,294298,5,,,1,29,,294300,5,,,1,84,,294296,5,,,1
27700,'3',558,,294304,5,,,1,69,,294305,5,,,1,30,,294302,5,,,1,73,,132295,5,,,1,29,,294301,5,,,1,84,,294303,5,,,1
27700,'4',558,,121644,5,,,1,69,,35993,5,,,1,30,,294308,5,,,1,73,,294306,5,,,1,29,,294307,5,,,1,84,,294309,5,,,1
27700,'5',558,,121016,5,,,1,69,,35671,5,,,1,30,,294312,5,,,1,73,,294310,5,,,1,29,,294311,5,,,1,84,,294313,5,,,1
27700,'7',558,,294316,5,,,1,69,,294315,5,,,1,29,,294318,5,,,1,74,,294317,5,,,1,29,,294319,5,,,1,84,,294314,5,,,1
27700,'8',558,,294322,5,,,1,99,,294323,5,,,1,102,,294320,5,,,1,84,,294321,5,,,1
27700,'9',558,,121356,5,,,1,69,,35837,5,,,1,30,,294326,5,,,1,73,,294324,5,,,1,29,,294325,5,,,1,84,,294327,5,,,1
65900,'12',815,,295280,15,,,1,3,,295283,15,,,1,2,,295282,15,,,1,3,,295281,15,,,1
65900,'15',815,,295284,15,,,1,3,,295287,15,,,1,2,,295286,15,,,1,3,,295285,15,,,1
65900,'3',815,,295288,15,,,1,3,,295291,15,,,1,2,,295290,15,,,1,3,,295289,15,,,1
65900,'4',815,,295292,15,,,1,3,,295295,15,,,1,2,,295294,15,,,1,3,,295293,15,,,1
65900,'5',815,,295296,15,,,1,3,,295299,15,,,1,2,,295298,15,,,1,3,,295297,15,,,1
65900,'9',815,,295300,15,,,1,3,,295303,15,,,1,2,,295302,15,,,1,3,,295301,15,,,1
