11101,'10',739,,103248,27,0,17,1,3,,103287,27,0,17,1
11101,'11',739,,103320,27,0,17,1,3,,103359,27,0,17,1
11101,'12',739,,103392,27,0,17,1,3,,103431,27,0,17,1
11101,'15',739,,103572,27,0,17,1,3,,103611,27,0,17,1
11101,'16',739,,103644,27,0,17,1,3,,103683,27,0,17,1
11101,'3',739,,103929,27,0,17,1,3,,103968,27,0,17,1
11101,'4',739,,104001,27,0,17,1,3,,104040,27,0,17,1
11101,'6',739,,104144,27,0,17,1,3,,104183,27,0,17,1
18900,'1',710,,114052,14,,,1,100,,114060,14,,,1,101,,114061,14,,,1,100,,114055,14,,,1,100,,114053,14,,,1,100,,114062,14,,,1,102,,114059,14,,,1,100,,114050,14,,,1,100,,114058,14,,,1,100,,114049,14,,,1,100,,114057,14,,,1,99,,114054,14,,,1,100,,114056,14,,,1,100,,114051,14,,,1
18900,'10',527,,114082,14,,,1,103,,114070,14,,,1,70,,114080,14,,,1,33,,114083,14,,,1,70,,114069,14,,,1,30,,114068,14,,,1,69,,114063,14,,,1,29,,114096,14,,,1,70,,114094,14,,,1,30,,114092,14,,,1,70,,114088,14,,,1,31,,114067,14,,,1,70,,114093,14,,,1,29,,114073,14,,,1,70,,114064,14,,,1,30,,114078,14,,,1,70,,114066,14,,,1,31,,114099,14,,,1,70,,114081,14,,,1,30,,114065,14,,,1,70,,114089,14,,,1,31,,114090,14,,,1,70,,114076,14,,,1,30,,114095,14,,,1,70,,114087,14,,,1,29,,114084,14,,,1,70,,114085,14,,,1,29,,114098,14,,,1,70,,114075,14,,,1,30,,114072,14,,,1,70,,114077,14,,,1,30,,114091,14,,,1,70,,114097,14,,,1,30,,114074,14,,,1,28,,114079,14,,,1,69,,114071,14,,,1,100,,114086,14,,,1
18900,'11',527,,114119,14,,,1,103,,114107,14,,,1,70,,114117,14,,,1,33,,114120,14,,,1,70,,114106,14,,,1,30,,114105,14,,,1,69,,114100,14,,,1,29,,114133,14,,,1,70,,114131,14,,,1,30,,114129,14,,,1,70,,114125,14,,,1,31,,114104,14,,,1,70,,114130,14,,,1,29,,114110,14,,,1,70,,114101,14,,,1,30,,114115,14,,,1,70,,114103,14,,,1,31,,114136,14,,,1,70,,114118,14,,,1,30,,114102,14,,,1,70,,114126,14,,,1,31,,114127,14,,,1,70,,114113,14,,,1,30,,114132,14,,,1,70,,114124,14,,,1,29,,114121,14,,,1,70,,114122,14,,,1,29,,114135,14,,,1,70,,114112,14,,,1,30,,114109,14,,,1,70,,114114,14,,,1,30,,114128,14,,,1,70,,114134,14,,,1,30,,114111,14,,,1,28,,114116,14,,,1,69,,114108,14,,,1,100,,114123,14,,,1
18900,'12',527,,114156,14,,,1,103,,114144,14,,,1,70,,114154,14,,,1,33,,114157,14,,,1,70,,114143,14,,,1,30,,114142,14,,,1,69,,114137,14,,,1,29,,114170,14,,,1,70,,114168,14,,,1,30,,114166,14,,,1,70,,114162,14,,,1,31,,114141,14,,,1,70,,114167,14,,,1,29,,114147,14,,,1,70,,114138,14,,,1,30,,114152,14,,,1,70,,114140,14,,,1,31,,114173,14,,,1,70,,114155,14,,,1,30,,114139,14,,,1,70,,114163,14,,,1,31,,114164,14,,,1,70,,114150,14,,,1,30,,114169,14,,,1,70,,114161,14,,,1,29,,114158,14,,,1,70,,114159,14,,,1,29,,114172,14,,,1,70,,114149,14,,,1,30,,114146,14,,,1,70,,114151,14,,,1,30,,114165,14,,,1,70,,114171,14,,,1,30,,114148,14,,,1,28,,114153,14,,,1,69,,114145,14,,,1,100,,114160,14,,,1
18900,'13',527,,114185,14,,,1,103,,114189,14,,,1,70,,114202,14,,,1,33,,114188,14,,,1,72,,114176,14,,,1,28,,114187,14,,,1,68,,114191,14,,,1,30,,114174,14,,,1,70,,114195,14,,,1,30,,114208,14,,,1,70,,114203,14,,,1,31,,114196,14,,,1,70,,114178,14,,,1,29,,114193,14,,,1,70,,114198,14,,,1,30,,114207,14,,,1,70,,114206,14,,,1,31,,114197,14,,,1,70,,114204,14,,,1,30,,114186,14,,,1,70,,114209,14,,,1,31,,114181,14,,,1,70,,114180,14,,,1,31,,114179,14,,,1,70,,114175,14,,,1,28,,114182,14,,,1,70,,114200,14,,,1,29,,114183,14,,,1,70,,114210,14,,,1,30,,114205,14,,,1,70,,114184,14,,,1,30,,114177,14,,,1,70,,114199,14,,,1,30,,114194,14,,,1,28,,114192,14,,,1,69,,114190,14,,,1,100,,114201,14,,,1
18900,'14',710,,114215,14,,,1,100,,114221,14,,,1,101,,114211,14,,,1,100,,114219,14,,,1,100,,114222,14,,,1,100,,114216,14,,,1,102,,114220,14,,,1,100,,114214,14,,,1,100,,114212,14,,,1,100,,114218,14,,,1,100,,114213,14,,,1,99,,114223,14,,,1,100,,114217,14,,,1
18900,'15',527,,114243,14,,,1,103,,114231,14,,,1,70,,114241,14,,,1,33,,114244,14,,,1,70,,114230,14,,,1,30,,114229,14,,,1,69,,114224,14,,,1,29,,114257,14,,,1,70,,114255,14,,,1,30,,114253,14,,,1,70,,114249,14,,,1,31,,114228,14,,,1,70,,114254,14,,,1,29,,114234,14,,,1,70,,114225,14,,,1,30,,114239,14,,,1,70,,114227,14,,,1,31,,114260,14,,,1,70,,114242,14,,,1,30,,114226,14,,,1,70,,114250,14,,,1,31,,114251,14,,,1,70,,114237,14,,,1,30,,114256,14,,,1,70,,114248,14,,,1,29,,114245,14,,,1,70,,114246,14,,,1,29,,114259,14,,,1,70,,114236,14,,,1,30,,114233,14,,,1,70,,114238,14,,,1,30,,114252,14,,,1,70,,114258,14,,,1,30,,114235,14,,,1,28,,114240,14,,,1,69,,114232,14,,,1,100,,114247,14,,,1
18900,'16',527,,114280,14,,,1,103,,114268,14,,,1,70,,114278,14,,,1,33,,114281,14,,,1,70,,114267,14,,,1,30,,114266,14,,,1,69,,114261,14,,,1,29,,114294,14,,,1,70,,114292,14,,,1,30,,114290,14,,,1,70,,114286,14,,,1,31,,114265,14,,,1,70,,114291,14,,,1,29,,114271,14,,,1,70,,114262,14,,,1,30,,114276,14,,,1,70,,114264,14,,,1,31,,114297,14,,,1,70,,114279,14,,,1,30,,114263,14,,,1,70,,114287,14,,,1,31,,114288,14,,,1,70,,114274,14,,,1,30,,114293,14,,,1,70,,114285,14,,,1,29,,114282,14,,,1,70,,114283,14,,,1,29,,114296,14,,,1,70,,114273,14,,,1,30,,114270,14,,,1,70,,114275,14,,,1,30,,114289,14,,,1,70,,114295,14,,,1,30,,114272,14,,,1,28,,114277,14,,,1,69,,114269,14,,,1,100,,114284,14,,,1
18900,'17',527,,114309,14,,,1,103,,114313,14,,,1,70,,114326,14,,,1,33,,114312,14,,,1,72,,114300,14,,,1,28,,114311,14,,,1,68,,114315,14,,,1,30,,114298,14,,,1,70,,114319,14,,,1,30,,114332,14,,,1,70,,114327,14,,,1,31,,114320,14,,,1,70,,114302,14,,,1,29,,114317,14,,,1,70,,114322,14,,,1,30,,114331,14,,,1,70,,114330,14,,,1,31,,114321,14,,,1,70,,114328,14,,,1,30,,114310,14,,,1,70,,114333,14,,,1,31,,114305,14,,,1,70,,114304,14,,,1,31,,114303,14,,,1,70,,114299,14,,,1,28,,114306,14,,,1,70,,114324,14,,,1,29,,114307,14,,,1,70,,114334,14,,,1,30,,114329,14,,,1,70,,114308,14,,,1,30,,114301,14,,,1,70,,114323,14,,,1,30,,114318,14,,,1,28,,114316,14,,,1,69,,114314,14,,,1,100,,114325,14,,,1
18900,'18',527,,114335,14,,,1,103,,114366,14,,,1,70,,114348,14,,,1,33,,114371,14,,,1,70,,114341,14,,,1,31,,114368,14,,,1,69,,114347,14,,,1,28,,114362,14,,,1,70,,114370,14,,,1,30,,114367,14,,,1,70,,114364,14,,,1,31,,114339,14,,,1,70,,114359,14,,,1,29,,114338,14,,,1,70,,114355,14,,,1,30,,114344,14,,,1,70,,114365,14,,,1,31,,114363,14,,,1,70,,114353,14,,,1,30,,114337,14,,,1,70,,114340,14,,,1,31,,114349,14,,,1,72,,114343,14,,,1,28,,114350,14,,,1,70,,114369,14,,,1,29,,114354,14,,,1,70,,114351,14,,,1,29,,114346,14,,,1,70,,114357,14,,,1,30,,114361,14,,,1,70,,114352,14,,,1,30,,114356,14,,,1,70,,114345,14,,,1,30,,114342,14,,,1,28,,114336,14,,,1,69,,114358,14,,,1,100,,114360,14,,,1
18900,'19',527,,114383,14,,,1,103,,114387,14,,,1,70,,114400,14,,,1,33,,114386,14,,,1,72,,114374,14,,,1,28,,114385,14,,,1,68,,114389,14,,,1,30,,114372,14,,,1,70,,114393,14,,,1,30,,114406,14,,,1,70,,114401,14,,,1,31,,114394,14,,,1,70,,114376,14,,,1,29,,114391,14,,,1,70,,114396,14,,,1,30,,114405,14,,,1,70,,114404,14,,,1,31,,114395,14,,,1,70,,114402,14,,,1,30,,114384,14,,,1,70,,114407,14,,,1,31,,114379,14,,,1,70,,114378,14,,,1,31,,114377,14,,,1,70,,114373,14,,,1,28,,114380,14,,,1,70,,114398,14,,,1,29,,114381,14,,,1,70,,114408,14,,,1,30,,114403,14,,,1,70,,114382,14,,,1,30,,114375,14,,,1,70,,114397,14,,,1,30,,114392,14,,,1,28,,114390,14,,,1,69,,114388,14,,,1,100,,114399,14,,,1
18900,'2',710,,114412,14,,,1,100,,114420,14,,,1,101,,114421,14,,,1,100,,114415,14,,,1,100,,114413,14,,,1,100,,114422,14,,,1,102,,114419,14,,,1,100,,114410,14,,,1,100,,114418,14,,,1,100,,114409,14,,,1,100,,114417,14,,,1,99,,114414,14,,,1,100,,114416,14,,,1,100,,114411,14,,,1
18900,'3',527,,114442,14,,,1,103,,114430,14,,,1,70,,114440,14,,,1,33,,114443,14,,,1,70,,114429,14,,,1,30,,114428,14,,,1,69,,114423,14,,,1,29,,114456,14,,,1,70,,114454,14,,,1,30,,114452,14,,,1,70,,114448,14,,,1,31,,114427,14,,,1,70,,114453,14,,,1,29,,114433,14,,,1,70,,114424,14,,,1,30,,114438,14,,,1,70,,114426,14,,,1,31,,114459,14,,,1,70,,114441,14,,,1,30,,114425,14,,,1,70,,114449,14,,,1,31,,114450,14,,,1,70,,114436,14,,,1,30,,114455,14,,,1,70,,114447,14,,,1,29,,114444,14,,,1,70,,114445,14,,,1,29,,114458,14,,,1,70,,114435,14,,,1,30,,114432,14,,,1,70,,114437,14,,,1,30,,114451,14,,,1,70,,114457,14,,,1,30,,114434,14,,,1,28,,114439,14,,,1,69,,114431,14,,,1,100,,114446,14,,,1
18900,'4',527,,114479,14,,,1,103,,114467,14,,,1,70,,114477,14,,,1,33,,114480,14,,,1,70,,114466,14,,,1,30,,114465,14,,,1,69,,114460,14,,,1,29,,114493,14,,,1,70,,114491,14,,,1,30,,114489,14,,,1,70,,114485,14,,,1,31,,114464,14,,,1,70,,114490,14,,,1,29,,114470,14,,,1,70,,114461,14,,,1,30,,114475,14,,,1,70,,114463,14,,,1,31,,114496,14,,,1,70,,114478,14,,,1,30,,114462,14,,,1,70,,114486,14,,,1,31,,114487,14,,,1,70,,114473,14,,,1,30,,114492,14,,,1,70,,114484,14,,,1,29,,114481,14,,,1,70,,114482,14,,,1,29,,114495,14,,,1,70,,114472,14,,,1,30,,114469,14,,,1,70,,114474,14,,,1,30,,114488,14,,,1,70,,114494,14,,,1,30,,114471,14,,,1,28,,114476,14,,,1,69,,114468,14,,,1,100,,114483,14,,,1
18900,'5',527,,114508,14,,,1,103,,114512,14,,,1,70,,114525,14,,,1,33,,114511,14,,,1,72,,114499,14,,,1,28,,114510,14,,,1,68,,114514,14,,,1,30,,114497,14,,,1,70,,114518,14,,,1,30,,114531,14,,,1,70,,114526,14,,,1,31,,114519,14,,,1,70,,114501,14,,,1,29,,114516,14,,,1,70,,114521,14,,,1,30,,114530,14,,,1,70,,114529,14,,,1,31,,114520,14,,,1,70,,114527,14,,,1,30,,114509,14,,,1,70,,114532,14,,,1,31,,114504,14,,,1,70,,114503,14,,,1,31,,114502,14,,,1,70,,114498,14,,,1,28,,114505,14,,,1,70,,114523,14,,,1,29,,114506,14,,,1,70,,114533,14,,,1,30,,114528,14,,,1,70,,114507,14,,,1,30,,114500,14,,,1,70,,114522,14,,,1,30,,114517,14,,,1,28,,114515,14,,,1,69,,114513,14,,,1,100,,114524,14,,,1
18900,'6',527,,114553,14,,,1,103,,114541,14,,,1,70,,114551,14,,,1,33,,114554,14,,,1,70,,114540,14,,,1,30,,114539,14,,,1,69,,114534,14,,,1,29,,114567,14,,,1,70,,114565,14,,,1,30,,114563,14,,,1,70,,114559,14,,,1,31,,114538,14,,,1,70,,114564,14,,,1,29,,114544,14,,,1,70,,114535,14,,,1,30,,114549,14,,,1,70,,114537,14,,,1,31,,114570,14,,,1,70,,114552,14,,,1,30,,114536,14,,,1,70,,114560,14,,,1,31,,114561,14,,,1,70,,114547,14,,,1,30,,114566,14,,,1,70,,114558,14,,,1,29,,114555,14,,,1,70,,114556,14,,,1,29,,114569,14,,,1,70,,114546,14,,,1,30,,114543,14,,,1,70,,114548,14,,,1,30,,114562,14,,,1,70,,114568,14,,,1,30,,114545,14,,,1,28,,114550,14,,,1,69,,114542,14,,,1,100,,114557,14,,,1
18900,'7',527,,114582,14,,,1,103,,114586,14,,,1,70,,114599,14,,,1,33,,114585,14,,,1,72,,114573,14,,,1,28,,114584,14,,,1,68,,114588,14,,,1,30,,114571,14,,,1,70,,114592,14,,,1,30,,114605,14,,,1,70,,114600,14,,,1,31,,114593,14,,,1,70,,114575,14,,,1,29,,114590,14,,,1,70,,114595,14,,,1,30,,114604,14,,,1,70,,114603,14,,,1,31,,114594,14,,,1,70,,114601,14,,,1,30,,114583,14,,,1,70,,114606,14,,,1,31,,114578,14,,,1,70,,114577,14,,,1,31,,114576,14,,,1,70,,114572,14,,,1,28,,114579,14,,,1,70,,114597,14,,,1,29,,114580,14,,,1,70,,114607,14,,,1,30,,114602,14,,,1,70,,114581,14,,,1,30,,114574,14,,,1,70,,114596,14,,,1,30,,114591,14,,,1,28,,114589,14,,,1,69,,114587,14,,,1,100,,114598,14,,,1
18900,'8',710,,114612,14,,,1,100,,114618,14,,,1,101,,114608,14,,,1,100,,114616,14,,,1,100,,114619,14,,,1,100,,114613,14,,,1,102,,114617,14,,,1,100,,114611,14,,,1,100,,114609,14,,,1,100,,114615,14,,,1,100,,114610,14,,,1,99,,114620,14,,,1,100,,114614,14,,,1
18900,'9',710,,114624,14,,,1,100,,114632,14,,,1,101,,114633,14,,,1,100,,114627,14,,,1,100,,114625,14,,,1,100,,114634,14,,,1,102,,114631,14,,,1,100,,114622,14,,,1,100,,114630,14,,,1,100,,114621,14,,,1,100,,114629,14,,,1,99,,114626,14,,,1,100,,114628,14,,,1,100,,114623,14,,,1
61001,'10',1506,,118286,20,,,1
61001,'11',1506,,118287,20,,,1
61001,'12',1506,,118288,20,,,1
61001,'15',1506,,118289,20,,,1
61001,'16',1506,,118290,20,,,1
61001,'3',1506,,118291,20,,,1
61001,'4',1506,,118292,20,,,1
61001,'6',1506,,118293,20,,,1
68901,'10',841,,120350,57,,,1
68901,'11',841,,120351,57,,,1
68901,'12',841,,120352,57,,,1
68901,'15',841,,120353,57,,,1
68901,'16',841,,120354,57,,,1
68901,'3',841,,120355,57,,,1
68901,'4',841,,120356,57,,,1
68901,'6',841,,120357,57,,,1
