5701,'1',933,,58793,24,,,1,100,,58799,24,,,1,102,,58812,24,,,1,100,,58792,24,,,1,100,,58806,24,,,1,100,,58797,24,,,1,100,,58800,24,,,1,100,,58819,24,,,1,100,,58814,24,,,1
5701,'10',625,,58821,25,,,1,10,,58856,24,,,1,15,,58824,24,,,1,55,,58848,24,,,1,15,,58858,24,,,1,15,,58864,24,,,1,14,,58829,24,,,1,71,,58847,24,,,1,18,,58841,24,,,1,13,,58855,24,,,1,70,,58836,24,,,1,32,,58840,24,,,1,70,,58832,24,,,1,30,,58850,24,,,1,70,,58825,24,,,1,30,,58842,24,,,1,70,,58852,24,,,1,28,,58860,24,,,1,70,,58866,24,,,1,99,,58863,24,,,1,30,,58830,24,,,1,71,,58820,24,,,1,29,,58862,24,,,1,71,,58859,24,,,1,31,,58823,24,,,1,70,,58833,24,,,1,30,,58838,24,,,1,72,,58843,24,,,1,33,,58851,24,,,1,66,,58845,24,,,1,30,,58849,24,,,1,70,,58853,24,,,1,30,,58865,24,,,1,70,,58837,24,,,1,28,,58857,24,,,1,70,,58846,24,,,1,27,,58822,24,,,1,74,,58839,24,,,1,82,,58831,25,,,1
5701,'11',625,,58868,25,,,1,10,,58903,24,,,1,15,,58871,24,,,1,55,,58895,24,,,1,15,,58905,24,,,1,15,,58911,24,,,1,14,,58876,24,,,1,71,,58894,24,,,1,18,,58888,24,,,1,13,,58902,24,,,1,70,,58883,24,,,1,32,,58887,24,,,1,70,,58879,24,,,1,30,,58897,24,,,1,70,,58872,24,,,1,30,,58889,24,,,1,70,,58899,24,,,1,28,,58907,24,,,1,70,,58913,24,,,1,99,,58910,24,,,1,30,,58877,24,,,1,71,,58867,24,,,1,29,,58909,24,,,1,71,,58906,24,,,1,31,,58870,24,,,1,70,,58880,24,,,1,30,,58885,24,,,1,72,,58890,24,,,1,33,,58898,24,,,1,66,,58892,24,,,1,30,,58896,24,,,1,70,,58900,24,,,1,30,,58912,24,,,1,70,,58884,24,,,1,28,,58904,24,,,1,70,,58893,24,,,1,27,,58869,24,,,1,74,,58886,24,,,1,82,,58878,25,,,1
5701,'12',625,,58915,25,,,1,10,,58950,24,,,1,15,,58918,24,,,1,55,,58942,24,,,1,15,,58952,24,,,1,15,,58958,24,,,1,14,,58923,24,,,1,71,,58941,24,,,1,18,,58935,24,,,1,13,,58949,24,,,1,70,,58930,24,,,1,32,,58934,24,,,1,70,,58926,24,,,1,30,,58944,24,,,1,70,,58919,24,,,1,30,,58936,24,,,1,70,,58946,24,,,1,28,,58954,24,,,1,70,,58960,24,,,1,99,,58957,24,,,1,30,,58924,24,,,1,71,,58914,24,,,1,29,,58956,24,,,1,71,,58953,24,,,1,31,,58917,24,,,1,70,,58927,24,,,1,30,,58932,24,,,1,72,,58937,24,,,1,33,,58945,24,,,1,66,,58939,24,,,1,30,,58943,24,,,1,70,,58947,24,,,1,30,,58959,24,,,1,70,,58931,24,,,1,28,,58951,24,,,1,70,,58940,24,,,1,27,,58916,24,,,1,74,,58933,24,,,1,82,,58925,25,,,1
5701,'13',625,,59000,25,,,1,10,,58965,24,,,1,15,,58992,24,,,1,55,,58969,24,,,1,15,,58966,24,,,1,15,,58990,24,,,1,14,,59005,24,,,1,58,,59001,24,,,1,13,,59003,24,,,1,18,,58991,24,,,1,13,,58987,24,,,1,70,,59006,24,,,1,32,,58970,24,,,1,70,,58971,24,,,1,30,,58974,24,,,1,70,,58984,24,,,1,30,,59004,24,,,1,70,,58993,24,,,1,28,,58978,24,,,1,70,,58994,24,,,1,30,,59009,24,,,1,69,,58967,24,,,1,30,,59007,24,,,1,71,,58982,24,,,1,29,,58975,24,,,1,71,,58996,24,,,1,31,,58983,24,,,1,70,,58973,24,,,1,30,,58972,24,,,1,72,,58963,24,,,1,33,,59008,24,,,1,66,,58995,24,,,1,30,,59002,24,,,1,70,,58968,24,,,1,30,,58986,24,,,1,70,,58961,24,,,1,28,,58999,24,,,1,70,,58997,24,,,1,27,,58998,24,,,1,74,,58962,24,,,1,82,,58980,25,,,1
5701,'14',805,,59023,24,0,59 60,1,31,,59017,24,,,1,100,,59010,24,,,1,100,,59021,24,,,1,102,,59022,24,,,1,100,,59019,24,,,1,100,,59015,24,,,1,100,,59014,24,,,1,100,,59032,24,,,1,100,,59029,24,,,1,100,,59013,24,,,1,100,,59025,24,,,1,99,,59030,24,,,1,99,,59011,24,,,1,100,,59027,24,,,1,100,,59026,24,,,1
5701,'15',625,,59035,25,,,1,10,,59070,24,,,1,15,,59038,24,,,1,55,,59062,24,,,1,15,,59072,24,,,1,15,,59078,24,,,1,14,,59043,24,,,1,71,,59061,24,,,1,18,,59055,24,,,1,13,,59069,24,,,1,70,,59050,24,,,1,32,,59054,24,,,1,70,,59046,24,,,1,30,,59064,24,,,1,70,,59039,24,,,1,30,,59056,24,,,1,70,,59066,24,,,1,28,,59074,24,,,1,70,,59080,24,,,1,99,,59077,24,,,1,30,,59044,24,,,1,71,,59034,24,,,1,29,,59076,24,,,1,71,,59073,24,,,1,31,,59037,24,,,1,70,,59047,24,,,1,30,,59052,24,,,1,72,,59057,24,,,1,33,,59065,24,,,1,66,,59059,24,,,1,30,,59063,24,,,1,70,,59067,24,,,1,30,,59079,24,,,1,70,,59051,24,,,1,28,,59071,24,,,1,70,,59060,24,,,1,27,,59036,24,,,1,74,,59053,24,,,1,82,,59045,25,,,1
5701,'16',625,,59082,25,,,1,10,,59117,24,,,1,15,,59085,24,,,1,55,,59109,24,,,1,15,,59119,24,,,1,15,,59125,24,,,1,14,,59090,24,,,1,71,,59108,24,,,1,18,,59102,24,,,1,13,,59116,24,,,1,70,,59097,24,,,1,32,,59101,24,,,1,70,,59093,24,,,1,30,,59111,24,,,1,70,,59086,24,,,1,30,,59103,24,,,1,70,,59113,24,,,1,28,,59121,24,,,1,70,,59127,24,,,1,99,,59124,24,,,1,30,,59091,24,,,1,71,,59081,24,,,1,29,,59123,24,,,1,71,,59120,24,,,1,31,,59084,24,,,1,70,,59094,24,,,1,30,,59099,24,,,1,72,,59104,24,,,1,33,,59112,24,,,1,66,,59106,24,,,1,30,,59110,24,,,1,70,,59114,24,,,1,30,,59126,24,,,1,70,,59098,24,,,1,28,,59118,24,,,1,70,,59107,24,,,1,27,,59083,24,,,1,74,,59100,24,,,1,82,,59092,25,,,1
5701,'17',625,,59167,25,,,1,10,,59132,24,,,1,15,,59159,24,,,1,55,,59136,24,,,1,15,,59133,24,,,1,15,,59157,24,,,1,14,,59172,24,,,1,58,,59168,24,,,1,13,,59170,24,,,1,18,,59158,24,,,1,13,,59154,24,,,1,70,,59173,24,,,1,32,,59137,24,,,1,70,,59138,24,,,1,30,,59141,24,,,1,70,,59151,24,,,1,30,,59171,24,,,1,70,,59160,24,,,1,28,,59145,24,,,1,70,,59161,24,,,1,30,,59176,24,,,1,69,,59134,24,,,1,30,,59174,24,,,1,71,,59149,24,,,1,29,,59142,24,,,1,71,,59163,24,,,1,31,,59150,24,,,1,70,,59140,24,,,1,30,,59139,24,,,1,72,,59130,24,,,1,33,,59175,24,,,1,66,,59162,24,,,1,30,,59169,24,,,1,70,,59135,24,,,1,30,,59153,24,,,1,70,,59128,24,,,1,28,,59166,24,,,1,70,,59164,24,,,1,27,,59165,24,,,1,74,,59129,24,,,1,82,,59147,25,,,1
5701,'18',625,,59191,25,,,1,10,,59205,24,,,1,15,,59200,24,,,1,55,,59215,24,,,1,15,,59198,24,,,1,15,,59187,24,,,1,14,,59182,24,,,1,57,,59207,24,,,1,14,,59202,24,,,1,16,,59206,24,,,1,15,,59223,24,,,1,70,,59217,24,,,1,32,,59204,24,,,1,70,,59177,24,,,1,30,,59189,24,,,1,70,,59188,24,,,1,30,,59208,24,,,1,70,,59179,24,,,1,28,,59178,24,,,1,70,,59186,24,,,1,30,,59218,24,,,1,69,,59222,24,,,1,29,,59209,24,,,1,71,,59210,24,,,1,30,,59193,24,,,1,72,,59220,24,,,1,30,,59180,24,,,1,70,,59197,24,,,1,30,,59184,24,,,1,72,,59213,24,,,1,33,,59219,24,,,1,66,,59194,24,,,1,30,,59195,24,,,1,70,,59216,24,,,1,30,,59224,24,,,1,70,,59181,24,,,1,28,,59214,24,,,1,70,,59185,24,,,1,27,,59212,24,,,1,74,,59190,24,,,1,82,,59203,25,,,1
5701,'19',625,,59265,25,,,1,10,,59230,24,,,1,15,,59257,24,,,1,55,,59234,24,,,1,15,,59231,24,,,1,15,,59255,24,,,1,14,,59270,24,,,1,58,,59266,24,,,1,13,,59268,24,,,1,18,,59256,24,,,1,13,,59252,24,,,1,70,,59271,24,,,1,32,,59235,24,,,1,70,,59236,24,,,1,30,,59239,24,,,1,70,,59249,24,,,1,30,,59269,24,,,1,70,,59258,24,,,1,28,,59243,24,,,1,70,,59259,24,,,1,30,,59274,24,,,1,69,,59232,24,,,1,30,,59272,24,,,1,71,,59247,24,,,1,29,,59240,24,,,1,71,,59261,24,,,1,31,,59248,24,,,1,70,,59238,24,,,1,30,,59237,24,,,1,72,,59228,24,,,1,33,,59273,24,,,1,66,,59260,24,,,1,30,,59267,24,,,1,70,,59233,24,,,1,30,,59251,24,,,1,70,,59226,24,,,1,28,,59264,24,,,1,70,,59262,24,,,1,27,,59263,24,,,1,74,,59227,24,,,1,82,,59245,25,,,1
5701,'2',933,,59276,24,,,1,100,,59282,24,,,1,102,,59295,24,,,1,100,,59275,24,,,1,100,,59289,24,,,1,100,,59280,24,,,1,100,,59283,24,,,1,100,,59302,24,,,1,100,,59297,24,,,1
5701,'3',625,,59304,25,,,1,10,,59339,24,,,1,15,,59307,24,,,1,55,,59331,24,,,1,15,,59341,24,,,1,15,,59347,24,,,1,14,,59312,24,,,1,71,,59330,24,,,1,18,,59324,24,,,1,13,,59338,24,,,1,70,,59319,24,,,1,32,,59323,24,,,1,70,,59315,24,,,1,30,,59333,24,,,1,70,,59308,24,,,1,30,,59325,24,,,1,70,,59335,24,,,1,28,,59343,24,,,1,70,,59349,24,,,1,99,,59346,24,,,1,30,,59313,24,,,1,71,,59303,24,,,1,29,,59345,24,,,1,71,,59342,24,,,1,31,,59306,24,,,1,70,,59316,24,,,1,30,,59321,24,,,1,72,,59326,24,,,1,33,,59334,24,,,1,66,,59328,24,,,1,30,,59332,24,,,1,70,,59336,24,,,1,30,,59348,24,,,1,70,,59320,24,,,1,28,,59340,24,,,1,70,,59329,24,,,1,27,,59305,24,,,1,74,,59322,24,,,1,82,,59314,25,,,1
5701,'4',625,,59351,25,,,1,10,,59386,24,,,1,15,,59354,24,,,1,55,,59378,24,,,1,15,,59388,24,,,1,15,,59394,24,,,1,14,,59359,24,,,1,71,,59377,24,,,1,18,,59371,24,,,1,13,,59385,24,,,1,70,,59366,24,,,1,32,,59370,24,,,1,70,,59362,24,,,1,30,,59380,24,,,1,70,,59355,24,,,1,30,,59372,24,,,1,70,,59382,24,,,1,28,,59390,24,,,1,70,,59396,24,,,1,99,,59393,24,,,1,30,,59360,24,,,1,71,,59350,24,,,1,29,,59392,24,,,1,71,,59389,24,,,1,31,,59353,24,,,1,70,,59363,24,,,1,30,,59368,24,,,1,72,,59373,24,,,1,33,,59381,24,,,1,66,,59375,24,,,1,30,,59379,24,,,1,70,,59383,24,,,1,30,,59395,24,,,1,70,,59367,24,,,1,28,,59387,24,,,1,70,,59376,24,,,1,27,,59352,24,,,1,74,,59369,24,,,1,82,,59361,25,,,1
5701,'5',625,,59436,25,,,1,10,,59401,24,,,1,15,,59428,24,,,1,55,,59405,24,,,1,15,,59402,24,,,1,15,,59426,24,,,1,14,,59441,24,,,1,58,,59437,24,,,1,13,,59439,24,,,1,18,,59427,24,,,1,13,,59423,24,,,1,70,,59442,24,,,1,32,,59406,24,,,1,70,,59407,24,,,1,30,,59410,24,,,1,70,,59420,24,,,1,30,,59440,24,,,1,70,,59429,24,,,1,28,,59414,24,,,1,70,,59430,24,,,1,30,,59445,24,,,1,69,,59403,24,,,1,30,,59443,24,,,1,71,,59418,24,,,1,29,,59411,24,,,1,71,,59432,24,,,1,31,,59419,24,,,1,70,,59409,24,,,1,30,,59408,24,,,1,72,,59399,24,,,1,33,,59444,24,,,1,66,,59431,24,,,1,30,,59438,24,,,1,70,,59404,24,,,1,30,,59422,24,,,1,70,,59397,24,,,1,28,,59435,24,,,1,70,,59433,24,,,1,27,,59434,24,,,1,74,,59398,24,,,1,82,,59416,25,,,1
5701,'6',625,,59447,25,,,1,10,,59482,24,,,1,15,,59450,24,,,1,55,,59474,24,,,1,15,,59484,24,,,1,15,,59490,24,,,1,14,,59455,24,,,1,71,,59473,24,,,1,18,,59467,24,,,1,13,,59481,24,,,1,70,,59462,24,,,1,32,,59466,24,,,1,70,,59458,24,,,1,30,,59476,24,,,1,70,,59451,24,,,1,30,,59468,24,,,1,70,,59478,24,,,1,28,,59486,24,,,1,70,,59492,24,,,1,99,,59489,24,,,1,30,,59456,24,,,1,71,,59446,24,,,1,29,,59488,24,,,1,71,,59485,24,,,1,31,,59449,24,,,1,70,,59459,24,,,1,30,,59464,24,,,1,72,,59469,24,,,1,33,,59477,24,,,1,66,,59471,24,,,1,30,,59475,24,,,1,70,,59479,24,,,1,30,,59491,24,,,1,70,,59463,24,,,1,28,,59483,24,,,1,70,,59472,24,,,1,27,,59448,24,,,1,74,,59465,24,,,1,82,,59457,25,,,1
5701,'7',625,,59532,25,,,1,10,,59497,24,,,1,15,,59524,24,,,1,55,,59501,24,,,1,15,,59498,24,,,1,15,,59522,24,,,1,14,,59537,24,,,1,58,,59533,24,,,1,13,,59535,24,,,1,18,,59523,24,,,1,13,,59519,24,,,1,70,,59538,24,,,1,32,,59502,24,,,1,70,,59503,24,,,1,30,,59506,24,,,1,70,,59516,24,,,1,30,,59536,24,,,1,70,,59525,24,,,1,28,,59510,24,,,1,70,,59526,24,,,1,30,,59541,24,,,1,69,,59499,24,,,1,30,,59539,24,,,1,71,,59514,24,,,1,29,,59507,24,,,1,71,,59528,24,,,1,31,,59515,24,,,1,70,,59505,24,,,1,30,,59504,24,,,1,72,,59495,24,,,1,33,,59540,24,,,1,66,,59527,24,,,1,30,,59534,24,,,1,70,,59500,24,,,1,30,,59518,24,,,1,70,,59493,24,,,1,28,,59531,24,,,1,70,,59529,24,,,1,27,,59530,24,,,1,74,,59494,24,,,1,82,,59512,25,,,1
5701,'8',805,,59555,24,0,59 60,1,31,,59549,24,,,1,100,,59542,24,,,1,100,,59553,24,,,1,102,,59554,24,,,1,100,,59551,24,,,1,100,,59547,24,,,1,100,,59546,24,,,1,100,,59564,24,,,1,100,,59561,24,,,1,100,,59545,24,,,1,100,,59557,24,,,1,99,,59562,24,,,1,99,,59543,24,,,1,100,,59559,24,,,1,100,,59558,24,,,1
5701,'9',933,,59567,24,,,1,100,,59573,24,,,1,102,,59586,24,,,1,100,,59566,24,,,1,100,,59580,24,,,1,100,,59571,24,,,1,100,,59574,24,,,1,100,,59593,24,,,1,100,,59588,24,,,1
8801,'10',841,,90380,13,0,61 62,1
8801,'11',841,,90464,13,0,61 62,1
8801,'12',841,,90548,13,0,61 62,1
8801,'15',841,,90779,13,0,61 62,1
8801,'16',841,,90863,13,0,61 62,1
8801,'3',841,,91247,13,0,61 62,1
8801,'4',841,,91331,13,0,61 62,1
8801,'6',841,,91501,13,0,61 62,1
64601,'10',1623,,118863,61,,,1
64601,'11',1623,,118865,61,,,1
64601,'12',1623,,118867,61,,,1
64601,'15',1623,,118869,61,,,1
64601,'16',1623,,118871,61,,,1
64601,'3',1623,,118873,61,,,1
64601,'4',1623,,118875,61,,,1
64601,'6',1623,,118877,61,,,1
