25601,'12',1550,,293632,21,,,1,72,,293631,21,,,1,28,,293635,21,,,1,73,,293633,21,,,1,27,,203659,21,,,1,70,,293636,21,,,1,106,,293634,21,,,1
25601,'14',1542,,293640,21,,,1,78,,293639,21,,,1,29,,293644,21,,,1,74,,293641,21,,,1,27,,293638,21,,,1,70,,293642,21,,,1,31,,293637,21,,,1,75,,293643,21,,,1
25601,'15',1550,,293646,21,,,1,72,,293645,21,,,1,28,,293649,21,,,1,73,,293647,21,,,1,27,,203674,21,,,1,70,,293650,21,,,1,106,,293648,21,,,1
25601,'17',1542,,293654,21,,,1,78,,293653,21,,,1,29,,293658,21,,,1,74,,293655,21,,,1,27,,293652,21,,,1,70,,293656,21,,,1,31,,293651,21,,,1,75,,293657,21,,,1
25601,'18',1542,,293662,21,,,1,78,,293661,21,,,1,29,,293666,21,,,1,74,,293663,21,,,1,27,,293660,21,,,1,70,,293664,21,,,1,31,,293659,21,,,1,75,,293665,21,,,1
25601,'2',1542,,293670,21,,,1,78,,293669,21,,,1,29,,293674,21,,,1,74,,293671,21,,,1,27,,293668,21,,,1,70,,293672,21,,,1,31,,293667,21,,,1,75,,293673,21,,,1
25601,'3',1550,,293675,21,,,1,72,,201793,21,,,1,28,,166809,21,,,1,73,,293676,21,,,1,27,,293677,21,,,1,70,,293678,21,,,1,106,,134442,21,,,1
25601,'4',1550,,293680,21,,,1,72,,293679,21,,,1,28,,293683,21,,,1,73,,293681,21,,,1,27,,203679,21,,,1,70,,293684,21,,,1,106,,293682,21,,,1
25601,'5',1550,,293686,21,,,1,72,,293685,21,,,1,28,,293689,21,,,1,73,,293687,21,,,1,27,,203622,21,,,1,70,,293690,21,,,1,106,,293688,21,,,1
25601,'7',1542,,293694,21,,,1,78,,293693,21,,,1,29,,293698,21,,,1,74,,293695,21,,,1,27,,293692,21,,,1,70,,293696,21,,,1,31,,293691,21,,,1,75,,293697,21,,,1
25601,'8',1542,,293700,21,,,1,110,,293701,21,,,1,100,,293703,21,,,1,98,,293702,21,,,1,76,,293699,21,,,1
25601,'9',1550,,293705,21,,,1,72,,293704,21,,,1,28,,293708,21,,,1,73,,293706,21,,,1,27,,203654,21,,,1,70,,293709,21,,,1,106,,293707,21,,,1
65701,'12',836,,295245,7,,,1
65701,'15',836,,295247,7,,,1
65701,'3',836,,295249,7,,,1
65701,'4',836,,295251,7,,,1
65701,'5',836,,295253,7,,,1
65701,'9',836,,295255,7,,,1
66500,'12',811,,181881,14,,,1,2,,295429,14,,,1
66500,'15',811,,182029,14,,,1,2,,295430,14,,,1
66500,'3',811,,295432,14,,,1,2,,295431,14,,,1
66500,'4',811,,182097,14,,,1,2,,295433,14,,,1
66500,'5',811,,181557,14,,,1,2,,295434,14,,,1
66500,'9',811,,181842,14,,,1,2,,295435,14,,,1
66501,'12',1559,,295438,52,,,1,49,,295437,52,,,1
66501,'15',1559,,295441,52,,,1,49,,295440,52,,,1
66501,'3',1559,,295444,52,,,1,49,,295443,52,,,1
66501,'4',1559,,295447,52,,,1,49,,295446,52,,,1
66501,'5',1559,,295450,52,,,1,49,,295449,52,,,1
66501,'9',1559,,295453,52,,,1,49,,295452,52,,,1
66700,'12',719,,295455,7,,,1,3,,295457,7,,,1,2,,295456,7,,,1
66700,'15',719,,295459,7,,,1,3,,295461,7,,,1,2,,295460,7,,,1
66700,'3',719,,295464,7,,,1,3,,295466,7,,,1,2,,295465,7,,,1
66700,'4',719,,295468,7,,,1,3,,295470,7,,,1,2,,295469,7,,,1
66700,'5',719,,295472,7,,,1,3,,295474,7,,,1,2,,295473,7,,,1
66700,'9',719,,295476,7,,,1,3,,295478,7,,,1,2,,295477,7,,,1
68101,'12',1608,,295868,53,,,1
68101,'15',1608,,295869,53,,,1
68101,'3',1608,,295870,53,,,1
68101,'4',1608,,295871,53,,,1
68101,'5',1608,,295872,53,,,1
68101,'9',1608,,295873,53,,,1
