22801,'10',1634,,116179,30,,,1,81,,116180,30,,,1,98,,116178,30,,,1
22801,'11',1634,,116182,30,,,1,81,,116183,30,,,1,98,,116181,30,,,1
22801,'12',1634,,116185,30,,,1,81,,116186,30,,,1,98,,116184,30,,,1
22801,'13',1633,,116188,30,,,1,83,,116189,30,,,1,97,,116187,30,,,1
22801,'15',1634,,116191,30,,,1,81,,116192,30,,,1,98,,116190,30,,,1
22801,'16',1634,,116194,30,,,1,81,,116195,30,,,1,98,,116193,30,,,1
22801,'17',1633,,116197,30,,,1,83,,116198,30,,,1,97,,116196,30,,,1
22801,'18',1634,,116200,30,,,1,81,,116199,30,,,1,98,,116201,30,,,1
22801,'19',1633,,116203,30,,,1,83,,116204,30,,,1,97,,116202,30,,,1
22801,'3',1634,,116206,30,,,1,81,,116207,30,,,1,98,,116205,30,,,1
22801,'4',1634,,116209,30,,,1,81,,116210,30,,,1,98,,116208,30,,,1
22801,'5',1633,,116212,30,,,1,83,,116213,30,,,1,97,,116211,30,,,1
22801,'6',1634,,116215,30,,,1,81,,116216,30,,,1,98,,116214,30,,,1
22801,'7',1633,,116218,30,,,1,83,,116219,30,,,1,97,,116217,30,,,1
30201,'16',1504,,118123,36,,,1
30201,'5',1504,,118124,36,,,1
