6100,'11',452,,489050,0,15 16,1,70,,614142,0,15 16,1,33,,537466,0,15 16,1
6100,'12',452,,614208,0,15 16,1,70,,614188,0,15 16,1,33,,614183,0,15 16,1
6100,'13',452,,614250,0,15 16,1,70,,614230,0,15 16,1,33,,614225,0,15 16,1
6100,'14',452,,614292,0,15 16,1,70,,614272,0,15 16,1,33,,614267,0,15 16,1
6100,'15',452,,614334,0,15 16,1,70,,614314,0,15 16,1,33,,614309,0,15 16,1
6100,'16',452,,614389,0,15 16,1,70,,614367,0,15 16,1,33,,614352,0,15 16,1
6100,'17',452,,614427,0,15 16,1,70,,614407,0,15 16,1,33,,614402,0,15 16,1
6100,'18',452,,614469,0,15 16,1,70,,614449,0,15 16,1,33,,614444,0,15 16,1
6100,'19',452,,614520,0,15 16,1,70,,614493,0,15 16,1,33,,614490,0,15 16,1
6100,'20',452,,614599,0,15 16,1,70,,614579,0,15 16,1,33,,614574,0,15 16,1
6100,'21',452,,614653,0,15 16,1,70,,488791,0,15 16,1,33,,614615,0,15 16,1
6100,'22',452,,614698,0,15 16,1,70,,614674,0,15 16,1,33,,614669,0,15 16,1
6100,'23',452,,614765,0,15 16,1,70,,614740,0,15 16,1,33,,614720,0,15 16,1
6100,'5',452,,614862,0,15 16,1,70,,614893,0,15 16,1,33,,614873,0,15 16,1
6100,'6',452,,614954,0,15 16,1,70,,614934,0,15 16,1,33,,614918,0,15 16,1
6100,'8',452,,615028,0,15 16,1,70,,615008,0,15 16,1,33,,615003,0,15 16,1
6100,'9',452,,615080,0,15 16,1,70,,615060,0,15 16,1,33,,615044,0,15 16,1
6101,'11',442,,615173,0,9 10,1,71,,615169,0,9 10,1,32,,615186,,,1,70,,615155,,,1,22,,615189,,,1
6101,'12',442,,615217,0,9 10,1,71,,615211,0,9 10,1,32,,539631,,,1,70,,615197,,,1,22,,501021,,,1
6101,'13',442,,615254,0,9 10,1,71,,615248,0,9 10,1,32,,399284,,,1,70,,615234,,,1,22,,399289,,,1
6101,'14',442,,615291,0,9 10,1,71,,615285,0,9 10,1,32,,399817,,,1,70,,615271,,,1,22,,399822,,,1
6101,'15',442,,615328,0,9 10,1,71,,615322,0,9 10,1,32,,399901,,,1,70,,615308,,,1,22,,399906,,,1
6101,'16',442,,615388,0,9 10,1,71,,615351,0,9 10,1,32,,615362,,,1,70,,615387,,,1,22,,615352,,,1
6101,'17',442,,615416,0,9 10,1,71,,615410,0,9 10,1,32,,139004,,,1,70,,615396,,,1,22,,399637,,,1
6101,'18',442,,615453,0,9 10,1,71,,615447,0,9 10,1,32,,399436,,,1,70,,615433,,,1,22,,399441,,,1
6101,'19',442,,615492,0,9 10,1,71,,615485,0,9 10,1,32,,615508,,,1,70,,615471,,,1,22,,615512,,,1
6101,'20',442,,615575,0,9 10,1,71,,615569,0,9 10,1,32,,399511,,,1,70,,615555,,,1,22,,399516,,,1
6101,'21',442,,615632,0,9 10,1,71,,615597,0,9 10,1,32,,615608,,,1,70,,615631,,,1,22,,615599,,,1
6101,'22',442,,615660,0,9 10,1,71,,615653,0,9 10,1,32,,615674,,,1,70,,542632,,,1,22,,615678,,,1
6101,'23',442,,615732,0,9 10,1,71,,615691,0,9 10,1,32,,615703,,,1,70,,615731,,,1,22,,615693,,,1
6101,'5',442,,615844,0,9 10,1,71,,615843,0,9 10,1,32,,615852,,,1,70,,615833,,,1,22,,615842,,,1
6101,'6',442,,615910,0,9 10,1,71,,615880,0,9 10,1,32,,480224,,,1,70,,615909,,,1,22,,615882,,,1
6101,'8',442,,615974,0,9 10,1,71,,615968,0,9 10,1,32,,399769,,,1,70,,615954,,,1,22,,399774,,,1
6101,'9',442,,616025,0,9 10,1,71,,615995,0,9 10,1,32,,480550,,,1,70,,616024,,,1,22,,615997,,,1
