26200,'1',539,,375218,14,,,0,98,,219174,14,,,0,64,,375219,14,,,0,52,,375217,14,,,0
26200,'11',539,,375222,14,,,0,98,,375221,14,,,0,66,,375220,14,,,0,50,,247793,14,,,0
26200,'13',539,,375225,14,,,0,98,,375224,14,,,0,66,,375223,14,,,0,50,,247828,14,,,0
26200,'14',539,,375228,14,,,0,98,,375227,14,,,0,66,,375226,14,,,0,50,,247982,14,,,0
26200,'2',539,,375230,14,,,0,98,,141378,14,,,0,66,,227024,14,,,0,50,,375229,14,,,0
26200,'3',539,,375234,14,,,0,98,,375233,14,,,0,66,,375231,14,,,0,50,,375232,14,,,0
26200,'4',539,,375238,14,,,0,98,,375237,14,,,0,65,,375235,14,,,0,51,,375236,14,,,0
26200,'5',539,,375242,14,,,0,98,,375241,14,,,0,66,,375239,14,,,0,50,,375240,14,,,0
26200,'6',539,,375245,14,,,0,98,,375244,14,,,0,66,,375243,14,,,0,50,,247576,14,,,0
26200,'7',539,,375247,14,,,0,98,,141430,14,,,0,66,,226907,14,,,0,50,,375246,14,,,0
26200,'9',539,,375250,14,,,0,98,,375249,14,,,0,66,,375248,14,,,0,50,,247478,14,,,0
