4301,'10',608,,46128,8,,,1,95,,46136,8,,,1,35,,46142,8,,,1,70,,46134,8,,,1,32,,46133,8,,,1,98,,46139,8,,,1,100,,46131,8,,,1,99,,46132,8,,,1,101,,46130,8,,,1,100,,46129,8,,,1,100,,46141,8,,,1,106,,46137,8,,,1,269,,46143,8,,,1,25,,46140,8,,,1,99,,46127,8,,,1,100,,46144,8,,,1,100,,46145,8,,,1,95,,46135,8,,,1,100,,46138,8,,,1
4301,'11',608,,46147,8,,,1,95,,46155,8,,,1,35,,46161,8,,,1,70,,46153,8,,,1,32,,46152,8,,,1,98,,46158,8,,,1,100,,46150,8,,,1,99,,46151,8,,,1,101,,46149,8,,,1,100,,46148,8,,,1,100,,46160,8,,,1,106,,46156,8,,,1,269,,46162,8,,,1,25,,46159,8,,,1,99,,46146,8,,,1,100,,46163,8,,,1,100,,46164,8,,,1,95,,46154,8,,,1,100,,46157,8,,,1
4301,'12',608,,46166,8,,,1,95,,46174,8,,,1,35,,46180,8,,,1,70,,46172,8,,,1,32,,46171,8,,,1,98,,46177,8,,,1,100,,46169,8,,,1,99,,46170,8,,,1,101,,46168,8,,,1,100,,46167,8,,,1,100,,46179,8,,,1,106,,46175,8,,,1,269,,46181,8,,,1,25,,46178,8,,,1,99,,46165,8,,,1,100,,46182,8,,,1,100,,46183,8,,,1,95,,46173,8,,,1,100,,46176,8,,,1
4301,'13',608,,46191,8,,,1,30,,46198,8,,,1,65,,46200,8,,,1,33,,46202,8,,,1,73,,46195,8,,,1,29,,46193,8,,,1,100,,46188,8,,,1,100,,46201,8,,,1,99,,46199,8,,,1,101,,46203,8,,,1,100,,46192,8,,,1,100,,46197,8,,,1,106,,46196,8,,,1,269,,46186,8,,,1,25,,46194,8,,,1,99,,46187,8,,,1,100,,46184,8,,,1,100,,46185,8,,,1,95,,46189,8,,,1,100,,46190,8,,,1
4301,'15',608,,46205,8,,,1,95,,46213,8,,,1,35,,46219,8,,,1,70,,46211,8,,,1,32,,46210,8,,,1,98,,46216,8,,,1,100,,46208,8,,,1,99,,46209,8,,,1,101,,46207,8,,,1,100,,46206,8,,,1,100,,46218,8,,,1,106,,46214,8,,,1,269,,46220,8,,,1,25,,46217,8,,,1,99,,46204,8,,,1,100,,46221,8,,,1,100,,46222,8,,,1,95,,46212,8,,,1,100,,46215,8,,,1
4301,'16',608,,46224,8,,,1,95,,46232,8,,,1,35,,46238,8,,,1,70,,46230,8,,,1,32,,46229,8,,,1,98,,46235,8,,,1,100,,46227,8,,,1,99,,46228,8,,,1,101,,46226,8,,,1,100,,46225,8,,,1,100,,46237,8,,,1,106,,46233,8,,,1,269,,46239,8,,,1,25,,46236,8,,,1,99,,46223,8,,,1,100,,46240,8,,,1,100,,46241,8,,,1,95,,46231,8,,,1,100,,46234,8,,,1
4301,'17',608,,46249,8,,,1,30,,46256,8,,,1,65,,46258,8,,,1,33,,46260,8,,,1,73,,46253,8,,,1,29,,46251,8,,,1,100,,46246,8,,,1,100,,46259,8,,,1,99,,46257,8,,,1,101,,46261,8,,,1,100,,46250,8,,,1,100,,46255,8,,,1,106,,46254,8,,,1,269,,46244,8,,,1,25,,46252,8,,,1,99,,46245,8,,,1,100,,46242,8,,,1,100,,46243,8,,,1,95,,46247,8,,,1,100,,46248,8,,,1
4301,'18',608,,46277,8,,,1,30,,46281,8,,,1,65,,46280,8,,,1,33,,46268,8,,,1,70,,46265,8,,,1,32,,46274,8,,,1,100,,46273,8,,,1,100,,46262,8,,,1,99,,46271,8,,,1,101,,46276,8,,,1,100,,46278,8,,,1,100,,46275,8,,,1,106,,46272,8,,,1,269,,46269,8,,,1,25,,46263,8,,,1,99,,46267,8,,,1,100,,46279,8,,,1,100,,46264,8,,,1,95,,46270,8,,,1,100,,46266,8,,,1
4301,'19',608,,46289,8,,,1,30,,46296,8,,,1,65,,46298,8,,,1,33,,46300,8,,,1,73,,46293,8,,,1,29,,46291,8,,,1,100,,46286,8,,,1,100,,46299,8,,,1,99,,46297,8,,,1,101,,46301,8,,,1,100,,46290,8,,,1,100,,46295,8,,,1,106,,46294,8,,,1,269,,46284,8,,,1,25,,46292,8,,,1,99,,46285,8,,,1,100,,46282,8,,,1,100,,46283,8,,,1,95,,46287,8,,,1,100,,46288,8,,,1
4301,'3',608,,46303,8,,,1,95,,46311,8,,,1,35,,46317,8,,,1,70,,46309,8,,,1,32,,46308,8,,,1,98,,46314,8,,,1,100,,46306,8,,,1,99,,46307,8,,,1,101,,46305,8,,,1,100,,46304,8,,,1,100,,46316,8,,,1,106,,46312,8,,,1,269,,46318,8,,,1,25,,46315,8,,,1,99,,46302,8,,,1,100,,46319,8,,,1,100,,46320,8,,,1,95,,46310,8,,,1,100,,46313,8,,,1
4301,'4',608,,46322,8,,,1,95,,46330,8,,,1,35,,46336,8,,,1,70,,46328,8,,,1,32,,46327,8,,,1,98,,46333,8,,,1,100,,46325,8,,,1,99,,46326,8,,,1,101,,46324,8,,,1,100,,46323,8,,,1,100,,46335,8,,,1,106,,46331,8,,,1,269,,46337,8,,,1,25,,46334,8,,,1,99,,46321,8,,,1,100,,46338,8,,,1,100,,46339,8,,,1,95,,46329,8,,,1,100,,46332,8,,,1
4301,'5',608,,46347,8,,,1,30,,46354,8,,,1,65,,46356,8,,,1,33,,46358,8,,,1,73,,46351,8,,,1,29,,46349,8,,,1,100,,46344,8,,,1,100,,46357,8,,,1,99,,46355,8,,,1,101,,46359,8,,,1,100,,46348,8,,,1,100,,46353,8,,,1,106,,46352,8,,,1,269,,46342,8,,,1,25,,46350,8,,,1,99,,46343,8,,,1,100,,46340,8,,,1,100,,46341,8,,,1,95,,46345,8,,,1,100,,46346,8,,,1
4301,'6',608,,46361,8,,,1,95,,46369,8,,,1,35,,46375,8,,,1,70,,46367,8,,,1,32,,46366,8,,,1,98,,46372,8,,,1,100,,46364,8,,,1,99,,46365,8,,,1,101,,46363,8,,,1,100,,46362,8,,,1,100,,46374,8,,,1,106,,46370,8,,,1,269,,46376,8,,,1,25,,46373,8,,,1,99,,46360,8,,,1,100,,46377,8,,,1,100,,46378,8,,,1,95,,46368,8,,,1,100,,46371,8,,,1
4301,'7',608,,46386,8,,,1,30,,46393,8,,,1,65,,46395,8,,,1,33,,46397,8,,,1,73,,46390,8,,,1,29,,46388,8,,,1,100,,46383,8,,,1,100,,46396,8,,,1,99,,46394,8,,,1,101,,46398,8,,,1,100,,46387,8,,,1,100,,46392,8,,,1,106,,46391,8,,,1,269,,46381,8,,,1,25,,46389,8,,,1,99,,46382,8,,,1,100,,46379,8,,,1,100,,46380,8,,,1,95,,46384,8,,,1,100,,46385,8,,,1
64400,'10',838,,118798,29,,,1,4,,118799,29,,,1
64400,'11',838,,118800,29,,,1,4,,118801,29,,,1
64400,'12',838,,118802,29,,,1,4,,118803,29,,,1
64400,'15',838,,118804,29,,,1,4,,118805,29,,,1
64400,'16',838,,118806,29,,,1,4,,118807,29,,,1
64400,'3',838,,118808,29,,,1,4,,118809,29,,,1
64400,'4',838,,118810,29,,,1,4,,118811,29,,,1
64400,'6',838,,118812,29,,,1,4,,118813,29,,,1
64900,'10',825,,118950,29,,,1
64900,'11',825,,118951,29,,,1
64900,'12',825,,118952,29,,,1
64900,'15',825,,118953,29,,,1
64900,'16',825,,118954,29,,,1
64900,'3',825,,118955,29,,,1
64900,'4',825,,118956,29,,,1
64900,'6',825,,118957,29,,,1
