8200,'1',650,,267682,14,,,1,105,,169184,14,,,1,70,,179137,14,,,1,30,,267675,14,,,1,73,,267667,16,,,1,31,,267668,16,,,1,70,,267674,16,,,1,30,,267669,16,,,1,70,,267678,16,,,1,30,,267676,16,,,1,70,,267670,16,,,1,30,,267677,16,,,1,70,,179151,16,,,1,30,,267672,16,,,1,70,,81538,16,,,1,30,,267684,16,,,1,70,,267665,16,,,1,30,,267679,16,,,1,70,,267683,16,,,1,30,,267686,16,,,1,70,,267671,16,,,1,30,,267663,16,,,1,70,,267685,16,,,1,30,,191274,16,,,1,70,,267680,16,,,1,30,,155322,16,,,1,70,,267681,16,,,1,30,,179144,16,,,1,69,,267673,16,,,1,27,,267664,14,,,1,70,,267666,14,,,1,110,,179143,14,,,1
8200,'10',650,,267713,14,,,1,105,,267692,14,,,1,70,,267696,14,,,1,30,,201401,14,,,1,73,,267695,16,,,1,31,,267697,16,,,1,70,,267705,16,,,1,30,,267698,16,,,1,70,,267708,16,,,1,30,,267706,16,,,1,70,,267699,16,,,1,30,,267707,16,,,1,70,,267712,16,,,1,30,,267701,16,,,1,70,,267687,16,,,1,30,,267715,16,,,1,70,,267693,16,,,1,30,,267709,16,,,1,70,,267714,16,,,1,30,,267717,16,,,1,70,,267700,16,,,1,30,,267689,16,,,1,70,,267716,16,,,1,30,,267691,16,,,1,70,,267710,16,,,1,30,,267688,16,,,1,70,,267711,16,,,1,30,,267703,16,,,1,69,,267704,16,,,1,27,,267690,14,,,1,70,,267694,14,,,1,110,,267702,14,,,1
8200,'11',723,,267730,14,,,1,97,,25817,14,,,1,100,,267729,14,,,1,104,,188617,16,,,1,30,,267725,16,,,1,70,,36199,16,,,1,30,,267719,16,,,1,70,,267731,16,,,1,30,,267723,16,,,1,70,,267726,16,,,1,30,,150336,16,,,1,70,,267722,16,,,1,30,,267735,16,,,1,70,,267728,16,,,1,30,,267721,16,,,1,70,,267727,16,,,1,30,,267733,16,,,1,70,,267718,16,,,1,30,,267732,16,,,1,68,,267724,14,,,1,30,,267720,14,,,1,70,,159652,14,,,1,100,,267734,14,,,1,98,,267737,14,,,1,118,,267736,14,,,1
8200,'12',520,,267751,14,,,1,97,,267758,14,,,1,104,,267763,14,,,1,96,,267753,14,,,1,35,,131518,16,,,1,68,,126975,16,,,1,30,,186489,16,,,1,70,,205452,16,,,1,30,,267749,16,,,1,70,,267738,16,,,1,30,,267742,16,,,1,69,,196212,16,,,1,30,,267760,16,,,1,70,,267757,16,,,1,30,,206149,16,,,1,70,,267752,16,,,1,29,,267748,16,,,1,70,,267756,19,,,1,31,,267746,19,,,1,74,,267764,19,,,1,30,,267755,19,,,1,68,,267762,19,,,1,29,,202488,19,,,1,69,,267750,19,,,1,30,,267745,16,,,1,72,,267740,16,,,1,30,,205992,16,,,1,70,,267743,16,,,1,32,,267744,16,,,1,70,,267741,16,,,1,27,,267747,14,,,1,70,,267739,14,,,1,101,,267759,14,,,1
8200,'13',650,,267788,14,,,1,105,,267769,14,,,1,70,,267773,14,,,1,30,,267782,14,,,1,73,,267772,16,,,1,31,,139264,16,,,1,70,,267781,16,,,1,30,,267774,16,,,1,70,,267784,16,,,1,30,,115661,16,,,1,70,,267775,16,,,1,30,,267783,16,,,1,70,,267787,16,,,1,30,,267777,16,,,1,70,,267765,16,,,1,30,,267790,16,,,1,70,,267770,16,,,1,30,,267785,16,,,1,70,,267789,16,,,1,30,,267791,16,,,1,70,,267776,16,,,1,30,,176910,16,,,1,70,,197882,16,,,1,30,,267768,16,,,1,70,,267786,16,,,1,30,,267766,16,,,1,70,,166935,16,,,1,30,,267779,16,,,1,69,,267780,16,,,1,27,,267767,14,,,1,70,,267771,14,,,1,110,,267778,14,,,1
8200,'14',520,,267792,14,,,1,97,,94247,14,,,1,33,,267813,14,,,1,69,,180080,14,,,1,32,,267799,14,,,1,70,,267793,14,,,1,31,,267797,16,,,1,68,,267811,16,,,1,30,,267814,16,,,1,70,,267808,16,,,1,30,,267801,16,,,1,70,,267803,16,,,1,30,,135179,16,,,1,69,,140506,16,,,1,30,,267815,16,,,1,70,,267804,16,,,1,30,,267802,16,,,1,70,,267807,16,,,1,31,,267798,16,,,1,68,,267800,19,,,1,30,,134369,19,,,1,73,,267810,19,,,1,30,,267805,19,,,1,68,,152239,19,,,1,32,,178034,19,,,1,70,,138532,19,,,1,28,,267809,16,,,1,72,,180040,16,,,1,30,,267794,16,,,1,70,,267806,16,,,1,32,,267812,16,,,1,70,,162305,16,,,1,27,,189071,14,,,1,70,,267796,14,,,1,101,,267795,14,,,1
8200,'15',520,,267829,14,,,1,97,,267836,14,,,1,104,,267841,14,,,1,96,,267831,14,,,1,35,,131764,16,,,1,68,,127095,16,,,1,30,,186660,16,,,1,70,,205462,16,,,1,30,,267827,16,,,1,70,,267816,16,,,1,30,,267820,16,,,1,69,,196274,16,,,1,30,,267838,16,,,1,70,,267835,16,,,1,30,,206157,16,,,1,70,,267830,16,,,1,29,,267826,16,,,1,70,,267834,19,,,1,31,,267824,19,,,1,74,,267842,19,,,1,30,,267833,19,,,1,68,,267840,19,,,1,29,,202599,19,,,1,69,,267828,19,,,1,30,,267823,16,,,1,72,,267818,16,,,1,30,,205996,16,,,1,70,,267821,16,,,1,32,,267822,16,,,1,70,,267819,16,,,1,27,,267825,14,,,1,70,,267817,14,,,1,101,,267837,14,,,1
8200,'16',723,,267857,14,,,1,97,,267854,14,,,1,100,,267856,14,,,1,104,,267843,16,,,1,30,,157390,16,,,1,70,,267851,16,,,1,30,,267846,16,,,1,70,,267858,16,,,1,30,,267850,16,,,1,70,,267852,16,,,1,30,,267844,16,,,1,70,,267849,16,,,1,30,,267862,16,,,1,70,,267855,16,,,1,30,,267848,16,,,1,70,,267853,16,,,1,30,,267860,16,,,1,70,,267845,16,,,1,30,,267859,16,,,1,68,,176535,14,,,1,30,,267847,14,,,1,70,,267863,14,,,1,100,,267861,14,,,1,98,,267865,14,,,1,118,,267864,14,,,1
8200,'17',520,,267866,14,,,1,97,,172465,14,,,1,33,,267887,14,,,1,69,,179986,14,,,1,32,,267873,14,,,1,70,,267867,14,,,1,31,,267871,16,,,1,68,,267885,16,,,1,30,,267888,16,,,1,70,,267882,16,,,1,30,,267875,16,,,1,70,,267877,16,,,1,30,,17425,16,,,1,69,,140436,16,,,1,30,,267889,16,,,1,70,,267878,16,,,1,30,,267876,16,,,1,70,,267881,16,,,1,31,,267872,16,,,1,68,,267874,19,,,1,30,,134297,19,,,1,73,,267884,19,,,1,30,,267879,19,,,1,68,,152156,19,,,1,32,,177992,19,,,1,70,,91827,19,,,1,28,,267883,16,,,1,72,,179949,16,,,1,30,,267868,16,,,1,70,,267880,16,,,1,32,,267886,16,,,1,70,,120542,16,,,1,27,,188987,14,,,1,70,,267870,14,,,1,101,,267869,14,,,1
8200,'18',520,,267890,14,,,1,97,,172547,14,,,1,33,,267911,14,,,1,69,,180197,14,,,1,32,,267897,14,,,1,70,,267891,14,,,1,31,,267895,16,,,1,68,,267909,16,,,1,30,,267912,16,,,1,70,,267906,16,,,1,30,,267899,16,,,1,70,,267901,16,,,1,30,,135219,16,,,1,69,,140599,16,,,1,30,,267913,16,,,1,70,,267902,16,,,1,30,,267900,16,,,1,70,,267905,16,,,1,31,,267896,16,,,1,68,,267898,19,,,1,30,,110231,19,,,1,73,,267908,19,,,1,30,,267903,19,,,1,68,,152353,19,,,1,32,,178088,19,,,1,70,,138605,19,,,1,28,,267907,16,,,1,72,,180154,16,,,1,30,,267892,16,,,1,70,,267904,16,,,1,32,,267910,16,,,1,70,,162392,16,,,1,27,,42924,14,,,1,70,,267894,14,,,1,101,,267893,14,,,1
8200,'2',520,,267916,14,,,1,97,,267924,14,,,1,33,,267942,14,,,1,69,,267933,14,,,1,32,,267926,14,,,1,70,,199252,14,,,1,31,,267921,16,,,1,68,,267939,16,,,1,30,,267943,16,,,1,70,,77986,16,,,1,30,,267928,16,,,1,70,,267930,16,,,1,30,,267925,16,,,1,69,,267945,16,,,1,30,,267944,16,,,1,70,,267932,16,,,1,30,,267929,16,,,1,70,,267936,16,,,1,31,,267923,16,,,1,68,,267927,19,,,1,30,,267919,19,,,1,73,,267938,19,,,1,30,,267934,19,,,1,68,,267922,19,,,1,32,,267931,19,,,1,70,,267940,19,,,1,28,,267937,16,,,1,72,,267914,16,,,1,30,,267917,16,,,1,70,,267935,16,,,1,32,,267941,16,,,1,70,,267920,16,,,1,27,,267915,14,,,1,70,,267918,14,,,1,101,,201132,14,,,1
8200,'3',520,,267956,14,,,1,97,,267964,14,,,1,104,,267971,14,,,1,96,,267958,14,,,1,35,,267959,16,,,1,68,,267973,16,,,1,30,,267963,16,,,1,70,,267967,16,,,1,30,,267955,16,,,1,70,,267946,16,,,1,30,,267949,16,,,1,69,,267968,16,,,1,30,,267966,16,,,1,70,,55328,16,,,1,30,,267965,16,,,1,70,,267957,16,,,1,29,,267954,16,,,1,70,,121235,19,,,1,31,,267952,19,,,1,74,,267972,19,,,1,30,,267961,19,,,1,68,,267970,19,,,1,29,,267948,19,,,1,69,,186336,19,,,1,30,,267951,16,,,1,72,,267947,16,,,1,30,,267962,16,,,1,70,,194337,16,,,1,32,,267950,16,,,1,70,,194333,16,,,1,27,,267953,14,,,1,70,,154204,14,,,1,101,,92673,14,,,1
8200,'4',520,,267988,14,,,1,97,,267995,14,,,1,104,,268000,14,,,1,96,,267990,14,,,1,35,,131874,16,,,1,68,,127152,16,,,1,30,,186730,16,,,1,70,,205466,16,,,1,30,,267986,16,,,1,70,,267975,16,,,1,30,,267979,16,,,1,69,,196311,16,,,1,30,,267997,16,,,1,70,,267994,16,,,1,30,,206161,16,,,1,70,,267989,16,,,1,29,,267985,16,,,1,70,,267993,19,,,1,31,,267983,19,,,1,74,,268001,19,,,1,30,,267992,19,,,1,68,,267999,19,,,1,29,,202639,19,,,1,69,,267987,19,,,1,30,,267982,16,,,1,72,,267977,16,,,1,30,,205998,16,,,1,70,,267980,16,,,1,32,,267981,16,,,1,70,,267978,16,,,1,27,,267984,14,,,1,70,,267976,14,,,1,101,,267996,14,,,1
8200,'5',520,,268015,14,,,1,97,,268022,14,,,1,104,,268027,14,,,1,96,,268017,14,,,1,35,,131010,16,,,1,68,,126725,16,,,1,30,,186102,16,,,1,70,,205444,16,,,1,30,,268013,16,,,1,70,,268002,16,,,1,30,,268006,16,,,1,69,,196067,16,,,1,30,,268024,16,,,1,70,,268021,16,,,1,30,,206141,16,,,1,70,,268016,16,,,1,29,,268012,16,,,1,70,,268020,19,,,1,31,,268010,19,,,1,74,,268028,19,,,1,30,,268019,19,,,1,68,,268026,19,,,1,29,,202243,19,,,1,69,,268014,19,,,1,30,,268009,16,,,1,72,,268004,16,,,1,30,,205988,16,,,1,70,,268007,16,,,1,32,,268008,16,,,1,70,,268005,16,,,1,27,,268011,14,,,1,70,,268003,14,,,1,101,,268023,14,,,1
8200,'6',723,,268041,14,,,1,97,,268038,14,,,1,100,,268040,14,,,1,104,,268029,16,,,1,30,,268035,16,,,1,70,,268036,16,,,1,30,,268032,16,,,1,70,,268042,16,,,1,30,,10412,16,,,1,70,,81981,16,,,1,30,,268030,16,,,1,70,,175221,16,,,1,30,,268046,16,,,1,70,,268039,16,,,1,30,,268033,16,,,1,70,,268037,16,,,1,30,,268044,16,,,1,70,,268031,16,,,1,30,,268043,16,,,1,68,,268034,14,,,1,30,,179185,14,,,1,70,,268047,14,,,1,100,,268045,14,,,1,98,,268049,14,,,1,118,,268048,14,,,1
8200,'7',520,,268052,14,,,1,97,,268061,14,,,1,33,,268073,14,,,1,69,,268069,14,,,1,32,,199036,14,,,1,70,,268053,14,,,1,31,,268058,16,,,1,68,,199434,16,,,1,30,,268074,16,,,1,70,,268071,16,,,1,30,,268064,16,,,1,70,,268066,16,,,1,30,,268062,16,,,1,69,,268076,16,,,1,30,,268075,16,,,1,70,,268068,16,,,1,30,,268065,16,,,1,70,,90809,16,,,1,31,,268060,16,,,1,68,,268063,19,,,1,30,,268056,19,,,1,73,,143794,19,,,1,30,,132103,19,,,1,68,,268059,19,,,1,32,,268067,19,,,1,70,,268072,19,,,1,28,,163350,16,,,1,72,,268050,16,,,1,30,,57394,16,,,1,70,,268070,16,,,1,32,,120521,16,,,1,70,,268057,16,,,1,27,,268051,14,,,1,70,,268055,14,,,1,101,,268054,14,,,1
8200,'8',520,,268084,14,,,1,97,,268094,14,,,1,33,,268103,14,,,1,67,,268081,14,,,1,35,,268110,14,,,1,66,,268093,14,,,1,35,,268086,16,,,1,67,,268098,16,,,1,30,,268109,16,,,1,70,,268083,16,,,1,30,,268104,16,,,1,70,,268095,16,,,1,30,,268077,16,,,1,69,,268087,16,,,1,30,,268082,16,,,1,70,,268101,16,,,1,30,,268107,16,,,1,70,,268099,16,,,1,29,,268108,16,,,1,70,,268097,19,,,1,31,,268096,19,,,1,72,,268079,19,,,1,30,,268085,19,,,1,72,,268102,19,,,1,29,,268091,19,,,1,67,,268090,19,,,1,30,,268105,16,,,1,72,,268080,16,,,1,30,,268100,16,,,1,70,,268111,16,,,1,32,,268089,16,,,1,70,,268078,16,,,1,27,,268092,14,,,1,70,,268106,14,,,1,101,,268088,14,,,1
8200,'9',520,,268125,14,,,1,97,,268132,14,,,1,104,,268137,14,,,1,96,,268127,14,,,1,35,,131464,16,,,1,68,,126947,16,,,1,30,,186446,16,,,1,70,,205448,16,,,1,30,,268123,16,,,1,70,,268112,16,,,1,30,,268116,16,,,1,69,,196196,16,,,1,30,,268134,16,,,1,70,,268131,16,,,1,30,,206145,16,,,1,70,,268126,16,,,1,29,,268122,16,,,1,70,,268130,19,,,1,31,,268120,19,,,1,74,,268138,19,,,1,30,,268129,19,,,1,68,,268136,19,,,1,29,,202458,19,,,1,69,,268124,19,,,1,30,,268119,16,,,1,72,,268114,16,,,1,30,,205990,16,,,1,70,,268117,16,,,1,32,,268118,16,,,1,70,,268115,16,,,1,27,,268121,14,,,1,70,,268113,14,,,1,101,,268133,14,,,1
