6201,'1',737,,494267,,,1,70,,616745,,,1,30,,616751,,,1,70,,413708,,,1,30,,616763,,,1,70,,475852,,,1,30,,616759,,,1,70,,616749,,,1,30,,616744,,,1,70,,616754,,,1,30,,616736,,,1,70,,616753,,,1,32,,616748,,,1,70,,616750,,,1,30,,616761,,,1,68,,616743,,,1,30,,616737,,,1,70,,616739,,,1,30,,616757,,,1,72,,616738,,,1,28,,616758,,,1,70,,616741,,,1,30,,616746,,,1,70,,616762,,,1,30,,616747,,,1,70,,616760,,,1,28,,616742,,,1,70,,616752,,,1,30,,474261,,,1,70,,616756,,,1,30,,616740,,,1,70,,616755,,,1
6201,'10',820,,616779,,,1,31,,616776,,,1,70,,616769,,,1,30,,616778,,,1,70,,616783,,,1,31,,616775,,,1,70,,379705,,,1,30,,418685,,,1,70,,473699,,,1,30,,616782,,,1,70,,616773,,,1,30,,534010,,,1,70,,616765,,,1,30,,616764,,,1,70,,518282,,,1,30,,506701,,,1,70,,616771,,,1,30,,616767,,,1,70,,616780,,,1,30,,453015,,,1,70,,616766,,,1,30,,393747,,,1,70,,616777,,,1,30,,521657,,,1,70,,616768,,,1,28,,616770,,,1,70,,616774,,,1,30,,616781,,,1,70,,616772,,,1,30,,616784,,,1
6201,'11',603,,616812,,,1,28,,616788,,,1,26,,361674,,,1,70,,616801,,,1,30,,616791,,,1,73,,616799,,,1,29,,517820,,,1,69,,495778,,,1,30,,616786,,,1,70,,616804,,,1,30,,616811,,,1,70,,616808,,,1,25,,481462,,,1,70,,616810,,,1,30,,616803,,,1,71,,616814,,,1,30,,616806,,,1,70,,616795,,,1,30,,616794,,,1,69,,616800,,,1,30,,616789,,,1,72,,616785,,,1,28,,616817,,,1,70,,616805,,,1,29,,616815,,,1,70,,616792,,,1,30,,616790,,,1,70,,616787,,,1,33,,616802,,,1,70,,486241,,,1,30,,616797,,,1,70,,616807,,,1,30,,616809,,,1,69,,616798,,,1,28,,616793,,,1,70,,616813,,,1,78,,616796,,,1,35,,616816,,,1
6201,'12',603,,616839,,,1,28,,452333,,,1,26,,616828,,,1,70,,616829,,,1,30,,616823,,,1,73,,487183,,,1,29,,616836,,,1,69,,616832,,,1,30,,616819,,,1,70,,616831,,,1,30,,474546,,,1,70,,498448,,,1,25,,616837,,,1,70,,513378,,,1,30,,616830,,,1,71,,616841,,,1,30,,616834,,,1,70,,616826,,,1,30,,616825,,,1,69,,474052,,,1,30,,616821,,,1,72,,616818,,,1,28,,351018,,,1,70,,616833,,,1,29,,616842,,,1,70,,542903,,,1,30,,616822,,,1,70,,616820,,,1,33,,480508,,,1,70,,616824,,,1,30,,503000,,,1,70,,616835,,,1,30,,616838,,,1,69,,524861,,,1,28,,542451,,,1,70,,616840,,,1,78,,616827,,,1,35,,372219,,,1
6201,'13',603,,616864,,,1,28,,451769,,,1,26,,616853,,,1,70,,616854,,,1,30,,616848,,,1,73,,443959,,,1,29,,616861,,,1,69,,616857,,,1,30,,616844,,,1,70,,616856,,,1,30,,474433,,,1,70,,497910,,,1,25,,616862,,,1,70,,325799,,,1,30,,616855,,,1,71,,616866,,,1,30,,616859,,,1,70,,616851,,,1,30,,616850,,,1,69,,473457,,,1,30,,616846,,,1,72,,616843,,,1,28,,507855,,,1,70,,616858,,,1,29,,616867,,,1,70,,542598,,,1,30,,616847,,,1,70,,616845,,,1,33,,373778,,,1,70,,616849,,,1,30,,278588,,,1,70,,616860,,,1,30,,616863,,,1,69,,524381,,,1,28,,542142,,,1,70,,616865,,,1,78,,616852,,,1,35,,504134,,,1
6201,'14',603,,616889,,,1,28,,452184,,,1,26,,616878,,,1,70,,616879,,,1,30,,616873,,,1,73,,444283,,,1,29,,616886,,,1,69,,616882,,,1,30,,616869,,,1,70,,616881,,,1,30,,474520,,,1,70,,498307,,,1,25,,616887,,,1,70,,395461,,,1,30,,616880,,,1,71,,616891,,,1,30,,616884,,,1,70,,616876,,,1,30,,616875,,,1,69,,473892,,,1,30,,616871,,,1,72,,616868,,,1,28,,508365,,,1,70,,616883,,,1,29,,616892,,,1,70,,542812,,,1,30,,616872,,,1,70,,616870,,,1,33,,258088,,,1,70,,616874,,,1,30,,401038,,,1,70,,616885,,,1,30,,616888,,,1,69,,524741,,,1,28,,542361,,,1,70,,616890,,,1,78,,616877,,,1,35,,504413,,,1
6201,'15',603,,616914,,,1,28,,452088,,,1,26,,616903,,,1,70,,616904,,,1,30,,616898,,,1,73,,444343,,,1,29,,616911,,,1,69,,616907,,,1,30,,616894,,,1,70,,616906,,,1,30,,474492,,,1,70,,498219,,,1,25,,616912,,,1,70,,325734,,,1,30,,616905,,,1,71,,616916,,,1,30,,616909,,,1,70,,616901,,,1,30,,616900,,,1,69,,473800,,,1,30,,616896,,,1,72,,616893,,,1,28,,508257,,,1,70,,616908,,,1,29,,616917,,,1,70,,542768,,,1,30,,616897,,,1,70,,616895,,,1,33,,374182,,,1,70,,616899,,,1,30,,278379,,,1,70,,616910,,,1,30,,616913,,,1,69,,524655,,,1,28,,542309,,,1,70,,616915,,,1,78,,616902,,,1,35,,504355,,,1
6201,'16',603,,616921,,,1,28,,616935,,,1,26,,544336,,,1,70,,616920,,,1,30,,616940,,,1,73,,616948,,,1,29,,616946,,,1,69,,616936,,,1,30,,616918,,,1,70,,616922,,,1,30,,490682,,,1,70,,616947,,,1,25,,616944,,,1,70,,616938,,,1,30,,616945,,,1,71,,533927,,,1,30,,616919,,,1,70,,616929,,,1,30,,616943,,,1,69,,616930,,,1,29,,616924,,,1,72,,616942,,,1,29,,616925,,,1,70,,529809,,,1,29,,616927,,,1,71,,312008,,,1,29,,616939,,,1,70,,526651,,,1,33,,616949,,,1,70,,616934,,,1,30,,616937,,,1,70,,616926,,,1,30,,616933,,,1,69,,616928,,,1,28,,616923,,,1,70,,616932,,,1,78,,616931,,,1,35,,616941,,,1
6201,'17',603,,616971,,,1,28,,452040,,,1,26,,616960,,,1,70,,616961,,,1,30,,616955,,,1,73,,444188,,,1,29,,616968,,,1,69,,616964,,,1,30,,616951,,,1,70,,616963,,,1,30,,474478,,,1,70,,498175,,,1,25,,616969,,,1,70,,395292,,,1,30,,616962,,,1,71,,616973,,,1,30,,616966,,,1,70,,616958,,,1,30,,616957,,,1,69,,473754,,,1,30,,616953,,,1,72,,616950,,,1,28,,508203,,,1,70,,616965,,,1,29,,616974,,,1,70,,542746,,,1,30,,616954,,,1,70,,616952,,,1,33,,373994,,,1,70,,616956,,,1,30,,400912,,,1,70,,616967,,,1,30,,616970,,,1,69,,524612,,,1,28,,542283,,,1,70,,616972,,,1,78,,616959,,,1,35,,504326,,,1
6201,'18',603,,616996,,,1,28,,452515,,,1,26,,616985,,,1,70,,616986,,,1,30,,616980,,,1,73,,444061,,,1,29,,616993,,,1,69,,616989,,,1,30,,616976,,,1,70,,616988,,,1,30,,474586,,,1,70,,498606,,,1,25,,616994,,,1,70,,325636,,,1,30,,616987,,,1,71,,616998,,,1,30,,616991,,,1,70,,616983,,,1,30,,616982,,,1,69,,474230,,,1,30,,616978,,,1,72,,616975,,,1,28,,508760,,,1,70,,616990,,,1,29,,616999,,,1,70,,542997,,,1,30,,616979,,,1,70,,616977,,,1,33,,373872,,,1,70,,616981,,,1,30,,278081,,,1,70,,616992,,,1,30,,616995,,,1,69,,525014,,,1,28,,542548,,,1,70,,616997,,,1,78,,616984,,,1,35,,504633,,,1
6201,'19',603,,456686,,,1,28,,617001,,,1,26,,617013,,,1,70,,617016,,,1,30,,617004,,,1,73,,617014,,,1,29,,617024,,,1,69,,617020,,,1,30,,537511,,,1,70,,617019,,,1,30,,617029,,,1,70,,617026,,,1,25,,617025,,,1,70,,617028,,,1,30,,617018,,,1,71,,617031,,,1,30,,617022,,,1,70,,617009,,,1,30,,617008,,,1,69,,617015,,,1,30,,617002,,,1,72,,528957,,,1,28,,617034,,,1,70,,617021,,,1,29,,617032,,,1,70,,617005,,,1,30,,617003,,,1,70,,617000,,,1,33,,617017,,,1,70,,617006,,,1,30,,617011,,,1,70,,617023,,,1,30,,617027,,,1,69,,617012,,,1,28,,617007,,,1,70,,617030,,,1,78,,617010,,,1,35,,617033,,,1
6201,'2',820,,617054,,,1,31,,530512,,,1,70,,617041,,,1,30,,617053,,,1,70,,617059,,,1,31,,617047,,,1,70,,617038,,,1,30,,617043,,,1,70,,617049,,,1,30,,617058,,,1,70,,617046,,,1,30,,617048,,,1,70,,617036,,,1,30,,617035,,,1,70,,617057,,,1,30,,617050,,,1,70,,617044,,,1,30,,617039,,,1,70,,617055,,,1,30,,617060,,,1,70,,414158,,,1,30,,617051,,,1,70,,617052,,,1,30,,617037,,,1,70,,617040,,,1,28,,617042,,,1,70,,461332,,,1,30,,617056,,,1,70,,617045,,,1,30,,501411,,,1
6201,'20',603,,617082,,,1,28,,452388,,,1,26,,617071,,,1,70,,617072,,,1,30,,617066,,,1,73,,444110,,,1,29,,617079,,,1,69,,617075,,,1,30,,617062,,,1,70,,617074,,,1,30,,474560,,,1,70,,498491,,,1,25,,617080,,,1,70,,325661,,,1,30,,617073,,,1,71,,617084,,,1,30,,617077,,,1,70,,617069,,,1,30,,617068,,,1,69,,474102,,,1,30,,617064,,,1,72,,617061,,,1,28,,508615,,,1,70,,617076,,,1,29,,617085,,,1,70,,542929,,,1,30,,617065,,,1,70,,617063,,,1,33,,373921,,,1,70,,617067,,,1,30,,278175,,,1,70,,617078,,,1,30,,617081,,,1,69,,524908,,,1,28,,542478,,,1,70,,617083,,,1,78,,617070,,,1,35,,504550,,,1
6201,'21',603,,492493,,,1,28,,492510,,,1,26,,617111,,,1,70,,617087,,,1,30,,617106,,,1,73,,617112,,,1,29,,460927,,,1,69,,617102,,,1,30,,512049,,,1,70,,617089,,,1,30,,617100,,,1,70,,518169,,,1,25,,617109,,,1,70,,617104,,,1,30,,617110,,,1,71,,617094,,,1,30,,617086,,,1,70,,617096,,,1,30,,510602,,,1,69,,617097,,,1,29,,617091,,,1,72,,617108,,,1,29,,501172,,,1,70,,617115,,,1,29,,617093,,,1,71,,617114,,,1,29,,617105,,,1,70,,617088,,,1,33,,617113,,,1,70,,617101,,,1,30,,617103,,,1,70,,617092,,,1,30,,617099,,,1,69,,617095,,,1,28,,617090,,,1,70,,617098,,,1,78,,459295,,,1,35,,617107,,,1
6201,'22',603,,617144,,,1,28,,617119,,,1,26,,617130,,,1,70,,532765,,,1,30,,617122,,,1,73,,617131,,,1,29,,617139,,,1,69,,617136,,,1,30,,617117,,,1,70,,617135,,,1,30,,617143,,,1,70,,617141,,,1,25,,617140,,,1,70,,617142,,,1,30,,617134,,,1,71,,617145,,,1,30,,521504,,,1,70,,617127,,,1,30,,617126,,,1,69,,617132,,,1,30,,617120,,,1,72,,617116,,,1,28,,617147,,,1,70,,617137,,,1,29,,506072,,,1,70,,617123,,,1,30,,617121,,,1,70,,617118,,,1,33,,617133,,,1,70,,617124,,,1,30,,617128,,,1,70,,617138,,,1,30,,480216,,,1,69,,617129,,,1,28,,617125,,,1,70,,536155,,,1,78,,538939,,,1,35,,617146,,,1
6201,'23',603,,617152,,,1,28,,617168,,,1,26,,617181,,,1,70,,617150,,,1,30,,617173,,,1,73,,617182,,,1,29,,617179,,,1,69,,617169,,,1,30,,617148,,,1,70,,617153,,,1,30,,617166,,,1,70,,617180,,,1,25,,617177,,,1,70,,617171,,,1,30,,617178,,,1,71,,617159,,,1,30,,617149,,,1,70,,617161,,,1,30,,617176,,,1,69,,617162,,,1,29,,617155,,,1,72,,617175,,,1,29,,617156,,,1,70,,617185,,,1,29,,617158,,,1,71,,617184,,,1,29,,617172,,,1,70,,617151,,,1,33,,617183,,,1,70,,617167,,,1,30,,617170,,,1,70,,617157,,,1,30,,617165,,,1,69,,617160,,,1,28,,617154,,,1,70,,617164,,,1,78,,617163,,,1,35,,617174,,,1
6201,'3',820,,617208,,,1,31,,617205,,,1,70,,617193,,,1,30,,617207,,,1,70,,617213,,,1,31,,617200,,,1,70,,617190,,,1,30,,617195,,,1,70,,617202,,,1,30,,617212,,,1,70,,617198,,,1,30,,617201,,,1,70,,617187,,,1,30,,617186,,,1,70,,617211,,,1,30,,617203,,,1,70,,617196,,,1,30,,617191,,,1,70,,617209,,,1,30,,617214,,,1,70,,617189,,,1,30,,617204,,,1,70,,617206,,,1,30,,617188,,,1,70,,617192,,,1,28,,617194,,,1,70,,617199,,,1,30,,617210,,,1,70,,617197,,,1,30,,617215,,,1
6201,'4',737,,617227,,,1,70,,482549,,,1,30,,617229,,,1,70,,617217,,,1,30,,617238,,,1,70,,617216,,,1,30,,617235,,,1,70,,522509,,,1,30,,617224,,,1,70,,617232,,,1,30,,478276,,,1,70,,617231,,,1,32,,617226,,,1,70,,617228,,,1,30,,617236,,,1,68,,617223,,,1,30,,617218,,,1,70,,474775,,,1,30,,617234,,,1,72,,617219,,,1,28,,515405,,,1,70,,617221,,,1,30,,617225,,,1,70,,369748,,,1,30,,485030,,,1,70,,357026,,,1,28,,617222,,,1,70,,617230,,,1,30,,617237,,,1,70,,460275,,,1,30,,617220,,,1,70,,617233,,,1
6201,'5',603,,617268,,,1,28,,617263,,,1,26,,617251,,,1,70,,617242,,,1,30,,617271,,,1,73,,617257,,,1,29,,617241,,,1,69,,617265,,,1,30,,617261,,,1,70,,617246,,,1,30,,617252,,,1,70,,617266,,,1,25,,617255,,,1,70,,617267,,,1,30,,617262,,,1,71,,617264,,,1,30,,617270,,,1,70,,617243,,,1,30,,617240,,,1,69,,617258,,,1,30,,617249,,,1,70,,617248,,,1,32,,617276,,,1,68,,617250,,,1,29,,617254,,,1,70,,617272,,,1,30,,617274,,,1,70,,617256,,,1,33,,617253,,,1,70,,617260,,,1,30,,617269,,,1,70,,617245,,,1,30,,617275,,,1,69,,617244,,,1,28,,617247,,,1,70,,617273,,,1,78,,617239,,,1,35,,617259,,,1
6201,'6',603,,617280,,,1,28,,617292,,,1,26,,617302,,,1,70,,617278,,,1,30,,617297,,,1,73,,617303,,,1,29,,617300,,,1,69,,617293,,,1,30,,617277,,,1,70,,535312,,,1,30,,617290,,,1,70,,617301,,,1,25,,414739,,,1,70,,617295,,,1,30,,532804,,,1,71,,617285,,,1,30,,522434,,,1,70,,617286,,,1,30,,617299,,,1,69,,460983,,,1,29,,507398,,,1,72,,488386,,,1,29,,617282,,,1,70,,617306,,,1,29,,617284,,,1,71,,617305,,,1,29,,617296,,,1,70,,617279,,,1,33,,617304,,,1,70,,617291,,,1,30,,617294,,,1,70,,617283,,,1,30,,617289,,,1,69,,441530,,,1,28,,617281,,,1,70,,617288,,,1,78,,617287,,,1,35,,617298,,,1
6201,'7',820,,617326,,,1,31,,530676,,,1,70,,617313,,,1,30,,617325,,,1,70,,617331,,,1,31,,617319,,,1,70,,617310,,,1,30,,617315,,,1,70,,617321,,,1,30,,617330,,,1,70,,617318,,,1,30,,617320,,,1,70,,617308,,,1,30,,617307,,,1,70,,617329,,,1,30,,617322,,,1,70,,617316,,,1,30,,617311,,,1,70,,617327,,,1,30,,617332,,,1,70,,413959,,,1,30,,617323,,,1,70,,617324,,,1,30,,617309,,,1,70,,617312,,,1,28,,617314,,,1,70,,461586,,,1,30,,617328,,,1,70,,617317,,,1,30,,501553,,,1
6201,'8',603,,617354,,,1,28,,452136,,,1,26,,617343,,,1,70,,617344,,,1,30,,617338,,,1,73,,444256,,,1,29,,617351,,,1,69,,617347,,,1,30,,617334,,,1,70,,617346,,,1,30,,474506,,,1,70,,498263,,,1,25,,617352,,,1,70,,325611,,,1,30,,617345,,,1,71,,617356,,,1,30,,617349,,,1,70,,617341,,,1,30,,617340,,,1,69,,473846,,,1,30,,617336,,,1,72,,617333,,,1,28,,508311,,,1,70,,617348,,,1,29,,617357,,,1,70,,542790,,,1,30,,617337,,,1,70,,617335,,,1,33,,374090,,,1,70,,617339,,,1,30,,277987,,,1,70,,617350,,,1,30,,617353,,,1,69,,524698,,,1,28,,542335,,,1,70,,617355,,,1,78,,617342,,,1,35,,504384,,,1
6201,'9',603,,617361,,,1,28,,617373,,,1,26,,617383,,,1,70,,617359,,,1,30,,617378,,,1,73,,617384,,,1,29,,617381,,,1,69,,617374,,,1,30,,617358,,,1,70,,535543,,,1,30,,617371,,,1,70,,617382,,,1,25,,414572,,,1,70,,617376,,,1,30,,533158,,,1,71,,617366,,,1,30,,522893,,,1,70,,617367,,,1,30,,617380,,,1,69,,461542,,,1,29,,507685,,,1,72,,488680,,,1,29,,617363,,,1,70,,617387,,,1,29,,617365,,,1,71,,617386,,,1,29,,617377,,,1,70,,617360,,,1,33,,617385,,,1,70,,617372,,,1,30,,617375,,,1,70,,617364,,,1,30,,617370,,,1,69,,441427,,,1,28,,617362,,,1,70,,617369,,,1,78,,617368,,,1,35,,617379,,,1
16100,'1',704,,659995,,,1,100,,502346,,,1,100,,659993,,,1,100,,388766,,,1,100,,659989,,,1,100,,659992,,,1,100,,462607,,,1,100,,659986,,,1,100,,486562,,,1,100,,659991,,,1,100,,659990,,,1,100,,659994,,,1,100,,659988,,,1,100,,659987,,,1,100,,659985,,,1,100,,659984,,,1
16100,'10',709,,659996,,,1,100,,659998,,,1,100,,660006,,,1,100,,659997,,,1,100,,660000,,,1,100,,660004,,,1,100,,660005,,,1,100,,660002,,,1,100,,660011,,,1,100,,660001,,,1,100,,660003,,,1,100,,660009,,,1,100,,660007,,,1,100,,482635,,,1,100,,660010,,,1,100,,660008,,,1,100,,659999,,,1
16100,'11',533,,427588,,,1,71,,660012,,,1,15,,660029,,,1,30,,660023,,,1,72,,660035,,,1,28,,660026,,,1,70,,660030,,,1,30,,660021,,,1,70,,660040,,,1,30,,440109,,,1,70,,660013,,,1,30,,660036,,,1,70,,660032,,,1,30,,660017,,,1,70,,660014,,,1,30,,534988,,,1,70,,660033,,,1,30,,660041,,,1,100,,660042,,,1,55,,660024,,,1,10,,660020,,,1,8,,660039,,,1,30,,660038,,,1,68,,660031,,,1,30,,660016,,,1,70,,660019,,,1,30,,433068,,,1,69,,660018,,,1,30,,660025,,,1,70,,660022,,,1,30,,660034,,,1,69,,660027,,,1,30,,660028,,,1,70,,660015,,,1,30,,464430,,,1,100,,660037,,,1
16100,'12',533,,660064,,,1,71,,540219,,,1,15,,660055,,,1,30,,453466,,,1,72,,660061,,,1,28,,660051,,,1,70,,497692,,,1,30,,660047,,,1,70,,660066,,,1,30,,660054,,,1,70,,660043,,,1,30,,660062,,,1,70,,660057,,,1,30,,534289,,,1,70,,511021,,,1,30,,660048,,,1,70,,660058,,,1,30,,660067,,,1,100,,660068,,,1,55,,660049,,,1,10,,660046,,,1,8,,503898,,,1,30,,660065,,,1,68,,660056,,,1,30,,549430,,,1,70,,479991,,,1,30,,660060,,,1,69,,660045,,,1,30,,660050,,,1,70,,466905,,,1,30,,660059,,,1,69,,660052,,,1,30,,660053,,,1,70,,410250,,,1,30,,660044,,,1,100,,660063,,,1
16100,'13',533,,660090,,,1,71,,539990,,,1,15,,660081,,,1,30,,452642,,,1,72,,660087,,,1,28,,660077,,,1,70,,497224,,,1,30,,660073,,,1,70,,660092,,,1,30,,660080,,,1,70,,660069,,,1,30,,660088,,,1,70,,660083,,,1,30,,533770,,,1,70,,510537,,,1,30,,660074,,,1,70,,660084,,,1,30,,660093,,,1,100,,660094,,,1,55,,660075,,,1,10,,660072,,,1,8,,438900,,,1,30,,660091,,,1,68,,660082,,,1,30,,549425,,,1,70,,479646,,,1,30,,660086,,,1,69,,660071,,,1,30,,660076,,,1,70,,466347,,,1,30,,660085,,,1,69,,660078,,,1,30,,660079,,,1,70,,534508,,,1,30,,660070,,,1,100,,660089,,,1
16100,'14',533,,660116,,,1,71,,540157,,,1,15,,660107,,,1,30,,453221,,,1,72,,660113,,,1,28,,660103,,,1,70,,497561,,,1,30,,660099,,,1,70,,660118,,,1,30,,660106,,,1,70,,660095,,,1,30,,660114,,,1,70,,660109,,,1,30,,534133,,,1,70,,510885,,,1,30,,660100,,,1,70,,660110,,,1,30,,660119,,,1,100,,660120,,,1,55,,660101,,,1,10,,660098,,,1,8,,439218,,,1,30,,660117,,,1,68,,660108,,,1,30,,549429,,,1,70,,479898,,,1,30,,660112,,,1,69,,660097,,,1,30,,660102,,,1,70,,466751,,,1,30,,660111,,,1,69,,660104,,,1,30,,660105,,,1,70,,534896,,,1,30,,660096,,,1,100,,660115,,,1
16100,'15',533,,660142,,,1,71,,540121,,,1,15,,660133,,,1,30,,453105,,,1,72,,660139,,,1,28,,660129,,,1,70,,497493,,,1,30,,660125,,,1,70,,660144,,,1,30,,660132,,,1,70,,660121,,,1,30,,660140,,,1,70,,660135,,,1,30,,534073,,,1,70,,510811,,,1,30,,660126,,,1,70,,660136,,,1,30,,660145,,,1,100,,660146,,,1,55,,660127,,,1,10,,660124,,,1,8,,439277,,,1,30,,660143,,,1,68,,660134,,,1,30,,549427,,,1,70,,479842,,,1,30,,660138,,,1,69,,660123,,,1,30,,660128,,,1,70,,466665,,,1,30,,660137,,,1,69,,660130,,,1,30,,660131,,,1,70,,534822,,,1,30,,660122,,,1,100,,660141,,,1
16100,'16',533,,660174,,,1,71,,660175,,,1,15,,660167,,,1,30,,660171,,,1,70,,660149,,,1,30,,660179,,,1,70,,660151,,,1,30,,660169,,,1,70,,660163,,,1,30,,660148,,,1,70,,660168,,,1,30,,660177,,,1,70,,660178,,,1,30,,660165,,,1,70,,660153,,,1,30,,489810,,,1,70,,660172,,,1,30,,660164,,,1,70,,660147,,,1,30,,660160,,,1,71,,660173,,,1,28,,660152,,,1,70,,546025,,,1,32,,660155,,,1,70,,660166,,,1,30,,660159,,,1,69,,660156,,,1,30,,660150,,,1,70,,660154,,,1,30,,660158,,,1,69,,660162,,,1,30,,660176,,,1,70,,660170,,,1,30,,660161,,,1,100,,660157,,,1
16100,'17',533,,660201,,,1,71,,540103,,,1,15,,660192,,,1,30,,453047,,,1,72,,660198,,,1,28,,660188,,,1,70,,497459,,,1,30,,660184,,,1,70,,660203,,,1,30,,660191,,,1,70,,660180,,,1,30,,660199,,,1,70,,660194,,,1,30,,534043,,,1,70,,510774,,,1,30,,660185,,,1,70,,660195,,,1,30,,660204,,,1,100,,660205,,,1,55,,660186,,,1,10,,660183,,,1,8,,235057,,,1,30,,660202,,,1,68,,660193,,,1,30,,549426,,,1,70,,479814,,,1,30,,660197,,,1,69,,660182,,,1,30,,660187,,,1,70,,466622,,,1,30,,660196,,,1,69,,660189,,,1,30,,660190,,,1,70,,534785,,,1,30,,660181,,,1,100,,660200,,,1
16100,'18',533,,660227,,,1,71,,540291,,,1,15,,660218,,,1,30,,453698,,,1,72,,660224,,,1,28,,660214,,,1,70,,497825,,,1,30,,660210,,,1,70,,660229,,,1,30,,660217,,,1,70,,660206,,,1,30,,660225,,,1,70,,660220,,,1,30,,534442,,,1,70,,511165,,,1,30,,660211,,,1,70,,660221,,,1,30,,660230,,,1,100,,660231,,,1,55,,660212,,,1,10,,660209,,,1,8,,438984,,,1,30,,660228,,,1,68,,660219,,,1,30,,549432,,,1,70,,480094,,,1,30,,660223,,,1,69,,660208,,,1,30,,660213,,,1,70,,467066,,,1,30,,660222,,,1,69,,660215,,,1,30,,660216,,,1,70,,535203,,,1,30,,660207,,,1,100,,660226,,,1
16100,'19',533,,660256,,,1,71,,660232,,,1,15,,660248,,,1,30,,660244,,,1,72,,660253,,,1,28,,660246,,,1,70,,660249,,,1,30,,660241,,,1,70,,523492,,,1,30,,660247,,,1,70,,660233,,,1,30,,660254,,,1,70,,660250,,,1,30,,660238,,,1,70,,660234,,,1,30,,660242,,,1,70,,530569,,,1,30,,524146,,,1,100,,660259,,,1,55,,473140,,,1,10,,530553,,,1,8,,660258,,,1,30,,660257,,,1,68,,466055,,,1,30,,660237,,,1,70,,660240,,,1,30,,660252,,,1,69,,660239,,,1,30,,660245,,,1,70,,660243,,,1,30,,660251,,,1,69,,448130,,,1,30,,470365,,,1,70,,660235,,,1,30,,660236,,,1,100,,660255,,,1
16100,'2',709,,660260,,,1,100,,660262,,,1,100,,660271,,,1,100,,660261,,,1,100,,660264,,,1,100,,660268,,,1,100,,660269,,,1,100,,660266,,,1,100,,660275,,,1,100,,660265,,,1,100,,660267,,,1,100,,660273,,,1,100,,660272,,,1,100,,660270,,,1,100,,660274,,,1,100,,461336,,,1,100,,660263,,,1
16100,'20',533,,660297,,,1,71,,540241,,,1,15,,660288,,,1,30,,453524,,,1,72,,660294,,,1,28,,660284,,,1,70,,497726,,,1,30,,660280,,,1,70,,660299,,,1,30,,660287,,,1,70,,660276,,,1,30,,660295,,,1,70,,660290,,,1,30,,534330,,,1,70,,511059,,,1,30,,660281,,,1,70,,660291,,,1,30,,660300,,,1,100,,660301,,,1,55,,660282,,,1,10,,660279,,,1,8,,439029,,,1,30,,660298,,,1,68,,660289,,,1,30,,549431,,,1,70,,480025,,,1,30,,660293,,,1,69,,660278,,,1,30,,660283,,,1,70,,466952,,,1,30,,660292,,,1,69,,660285,,,1,30,,660286,,,1,70,,535088,,,1,30,,660277,,,1,100,,660296,,,1
16100,'21',533,,660324,,,1,71,,660325,,,1,15,,660317,,,1,30,,660321,,,1,70,,660303,,,1,30,,660329,,,1,70,,660305,,,1,30,,660319,,,1,70,,660315,,,1,30,,452686,,,1,70,,660318,,,1,30,,660327,,,1,70,,660328,,,1,30,,660316,,,1,70,,457579,,,1,30,,660312,,,1,70,,660322,,,1,30,,519742,,,1,70,,660302,,,1,30,,660311,,,1,71,,660323,,,1,28,,660306,,,1,70,,660307,,,1,32,,539681,,,1,70,,515115,,,1,30,,660310,,,1,69,,545958,,,1,30,,660304,,,1,70,,660308,,,1,30,,528451,,,1,69,,660314,,,1,30,,660326,,,1,70,,660320,,,1,30,,660313,,,1,100,,660309,,,1
16100,'22',533,,660358,,,1,71,,660330,,,1,15,,660348,,,1,30,,660342,,,1,72,,660355,,,1,28,,660344,,,1,70,,660349,,,1,30,,515182,,,1,70,,660361,,,1,30,,660347,,,1,70,,660331,,,1,30,,660356,,,1,70,,660351,,,1,30,,660336,,,1,70,,660332,,,1,30,,660340,,,1,70,,660352,,,1,30,,660362,,,1,100,,660363,,,1,55,,660343,,,1,10,,660339,,,1,8,,660360,,,1,30,,660359,,,1,68,,660350,,,1,30,,660335,,,1,70,,660338,,,1,30,,660354,,,1,69,,660337,,,1,30,,522416,,,1,70,,660341,,,1,30,,660353,,,1,69,,660345,,,1,30,,660346,,,1,70,,660333,,,1,30,,660334,,,1,100,,660357,,,1
16100,'23',533,,660393,,,1,71,,660394,,,1,15,,660386,,,1,30,,660390,,,1,70,,660366,,,1,30,,660398,,,1,70,,660368,,,1,30,,660388,,,1,70,,660382,,,1,30,,660365,,,1,70,,660387,,,1,30,,660396,,,1,70,,660397,,,1,30,,660384,,,1,70,,660371,,,1,30,,660379,,,1,70,,660391,,,1,30,,660383,,,1,70,,660364,,,1,30,,660378,,,1,71,,660392,,,1,28,,660369,,,1,70,,660370,,,1,32,,660373,,,1,70,,660385,,,1,30,,660377,,,1,69,,660374,,,1,30,,660367,,,1,70,,660372,,,1,30,,660376,,,1,69,,660381,,,1,30,,660395,,,1,70,,660389,,,1,30,,660380,,,1,100,,660375,,,1
16100,'3',709,,660399,,,1,100,,660401,,,1,100,,660410,,,1,100,,660400,,,1,100,,660403,,,1,100,,660407,,,1,100,,660408,,,1,100,,660405,,,1,100,,660415,,,1,100,,660404,,,1,100,,660406,,,1,100,,660413,,,1,100,,660411,,,1,100,,660409,,,1,100,,660414,,,1,100,,660412,,,1,100,,660402,,,1
16100,'4',704,,660429,,,1,100,,660418,,,1,100,,660426,,,1,100,,660425,,,1,100,,473653,,,1,100,,660424,,,1,100,,660427,,,1,100,,660419,,,1,100,,660420,,,1,100,,660423,,,1,100,,660422,,,1,100,,660428,,,1,100,,660421,,,1,100,,544895,,,1,100,,660417,,,1,100,,660416,,,1
16100,'5',533,,660432,,,1,86,,660439,,,1,98,,660437,,,1,102,,660440,,,1,100,,660433,,,1,100,,660446,,,1,100,,660444,,,1,100,,660434,,,1,100,,660430,,,1,100,,660431,,,1,101,,660441,,,1,102,,660447,,,1,98,,660436,,,1,99,,660435,,,1,100,,660448,,,1,99,,660442,,,1,100,,660438,,,1,100,,660443,,,1,30,,660445,,,1
16100,'6',533,,660472,,,1,71,,541102,,,1,15,,660466,,,1,30,,660469,,,1,70,,451021,,,1,30,,660474,,,1,70,,660451,,,1,30,,492610,,,1,70,,376839,,,1,30,,660449,,,1,70,,660467,,,1,30,,660473,,,1,70,,539292,,,1,30,,660464,,,1,70,,660453,,,1,30,,660460,,,1,70,,660470,,,1,30,,660463,,,1,70,,240870,,,1,30,,660459,,,1,71,,660471,,,1,28,,540042,,,1,70,,660452,,,1,32,,660454,,,1,70,,660465,,,1,30,,660458,,,1,69,,660455,,,1,30,,660450,,,1,70,,518200,,,1,30,,660457,,,1,69,,660462,,,1,30,,535334,,,1,70,,660468,,,1,30,,660461,,,1,100,,660456,,,1
16100,'7',709,,660475,,,1,100,,660477,,,1,100,,660486,,,1,100,,660476,,,1,100,,660479,,,1,100,,660483,,,1,100,,660484,,,1,100,,660481,,,1,100,,660490,,,1,100,,660480,,,1,100,,660482,,,1,100,,660488,,,1,100,,660487,,,1,100,,660485,,,1,100,,660489,,,1,100,,461590,,,1,100,,660478,,,1
16100,'8',533,,660512,,,1,71,,540139,,,1,15,,660503,,,1,30,,453163,,,1,72,,660509,,,1,28,,660499,,,1,70,,497527,,,1,30,,660495,,,1,70,,660514,,,1,30,,660502,,,1,70,,660491,,,1,30,,660510,,,1,70,,660505,,,1,30,,534103,,,1,70,,510848,,,1,30,,660496,,,1,70,,660506,,,1,30,,660515,,,1,100,,660516,,,1,55,,660497,,,1,10,,660494,,,1,8,,439188,,,1,30,,660513,,,1,68,,660504,,,1,30,,549428,,,1,70,,479870,,,1,30,,660508,,,1,69,,660493,,,1,30,,660498,,,1,70,,466708,,,1,30,,660507,,,1,69,,660500,,,1,30,,660501,,,1,70,,534859,,,1,30,,660492,,,1,100,,660511,,,1
16100,'9',533,,660540,,,1,71,,541409,,,1,15,,660534,,,1,30,,660537,,,1,70,,451589,,,1,30,,660542,,,1,70,,660519,,,1,30,,493260,,,1,70,,376439,,,1,30,,660517,,,1,70,,660535,,,1,30,,660541,,,1,70,,539516,,,1,30,,660532,,,1,70,,660521,,,1,30,,660528,,,1,70,,660538,,,1,30,,660531,,,1,70,,240813,,,1,30,,660527,,,1,71,,660539,,,1,28,,540264,,,1,70,,660520,,,1,32,,660522,,,1,70,,660533,,,1,30,,660526,,,1,69,,660523,,,1,30,,660518,,,1,70,,518528,,,1,30,,660525,,,1,69,,660530,,,1,30,,535565,,,1,70,,660536,,,1,30,,660529,,,1,100,,660524,,,1
16200,'11',1536,,661132,,,1
16200,'12',1536,,544622,,,1
16200,'13',1536,,544230,,,1
16200,'14',1536,,544509,,,1
16200,'15',1536,,544447,,,1
16200,'17',1536,,544416,,,1
16200,'18',1536,,544737,,,1
16200,'19',1536,,661264,,,1
16200,'20',1536,,544654,,,1
16200,'22',1536,,661337,,,1
16200,'8',1536,,544478,,,1
16801,'1',650,,664374,,,1,150,,664366,,,1,100,,664370,,,1,30,,664372,,,1,70,,664356,,,1,30,,664358,,,1,73,,664362,,,1,30,,664367,,,1,70,,664377,,,1,30,,664361,,,1,73,,664371,,,1,30,,536025,,,1,70,,507773,,,1,30,,664364,,,1,70,,664373,,,1,30,,664359,,,1,70,,526362,,,1,30,,664360,,,1,70,,664365,,,1,30,,664368,,,1,70,,664378,,,1,30,,664363,,,1,69,,664357,,,1,30,,664376,,,1,70,,664375,,,1,30,,482157,,,1,68,,546362,,,1,30,,664380,,,1,70,,664379,,,1,30,,451729,,,1,68,,664369,,,1,100,,525066,,,1
16801,'10',655,,461101,,,1,100,,664389,,,1,100,,664399,,,1,72,,460302,,,1,30,,664394,,,1,70,,664398,,,1,73,,509149,,,1,30,,664381,,,1,70,,664397,,,1,30,,664388,,,1,73,,664395,,,1,30,,486828,,,1,70,,534758,,,1,30,,664392,,,1,70,,664384,,,1,30,,664391,,,1,70,,664390,,,1,30,,664383,,,1,70,,464140,,,1,30,,488893,,,1,70,,414137,,,1,30,,664393,,,1,69,,664396,,,1,30,,664386,,,1,70,,496120,,,1,98,,664385,,,1,58,,521664,,,1,98,,664387,,,1,100,,664382,,,1
16801,'11',553,,664417,,,1,81,,444481,,,1,75,,664416,,,1,30,,664411,,,1,70,,664407,,,1,35,,388397,,,1,70,,664418,,,1,30,,664413,,,1,67,,664420,,,1,25,,664406,,,1,70,,664408,,,1,30,,664412,,,1,70,,664424,,,1,30,,664419,,,1,70,,664405,,,1,30,,664403,,,1,70,,664404,,,1,30,,664400,,,1,80,,487115,,,1,30,,664426,,,1,72,,502222,,,1,31,,664423,,,1,68,,664402,,,1,30,,664422,,,1,70,,664409,,,1,24,,664414,,,1,70,,385320,,,1,29,,514468,,,1,70,,664415,,,1,20,,664401,,,1,25,,531455,,,1,70,,537496,,,1,30,,513297,,,1,70,,664425,,,1,100,,664427,,,1,107,,664410,,,1
16801,'12',553,,664446,,,1,81,,664456,,,1,75,,664444,,,1,30,,664440,,,1,70,,664435,,,1,35,,664433,,,1,70,,544618,,,1,30,,664441,,,1,67,,664449,,,1,25,,664434,,,1,70,,664436,,,1,30,,508530,,,1,70,,466117,,,1,30,,664448,,,1,70,,502232,,,1,30,,664431,,,1,70,,664432,,,1,30,,664428,,,1,80,,664447,,,1,30,,493172,,,1,72,,664455,,,1,31,,456748,,,1,68,,664430,,,1,30,,524191,,,1,70,,476746,,,1,24,,664442,,,1,70,,664453,,,1,29,,664437,,,1,70,,664443,,,1,20,,664429,,,1,25,,664438,,,1,70,,664445,,,1,30,,664450,,,1,70,,664452,,,1,100,,664454,,,1,107,,664439,,,1
16801,'13',553,,664475,,,1,81,,664485,,,1,75,,664473,,,1,30,,664469,,,1,70,,664464,,,1,35,,664462,,,1,70,,544226,,,1,30,,664470,,,1,67,,664478,,,1,25,,664463,,,1,70,,664465,,,1,30,,397790,,,1,70,,465531,,,1,30,,664477,,,1,70,,501978,,,1,30,,664460,,,1,70,,664461,,,1,30,,664457,,,1,80,,664476,,,1,30,,492480,,,1,72,,664484,,,1,31,,456041,,,1,68,,664459,,,1,30,,278610,,,1,70,,386543,,,1,24,,664471,,,1,70,,664482,,,1,29,,664466,,,1,70,,664472,,,1,20,,664458,,,1,25,,664467,,,1,70,,664474,,,1,30,,664479,,,1,70,,664481,,,1,100,,664483,,,1,107,,664468,,,1
16801,'14',553,,664504,,,1,81,,664514,,,1,75,,664502,,,1,30,,664498,,,1,70,,664493,,,1,35,,664491,,,1,70,,544505,,,1,30,,664499,,,1,67,,664507,,,1,25,,664492,,,1,70,,664494,,,1,30,,398037,,,1,70,,465949,,,1,30,,664506,,,1,70,,502174,,,1,30,,664489,,,1,70,,664490,,,1,30,,664486,,,1,80,,664505,,,1,30,,492979,,,1,72,,664513,,,1,31,,456526,,,1,68,,664488,,,1,30,,402782,,,1,70,,387223,,,1,24,,664500,,,1,70,,664511,,,1,29,,664495,,,1,70,,664501,,,1,20,,664487,,,1,25,,664496,,,1,70,,664503,,,1,30,,664508,,,1,70,,664510,,,1,100,,664512,,,1,107,,664497,,,1
16801,'15',553,,664533,,,1,81,,664543,,,1,75,,664531,,,1,30,,664527,,,1,70,,664522,,,1,35,,664520,,,1,70,,544443,,,1,30,,664528,,,1,67,,664536,,,1,25,,664521,,,1,70,,664523,,,1,30,,398095,,,1,70,,465861,,,1,30,,664535,,,1,70,,502120,,,1,30,,664518,,,1,70,,664519,,,1,30,,664515,,,1,80,,664534,,,1,30,,492873,,,1,72,,664542,,,1,31,,456444,,,1,68,,664517,,,1,30,,278401,,,1,70,,387337,,,1,24,,664529,,,1,70,,664540,,,1,29,,664524,,,1,70,,664530,,,1,20,,664516,,,1,25,,664525,,,1,70,,664532,,,1,30,,664537,,,1,70,,664539,,,1,100,,664541,,,1,107,,664526,,,1
16801,'16',553,,664571,,,1,81,,664549,,,1,75,,664562,,,1,30,,485914,,,1,70,,458783,,,1,35,,664564,,,1,70,,664547,,,1,30,,664572,,,1,67,,531108,,,1,25,,664556,,,1,70,,664557,,,1,30,,664555,,,1,70,,664559,,,1,30,,664548,,,1,70,,664545,,,1,30,,435034,,,1,70,,664552,,,1,30,,664569,,,1,80,,664565,,,1,30,,664553,,,1,72,,664551,,,1,29,,664561,,,1,70,,664550,,,1,30,,515337,,,1,70,,664554,,,1,24,,664568,,,1,70,,498827,,,1,29,,664567,,,1,70,,378027,,,1,20,,664560,,,1,25,,664570,,,1,70,,664544,,,1,30,,664563,,,1,70,,664566,,,1,100,,664558,,,1,107,,664546,,,1
16801,'17',553,,664591,,,1,81,,664601,,,1,75,,664589,,,1,30,,664585,,,1,70,,664580,,,1,35,,664578,,,1,70,,544412,,,1,30,,664586,,,1,67,,664594,,,1,25,,664579,,,1,70,,664581,,,1,30,,397927,,,1,70,,465817,,,1,30,,664593,,,1,70,,502093,,,1,30,,664576,,,1,70,,664577,,,1,30,,664573,,,1,80,,664592,,,1,30,,492820,,,1,72,,664600,,,1,31,,456403,,,1,68,,664575,,,1,30,,402754,,,1,70,,386972,,,1,24,,664587,,,1,70,,664598,,,1,29,,664582,,,1,70,,664588,,,1,20,,664574,,,1,25,,664583,,,1,70,,664590,,,1,30,,664595,,,1,70,,664597,,,1,100,,664599,,,1,107,,664584,,,1
16801,'18',553,,664620,,,1,81,,664630,,,1,75,,664618,,,1,30,,664614,,,1,70,,664609,,,1,35,,664607,,,1,70,,544733,,,1,30,,664615,,,1,67,,664623,,,1,25,,664608,,,1,70,,664610,,,1,30,,397846,,,1,70,,466280,,,1,30,,664622,,,1,70,,502322,,,1,30,,664605,,,1,70,,664606,,,1,30,,664602,,,1,80,,664621,,,1,30,,493374,,,1,72,,664629,,,1,31,,456941,,,1,68,,664604,,,1,30,,278103,,,1,70,,386728,,,1,24,,664616,,,1,70,,664627,,,1,29,,664611,,,1,70,,664617,,,1,20,,664603,,,1,25,,664612,,,1,70,,664619,,,1,30,,664624,,,1,70,,664626,,,1,100,,664628,,,1,107,,664613,,,1
16801,'19',553,,664649,,,1,81,,664662,,,1,75,,664647,,,1,30,,664642,,,1,70,,664637,,,1,35,,664634,,,1,70,,664650,,,1,30,,664644,,,1,67,,470880,,,1,25,,664636,,,1,70,,664638,,,1,30,,664643,,,1,70,,664656,,,1,30,,664652,,,1,70,,664635,,,1,30,,456650,,,1,70,,514536,,,1,30,,664631,,,1,80,,664651,,,1,30,,664658,,,1,72,,664661,,,1,31,,664655,,,1,68,,664633,,,1,30,,664654,,,1,70,,664640,,,1,24,,664645,,,1,70,,664659,,,1,29,,664639,,,1,70,,664646,,,1,20,,664632,,,1,25,,664641,,,1,70,,664648,,,1,30,,664653,,,1,70,,664657,,,1,100,,664660,,,1,107,,519524,,,1
16801,'2',655,,664674,,,1,100,,664676,,,1,100,,664688,,,1,72,,664675,,,1,30,,664682,,,1,70,,664687,,,1,73,,664680,,,1,30,,470305,,,1,70,,664686,,,1,30,,664673,,,1,73,,664684,,,1,30,,664671,,,1,70,,664672,,,1,30,,664679,,,1,70,,664664,,,1,30,,664678,,,1,70,,664677,,,1,30,,484243,,,1,70,,664689,,,1,30,,664666,,,1,70,,664683,,,1,30,,664681,,,1,69,,664685,,,1,30,,664667,,,1,70,,664670,,,1,98,,664665,,,1,58,,664669,,,1,98,,664668,,,1,100,,664663,,,1
16801,'20',553,,664708,,,1,81,,664718,,,1,75,,664706,,,1,30,,664702,,,1,70,,664697,,,1,35,,664695,,,1,70,,544650,,,1,30,,664703,,,1,67,,664711,,,1,25,,664696,,,1,70,,664698,,,1,30,,397872,,,1,70,,466161,,,1,30,,664710,,,1,70,,502264,,,1,30,,664693,,,1,70,,664694,,,1,30,,664690,,,1,80,,664709,,,1,30,,493228,,,1,72,,664717,,,1,31,,456790,,,1,68,,664692,,,1,30,,278197,,,1,70,,386819,,,1,24,,664704,,,1,70,,664715,,,1,29,,664699,,,1,70,,664705,,,1,20,,664691,,,1,25,,664700,,,1,70,,664707,,,1,30,,664712,,,1,70,,664714,,,1,100,,664716,,,1,107,,664701,,,1
16801,'21',553,,664749,,,1,81,,664725,,,1,75,,664740,,,1,30,,664743,,,1,70,,664719,,,1,35,,515140,,,1,70,,664722,,,1,30,,664750,,,1,67,,664742,,,1,25,,664732,,,1,70,,664733,,,1,30,,664731,,,1,70,,664736,,,1,30,,664723,,,1,70,,521425,,,1,30,,664724,,,1,70,,492501,,,1,30,,664747,,,1,80,,487509,,,1,30,,664728,,,1,72,,664727,,,1,29,,664739,,,1,70,,664726,,,1,30,,664734,,,1,70,,664729,,,1,24,,664746,,,1,70,,664737,,,1,29,,664745,,,1,70,,664730,,,1,20,,664738,,,1,25,,664748,,,1,70,,664720,,,1,30,,664741,,,1,70,,664744,,,1,100,,664735,,,1,107,,664721,,,1
16801,'22',553,,528508,,,1,81,,664784,,,1,75,,664768,,,1,30,,664763,,,1,70,,664758,,,1,35,,664755,,,1,70,,664770,,,1,30,,664765,,,1,67,,664773,,,1,25,,664757,,,1,70,,540633,,,1,30,,664764,,,1,70,,664778,,,1,30,,664772,,,1,70,,664756,,,1,30,,664753,,,1,70,,664754,,,1,30,,664751,,,1,80,,664771,,,1,30,,664780,,,1,72,,664783,,,1,31,,664777,,,1,68,,545340,,,1,30,,664776,,,1,70,,664760,,,1,24,,664766,,,1,70,,664781,,,1,29,,664759,,,1,70,,664767,,,1,20,,664752,,,1,25,,664761,,,1,70,,664769,,,1,30,,664774,,,1,70,,664779,,,1,100,,664782,,,1,107,,664762,,,1
16801,'23',553,,664819,,,1,81,,664792,,,1,75,,664808,,,1,30,,664811,,,1,70,,664785,,,1,35,,664812,,,1,70,,664789,,,1,30,,664820,,,1,67,,664810,,,1,25,,664800,,,1,70,,664801,,,1,30,,664799,,,1,70,,664804,,,1,30,,664790,,,1,70,,664787,,,1,30,,664791,,,1,70,,664795,,,1,30,,664817,,,1,80,,664813,,,1,30,,664796,,,1,72,,664794,,,1,29,,664807,,,1,70,,664793,,,1,30,,664802,,,1,70,,664797,,,1,24,,664816,,,1,70,,664805,,,1,29,,664815,,,1,70,,664798,,,1,20,,664806,,,1,25,,664818,,,1,70,,664786,,,1,30,,664809,,,1,70,,664814,,,1,100,,664803,,,1,107,,664788,,,1
16801,'3',655,,664834,,,1,100,,664836,,,1,100,,664848,,,1,72,,664835,,,1,30,,664842,,,1,70,,664847,,,1,73,,664840,,,1,30,,664821,,,1,70,,664846,,,1,30,,664833,,,1,73,,664844,,,1,30,,664831,,,1,70,,664832,,,1,30,,664839,,,1,70,,664824,,,1,30,,664838,,,1,70,,664837,,,1,30,,664823,,,1,70,,664849,,,1,30,,664826,,,1,70,,664843,,,1,30,,664841,,,1,69,,664845,,,1,30,,664827,,,1,70,,664830,,,1,98,,664825,,,1,58,,664829,,,1,98,,664828,,,1,100,,664822,,,1
16801,'4',650,,664870,,,1,150,,664861,,,1,100,,664866,,,1,30,,664868,,,1,70,,664850,,,1,30,,664852,,,1,73,,664857,,,1,30,,664863,,,1,70,,489857,,,1,30,,664856,,,1,73,,324455,,,1,30,,664867,,,1,70,,664864,,,1,30,,515389,,,1,70,,664869,,,1,30,,540694,,,1,70,,664862,,,1,30,,481790,,,1,70,,664860,,,1,30,,518254,,,1,70,,664873,,,1,30,,664858,,,1,69,,664851,,,1,30,,664872,,,1,70,,664871,,,1,30,,664854,,,1,68,,664853,,,1,30,,460289,,,1,70,,664874,,,1,30,,664855,,,1,68,,664865,,,1,100,,664859,,,1
16801,'5',553,,664887,,,1,156,,664878,,,1,100,,664885,,,1,105,,664882,,,1,97,,664877,,,1,95,,664891,,,1,100,,664888,,,1,100,,664892,,,1,100,,664890,,,1,110,,664894,,,1,102,,664893,,,1,99,,664883,,,1,100,,664880,,,1,94,,664884,,,1,99,,664875,,,1,45,,664879,,,1,100,,664881,,,1,100,,664889,,,1,100,,664886,,,1,77,,664876,,,1
16801,'6',553,,664915,,,1,81,,664898,,,1,75,,529773,,,1,30,,664908,,,1,70,,664895,,,1,35,,664909,,,1,70,,537069,,,1,30,,664916,,,1,67,,664907,,,1,25,,398396,,,1,70,,664901,,,1,30,,513861,,,1,70,,664903,,,1,30,,506968,,,1,70,,664896,,,1,30,,664897,,,1,70,,664899,,,1,30,,664913,,,1,80,,664910,,,1,30,,547586,,,1,72,,453987,,,1,29,,664905,,,1,70,,389644,,,1,30,,664902,,,1,70,,483737,,,1,24,,515291,,,1,70,,664904,,,1,29,,664912,,,1,70,,664900,,,1,20,,524499,,,1,25,,664914,,,1,70,,513829,,,1,30,,664906,,,1,70,,664911,,,1,100,,507409,,,1,107,,442866,,,1
16801,'7',655,,664928,,,1,100,,664930,,,1,100,,664942,,,1,72,,664929,,,1,30,,664936,,,1,70,,664941,,,1,73,,664934,,,1,30,,470469,,,1,70,,664940,,,1,30,,664927,,,1,73,,664938,,,1,30,,664925,,,1,70,,664926,,,1,30,,664933,,,1,70,,664918,,,1,30,,664932,,,1,70,,664931,,,1,30,,484633,,,1,70,,664943,,,1,30,,664920,,,1,70,,664937,,,1,30,,664935,,,1,69,,664939,,,1,30,,664921,,,1,70,,664924,,,1,98,,664919,,,1,58,,664923,,,1,98,,664922,,,1,100,,664917,,,1
16801,'8',553,,664962,,,1,81,,664972,,,1,75,,664960,,,1,30,,664956,,,1,70,,664951,,,1,35,,664949,,,1,70,,544474,,,1,30,,664957,,,1,67,,664965,,,1,25,,664950,,,1,70,,664952,,,1,30,,398009,,,1,70,,465905,,,1,30,,664964,,,1,70,,502147,,,1,30,,664947,,,1,70,,664948,,,1,30,,664944,,,1,80,,664963,,,1,30,,492926,,,1,72,,664971,,,1,31,,456485,,,1,68,,664946,,,1,30,,278009,,,1,70,,387163,,,1,24,,664958,,,1,70,,664969,,,1,29,,664953,,,1,70,,664959,,,1,20,,664945,,,1,25,,664954,,,1,70,,664961,,,1,30,,664966,,,1,70,,664968,,,1,100,,664970,,,1,107,,664955,,,1
16801,'9',553,,664993,,,1,81,,664976,,,1,75,,530109,,,1,30,,664986,,,1,70,,664973,,,1,35,,664987,,,1,70,,537662,,,1,30,,664994,,,1,67,,664985,,,1,25,,398134,,,1,70,,664979,,,1,30,,514756,,,1,70,,664981,,,1,30,,507254,,,1,70,,664974,,,1,30,,664975,,,1,70,,664977,,,1,30,,664991,,,1,80,,664988,,,1,30,,547612,,,1,72,,454761,,,1,29,,664983,,,1,70,,389425,,,1,30,,664980,,,1,70,,484584,,,1,24,,516224,,,1,70,,664982,,,1,29,,664990,,,1,70,,664978,,,1,20,,524966,,,1,25,,664992,,,1,70,,514724,,,1,30,,664984,,,1,70,,664989,,,1,100,,507696,,,1,107,,442701,,,1
68801,'11',1514,,515894,,,1
68801,'12',1514,,672820,,,1
68801,'13',1514,,672821,,,1
68801,'14',1514,,672822,,,1
68801,'15',1514,,672823,,,1
68801,'17',1514,,672824,,,1
68801,'18',1514,,672825,,,1
68801,'19',1514,,672827,,,1
68801,'20',1514,,672829,,,1
68801,'22',1514,,672831,,,1
68801,'8',1514,,672833,,,1
