5600,'1',608,,160981,16,,,1,27,,160999,16,,,1,77,,161005,16,,,1,34,,106041,16,,,1,72,,87180,16,,,1,30,,161007,16,,,1,95,,160991,16,,,1,70,,161011,16,,,1,444,,160998,16,,,1,73,,101210,16,,,1,17,,160996,16,,,1,56,,160986,16,,,1,10,,160997,16,,,1,14,,160982,16,,,1,16,,160995,16,,,1,14,,160989,16,,,1,70,,160984,16,,,1,20,,160994,16,,,1,101,,8612,16,,,1
5600,'10',608,,54978,16,,,1,27,,161012,16,,,1,77,,161026,16,,,1,34,,161022,16,,,1,71,,161028,16,,,1,31,,106164,16,,,1,70,,59852,16,,,1,25,,161047,16,,,1,70,,161043,16,,,1,431,,36467,16,,,1,13,,161018,16,,,1,71,,161046,16,,,1,19,,161048,16,,,1,56,,161042,16,,,1,10,,161034,16,,,1,13,,43111,16,,,1,18,,38166,16,,,1,13,,161032,16,,,1,70,,10239,16,,,1,20,,161021,16,,,1,71,,161031,16,,,1,30,,161041,16,,,1
5600,'11',725,,161049,16,,,1,100,,161062,16,,,1,101,,161059,16,,,1,101,,161055,16,,,1,100,,161063,16,,,1,100,,161064,16,,,1,100,,161070,16,,,1,100,,161054,16,,,1,101,,161056,16,,,1,100,,99656,16,,,1,99,,89272,16,,,1,100,,161057,16,,,1,98,,161066,16,,,1,100,,161058,16,,,1,100,,161052,16,,,1,84,,51438,16,,,1
5600,'12',608,,161107,16,,,1,27,,161114,16,,,1,77,,161075,16,,,1,34,,161093,16,,,1,72,,161090,16,,,1,30,,161116,16,,,1,70,,161097,16,,,1,25,,161113,16,,,1,70,,161079,16,,,1,431,,161092,16,,,1,15,,103251,16,,,1,73,,161109,16,,,1,15,,161094,16,,,1,55,,161083,16,,,1,11,,161076,16,,,1,12,,161101,16,,,1,17,,161111,16,,,1,15,,161096,16,,,1,70,,161074,16,,,1,21,,161104,16,,,1,70,,161095,16,,,1,30,,161084,16,,,1
5600,'13',725,,161118,16,,,1,100,,161135,16,,,1,101,,161133,16,,,1,101,,161125,16,,,1,100,,93020,16,,,1,100,,161136,16,,,1,100,,90680,16,,,1,100,,161124,16,,,1,101,,161127,16,,,1,100,,161129,16,,,1,99,,161126,16,,,1,100,,161130,16,,,1,98,,39369,16,,,1,100,,117447,16,,,1,100,,161121,16,,,1,84,,161132,16,,,1
5600,'14',608,,161167,16,,,1,27,,81962,16,,,1,77,,161144,16,,,1,34,,14618,16,,,1,72,,161154,16,,,1,30,,161176,16,,,1,70,,161158,16,,,1,25,,161174,16,,,1,70,,161146,16,,,1,431,,161156,16,,,1,15,,161153,16,,,1,73,,161169,16,,,1,15,,53224,16,,,1,55,,161149,16,,,1,11,,78849,16,,,1,12,,161162,16,,,1,17,,161172,16,,,1,15,,55898,16,,,1,70,,161143,16,,,1,21,,161164,16,,,1,70,,161157,16,,,1,30,,95333,16,,,1
5600,'15',608,,161204,16,,,1,27,,82165,16,,,1,77,,161181,16,,,1,34,,15058,16,,,1,72,,161191,16,,,1,30,,161213,16,,,1,70,,161195,16,,,1,25,,161211,16,,,1,70,,161183,16,,,1,431,,161193,16,,,1,15,,161190,16,,,1,73,,161206,16,,,1,15,,53329,16,,,1,55,,161186,16,,,1,11,,79199,16,,,1,12,,161199,16,,,1,17,,161209,16,,,1,15,,56175,16,,,1,70,,161180,16,,,1,21,,161201,16,,,1,70,,161194,16,,,1,30,,95536,16,,,1
5600,'16',608,,161248,16,,,1,27,,161256,16,,,1,77,,161218,16,,,1,34,,161235,16,,,1,72,,161232,16,,,1,30,,161258,16,,,1,70,,161239,16,,,1,25,,161254,16,,,1,70,,161222,16,,,1,431,,161234,16,,,1,15,,161231,16,,,1,73,,161250,16,,,1,15,,161236,16,,,1,55,,161225,16,,,1,11,,161219,16,,,1,12,,161242,16,,,1,17,,161253,16,,,1,15,,161238,16,,,1,70,,161217,16,,,1,21,,161245,16,,,1,70,,161237,16,,,1,30,,161226,16,,,1
5600,'17',608,,161264,16,,,1,27,,161282,16,,,1,77,,161288,16,,,1,34,,106143,16,,,1,72,,87412,16,,,1,30,,161290,16,,,1,95,,161274,16,,,1,70,,161294,16,,,1,444,,161281,16,,,1,73,,101332,16,,,1,17,,161279,16,,,1,56,,161269,16,,,1,10,,161280,16,,,1,14,,161265,16,,,1,16,,161278,16,,,1,14,,161272,16,,,1,70,,161267,16,,,1,20,,161277,16,,,1,101,,8783,16,,,1
5600,'2',608,,161298,16,,,1,27,,161316,16,,,1,77,,161322,16,,,1,34,,106061,16,,,1,72,,87232,16,,,1,30,,161324,16,,,1,95,,161308,16,,,1,70,,161328,16,,,1,444,,161315,16,,,1,73,,101238,16,,,1,17,,161313,16,,,1,56,,161303,16,,,1,10,,161314,16,,,1,14,,161299,16,,,1,16,,161312,16,,,1,14,,161306,16,,,1,70,,161301,16,,,1,20,,161311,16,,,1,101,,8647,16,,,1
5600,'3',608,,161354,16,,,1,27,,82094,16,,,1,77,,161331,16,,,1,34,,14904,16,,,1,72,,161341,16,,,1,30,,161363,16,,,1,70,,161345,16,,,1,25,,161361,16,,,1,70,,161333,16,,,1,431,,161343,16,,,1,15,,161340,16,,,1,73,,161356,16,,,1,15,,53291,16,,,1,55,,161336,16,,,1,11,,79068,16,,,1,12,,161349,16,,,1,17,,161359,16,,,1,15,,56077,16,,,1,70,,161330,16,,,1,21,,161351,16,,,1,70,,161344,16,,,1,30,,95467,16,,,1
5600,'4',713,,161372,16,,,1,100,,161392,16,,,1,101,,161390,16,,,1,101,,161366,16,,,1,100,,161386,16,,,1,100,,101549,16,,,1,100,,161375,16,,,1,100,,161373,16,,,1,101,,38679,16,,,1,100,,161391,16,,,1,100,,161387,16,,,1,99,,161371,16,,,1,98,,161367,16,,,1,100,,161368,16,,,1,100,,161374,16,,,1,99,,22093,16,,,1
5600,'5',608,,161395,16,,,1,27,,161418,16,,,1,77,,161427,16,,,1,34,,161402,16,,,1,72,,161404,16,,,1,30,,55449,16,,,1,95,,161407,16,,,1,70,,161435,16,,,1,444,,161417,16,,,1,73,,161430,16,,,1,17,,161414,16,,,1,56,,161401,16,,,1,10,,161415,16,,,1,14,,161396,16,,,1,16,,161413,16,,,1,14,,161405,16,,,1,70,,161399,16,,,1,20,,161411,16,,,1,101,,161428,16,,,1
5600,'6',608,,161439,16,,,1,27,,161457,16,,,1,77,,161463,16,,,1,34,,106261,16,,,1,72,,87692,16,,,1,30,,161465,16,,,1,95,,161449,16,,,1,70,,161469,16,,,1,444,,161456,16,,,1,73,,101490,16,,,1,17,,161454,16,,,1,56,,161444,16,,,1,10,,161455,16,,,1,14,,161440,16,,,1,16,,161453,16,,,1,14,,161447,16,,,1,70,,161442,16,,,1,20,,161452,16,,,1,101,,8981,16,,,1
5600,'7',713,,114608,16,,,1,100,,161496,16,,,1,101,,161494,16,,,1,101,,161470,16,,,1,100,,161490,16,,,1,100,,161492,16,,,1,100,,161478,16,,,1,100,,161476,16,,,1,101,,161477,16,,,1,100,,161495,16,,,1,100,,51935,16,,,1,99,,30346,16,,,1,98,,161471,16,,,1,100,,161473,16,,,1,100,,64319,16,,,1,99,,161488,16,,,1
5600,'8',608,,161500,16,,,1,27,,161518,16,,,1,77,,161524,16,,,1,34,,106241,16,,,1,72,,87640,16,,,1,30,,161526,16,,,1,95,,161510,16,,,1,70,,161530,16,,,1,444,,161517,16,,,1,73,,101462,16,,,1,17,,161515,16,,,1,56,,161505,16,,,1,10,,161516,16,,,1,14,,161501,16,,,1,16,,161514,16,,,1,14,,161508,16,,,1,70,,161503,16,,,1,20,,161513,16,,,1,101,,8946,16,,,1
5600,'9',725,,2820,16,,,1,100,,161549,16,,,1,101,,81361,16,,,1,101,,161538,16,,,1,100,,161550,16,,,1,100,,161551,16,,,1,100,,161559,16,,,1,100,,161537,16,,,1,101,,161540,16,,,1,100,,161542,16,,,1,99,,161539,16,,,1,100,,161543,16,,,1,98,,161553,16,,,1,100,,161545,16,,,1,100,,161534,16,,,1,84,,161546,16,,,1
8500,'1',444,,179824,46,,,1,76,,179857,46,,,1,30,,120306,46,,,1,60,,179854,46,,,1,15,,179839,46,,,1,17,,179851,46,,,1,16,,179861,46,,,1,55,,179809,46,,,1,16,,179834,46,,,1,73,,179821,46,,,1,17,,179855,46,,,1,16,,179858,46,,,1,15,,179838,46,,,1,57,,179828,46,,,1,10,,179835,46,,,1,15,,179832,46,,,1,15,,179842,46,,,1,55,,116823,46,,,1,15,,179811,46,,,1,15,,179845,46,,,1,15,,179808,46,,,1,55,,179817,46,,,1,15,,179844,46,,,1,15,,78364,46,,,1,15,,179862,46,,,1,55,,179829,46,,,1,15,,179841,46,,,1,15,,179843,46,,,1,15,,179819,46,,,1,55,,179847,46,,,1,15,,179831,46,,,1,15,,90449,46,,,1,15,,179818,46,,,1,55,,179812,46,,,1,15,,179860,46,,,1,18,,25895,46,,,1,15,,179822,46,,,1,54,,179837,46,,,1,18,,179833,19,0,51,1,14,,179836,46,,,1,17,,179848,46,,,1,56,,67082,46,,,1,13,,179840,46,,,1,18,,179856,46,,,1,12,,179830,46,,,1,55,,179849,46,,,1,15,,179820,46,,,1,16,,179827,46,,,1,13,,179816,46,,,1,67,,179850,46,,,1,15,,179813,46,,,1,11,,87191,46,,,1,14,,19417,46,,,1,72,,179815,46,,,1,29,,179853,46,,,1,70,,26998,46,,,1,30,,179846,46,,,1,69,,179810,46,,,1,29,,179825,46,,,1,69,,179859,46,,,1,27,,104418,46,,,1,70,,179826,46,,,1,29,,179823,46,,,1,70,,179814,46,,,1,79,,179852,46,,,1
8500,'10',444,,179910,46,,,1,76,,179866,46,,,1,30,,179865,46,,,1,60,,179888,46,,,1,15,,179903,46,,,1,17,,179889,46,,,1,16,,487,46,,,1,55,,179913,46,,,1,16,,114311,46,,,1,12,,179876,46,,,1,61,,1483,46,,,1,18,,179864,46,,,1,15,,57497,46,,,1,15,,179872,46,,,1,57,,179886,46,,,1,10,,179870,46,,,1,15,,84780,46,,,1,15,,179885,46,,,1,55,,179911,46,,,1,15,,179875,46,,,1,15,,179906,46,,,1,15,,179887,46,,,1,55,,47916,46,,,1,15,,179863,46,,,1,15,,2655,46,,,1,15,,179892,46,,,1,55,,179897,46,,,1,15,,68643,46,,,1,15,,179878,46,,,1,15,,179873,46,,,1,55,,114322,46,,,1,15,,179915,46,,,1,15,,179898,46,,,1,15,,179916,46,,,1,55,,179874,46,,,1,15,,179877,46,,,1,18,,179891,46,,,1,15,,179869,46,,,1,55,,179895,46,,,1,16,,179901,46,,,1,15,,179908,46,,,1,18,,179881,46,,,1,55,,179912,46,,,1,13,,179868,46,,,1,18,,78722,46,,,1,12,,179880,46,,,1,55,,179904,46,,,1,15,,179902,46,,,1,16,,179894,46,,,1,13,,179896,46,,,1,55,,179905,46,,,1,12,,179879,46,,,1,15,,179900,46,,,1,11,,179890,46,,,1,14,,179883,46,,,1,72,,179914,46,,,1,29,,94623,46,,,1,70,,179909,46,,,1,30,,179907,46,,,1,69,,179884,46,,,1,29,,179882,46,,,1,69,,179871,46,,,1,27,,179867,46,,,1,70,,19543,46,,,1,29,,179899,46,,,1,70,,53201,46,,,1,79,,179893,46,,,1
8500,'11',543,,179944,46,,,1,72,,179936,46,,,1,30,,112870,46,,,1,70,,179921,46,,,1,32,,92077,46,,,1,70,,16741,46,,,1,31,,118297,46,,,1,70,,179935,46,,,1,21,,179926,46,,,1,20,,179925,46,,,1,60,,179941,46,,,1,22,,8073,46,,,1,60,,179922,46,,,1,20,,179920,46,,,1,21,,179933,46,,,1,60,,179934,46,,,1,20,,179938,46,,,1,20,,5196,46,,,1,60,,179924,46,,,1,20,,179940,46,,,1,20,,179928,46,,,1,15,,118143,46,,,1,55,,179917,46,,,1,15,,65358,46,,,1,15,,179927,46,,,1,15,,9385,46,,,1,55,,179942,46,,,1,15,,52229,46,,,1,15,,179931,46,,,1,15,,41917,46,,,1,55,,179943,46,,,1,15,,20177,46,,,1,15,,48872,46,,,1,15,,179930,46,,,1,58,,179947,46,,,1,18,,179945,46,,,1,69,,179932,46,,,1,29,,179923,46,,,1,69,,39495,46,,,1,30,,179939,46,,,1,27,,179937,46,,,1,70,,179919,46,,,1,30,,26167,46,,,1,70,,90809,46,,,1,30,,6370,46,,,1,70,,79662,46,,,1,30,,179929,46,,,1,68,,179946,46,,,1,79,,179918,46,,,1
8500,'12',444,,2143,46,,,1,76,,179965,46,,,1,30,,179988,46,,,1,60,,179961,46,,,1,15,,179971,46,,,1,17,,179992,46,,,1,15,,179991,46,,,1,56,,179960,46,,,1,16,,179984,46,,,1,17,,179970,46,,,1,56,,45338,46,,,1,17,,1067,46,,,1,16,,74091,46,,,1,15,,179989,46,,,1,55,,68181,46,,,1,12,,179966,46,,,1,15,,44817,46,,,1,15,,179985,46,,,1,55,,179997,46,,,1,15,,179950,46,,,1,15,,62799,46,,,1,15,,179955,46,,,1,55,,179953,46,,,1,15,,179980,46,,,1,15,,179977,46,,,1,15,,179954,46,,,1,55,,179964,46,,,1,15,,179951,46,,,1,15,,179959,46,,,1,15,,33148,46,,,1,55,,96959,46,,,1,15,,179952,46,,,1,15,,57198,46,,,1,15,,179976,46,,,1,55,,179993,46,,,1,15,,179994,46,,,1,18,,179967,46,,,1,15,,93816,46,,,1,55,,179995,46,,,1,16,,179974,46,,,1,15,,179962,46,,,1,17,,179982,46,,,1,54,,179998,46,,,1,15,,179975,46,,,1,16,,179963,46,,,1,14,,179990,46,,,1,55,,179987,46,,,1,15,,179948,46,,,1,16,,45339,46,,,1,13,,179958,46,,,1,55,,17028,46,,,1,12,,109572,46,,,1,15,,179978,46,,,1,11,,179983,46,,,1,14,,179979,46,,,1,72,,179949,46,,,1,29,,88825,46,,,1,70,,179986,46,,,1,30,,179996,46,,,1,69,,179957,46,,,1,29,,179972,46,,,1,69,,179968,46,,,1,27,,179969,46,,,1,70,,179981,46,,,1,29,,179973,46,,,1,70,,50959,46,,,1,79,,179956,46,,,1
8500,'13',543,,180032,46,,,1,72,,180021,46,,,1,30,,180004,46,,,1,70,,27101,46,,,1,32,,180020,46,,,1,70,,180025,46,,,1,31,,180030,46,,,1,70,,1256,46,,,1,21,,60287,46,,,1,20,,78492,46,,,1,60,,52178,46,,,1,22,,180023,46,,,1,60,,21041,46,,,1,20,,180005,46,,,1,21,,180017,46,,,1,60,,180019,46,,,1,20,,12046,46,,,1,20,,180036,46,,,1,60,,180009,46,,,1,20,,180028,46,,,1,20,,180012,46,,,1,15,,180006,46,,,1,55,,179999,46,,,1,15,,180038,46,,,1,15,,180011,46,,,1,15,,180034,46,,,1,55,,180031,46,,,1,15,,180002,46,,,1,15,,180015,46,,,1,15,,180010,46,,,1,55,,3735,46,,,1,15,,180000,46,,,1,15,,180007,46,,,1,15,,180013,46,,,1,58,,180037,46,,,1,18,,180033,46,,,1,69,,180016,46,,,1,29,,180008,46,,,1,69,,180018,46,,,1,30,,180026,46,,,1,27,,180022,46,,,1,70,,180003,46,,,1,30,,180027,46,,,1,70,,180029,46,,,1,30,,180014,46,,,1,70,,180024,46,,,1,30,,15535,46,,,1,68,,180035,46,,,1,79,,180001,46,,,1
8500,'14',444,,180095,46,,,1,76,,97517,46,,,1,30,,180081,46,,,1,60,,180051,46,,,1,15,,180062,46,,,1,17,,24675,46,,,1,15,,180085,46,,,1,56,,180050,46,,,1,16,,180078,46,,,1,17,,180061,46,,,1,56,,180064,46,,,1,17,,180058,46,,,1,16,,180074,46,,,1,15,,180084,46,,,1,55,,180092,46,,,1,12,,180056,46,,,1,15,,180086,46,,,1,15,,180079,46,,,1,55,,180093,46,,,1,15,,180041,46,,,1,15,,180066,46,,,1,15,,41063,46,,,1,55,,180043,46,,,1,15,,101423,46,,,1,15,,180071,46,,,1,15,,38262,46,,,1,55,,180055,46,,,1,15,,59904,46,,,1,15,,180049,46,,,1,15,,180082,46,,,1,55,,180045,46,,,1,15,,180042,46,,,1,15,,180087,46,,,1,15,,180070,46,,,1,55,,180088,46,,,1,15,,180089,46,,,1,18,,180057,46,,,1,15,,180069,46,,,1,55,,180091,46,,,1,16,,83732,46,,,1,15,,180052,46,,,1,17,,180076,46,,,1,54,,180094,46,,,1,15,,180068,46,,,1,16,,180054,46,,,1,14,,83752,46,,,1,55,,54314,46,,,1,15,,180039,46,,,1,16,,180065,46,,,1,13,,180048,46,,,1,55,,180090,46,,,1,12,,180053,46,,,1,15,,180072,46,,,1,11,,180077,46,,,1,14,,180073,46,,,1,72,,180040,46,,,1,29,,180044,46,,,1,70,,180080,46,,,1,30,,107393,46,,,1,69,,180047,46,,,1,29,,180063,46,,,1,69,,180059,46,,,1,27,,180060,46,,,1,70,,180075,46,,,1,29,,180067,46,,,1,70,,180083,46,,,1,79,,180046,46,,,1
8500,'15',444,,180152,46,,,1,76,,97886,46,,,1,30,,180138,46,,,1,60,,180108,46,,,1,15,,180119,46,,,1,17,,24928,46,,,1,15,,180142,46,,,1,56,,180107,46,,,1,16,,180135,46,,,1,17,,180118,46,,,1,56,,180121,46,,,1,17,,180115,46,,,1,16,,180131,46,,,1,15,,180141,46,,,1,55,,180149,46,,,1,12,,180113,46,,,1,15,,180143,46,,,1,15,,180136,46,,,1,55,,180150,46,,,1,15,,180098,46,,,1,15,,180123,46,,,1,15,,41423,46,,,1,55,,180100,46,,,1,15,,101577,46,,,1,15,,180128,46,,,1,15,,38753,46,,,1,55,,180112,46,,,1,15,,60088,46,,,1,15,,180106,46,,,1,15,,180139,46,,,1,55,,180102,46,,,1,15,,180099,46,,,1,15,,180144,46,,,1,15,,180127,46,,,1,55,,180145,46,,,1,15,,180146,46,,,1,18,,180114,46,,,1,15,,180126,46,,,1,55,,180148,46,,,1,16,,84110,46,,,1,15,,180109,46,,,1,17,,180133,46,,,1,54,,180151,46,,,1,15,,180125,46,,,1,16,,180111,46,,,1,14,,84130,46,,,1,55,,54505,46,,,1,15,,180096,46,,,1,16,,180122,46,,,1,13,,180105,46,,,1,55,,180147,46,,,1,12,,180110,46,,,1,15,,180129,46,,,1,11,,180134,46,,,1,14,,180130,46,,,1,72,,180097,46,,,1,29,,180101,46,,,1,70,,180137,46,,,1,30,,107442,46,,,1,69,,180104,46,,,1,29,,180120,46,,,1,69,,180116,46,,,1,27,,180117,46,,,1,70,,180132,46,,,1,29,,180124,46,,,1,70,,180140,46,,,1,79,,180103,46,,,1
8500,'16',444,,180212,46,,,1,76,,180171,46,,,1,30,,42951,46,,,1,60,,180166,46,,,1,15,,180178,46,,,1,17,,180204,46,,,1,15,,13129,46,,,1,56,,180165,46,,,1,16,,180196,46,,,1,17,,180177,46,,,1,56,,180180,46,,,1,17,,180174,46,,,1,16,,180192,46,,,1,15,,100529,46,,,1,55,,180209,46,,,1,12,,180172,46,,,1,15,,180202,46,,,1,15,,87340,46,,,1,55,,180210,46,,,1,15,,180155,46,,,1,15,,180182,46,,,1,15,,180159,46,,,1,55,,180157,46,,,1,15,,180191,46,,,1,15,,180188,46,,,1,15,,180158,46,,,1,55,,180170,46,,,1,15,,180156,46,,,1,15,,180164,46,,,1,15,,180199,46,,,1,55,,180161,46,,,1,15,,50055,46,,,1,15,,180203,46,,,1,15,,180187,46,,,1,55,,180205,46,,,1,15,,87347,46,,,1,18,,180173,46,,,1,15,,180186,46,,,1,55,,180207,46,,,1,16,,180184,46,,,1,15,,180167,46,,,1,17,,180194,46,,,1,54,,180211,46,,,1,15,,180185,46,,,1,16,,180169,46,,,1,14,,180201,46,,,1,55,,180198,46,,,1,15,,180153,46,,,1,16,,180181,46,,,1,13,,180163,46,,,1,55,,180206,46,,,1,12,,180168,46,,,1,15,,180189,46,,,1,11,,180195,46,,,1,14,,180190,46,,,1,72,,180154,46,,,1,29,,180160,46,,,1,70,,180197,46,,,1,30,,180208,46,,,1,69,,180162,46,,,1,29,,180179,46,,,1,69,,180175,46,,,1,27,,180176,46,,,1,70,,180193,46,,,1,29,,180183,46,,,1,70,,180200,46,,,1,79,,7346,46,,,1
8500,'17',444,,180229,46,,,1,76,,180262,46,,,1,30,,120315,46,,,1,60,,180259,46,,,1,15,,180244,46,,,1,17,,180256,46,,,1,16,,180266,46,,,1,55,,180214,46,,,1,16,,180239,46,,,1,73,,180226,46,,,1,17,,180260,46,,,1,16,,180263,46,,,1,15,,180243,46,,,1,57,,180233,46,,,1,10,,180240,46,,,1,15,,180237,46,,,1,15,,180247,46,,,1,55,,116839,46,,,1,15,,180216,46,,,1,15,,180250,46,,,1,15,,180213,46,,,1,55,,180222,46,,,1,15,,180249,46,,,1,15,,78661,46,,,1,15,,180267,46,,,1,55,,180234,46,,,1,15,,180246,46,,,1,15,,180248,46,,,1,15,,180224,46,,,1,55,,180252,46,,,1,15,,180236,46,,,1,15,,90848,46,,,1,15,,180223,46,,,1,55,,180217,46,,,1,15,,180265,46,,,1,18,,26193,46,,,1,15,,180227,46,,,1,54,,180242,46,,,1,18,,180238,19,0,51,1,14,,180241,46,,,1,17,,180253,46,,,1,56,,67233,46,,,1,13,,180245,46,,,1,18,,180261,46,,,1,12,,180235,46,,,1,55,,180254,46,,,1,15,,180225,46,,,1,16,,180232,46,,,1,13,,180221,46,,,1,67,,180255,46,,,1,15,,180218,46,,,1,11,,87423,46,,,1,14,,19510,46,,,1,72,,180220,46,,,1,29,,180258,46,,,1,70,,27274,46,,,1,30,,180251,46,,,1,69,,180215,46,,,1,29,,180230,46,,,1,69,,180264,46,,,1,27,,104591,46,,,1,70,,180231,46,,,1,29,,180228,46,,,1,70,,180219,46,,,1,79,,180257,46,,,1
8500,'2',444,,180284,46,,,1,76,,180317,46,,,1,30,,120309,46,,,1,60,,180314,46,,,1,15,,180299,46,,,1,17,,180311,46,,,1,16,,180321,46,,,1,55,,180269,46,,,1,16,,180294,46,,,1,73,,180281,46,,,1,17,,180315,46,,,1,16,,180318,46,,,1,15,,180298,46,,,1,57,,180288,46,,,1,10,,180295,46,,,1,15,,180292,46,,,1,15,,180302,46,,,1,55,,116827,46,,,1,15,,180271,46,,,1,15,,180305,46,,,1,15,,180268,46,,,1,55,,180277,46,,,1,15,,180304,46,,,1,15,,78429,46,,,1,15,,180322,46,,,1,55,,180289,46,,,1,15,,180301,46,,,1,15,,180303,46,,,1,15,,180279,46,,,1,55,,180307,46,,,1,15,,180291,46,,,1,15,,90533,46,,,1,15,,180278,46,,,1,55,,180272,46,,,1,15,,180320,46,,,1,18,,25959,46,,,1,15,,180282,46,,,1,54,,180297,46,,,1,18,,180293,19,0,51,1,14,,180296,46,,,1,17,,180308,46,,,1,56,,67114,46,,,1,13,,180300,46,,,1,18,,180316,46,,,1,12,,180290,46,,,1,55,,180309,46,,,1,15,,180280,46,,,1,16,,180287,46,,,1,13,,180276,46,,,1,67,,180310,46,,,1,15,,180273,46,,,1,11,,87243,46,,,1,14,,19440,46,,,1,72,,180275,46,,,1,29,,180313,46,,,1,70,,27058,46,,,1,30,,180306,46,,,1,69,,180270,46,,,1,29,,180285,46,,,1,69,,180319,46,,,1,27,,104453,46,,,1,70,,180286,46,,,1,29,,180283,46,,,1,70,,180274,46,,,1,79,,180312,46,,,1
8500,'3',444,,180379,46,,,1,76,,97751,46,,,1,30,,180365,46,,,1,60,,180335,46,,,1,15,,180346,46,,,1,17,,24837,46,,,1,15,,180369,46,,,1,56,,180334,46,,,1,16,,180362,46,,,1,17,,180345,46,,,1,56,,180348,46,,,1,17,,180342,46,,,1,16,,180358,46,,,1,15,,180368,46,,,1,55,,180376,46,,,1,12,,180340,46,,,1,15,,180370,46,,,1,15,,180363,46,,,1,55,,180377,46,,,1,15,,180325,46,,,1,15,,180350,46,,,1,15,,41293,46,,,1,55,,180327,46,,,1,15,,101517,46,,,1,15,,180355,46,,,1,15,,38587,46,,,1,55,,180339,46,,,1,15,,60022,46,,,1,15,,180333,46,,,1,15,,180366,46,,,1,55,,180329,46,,,1,15,,180326,46,,,1,15,,180371,46,,,1,15,,180354,46,,,1,55,,180372,46,,,1,15,,180373,46,,,1,18,,180341,46,,,1,15,,180353,46,,,1,55,,180375,46,,,1,16,,83978,46,,,1,15,,180336,46,,,1,17,,180360,46,,,1,54,,180378,46,,,1,15,,180352,46,,,1,16,,180338,46,,,1,14,,83998,46,,,1,55,,54440,46,,,1,15,,180323,46,,,1,16,,180349,46,,,1,13,,180332,46,,,1,55,,180374,46,,,1,12,,180337,46,,,1,15,,180356,46,,,1,11,,180361,46,,,1,14,,180357,46,,,1,72,,180324,46,,,1,29,,180328,46,,,1,70,,180364,46,,,1,30,,107424,46,,,1,69,,180331,46,,,1,29,,180347,46,,,1,69,,180343,46,,,1,27,,180344,46,,,1,70,,180359,46,,,1,29,,180351,46,,,1,70,,180367,46,,,1,79,,180330,46,,,1
8500,'4',538,,180421,46,,,1,71,,180417,46,,,1,30,,180381,46,,,1,70,,180410,46,,,1,32,,180425,46,,,1,70,,180423,46,,,1,31,,180424,46,,,1,70,,180383,46,,,1,31,,180392,46,,,1,59,,180406,46,,,1,15,,180418,46,,,1,15,,180407,46,,,1,17,,180412,46,,,1,55,,180386,46,,,1,15,,73891,46,,,1,15,,180398,46,,,1,16,,180391,46,,,1,55,,180384,46,,,1,15,,180380,46,,,1,15,,3177,46,,,1,15,,118275,46,,,1,55,,180419,46,,,1,15,,180400,46,,,1,15,,38676,46,,,1,15,,180389,46,,,1,55,,180399,46,,,1,15,,180387,46,,,1,15,,79144,46,,,1,15,,180396,46,,,1,55,,86148,46,,,1,15,,180408,46,,,1,15,,180401,46,,,1,15,,180394,46,,,1,55,,180422,46,,,1,15,,180382,46,,,1,15,,180411,46,,,1,15,,180420,46,,,1,55,,180397,46,,,1,15,,180402,46,,,1,15,,180413,46,,,1,15,,180404,46,,,1,57,,16392,46,,,1,29,,180405,46,,,1,70,,180388,46,,,1,30,,180414,46,,,1,67,,180395,46,,,1,30,,180409,46,,,1,70,,180393,46,,,1,30,,11607,46,,,1,70,,180385,46,,,1,30,,180390,46,,,1,70,,180403,46,,,1,28,,180415,46,,,1,70,,22101,46,,,1,30,,180416,46,,,1
8500,'5',444,,180440,46,,,1,76,,180474,46,,,1,30,,180443,46,,,1,60,,180472,46,,,1,15,,180459,46,,,1,17,,180469,46,,,1,16,,180477,46,,,1,55,,180428,46,,,1,16,,180454,46,,,1,73,,180438,46,,,1,17,,46425,46,,,1,16,,180475,46,,,1,15,,180458,46,,,1,57,,180445,46,,,1,10,,180455,46,,,1,15,,180449,46,,,1,15,,180462,46,,,1,55,,180468,46,,,1,15,,110604,46,,,1,15,,76640,46,,,1,15,,180427,46,,,1,55,,180433,46,,,1,15,,80996,46,,,1,15,,180452,46,,,1,15,,180479,46,,,1,55,,31890,46,,,1,15,,180461,46,,,1,15,,180463,46,,,1,15,,180436,46,,,1,55,,180465,46,,,1,15,,180448,46,,,1,15,,180435,46,,,1,15,,180434,46,,,1,55,,76597,46,,,1,15,,180476,46,,,1,18,,180426,46,,,1,15,,13872,46,,,1,54,,180457,46,,,1,18,,180453,19,0,51,1,14,,180456,46,,,1,17,,64401,46,,,1,56,,180478,46,,,1,13,,180460,46,,,1,18,,180473,46,,,1,12,,180446,46,,,1,55,,180466,46,,,1,15,,180437,46,,,1,16,,180442,46,,,1,13,,180432,46,,,1,67,,180467,46,,,1,15,,180429,46,,,1,11,,180451,46,,,1,14,,180450,46,,,1,72,,180431,46,,,1,29,,180471,46,,,1,70,,180447,46,,,1,30,,180464,46,,,1,69,,104342,46,,,1,29,,180441,46,,,1,69,,88816,46,,,1,27,,180444,46,,,1,70,,45313,46,,,1,29,,180439,46,,,1,70,,180430,46,,,1,79,,180470,46,,,1
8500,'6',444,,180496,46,,,1,76,,180529,46,,,1,30,,120321,46,,,1,60,,180526,46,,,1,15,,180511,46,,,1,17,,180523,46,,,1,16,,180533,46,,,1,55,,180481,46,,,1,16,,180506,46,,,1,73,,180493,46,,,1,17,,180527,46,,,1,16,,180530,46,,,1,15,,180510,46,,,1,57,,180500,46,,,1,10,,180507,46,,,1,15,,180504,46,,,1,15,,180514,46,,,1,55,,116859,46,,,1,15,,180483,46,,,1,15,,180517,46,,,1,15,,180480,46,,,1,55,,180489,46,,,1,15,,180516,46,,,1,15,,79012,46,,,1,15,,180534,46,,,1,55,,180501,46,,,1,15,,180513,46,,,1,15,,180515,46,,,1,15,,180491,46,,,1,55,,180519,46,,,1,15,,180503,46,,,1,15,,91316,46,,,1,15,,180490,46,,,1,55,,180484,46,,,1,15,,180532,46,,,1,18,,26549,46,,,1,15,,180494,46,,,1,54,,180509,46,,,1,18,,180505,19,0,51,1,14,,180508,46,,,1,17,,180520,46,,,1,56,,67410,46,,,1,13,,180512,46,,,1,18,,180528,46,,,1,12,,180502,46,,,1,55,,180521,46,,,1,15,,180492,46,,,1,16,,180499,46,,,1,13,,180488,46,,,1,67,,180522,46,,,1,15,,180485,46,,,1,11,,87703,46,,,1,14,,19619,46,,,1,72,,180487,46,,,1,29,,180525,46,,,1,70,,27605,46,,,1,30,,180518,46,,,1,69,,180482,46,,,1,29,,180497,46,,,1,69,,180531,46,,,1,27,,104780,46,,,1,70,,180498,46,,,1,29,,180495,46,,,1,70,,180486,46,,,1,79,,180524,46,,,1
8500,'7',538,,180571,46,,,1,71,,180566,46,,,1,30,,180536,46,,,1,70,,180560,46,,,1,32,,180578,46,,,1,70,,180574,46,,,1,31,,180577,46,,,1,70,,180539,46,,,1,31,,180545,46,,,1,59,,180556,46,,,1,15,,180567,46,,,1,15,,180557,46,,,1,17,,180562,46,,,1,55,,180541,46,,,1,15,,180553,46,,,1,15,,180550,46,,,1,16,,82857,46,,,1,55,,180540,46,,,1,15,,180535,46,,,1,15,,180576,46,,,1,15,,180537,46,,,1,55,,180568,46,,,1,15,,180552,46,,,1,15,,180538,46,,,1,15,,180543,46,,,1,55,,7068,46,,,1,15,,9746,46,,,1,15,,180551,46,,,1,15,,72114,46,,,1,55,,180575,46,,,1,15,,180558,46,,,1,15,,55368,46,,,1,15,,180547,46,,,1,55,,180572,46,,,1,15,,54516,46,,,1,15,,180561,46,,,1,15,,180570,46,,,1,55,,180549,46,,,1,15,,16515,46,,,1,15,,180563,46,,,1,15,,180554,46,,,1,57,,180569,46,,,1,29,,180555,46,,,1,70,,180542,46,,,1,30,,63665,46,,,1,67,,180548,46,,,1,30,,180559,46,,,1,70,,180546,46,,,1,30,,180544,46,,,1,70,,20845,46,,,1,30,,49651,46,,,1,70,,22807,46,,,1,28,,180564,46,,,1,70,,180573,46,,,1,30,,180565,46,,,1
8500,'8',444,,180595,46,,,1,76,,180628,46,,,1,30,,120318,46,,,1,60,,180625,46,,,1,15,,180610,46,,,1,17,,180622,46,,,1,16,,180632,46,,,1,55,,180580,46,,,1,16,,180605,46,,,1,73,,180592,46,,,1,17,,180626,46,,,1,16,,180629,46,,,1,15,,180609,46,,,1,57,,180599,46,,,1,10,,180606,46,,,1,15,,180603,46,,,1,15,,180613,46,,,1,55,,116855,46,,,1,15,,180582,46,,,1,15,,180616,46,,,1,15,,180579,46,,,1,55,,180588,46,,,1,15,,180615,46,,,1,15,,78947,46,,,1,15,,180633,46,,,1,55,,180600,46,,,1,15,,180612,46,,,1,15,,180614,46,,,1,15,,180590,46,,,1,55,,180618,46,,,1,15,,180602,46,,,1,15,,91232,46,,,1,15,,180589,46,,,1,55,,180583,46,,,1,15,,180631,46,,,1,18,,26485,46,,,1,15,,180593,46,,,1,54,,180608,46,,,1,18,,180604,19,0,51,1,14,,180607,46,,,1,17,,180619,46,,,1,56,,67378,46,,,1,13,,180611,46,,,1,18,,180627,46,,,1,12,,180601,46,,,1,55,,180620,46,,,1,15,,180591,46,,,1,16,,180598,46,,,1,13,,180587,46,,,1,67,,180621,46,,,1,15,,180584,46,,,1,11,,87651,46,,,1,14,,19596,46,,,1,72,,180586,46,,,1,29,,180624,46,,,1,70,,27545,46,,,1,30,,180617,46,,,1,69,,180581,46,,,1,29,,180596,46,,,1,69,,180630,46,,,1,27,,104745,46,,,1,70,,180597,46,,,1,29,,180594,46,,,1,70,,180585,46,,,1,79,,180623,46,,,1
8500,'9',543,,180676,46,,,1,72,,180662,46,,,1,30,,180639,46,,,1,70,,180642,46,,,1,32,,180660,46,,,1,70,,180666,46,,,1,31,,180673,46,,,1,70,,180661,46,,,1,21,,180649,46,,,1,20,,180648,46,,,1,60,,180671,46,,,1,22,,180664,46,,,1,60,,180644,46,,,1,20,,180640,46,,,1,21,,180657,46,,,1,60,,180659,46,,,1,20,,180667,46,,,1,20,,180679,46,,,1,60,,180646,46,,,1,20,,180670,46,,,1,20,,180651,46,,,1,15,,180641,46,,,1,55,,180634,46,,,1,15,,180681,46,,,1,15,,180650,46,,,1,15,,180678,46,,,1,55,,180674,46,,,1,15,,180637,46,,,1,15,,180655,46,,,1,15,,180647,46,,,1,55,,180675,46,,,1,15,,180635,46,,,1,15,,180643,46,,,1,15,,180653,46,,,1,58,,180680,46,,,1,18,,180677,46,,,1,69,,180656,46,,,1,29,,180645,46,,,1,69,,180658,46,,,1,30,,180668,46,,,1,27,,180663,46,,,1,70,,180638,46,,,1,30,,180669,46,,,1,70,,180672,46,,,1,30,,180654,46,,,1,70,,180665,46,,,1,30,,180652,46,,,1,68,,81364,46,,,1,79,,180636,46,,,1
