1700,'12',1527,,221629,34,,,1,30,,221628,34,,,1,70,,221626,34,,,1,30,,221630,34,,,1,70,,221631,34,,,1,30,,221627,34,,,1,70,,129922,34,,,1
1700,'14',1527,,221633,34,,,1,30,,135376,34,,,1,68,,145547,34,,,1,33,,221635,34,,,1,70,,221634,34,,,1,29,,221632,34,,,1,72,,121198,34,,,1
1700,'15',1527,,221639,34,,,1,30,,221638,34,,,1,70,,221636,34,,,1,30,,221640,34,,,1,70,,221641,34,,,1,30,,221637,34,,,1,70,,130097,34,,,1
1700,'17',1527,,221643,34,,,1,30,,135370,34,,,1,68,,145510,34,,,1,33,,221645,34,,,1,70,,221644,34,,,1,29,,221642,34,,,1,72,,121110,34,,,1
1700,'18',1527,,221647,34,,,1,30,,135387,34,,,1,68,,3751,34,,,1,33,,221649,34,,,1,70,,221648,34,,,1,29,,221646,34,,,1,72,,17672,34,,,1
1700,'2',1527,,221652,34,,,1,30,,221656,34,,,1,68,,221650,34,,,1,33,,221655,34,,,1,70,,221653,34,,,1,29,,221651,34,,,1,72,,221654,34,,,1
1700,'3',1527,,139769,34,,,1,30,,221660,34,,,1,70,,221657,34,,,1,30,,189154,34,,,1,70,,221661,34,,,1,30,,221658,34,,,1,70,,221659,34,,,1
1700,'4',1527,,221665,34,,,1,30,,221664,34,,,1,70,,221662,34,,,1,30,,221666,34,,,1,70,,221667,34,,,1,30,,221663,34,,,1,70,,130181,34,,,1
1700,'5',1527,,221671,34,,,1,30,,221670,34,,,1,70,,221668,34,,,1,30,,221672,34,,,1,70,,221673,34,,,1,30,,221669,34,,,1,70,,129538,34,,,1
1700,'7',1527,,133566,34,,,1,30,,221678,34,,,1,68,,221674,34,,,1,33,,195813,34,,,1,70,,221676,34,,,1,29,,221675,34,,,1,72,,221677,34,,,1
1700,'8',1527,,221683,34,,,1,28,,221681,34,,,1,70,,221682,34,,,1,33,,221679,34,,,1,69,,221684,34,,,1,30,,221685,34,,,1,70,,221680,34,,,1
1700,'9',1527,,221689,34,,,1,30,,221688,34,,,1,70,,221686,34,,,1,30,,221690,34,,,1,70,,221691,34,,,1,30,,221687,34,,,1,70,,129877,34,,,1
1701,'12',601,,221693,3,,,1,30,,221694,3,,,1,70,,86433,3,,,1,30,,185617,3,,,1,100,,221692,3,,,1
1701,'14',601,,123712,3,,,1,30,,121193,3,,,1,70,,160546,3,,,1,32,,221696,3,,,1,68,,221695,3,,,1,30,,221697,3,,,1
1701,'15',601,,221699,3,,,1,30,,221700,3,,,1,70,,86886,3,,,1,30,,185885,3,,,1,100,,221698,3,,,1
1701,'17',601,,87969,3,,,1,30,,121107,3,,,1,70,,22881,3,,,1,32,,221702,3,,,1,68,,221701,3,,,1,30,,221703,3,,,1
1701,'18',601,,123850,3,,,1,30,,26114,3,,,1,70,,160629,3,,,1,32,,221705,3,,,1,68,,221704,3,,,1,30,,221706,3,,,1
1701,'2',601,,221709,3,,,1,30,,221710,3,,,1,70,,221708,3,,,1,32,,221711,3,,,1,68,,221707,3,,,1,30,,221712,3,,,1
1701,'3',601,,152284,3,,,1,30,,221714,3,,,1,70,,221716,3,,,1,30,,221715,3,,,1,100,,221713,3,,,1
1701,'4',601,,221718,3,,,1,30,,221719,3,,,1,70,,86838,3,,,1,30,,186006,3,,,1,100,,221717,3,,,1
1701,'5',601,,221721,3,,,1,30,,221722,3,,,1,70,,86385,3,,,1,30,,185067,3,,,1,100,,221720,3,,,1
1701,'7',601,,221725,3,,,1,30,,221726,3,,,1,70,,221724,3,,,1,32,,221727,3,,,1,68,,221723,3,,,1,30,,167784,3,,,1
1701,'8',601,,221731,3,,,1,30,,221728,3,,,1,70,,221733,3,,,1,28,,221729,3,,,1,29,,221730,3,,,1,73,,221732,3,,,1
1701,'9',601,,221735,3,,,1,30,,221736,3,,,1,70,,86610,3,,,1,30,,185548,3,,,1,100,,221734,3,,,1
2501,'12',553,,146568,3,0,116,1,71,,226814,3,0,116,1,29,,226846,3,0,116,1,70,,226812,3,0,116,1,29,,179731,3,0,116,1,72,,109639,3,0,116,1,30,,226819,3,0,116,1,55,,203389,3,0,116,1,14,,226821,3,0,116,1,16,,226811,3,0,116,1,15,,226829,3,0,116,1,56,,202067,3,0,116,1,13,,226841,3,0,116,1,15,,226804,3,0,116,1,15,,75272,3,0,116,1,55,,226830,3,0,116,1,15,,142925,3,0,116,1,15,,226848,3,0,116,1,15,,226847,3,0,116,1,55,,25962,3,0,116,1,15,,226823,3,0,116,1,15,,226828,3,0,116,1,15,,226827,3,0,116,1,55,,226808,3,0,116,1,15,,226822,3,0,116,1,15,,226816,3,0,116,1,15,,226842,3,0,116,1,56,,226845,3,0,116,1,15,,226844,3,0,116,1,13,,3614,3,0,116,1,17,,226836,3,0,116,1,55,,226820,3,0,116,1,15,,179730,3,0,116,1,15,,226824,3,0,116,1,14,,226818,3,0,116,1,56,,226843,3,0,116,1,15,,197144,3,0,116,1,15,,226810,3,0,116,1,15,,226817,3,0,116,1,54,,226815,3,0,116,1,14,,226807,3,0,116,1,16,,226813,3,0,116,1,16,,64493,3,0,116,1,55,,226833,3,0,116,1,15,,226826,3,0,116,1,15,,226832,3,0,116,1,70,,226839,3,0,116,1,24,,226805,3,0,116,1,70,,226835,3,0,116,1,28,,226834,3,0,116,1,71,,226806,3,0,116,1,30,,226831,3,0,116,1,70,,226809,3,0,116,1,31,,158210,3,0,116,1,70,,226825,3,0,116,1,30,,226837,3,0,116,1
2501,'14',553,,226908,3,0,116,1,71,,226915,3,0,116,1,29,,226917,3,0,116,1,70,,160561,3,0,116,1,31,,226894,3,0,116,1,70,,153665,3,0,116,1,30,,226884,3,0,116,1,69,,226891,3,0,116,1,31,,165686,3,0,116,1,69,,226880,3,0,116,1,30,,226899,3,0,116,1,70,,226888,3,0,116,1,30,,164510,3,0,116,1,70,,226882,3,0,116,1,30,,226910,3,0,116,1,70,,226922,3,0,116,1,30,,130495,3,0,116,1,71,,226902,3,0,116,1,28,,226885,3,0,116,1,55,,226911,3,0,116,1,15,,226905,3,0,116,1,15,,226881,3,0,116,1,15,,226898,3,0,116,1,56,,226906,3,0,116,1,15,,226892,3,0,116,1,16,,226921,3,0,116,1,14,,226897,3,0,116,1,56,,226883,3,0,116,1,14,,226895,3,0,116,1,15,,122706,3,0,116,1,16,,104669,3,0,116,1,55,,47997,3,0,116,1,15,,226903,3,0,116,1,15,,226896,3,0,116,1,70,,226887,3,0,116,1,24,,226890,3,0,116,1,70,,226912,3,0,116,1,28,,180092,3,0,116,1,71,,226886,3,0,116,1,30,,226918,3,0,116,1,70,,226909,3,0,116,1,31,,226916,3,0,116,1,70,,226924,3,0,116,1,30,,226923,3,0,116,1
2501,'15',553,,146672,3,0,116,1,71,,226935,3,0,116,1,29,,226967,3,0,116,1,70,,226933,3,0,116,1,29,,179746,3,0,116,1,72,,109924,3,0,116,1,30,,226940,3,0,116,1,55,,203404,3,0,116,1,14,,226942,3,0,116,1,16,,226932,3,0,116,1,15,,226950,3,0,116,1,56,,202168,3,0,116,1,13,,226962,3,0,116,1,15,,226925,3,0,116,1,15,,76124,3,0,116,1,55,,226951,3,0,116,1,15,,143028,3,0,116,1,15,,226969,3,0,116,1,15,,226968,3,0,116,1,55,,26552,3,0,116,1,15,,226944,3,0,116,1,15,,226949,3,0,116,1,15,,226948,3,0,116,1,55,,226929,3,0,116,1,15,,226943,3,0,116,1,15,,226937,3,0,116,1,15,,226963,3,0,116,1,56,,226966,3,0,116,1,15,,226965,3,0,116,1,13,,4338,3,0,116,1,17,,226957,3,0,116,1,55,,226941,3,0,116,1,15,,179745,3,0,116,1,15,,226945,3,0,116,1,14,,226939,3,0,116,1,56,,226964,3,0,116,1,15,,197166,3,0,116,1,15,,226931,3,0,116,1,15,,226938,3,0,116,1,54,,226936,3,0,116,1,14,,226928,3,0,116,1,16,,226934,3,0,116,1,16,,64859,3,0,116,1,55,,226954,3,0,116,1,15,,226947,3,0,116,1,15,,226953,3,0,116,1,70,,226960,3,0,116,1,24,,226926,3,0,116,1,70,,226956,3,0,116,1,28,,226955,3,0,116,1,71,,226927,3,0,116,1,30,,226952,3,0,116,1,70,,226930,3,0,116,1,31,,158354,3,0,116,1,70,,226946,3,0,116,1,30,,226958,3,0,116,1
2501,'17',553,,227025,3,0,116,1,71,,227032,3,0,116,1,29,,227034,3,0,116,1,70,,160486,3,0,116,1,31,,227011,3,0,116,1,70,,153650,3,0,116,1,30,,227001,3,0,116,1,69,,227008,3,0,116,1,31,,165612,3,0,116,1,69,,226997,3,0,116,1,30,,227016,3,0,116,1,70,,227005,3,0,116,1,30,,164480,3,0,116,1,70,,226999,3,0,116,1,30,,227027,3,0,116,1,70,,227039,3,0,116,1,30,,130412,3,0,116,1,71,,227019,3,0,116,1,28,,227002,3,0,116,1,55,,227028,3,0,116,1,15,,227022,3,0,116,1,15,,226998,3,0,116,1,15,,227015,3,0,116,1,56,,227023,3,0,116,1,15,,227009,3,0,116,1,16,,227038,3,0,116,1,14,,227014,3,0,116,1,56,,227000,3,0,116,1,14,,227012,3,0,116,1,15,,122590,3,0,116,1,16,,143213,3,0,116,1,55,,154808,3,0,116,1,15,,227020,3,0,116,1,15,,227013,3,0,116,1,70,,227004,3,0,116,1,24,,227007,3,0,116,1,70,,227029,3,0,116,1,28,,68181,3,0,116,1,71,,227003,3,0,116,1,30,,227035,3,0,116,1,70,,227026,3,0,116,1,31,,227033,3,0,116,1,70,,227041,3,0,116,1,30,,227040,3,0,116,1
2501,'18',553,,227070,3,0,116,1,71,,227077,3,0,116,1,29,,227079,3,0,116,1,70,,160639,3,0,116,1,31,,227056,3,0,116,1,70,,36388,3,0,116,1,30,,227046,3,0,116,1,69,,227053,3,0,116,1,31,,165778,3,0,116,1,69,,227042,3,0,116,1,30,,227061,3,0,116,1,70,,227050,3,0,116,1,30,,164574,3,0,116,1,70,,227044,3,0,116,1,30,,227072,3,0,116,1,70,,227084,3,0,116,1,30,,130604,3,0,116,1,71,,227064,3,0,116,1,28,,227047,3,0,116,1,55,,227073,3,0,116,1,15,,227067,3,0,116,1,15,,227043,3,0,116,1,15,,227060,3,0,116,1,56,,227068,3,0,116,1,15,,227054,3,0,116,1,16,,227083,3,0,116,1,14,,227059,3,0,116,1,56,,227045,3,0,116,1,14,,227057,3,0,116,1,15,,122844,3,0,116,1,16,,143232,3,0,116,1,55,,154981,3,0,116,1,15,,227065,3,0,116,1,15,,227058,3,0,116,1,70,,227049,3,0,116,1,24,,227052,3,0,116,1,70,,227074,3,0,116,1,28,,180209,3,0,116,1,71,,227048,3,0,116,1,30,,227080,3,0,116,1,70,,227071,3,0,116,1,31,,227078,3,0,116,1,70,,227086,3,0,116,1,30,,227085,3,0,116,1
2501,'2',553,,227115,3,0,116,1,71,,227124,3,0,116,1,29,,227126,3,0,116,1,70,,227117,3,0,116,1,31,,227102,3,0,116,1,70,,227137,3,0,116,1,30,,121458,3,0,116,1,69,,227098,3,0,116,1,31,,227118,3,0,116,1,69,,227088,3,0,116,1,30,,104156,3,0,116,1,70,,227096,3,0,116,1,30,,227106,3,0,116,1,70,,227091,3,0,116,1,30,,227116,3,0,116,1,70,,227132,3,0,116,1,30,,227134,3,0,116,1,71,,161379,3,0,116,1,28,,227094,3,0,116,1,55,,227119,3,0,116,1,15,,227111,3,0,116,1,15,,227089,3,0,116,1,15,,227105,3,0,116,1,56,,227113,3,0,116,1,15,,227100,3,0,116,1,16,,227131,3,0,116,1,14,,227104,3,0,116,1,56,,227092,3,0,116,1,14,,227103,3,0,116,1,15,,227123,3,0,116,1,16,,227090,3,0,116,1,55,,227087,3,0,116,1,15,,227109,3,0,116,1,15,,148370,3,0,116,1,70,,153059,3,0,116,1,24,,227097,3,0,116,1,70,,227120,3,0,116,1,28,,227135,3,0,116,1,71,,227095,3,0,116,1,30,,153485,3,0,116,1,70,,110925,3,0,116,1,31,,227125,3,0,116,1,70,,227136,3,0,116,1,30,,227133,3,0,116,1
2501,'3',553,,227162,3,0,116,1,71,,149119,3,0,116,1,29,,227191,3,0,116,1,70,,227149,3,0,116,1,29,,227163,3,0,116,1,72,,227161,3,0,116,1,30,,227159,3,0,116,1,55,,227182,3,0,116,1,14,,227165,3,0,116,1,16,,227148,3,0,116,1,15,,227173,3,0,116,1,56,,227155,3,0,116,1,13,,227185,3,0,116,1,15,,227138,3,0,116,1,15,,227166,3,0,116,1,55,,227174,3,0,116,1,15,,227146,3,0,116,1,15,,227193,3,0,116,1,15,,227192,3,0,116,1,55,,227142,3,0,116,1,15,,227167,3,0,116,1,15,,227172,3,0,116,1,15,,227171,3,0,116,1,55,,227143,3,0,116,1,15,,195023,3,0,116,1,15,,227154,3,0,116,1,15,,227186,3,0,116,1,56,,227189,3,0,116,1,15,,227188,3,0,116,1,13,,227157,3,0,116,1,17,,227181,3,0,116,1,55,,227160,3,0,116,1,15,,227152,3,0,116,1,15,,227168,3,0,116,1,14,,227158,3,0,116,1,56,,227187,3,0,116,1,15,,227180,3,0,116,1,15,,227147,3,0,116,1,15,,227156,3,0,116,1,54,,227153,3,0,116,1,14,,227141,3,0,116,1,16,,227150,3,0,116,1,16,,227164,3,0,116,1,55,,227177,3,0,116,1,15,,227170,3,0,116,1,15,,227176,3,0,116,1,70,,227184,3,0,116,1,24,,227139,3,0,116,1,70,,227179,3,0,116,1,28,,227178,3,0,116,1,71,,227140,3,0,116,1,30,,227175,3,0,116,1,70,,227144,3,0,116,1,31,,227145,3,0,116,1,70,,227169,3,0,116,1,30,,141457,3,0,116,1
2501,'4',553,,146730,3,0,116,1,71,,227204,3,0,116,1,29,,227236,3,0,116,1,70,,227202,3,0,116,1,29,,179751,3,0,116,1,72,,109893,3,0,116,1,30,,227209,3,0,116,1,55,,203409,3,0,116,1,14,,227211,3,0,116,1,16,,227201,3,0,116,1,15,,227219,3,0,116,1,56,,202206,3,0,116,1,13,,227231,3,0,116,1,15,,227194,3,0,116,1,15,,76040,3,0,116,1,55,,227220,3,0,116,1,15,,143080,3,0,116,1,15,,227238,3,0,116,1,15,,227237,3,0,116,1,55,,26488,3,0,116,1,15,,227213,3,0,116,1,15,,227218,3,0,116,1,15,,227217,3,0,116,1,55,,227198,3,0,116,1,15,,227212,3,0,116,1,15,,227206,3,0,116,1,15,,227232,3,0,116,1,56,,227235,3,0,116,1,15,,227234,3,0,116,1,13,,4265,3,0,116,1,17,,227226,3,0,116,1,55,,227210,3,0,116,1,15,,179750,3,0,116,1,15,,227214,3,0,116,1,14,,227208,3,0,116,1,56,,227233,3,0,116,1,15,,197175,3,0,116,1,15,,227200,3,0,116,1,15,,227207,3,0,116,1,54,,227205,3,0,116,1,14,,227197,3,0,116,1,16,,227203,3,0,116,1,16,,64821,3,0,116,1,55,,227223,3,0,116,1,15,,227216,3,0,116,1,15,,227222,3,0,116,1,70,,227229,3,0,116,1,24,,227195,3,0,116,1,70,,227225,3,0,116,1,28,,227224,3,0,116,1,71,,227196,3,0,116,1,30,,227221,3,0,116,1,70,,227199,3,0,116,1,31,,158424,3,0,116,1,70,,227215,3,0,116,1,30,,227227,3,0,116,1
2501,'5',553,,146344,3,0,116,1,71,,227249,3,0,116,1,29,,227281,3,0,116,1,70,,227247,3,0,116,1,29,,179699,3,0,116,1,72,,109608,3,0,116,1,30,,227254,3,0,116,1,55,,203357,3,0,116,1,14,,227256,3,0,116,1,16,,227246,3,0,116,1,15,,227264,3,0,116,1,56,,201836,3,0,116,1,13,,227276,3,0,116,1,15,,227239,3,0,116,1,15,,75188,3,0,116,1,55,,227265,3,0,116,1,15,,142705,3,0,116,1,15,,227283,3,0,116,1,15,,227282,3,0,116,1,55,,25898,3,0,116,1,15,,227258,3,0,116,1,15,,227263,3,0,116,1,15,,227262,3,0,116,1,55,,227243,3,0,116,1,15,,227257,3,0,116,1,15,,227251,3,0,116,1,15,,227277,3,0,116,1,56,,227280,3,0,116,1,15,,227279,3,0,116,1,13,,3541,3,0,116,1,17,,227271,3,0,116,1,55,,227255,3,0,116,1,15,,179698,3,0,116,1,15,,227259,3,0,116,1,14,,227253,3,0,116,1,56,,227278,3,0,116,1,15,,197091,3,0,116,1,15,,227245,3,0,116,1,15,,227252,3,0,116,1,54,,227250,3,0,116,1,14,,227242,3,0,116,1,16,,227248,3,0,116,1,16,,64455,3,0,116,1,55,,227268,3,0,116,1,15,,227261,3,0,116,1,15,,227267,3,0,116,1,70,,227274,3,0,116,1,24,,227240,3,0,116,1,70,,227270,3,0,116,1,28,,227269,3,0,116,1,71,,227241,3,0,116,1,30,,227266,3,0,116,1,70,,227244,3,0,116,1,31,,157903,3,0,116,1,70,,227260,3,0,116,1,30,,227272,3,0,116,1
2501,'7',553,,227345,3,0,116,1,71,,227355,3,0,116,1,29,,227357,3,0,116,1,70,,227348,3,0,116,1,31,,227330,3,0,116,1,70,,227369,3,0,116,1,30,,227322,3,0,116,1,69,,128922,3,0,116,1,31,,227349,3,0,116,1,69,,227316,3,0,116,1,30,,227336,3,0,116,1,70,,145941,3,0,116,1,30,,227335,3,0,116,1,70,,227319,3,0,116,1,30,,227347,3,0,116,1,70,,227364,3,0,116,1,30,,227366,3,0,116,1,71,,227339,3,0,116,1,28,,227323,3,0,116,1,55,,227350,3,0,116,1,15,,227342,3,0,116,1,15,,227317,3,0,116,1,15,,227334,3,0,116,1,56,,227344,3,0,116,1,15,,227328,3,0,116,1,16,,227363,3,0,116,1,14,,227333,3,0,116,1,56,,227320,3,0,116,1,14,,227331,3,0,116,1,15,,227354,3,0,116,1,16,,227318,3,0,116,1,55,,227315,3,0,116,1,15,,227340,3,0,116,1,15,,227332,3,0,116,1,70,,227324,3,0,116,1,24,,227326,3,0,116,1,70,,227351,3,0,116,1,28,,227367,3,0,116,1,71,,90762,3,0,116,1,30,,227358,3,0,116,1,70,,227346,3,0,116,1,31,,227356,3,0,116,1,70,,227368,3,0,116,1,30,,227365,3,0,116,1
2501,'8',553,,227398,3,0,116,1,71,,227395,3,0,116,1,29,,227379,3,0,116,1,70,,227370,3,0,116,1,31,,227389,3,0,116,1,70,,227407,3,0,116,1,30,,227408,3,0,116,1,55,,227421,3,0,116,1,14,,227401,3,0,116,1,16,,227391,3,0,116,1,15,,227380,3,0,116,1,56,,227426,3,0,116,1,13,,227396,3,0,116,1,15,,227414,3,0,116,1,15,,227390,3,0,116,1,55,,227418,3,0,116,1,15,,227382,3,0,116,1,15,,227423,3,0,116,1,15,,227425,3,0,116,1,55,,227373,3,0,116,1,15,,227403,3,0,116,1,15,,227402,3,0,116,1,15,,227372,3,0,116,1,55,,227385,3,0,116,1,15,,227392,3,0,116,1,15,,227384,3,0,116,1,15,,227376,3,0,116,1,56,,227388,3,0,116,1,15,,227427,3,0,116,1,15,,227378,3,0,116,1,14,,227399,3,0,116,1,56,,227374,3,0,116,1,13,,227383,3,0,116,1,17,,227428,3,0,116,1,13,,227422,3,0,116,1,57,,227410,3,0,116,1,15,,227409,3,0,116,1,16,,227406,3,0,116,1,13,,227394,3,0,116,1,56,,227405,3,0,116,1,13,,227413,3,0,116,1,16,,227415,3,0,116,1,16,,227416,3,0,116,1,55,,227417,3,0,116,1,15,,227375,3,0,116,1,15,,227411,3,0,116,1,70,,227404,3,0,116,1,24,,227387,3,0,116,1,70,,227424,3,0,116,1,28,,227400,3,0,116,1,71,,227381,3,0,116,1,30,,227371,3,0,116,1,70,,227397,3,0,116,1,31,,227393,3,0,116,1,70,,227412,3,0,116,1,30,,227420,3,0,116,1
2501,'9',553,,146538,3,0,116,1,71,,227439,3,0,116,1,29,,227471,3,0,116,1,70,,227437,3,0,116,1,29,,179726,3,0,116,1,72,,109759,3,0,116,1,30,,227444,3,0,116,1,55,,203384,3,0,116,1,14,,227446,3,0,116,1,16,,227436,3,0,116,1,15,,227454,3,0,116,1,56,,202038,3,0,116,1,13,,227466,3,0,116,1,15,,227429,3,0,116,1,15,,75613,3,0,116,1,55,,227455,3,0,116,1,15,,142901,3,0,116,1,15,,227473,3,0,116,1,15,,227472,3,0,116,1,55,,26196,3,0,116,1,15,,227448,3,0,116,1,15,,227453,3,0,116,1,15,,227452,3,0,116,1,55,,227433,3,0,116,1,15,,227447,3,0,116,1,15,,227441,3,0,116,1,15,,227467,3,0,116,1,56,,227470,3,0,116,1,15,,227469,3,0,116,1,13,,3911,3,0,116,1,17,,227461,3,0,116,1,55,,227445,3,0,116,1,15,,179725,3,0,116,1,15,,227449,3,0,116,1,14,,227443,3,0,116,1,56,,227468,3,0,116,1,15,,197138,3,0,116,1,15,,227435,3,0,116,1,15,,227442,3,0,116,1,54,,227440,3,0,116,1,14,,227432,3,0,116,1,16,,227438,3,0,116,1,16,,64639,3,0,116,1,55,,227458,3,0,116,1,15,,227451,3,0,116,1,15,,227457,3,0,116,1,70,,227464,3,0,116,1,24,,227430,3,0,116,1,70,,227460,3,0,116,1,28,,227459,3,0,116,1,71,,227431,3,0,116,1,30,,227456,3,0,116,1,70,,227434,3,0,116,1,31,,158175,3,0,116,1,70,,227450,3,0,116,1,30,,227462,3,0,116,1
