1500,'1',708,,134905,29,,,1,27,,134899,29,,,1,65,,134894,29,,,1,16,,134896,29,,,1,17,,134904,29,,,1,15,,134909,29,,,1,58,,134891,29,,,1,15,,134898,29,,,1,15,,134902,29,,,1,12,,134908,29,,,1,11,,134907,29,,,1,644,,134893,29,,,1,18,,134892,29,,,1,15,,134903,29,,,1,15,,134900,29,,,1,55,,134895,29,,,1,12,,134890,29,,,1,28,,134897,29,,,1,55,,17463,29,,,1,12,,134906,29,,,1,15,,134901,29,,,1,15,,4935,29,,,1
1500,'10',708,,134913,29,,,1,27,,134912,29,,,1,66,,134921,29,,,1,32,,134922,29,,,1,73,,74439,29,,,1,30,,134920,29,,,1,23,,134916,29,,,1,589,,134918,29,,,1,75,,134915,29,,,1,29,,134911,29,,,1,66,,134917,29,,,1,15,,134919,29,,,1,13,,6502,29,,,1,67,,84756,29,,,1,30,,134914,29,,,1
1500,'12',708,,134927,29,,,1,27,,134931,29,,,1,65,,134929,29,,,1,16,,134924,29,,,1,17,,40529,29,,,1,15,,134925,29,,,1,58,,134937,29,,,1,15,,92808,29,,,1,15,,134932,29,,,1,12,,134926,29,,,1,11,,134923,29,,,1,589,,134930,29,,,1,55,,134928,29,,,1,17,,134935,29,,,1,16,,134934,29,,,1,15,,83179,29,,,1,55,,134933,29,,,1,12,,134938,29,,,1,14,,59620,29,,,1,14,,18469,29,,,1,55,,134936,29,,,1,12,,120328,29,,,1,15,,34991,29,,,1,15,,134939,29,,,1
1500,'14',708,,56757,29,,,1,27,,134949,29,,,1,65,,134947,29,,,1,16,,31590,29,,,1,17,,134942,29,,,1,15,,553,29,,,1,58,,134953,29,,,1,15,,134944,29,,,1,15,,134950,29,,,1,12,,134945,29,,,1,11,,134940,29,,,1,589,,134948,29,,,1,55,,134946,29,,,1,17,,72452,29,,,1,16,,134952,29,,,1,15,,134956,29,,,1,55,,134951,29,,,1,12,,134954,29,,,1,14,,134941,29,,,1,14,,134957,29,,,1,55,,4178,29,,,1,12,,134955,29,,,1,15,,134943,29,,,1,15,,134958,29,,,1
1500,'15',708,,57035,29,,,1,27,,134968,29,,,1,65,,134966,29,,,1,16,,31800,29,,,1,17,,134961,29,,,1,15,,897,29,,,1,58,,134972,29,,,1,15,,134963,29,,,1,15,,134969,29,,,1,12,,134964,29,,,1,11,,134959,29,,,1,589,,134967,29,,,1,55,,134965,29,,,1,17,,72614,29,,,1,16,,134971,29,,,1,15,,134975,29,,,1,55,,134970,29,,,1,12,,134973,29,,,1,14,,134960,29,,,1,14,,134976,29,,,1,55,,4613,29,,,1,12,,134974,29,,,1,15,,134962,29,,,1,15,,134977,29,,,1
1500,'16',708,,134985,29,,,1,27,,63022,29,,,1,65,,134987,29,,,1,16,,134981,29,,,1,17,,134980,29,,,1,15,,134984,29,,,1,58,,134994,29,,,1,15,,134983,29,,,1,15,,134989,29,,,1,12,,111106,29,,,1,11,,134978,29,,,1,589,,134988,29,,,1,55,,134986,29,,,1,17,,134992,29,,,1,16,,134991,29,,,1,15,,134996,29,,,1,55,,134990,29,,,1,12,,84612,29,,,1,14,,134979,29,,,1,14,,134997,29,,,1,55,,134993,29,,,1,12,,134995,29,,,1,15,,134982,29,,,1,15,,134998,29,,,1
1500,'17',708,,135014,29,,,1,27,,135008,29,,,1,65,,135003,29,,,1,16,,135005,29,,,1,17,,135013,29,,,1,15,,135018,29,,,1,58,,135000,29,,,1,15,,135007,29,,,1,15,,135011,29,,,1,12,,135017,29,,,1,11,,135016,29,,,1,644,,135002,29,,,1,18,,135001,29,,,1,15,,135012,29,,,1,15,,135009,29,,,1,55,,135004,29,,,1,12,,134999,29,,,1,28,,135006,29,,,1,55,,17747,29,,,1,12,,135015,29,,,1,15,,135010,29,,,1,15,,5252,29,,,1
1500,'2',708,,135035,29,,,1,27,,135029,29,,,1,65,,135024,29,,,1,16,,135026,29,,,1,17,,135034,29,,,1,15,,135039,29,,,1,58,,135021,29,,,1,15,,135028,29,,,1,15,,135032,29,,,1,12,,135038,29,,,1,11,,135037,29,,,1,644,,135023,29,,,1,18,,135022,29,,,1,15,,135033,29,,,1,15,,135030,29,,,1,55,,135025,29,,,1,12,,135020,29,,,1,28,,135027,29,,,1,55,,17520,29,,,1,12,,135036,29,,,1,15,,135031,29,,,1,15,,4995,29,,,1
1500,'3',708,,56936,29,,,1,27,,135050,29,,,1,65,,135048,29,,,1,16,,31726,29,,,1,17,,135043,29,,,1,15,,773,29,,,1,58,,135054,29,,,1,15,,135045,29,,,1,15,,135051,29,,,1,12,,135046,29,,,1,11,,135041,29,,,1,589,,135049,29,,,1,55,,135047,29,,,1,17,,72549,29,,,1,16,,135053,29,,,1,15,,135057,29,,,1,55,,135052,29,,,1,12,,135055,29,,,1,14,,135042,29,,,1,14,,135058,29,,,1,55,,4460,29,,,1,12,,135056,29,,,1,15,,135044,29,,,1,15,,135059,29,,,1
1500,'5',708,,135074,29,,,1,27,,104984,29,,,1,65,,135064,29,,,1,16,,135066,29,,,1,17,,135073,29,,,1,15,,135078,29,,,1,58,,135061,29,,,1,15,,135068,29,,,1,15,,135071,29,,,1,12,,135077,29,,,1,11,,1048,29,,,1,644,,54575,29,,,1,18,,135063,29,,,1,15,,135072,29,,,1,15,,135069,29,,,1,55,,135065,29,,,1,12,,135060,29,,,1,28,,135067,29,,,1,55,,135062,29,,,1,12,,135076,29,,,1,15,,135070,29,,,1,15,,135075,29,,,1
1500,'6',708,,135095,29,,,1,27,,135089,29,,,1,65,,135084,29,,,1,16,,135086,29,,,1,17,,135094,29,,,1,15,,135099,29,,,1,58,,135081,29,,,1,15,,135088,29,,,1,15,,135092,29,,,1,12,,135098,29,,,1,11,,135097,29,,,1,644,,135083,29,,,1,18,,135082,29,,,1,15,,135093,29,,,1,15,,135090,29,,,1,55,,135085,29,,,1,12,,135080,29,,,1,28,,135087,29,,,1,55,,18077,29,,,1,12,,135096,29,,,1,15,,135091,29,,,1,15,,5629,29,,,1
1500,'8',708,,135116,29,,,1,27,,135110,29,,,1,65,,135105,29,,,1,16,,135107,29,,,1,17,,135115,29,,,1,15,,135120,29,,,1,58,,135102,29,,,1,15,,135109,29,,,1,15,,135113,29,,,1,12,,135119,29,,,1,11,,135118,29,,,1,644,,135104,29,,,1,18,,135103,29,,,1,15,,135114,29,,,1,15,,135111,29,,,1,55,,135106,29,,,1,12,,135101,29,,,1,28,,135108,29,,,1,55,,18020,29,,,1,12,,135117,29,,,1,15,,135112,29,,,1,15,,5569,29,,,1
2501,'1',559,,140295,11,,,1,71,,140286,11,,,1,29,,140320,11,,,1,70,,72204,11,,,1,29,,140296,11,,,1,72,,140294,11,,,1,70,,28133,11,,,1,15,,116522,11,,,1,14,,140297,11,,,1,16,,76771,11,,,1,55,,140305,11,,,1,16,,140289,11,,,1,13,,27022,11,,,1,15,,140277,11,,,1,15,,140299,11,,,1,55,,140306,11,,,1,15,,140283,11,,,1,15,,140321,11,,,1,15,,37676,11,,,1,55,,2147,11,,,1,15,,140300,11,,,1,15,,140304,11,,,1,15,,140303,11,,,1,55,,65964,11,,,1,15,,140298,11,,,1,15,,74120,11,,,1,15,,140315,11,,,1,56,,140318,11,,,1,15,,140317,11,,,1,11,,140314,6,0,29,1,2,,140291,11,,,1,57,,140311,11,,,1,15,,140293,11,,,1,15,,140287,11,,,1,15,,44838,11,,,1,14,,140292,11,,,1,56,,140316,11,,,1,15,,140310,11,,,1,15,,140284,11,,,1,55,,140290,11,,,1,14,,140288,11,,,1,14,,140280,11,,,1,16,,88007,11,,,1,56,,6108,11,,,1,15,,48650,11,,,1,15,,140302,11,,,1,15,,22288,11,,,1,70,,36918,11,,,1,24,,140278,11,,,1,70,,140309,11,,,1,27,,140307,11,,,1,71,,140279,11,,,1,30,,140308,11,,,1,70,,140281,11,,,1,31,,140282,11,,,1,70,,140301,11,,,1,30,,140312,11,,,1
2501,'10',559,,31529,11,,,1,71,,140338,11,,,1,29,,140327,11,,,1,70,,140322,11,,,1,71,,140333,11,,,1,30,,140346,11,,,1,70,,140347,11,,,1,15,,140360,11,,,1,14,,140341,11,,,1,16,,140334,11,,,1,55,,140328,11,,,1,16,,140363,11,,,1,13,,1470,11,,,1,15,,140353,11,,,1,15,,113569,11,,,1,55,,140357,11,,,1,15,,29381,11,,,1,15,,140361,11,,,1,15,,140362,11,,,1,55,,140323,11,,,1,15,,140342,11,,,1,15,,117556,11,,,1,15,,43092,11,,,1,55,,42043,11,,,1,15,,140335,11,,,1,15,,140330,11,,,1,15,,140325,11,,,1,56,,140332,11,,,1,15,,99005,11,,,1,15,,24180,11,,,1,14,,140340,11,,,1,56,,105252,11,,,1,13,,140329,11,,,1,17,,61441,11,,,1,13,,7481,11,,,1,57,,140349,11,,,1,15,,140348,11,,,1,16,,140345,11,,,1,13,,140337,11,,,1,56,,140344,11,,,1,13,,140351,11,,,1,16,,140354,11,,,1,56,,140355,11,,,1,15,,140356,11,,,1,15,,140324,11,,,1,15,,140350,11,,,1,70,,140343,11,,,1,24,,34616,11,,,1,70,,67799,11,,,1,27,,75708,11,,,1,71,,22485,11,,,1,30,,31509,11,,,1,70,,140339,11,,,1,31,,140336,11,,,1,70,,140352,11,,,1,30,,140359,11,,,1
2501,'11',904,,140376,6,,,1,30,,140381,6,,,1,70,,100546,6,,,1,30,,140377,6,,,1,70,,140382,6,,,1,30,,140375,6,,,1,70,,114839,6,,,1,30,,140385,6,,,1,70,,140367,6,,,1,30,,67717,6,,,1,70,,65357,6,,,1,30,,140387,6,,,1,70,,140371,6,,,1,30,,140388,6,,,1,70,,140364,6,,,1,30,,140384,6,,,1,70,,140379,6,,,1,30,,140374,6,,,1,70,,140373,6,,,1,30,,79628,6,,,1,70,,140372,6,,,1,101,,120838,6,,,1,100,,140383,6,,,1,100,,119495,6,,,1
2501,'12',559,,140418,11,,,1,71,,140425,11,,,1,29,,140428,11,,,1,70,,140420,11,,,1,71,,140405,11,,,1,30,,31289,11,,,1,70,,140395,11,,,1,29,,140402,11,,,1,71,,84332,11,,,1,29,,40524,11,,,1,30,,140409,11,,,1,70,,140399,11,,,1,30,,140408,11,,,1,70,,140392,11,,,1,30,,140419,11,,,1,70,,140434,11,,,1,30,,140436,11,,,1,71,,140412,11,,,1,28,,140396,11,,,1,55,,140421,11,,,1,15,,140415,11,,,1,15,,46435,11,,,1,15,,26939,11,,,1,56,,140417,11,,,1,15,,120782,11,,,1,16,,140433,11,,,1,14,,39090,11,,,1,56,,140393,11,,,1,14,,140406,11,,,1,15,,13963,11,,,1,56,,140391,11,,,1,15,,140390,11,,,1,15,,140413,11,,,1,15,,140407,11,,,1,70,,140398,11,,,1,24,,140401,11,,,1,70,,140424,11,,,1,27,,140437,11,,,1,71,,140397,11,,,1,30,,140427,11,,,1,70,,78305,11,,,1,31,,140426,11,,,1,70,,25065,11,,,1,30,,140435,11,,,1
2501,'13',904,,140452,6,,,1,30,,140458,6,,,1,70,,140444,6,,,1,30,,140453,6,,,1,70,,140460,6,,,1,30,,140451,6,,,1,70,,140459,6,,,1,30,,140461,6,,,1,70,,140442,6,,,1,30,,140446,6,,,1,70,,140464,6,,,1,30,,140463,6,,,1,70,,140447,6,,,1,30,,140465,6,,,1,70,,140438,6,,,1,30,,63887,6,,,1,70,,140456,6,,,1,30,,140450,6,,,1,70,,26038,6,,,1,30,,140441,6,,,1,70,,140448,6,,,1,101,,140449,6,,,1,100,,34490,6,,,1,100,,140457,6,,,1
2501,'14',559,,140491,11,,,1,71,,140498,11,,,1,29,,140502,11,,,1,70,,140493,11,,,1,71,,140477,11,,,1,30,,140509,11,,,1,70,,2754,11,,,1,29,,140474,11,,,1,71,,140494,11,,,1,29,,140468,11,,,1,30,,140482,11,,,1,70,,140473,11,,,1,30,,140481,11,,,1,70,,84889,11,,,1,30,,109847,11,,,1,70,,81333,11,,,1,30,,140506,11,,,1,71,,140485,11,,,1,28,,140471,11,,,1,55,,140495,11,,,1,15,,63286,11,,,1,15,,140469,11,,,1,15,,140480,11,,,1,56,,140489,11,,,1,15,,140476,11,,,1,16,,10386,11,,,1,14,,140479,11,,,1,56,,72429,11,,,1,14,,97520,11,,,1,15,,140499,11,,,1,56,,140470,11,,,1,15,,140467,11,,,1,15,,140486,11,,,1,15,,140478,11,,,1,70,,140472,11,,,1,24,,5396,11,,,1,70,,101896,11,,,1,27,,140507,11,,,1,71,,71788,11,,,1,30,,140501,11,,,1,70,,140492,11,,,1,31,,140500,11,,,1,70,,140508,11,,,1,30,,21270,11,,,1
2501,'15',559,,140534,11,,,1,71,,140541,11,,,1,29,,140545,11,,,1,70,,140536,11,,,1,71,,140520,11,,,1,30,,140552,11,,,1,70,,3195,11,,,1,29,,140517,11,,,1,71,,140537,11,,,1,29,,140511,11,,,1,30,,140525,11,,,1,70,,140516,11,,,1,30,,140524,11,,,1,70,,85266,11,,,1,30,,110026,11,,,1,70,,81528,11,,,1,30,,140549,11,,,1,71,,140528,11,,,1,28,,140514,11,,,1,55,,140538,11,,,1,15,,63603,11,,,1,15,,140512,11,,,1,15,,140523,11,,,1,56,,140532,11,,,1,15,,140519,11,,,1,16,,10726,11,,,1,14,,140522,11,,,1,56,,72591,11,,,1,14,,97889,11,,,1,15,,140542,11,,,1,56,,140513,11,,,1,15,,140510,11,,,1,15,,140529,11,,,1,15,,140521,11,,,1,70,,140515,11,,,1,24,,5773,11,,,1,70,,102064,11,,,1,27,,140550,11,,,1,71,,72059,11,,,1,30,,140544,11,,,1,70,,140535,11,,,1,31,,140543,11,,,1,70,,140551,11,,,1,30,,21473,11,,,1
2501,'16',559,,140580,11,,,1,71,,140589,11,,,1,29,,140593,11,,,1,70,,140583,11,,,1,71,,140567,11,,,1,30,,140602,11,,,1,70,,140559,11,,,1,29,,140563,11,,,1,71,,140584,11,,,1,29,,140554,11,,,1,30,,140573,11,,,1,70,,41860,11,,,1,30,,140572,11,,,1,70,,140556,11,,,1,30,,140582,11,,,1,70,,140597,11,,,1,30,,140599,11,,,1,71,,140576,11,,,1,28,,58196,11,,,1,55,,140585,11,,,1,15,,140578,11,,,1,15,,140555,11,,,1,15,,140571,11,,,1,56,,11098,11,,,1,15,,140565,11,,,1,16,,140596,11,,,1,14,,140570,11,,,1,56,,140557,11,,,1,14,,140568,11,,,1,15,,140590,11,,,1,56,,75418,11,,,1,15,,140553,11,,,1,15,,140577,11,,,1,15,,140569,11,,,1,70,,6285,11,,,1,24,,140562,11,,,1,70,,140588,11,,,1,27,,140600,11,,,1,71,,140560,11,,,1,30,,140592,11,,,1,70,,140581,11,,,1,31,,140591,11,,,1,70,,140601,11,,,1,30,,140598,11,,,1
2501,'17',559,,140621,11,,,1,71,,140612,11,,,1,29,,140646,11,,,1,70,,72333,11,,,1,29,,140622,11,,,1,72,,140620,11,,,1,70,,28200,11,,,1,15,,116550,11,,,1,14,,140623,11,,,1,16,,77214,11,,,1,55,,140631,11,,,1,16,,140615,11,,,1,13,,27298,11,,,1,15,,140603,11,,,1,15,,140625,11,,,1,55,,140632,11,,,1,15,,140609,11,,,1,15,,140647,11,,,1,15,,38088,11,,,1,55,,2522,11,,,1,15,,140626,11,,,1,15,,140630,11,,,1,15,,140629,11,,,1,55,,66199,11,,,1,15,,140624,11,,,1,15,,74387,11,,,1,15,,140641,11,,,1,56,,140644,11,,,1,15,,140643,11,,,1,11,,140640,6,0,29,1,2,,140617,11,,,1,57,,140637,11,,,1,15,,140619,11,,,1,15,,140613,11,,,1,15,,44984,11,,,1,14,,140618,11,,,1,56,,140642,11,,,1,15,,140636,11,,,1,15,,140610,11,,,1,55,,140616,11,,,1,14,,140614,11,,,1,14,,140606,11,,,1,16,,88243,11,,,1,56,,6426,11,,,1,15,,48986,11,,,1,15,,140628,11,,,1,15,,22462,11,,,1,70,,37084,11,,,1,24,,140604,11,,,1,70,,140635,11,,,1,27,,140633,11,,,1,71,,140605,11,,,1,30,,140634,11,,,1,70,,140607,11,,,1,31,,140608,11,,,1,70,,140627,11,,,1,30,,140638,11,,,1
2501,'2',559,,140666,11,,,1,71,,140657,11,,,1,29,,140691,11,,,1,70,,72236,11,,,1,29,,140667,11,,,1,72,,140665,11,,,1,70,,28151,11,,,1,15,,116529,11,,,1,14,,140668,11,,,1,16,,76860,11,,,1,55,,140676,11,,,1,16,,140660,11,,,1,13,,27082,11,,,1,15,,140648,11,,,1,15,,140670,11,,,1,55,,140677,11,,,1,15,,140654,11,,,1,15,,140692,11,,,1,15,,37759,11,,,1,55,,2221,11,,,1,15,,140671,11,,,1,15,,140675,11,,,1,15,,140674,11,,,1,55,,66014,11,,,1,15,,140669,11,,,1,15,,74178,11,,,1,15,,140686,11,,,1,56,,140689,11,,,1,15,,140688,11,,,1,11,,140685,6,0,29,1,2,,140662,11,,,1,57,,140682,11,,,1,15,,140664,11,,,1,15,,140658,11,,,1,15,,44868,11,,,1,14,,140663,11,,,1,56,,140687,11,,,1,15,,140681,11,,,1,15,,140655,11,,,1,55,,140661,11,,,1,14,,140659,11,,,1,14,,140651,11,,,1,16,,88060,11,,,1,56,,6167,11,,,1,15,,48723,11,,,1,15,,140673,11,,,1,15,,22324,11,,,1,70,,36951,11,,,1,24,,140649,11,,,1,70,,140680,11,,,1,27,,140678,11,,,1,71,,140650,11,,,1,30,,140679,11,,,1,70,,140652,11,,,1,31,,140653,11,,,1,70,,140672,11,,,1,30,,140683,11,,,1
2501,'3',559,,140717,11,,,1,71,,140724,11,,,1,29,,140728,11,,,1,70,,140719,11,,,1,71,,140703,11,,,1,30,,140735,11,,,1,70,,3040,11,,,1,29,,140700,11,,,1,71,,140720,11,,,1,29,,140694,11,,,1,30,,140708,11,,,1,70,,140699,11,,,1,30,,140707,11,,,1,70,,85134,11,,,1,30,,109963,11,,,1,70,,81460,11,,,1,30,,140732,11,,,1,71,,140711,11,,,1,28,,140697,11,,,1,55,,140721,11,,,1,15,,63493,11,,,1,15,,140695,11,,,1,15,,140706,11,,,1,56,,140715,11,,,1,15,,140702,11,,,1,16,,10605,11,,,1,14,,140705,11,,,1,56,,72526,11,,,1,14,,97754,11,,,1,15,,140725,11,,,1,56,,140696,11,,,1,15,,140693,11,,,1,15,,140712,11,,,1,15,,140704,11,,,1,70,,140698,11,,,1,24,,5646,11,,,1,70,,101999,11,,,1,27,,140733,11,,,1,71,,71963,11,,,1,30,,140727,11,,,1,70,,140718,11,,,1,31,,140726,11,,,1,70,,140734,11,,,1,30,,21403,11,,,1
2501,'4',745,,140744,6,,,1,100,,61159,6,,,1,70,,140749,6,,,1,30,,140745,6,,,1,70,,74833,6,,,1,30,,23359,6,,,1,70,,24877,6,,,1,30,,92626,6,,,1,70,,140742,6,,,1,30,,140736,6,,,1,70,,10662,6,,,1,30,,140747,6,,,1,70,,140753,6,,,1,30,,110921,6,,,1,70,,140748,6,,,1,30,,140761,6,,,1,70,,140754,6,,,1,30,,140741,6,,,1,70,,140740,6,,,1,30,,140760,6,,,1,70,,140737,6,,,1,30,,140755,6,,,1,70,,140752,6,,,1,100,,140739,6,,,1,100,,140757,6,,,1,100,,4509,6,,,1,100,,140738,6,,,1
2501,'5',559,,140783,11,,,1,71,,140774,11,,,1,29,,140809,11,,,1,70,,140772,11,,,1,29,,140784,11,,,1,72,,104349,11,,,1,70,,140781,11,,,1,15,,140800,11,,,1,14,,140786,11,,,1,16,,140771,11,,,1,55,,140793,11,,,1,16,,140778,11,,,1,13,,140805,11,,,1,15,,140763,11,,,1,15,,140787,11,,,1,55,,140794,11,,,1,15,,140769,11,,,1,15,,140810,11,,,1,15,,140811,11,,,1,55,,140766,11,,,1,15,,140788,11,,,1,15,,57982,11,,,1,15,,140792,11,,,1,55,,140767,11,,,1,15,,15,11,,,1,15,,140777,11,,,1,15,,39047,11,,,1,56,,4819,11,,,1,15,,140807,11,,,1,11,,140804,6,0,29,1,2,,140779,11,,,1,57,,49753,11,,,1,15,,140782,11,,,1,15,,140775,11,,,1,15,,140789,11,,,1,14,,140780,11,,,1,56,,140806,11,,,1,15,,76654,11,,,1,15,,140770,11,,,1,55,,100264,11,,,1,14,,140776,11,,,1,14,,140765,11,,,1,16,,140773,11,,,1,56,,140785,11,,,1,15,,140795,11,,,1,15,,140791,11,,,1,15,,140798,11,,,1,70,,140803,11,,,1,24,,140764,11,,,1,70,,140799,11,,,1,27,,140796,11,,,1,71,,18387,11,,,1,30,,140797,11,,,1,70,,140768,11,,,1,31,,38989,11,,,1,70,,140790,11,,,1,30,,140801,11,,,1
2501,'6',559,,140830,11,,,1,71,,140821,11,,,1,29,,140855,11,,,1,70,,72496,11,,,1,29,,140831,11,,,1,72,,140829,11,,,1,70,,28270,11,,,1,15,,116582,11,,,1,14,,140832,11,,,1,16,,77747,11,,,1,55,,140840,11,,,1,16,,140824,11,,,1,13,,27629,11,,,1,15,,140812,11,,,1,15,,140834,11,,,1,55,,140841,11,,,1,15,,140818,11,,,1,15,,140856,11,,,1,15,,38579,11,,,1,55,,2956,11,,,1,15,,140835,11,,,1,15,,140839,11,,,1,15,,140838,11,,,1,55,,66481,11,,,1,15,,140833,11,,,1,15,,74706,11,,,1,15,,140850,11,,,1,56,,140853,11,,,1,15,,140852,11,,,1,11,,140849,6,0,29,1,2,,140826,11,,,1,57,,140846,11,,,1,15,,140828,11,,,1,15,,140822,11,,,1,15,,45154,11,,,1,14,,140827,11,,,1,56,,140851,11,,,1,15,,140845,11,,,1,15,,140819,11,,,1,55,,140825,11,,,1,14,,140823,11,,,1,14,,140815,11,,,1,16,,88528,11,,,1,56,,6804,11,,,1,15,,49390,11,,,1,15,,140837,11,,,1,15,,22667,11,,,1,70,,37273,11,,,1,24,,140813,11,,,1,70,,140844,11,,,1,27,,140842,11,,,1,71,,140814,11,,,1,30,,140843,11,,,1,70,,140816,11,,,1,31,,140817,11,,,1,70,,140836,11,,,1,30,,140847,11,,,1
2501,'7',745,,140864,6,,,1,100,,140880,6,,,1,70,,140873,6,,,1,30,,140868,6,,,1,70,,140870,6,,,1,30,,140881,6,,,1,70,,140886,6,,,1,30,,140887,6,,,1,70,,27822,6,,,1,30,,140857,6,,,1,70,,140884,6,,,1,30,,140871,6,,,1,70,,72125,6,,,1,30,,140867,6,,,1,70,,140872,6,,,1,30,,140885,6,,,1,70,,140877,6,,,1,30,,140862,6,,,1,70,,140861,6,,,1,30,,140883,6,,,1,70,,140858,6,,,1,30,,140878,6,,,1,70,,88751,6,,,1,100,,140860,6,,,1,100,,140879,6,,,1,100,,140874,6,,,1,100,,140859,6,,,1
2501,'8',559,,140906,11,,,1,71,,140897,11,,,1,29,,140931,11,,,1,70,,72464,11,,,1,29,,140907,11,,,1,72,,140905,11,,,1,70,,28252,11,,,1,15,,116575,11,,,1,14,,140908,11,,,1,16,,77658,11,,,1,55,,140916,11,,,1,16,,140900,11,,,1,13,,27569,11,,,1,15,,140888,11,,,1,15,,140910,11,,,1,55,,140917,11,,,1,15,,140894,11,,,1,15,,140932,11,,,1,15,,38496,11,,,1,55,,2882,11,,,1,15,,140911,11,,,1,15,,140915,11,,,1,15,,140914,11,,,1,55,,66431,11,,,1,15,,140909,11,,,1,15,,74648,11,,,1,15,,140926,11,,,1,56,,140929,11,,,1,15,,140928,11,,,1,11,,140925,6,0,29,1,2,,140902,11,,,1,57,,140922,11,,,1,15,,140904,11,,,1,15,,140898,11,,,1,15,,45124,11,,,1,14,,140903,11,,,1,56,,140927,11,,,1,15,,140921,11,,,1,15,,140895,11,,,1,55,,140901,11,,,1,14,,140899,11,,,1,14,,140891,11,,,1,16,,88475,11,,,1,56,,6745,11,,,1,15,,49317,11,,,1,15,,140913,11,,,1,15,,22631,11,,,1,70,,37240,11,,,1,24,,140889,11,,,1,70,,140920,11,,,1,27,,140918,11,,,1,71,,140890,11,,,1,30,,140919,11,,,1,70,,140892,11,,,1,31,,140893,11,,,1,70,,140912,11,,,1,30,,140923,11,,,1
2501,'9',904,,140948,6,,,1,30,,140955,6,,,1,70,,140939,6,,,1,30,,140949,6,,,1,70,,140957,6,,,1,30,,140947,6,,,1,70,,140956,6,,,1,30,,140960,6,,,1,70,,140936,6,,,1,30,,140941,6,,,1,70,,140962,6,,,1,30,,41156,6,,,1,70,,140942,6,,,1,30,,30175,6,,,1,70,,140933,6,,,1,30,,140959,6,,,1,70,,140952,6,,,1,30,,140946,6,,,1,70,,140945,6,,,1,30,,140935,6,,,1,70,,140943,6,,,1,101,,140944,6,,,1,100,,140958,6,,,1,100,,140953,6,,,1
