23700,'12',609,,4968,25,,,1,94,,193746,25,,,1,30,,199829,25,,,1,100,,293504,25,,,1
23700,'14',609,,293506,25,,,1,94,,293507,25,,,1,30,,200520,25,,,1,102,,293505,25,,,1
23700,'15',609,,5602,25,,,1,94,,193939,25,,,1,30,,199902,25,,,1,100,,293508,25,,,1
23700,'17',609,,293510,25,,,1,94,,293511,25,,,1,30,,200468,25,,,1,102,,293509,25,,,1
23700,'18',609,,293513,25,,,1,94,,293514,25,,,1,30,,3807,25,,,1,102,,293512,25,,,1
23700,'2',609,,162539,25,,,1,94,,293516,25,,,1,30,,293517,25,,,1,102,,293515,25,,,1
23700,'3',609,,293519,25,,,1,94,,293518,25,,,1,30,,293520,25,,,1,100,,186362,25,,,1
23700,'4',609,,5542,25,,,1,94,,194026,25,,,1,30,,199933,25,,,1,100,,293521,25,,,1
23700,'5',609,,4908,25,,,1,94,,193334,25,,,1,30,,199678,25,,,1,100,,293522,25,,,1
23700,'7',609,,293523,25,,,1,94,,293524,25,,,1,30,,293525,25,,,1,102,,46750,25,,,1
23700,'8',609,,293526,25,,,1,94,,293528,25,,,1,30,,293527,25,,,1,100,,293529,25,,,1
23700,'9',609,,5225,25,,,1,94,,193692,25,,,1,30,,199811,25,,,1,100,,293530,25,,,1
