4701,'1',1509,,157276,12,,,1,34,,157280,12,,,1,69,,157278,12,,,1,29,,157277,12,,,1,65,,120097,12,,,1,35,,157279,12,,,1,60,,114117,12,,,1
4701,'10',1511,,157285,12,,,1,32,,157281,12,,,1,69,,157287,12,,,1,30,,157282,12,,,1,64,,157286,12,,,1,35,,157283,12,,,1,60,,157284,12,,,1
4701,'12',1511,,157291,12,,,1,31,,72644,12,,,1,68,,157288,12,,,1,31,,157289,12,,,1,65,,157290,12,,,1,37,,157292,12,,,1,58,,157293,12,,,1
4701,'14',1511,,157297,12,,,1,31,,157296,12,,,1,68,,157294,12,,,1,31,,157295,12,,,1,65,,78875,12,,,1,37,,10379,12,,,1,58,,157298,12,,,1
4701,'15',1511,,157302,12,,,1,31,,157301,12,,,1,68,,157299,12,,,1,31,,157300,12,,,1,65,,79225,12,,,1,37,,10719,12,,,1,58,,157303,12,,,1
4701,'16',1511,,157308,12,,,1,31,,157307,12,,,1,68,,157304,12,,,1,31,,157305,12,,,1,65,,157306,12,,,1,37,,157309,12,,,1,58,,157310,12,,,1
4701,'17',1509,,157311,12,,,1,34,,157315,12,,,1,69,,157313,12,,,1,29,,157312,12,,,1,65,,120103,12,,,1,35,,157314,12,,,1,60,,114278,12,,,1
4701,'2',1509,,157316,12,,,1,34,,157320,12,,,1,69,,157318,12,,,1,29,,157317,12,,,1,65,,120099,12,,,1,35,,157319,12,,,1,60,,114154,12,,,1
4701,'3',1511,,157324,12,,,1,31,,157323,12,,,1,68,,157321,12,,,1,31,,157322,12,,,1,65,,79094,12,,,1,37,,10598,12,,,1,58,,157325,12,,,1
4701,'5',1509,,157326,12,,,1,34,,157331,12,,,1,69,,157329,12,,,1,29,,157328,12,,,1,65,,157332,12,,,1,35,,157330,12,,,1,60,,157327,12,,,1
4701,'6',1509,,157333,12,,,1,34,,157337,12,,,1,69,,157335,12,,,1,29,,157334,12,,,1,65,,120107,12,,,1,35,,157336,12,,,1,60,,114477,12,,,1
4701,'8',1509,,157338,12,,,1,34,,157342,12,,,1,69,,157340,12,,,1,29,,157339,12,,,1,65,,120105,12,,,1,35,,157341,12,,,1,60,,114440,12,,,1
