3000,'1',527,,29367,,,1,82,,29374,,,1,18,,29398,,,1,15,,29380,,,1,16,,29381,,,1,56,,29370,,,1,15,,29390,,,1,16,,29365,,,1,13,,29359,,,1,56,,29391,,,1,15,,29363,,,1,16,,29376,,,1,70,,29372,,,1,27,,29388,,,1,69,,29399,,,1,28,,29384,,,1,70,,29382,,,1,30,,29394,,,1,70,,29379,,,1,30,,29397,,,1,68,,29362,,,1,30,,29393,,,1,73,,29375,,,1,31,,29395,,,1,72,,29392,,,1,33,,29361,,,1,12,,29383,0,26,1,57,,29368,,,1,31,,29386,,,1,67,,29385,,,1,29,,29366,,,1,69,,29389,,,1,27,,29373,,,1,70,,29357,,,1,29,,29396,,,1,71,,29371,,,1,30,,29378,,,1,69,,29377,,,1,30,,29364,,,1,100,,29369,,,1
3000,'10',527,,29428,,,1,82,,29401,,,1,18,,29434,,,1,15,,29426,,,1,16,,29432,,,1,56,,29410,,,1,13,,29409,,,1,18,,29407,,,1,55,,29427,,,1,14,,29424,,,1,15,,29421,,,1,16,,29423,,,1,72,,29420,,,1,25,,29429,,,1,69,,29408,,,1,28,,29414,,,1,70,,29402,,,1,30,,29403,,,1,70,,29400,,,1,30,,29419,,,1,68,,29418,,,1,30,,29415,,,1,73,,29433,,,1,31,,29416,,,1,72,,29406,,,1,33,,29437,,,1,69,,29431,,,1,31,,29404,,,1,67,,29405,,,1,29,,29413,,,1,69,,29438,,,1,27,,29412,,,1,70,,29425,,,1,29,,29435,,,1,71,,29417,,,1,30,,29422,,,1,69,,29436,,,1,30,,29430,,,1,100,,29411,,,1
3000,'11',527,,29449,,,1,82,,29456,,,1,18,,29480,,,1,15,,29462,,,1,16,,29463,,,1,56,,29452,,,1,15,,29472,,,1,16,,29447,,,1,13,,29441,,,1,56,,29473,,,1,15,,29445,,,1,16,,29458,,,1,70,,29454,,,1,27,,29470,,,1,69,,29481,,,1,28,,29466,,,1,70,,29464,,,1,30,,29476,,,1,70,,29461,,,1,30,,29479,,,1,68,,29444,,,1,30,,29475,,,1,73,,29457,,,1,31,,29477,,,1,72,,29474,,,1,33,,29443,,,1,12,,29465,0,26,1,57,,29450,,,1,31,,29468,,,1,67,,29467,,,1,29,,29448,,,1,69,,29471,,,1,27,,29455,,,1,70,,29439,,,1,29,,29478,,,1,71,,29453,,,1,30,,29460,,,1,69,,29459,,,1,30,,29446,,,1,100,,29451,,,1
3000,'12',527,,29516,,,1,82,,29499,,,1,18,,29519,,,1,15,,29502,,,1,16,,29494,,,1,56,,29511,,,1,15,,29513,,,1,16,,29495,,,1,13,,29518,,,1,56,,29492,,,1,15,,29490,,,1,16,,29514,,,1,72,,29504,,,1,25,,29498,,,1,69,,29496,,,1,28,,29520,,,1,70,,29503,,,1,30,,29493,,,1,70,,29489,,,1,30,,29510,,,1,68,,29508,,,1,30,,29485,,,1,73,,29500,,,1,31,,29483,,,1,72,,29515,,,1,33,,29507,,,1,69,,29482,,,1,31,,29505,,,1,67,,29497,,,1,29,,29509,,,1,69,,29488,,,1,27,,29491,,,1,70,,29512,,,1,29,,29486,,,1,71,,29501,,,1,30,,29517,,,1,69,,29484,,,1,30,,29506,,,1,100,,29487,,,1
3000,'13',735,,29539,,,1,100,,29538,,,1,100,,29536,,,1,102,,29535,,,1,70,,29521,,,1,30,,29548,,,1,70,,29523,,,1,30,,29537,,,1,70,,29531,,,1,30,,29528,,,1,70,,29534,,,1,30,,29530,,,1,70,,29540,,,1,30,,29542,,,1,70,,29543,,,1,31,,29545,,,1,70,,29529,,,1,30,,29532,,,1,70,,29522,,,1,27,,29524,,,1,70,,29533,,,1,30,,29541,,,1,70,,29544,,,1,30,,29526,,,1,70,,29546,,,1,30,,29527,,,1,70,,29547,,,1,96,,29525,,,1
3000,'14',735,,29567,,,1,100,,29566,,,1,100,,29564,,,1,102,,29563,,,1,70,,29549,,,1,30,,29576,,,1,70,,29551,,,1,30,,29565,,,1,70,,29559,,,1,30,,29556,,,1,70,,29562,,,1,30,,29558,,,1,70,,29568,,,1,30,,29570,,,1,70,,29571,,,1,31,,29573,,,1,70,,29557,,,1,30,,29560,,,1,70,,29550,,,1,27,,29552,,,1,70,,29561,,,1,30,,29569,,,1,70,,29572,,,1,30,,29554,,,1,70,,29574,,,1,30,,29555,,,1,70,,29575,,,1,96,,29553,,,1
3000,'15',527,,29605,,,1,82,,29578,,,1,18,,29611,,,1,15,,29603,,,1,16,,29609,,,1,56,,29587,,,1,13,,29586,,,1,18,,29584,,,1,55,,29604,,,1,14,,29601,,,1,15,,29598,,,1,16,,29600,,,1,72,,29597,,,1,25,,29606,,,1,69,,29585,,,1,28,,29591,,,1,70,,29579,,,1,30,,29580,,,1,70,,29577,,,1,30,,29596,,,1,68,,29595,,,1,30,,29592,,,1,73,,29610,,,1,31,,29593,,,1,72,,29583,,,1,33,,29614,,,1,69,,29608,,,1,31,,29581,,,1,67,,29582,,,1,29,,29590,,,1,69,,29615,,,1,27,,29589,,,1,70,,29602,,,1,29,,29612,,,1,71,,29594,,,1,30,,29599,,,1,69,,29613,,,1,30,,29607,,,1,100,,29588,,,1
3000,'16',527,,29626,,,1,82,,29633,,,1,18,,29657,,,1,15,,29639,,,1,16,,29640,,,1,56,,29629,,,1,15,,29649,,,1,16,,29624,,,1,13,,29618,,,1,56,,29650,,,1,15,,29622,,,1,16,,29635,,,1,70,,29631,,,1,27,,29647,,,1,69,,29658,,,1,28,,29643,,,1,70,,29641,,,1,30,,29653,,,1,70,,29638,,,1,30,,29656,,,1,68,,29621,,,1,30,,29652,,,1,73,,29634,,,1,31,,29654,,,1,72,,29651,,,1,33,,29620,,,1,12,,29642,0,26,1,57,,29627,,,1,31,,29645,,,1,67,,29644,,,1,29,,29625,,,1,69,,29648,,,1,27,,29632,,,1,70,,29616,,,1,29,,29655,,,1,71,,29630,,,1,30,,29637,,,1,69,,29636,,,1,30,,29623,,,1,100,,29628,,,1
3000,'17',735,,29677,,,1,100,,29676,,,1,100,,29674,,,1,102,,29673,,,1,70,,29659,,,1,30,,29686,,,1,70,,29661,,,1,30,,29675,,,1,70,,29669,,,1,30,,29666,,,1,70,,29672,,,1,30,,29668,,,1,70,,29678,,,1,30,,29680,,,1,70,,29681,,,1,31,,29683,,,1,70,,29667,,,1,30,,29670,,,1,70,,29660,,,1,27,,29662,,,1,70,,29671,,,1,30,,29679,,,1,70,,29682,,,1,30,,29664,,,1,70,,29684,,,1,30,,29665,,,1,70,,29685,,,1,96,,29663,,,1
3000,'18',736,,29711,,,1,100,,29714,,,1,70,,29699,,,1,30,,29694,,,1,70,,29696,,,1,32,,29715,,,1,70,,29691,,,1,30,,29690,,,1,70,,29698,,,1,30,,29692,,,1,70,,29693,,,1,30,,29688,,,1,70,,29702,,,1,30,,29689,,,1,70,,29701,,,1,30,,29700,,,1,70,,29706,,,1,31,,29704,,,1,70,,29695,,,1,30,,29705,,,1,70,,29708,,,1,27,,29713,,,1,69,,29687,,,1,30,,29703,,,1,70,,29709,,,1,30,,29712,,,1,70,,29710,,,1,30,,29697,,,1,100,,29707,,,1
3000,'19',736,,29740,,,1,100,,29743,,,1,70,,29728,,,1,30,,29723,,,1,70,,29725,,,1,32,,29744,,,1,70,,29720,,,1,30,,29719,,,1,70,,29727,,,1,30,,29721,,,1,70,,29722,,,1,30,,29717,,,1,70,,29731,,,1,30,,29718,,,1,70,,29730,,,1,30,,29729,,,1,70,,29735,,,1,31,,29733,,,1,70,,29724,,,1,30,,29734,,,1,70,,29737,,,1,27,,29742,,,1,69,,29716,,,1,30,,29732,,,1,70,,29738,,,1,30,,29741,,,1,70,,29739,,,1,30,,29726,,,1,100,,29736,,,1
3000,'2',735,,29763,,,1,100,,29762,,,1,100,,29760,,,1,102,,29759,,,1,70,,29745,,,1,30,,29772,,,1,70,,29747,,,1,30,,29761,,,1,70,,29755,,,1,30,,29752,,,1,70,,29758,,,1,30,,29754,,,1,70,,29764,,,1,30,,29766,,,1,70,,29767,,,1,31,,29769,,,1,70,,29753,,,1,30,,29756,,,1,70,,29746,,,1,27,,29748,,,1,70,,29757,,,1,30,,29765,,,1,70,,29768,,,1,30,,29750,,,1,70,,29770,,,1,30,,29751,,,1,70,,29771,,,1,96,,29749,,,1
3000,'20',527,,29783,,,1,82,,29790,,,1,18,,29814,,,1,15,,29796,,,1,16,,29797,,,1,56,,29786,,,1,15,,29806,,,1,16,,29781,,,1,13,,29775,,,1,56,,29807,,,1,15,,29779,,,1,16,,29792,,,1,70,,29788,,,1,27,,29804,,,1,69,,29815,,,1,28,,29800,,,1,70,,29798,,,1,30,,29810,,,1,70,,29795,,,1,30,,29813,,,1,68,,29778,,,1,30,,29809,,,1,73,,29791,,,1,31,,29811,,,1,72,,29808,,,1,33,,29777,,,1,12,,29799,0,26,1,57,,29784,,,1,31,,29802,,,1,67,,29801,,,1,29,,29782,,,1,69,,29805,,,1,27,,29789,,,1,70,,29773,,,1,29,,29812,,,1,71,,29787,,,1,30,,29794,,,1,69,,29793,,,1,30,,29780,,,1,100,,29785,,,1
3000,'3',527,,29826,,,1,82,,29833,,,1,18,,29857,,,1,15,,29839,,,1,16,,29840,,,1,56,,29829,,,1,15,,29849,,,1,16,,29824,,,1,13,,29818,,,1,56,,29850,,,1,15,,29822,,,1,16,,29835,,,1,70,,29831,,,1,27,,29847,,,1,69,,29858,,,1,28,,29843,,,1,70,,29841,,,1,30,,29853,,,1,70,,29838,,,1,30,,29856,,,1,68,,29821,,,1,30,,29852,,,1,73,,29834,,,1,31,,29854,,,1,72,,29851,,,1,33,,29820,,,1,12,,29842,0,26,1,57,,29827,,,1,31,,29845,,,1,67,,29844,,,1,29,,29825,,,1,69,,29848,,,1,27,,29832,,,1,70,,29816,,,1,29,,29855,,,1,71,,29830,,,1,30,,29837,,,1,69,,29836,,,1,30,,29823,,,1,100,,29828,,,1
3000,'4',527,,29869,,,1,82,,29876,,,1,18,,29900,,,1,15,,29882,,,1,16,,29883,,,1,56,,29872,,,1,15,,29892,,,1,16,,29867,,,1,13,,29861,,,1,56,,29893,,,1,15,,29865,,,1,16,,29878,,,1,70,,29874,,,1,27,,29890,,,1,69,,29901,,,1,28,,29886,,,1,70,,29884,,,1,30,,29896,,,1,70,,29881,,,1,30,,29899,,,1,68,,29864,,,1,30,,29895,,,1,73,,29877,,,1,31,,29897,,,1,72,,29894,,,1,33,,29863,,,1,12,,29885,0,26,1,57,,29870,,,1,31,,29888,,,1,67,,29887,,,1,29,,29868,,,1,69,,29891,,,1,27,,29875,,,1,70,,29859,,,1,29,,29898,,,1,71,,29873,,,1,30,,29880,,,1,69,,29879,,,1,30,,29866,,,1,100,,29871,,,1
3000,'5',527,,29912,,,1,82,,29919,,,1,18,,29943,,,1,15,,29925,,,1,16,,29926,,,1,56,,29915,,,1,15,,29935,,,1,16,,29910,,,1,13,,29904,,,1,56,,29936,,,1,15,,29908,,,1,16,,29921,,,1,70,,29917,,,1,27,,29933,,,1,69,,29944,,,1,28,,29929,,,1,70,,29927,,,1,30,,29939,,,1,70,,29924,,,1,30,,29942,,,1,68,,29907,,,1,30,,29938,,,1,73,,29920,,,1,31,,29940,,,1,72,,29937,,,1,33,,29906,,,1,12,,29928,0,26,1,57,,29913,,,1,31,,29931,,,1,67,,29930,,,1,29,,29911,,,1,69,,29934,,,1,27,,29918,,,1,70,,29902,,,1,29,,29941,,,1,71,,29916,,,1,30,,29923,,,1,69,,29922,,,1,30,,29909,,,1,100,,29914,,,1
3000,'6',527,,29955,,,1,82,,29962,,,1,18,,29986,,,1,15,,29968,,,1,16,,29969,,,1,56,,29958,,,1,15,,29978,,,1,16,,29953,,,1,13,,29947,,,1,56,,29979,,,1,15,,29951,,,1,16,,29964,,,1,70,,29960,,,1,27,,29976,,,1,69,,29987,,,1,28,,29972,,,1,70,,29970,,,1,30,,29982,,,1,70,,29967,,,1,30,,29985,,,1,68,,29950,,,1,30,,29981,,,1,73,,29963,,,1,31,,29983,,,1,72,,29980,,,1,33,,29949,,,1,12,,29971,0,26,1,57,,29956,,,1,31,,29974,,,1,67,,29973,,,1,29,,29954,,,1,69,,29977,,,1,27,,29961,,,1,70,,29945,,,1,29,,29984,,,1,71,,29959,,,1,30,,29966,,,1,69,,29965,,,1,30,,29952,,,1,100,,29957,,,1
3000,'7',527,,30016,,,1,82,,29989,,,1,18,,30022,,,1,15,,30014,,,1,16,,30020,,,1,56,,29998,,,1,13,,29997,,,1,18,,29995,,,1,55,,30015,,,1,14,,30012,,,1,15,,30009,,,1,16,,30011,,,1,72,,30008,,,1,25,,30017,,,1,69,,29996,,,1,28,,30002,,,1,70,,29990,,,1,30,,29991,,,1,70,,29988,,,1,30,,30007,,,1,68,,30006,,,1,30,,30003,,,1,73,,30021,,,1,31,,30004,,,1,72,,29994,,,1,33,,30025,,,1,69,,30019,,,1,31,,29992,,,1,67,,29993,,,1,29,,30001,,,1,69,,30026,,,1,27,,30000,,,1,70,,30013,,,1,29,,30023,,,1,71,,30005,,,1,30,,30010,,,1,69,,30024,,,1,30,,30018,,,1,100,,29999,,,1
3000,'8',527,,30055,,,1,82,,30028,,,1,18,,30061,,,1,15,,30053,,,1,16,,30059,,,1,56,,30037,,,1,13,,30036,,,1,18,,30034,,,1,55,,30054,,,1,14,,30051,,,1,15,,30048,,,1,16,,30050,,,1,72,,30047,,,1,25,,30056,,,1,69,,30035,,,1,28,,30041,,,1,70,,30029,,,1,30,,30030,,,1,70,,30027,,,1,30,,30046,,,1,68,,30045,,,1,30,,30042,,,1,73,,30060,,,1,31,,30043,,,1,72,,30033,,,1,33,,30064,,,1,69,,30058,,,1,31,,30031,,,1,67,,30032,,,1,29,,30040,,,1,69,,30065,,,1,27,,30039,,,1,70,,30052,,,1,29,,30062,,,1,71,,30044,,,1,30,,30049,,,1,69,,30063,,,1,30,,30057,,,1,100,,30038,,,1
3000,'9',527,,30094,,,1,82,,30067,,,1,18,,30100,,,1,15,,30092,,,1,16,,30098,,,1,56,,30076,,,1,13,,30075,,,1,18,,30073,,,1,55,,30093,,,1,14,,30090,,,1,15,,30087,,,1,16,,30089,,,1,72,,30086,,,1,25,,30095,,,1,69,,30074,,,1,28,,30080,,,1,70,,30068,,,1,30,,30069,,,1,70,,30066,,,1,30,,30085,,,1,68,,30084,,,1,30,,30081,,,1,73,,30099,,,1,31,,30082,,,1,72,,30072,,,1,33,,30103,,,1,69,,30097,,,1,31,,30070,,,1,67,,30071,,,1,29,,30079,,,1,69,,30104,,,1,27,,30078,,,1,70,,30091,,,1,29,,30101,,,1,71,,30083,,,1,30,,30088,,,1,69,,30102,,,1,30,,30096,,,1,100,,30077,,,1
61800,'1',758,,122486,,,1,47,,122485,,,1
61800,'11',758,,122488,,,1,47,,122487,,,1
61800,'16',758,,122490,,,1,47,,122489,,,1
61800,'20',758,,122492,,,1,47,,122491,,,1
61800,'3',758,,122494,,,1,47,,122493,,,1
61800,'4',758,,122496,,,1,47,,122495,,,1
61800,'5',758,,122498,,,1,47,,122497,,,1
61800,'6',758,,122500,,,1,47,,122499,,,1
63000,'1',831,,122742,,,1
63000,'11',831,,122744,,,1
63000,'16',831,,122746,,,1
63000,'20',831,,122748,,,1
63000,'3',831,,122750,,,1
63000,'4',831,,122752,,,1
63000,'5',831,,122754,,,1
63000,'6',831,,122756,,,1
