19801,'12',656,,293004,11,,,1,100,,293005,11,,,1,789,,293007,11,,,1,69,,293003,11,,,1,102,,177606,11,,,1,116,,293006,11,,,1
19801,'14',656,,194308,11,,,1,100,,293009,11,,,1,789,,293008,11,,,1,67,,293010,11,,,1,104,,293011,11,,,1,116,,152934,11,,,1
19801,'15',656,,293013,11,,,1,100,,293014,11,,,1,789,,293016,11,,,1,69,,293012,11,,,1,102,,177782,11,,,1,116,,293015,11,,,1
19801,'17',656,,194222,11,,,1,100,,293018,11,,,1,789,,293017,11,,,1,67,,293019,11,,,1,104,,293020,11,,,1,116,,97002,11,,,1
19801,'18',656,,194411,11,,,1,100,,293022,11,,,1,789,,293021,11,,,1,67,,293023,11,,,1,104,,293024,11,,,1,116,,152981,11,,,1
19801,'2',656,,293026,11,,,1,100,,293027,11,,,1,789,,293025,11,,,1,67,,293028,11,,,1,104,,293029,11,,,1,116,,293030,11,,,1
19801,'3',656,,293032,11,,,1,100,,160597,11,,,1,789,,293034,11,,,1,69,,293031,11,,,1,102,,293035,11,,,1,116,,293033,11,,,1
19801,'4',656,,293037,11,,,1,100,,293038,11,,,1,789,,293040,11,,,1,69,,293036,11,,,1,102,,177859,11,,,1,116,,293039,11,,,1
19801,'5',656,,293042,11,,,1,100,,293043,11,,,1,789,,293045,11,,,1,69,,293041,11,,,1,102,,177209,11,,,1,116,,293044,11,,,1
19801,'7',656,,293047,11,,,1,100,,293048,11,,,1,789,,293046,11,,,1,67,,293049,11,,,1,104,,293050,11,,,1,116,,293051,11,,,1
19801,'8',656,,293053,11,,,1,100,,293052,11,,,1,787,,293057,11,,,1,71,,293056,11,,,1,102,,293055,11,,,1,116,,293054,11,,,1
19801,'9',656,,293059,11,,,1,100,,293060,11,,,1,789,,293062,11,,,1,69,,293058,11,,,1,102,,177560,11,,,1,116,,293061,11,,,1
