27501,'1',1538,,204164,9,,,1,68,,204163,9,,,1,102,,204166,9,,,1,30,,37596,9,,,1,70,,47550,9,,,1,32,,204165,9,,,1
27501,'10',1538,,204171,9,,,1,68,,204168,9,,,1,34,,204172,9,,,1,68,,204167,9,,,1,31,,75691,9,,,1,71,,204170,9,,,1,30,,204169,9,,,1
27501,'12',1538,,204174,9,,,1,67,,22257,9,,,1,31,,204177,9,,,1,72,,204175,9,,,1,30,,204173,9,,,1,70,,204176,9,,,1,33,,110127,9,,,1
27501,'14',1538,,204179,9,,,1,67,,204181,9,,,1,31,,9530,9,,,1,72,,89668,9,,,1,30,,204178,9,,,1,70,,77560,9,,,1,33,,204180,9,,,1
27501,'15',1538,,204183,9,,,1,67,,204185,9,,,1,31,,9738,9,,,1,72,,90167,9,,,1,30,,204182,9,,,1,70,,78089,9,,,1,33,,204184,9,,,1
27501,'16',1538,,10085,9,,,1,67,,204189,9,,,1,31,,204191,9,,,1,72,,204187,9,,,1,30,,204186,9,,,1,70,,204190,9,,,1,33,,204188,9,,,1
27501,'17',1538,,204193,9,,,1,68,,204192,9,,,1,102,,204195,9,,,1,30,,38008,9,,,1,70,,47842,9,,,1,32,,204194,9,,,1
27501,'2',1538,,204197,9,,,1,68,,204196,9,,,1,102,,204199,9,,,1,30,,37679,9,,,1,70,,47613,9,,,1,32,,204198,9,,,1
27501,'3',1538,,204201,9,,,1,67,,204203,9,,,1,31,,9666,9,,,1,72,,89984,9,,,1,30,,204200,9,,,1,70,,77907,9,,,1,33,,204202,9,,,1
27501,'5',1538,,204207,9,,,1,68,,204204,9,,,1,102,,25826,9,,,1,30,,204205,9,,,1,70,,204206,9,,,1,32,,204208,9,,,1
27501,'6',1538,,204210,9,,,1,68,,204209,9,,,1,102,,204212,9,,,1,30,,38499,9,,,1,70,,48171,9,,,1,32,,204211,9,,,1
27501,'8',1538,,204214,9,,,1,68,,204213,9,,,1,102,,204216,9,,,1,30,,38416,9,,,1,70,,48108,9,,,1,32,,204215,9,,,1
68400,'1',1515,,17052,13,,,1,25,,205954,13,,,1
68400,'17',1515,,17164,13,,,1,25,,205955,13,,,1
68400,'2',1515,,17080,13,,,1,25,,205956,13,,,1
68400,'5',1515,,205958,13,,,1,25,,205957,13,,,1
68400,'6',1515,,17276,13,,,1,25,,205959,13,,,1
68400,'8',1515,,17248,13,,,1,25,,205960,13,,,1
