28301,'10',1718,,117835,45,,,1,32,,117836,45,,,1
28301,'11',1718,,117839,45,,,1,32,,117840,45,,,1
28301,'12',1718,,117843,45,,,1,32,,117844,45,,,1
28301,'13',1718,,117847,45,,,1,32,,117846,45,,,1
28301,'15',1718,,117851,45,,,1,32,,117852,45,,,1
28301,'16',1718,,117855,45,,,1,32,,117856,45,,,1
28301,'17',1718,,117859,45,,,1,32,,117858,45,,,1
28301,'18',1716,,117865,45,,,1,34,,117864,45,,,1
28301,'19',1718,,117867,45,,,1,32,,117866,45,,,1
28301,'3',1718,,117871,45,,,1,32,,117872,45,,,1
28301,'4',1718,,117875,45,,,1,32,,117876,45,,,1
28301,'5',1718,,117879,45,,,1,32,,117878,45,,,1
28301,'6',1718,,117883,45,,,1,32,,117884,45,,,1
28301,'7',1718,,117887,45,,,1,32,,117886,45,,,1
