2300,'12',713,,224681,17,,,1,30,,224679,17,,,1,70,,224678,17,,,1,722,,224676,17,,,1,70,,224680,17,,,1,30,,172604,17,,,1,70,,224677,17,,,1,30,,158592,17,,,1
2300,'14',713,,182925,17,,,1,30,,224683,17,,,1,70,,199760,17,,,1,722,,224685,17,,,1,70,,224682,17,,,1,30,,134373,17,,,1,70,,224686,17,,,1,30,,224684,17,,,1
2300,'15',713,,224692,17,,,1,30,,224690,17,,,1,70,,224689,17,,,1,722,,224687,17,,,1,70,,224691,17,,,1,30,,172685,17,,,1,70,,224688,17,,,1,30,,158639,17,,,1
2300,'17',713,,76746,17,,,1,30,,224694,17,,,1,70,,58866,17,,,1,722,,224696,17,,,1,70,,224693,17,,,1,30,,134301,17,,,1,70,,224697,17,,,1,30,,224695,17,,,1
2300,'18',713,,183008,17,,,1,30,,224699,17,,,1,70,,199800,17,,,1,722,,224701,17,,,1,70,,224698,17,,,1,30,,50070,17,,,1,70,,224702,17,,,1,30,,224700,17,,,1
2300,'2',713,,224706,17,,,1,30,,131631,17,,,1,70,,224707,17,,,1,722,,224705,17,,,1,70,,224703,17,,,1,30,,224704,17,,,1,70,,155207,17,,,1,30,,156922,17,,,1
2300,'3',713,,224714,17,,,1,30,,224712,17,,,1,70,,224711,17,,,1,722,,224708,17,,,1,70,,224713,17,,,1,30,,224710,17,,,1,70,,224709,17,,,1,30,,224715,17,,,1
2300,'4',713,,224721,17,,,1,30,,224719,17,,,1,70,,224718,17,,,1,722,,224716,17,,,1,70,,224720,17,,,1,30,,172714,17,,,1,70,,224717,17,,,1,30,,158660,17,,,1
2300,'5',713,,224727,17,,,1,30,,224725,17,,,1,70,,224724,17,,,1,722,,224722,17,,,1,70,,224726,17,,,1,30,,172409,17,,,1,70,,224723,17,,,1,30,,158491,17,,,1
2300,'7',713,,224733,17,,,1,30,,224729,17,,,1,70,,224735,17,,,1,722,,224732,17,,,1,70,,224728,17,,,1,30,,224730,17,,,1,70,,224734,17,,,1,30,,224731,17,,,1
2300,'8',713,,224736,17,,,1,100,,224737,17,,,1,722,,224738,17,,,1,100,,224739,17,,,1,100,,224740,17,,,1
2300,'9',713,,224746,17,,,1,30,,224744,17,,,1,70,,224743,17,,,1,722,,224741,17,,,1,70,,224745,17,,,1,30,,172575,17,,,1,70,,224742,17,,,1,30,,158580,17,,,1
