2000,'1',704,,223721,28,,,1,100,,223723,28,,,1,30,,223703,28,,,1,70,,223713,28,,,1,31,,223722,28,,,1,70,,223702,28,,,1,32,,223720,28,,,1,70,,223707,28,,,1,30,,223715,28,,,1,70,,223705,28,,,1,30,,201662,28,,,1,70,,137756,28,,,1,30,,223708,28,,,1,70,,223719,28,,,1,31,,223704,28,,,1,70,,223717,28,,,1,30,,223714,28,,,1,70,,223706,28,,,1,30,,223709,28,,,1,70,,223712,28,,,1,30,,223700,28,,,1,70,,223701,28,,,1,29,,223711,28,,,1,70,,223718,28,,,1,30,,223716,28,,,1,80,,223710,28,,,1,98,,223724,28,,,1,99,,144112,28,,,1,100,,23419,28,,,1,100,,137760,28,,,1
2000,'10',704,,223748,28,,,1,100,,223751,28,,,1,30,,223729,28,,,1,70,,223737,28,,,1,31,,223750,28,,,1,70,,223727,28,,,1,32,,223747,28,,,1,70,,129702,28,,,1,30,,223740,28,,,1,70,,93870,28,,,1,30,,223728,28,,,1,70,,223744,28,,,1,30,,223732,28,,,1,70,,223746,28,,,1,31,,223730,28,,,1,70,,223742,28,,,1,30,,223738,28,,,1,70,,223731,28,,,1,30,,223733,28,,,1,70,,223736,28,,,1,30,,223725,28,,,1,70,,223726,28,,,1,29,,223735,28,,,1,70,,223743,28,,,1,30,,223741,28,,,1,80,,223734,28,,,1,98,,223752,28,,,1,99,,223745,28,,,1,100,,223739,28,,,1,100,,223749,28,,,1
2000,'11',933,,223765,28,,,1,70,,223771,28,,,1,32,,223768,28,,,1,70,,174969,28,,,1,30,,223760,28,,,1,70,,223758,28,,,1,30,,223772,28,,,1,70,,223754,28,,,1,30,,223755,28,,,1,70,,223774,28,,,1,31,,223761,28,,,1,70,,223770,28,,,1,30,,223766,28,,,1,70,,203605,28,,,1,30,,87943,28,,,1,70,,223764,28,,,1,30,,223767,28,,,1,70,,147546,28,,,1,29,,223759,28,,,1,70,,223762,28,,,1,30,,223769,28,,,1,70,,223753,28,,,1,28,,223756,28,,,1,70,,223757,28,,,1,99,,223763,28,,,1,100,,223773,28,,,1
2000,'12',534,,223792,28,,,1,104,,223782,28,,,1,70,,223783,28,,,1,32,,223786,28,,,1,71,,223775,28,,,1,27,,223784,28,,,1,70,,85565,28,,,1,29,,184510,28,,,1,70,,223776,28,,,1,30,,223791,28,,,1,70,,174732,28,,,1,30,,223800,28,,,1,70,,133841,28,,,1,32,,223801,28,,,1,70,,223781,28,,,1,30,,177612,28,,,1,70,,223779,28,,,1,29,,128504,28,,,1,70,,223797,28,,,1,29,,223778,28,,,1,69,,223777,28,,,1,30,,223785,28,,,1,71,,223794,28,,,1,30,,223793,28,,,1,68,,223787,28,,,1,32,,205673,28,,,1,71,,223780,28,,,1,30,,165871,28,,,1,70,,223799,28,,,1,32,,223790,28,,,1,67,,223796,28,,,1,30,,223795,28,,,1,68,,223798,28,,,1,99,,223789,28,,,1,99,,223788,28,,,1
2000,'13',704,,223820,28,,,1,100,,223823,28,,,1,30,,26621,28,,,1,70,,223811,28,,,1,31,,223822,28,,,1,70,,173841,28,,,1,32,,223819,28,,,1,70,,223806,28,,,1,30,,12596,28,,,1,70,,223804,28,,,1,30,,223803,28,,,1,70,,223816,28,,,1,30,,223807,28,,,1,70,,223818,28,,,1,31,,137628,28,,,1,70,,223815,28,,,1,30,,223812,28,,,1,70,,223805,28,,,1,30,,223808,28,,,1,70,,223810,28,,,1,30,,140696,28,,,1,70,,223802,28,,,1,29,,11554,28,,,1,70,,124053,28,,,1,30,,223814,28,,,1,80,,223809,28,,,1,98,,146173,28,,,1,99,,223817,28,,,1,100,,223813,28,,,1,100,,223821,28,,,1
2000,'14',534,,223835,28,,,1,104,,23192,28,,,1,70,,223853,28,,,1,32,,223836,28,,,1,71,,223846,28,,,1,27,,223838,28,,,1,70,,223833,28,,,1,29,,223852,28,,,1,70,,223844,28,,,1,30,,223825,28,,,1,70,,223843,28,,,1,30,,223851,28,,,1,70,,146922,28,,,1,32,,223847,28,,,1,70,,223829,28,,,1,30,,223827,28,,,1,70,,169501,28,,,1,29,,223840,28,,,1,70,,223850,28,,,1,29,,116095,28,,,1,69,,223828,28,,,1,30,,223826,28,,,1,71,,223832,28,,,1,30,,223848,28,,,1,68,,223824,28,,,1,32,,223854,28,,,1,71,,223834,28,,,1,30,,223841,28,,,1,70,,223831,28,,,1,32,,223842,28,,,1,67,,223837,28,,,1,30,,223845,28,,,1,68,,223849,28,,,1,99,,223830,28,,,1,99,,223839,28,,,1
2000,'15',534,,223872,28,,,1,104,,223862,28,,,1,70,,223863,28,,,1,32,,223866,28,,,1,71,,223855,28,,,1,27,,223864,28,,,1,70,,86016,28,,,1,29,,184795,28,,,1,70,,223856,28,,,1,30,,223871,28,,,1,70,,175005,28,,,1,30,,223880,28,,,1,70,,134014,28,,,1,32,,223881,28,,,1,70,,223861,28,,,1,30,,177788,28,,,1,70,,223859,28,,,1,29,,128686,28,,,1,70,,223877,28,,,1,29,,223858,28,,,1,69,,223857,28,,,1,30,,223865,28,,,1,71,,223874,28,,,1,30,,223873,28,,,1,68,,223867,28,,,1,32,,205683,28,,,1,71,,223860,28,,,1,30,,166039,28,,,1,70,,223879,28,,,1,32,,223870,28,,,1,67,,223876,28,,,1,30,,223875,28,,,1,68,,223878,28,,,1,99,,223869,28,,,1,99,,223868,28,,,1
2000,'16',933,,223891,28,,,1,70,,223896,28,,,1,32,,223892,28,,,1,70,,223897,28,,,1,30,,223887,28,,,1,70,,124478,28,,,1,30,,223899,28,,,1,70,,223882,28,,,1,30,,223883,28,,,1,70,,223901,28,,,1,31,,223889,28,,,1,70,,223894,28,,,1,30,,165525,28,,,1,70,,223888,28,,,1,30,,223898,28,,,1,70,,191408,28,,,1,30,,149866,28,,,1,70,,223895,28,,,1,29,,223886,28,,,1,70,,223890,28,,,1,30,,223893,28,,,1,70,,145908,28,,,1,28,,223884,28,,,1,70,,223885,28,,,1,99,,26288,28,,,1,100,,223900,28,,,1
2000,'17',534,,223913,28,,,1,104,,198681,28,,,1,70,,223931,28,,,1,32,,223914,28,,,1,71,,223924,28,,,1,27,,223916,28,,,1,70,,223911,28,,,1,29,,223930,28,,,1,70,,223922,28,,,1,30,,223903,28,,,1,70,,223921,28,,,1,30,,223929,28,,,1,70,,146872,28,,,1,32,,223925,28,,,1,70,,223907,28,,,1,30,,223905,28,,,1,70,,169412,28,,,1,29,,223918,28,,,1,70,,223928,28,,,1,29,,152872,28,,,1,69,,223906,28,,,1,30,,223904,28,,,1,71,,223910,28,,,1,30,,223926,28,,,1,68,,223902,28,,,1,32,,223932,28,,,1,71,,223912,28,,,1,30,,223919,28,,,1,70,,223909,28,,,1,32,,223920,28,,,1,67,,223915,28,,,1,30,,223923,28,,,1,68,,223927,28,,,1,99,,223908,28,,,1,99,,223917,28,,,1
2000,'18',534,,223944,28,,,1,104,,198772,28,,,1,70,,223962,28,,,1,32,,223945,28,,,1,71,,223955,28,,,1,27,,223947,28,,,1,70,,223942,28,,,1,29,,223961,28,,,1,70,,223953,28,,,1,30,,223934,28,,,1,70,,223952,28,,,1,30,,223960,28,,,1,70,,30595,28,,,1,32,,223956,28,,,1,70,,223938,28,,,1,30,,223936,28,,,1,70,,169621,28,,,1,29,,223949,28,,,1,70,,223959,28,,,1,29,,152962,28,,,1,69,,223937,28,,,1,30,,223935,28,,,1,71,,223941,28,,,1,30,,223957,28,,,1,68,,223933,28,,,1,32,,223963,28,,,1,71,,223943,28,,,1,30,,223950,28,,,1,70,,223940,28,,,1,32,,223951,28,,,1,67,,223946,28,,,1,30,,223954,28,,,1,68,,223958,28,,,1,99,,223939,28,,,1,99,,223948,28,,,1
2000,'2',534,,223973,28,,,1,104,,223983,28,,,1,70,,223989,28,,,1,32,,176090,28,,,1,71,,223982,28,,,1,27,,92610,28,,,1,70,,124099,28,,,1,29,,223988,28,,,1,70,,223980,28,,,1,30,,171357,28,,,1,70,,223979,28,,,1,30,,223987,28,,,1,70,,223991,28,,,1,32,,223984,28,,,1,70,,223969,28,,,1,30,,223967,28,,,1,70,,223974,28,,,1,29,,178196,28,,,1,70,,223986,28,,,1,29,,223964,28,,,1,69,,223968,28,,,1,30,,223966,28,,,1,71,,223971,28,,,1,30,,87837,28,,,1,68,,223965,28,,,1,32,,223990,28,,,1,71,,223972,28,,,1,30,,223977,28,,,1,70,,166950,28,,,1,32,,223978,28,,,1,67,,223975,28,,,1,30,,223981,28,,,1,68,,223985,28,,,1,99,,223970,28,,,1,99,,223976,28,,,1
2000,'3',534,,224010,28,,,1,104,,224002,28,,,1,70,,130513,28,,,1,32,,224005,28,,,1,71,,139097,28,,,1,27,,224003,28,,,1,70,,223997,28,,,1,29,,223992,28,,,1,70,,223993,28,,,1,30,,41454,28,,,1,70,,224000,28,,,1,30,,121256,28,,,1,70,,223995,28,,,1,32,,224019,28,,,1,70,,188469,28,,,1,30,,224014,28,,,1,70,,223998,28,,,1,29,,224001,28,,,1,70,,224016,28,,,1,29,,223996,28,,,1,69,,223994,28,,,1,30,,224004,28,,,1,71,,224013,28,,,1,30,,224011,28,,,1,68,,224006,28,,,1,32,,224012,28,,,1,71,,223999,28,,,1,30,,224020,28,,,1,70,,224018,28,,,1,32,,224009,28,,,1,67,,224015,28,,,1,30,,133026,28,,,1,68,,224017,28,,,1,99,,224008,28,,,1,99,,224007,28,,,1
2000,'4',534,,224037,28,,,1,104,,224028,28,,,1,70,,224029,28,,,1,32,,224031,28,,,1,71,,224021,28,,,1,27,,89781,28,,,1,70,,85968,28,,,1,29,,184922,28,,,1,70,,224022,28,,,1,30,,224036,28,,,1,70,,175147,28,,,1,30,,224045,28,,,1,70,,134104,28,,,1,32,,224046,28,,,1,70,,224027,28,,,1,30,,177865,28,,,1,70,,224025,28,,,1,29,,128772,28,,,1,70,,224042,28,,,1,29,,224024,28,,,1,69,,224023,28,,,1,30,,224030,28,,,1,71,,224039,28,,,1,30,,224038,28,,,1,68,,224032,28,,,1,32,,205688,28,,,1,71,,224026,28,,,1,30,,166117,28,,,1,70,,224044,28,,,1,32,,224035,28,,,1,67,,224041,28,,,1,30,,224040,28,,,1,68,,224043,28,,,1,99,,224034,28,,,1,99,,224033,28,,,1
2000,'5',534,,224064,28,,,1,104,,224054,28,,,1,70,,224055,28,,,1,32,,224058,28,,,1,71,,224047,28,,,1,27,,224056,28,,,1,70,,85517,28,,,1,29,,183913,28,,,1,70,,224048,28,,,1,30,,224063,28,,,1,70,,174128,28,,,1,30,,224072,28,,,1,70,,133461,28,,,1,32,,224073,28,,,1,70,,224053,28,,,1,30,,177215,28,,,1,70,,224051,28,,,1,29,,128124,28,,,1,70,,224069,28,,,1,29,,224050,28,,,1,69,,224049,28,,,1,30,,224057,28,,,1,71,,224066,28,,,1,30,,224065,28,,,1,68,,224059,28,,,1,32,,205663,28,,,1,71,,224052,28,,,1,30,,165503,28,,,1,70,,224071,28,,,1,32,,224062,28,,,1,67,,224068,28,,,1,30,,224067,28,,,1,68,,224070,28,,,1,99,,224061,28,,,1,99,,224060,28,,,1
2000,'6',933,,224084,28,,,1,70,,224090,28,,,1,32,,202670,28,,,1,70,,224091,28,,,1,30,,224078,28,,,1,70,,224077,28,,,1,30,,224093,28,,,1,70,,145004,28,,,1,30,,224075,28,,,1,70,,224095,28,,,1,31,,224080,28,,,1,70,,224088,28,,,1,30,,224085,28,,,1,70,,224079,28,,,1,30,,224092,28,,,1,70,,224083,28,,,1,30,,224086,28,,,1,70,,224089,28,,,1,29,,137796,28,,,1,70,,224081,28,,,1,30,,224087,28,,,1,70,,224074,28,,,1,28,,224076,28,,,1,70,,137794,28,,,1,99,,224082,28,,,1,100,,224094,28,,,1
2000,'7',534,,224105,28,,,1,104,,224116,28,,,1,70,,224121,28,,,1,32,,224107,28,,,1,71,,224115,28,,,1,27,,224109,28,,,1,70,,224103,28,,,1,29,,224120,28,,,1,70,,224113,28,,,1,30,,224097,28,,,1,70,,224112,28,,,1,30,,224119,28,,,1,70,,224123,28,,,1,32,,224117,28,,,1,70,,182217,28,,,1,30,,224099,28,,,1,70,,224106,28,,,1,29,,224110,28,,,1,70,,182835,28,,,1,29,,224096,28,,,1,69,,224100,28,,,1,30,,224098,28,,,1,71,,152118,28,,,1,30,,224118,28,,,1,68,,199994,28,,,1,32,,224122,28,,,1,71,,224104,28,,,1,30,,121772,28,,,1,70,,224102,28,,,1,32,,224111,28,,,1,67,,224108,28,,,1,30,,224114,28,,,1,68,,123576,28,,,1,99,,224101,28,,,1,99,,186186,28,,,1
2000,'8',534,,224142,28,,,1,104,,224138,28,,,1,102,,224137,28,,,1,100,,224135,28,,,1,97,,224140,28,,,1,100,,224136,28,,,1,100,,224134,28,,,1,102,,224127,28,,,1,100,,224131,28,,,1,99,,224141,28,,,1,99,,224129,28,,,1,99,,224139,28,,,1,101,,224125,28,,,1,100,,224128,28,,,1,101,,224133,28,,,1,102,,224132,28,,,1,97,,224130,28,,,1,167,,224124,28,,,1,99,,224126,28,,,1
2000,'9',534,,224160,28,,,1,104,,224150,28,,,1,70,,224151,28,,,1,32,,224154,28,,,1,71,,224143,28,,,1,27,,224152,28,,,1,70,,85742,28,,,1,29,,184436,28,,,1,70,,224144,28,,,1,30,,224159,28,,,1,70,,174665,28,,,1,30,,224168,28,,,1,70,,133794,28,,,1,32,,224169,28,,,1,70,,224149,28,,,1,30,,177566,28,,,1,70,,224147,28,,,1,29,,128456,28,,,1,70,,224165,28,,,1,29,,224146,28,,,1,69,,224145,28,,,1,30,,224153,28,,,1,71,,224162,28,,,1,30,,224161,28,,,1,68,,224155,28,,,1,32,,205668,28,,,1,71,,224148,28,,,1,30,,165831,28,,,1,70,,224167,28,,,1,32,,224158,28,,,1,67,,224164,28,,,1,30,,224163,28,,,1,68,,224166,28,,,1,99,,224157,28,,,1,99,,224156,28,,,1
