3900,'1',934,,37452,25,0,29,1,70,,37437,25,0,29,1,30,,37446,25,0,29,1,70,,37440,25,0,29,1,30,,37488,25,0,29,1,70,,37468,25,0,29,1,30,,37464,25,0,29,1,70,,37510,25,0,29,1,30,,37444,25,0,29,1,70,,37500,25,0,29,1,30,,37448,25,0,29,1,70,,37445,25,0,29,1,30,,37495,25,0,29,1,70,,37460,25,0,29,1,30,,37463,25,0,29,1,70,,37492,25,0,29,1,30,,37458,25,0,29,1,70,,37502,25,0,29,1,30,,37472,25,0,29,1,70,,37482,25,0,29,1,30,,37497,25,0,29,1,70,,37507,25,0,29,1,30,,37454,25,0,29,1,70,,37441,25,0,29,1,30,,37503,25,0,29,1
3900,'10',920,,37580,25,0,29,1,28,,37516,25,0,29,1,67,,37523,25,0,29,1,31,,37565,25,0,29,1,70,,37552,25,0,29,1,29,,37585,25,0,29,1,72,,37521,25,0,29,1,31,,37586,25,0,29,1,72,,37529,25,0,29,1,32,,37572,25,0,29,1,72,,37532,25,0,29,1,31,,37531,25,0,29,1,69,,37578,25,0,29,1,31,,37541,25,0,29,1,70,,37566,25,0,29,1,29,,37528,25,0,29,1,70,,37591,25,0,29,1,30,,37592,25,0,29,1,69,,37557,25,0,29,1,29,,37567,25,0,29,1,71,,37568,25,0,29,1,30,,37536,25,0,29,1,70,,37515,25,0,29,1,30,,37527,25,0,29,1,70,,37526,25,0,29,1,31,,37550,25,0,29,1,70,,37546,25,0,29,1,29,,37533,25,0,29,1
3900,'11',920,,37663,25,0,29,1,28,,37599,25,0,29,1,67,,37606,25,0,29,1,31,,37648,25,0,29,1,70,,37635,25,0,29,1,29,,37668,25,0,29,1,72,,37604,25,0,29,1,31,,37669,25,0,29,1,72,,37612,25,0,29,1,32,,37655,25,0,29,1,72,,37615,25,0,29,1,31,,37614,25,0,29,1,69,,37661,25,0,29,1,31,,37624,25,0,29,1,70,,37649,25,0,29,1,29,,37611,25,0,29,1,70,,37674,25,0,29,1,30,,37675,25,0,29,1,69,,37640,25,0,29,1,29,,37650,25,0,29,1,71,,37651,25,0,29,1,30,,37619,25,0,29,1,70,,37598,25,0,29,1,30,,37610,25,0,29,1,70,,37609,25,0,29,1,31,,37633,25,0,29,1,70,,37629,25,0,29,1,29,,37616,25,0,29,1
3900,'12',920,,37746,25,0,29,1,28,,37682,25,0,29,1,67,,37689,25,0,29,1,31,,37731,25,0,29,1,70,,37718,25,0,29,1,29,,37751,25,0,29,1,72,,37687,25,0,29,1,31,,37752,25,0,29,1,72,,37695,25,0,29,1,32,,37738,25,0,29,1,72,,37698,25,0,29,1,31,,37697,25,0,29,1,69,,37744,25,0,29,1,31,,37707,25,0,29,1,70,,37732,25,0,29,1,29,,37694,25,0,29,1,70,,37757,25,0,29,1,30,,37758,25,0,29,1,69,,37723,25,0,29,1,29,,37733,25,0,29,1,71,,37734,25,0,29,1,30,,37702,25,0,29,1,70,,37681,25,0,29,1,30,,37693,25,0,29,1,70,,37692,25,0,29,1,31,,37716,25,0,29,1,70,,37712,25,0,29,1,29,,37699,25,0,29,1
3900,'13',920,,37803,25,0,29,1,28,,37798,25,0,29,1,67,,37802,25,0,29,1,31,,37785,25,0,29,1,70,,37761,25,0,29,1,29,,37780,25,0,29,1,72,,37815,25,0,29,1,31,,37776,25,0,29,1,72,,37801,25,0,29,1,32,,37821,25,0,29,1,72,,37774,25,0,29,1,31,,37782,25,0,29,1,70,,37823,25,0,29,1,30,,37781,25,0,29,1,70,,37824,25,0,29,1,29,,37812,25,0,29,1,71,,37763,25,0,29,1,29,,37834,25,0,29,1,69,,37775,25,0,29,1,29,,37837,25,0,29,1,71,,37795,25,0,29,1,30,,37792,25,0,29,1,70,,37766,25,0,29,1,30,,37779,25,0,29,1,70,,37783,25,0,29,1,31,,37835,25,0,29,1,70,,37788,25,0,29,1,29,,37825,25,0,29,1
3900,'14',836,,37865,25,0,29,1,70,,37857,25,0,29,1,30,,37922,25,0,29,1,70,,37899,25,0,29,1,30,,37910,25,0,29,1,70,,37912,25,0,29,1,30,,37877,25,0,29,1,70,,37872,25,0,29,1,30,,37885,25,0,29,1,70,,37892,25,0,29,1,30,,37900,25,0,29,1,70,,37844,25,0,29,1,30,,37853,25,0,29,1,70,,37854,25,0,29,1,30,,37864,25,0,29,1,70,,37889,25,0,29,1,30,,37921,25,0,29,1,70,,37873,25,0,29,1,30,,37863,25,0,29,1,70,,37908,25,0,29,1,30,,37894,25,0,29,1,70,,37849,25,0,29,1,30,,37858,25,0,29,1,70,,37916,25,0,29,1,30,,37888,25,0,29,1,70,,37901,25,0,29,1,30,,37852,25,0,29,1,70,,37914,25,0,29,1
3900,'15',920,,37992,25,0,29,1,28,,37928,25,0,29,1,67,,37935,25,0,29,1,31,,37977,25,0,29,1,70,,37964,25,0,29,1,29,,37997,25,0,29,1,72,,37933,25,0,29,1,31,,37998,25,0,29,1,72,,37941,25,0,29,1,32,,37984,25,0,29,1,72,,37944,25,0,29,1,31,,37943,25,0,29,1,69,,37990,25,0,29,1,31,,37953,25,0,29,1,70,,37978,25,0,29,1,29,,37940,25,0,29,1,70,,38003,25,0,29,1,30,,38004,25,0,29,1,69,,37969,25,0,29,1,29,,37979,25,0,29,1,71,,37980,25,0,29,1,30,,37948,25,0,29,1,70,,37927,25,0,29,1,30,,37939,25,0,29,1,70,,37938,25,0,29,1,31,,37962,25,0,29,1,70,,37958,25,0,29,1,29,,37945,25,0,29,1
3900,'16',920,,38075,25,0,29,1,28,,38011,25,0,29,1,67,,38018,25,0,29,1,31,,38060,25,0,29,1,70,,38047,25,0,29,1,29,,38080,25,0,29,1,72,,38016,25,0,29,1,31,,38081,25,0,29,1,72,,38024,25,0,29,1,32,,38067,25,0,29,1,72,,38027,25,0,29,1,31,,38026,25,0,29,1,69,,38073,25,0,29,1,31,,38036,25,0,29,1,70,,38061,25,0,29,1,29,,38023,25,0,29,1,70,,38086,25,0,29,1,30,,38087,25,0,29,1,69,,38052,25,0,29,1,29,,38062,25,0,29,1,71,,38063,25,0,29,1,30,,38031,25,0,29,1,70,,38010,25,0,29,1,30,,38022,25,0,29,1,70,,38021,25,0,29,1,31,,38045,25,0,29,1,70,,38041,25,0,29,1,29,,38028,25,0,29,1
3900,'17',920,,38132,25,0,29,1,28,,38127,25,0,29,1,67,,38131,25,0,29,1,31,,38114,25,0,29,1,70,,38090,25,0,29,1,29,,38109,25,0,29,1,72,,38144,25,0,29,1,31,,38105,25,0,29,1,72,,38130,25,0,29,1,32,,38150,25,0,29,1,72,,38103,25,0,29,1,31,,38111,25,0,29,1,70,,38152,25,0,29,1,30,,38110,25,0,29,1,70,,38153,25,0,29,1,29,,38141,25,0,29,1,71,,38092,25,0,29,1,29,,38163,25,0,29,1,69,,38104,25,0,29,1,29,,38166,25,0,29,1,71,,38124,25,0,29,1,30,,38121,25,0,29,1,70,,38095,25,0,29,1,30,,38108,25,0,29,1,70,,38112,25,0,29,1,31,,38164,25,0,29,1,70,,38117,25,0,29,1,29,,38154,25,0,29,1
3900,'18',920,,38186,25,0,29,1,28,,38236,25,0,29,1,67,,38243,25,0,29,1,31,,38179,25,0,29,1,70,,38227,25,0,29,1,29,,38220,25,0,29,1,72,,38204,25,0,29,1,31,,38235,25,0,29,1,72,,38178,25,0,29,1,32,,38217,25,0,29,1,72,,38196,25,0,29,1,31,,38191,25,0,29,1,70,,38238,25,0,29,1,30,,38250,25,0,29,1,70,,38177,25,0,29,1,29,,38183,25,0,29,1,70,,38201,25,0,29,1,30,,38202,25,0,29,1,69,,38231,25,0,29,1,29,,38233,25,0,29,1,71,,38242,25,0,29,1,30,,38215,25,0,29,1,70,,38240,25,0,29,1,30,,38200,25,0,29,1,70,,38190,25,0,29,1,31,,38193,25,0,29,1,70,,38185,25,0,29,1,29,,38248,25,0,29,1
3900,'19',920,,38298,25,0,29,1,28,,38293,25,0,29,1,67,,38297,25,0,29,1,31,,38280,25,0,29,1,70,,38256,25,0,29,1,29,,38275,25,0,29,1,72,,38310,25,0,29,1,31,,38271,25,0,29,1,72,,38296,25,0,29,1,32,,38316,25,0,29,1,72,,38269,25,0,29,1,31,,38277,25,0,29,1,70,,38318,25,0,29,1,30,,38276,25,0,29,1,70,,38319,25,0,29,1,29,,38307,25,0,29,1,71,,38258,25,0,29,1,29,,38329,25,0,29,1,69,,38270,25,0,29,1,29,,38332,25,0,29,1,71,,38290,25,0,29,1,30,,38287,25,0,29,1,70,,38261,25,0,29,1,30,,38274,25,0,29,1,70,,38278,25,0,29,1,31,,38330,25,0,29,1,70,,38283,25,0,29,1,29,,38320,25,0,29,1
3900,'2',934,,38355,25,0,29,1,70,,38340,25,0,29,1,30,,38349,25,0,29,1,70,,38343,25,0,29,1,30,,38391,25,0,29,1,70,,38371,25,0,29,1,30,,38367,25,0,29,1,70,,38413,25,0,29,1,30,,38347,25,0,29,1,70,,38403,25,0,29,1,30,,38351,25,0,29,1,70,,38348,25,0,29,1,30,,38398,25,0,29,1,70,,38363,25,0,29,1,30,,38366,25,0,29,1,70,,38395,25,0,29,1,30,,38361,25,0,29,1,70,,38405,25,0,29,1,30,,38375,25,0,29,1,70,,38385,25,0,29,1,30,,38400,25,0,29,1,70,,38410,25,0,29,1,30,,38357,25,0,29,1,70,,38344,25,0,29,1,30,,38406,25,0,29,1
3900,'3',920,,38483,25,0,29,1,28,,38419,25,0,29,1,67,,38426,25,0,29,1,31,,38468,25,0,29,1,70,,38455,25,0,29,1,29,,38488,25,0,29,1,72,,38424,25,0,29,1,31,,38489,25,0,29,1,72,,38432,25,0,29,1,32,,38475,25,0,29,1,72,,38435,25,0,29,1,31,,38434,25,0,29,1,69,,38481,25,0,29,1,31,,38444,25,0,29,1,70,,38469,25,0,29,1,29,,38431,25,0,29,1,70,,38494,25,0,29,1,30,,38495,25,0,29,1,69,,38460,25,0,29,1,29,,38470,25,0,29,1,71,,38471,25,0,29,1,30,,38439,25,0,29,1,70,,38418,25,0,29,1,30,,38430,25,0,29,1,70,,38429,25,0,29,1,31,,38453,25,0,29,1,70,,38449,25,0,29,1,29,,38436,25,0,29,1
3900,'4',920,,38566,25,0,29,1,28,,38502,25,0,29,1,67,,38509,25,0,29,1,31,,38551,25,0,29,1,70,,38538,25,0,29,1,29,,38571,25,0,29,1,72,,38507,25,0,29,1,31,,38572,25,0,29,1,72,,38515,25,0,29,1,32,,38558,25,0,29,1,72,,38518,25,0,29,1,31,,38517,25,0,29,1,69,,38564,25,0,29,1,31,,38527,25,0,29,1,70,,38552,25,0,29,1,29,,38514,25,0,29,1,70,,38577,25,0,29,1,30,,38578,25,0,29,1,69,,38543,25,0,29,1,29,,38553,25,0,29,1,71,,38554,25,0,29,1,30,,38522,25,0,29,1,70,,38501,25,0,29,1,30,,38513,25,0,29,1,70,,38512,25,0,29,1,31,,38536,25,0,29,1,70,,38532,25,0,29,1,29,,38519,25,0,29,1
3900,'5',920,,38623,25,0,29,1,28,,38618,25,0,29,1,67,,38622,25,0,29,1,31,,38605,25,0,29,1,70,,38581,25,0,29,1,29,,38600,25,0,29,1,72,,38635,25,0,29,1,31,,38596,25,0,29,1,72,,38621,25,0,29,1,32,,38641,25,0,29,1,72,,38594,25,0,29,1,31,,38602,25,0,29,1,70,,38643,25,0,29,1,30,,38601,25,0,29,1,70,,38644,25,0,29,1,29,,38632,25,0,29,1,71,,38583,25,0,29,1,29,,38654,25,0,29,1,69,,38595,25,0,29,1,29,,38657,25,0,29,1,71,,38615,25,0,29,1,30,,38612,25,0,29,1,70,,38586,25,0,29,1,30,,38599,25,0,29,1,70,,38603,25,0,29,1,31,,38655,25,0,29,1,70,,38608,25,0,29,1,29,,38645,25,0,29,1
3900,'6',920,,38732,25,0,29,1,28,,38668,25,0,29,1,67,,38675,25,0,29,1,31,,38717,25,0,29,1,70,,38704,25,0,29,1,29,,38737,25,0,29,1,72,,38673,25,0,29,1,31,,38738,25,0,29,1,72,,38681,25,0,29,1,32,,38724,25,0,29,1,72,,38684,25,0,29,1,31,,38683,25,0,29,1,69,,38730,25,0,29,1,31,,38693,25,0,29,1,70,,38718,25,0,29,1,29,,38680,25,0,29,1,70,,38743,25,0,29,1,30,,38744,25,0,29,1,69,,38709,25,0,29,1,29,,38719,25,0,29,1,71,,38720,25,0,29,1,30,,38688,25,0,29,1,70,,38667,25,0,29,1,30,,38679,25,0,29,1,70,,38678,25,0,29,1,31,,38702,25,0,29,1,70,,38698,25,0,29,1,29,,38685,25,0,29,1
3900,'7',920,,38789,25,0,29,1,28,,38784,25,0,29,1,67,,38788,25,0,29,1,31,,38771,25,0,29,1,70,,38747,25,0,29,1,29,,38766,25,0,29,1,72,,38801,25,0,29,1,31,,38762,25,0,29,1,72,,38787,25,0,29,1,32,,38807,25,0,29,1,72,,38760,25,0,29,1,31,,38768,25,0,29,1,70,,38809,25,0,29,1,30,,38767,25,0,29,1,70,,38810,25,0,29,1,29,,38798,25,0,29,1,71,,38749,25,0,29,1,29,,38820,25,0,29,1,69,,38761,25,0,29,1,29,,38823,25,0,29,1,71,,38781,25,0,29,1,30,,38778,25,0,29,1,70,,38752,25,0,29,1,30,,38765,25,0,29,1,70,,38769,25,0,29,1,31,,38821,25,0,29,1,70,,38774,25,0,29,1,29,,38811,25,0,29,1
3900,'8',836,,38851,25,0,29,1,70,,38843,25,0,29,1,30,,38908,25,0,29,1,70,,38885,25,0,29,1,30,,38896,25,0,29,1,70,,38898,25,0,29,1,30,,38863,25,0,29,1,70,,38858,25,0,29,1,30,,38871,25,0,29,1,70,,38878,25,0,29,1,30,,38886,25,0,29,1,70,,38830,25,0,29,1,30,,38839,25,0,29,1,70,,38840,25,0,29,1,30,,38850,25,0,29,1,70,,38875,25,0,29,1,30,,38907,25,0,29,1,70,,38859,25,0,29,1,30,,38849,25,0,29,1,70,,38894,25,0,29,1,30,,38880,25,0,29,1,70,,38835,25,0,29,1,30,,38844,25,0,29,1,70,,38902,25,0,29,1,30,,38874,25,0,29,1,70,,38887,25,0,29,1,30,,38838,25,0,29,1,70,,38900,25,0,29,1
3900,'9',934,,38926,25,0,29,1,70,,38911,25,0,29,1,30,,38920,25,0,29,1,70,,38914,25,0,29,1,30,,38962,25,0,29,1,70,,38942,25,0,29,1,30,,38938,25,0,29,1,70,,38984,25,0,29,1,30,,38918,25,0,29,1,70,,38974,25,0,29,1,30,,38922,25,0,29,1,70,,38919,25,0,29,1,30,,38969,25,0,29,1,70,,38934,25,0,29,1,30,,38937,25,0,29,1,70,,38966,25,0,29,1,30,,38932,25,0,29,1,70,,38976,25,0,29,1,30,,38946,25,0,29,1,70,,38956,25,0,29,1,30,,38971,25,0,29,1,70,,38981,25,0,29,1,30,,38928,25,0,29,1,70,,38915,25,0,29,1,30,,38977,25,0,29,1
63901,'10',1601,,118743,36,,,1
63901,'11',1601,,118745,36,,,1
63901,'12',1601,,118747,36,,,1
63901,'15',1601,,118749,36,,,1
63901,'16',1601,,118751,36,,,1
63901,'3',1601,,118753,36,,,1
63901,'4',1601,,118755,36,,,1
63901,'6',1601,,118757,36,,,1
