6101,'1',649,,504082,,,1,65,,615094,,,1,30,,615111,,,1,70,,615096,,,1,29,,615095,,,1,72,,615100,,,1,30,,615105,,,1,70,,615115,,,1,29,,615112,,,1,71,,615113,,,1,30,,615089,,,1,70,,615104,,,1,30,,461685,,,1,70,,615092,,,1,30,,488300,,,1,70,,615102,,,1,30,,466304,,,1,70,,615108,,,1,30,,463713,,,1,70,,615099,,,1,30,,615098,,,1,70,,615091,,,1,30,,615117,,,1,70,,615114,,,1,99,,615103,,,1,100,,615088,,,1,30,,385476,,,1,68,,460839,,,1,30,,615109,,,1,70,,615090,,,1,30,,615093,,,1,69,,615106,,,1,30,,459210,,,1,70,,615107,,,1
6101,'10',632,,615135,,,1,95,,615143,,,1,100,,521692,,,1,102,,615125,,,1,71,,615150,,,1,30,,504840,,,1,70,,615121,,,1,30,,615142,,,1,70,,502640,,,1,30,,537975,,,1,70,,472851,,,1,30,,615151,,,1,70,,615124,,,1,30,,461953,,,1,70,,483965,,,1,30,,615130,,,1,70,,615138,,,1,30,,615134,,,1,70,,615119,,,1,30,,615123,,,1,70,,615128,,,1,30,,615132,,,1,29,,378636,,,1,70,,531149,,,1,30,,615149,,,1,98,,615129,,,1,100,,615145,,,1,70,,615140,,,1,99,,615144,,,1
6101,'11',630,,615186,,,1,70,,615155,,,1,25,,615189,,,1,26,,615192,,,1,68,,615160,,,1,32,,470838,,,1,70,,615174,,,1,30,,615191,,,1,70,,615161,,,1,30,,615164,,,1,70,,615187,,,1,28,,615185,,,1,70,,615154,,,1,30,,615168,,,1,70,,615177,,,1,30,,615180,,,1,73,,615183,,,1,30,,615188,,,1,75,,615178,,,1,30,,615158,,,1,67,,487102,,,1,98,,615181,,,1,32,,615195,,,1,70,,615159,,,1,13,,615179,,,1,15,,474532,,,1,55,,615182,,,1,42,,615156,,,1,70,,615172,,,1,28,,615163,,,1,70,,496246,,,1,30,,615170,,,1,70,,615162,,,1,28,,615184,,,1,66,,615175,,,1,30,,615171,,,1,70,,476692,,,1
6101,'12',630,,539631,,,1,70,,615197,,,1,25,,501021,,,1,26,,615231,,,1,68,,615203,,,1,32,,615204,,,1,70,,615218,,,1,30,,615230,,,1,70,,540397,,,1,30,,615208,,,1,70,,615227,,,1,28,,489098,,,1,70,,615196,,,1,30,,615210,,,1,70,,509568,,,1,30,,615223,,,1,73,,506741,,,1,30,,615228,,,1,75,,615221,,,1,30,,615201,,,1,67,,615214,,,1,98,,457392,,,1,32,,547090,,,1,70,,615202,,,1,13,,615222,,,1,15,,615226,,,1,55,,487198,,,1,42,,615198,,,1,70,,615216,,,1,28,,615207,,,1,70,,615200,,,1,30,,475701,,,1,70,,470384,,,1,28,,493168,,,1,66,,529593,,,1,30,,615215,,,1,70,,615205,,,1
6101,'13',630,,399284,,,1,70,,615234,,,1,25,,399289,,,1,26,,615268,,,1,68,,615240,,,1,32,,615241,,,1,70,,615255,,,1,30,,615267,,,1,70,,540317,,,1,30,,615245,,,1,70,,615264,,,1,28,,424995,,,1,70,,615233,,,1,30,,615247,,,1,70,,508865,,,1,30,,615260,,,1,73,,428263,,,1,30,,615265,,,1,75,,615258,,,1,30,,615238,,,1,67,,615251,,,1,98,,456993,,,1,32,,546891,,,1,70,,615239,,,1,13,,615259,,,1,15,,615263,,,1,55,,486643,,,1,42,,615235,,,1,70,,615253,,,1,28,,615244,,,1,70,,615237,,,1,30,,475281,,,1,70,,470021,,,1,28,,449098,,,1,66,,529449,,,1,30,,615252,,,1,70,,615242,,,1
6101,'14',630,,399817,,,1,70,,615271,,,1,25,,399822,,,1,26,,615305,,,1,68,,615277,,,1,32,,615278,,,1,70,,615292,,,1,30,,615304,,,1,70,,540375,,,1,30,,615282,,,1,70,,615301,,,1,28,,425544,,,1,70,,615270,,,1,30,,615284,,,1,70,,509373,,,1,30,,615297,,,1,73,,428310,,,1,30,,615302,,,1,75,,615295,,,1,30,,615275,,,1,67,,615288,,,1,98,,457278,,,1,32,,547037,,,1,70,,615276,,,1,13,,615296,,,1,15,,615300,,,1,55,,487045,,,1,42,,615272,,,1,70,,615290,,,1,28,,615281,,,1,70,,615274,,,1,30,,475587,,,1,70,,470279,,,1,28,,449111,,,1,66,,529562,,,1,30,,615289,,,1,70,,615279,,,1
6101,'15',630,,399901,,,1,70,,615308,,,1,25,,399906,,,1,26,,615342,,,1,68,,615314,,,1,32,,615315,,,1,70,,615329,,,1,30,,615341,,,1,70,,540361,,,1,30,,615319,,,1,70,,615338,,,1,28,,425632,,,1,70,,615307,,,1,30,,615321,,,1,70,,509265,,,1,30,,615334,,,1,73,,428321,,,1,30,,615339,,,1,75,,615332,,,1,30,,615312,,,1,67,,615325,,,1,98,,457222,,,1,32,,547003,,,1,70,,615313,,,1,13,,615333,,,1,15,,615337,,,1,55,,486947,,,1,42,,615309,,,1,70,,615327,,,1,28,,615318,,,1,70,,615311,,,1,30,,475517,,,1,70,,470221,,,1,28,,449113,,,1,66,,529528,,,1,30,,615326,,,1,70,,615316,,,1
6101,'16',630,,615362,,,1,70,,615387,,,1,25,,615352,,,1,24,,615392,,,1,70,,615364,,,1,34,,615371,,,1,68,,615383,,,1,30,,615384,,,1,70,,615348,,,1,30,,615376,,,1,70,,615368,,,1,28,,539299,,,1,70,,615386,,,1,30,,615370,,,1,70,,423753,,,1,30,,615381,,,1,73,,615358,,,1,28,,615345,,,1,76,,615355,,,1,31,,615393,,,1,67,,615356,,,1,26,,615389,,,1,70,,615366,,,1,34,,615394,,,1,72,,615391,,,1,12,,615379,,,1,14,,615350,,,1,55,,615365,,,1,15,,615380,,,1,27,,615373,,,1,70,,615344,,,1,28,,615377,,,1,70,,615353,,,1,30,,615354,,,1,70,,615361,,,1,28,,615382,,,1,66,,615346,,,1,30,,615363,,,1,70,,615369,,,1
6101,'17',630,,139004,,,1,70,,615396,,,1,25,,399637,,,1,26,,615430,,,1,68,,615402,,,1,32,,615403,,,1,70,,615417,,,1,30,,615429,,,1,70,,540354,,,1,30,,615407,,,1,70,,615426,,,1,28,,425334,,,1,70,,615395,,,1,30,,615409,,,1,70,,509211,,,1,30,,615422,,,1,73,,428290,,,1,30,,615427,,,1,75,,615420,,,1,30,,615400,,,1,67,,615413,,,1,98,,457194,,,1,32,,546986,,,1,70,,615401,,,1,13,,615421,,,1,15,,615425,,,1,55,,486898,,,1,42,,615397,,,1,70,,615415,,,1,28,,615406,,,1,70,,615399,,,1,30,,475482,,,1,70,,470192,,,1,28,,449105,,,1,66,,529511,,,1,30,,615414,,,1,70,,615404,,,1
6101,'18',630,,399436,,,1,70,,615433,,,1,25,,399441,,,1,26,,615467,,,1,68,,615439,,,1,32,,615440,,,1,70,,615454,,,1,30,,615466,,,1,70,,540422,,,1,30,,615444,,,1,70,,615463,,,1,28,,425132,,,1,70,,615432,,,1,30,,615446,,,1,70,,509769,,,1,30,,615459,,,1,73,,428274,,,1,30,,615464,,,1,75,,615457,,,1,30,,615437,,,1,67,,615450,,,1,98,,457505,,,1,32,,547150,,,1,70,,615438,,,1,13,,615458,,,1,15,,615462,,,1,55,,487371,,,1,42,,615434,,,1,70,,615452,,,1,28,,615443,,,1,70,,615436,,,1,30,,475828,,,1,70,,470492,,,1,28,,449100,,,1,66,,529640,,,1,30,,615451,,,1,70,,615441,,,1
6101,'19',630,,615508,,,1,70,,615471,,,1,25,,615512,,,1,26,,615515,,,1,68,,615476,,,1,32,,615477,,,1,70,,615493,,,1,30,,615514,,,1,70,,615480,,,1,30,,466035,,,1,70,,615510,,,1,28,,615506,,,1,70,,615470,,,1,30,,437986,,,1,70,,615497,,,1,30,,615500,,,1,73,,615503,,,1,30,,615511,,,1,75,,615498,,,1,30,,615474,,,1,67,,615488,,,1,98,,615501,,,1,32,,615517,,,1,70,,615475,,,1,13,,615499,,,1,15,,615509,,,1,55,,615502,,,1,42,,615472,,,1,70,,615491,,,1,28,,615482,,,1,70,,615473,,,1,30,,615489,,,1,70,,615481,,,1,28,,615504,,,1,66,,615495,,,1,30,,615490,,,1,70,,615478,,,1
6101,'2',632,,615537,,,1,95,,615546,,,1,100,,615544,,,1,102,,615529,,,1,71,,615551,,,1,30,,615524,,,1,70,,615520,,,1,30,,469238,,,1,70,,615521,,,1,30,,615526,,,1,70,,615545,,,1,30,,515864,,,1,70,,615528,,,1,30,,615525,,,1,70,,615552,,,1,30,,615533,,,1,70,,615540,,,1,30,,615536,,,1,70,,615518,,,1,30,,615527,,,1,70,,615531,,,1,30,,615534,,,1,29,,615550,,,1,70,,615522,,,1,30,,479418,,,1,98,,615532,,,1,100,,615547,,,1,70,,615542,,,1,99,,463272,,,1
6101,'20',630,,399511,,,1,70,,615555,,,1,25,,399516,,,1,26,,615589,,,1,68,,615561,,,1,32,,615562,,,1,70,,615576,,,1,30,,615588,,,1,70,,540405,,,1,30,,615566,,,1,70,,615585,,,1,28,,425204,,,1,70,,615554,,,1,30,,615568,,,1,70,,509623,,,1,30,,615581,,,1,73,,428280,,,1,30,,615586,,,1,75,,615579,,,1,30,,615559,,,1,67,,615572,,,1,98,,457420,,,1,32,,547107,,,1,70,,615560,,,1,13,,615580,,,1,15,,615584,,,1,55,,487251,,,1,42,,615556,,,1,70,,615574,,,1,28,,615565,,,1,70,,615558,,,1,30,,475739,,,1,70,,470414,,,1,28,,449102,,,1,66,,529609,,,1,30,,615573,,,1,70,,615563,,,1
6101,'21',630,,615608,,,1,70,,615631,,,1,25,,615599,,,1,24,,396515,,,1,70,,517365,,,1,34,,615617,,,1,68,,489230,,,1,30,,615629,,,1,70,,615594,,,1,30,,615622,,,1,70,,615614,,,1,28,,615625,,,1,70,,615630,,,1,30,,615616,,,1,70,,615635,,,1,30,,615627,,,1,73,,615605,,,1,28,,615592,,,1,76,,615602,,,1,31,,512100,,,1,67,,615603,,,1,26,,615633,,,1,70,,615611,,,1,34,,615636,,,1,72,,489710,,,1,12,,615624,,,1,14,,615596,,,1,55,,615610,,,1,15,,615626,,,1,27,,615619,,,1,70,,615591,,,1,28,,498715,,,1,70,,615600,,,1,30,,615601,,,1,70,,615607,,,1,28,,615628,,,1,66,,615593,,,1,30,,615609,,,1,70,,615615,,,1
6101,'22',630,,615674,,,1,70,,542632,,,1,25,,615678,,,1,26,,615680,,,1,68,,525279,,,1,32,,615643,,,1,70,,512111,,,1,30,,615679,,,1,70,,615646,,,1,30,,615648,,,1,70,,615676,,,1,28,,615672,,,1,70,,526548,,,1,30,,615652,,,1,70,,615663,,,1,30,,615666,,,1,73,,615669,,,1,30,,615677,,,1,75,,615664,,,1,30,,615641,,,1,67,,615656,,,1,98,,615667,,,1,32,,615683,,,1,70,,615642,,,1,13,,615665,,,1,15,,615675,,,1,55,,615668,,,1,42,,615638,,,1,70,,615659,,,1,28,,268956,,,1,70,,615640,,,1,30,,615657,,,1,70,,615647,,,1,28,,615670,,,1,66,,615662,,,1,30,,615658,,,1,70,,615644,,,1
6101,'23',630,,615703,,,1,70,,615731,,,1,25,,615693,,,1,24,,615736,,,1,70,,615705,,,1,34,,615713,,,1,68,,615727,,,1,30,,615728,,,1,70,,615688,,,1,30,,615719,,,1,70,,615710,,,1,28,,615723,,,1,70,,615730,,,1,30,,615712,,,1,70,,615737,,,1,30,,615725,,,1,73,,615699,,,1,28,,615685,,,1,76,,615696,,,1,31,,615738,,,1,67,,615697,,,1,26,,615733,,,1,70,,615707,,,1,34,,615739,,,1,72,,615735,,,1,12,,615722,,,1,14,,615690,,,1,55,,615706,,,1,15,,615724,,,1,27,,615715,,,1,70,,615684,,,1,28,,615720,,,1,70,,615694,,,1,30,,615695,,,1,70,,615702,,,1,28,,615726,,,1,66,,615686,,,1,30,,615704,,,1,70,,615711,,,1
6101,'3',632,,615761,,,1,95,,615771,,,1,100,,615768,,,1,102,,615751,,,1,71,,615779,,,1,30,,615746,,,1,70,,615742,,,1,30,,615770,,,1,70,,615743,,,1,30,,615748,,,1,70,,615769,,,1,30,,615780,,,1,70,,615750,,,1,30,,615747,,,1,70,,615781,,,1,30,,615756,,,1,70,,615764,,,1,30,,615760,,,1,70,,615740,,,1,30,,615749,,,1,70,,615754,,,1,30,,615758,,,1,29,,615778,,,1,70,,615744,,,1,30,,615777,,,1,98,,615755,,,1,100,,615773,,,1,70,,615766,,,1,99,,615772,,,1
6101,'4',649,,615784,,,1,65,,615789,,,1,30,,615809,,,1,70,,503478,,,1,29,,469612,,,1,72,,515401,,,1,30,,615799,,,1,70,,615815,,,1,29,,615810,,,1,71,,615812,,,1,30,,615786,,,1,70,,615797,,,1,30,,615807,,,1,70,,492677,,,1,30,,615811,,,1,70,,615795,,,1,30,,615798,,,1,70,,615804,,,1,30,,615800,,,1,70,,546040,,,1,30,,536251,,,1,70,,615788,,,1,30,,615817,,,1,70,,615814,,,1,99,,505430,,,1,100,,615783,,,1,30,,615793,,,1,68,,615801,,,1,30,,615806,,,1,70,,615787,,,1,30,,432452,,,1,69,,615802,,,1,30,,615790,,,1,70,,615803,,,1
6101,'5',630,,615852,,,1,70,,615833,,,1,25,,615842,,,1,24,,615867,,,1,70,,615856,,,1,32,,615841,,,1,70,,615864,,,1,30,,615821,,,1,70,,615825,,,1,30,,615872,,,1,70,,615874,,,1,28,,615823,,,1,70,,615831,,,1,30,,615871,,,1,70,,615845,,,1,30,,615837,,,1,73,,615850,,,1,28,,615838,,,1,77,,615819,,,1,30,,615869,,,1,63,,615834,,,1,34,,615846,,,1,68,,615857,,,1,30,,615859,,,1,71,,615858,,,1,14,,615855,,,1,14,,615840,,,1,54,,615839,,,1,15,,615836,,,1,29,,615862,,,1,70,,615870,,,1,28,,615835,,,1,70,,615854,,,1,30,,615829,,,1,70,,615865,,,1,28,,615851,,,1,66,,615848,,,1,30,,615861,,,1,70,,615820,,,1
6101,'6',630,,480224,,,1,70,,615909,,,1,25,,615882,,,1,24,,615914,,,1,70,,615892,,,1,34,,615896,,,1,68,,615905,,,1,30,,615906,,,1,70,,615878,,,1,30,,615900,,,1,70,,539278,,,1,28,,615904,,,1,70,,615908,,,1,30,,527702,,,1,70,,615915,,,1,30,,425941,,,1,73,,615887,,,1,28,,615875,,,1,76,,615885,,,1,31,,615916,,,1,67,,615886,,,1,26,,615911,,,1,70,,533889,,,1,34,,498804,,,1,72,,615913,,,1,12,,615903,,,1,14,,615879,,,1,55,,615893,,,1,15,,536198,,,1,27,,399315,,,1,70,,504202,,,1,28,,615901,,,1,70,,615883,,,1,30,,615884,,,1,70,,615890,,,1,28,,471955,,,1,66,,615876,,,1,30,,615891,,,1,70,,615895,,,1
6101,'7',632,,615936,,,1,95,,615945,,,1,100,,615943,,,1,102,,615928,,,1,71,,615950,,,1,30,,615923,,,1,70,,615919,,,1,30,,469410,,,1,70,,615920,,,1,30,,615925,,,1,70,,615944,,,1,30,,516302,,,1,70,,615927,,,1,30,,615924,,,1,70,,615951,,,1,30,,615932,,,1,70,,615939,,,1,30,,615935,,,1,70,,615917,,,1,30,,615926,,,1,70,,615930,,,1,30,,615933,,,1,29,,615949,,,1,70,,615921,,,1,30,,479580,,,1,98,,615931,,,1,100,,615946,,,1,70,,615941,,,1,99,,463616,,,1
6101,'8',630,,399769,,,1,70,,615954,,,1,25,,399774,,,1,26,,615988,,,1,68,,615960,,,1,32,,615961,,,1,70,,615975,,,1,30,,615987,,,1,70,,540368,,,1,30,,615965,,,1,70,,615984,,,1,28,,425494,,,1,70,,615953,,,1,30,,615967,,,1,70,,509319,,,1,30,,615980,,,1,73,,428305,,,1,30,,615985,,,1,75,,615978,,,1,30,,615958,,,1,67,,615971,,,1,98,,457250,,,1,32,,547020,,,1,70,,615959,,,1,13,,615979,,,1,15,,615983,,,1,55,,486996,,,1,42,,615955,,,1,70,,615973,,,1,28,,615964,,,1,70,,615957,,,1,30,,475552,,,1,70,,470250,,,1,28,,449108,,,1,66,,529545,,,1,30,,615972,,,1,70,,615962,,,1
6101,'9',630,,480550,,,1,70,,616024,,,1,25,,615997,,,1,24,,616029,,,1,70,,616007,,,1,34,,616011,,,1,68,,616020,,,1,30,,616021,,,1,70,,615993,,,1,30,,616015,,,1,70,,539502,,,1,28,,616019,,,1,70,,616023,,,1,30,,528229,,,1,70,,616030,,,1,30,,425675,,,1,73,,616002,,,1,28,,615990,,,1,76,,616000,,,1,31,,616031,,,1,67,,616001,,,1,26,,616026,,,1,70,,534361,,,1,34,,499270,,,1,72,,616028,,,1,12,,616018,,,1,14,,615994,,,1,55,,616008,,,1,15,,536793,,,1,27,,399067,,,1,70,,504554,,,1,28,,616016,,,1,70,,615998,,,1,30,,615999,,,1,70,,616005,,,1,28,,472430,,,1,66,,615991,,,1,30,,616006,,,1,70,,616010,,,1
16300,'1',702,,661876,,,1,100,,543364,,,1,30,,496425,,,1,70,,432368,,,1,30,,661884,,,1,70,,661883,,,1,30,,485670,,,1,70,,661878,,,1,30,,661879,,,1,70,,661888,,,1,30,,661882,,,1,70,,661880,,,1,30,,661887,,,1,70,,510509,,,1,30,,661871,,,1,70,,661873,,,1,30,,661886,,,1,70,,661877,,,1,30,,347600,,,1,70,,661872,,,1,30,,661875,,,1,100,,661885,,,1,100,,661874,,,1,100,,661881,,,1,100,,661889,,,1,100,,661870,,,1
16300,'10',732,,473713,,,1,70,,661904,,,1,100,,661901,,,1,30,,661903,,,1,70,,661894,,,1,30,,661895,,,1,70,,661909,,,1,30,,544938,,,1,70,,661892,,,1,30,,661897,,,1,70,,661907,,,1,30,,661891,,,1,70,,661908,,,1,30,,661900,,,1,70,,661905,,,1,30,,661896,,,1,70,,661899,,,1,30,,661898,,,1,70,,661890,,,1,30,,661906,,,1,100,,661893,,,1,100,,661902,,,1
16300,'11',610,,661911,,,1,35,,661928,,,1,70,,661913,,,1,30,,661930,,,1,72,,661922,,,1,28,,661923,,,1,68,,661914,,,1,25,,661920,,,1,70,,661910,,,1,30,,661929,,,1,70,,661932,,,1,30,,661933,,,1,70,,499783,,,1,30,,661926,,,1,70,,661927,,,1,30,,661931,,,1,70,,456629,,,1,29,,661919,,,1,84,,413551,,,1,30,,661934,,,1,70,,463332,,,1,99,,661921,,,1,30,,661918,,,1,70,,430162,,,1,21,,661917,,,1,70,,661916,,,1,30,,661912,,,1,70,,661924,,,1,25,,512481,,,1,100,,661925,,,1,100,,661915,,,1
16300,'12',610,,661937,,,1,35,,452364,,,1,70,,661940,,,1,30,,661956,,,1,72,,661949,,,1,28,,661950,,,1,68,,661941,,,1,25,,528129,,,1,70,,661936,,,1,30,,661955,,,1,70,,661959,,,1,30,,472350,,,1,70,,661948,,,1,30,,661953,,,1,70,,661954,,,1,30,,434286,,,1,70,,661958,,,1,29,,661946,,,1,84,,661947,,,1,30,,661960,,,1,70,,661957,,,1,99,,536670,,,1,30,,661945,,,1,70,,661935,,,1,21,,661944,,,1,70,,661943,,,1,30,,661939,,,1,70,,661951,,,1,25,,661938,,,1,100,,661952,,,1,100,,661942,,,1
16300,'13',610,,661963,,,1,35,,451794,,,1,70,,661966,,,1,30,,661982,,,1,72,,661975,,,1,28,,661976,,,1,68,,661967,,,1,25,,527571,,,1,70,,661962,,,1,30,,661981,,,1,70,,661985,,,1,30,,471881,,,1,70,,661974,,,1,30,,661979,,,1,70,,661980,,,1,30,,505279,,,1,70,,661984,,,1,29,,661972,,,1,84,,661973,,,1,30,,661986,,,1,70,,661983,,,1,99,,536069,,,1,30,,661971,,,1,70,,661961,,,1,21,,661970,,,1,70,,661969,,,1,30,,661965,,,1,70,,661977,,,1,25,,661964,,,1,100,,661978,,,1,100,,661968,,,1
16300,'14',610,,661989,,,1,35,,452209,,,1,70,,661992,,,1,30,,662008,,,1,72,,662001,,,1,28,,662002,,,1,68,,661993,,,1,25,,527983,,,1,70,,661988,,,1,30,,662007,,,1,70,,662011,,,1,30,,472222,,,1,70,,662000,,,1,30,,662005,,,1,70,,662006,,,1,30,,505637,,,1,70,,662010,,,1,29,,661998,,,1,84,,661999,,,1,30,,662012,,,1,70,,662009,,,1,99,,536497,,,1,30,,661997,,,1,70,,661987,,,1,21,,661996,,,1,70,,661995,,,1,30,,661991,,,1,70,,662003,,,1,25,,661990,,,1,100,,662004,,,1,100,,661994,,,1
16300,'15',610,,662015,,,1,35,,452113,,,1,70,,662018,,,1,30,,662033,,,1,72,,662027,,,1,28,,662028,,,1,68,,662019,,,1,25,,527889,,,1,70,,662014,,,1,30,,549103,,,1,70,,662036,,,1,30,,472134,,,1,70,,662026,,,1,30,,662031,,,1,70,,662032,,,1,30,,505557,,,1,70,,662035,,,1,29,,662024,,,1,84,,662025,,,1,30,,662037,,,1,70,,662034,,,1,99,,536393,,,1,30,,662023,,,1,70,,662013,,,1,21,,662022,,,1,70,,662021,,,1,30,,662017,,,1,70,,662029,,,1,25,,662016,,,1,100,,662030,,,1,100,,662020,,,1
16300,'16',610,,492670,,,1,35,,662042,,,1,70,,662058,,,1,30,,662063,,,1,71,,662056,,,1,29,,662061,,,1,68,,662053,,,1,25,,489805,,,1,70,,662043,,,1,30,,662064,,,1,70,,662054,,,1,30,,662048,,,1,70,,662055,,,1,30,,662052,,,1,70,,662046,,,1,30,,662062,,,1,70,,662039,,,1,34,,662044,,,1,79,,662041,,,1,30,,662059,,,1,70,,662057,,,1,30,,662049,,,1,69,,461898,,,1,30,,662038,,,1,70,,662047,,,1,21,,662050,,,1,70,,662060,,,1,30,,662045,,,1,70,,662040,,,1,25,,505409,,,1,100,,452857,,,1,100,,662051,,,1
16300,'17',610,,662067,,,1,35,,452065,,,1,70,,662070,,,1,30,,662086,,,1,72,,662079,,,1,28,,662080,,,1,68,,662071,,,1,25,,527842,,,1,70,,662066,,,1,30,,662085,,,1,70,,662089,,,1,30,,472090,,,1,70,,662078,,,1,30,,662083,,,1,70,,662084,,,1,30,,505517,,,1,70,,662088,,,1,29,,662076,,,1,84,,662077,,,1,30,,662090,,,1,70,,662087,,,1,99,,536341,,,1,30,,662075,,,1,70,,662065,,,1,21,,662074,,,1,70,,662073,,,1,30,,662069,,,1,70,,662081,,,1,25,,662068,,,1,100,,662082,,,1,100,,662072,,,1
16300,'18',610,,662093,,,1,35,,452540,,,1,70,,662096,,,1,30,,662112,,,1,72,,662105,,,1,28,,662106,,,1,68,,662097,,,1,25,,528298,,,1,70,,662092,,,1,30,,662111,,,1,70,,662115,,,1,30,,472498,,,1,70,,662104,,,1,30,,662109,,,1,70,,662110,,,1,30,,505915,,,1,70,,662114,,,1,29,,662102,,,1,84,,662103,,,1,30,,662116,,,1,70,,662113,,,1,99,,536860,,,1,30,,662101,,,1,70,,662091,,,1,21,,662100,,,1,70,,662099,,,1,30,,662095,,,1,70,,662107,,,1,25,,662094,,,1,100,,662108,,,1,100,,662098,,,1
16300,'19',610,,662119,,,1,35,,662133,,,1,70,,540865,,,1,30,,662135,,,1,72,,662130,,,1,28,,525981,,,1,68,,484382,,,1,25,,662127,,,1,70,,662118,,,1,30,,662134,,,1,70,,662139,,,1,30,,662140,,,1,70,,662128,,,1,30,,662131,,,1,70,,662132,,,1,30,,662137,,,1,70,,662138,,,1,29,,662125,,,1,84,,662126,,,1,30,,662141,,,1,70,,662136,,,1,99,,662129,,,1,30,,662124,,,1,70,,662117,,,1,21,,454577,,,1,70,,662123,,,1,30,,662121,,,1,70,,423090,,,1,25,,662120,,,1,100,,508481,,,1,100,,662122,,,1
16300,'2',732,,662154,,,1,70,,662153,,,1,100,,662150,,,1,30,,662152,,,1,70,,662145,,,1,30,,662146,,,1,70,,662157,,,1,30,,662156,,,1,70,,410639,,,1,30,,662148,,,1,70,,542396,,,1,30,,662143,,,1,70,,514434,,,1,30,,540827,,,1,70,,662155,,,1,30,,662147,,,1,70,,350559,,,1,30,,662149,,,1,70,,662142,,,1,30,,515852,,,1,100,,662144,,,1,100,,662151,,,1
16300,'20',610,,662160,,,1,35,,452413,,,1,70,,662163,,,1,30,,662179,,,1,72,,662172,,,1,28,,662173,,,1,68,,662164,,,1,25,,528180,,,1,70,,662159,,,1,30,,662178,,,1,70,,662182,,,1,30,,472395,,,1,70,,662171,,,1,30,,662176,,,1,70,,662177,,,1,30,,505811,,,1,70,,662181,,,1,29,,662169,,,1,84,,662170,,,1,30,,662183,,,1,70,,662180,,,1,99,,536725,,,1,30,,662168,,,1,70,,662158,,,1,21,,662167,,,1,70,,662166,,,1,30,,662162,,,1,70,,662174,,,1,25,,662161,,,1,100,,662175,,,1,100,,662165,,,1
16300,'21',610,,662205,,,1,35,,501639,,,1,70,,662200,,,1,30,,662206,,,1,71,,662198,,,1,29,,662204,,,1,68,,662195,,,1,25,,662186,,,1,70,,502438,,,1,30,,662207,,,1,70,,662196,,,1,30,,662190,,,1,70,,538925,,,1,30,,662194,,,1,70,,662189,,,1,30,,500101,,,1,70,,500071,,,1,34,,662187,,,1,79,,345594,,,1,30,,662201,,,1,70,,662199,,,1,30,,662191,,,1,69,,662197,,,1,30,,662185,,,1,70,,507879,,,1,21,,662192,,,1,70,,662202,,,1,30,,662188,,,1,70,,504698,,,1,25,,662203,,,1,100,,662184,,,1,100,,662193,,,1
16300,'22',610,,662210,,,1,35,,662227,,,1,70,,662213,,,1,30,,662229,,,1,72,,662222,,,1,28,,662223,,,1,68,,662214,,,1,25,,662219,,,1,70,,662209,,,1,30,,662228,,,1,70,,662233,,,1,30,,662234,,,1,70,,662220,,,1,30,,533299,,,1,70,,662226,,,1,30,,662231,,,1,70,,662232,,,1,29,,662217,,,1,84,,662218,,,1,30,,415188,,,1,70,,662230,,,1,99,,662221,,,1,30,,468974,,,1,70,,662208,,,1,21,,662216,,,1,70,,662215,,,1,30,,662212,,,1,70,,662224,,,1,25,,662211,,,1,100,,662225,,,1,100,,534593,,,1
16300,'23',610,,662263,,,1,35,,662241,,,1,70,,662258,,,1,30,,662265,,,1,71,,662256,,,1,29,,662262,,,1,68,,662252,,,1,25,,662239,,,1,70,,662242,,,1,30,,662266,,,1,70,,662253,,,1,30,,662247,,,1,70,,662254,,,1,30,,662251,,,1,70,,662245,,,1,30,,662264,,,1,70,,662237,,,1,34,,662243,,,1,79,,662240,,,1,30,,662259,,,1,70,,662257,,,1,30,,662248,,,1,69,,662255,,,1,30,,662236,,,1,70,,662246,,,1,21,,662249,,,1,70,,662260,,,1,30,,662244,,,1,70,,662238,,,1,25,,662261,,,1,100,,662235,,,1,100,,662250,,,1
16300,'3',732,,662282,,,1,70,,662281,,,1,100,,662278,,,1,30,,662280,,,1,70,,662271,,,1,30,,662272,,,1,70,,662288,,,1,30,,662286,,,1,70,,662269,,,1,30,,662274,,,1,70,,662285,,,1,30,,662268,,,1,70,,662287,,,1,30,,662277,,,1,70,,662283,,,1,30,,662273,,,1,70,,662276,,,1,30,,662275,,,1,70,,662267,,,1,30,,662284,,,1,100,,662270,,,1,100,,662279,,,1
16300,'4',702,,662294,,,1,100,,662307,,,1,30,,662299,,,1,70,,662290,,,1,30,,662303,,,1,70,,662302,,,1,30,,662289,,,1,70,,662296,,,1,30,,662297,,,1,70,,662306,,,1,30,,662301,,,1,70,,662298,,,1,30,,441060,,,1,70,,662300,,,1,30,,504811,,,1,70,,544899,,,1,30,,662305,,,1,70,,662295,,,1,30,,662308,,,1,70,,662292,,,1,30,,662293,,,1,100,,662304,,,1,100,,523875,,,1,100,,532844,,,1,100,,662309,,,1,100,,662291,,,1
16300,'5',637,,662323,,,1,105,,662314,,,1,101,,662320,,,1,97,,662317,,,1,95,,662326,,,1,100,,662324,,,1,100,,662312,,,1,100,,662318,,,1,100,,662311,,,1,113,,662322,,,1,100,,662325,,,1,99,,662313,,,1,97,,662321,,,1,94,,662310,,,1,100,,662316,,,1,100,,662319,,,1,98,,662315,,,1
16300,'6',610,,662347,,,1,35,,662333,,,1,70,,527718,,,1,30,,479214,,,1,71,,662343,,,1,29,,662346,,,1,68,,547557,,,1,25,,662331,,,1,70,,662334,,,1,30,,457660,,,1,70,,475965,,,1,30,,662337,,,1,70,,662341,,,1,30,,662340,,,1,70,,464887,,,1,30,,662348,,,1,70,,662329,,,1,34,,662335,,,1,79,,662332,,,1,30,,468490,,,1,70,,662344,,,1,30,,662338,,,1,69,,662342,,,1,30,,662328,,,1,70,,662336,,,1,21,,662339,,,1,70,,463958,,,1,30,,506691,,,1,70,,662330,,,1,25,,662345,,,1,100,,662327,,,1,100,,501225,,,1
16300,'7',732,,662361,,,1,70,,662360,,,1,100,,662357,,,1,30,,662359,,,1,70,,662352,,,1,30,,662353,,,1,70,,662364,,,1,30,,662363,,,1,70,,410314,,,1,30,,662355,,,1,70,,542535,,,1,30,,662350,,,1,70,,514848,,,1,30,,540968,,,1,70,,662362,,,1,30,,662354,,,1,70,,350416,,,1,30,,662356,,,1,70,,662349,,,1,30,,516290,,,1,100,,662351,,,1,100,,662358,,,1
16300,'8',610,,662367,,,1,35,,452161,,,1,70,,662370,,,1,30,,662386,,,1,72,,662379,,,1,28,,662380,,,1,68,,662371,,,1,25,,527936,,,1,70,,662366,,,1,30,,662385,,,1,70,,662389,,,1,30,,472178,,,1,70,,662378,,,1,30,,662383,,,1,70,,662384,,,1,30,,505597,,,1,70,,662388,,,1,29,,662376,,,1,84,,662377,,,1,30,,662390,,,1,70,,662387,,,1,99,,536445,,,1,30,,662375,,,1,70,,662365,,,1,21,,662374,,,1,70,,662373,,,1,30,,662369,,,1,70,,662381,,,1,25,,662368,,,1,100,,662382,,,1,100,,662372,,,1
16300,'9',610,,662411,,,1,35,,662397,,,1,70,,528245,,,1,30,,479559,,,1,71,,662407,,,1,29,,662410,,,1,68,,547576,,,1,25,,662395,,,1,70,,662398,,,1,30,,458044,,,1,70,,476286,,,1,30,,662401,,,1,70,,662405,,,1,30,,662404,,,1,70,,465105,,,1,30,,662412,,,1,70,,662393,,,1,34,,662399,,,1,79,,662396,,,1,30,,468827,,,1,70,,662408,,,1,30,,662402,,,1,69,,662406,,,1,30,,662392,,,1,70,,662400,,,1,21,,662403,,,1,70,,464697,,,1,30,,506752,,,1,70,,662394,,,1,25,,662409,,,1,100,,662391,,,1,100,,501524,,,1
26301,'11',1629,,463286,,,1,90,,669296,,,1,102,,669295,,,1,89,,669294,,,1
26301,'12',1629,,669298,,,1,90,,519031,,,1,102,,669299,,,1,89,,669297,,,1
26301,'13',1629,,669301,,,1,90,,447019,,,1,102,,669302,,,1,89,,669300,,,1
26301,'14',1629,,669304,,,1,90,,447048,,,1,102,,669305,,,1,89,,669303,,,1
26301,'15',1629,,669307,,,1,90,,447053,,,1,102,,669308,,,1,89,,669306,,,1
26301,'16',1627,,467937,,,1,92,,669310,,,1,102,,669311,,,1,89,,669309,,,1
26301,'17',1629,,669313,,,1,90,,447034,,,1,102,,669314,,,1,89,,669312,,,1
26301,'18',1629,,669316,,,1,90,,447024,,,1,102,,669317,,,1,89,,669315,,,1
26301,'19',1629,,669318,,,1,90,,669320,,,1,102,,669319,,,1,89,,416096,,,1
26301,'20',1629,,669322,,,1,90,,447027,,,1,102,,669323,,,1,89,,669321,,,1
26301,'21',1627,,669326,,,1,92,,669325,,,1,102,,669327,,,1,89,,669324,,,1
26301,'22',1629,,669329,,,1,90,,669331,,,1,102,,669330,,,1,89,,669328,,,1
26301,'23',1627,,669334,,,1,92,,669333,,,1,102,,669335,,,1,89,,669332,,,1
26301,'5',1627,,669338,,,1,94,,669337,,,1,103,,669339,,,1,86,,669336,,,1
26301,'6',1627,,669341,,,1,92,,475368,,,1,102,,669342,,,1,89,,669340,,,1
26301,'8',1629,,669344,,,1,90,,447044,,,1,102,,669345,,,1,89,,669343,,,1
26301,'9',1627,,669347,,,1,92,,475769,,,1,102,,669348,,,1,89,,669346,,,1
26600,'11',539,,669538,,,1,80,,669536,,,1,83,,669535,,,1,100,,669537,,,1
26600,'12',539,,669541,,,1,80,,669540,,,1,83,,669539,,,1,100,,488078,,,1
26600,'13',539,,669544,,,1,80,,669543,,,1,83,,669542,,,1,100,,382264,,,1
26600,'14',539,,669547,,,1,80,,669546,,,1,83,,669545,,,1,100,,382864,,,1
26600,'15',539,,669550,,,1,80,,669549,,,1,83,,669548,,,1,100,,382976,,,1
26600,'16',539,,669553,,,1,80,,669552,,,1,81,,669551,,,1,102,,358803,,,1
26600,'17',539,,669556,,,1,80,,669555,,,1,83,,669554,,,1,100,,382650,,,1
26600,'18',539,,669559,,,1,80,,669558,,,1,83,,669557,,,1,100,,382428,,,1
26600,'19',539,,542893,,,1,80,,425352,,,1,83,,669560,,,1,100,,669561,,,1
26600,'20',539,,669564,,,1,80,,669563,,,1,83,,669562,,,1,100,,382514,,,1
26600,'21',539,,669567,,,1,80,,669566,,,1,81,,669565,,,1,102,,669568,,,1
26600,'22',539,,669571,,,1,80,,669569,,,1,83,,537870,,,1,100,,669570,,,1
26600,'23',539,,669574,,,1,80,,669573,,,1,81,,669572,,,1,102,,669575,,,1
26600,'5',539,,669578,,,1,78,,669577,,,1,41,,669576,,,1,144,,669579,,,1
26600,'6',539,,669582,,,1,80,,669581,,,1,81,,669580,,,1,102,,669583,,,1
26600,'8',539,,669586,,,1,80,,669585,,,1,83,,669584,,,1,100,,382807,,,1
26600,'9',539,,669589,,,1,80,,669588,,,1,81,,669587,,,1,102,,669590,,,1
30101,'15',1510,,670420,,,1
30101,'17',1510,,670421,,,1
30101,'9',1510,,670422,,,1
