27500,'1',549,,67618,14,,,1,66,,204103,14,,,1,30,,204099,14,,,1,65,,204100,14,,,1,33,,204101,14,,,1,85,,204102,14,,,1
27500,'10',549,,204107,14,,,1,66,,204106,14,,,1,30,,204109,14,,,1,65,,204108,14,,,1,33,,204105,14,,,1,85,,204104,14,,,1
27500,'12',549,,120177,14,,,1,66,,204111,14,,,1,30,,54642,14,,,1,65,,204110,14,,,1,33,,204113,14,,,1,85,,204112,14,,,1
27500,'14',549,,204116,14,,,1,66,,204115,14,,,1,30,,204118,14,,,1,65,,204114,14,,,1,33,,204119,14,,,1,85,,204117,14,,,1
27500,'15',549,,204122,14,,,1,66,,204121,14,,,1,30,,204124,14,,,1,65,,204120,14,,,1,33,,204125,14,,,1,85,,204123,14,,,1
27500,'16',549,,204128,14,,,1,66,,204127,14,,,1,30,,204130,14,,,1,65,,204126,14,,,1,33,,204131,14,,,1,85,,204129,14,,,1
27500,'17',549,,67761,14,,,1,66,,204136,14,,,1,30,,204132,14,,,1,65,,204133,14,,,1,33,,204134,14,,,1,85,,204135,14,,,1
27500,'2',549,,67648,14,,,1,66,,204141,14,,,1,30,,204137,14,,,1,65,,204138,14,,,1,33,,204139,14,,,1,85,,204140,14,,,1
27500,'3',549,,204144,14,,,1,66,,204143,14,,,1,30,,204146,14,,,1,65,,204142,14,,,1,33,,204147,14,,,1,85,,204145,14,,,1
27500,'5',549,,204151,14,,,1,66,,204152,14,,,1,30,,204148,14,,,1,65,,204149,14,,,1,33,,49733,14,,,1,85,,204150,14,,,1
27500,'6',549,,67928,14,,,1,66,,204157,14,,,1,30,,204153,14,,,1,65,,204154,14,,,1,33,,204155,14,,,1,85,,204156,14,,,1
27500,'8',549,,67898,14,,,1,66,,204162,14,,,1,30,,204158,14,,,1,65,,204159,14,,,1,33,,204160,14,,,1,85,,204161,14,,,1
67200,'1',831,,83188,4,,,1
67200,'17',831,,83505,4,,,1
67200,'2',831,,83253,4,,,1
67200,'5',831,,205618,4,,,1
67200,'6',831,,83885,4,,,1
67200,'8',831,,83820,4,,,1
67201,'1',1550,,205619,21,,,1
67201,'17',1550,,205620,21,,,1
67201,'2',1550,,205621,21,,,1
67201,'5',1550,,205622,21,,,1
67201,'6',1550,,205623,21,,,1
67201,'8',1550,,205624,21,,,1
68401,'1',822,,205961,4,,,1
68401,'17',822,,205962,4,,,1
68401,'2',822,,205963,4,,,1
68401,'5',822,,205964,4,,,1
68401,'6',822,,205965,4,,,1
68401,'8',822,,205966,4,,,1
