6700,'1',601,,185945,,,1,38,,185934,,,1,69,,185927,,,1,28,,185937,,,1,73,,185926,,,1,31,,6425,,,1,69,,185936,0,9 10,1,29,,185941,0,9 10,1,70,,185947,0,9 10,1,30,,185942,0,9 10,1,70,,185933,0,9 10,1,28,,185949,0,9 10,1,70,,185943,0,9 10,1,31,,185929,0,9 10,1,70,,77950,0,9 10,1,30,,185951,0,9 10,1,70,,185930,0,9 10,1,31,,185940,0,9 10,1,71,,35048,0,9 10,1,31,,185944,0,9 10,1,70,,185932,0,9 10,1,30,,185931,0,9 10,1,75,,185948,0,9 10,1,30,,185950,0,9 10,1,71,,185946,0,9 10,1,30,,12475,0,9 10,1,70,,185925,0,9 10,1,30,,185938,0,9 10,1,68,,185939,0,9 10,1,25,,185928,0,9 10,1,100,,185935,0,9 10,1
6700,'10',716,,185970,0,9 10,1,100,,185965,0,9 10,1,30,,185966,0,9 10,1,70,,33979,0,9 10,1,30,,185954,0,9 10,1,70,,185971,0,9 10,1,30,,185952,0,9 10,1,70,,185960,0,9 10,1,30,,185964,0,9 10,1,70,,185967,0,9 10,1,30,,185963,0,9 10,1,70,,185959,0,9 10,1,30,,185958,0,9 10,1,70,,185968,0,9 10,1,30,,185953,0,9 10,1,70,,58758,0,9 10,1,30,,185969,0,9 10,1,70,,16554,0,9 10,1,30,,25519,0,9 10,1,70,,185957,0,9 10,1,100,,185962,0,9 10,1,100,,185956,0,9 10,1,100,,185955,0,9 10,1,100,,185961,0,9 10,1
6700,'11',601,,185986,,,1,38,,185980,,,1,71,,185976,,,1,9,,185982,0,9 10,1,17,,54152,,,1,73,,185984,,,1,30,,185997,,,1,70,,185996,0,9 10,1,29,,185972,0,9 10,1,70,,185977,0,9 10,1,30,,185995,0,9 10,1,70,,185981,0,9 10,1,28,,185978,0,9 10,1,70,,185990,0,9 10,1,31,,185988,0,9 10,1,70,,185989,0,9 10,1,30,,185979,0,9 10,1,70,,94070,0,9 10,1,31,,185975,0,9 10,1,71,,185992,0,9 10,1,31,,185993,0,9 10,1,72,,185994,0,9 10,1,30,,185987,0,9 10,1,73,,18453,0,9 10,1,30,,185998,0,9 10,1,71,,185983,0,9 10,1,30,,121606,0,9 10,1,70,,185985,0,9 10,1,30,,185974,0,9 10,1,68,,185973,0,9 10,1,25,,30402,0,9 10,1,100,,185991,0,9 10,1
6700,'12',601,,69403,,,1,38,,186003,,,1,71,,14381,,,1,9,,186007,0,9 10,1,17,,186004,,,1,73,,186010,,,1,30,,186019,,,1,70,,186018,0,9 10,1,29,,114861,0,9 10,1,70,,104682,0,9 10,1,30,,83176,0,9 10,1,70,,186006,0,9 10,1,28,,186001,0,9 10,1,70,,186014,0,9 10,1,31,,186012,0,9 10,1,70,,23023,0,9 10,1,30,,186002,0,9 10,1,70,,186017,0,9 10,1,31,,186000,0,9 10,1,71,,186015,0,9 10,1,31,,84480,0,9 10,1,72,,186016,0,9 10,1,30,,186011,0,9 10,1,73,,186013,0,9 10,1,30,,70516,0,9 10,1,71,,186009,0,9 10,1,30,,186005,0,9 10,1,70,,17258,0,9 10,1,30,,20078,0,9 10,1,68,,185999,0,9 10,1,25,,186008,0,9 10,1,100,,106790,0,9 10,1
6700,'13',716,,186038,0,9 10,1,100,,186034,0,9 10,1,30,,186035,0,9 10,1,70,,186022,0,9 10,1,30,,98355,0,9 10,1,70,,186039,0,9 10,1,30,,186021,0,9 10,1,70,,186031,0,9 10,1,30,,186033,0,9 10,1,70,,186036,0,9 10,1,30,,186032,0,9 10,1,70,,186030,0,9 10,1,30,,186029,0,9 10,1,70,,186037,0,9 10,1,30,,186023,0,9 10,1,70,,186026,0,9 10,1,30,,49286,0,9 10,1,70,,186020,0,9 10,1,30,,186027,0,9 10,1,70,,186028,0,9 10,1,100,,35633,0,9 10,1,100,,186025,0,9 10,1,100,,186024,0,9 10,1,100,,60163,0,9 10,1
6700,'14',601,,186054,,,1,38,,186048,,,1,71,,186044,,,1,9,,186050,0,9 10,1,17,,54514,,,1,73,,186052,,,1,30,,186065,,,1,70,,186064,0,9 10,1,29,,186040,0,9 10,1,70,,186045,0,9 10,1,30,,186063,0,9 10,1,70,,186049,0,9 10,1,28,,186046,0,9 10,1,70,,186058,0,9 10,1,31,,186056,0,9 10,1,70,,186057,0,9 10,1,30,,186047,0,9 10,1,70,,94696,0,9 10,1,31,,186043,0,9 10,1,71,,186060,0,9 10,1,31,,186061,0,9 10,1,72,,186062,0,9 10,1,30,,186055,0,9 10,1,73,,18900,0,9 10,1,30,,186066,0,9 10,1,71,,186051,0,9 10,1,30,,121636,0,9 10,1,70,,186053,0,9 10,1,30,,186042,0,9 10,1,68,,186041,0,9 10,1,25,,30737,0,9 10,1,100,,186059,0,9 10,1
6700,'15',743,,186077,0,9 10,1,100,,186083,0,9 10,1,100,,186069,0,9 10,1,70,,186072,0,9 10,1,30,,186080,0,9 10,1,70,,186086,0,9 10,1,30,,186079,0,9 10,1,70,,186074,0,9 10,1,30,,186076,0,9 10,1,70,,186073,0,9 10,1,30,,186067,0,9 10,1,70,,186085,0,9 10,1,30,,186084,0,9 10,1,70,,186071,0,9 10,1,30,,186070,0,9 10,1,70,,186078,0,9 10,1,30,,186075,0,9 10,1,70,,186082,0,9 10,1,100,,186068,0,9 10,1,100,,186081,0,9 10,1
6700,'16',743,,186096,0,9 10,1,100,,186102,0,9 10,1,100,,186089,0,9 10,1,70,,186092,0,9 10,1,30,,186099,0,9 10,1,70,,186105,0,9 10,1,30,,186098,0,9 10,1,70,,186094,0,9 10,1,30,,186095,0,9 10,1,70,,186093,0,9 10,1,30,,186087,0,9 10,1,70,,186104,0,9 10,1,30,,186103,0,9 10,1,70,,186091,0,9 10,1,30,,186090,0,9 10,1,70,,186097,0,9 10,1,30,,72456,0,9 10,1,70,,186101,0,9 10,1,100,,186088,0,9 10,1,100,,186100,0,9 10,1
6700,'17',601,,186122,,,1,38,,186112,,,1,69,,186108,,,1,28,,85088,,,1,73,,186107,,,1,31,,186114,,,1,69,,186113,0,9 10,1,29,,186118,0,9 10,1,70,,186124,0,9 10,1,30,,186119,0,9 10,1,70,,105116,0,9 10,1,28,,186126,0,9 10,1,70,,186120,0,9 10,1,31,,186109,0,9 10,1,70,,186117,0,9 10,1,30,,186128,0,9 10,1,70,,72902,0,9 10,1,31,,43022,0,9 10,1,71,,186115,0,9 10,1,31,,186121,0,9 10,1,70,,186110,0,9 10,1,30,,109683,0,9 10,1,75,,186125,0,9 10,1,30,,186127,0,9 10,1,71,,186123,0,9 10,1,30,,186111,0,9 10,1,70,,186106,0,9 10,1,30,,90973,0,9 10,1,68,,186116,0,9 10,1,25,,40263,0,9 10,1,100,,119225,0,9 10,1
6700,'18',716,,120058,0,9 10,1,100,,186141,0,9 10,1,30,,186142,0,9 10,1,70,,186130,0,9 10,1,30,,186131,0,9 10,1,70,,12974,0,9 10,1,30,,27428,0,9 10,1,70,,5816,0,9 10,1,30,,186140,0,9 10,1,70,,80484,0,9 10,1,30,,186139,0,9 10,1,70,,186136,0,9 10,1,30,,109995,0,9 10,1,70,,186143,0,9 10,1,30,,24745,0,9 10,1,70,,186134,0,9 10,1,30,,186144,0,9 10,1,70,,186129,0,9 10,1,30,,186135,0,9 10,1,70,,31290,0,9 10,1,100,,186138,0,9 10,1,100,,186133,0,9 10,1,100,,186132,0,9 10,1,100,,186137,0,9 10,1
6700,'19',601,,186161,,,1,38,,186151,,,1,69,,186147,,,1,28,,84688,,,1,73,,186146,,,1,31,,186153,,,1,69,,186152,0,9 10,1,29,,186157,0,9 10,1,70,,186163,0,9 10,1,30,,186158,0,9 10,1,70,,104860,0,9 10,1,28,,186165,0,9 10,1,70,,186159,0,9 10,1,31,,186148,0,9 10,1,70,,186156,0,9 10,1,30,,186167,0,9 10,1,70,,72156,0,9 10,1,31,,42352,0,9 10,1,71,,186154,0,9 10,1,31,,186160,0,9 10,1,70,,186149,0,9 10,1,30,,109435,0,9 10,1,75,,186164,0,9 10,1,30,,186166,0,9 10,1,71,,186162,0,9 10,1,30,,186150,0,9 10,1,70,,186145,0,9 10,1,30,,90475,0,9 10,1,68,,186155,0,9 10,1,25,,39287,0,9 10,1,100,,118859,0,9 10,1
6700,'2',601,,186182,,,1,38,,186176,,,1,71,,186172,,,1,9,,186178,0,9 10,1,17,,54330,,,1,73,,186180,,,1,30,,186193,,,1,70,,186192,0,9 10,1,29,,186168,0,9 10,1,70,,186173,0,9 10,1,30,,186191,0,9 10,1,70,,186177,0,9 10,1,28,,186174,0,9 10,1,70,,186186,0,9 10,1,31,,186184,0,9 10,1,70,,186185,0,9 10,1,30,,186175,0,9 10,1,70,,94360,0,9 10,1,31,,186171,0,9 10,1,71,,186188,0,9 10,1,31,,186189,0,9 10,1,72,,186190,0,9 10,1,30,,186183,0,9 10,1,73,,18672,0,9 10,1,30,,186194,0,9 10,1,71,,186179,0,9 10,1,30,,121612,0,9 10,1,70,,186181,0,9 10,1,30,,186170,0,9 10,1,68,,186169,0,9 10,1,25,,30557,0,9 10,1,100,,186187,0,9 10,1
6700,'20',743,,186204,0,9 10,1,100,,186210,0,9 10,1,100,,186197,0,9 10,1,70,,186200,0,9 10,1,30,,186207,0,9 10,1,70,,186213,0,9 10,1,30,,186206,0,9 10,1,70,,186202,0,9 10,1,30,,186203,0,9 10,1,70,,186201,0,9 10,1,30,,186195,0,9 10,1,70,,186212,0,9 10,1,30,,186211,0,9 10,1,70,,186199,0,9 10,1,30,,186198,0,9 10,1,70,,186205,0,9 10,1,30,,72086,0,9 10,1,70,,186209,0,9 10,1,100,,186196,0,9 10,1,100,,186208,0,9 10,1
6700,'21',601,,186230,,,1,38,,186220,,,1,69,,186216,,,1,28,,85053,,,1,73,,186215,,,1,31,,186222,,,1,69,,186221,0,9 10,1,29,,186226,0,9 10,1,70,,186232,0,9 10,1,30,,186227,0,9 10,1,70,,105084,0,9 10,1,28,,186234,0,9 10,1,70,,186228,0,9 10,1,31,,186217,0,9 10,1,70,,186225,0,9 10,1,30,,186236,0,9 10,1,70,,72829,0,9 10,1,31,,42956,0,9 10,1,71,,186223,0,9 10,1,31,,186229,0,9 10,1,70,,186218,0,9 10,1,30,,109663,0,9 10,1,75,,186233,0,9 10,1,30,,186235,0,9 10,1,71,,186231,0,9 10,1,30,,186219,0,9 10,1,70,,186214,0,9 10,1,30,,90920,0,9 10,1,68,,186224,0,9 10,1,25,,40180,0,9 10,1,100,,119186,0,9 10,1
6700,'22',716,,186255,0,9 10,1,100,,186250,0,9 10,1,30,,186251,0,9 10,1,70,,33953,0,9 10,1,30,,186239,0,9 10,1,70,,186256,0,9 10,1,30,,186237,0,9 10,1,70,,186245,0,9 10,1,30,,186249,0,9 10,1,70,,186252,0,9 10,1,30,,186248,0,9 10,1,70,,186244,0,9 10,1,30,,186243,0,9 10,1,70,,186253,0,9 10,1,30,,186238,0,9 10,1,70,,58725,0,9 10,1,30,,186254,0,9 10,1,70,,16487,0,9 10,1,30,,25488,0,9 10,1,70,,186242,0,9 10,1,100,,186247,0,9 10,1,100,,186241,0,9 10,1,100,,186240,0,9 10,1,100,,186246,0,9 10,1
6700,'3',743,,186264,0,9 10,1,100,,186268,0,9 10,1,100,,186258,0,9 10,1,70,,186260,0,9 10,1,30,,186266,0,9 10,1,70,,186271,0,9 10,1,30,,118766,0,9 10,1,70,,186261,0,9 10,1,30,,186263,0,9 10,1,70,,3701,0,9 10,1,30,,186257,0,9 10,1,70,,186270,0,9 10,1,30,,186269,0,9 10,1,70,,50405,0,9 10,1,30,,186259,0,9 10,1,70,,186265,0,9 10,1,30,,186262,0,9 10,1,70,,61050,0,9 10,1,100,,86149,0,9 10,1,100,,186267,0,9 10,1
6700,'4',601,,186286,,,1,38,,186280,,,1,71,,186276,,,1,9,,186282,0,9 10,1,17,,54422,,,1,73,,186284,,,1,30,,186297,,,1,70,,186296,0,9 10,1,29,,186272,0,9 10,1,70,,186277,0,9 10,1,30,,186295,0,9 10,1,70,,186281,0,9 10,1,28,,186278,0,9 10,1,70,,186290,0,9 10,1,31,,186288,0,9 10,1,70,,186289,0,9 10,1,30,,186279,0,9 10,1,70,,94528,0,9 10,1,31,,186275,0,9 10,1,71,,186292,0,9 10,1,31,,186293,0,9 10,1,72,,186294,0,9 10,1,30,,186287,0,9 10,1,73,,18786,0,9 10,1,30,,186298,0,9 10,1,71,,186283,0,9 10,1,30,,121624,0,9 10,1,70,,186285,0,9 10,1,30,,186274,0,9 10,1,68,,186273,0,9 10,1,25,,30647,0,9 10,1,100,,186291,0,9 10,1
6700,'5',601,,186313,,,1,38,,186307,,,1,71,,186303,,,1,9,,186309,0,9 10,1,17,,54468,,,1,73,,186311,,,1,30,,186324,,,1,70,,186323,0,9 10,1,29,,186299,0,9 10,1,70,,186304,0,9 10,1,30,,186322,0,9 10,1,70,,186308,0,9 10,1,28,,186305,0,9 10,1,70,,186317,0,9 10,1,31,,186315,0,9 10,1,70,,186316,0,9 10,1,30,,186306,0,9 10,1,70,,94612,0,9 10,1,31,,186302,0,9 10,1,71,,186319,0,9 10,1,31,,186320,0,9 10,1,72,,186321,0,9 10,1,30,,186314,0,9 10,1,73,,18843,0,9 10,1,30,,186325,0,9 10,1,71,,186310,0,9 10,1,30,,121630,0,9 10,1,70,,186312,0,9 10,1,30,,186301,0,9 10,1,68,,186300,0,9 10,1,25,,30692,0,9 10,1,100,,186318,0,9 10,1
6700,'6',601,,186340,,,1,38,,186334,,,1,71,,186330,,,1,9,,186336,0,9 10,1,17,,53866,,,1,73,,186338,,,1,30,,186351,,,1,70,,186350,0,9 10,1,29,,186326,0,9 10,1,70,,186331,0,9 10,1,30,,186349,0,9 10,1,70,,186335,0,9 10,1,28,,186332,0,9 10,1,70,,186344,0,9 10,1,31,,186342,0,9 10,1,70,,186343,0,9 10,1,30,,186333,0,9 10,1,70,,93560,0,9 10,1,31,,186329,0,9 10,1,71,,186346,0,9 10,1,31,,186347,0,9 10,1,72,,186348,0,9 10,1,30,,186341,0,9 10,1,73,,18093,0,9 10,1,30,,186352,0,9 10,1,71,,186337,0,9 10,1,30,,121578,0,9 10,1,70,,186339,0,9 10,1,30,,186328,0,9 10,1,68,,186327,0,9 10,1,25,,30134,0,9 10,1,100,,186345,0,9 10,1
6700,'7',601,,186362,,,1,37,,186353,,,1,69,,186374,,,1,29,,186381,,,1,73,,186359,,,1,32,,186382,,,1,68,,186369,0,9 10,1,29,,186379,0,9 10,1,70,,186377,0,9 10,1,30,,186364,0,9 10,1,70,,186371,0,9 10,1,28,,186370,0,9 10,1,70,,186363,0,9 10,1,31,,186360,0,9 10,1,70,,186373,0,9 10,1,30,,186376,0,9 10,1,70,,186358,0,9 10,1,31,,186365,0,9 10,1,71,,186378,0,9 10,1,31,,186375,0,9 10,1,72,,186355,0,9 10,1,30,,186367,0,9 10,1,73,,186354,0,9 10,1,30,,186383,0,9 10,1,71,,186372,0,9 10,1,30,,186357,0,9 10,1,70,,186366,0,9 10,1,30,,186380,0,9 10,1,68,,186368,0,9 10,1,25,,186361,0,9 10,1,100,,186356,0,9 10,1
6700,'8',743,,186393,0,9 10,1,100,,186399,0,9 10,1,100,,186386,0,9 10,1,70,,186389,0,9 10,1,30,,186396,0,9 10,1,70,,186402,0,9 10,1,30,,186395,0,9 10,1,70,,186391,0,9 10,1,30,,186392,0,9 10,1,70,,186390,0,9 10,1,30,,186384,0,9 10,1,70,,186401,0,9 10,1,30,,186400,0,9 10,1,70,,186388,0,9 10,1,30,,186387,0,9 10,1,70,,186394,0,9 10,1,30,,72312,0,9 10,1,70,,186398,0,9 10,1,100,,186385,0,9 10,1,100,,186397,0,9 10,1
6700,'9',601,,186426,,,1,38,,186413,,,1,69,,186405,,,1,28,,186416,,,1,73,,186404,,,1,31,,186417,,,1,69,,186415,0,9 10,1,29,,186422,0,9 10,1,70,,186428,0,9 10,1,30,,186423,0,9 10,1,70,,186412,0,9 10,1,28,,186430,0,9 10,1,70,,186424,0,9 10,1,31,,186407,0,9 10,1,70,,186420,0,9 10,1,30,,186432,0,9 10,1,70,,186408,0,9 10,1,31,,186421,0,9 10,1,71,,186418,0,9 10,1,31,,186425,0,9 10,1,70,,186410,0,9 10,1,30,,186409,0,9 10,1,75,,186429,0,9 10,1,30,,186431,0,9 10,1,71,,186427,0,9 10,1,30,,186411,0,9 10,1,70,,186403,0,9 10,1,30,,186419,0,9 10,1,68,,101600,0,9 10,1,25,,186406,0,9 10,1,100,,186414,0,9 10,1
