5600,'1',604,,160981,11,,,1,27,,160999,11,,,1,77,,161005,11,,,1,34,,106041,11,,,1,72,,87180,11,,,1,30,,161007,11,,,1,95,,160991,11,,,1,70,,161011,11,,,1,443,,160998,11,,,1,73,,101210,11,,,1,17,,160996,11,,,1,16,,160986,11,,,1,51,,160997,11,,,1,14,,160982,11,,,1,16,,160995,11,,,1,14,,160989,11,,,1,70,,160984,11,,,1,20,,160994,11,,,1,100,,8612,11,,,1
5600,'10',604,,54978,11,,,1,27,,161012,11,,,1,77,,161026,11,,,1,34,,161022,11,,,1,71,,161028,11,,,1,31,,106164,11,,,1,70,,59852,11,,,1,25,,161047,11,,,1,70,,161043,11,,,1,430,,36467,11,,,1,13,,161018,11,,,1,71,,161046,11,,,1,19,,161048,11,,,1,16,,161042,11,,,1,51,,161034,11,,,1,13,,43111,11,,,1,18,,38166,11,,,1,13,,161032,11,,,1,70,,10239,11,,,1,20,,161021,11,,,1,70,,161031,11,,,1,30,,161041,11,,,1
5600,'11',721,,161049,11,,,1,100,,161062,11,,,1,101,,161059,11,,,1,101,,161055,11,,,1,100,,161063,11,,,1,100,,161064,11,,,1,100,,161070,11,,,1,100,,161054,11,,,1,101,,161056,11,,,1,100,,99656,11,,,1,99,,89272,11,,,1,100,,161057,11,,,1,99,,161066,11,,,1,100,,161058,11,,,1,100,,161052,11,,,1,84,,51438,11,,,1
5600,'12',604,,161107,11,,,1,27,,161114,11,,,1,77,,161075,11,,,1,34,,161093,11,,,1,72,,161090,11,,,1,30,,161116,11,,,1,70,,161097,11,,,1,25,,161113,11,,,1,70,,161079,11,,,1,430,,161092,11,,,1,15,,103251,11,,,1,73,,161109,11,,,1,15,,161094,11,,,1,15,,161083,11,,,1,51,,161076,11,,,1,13,,161101,11,,,1,17,,161111,11,,,1,15,,161096,11,,,1,70,,161074,11,,,1,21,,161104,11,,,1,69,,161095,11,,,1,30,,161084,11,,,1
5600,'13',721,,161118,11,,,1,100,,161135,11,,,1,101,,161133,11,,,1,101,,161125,11,,,1,100,,93020,11,,,1,100,,161136,11,,,1,100,,90680,11,,,1,100,,161124,11,,,1,101,,161127,11,,,1,100,,161129,11,,,1,99,,161126,11,,,1,100,,161130,11,,,1,99,,39369,11,,,1,100,,117447,11,,,1,100,,161121,11,,,1,84,,161132,11,,,1
5600,'14',604,,161167,11,,,1,27,,81962,11,,,1,77,,161144,11,,,1,34,,14618,11,,,1,72,,161154,11,,,1,30,,161176,11,,,1,70,,161158,11,,,1,25,,161174,11,,,1,70,,161146,11,,,1,430,,161156,11,,,1,15,,161153,11,,,1,73,,161169,11,,,1,15,,53224,11,,,1,15,,161149,11,,,1,51,,78849,11,,,1,13,,161162,11,,,1,17,,161172,11,,,1,15,,55898,11,,,1,70,,161143,11,,,1,21,,161164,11,,,1,69,,161157,11,,,1,30,,95333,11,,,1
5600,'15',604,,161204,11,,,1,27,,82165,11,,,1,77,,161181,11,,,1,34,,15058,11,,,1,72,,161191,11,,,1,30,,161213,11,,,1,70,,161195,11,,,1,25,,161211,11,,,1,70,,161183,11,,,1,430,,161193,11,,,1,15,,161190,11,,,1,73,,161206,11,,,1,15,,53329,11,,,1,15,,161186,11,,,1,51,,79199,11,,,1,13,,161199,11,,,1,17,,161209,11,,,1,15,,56175,11,,,1,70,,161180,11,,,1,21,,161201,11,,,1,69,,161194,11,,,1,30,,95536,11,,,1
5600,'16',604,,161248,11,,,1,27,,161256,11,,,1,77,,161218,11,,,1,34,,161235,11,,,1,72,,161232,11,,,1,30,,161258,11,,,1,70,,161239,11,,,1,25,,161254,11,,,1,70,,161222,11,,,1,430,,161234,11,,,1,15,,161231,11,,,1,73,,161250,11,,,1,15,,161236,11,,,1,15,,161225,11,,,1,51,,161219,11,,,1,13,,161242,11,,,1,17,,161253,11,,,1,15,,161238,11,,,1,70,,161217,11,,,1,21,,161245,11,,,1,69,,161237,11,,,1,30,,161226,11,,,1
5600,'17',604,,161264,11,,,1,27,,161282,11,,,1,77,,161288,11,,,1,34,,106143,11,,,1,72,,87412,11,,,1,30,,161290,11,,,1,95,,161274,11,,,1,70,,161294,11,,,1,443,,161281,11,,,1,73,,101332,11,,,1,17,,161279,11,,,1,16,,161269,11,,,1,51,,161280,11,,,1,14,,161265,11,,,1,16,,161278,11,,,1,14,,161272,11,,,1,70,,161267,11,,,1,20,,161277,11,,,1,100,,8783,11,,,1
5600,'2',604,,161298,11,,,1,27,,161316,11,,,1,77,,161322,11,,,1,34,,106061,11,,,1,72,,87232,11,,,1,30,,161324,11,,,1,95,,161308,11,,,1,70,,161328,11,,,1,443,,161315,11,,,1,73,,101238,11,,,1,17,,161313,11,,,1,16,,161303,11,,,1,51,,161314,11,,,1,14,,161299,11,,,1,16,,161312,11,,,1,14,,161306,11,,,1,70,,161301,11,,,1,20,,161311,11,,,1,100,,8647,11,,,1
5600,'3',604,,161354,11,,,1,27,,82094,11,,,1,77,,161331,11,,,1,34,,14904,11,,,1,72,,161341,11,,,1,30,,161363,11,,,1,70,,161345,11,,,1,25,,161361,11,,,1,70,,161333,11,,,1,430,,161343,11,,,1,15,,161340,11,,,1,73,,161356,11,,,1,15,,53291,11,,,1,15,,161336,11,,,1,51,,79068,11,,,1,13,,161349,11,,,1,17,,161359,11,,,1,15,,56077,11,,,1,70,,161330,11,,,1,21,,161351,11,,,1,69,,161344,11,,,1,30,,95467,11,,,1
5600,'4',709,,161372,11,,,1,100,,161392,11,,,1,101,,161390,11,,,1,101,,161366,11,,,1,100,,161386,11,,,1,100,,101549,11,,,1,100,,161375,11,,,1,100,,161373,11,,,1,101,,38679,11,,,1,100,,161391,11,,,1,100,,161387,11,,,1,99,,161371,11,,,1,99,,161367,11,,,1,100,,161368,11,,,1,100,,161374,11,,,1,99,,22093,11,,,1
5600,'5',604,,161395,11,,,1,27,,161418,11,,,1,77,,161427,11,,,1,34,,161402,11,,,1,72,,161404,11,,,1,30,,55449,11,,,1,95,,161407,11,,,1,70,,161435,11,,,1,443,,161417,11,,,1,73,,161430,11,,,1,17,,161414,11,,,1,16,,161401,11,,,1,51,,161415,11,,,1,14,,161396,11,,,1,16,,161413,11,,,1,14,,161405,11,,,1,70,,161399,11,,,1,20,,161411,11,,,1,100,,161428,11,,,1
5600,'6',604,,161439,11,,,1,27,,161457,11,,,1,77,,161463,11,,,1,34,,106261,11,,,1,72,,87692,11,,,1,30,,161465,11,,,1,95,,161449,11,,,1,70,,161469,11,,,1,443,,161456,11,,,1,73,,101490,11,,,1,17,,161454,11,,,1,16,,161444,11,,,1,51,,161455,11,,,1,14,,161440,11,,,1,16,,161453,11,,,1,14,,161447,11,,,1,70,,161442,11,,,1,20,,161452,11,,,1,100,,8981,11,,,1
5600,'7',709,,114608,11,,,1,100,,161496,11,,,1,101,,161494,11,,,1,101,,161470,11,,,1,100,,161490,11,,,1,100,,161492,11,,,1,100,,161478,11,,,1,100,,161476,11,,,1,101,,161477,11,,,1,100,,161495,11,,,1,100,,51935,11,,,1,99,,30346,11,,,1,99,,161471,11,,,1,100,,161473,11,,,1,100,,64319,11,,,1,99,,161488,11,,,1
5600,'8',604,,161500,11,,,1,27,,161518,11,,,1,77,,161524,11,,,1,34,,106241,11,,,1,72,,87640,11,,,1,30,,161526,11,,,1,95,,161510,11,,,1,70,,161530,11,,,1,443,,161517,11,,,1,73,,101462,11,,,1,17,,161515,11,,,1,16,,161505,11,,,1,51,,161516,11,,,1,14,,161501,11,,,1,16,,161514,11,,,1,14,,161508,11,,,1,70,,161503,11,,,1,20,,161513,11,,,1,100,,8946,11,,,1
5600,'9',721,,2820,11,,,1,100,,161549,11,,,1,101,,81361,11,,,1,101,,161538,11,,,1,100,,161550,11,,,1,100,,161551,11,,,1,100,,161559,11,,,1,100,,161537,11,,,1,101,,161540,11,,,1,100,,161542,11,,,1,99,,161539,11,,,1,100,,161543,11,,,1,99,,161553,11,,,1,100,,161545,11,,,1,100,,161534,11,,,1,84,,161546,11,,,1
8500,'1',441,,179824,41,,,1,76,,179857,41,,,1,30,,120306,41,,,1,58,,179854,41,,,1,15,,179839,41,,,1,17,,179851,41,,,1,16,,179861,41,,,1,55,,179809,41,,,1,16,,179834,41,,,1,33,,179821,41,,,1,57,,179855,41,,,1,16,,179858,41,,,1,15,,179838,41,,,1,57,,179828,41,,,1,10,,179835,41,,,1,15,,179832,41,,,1,15,,179842,41,,,1,15,,116823,41,,,1,55,,179811,41,,,1,15,,179845,41,,,1,15,,179808,41,,,1,15,,179817,41,,,1,55,,179844,41,,,1,15,,78364,41,,,1,15,,179862,41,,,1,15,,179829,41,,,1,55,,179841,41,,,1,15,,179843,41,,,1,15,,179819,41,,,1,15,,179847,41,,,1,55,,179831,41,,,1,15,,90449,41,,,1,15,,179818,41,,,1,15,,179812,41,,,1,55,,179860,41,,,1,18,,25895,41,,,1,15,,179822,41,,,1,14,,179837,41,,,1,59,,179833,14,0,51,1,13,,179836,41,,,1,16,,179848,41,,,1,56,,67082,41,,,1,13,,179840,41,,,1,18,,179856,41,,,1,12,,179830,41,,,1,55,,179849,41,,,1,15,,179820,41,,,1,16,,179827,41,,,1,14,,179816,41,,,1,67,,179850,41,,,1,15,,179813,41,,,1,13,,87191,41,,,1,14,,19417,41,,,1,72,,179815,41,,,1,29,,179853,41,,,1,70,,26998,41,,,1,30,,179846,41,,,1,69,,179810,41,,,1,29,,179825,41,,,1,69,,179859,41,,,1,27,,104418,41,,,1,70,,179826,41,,,1,29,,179823,41,,,1,70,,179814,41,,,1,39,,179852,41,,,1
8500,'10',441,,179910,41,,,1,76,,179866,41,,,1,30,,179865,41,,,1,58,,179888,41,,,1,15,,179903,41,,,1,17,,179889,41,,,1,16,,487,41,,,1,55,,179913,41,,,1,16,,114311,41,,,1,12,,179876,41,,,1,21,,1483,41,,,1,58,,179864,41,,,1,15,,57497,41,,,1,15,,179872,41,,,1,57,,179886,41,,,1,10,,179870,41,,,1,15,,84780,41,,,1,15,,179885,41,,,1,15,,179911,41,,,1,55,,179875,41,,,1,15,,179906,41,,,1,15,,179887,41,,,1,15,,47916,41,,,1,55,,179863,41,,,1,15,,2655,41,,,1,15,,179892,41,,,1,15,,179897,41,,,1,55,,68643,41,,,1,15,,179878,41,,,1,15,,179873,41,,,1,15,,114322,41,,,1,55,,179915,41,,,1,15,,179898,41,,,1,15,,179916,41,,,1,15,,179874,41,,,1,55,,179877,41,,,1,18,,179891,41,,,1,15,,179869,41,,,1,55,,179895,41,,,1,16,,179901,41,,,1,15,,179908,41,,,1,17,,179881,41,,,1,55,,179912,41,,,1,13,,179868,41,,,1,18,,78722,41,,,1,12,,179880,41,,,1,55,,179904,41,,,1,15,,179902,41,,,1,16,,179894,41,,,1,14,,179896,41,,,1,55,,179905,41,,,1,12,,179879,41,,,1,15,,179900,41,,,1,13,,179890,41,,,1,14,,179883,41,,,1,72,,179914,41,,,1,29,,94623,41,,,1,70,,179909,41,,,1,30,,179907,41,,,1,69,,179884,41,,,1,29,,179882,41,,,1,69,,179871,41,,,1,27,,179867,41,,,1,70,,19543,41,,,1,29,,179899,41,,,1,70,,53201,41,,,1,39,,179893,41,,,1
8500,'11',540,,179944,41,,,1,72,,179936,41,,,1,30,,112870,41,,,1,70,,179921,41,,,1,32,,92077,41,,,1,70,,16741,41,,,1,31,,118297,41,,,1,70,,179935,41,,,1,21,,179926,41,,,1,20,,179925,41,,,1,60,,179941,41,,,1,22,,8073,41,,,1,20,,179922,41,,,1,60,,179920,41,,,1,21,,179933,41,,,1,20,,179934,41,,,1,60,,179938,41,,,1,20,,5196,41,,,1,20,,179924,41,,,1,60,,179940,41,,,1,20,,179928,41,,,1,15,,118143,41,,,1,55,,179917,41,,,1,15,,65358,41,,,1,15,,179927,41,,,1,15,,9385,41,,,1,55,,179942,41,,,1,15,,52229,41,,,1,15,,179931,41,,,1,15,,41917,41,,,1,55,,179943,41,,,1,15,,20177,41,,,1,15,,48872,41,,,1,15,,179930,41,,,1,58,,179947,41,,,1,18,,179945,41,,,1,29,,179932,41,,,1,69,,179923,41,,,1,29,,39495,41,,,1,70,,179939,41,,,1,27,,179937,41,,,1,70,,179919,41,,,1,30,,26167,41,,,1,70,,90809,41,,,1,30,,6370,41,,,1,70,,79662,41,,,1,30,,179929,41,,,1,68,,179946,41,,,1,79,,179918,41,,,1
8500,'12',441,,2143,41,,,1,76,,179965,41,,,1,30,,179988,41,,,1,58,,179961,41,,,1,15,,179971,41,,,1,17,,179992,41,,,1,15,,179991,41,,,1,56,,179960,41,,,1,16,,179984,41,,,1,17,,179970,41,,,1,16,,45338,41,,,1,57,,1067,41,,,1,16,,74091,41,,,1,15,,179989,41,,,1,55,,68181,41,,,1,12,,179966,41,,,1,15,,44817,41,,,1,15,,179985,41,,,1,15,,179997,41,,,1,55,,179950,41,,,1,15,,62799,41,,,1,15,,179955,41,,,1,15,,179953,41,,,1,55,,179980,41,,,1,15,,179977,41,,,1,15,,179954,41,,,1,15,,179964,41,,,1,55,,179951,41,,,1,15,,179959,41,,,1,15,,33148,41,,,1,15,,96959,41,,,1,55,,179952,41,,,1,15,,57198,41,,,1,15,,179976,41,,,1,15,,179993,41,,,1,55,,179994,41,,,1,18,,179967,41,,,1,15,,93816,41,,,1,55,,179995,41,,,1,16,,179974,41,,,1,15,,179962,41,,,1,16,,179982,41,,,1,54,,179998,41,,,1,15,,179975,41,,,1,16,,179963,41,,,1,14,,179990,41,,,1,55,,179987,41,,,1,15,,179948,41,,,1,16,,45339,41,,,1,14,,179958,41,,,1,55,,17028,41,,,1,12,,109572,41,,,1,15,,179978,41,,,1,13,,179983,41,,,1,14,,179979,41,,,1,72,,179949,41,,,1,29,,88825,41,,,1,70,,179986,41,,,1,30,,179996,41,,,1,69,,179957,41,,,1,29,,179972,41,,,1,69,,179968,41,,,1,27,,179969,41,,,1,70,,179981,41,,,1,29,,179973,41,,,1,70,,50959,41,,,1,39,,179956,41,,,1
8500,'13',540,,180032,41,,,1,72,,180021,41,,,1,30,,180004,41,,,1,70,,27101,41,,,1,32,,180020,41,,,1,70,,180025,41,,,1,31,,180030,41,,,1,70,,1256,41,,,1,21,,60287,41,,,1,20,,78492,41,,,1,60,,52178,41,,,1,22,,180023,41,,,1,20,,21041,41,,,1,60,,180005,41,,,1,21,,180017,41,,,1,20,,180019,41,,,1,60,,12046,41,,,1,20,,180036,41,,,1,20,,180009,41,,,1,60,,180028,41,,,1,20,,180012,41,,,1,15,,180006,41,,,1,55,,179999,41,,,1,15,,180038,41,,,1,15,,180011,41,,,1,15,,180034,41,,,1,55,,180031,41,,,1,15,,180002,41,,,1,15,,180015,41,,,1,15,,180010,41,,,1,55,,3735,41,,,1,15,,180000,41,,,1,15,,180007,41,,,1,15,,180013,41,,,1,58,,180037,41,,,1,18,,180033,41,,,1,29,,180016,41,,,1,69,,180008,41,,,1,29,,180018,41,,,1,70,,180026,41,,,1,27,,180022,41,,,1,70,,180003,41,,,1,30,,180027,41,,,1,70,,180029,41,,,1,30,,180014,41,,,1,70,,180024,41,,,1,30,,15535,41,,,1,68,,180035,41,,,1,79,,180001,41,,,1
8500,'14',441,,180095,41,,,1,76,,97517,41,,,1,30,,180081,41,,,1,58,,180051,41,,,1,15,,180062,41,,,1,17,,24675,41,,,1,15,,180085,41,,,1,56,,180050,41,,,1,16,,180078,41,,,1,17,,180061,41,,,1,16,,180064,41,,,1,57,,180058,41,,,1,16,,180074,41,,,1,15,,180084,41,,,1,55,,180092,41,,,1,12,,180056,41,,,1,15,,180086,41,,,1,15,,180079,41,,,1,15,,180093,41,,,1,55,,180041,41,,,1,15,,180066,41,,,1,15,,41063,41,,,1,15,,180043,41,,,1,55,,101423,41,,,1,15,,180071,41,,,1,15,,38262,41,,,1,15,,180055,41,,,1,55,,59904,41,,,1,15,,180049,41,,,1,15,,180082,41,,,1,15,,180045,41,,,1,55,,180042,41,,,1,15,,180087,41,,,1,15,,180070,41,,,1,15,,180088,41,,,1,55,,180089,41,,,1,18,,180057,41,,,1,15,,180069,41,,,1,55,,180091,41,,,1,16,,83732,41,,,1,15,,180052,41,,,1,16,,180076,41,,,1,54,,180094,41,,,1,15,,180068,41,,,1,16,,180054,41,,,1,14,,83752,41,,,1,55,,54314,41,,,1,15,,180039,41,,,1,16,,180065,41,,,1,14,,180048,41,,,1,55,,180090,41,,,1,12,,180053,41,,,1,15,,180072,41,,,1,13,,180077,41,,,1,14,,180073,41,,,1,72,,180040,41,,,1,29,,180044,41,,,1,70,,180080,41,,,1,30,,107393,41,,,1,69,,180047,41,,,1,29,,180063,41,,,1,69,,180059,41,,,1,27,,180060,41,,,1,70,,180075,41,,,1,29,,180067,41,,,1,70,,180083,41,,,1,39,,180046,41,,,1
8500,'15',441,,180152,41,,,1,76,,97886,41,,,1,30,,180138,41,,,1,58,,180108,41,,,1,15,,180119,41,,,1,17,,24928,41,,,1,15,,180142,41,,,1,56,,180107,41,,,1,16,,180135,41,,,1,17,,180118,41,,,1,16,,180121,41,,,1,57,,180115,41,,,1,16,,180131,41,,,1,15,,180141,41,,,1,55,,180149,41,,,1,12,,180113,41,,,1,15,,180143,41,,,1,15,,180136,41,,,1,15,,180150,41,,,1,55,,180098,41,,,1,15,,180123,41,,,1,15,,41423,41,,,1,15,,180100,41,,,1,55,,101577,41,,,1,15,,180128,41,,,1,15,,38753,41,,,1,15,,180112,41,,,1,55,,60088,41,,,1,15,,180106,41,,,1,15,,180139,41,,,1,15,,180102,41,,,1,55,,180099,41,,,1,15,,180144,41,,,1,15,,180127,41,,,1,15,,180145,41,,,1,55,,180146,41,,,1,18,,180114,41,,,1,15,,180126,41,,,1,55,,180148,41,,,1,16,,84110,41,,,1,15,,180109,41,,,1,16,,180133,41,,,1,54,,180151,41,,,1,15,,180125,41,,,1,16,,180111,41,,,1,14,,84130,41,,,1,55,,54505,41,,,1,15,,180096,41,,,1,16,,180122,41,,,1,14,,180105,41,,,1,55,,180147,41,,,1,12,,180110,41,,,1,15,,180129,41,,,1,13,,180134,41,,,1,14,,180130,41,,,1,72,,180097,41,,,1,29,,180101,41,,,1,70,,180137,41,,,1,30,,107442,41,,,1,69,,180104,41,,,1,29,,180120,41,,,1,69,,180116,41,,,1,27,,180117,41,,,1,70,,180132,41,,,1,29,,180124,41,,,1,70,,180140,41,,,1,39,,180103,41,,,1
8500,'16',441,,180212,41,,,1,76,,180171,41,,,1,30,,42951,41,,,1,58,,180166,41,,,1,15,,180178,41,,,1,17,,180204,41,,,1,15,,13129,41,,,1,56,,180165,41,,,1,16,,180196,41,,,1,17,,180177,41,,,1,16,,180180,41,,,1,57,,180174,41,,,1,16,,180192,41,,,1,15,,100529,41,,,1,55,,180209,41,,,1,12,,180172,41,,,1,15,,180202,41,,,1,15,,87340,41,,,1,15,,180210,41,,,1,55,,180155,41,,,1,15,,180182,41,,,1,15,,180159,41,,,1,15,,180157,41,,,1,55,,180191,41,,,1,15,,180188,41,,,1,15,,180158,41,,,1,15,,180170,41,,,1,55,,180156,41,,,1,15,,180164,41,,,1,15,,180199,41,,,1,15,,180161,41,,,1,55,,50055,41,,,1,15,,180203,41,,,1,15,,180187,41,,,1,15,,180205,41,,,1,55,,87347,41,,,1,18,,180173,41,,,1,15,,180186,41,,,1,55,,180207,41,,,1,16,,180184,41,,,1,15,,180167,41,,,1,16,,180194,41,,,1,54,,180211,41,,,1,15,,180185,41,,,1,16,,180169,41,,,1,14,,180201,41,,,1,55,,180198,41,,,1,15,,180153,41,,,1,16,,180181,41,,,1,14,,180163,41,,,1,55,,180206,41,,,1,12,,180168,41,,,1,15,,180189,41,,,1,13,,180195,41,,,1,14,,180190,41,,,1,72,,180154,41,,,1,29,,180160,41,,,1,70,,180197,41,,,1,30,,180208,41,,,1,69,,180162,41,,,1,29,,180179,41,,,1,69,,180175,41,,,1,27,,180176,41,,,1,70,,180193,41,,,1,29,,180183,41,,,1,70,,180200,41,,,1,39,,7346,41,,,1
8500,'17',441,,180229,41,,,1,76,,180262,41,,,1,30,,120315,41,,,1,58,,180259,41,,,1,15,,180244,41,,,1,17,,180256,41,,,1,16,,180266,41,,,1,55,,180214,41,,,1,16,,180239,41,,,1,33,,180226,41,,,1,57,,180260,41,,,1,16,,180263,41,,,1,15,,180243,41,,,1,57,,180233,41,,,1,10,,180240,41,,,1,15,,180237,41,,,1,15,,180247,41,,,1,15,,116839,41,,,1,55,,180216,41,,,1,15,,180250,41,,,1,15,,180213,41,,,1,15,,180222,41,,,1,55,,180249,41,,,1,15,,78661,41,,,1,15,,180267,41,,,1,15,,180234,41,,,1,55,,180246,41,,,1,15,,180248,41,,,1,15,,180224,41,,,1,15,,180252,41,,,1,55,,180236,41,,,1,15,,90848,41,,,1,15,,180223,41,,,1,15,,180217,41,,,1,55,,180265,41,,,1,18,,26193,41,,,1,15,,180227,41,,,1,14,,180242,41,,,1,59,,180238,14,0,51,1,13,,180241,41,,,1,16,,180253,41,,,1,56,,67233,41,,,1,13,,180245,41,,,1,18,,180261,41,,,1,12,,180235,41,,,1,55,,180254,41,,,1,15,,180225,41,,,1,16,,180232,41,,,1,14,,180221,41,,,1,67,,180255,41,,,1,15,,180218,41,,,1,13,,87423,41,,,1,14,,19510,41,,,1,72,,180220,41,,,1,29,,180258,41,,,1,70,,27274,41,,,1,30,,180251,41,,,1,69,,180215,41,,,1,29,,180230,41,,,1,69,,180264,41,,,1,27,,104591,41,,,1,70,,180231,41,,,1,29,,180228,41,,,1,70,,180219,41,,,1,39,,180257,41,,,1
8500,'2',441,,180284,41,,,1,76,,180317,41,,,1,30,,120309,41,,,1,58,,180314,41,,,1,15,,180299,41,,,1,17,,180311,41,,,1,16,,180321,41,,,1,55,,180269,41,,,1,16,,180294,41,,,1,33,,180281,41,,,1,57,,180315,41,,,1,16,,180318,41,,,1,15,,180298,41,,,1,57,,180288,41,,,1,10,,180295,41,,,1,15,,180292,41,,,1,15,,180302,41,,,1,15,,116827,41,,,1,55,,180271,41,,,1,15,,180305,41,,,1,15,,180268,41,,,1,15,,180277,41,,,1,55,,180304,41,,,1,15,,78429,41,,,1,15,,180322,41,,,1,15,,180289,41,,,1,55,,180301,41,,,1,15,,180303,41,,,1,15,,180279,41,,,1,15,,180307,41,,,1,55,,180291,41,,,1,15,,90533,41,,,1,15,,180278,41,,,1,15,,180272,41,,,1,55,,180320,41,,,1,18,,25959,41,,,1,15,,180282,41,,,1,14,,180297,41,,,1,59,,180293,14,0,51,1,13,,180296,41,,,1,16,,180308,41,,,1,56,,67114,41,,,1,13,,180300,41,,,1,18,,180316,41,,,1,12,,180290,41,,,1,55,,180309,41,,,1,15,,180280,41,,,1,16,,180287,41,,,1,14,,180276,41,,,1,67,,180310,41,,,1,15,,180273,41,,,1,13,,87243,41,,,1,14,,19440,41,,,1,72,,180275,41,,,1,29,,180313,41,,,1,70,,27058,41,,,1,30,,180306,41,,,1,69,,180270,41,,,1,29,,180285,41,,,1,69,,180319,41,,,1,27,,104453,41,,,1,70,,180286,41,,,1,29,,180283,41,,,1,70,,180274,41,,,1,39,,180312,41,,,1
8500,'3',441,,180379,41,,,1,76,,97751,41,,,1,30,,180365,41,,,1,58,,180335,41,,,1,15,,180346,41,,,1,17,,24837,41,,,1,15,,180369,41,,,1,56,,180334,41,,,1,16,,180362,41,,,1,17,,180345,41,,,1,16,,180348,41,,,1,57,,180342,41,,,1,16,,180358,41,,,1,15,,180368,41,,,1,55,,180376,41,,,1,12,,180340,41,,,1,15,,180370,41,,,1,15,,180363,41,,,1,15,,180377,41,,,1,55,,180325,41,,,1,15,,180350,41,,,1,15,,41293,41,,,1,15,,180327,41,,,1,55,,101517,41,,,1,15,,180355,41,,,1,15,,38587,41,,,1,15,,180339,41,,,1,55,,60022,41,,,1,15,,180333,41,,,1,15,,180366,41,,,1,15,,180329,41,,,1,55,,180326,41,,,1,15,,180371,41,,,1,15,,180354,41,,,1,15,,180372,41,,,1,55,,180373,41,,,1,18,,180341,41,,,1,15,,180353,41,,,1,55,,180375,41,,,1,16,,83978,41,,,1,15,,180336,41,,,1,16,,180360,41,,,1,54,,180378,41,,,1,15,,180352,41,,,1,16,,180338,41,,,1,14,,83998,41,,,1,55,,54440,41,,,1,15,,180323,41,,,1,16,,180349,41,,,1,14,,180332,41,,,1,55,,180374,41,,,1,12,,180337,41,,,1,15,,180356,41,,,1,13,,180361,41,,,1,14,,180357,41,,,1,72,,180324,41,,,1,29,,180328,41,,,1,70,,180364,41,,,1,30,,107424,41,,,1,69,,180331,41,,,1,29,,180347,41,,,1,69,,180343,41,,,1,27,,180344,41,,,1,70,,180359,41,,,1,29,,180351,41,,,1,70,,180367,41,,,1,39,,180330,41,,,1
8500,'4',535,,180421,41,,,1,71,,180417,41,,,1,30,,180381,41,,,1,70,,180410,41,,,1,32,,180425,41,,,1,70,,180423,41,,,1,31,,180424,41,,,1,70,,180383,41,,,1,31,,180392,41,,,1,19,,180406,41,,,1,55,,180418,41,,,1,15,,180407,41,,,1,17,,180412,41,,,1,55,,180386,41,,,1,15,,73891,41,,,1,15,,180398,41,,,1,16,,180391,41,,,1,55,,180384,41,,,1,15,,180380,41,,,1,15,,3177,41,,,1,15,,118275,41,,,1,55,,180419,41,,,1,15,,180400,41,,,1,15,,38676,41,,,1,15,,180389,41,,,1,55,,180399,41,,,1,15,,180387,41,,,1,15,,79144,41,,,1,15,,180396,41,,,1,55,,86148,41,,,1,15,,180408,41,,,1,15,,180401,41,,,1,15,,180394,41,,,1,55,,180422,41,,,1,15,,180382,41,,,1,15,,180411,41,,,1,15,,180420,41,,,1,55,,180397,41,,,1,15,,180402,41,,,1,15,,180413,41,,,1,15,,180404,41,,,1,57,,16392,41,,,1,29,,180405,41,,,1,70,,180388,41,,,1,30,,180414,41,,,1,67,,180395,41,,,1,30,,180409,41,,,1,70,,180393,41,,,1,30,,11607,41,,,1,70,,180385,41,,,1,30,,180390,41,,,1,70,,180403,41,,,1,28,,180415,41,,,1,30,,22101,41,,,1,70,,180416,41,,,1
8500,'5',441,,180440,41,,,1,76,,180474,41,,,1,30,,180443,41,,,1,58,,180472,41,,,1,15,,180459,41,,,1,17,,180469,41,,,1,16,,180477,41,,,1,55,,180428,41,,,1,16,,180454,41,,,1,33,,180438,41,,,1,57,,46425,41,,,1,16,,180475,41,,,1,15,,180458,41,,,1,57,,180445,41,,,1,10,,180455,41,,,1,15,,180449,41,,,1,15,,180462,41,,,1,15,,180468,41,,,1,55,,110604,41,,,1,15,,76640,41,,,1,15,,180427,41,,,1,15,,180433,41,,,1,55,,80996,41,,,1,15,,180452,41,,,1,15,,180479,41,,,1,15,,31890,41,,,1,55,,180461,41,,,1,15,,180463,41,,,1,15,,180436,41,,,1,15,,180465,41,,,1,55,,180448,41,,,1,15,,180435,41,,,1,15,,180434,41,,,1,15,,76597,41,,,1,55,,180476,41,,,1,18,,180426,41,,,1,15,,13872,41,,,1,14,,180457,41,,,1,59,,180453,14,0,51,1,13,,180456,41,,,1,16,,64401,41,,,1,56,,180478,41,,,1,13,,180460,41,,,1,18,,180473,41,,,1,12,,180446,41,,,1,55,,180466,41,,,1,15,,180437,41,,,1,16,,180442,41,,,1,14,,180432,41,,,1,67,,180467,41,,,1,15,,180429,41,,,1,13,,180451,41,,,1,14,,180450,41,,,1,72,,180431,41,,,1,29,,180471,41,,,1,70,,180447,41,,,1,30,,180464,41,,,1,69,,104342,41,,,1,29,,180441,41,,,1,69,,88816,41,,,1,27,,180444,41,,,1,70,,45313,41,,,1,29,,180439,41,,,1,70,,180430,41,,,1,39,,180470,41,,,1
8500,'6',441,,180496,41,,,1,76,,180529,41,,,1,30,,120321,41,,,1,58,,180526,41,,,1,15,,180511,41,,,1,17,,180523,41,,,1,16,,180533,41,,,1,55,,180481,41,,,1,16,,180506,41,,,1,33,,180493,41,,,1,57,,180527,41,,,1,16,,180530,41,,,1,15,,180510,41,,,1,57,,180500,41,,,1,10,,180507,41,,,1,15,,180504,41,,,1,15,,180514,41,,,1,15,,116859,41,,,1,55,,180483,41,,,1,15,,180517,41,,,1,15,,180480,41,,,1,15,,180489,41,,,1,55,,180516,41,,,1,15,,79012,41,,,1,15,,180534,41,,,1,15,,180501,41,,,1,55,,180513,41,,,1,15,,180515,41,,,1,15,,180491,41,,,1,15,,180519,41,,,1,55,,180503,41,,,1,15,,91316,41,,,1,15,,180490,41,,,1,15,,180484,41,,,1,55,,180532,41,,,1,18,,26549,41,,,1,15,,180494,41,,,1,14,,180509,41,,,1,59,,180505,14,0,51,1,13,,180508,41,,,1,16,,180520,41,,,1,56,,67410,41,,,1,13,,180512,41,,,1,18,,180528,41,,,1,12,,180502,41,,,1,55,,180521,41,,,1,15,,180492,41,,,1,16,,180499,41,,,1,14,,180488,41,,,1,67,,180522,41,,,1,15,,180485,41,,,1,13,,87703,41,,,1,14,,19619,41,,,1,72,,180487,41,,,1,29,,180525,41,,,1,70,,27605,41,,,1,30,,180518,41,,,1,69,,180482,41,,,1,29,,180497,41,,,1,69,,180531,41,,,1,27,,104780,41,,,1,70,,180498,41,,,1,29,,180495,41,,,1,70,,180486,41,,,1,39,,180524,41,,,1
8500,'7',535,,180571,41,,,1,71,,180566,41,,,1,30,,180536,41,,,1,70,,180560,41,,,1,32,,180578,41,,,1,70,,180574,41,,,1,31,,180577,41,,,1,70,,180539,41,,,1,31,,180545,41,,,1,19,,180556,41,,,1,55,,180567,41,,,1,15,,180557,41,,,1,17,,180562,41,,,1,55,,180541,41,,,1,15,,180553,41,,,1,15,,180550,41,,,1,16,,82857,41,,,1,55,,180540,41,,,1,15,,180535,41,,,1,15,,180576,41,,,1,15,,180537,41,,,1,55,,180568,41,,,1,15,,180552,41,,,1,15,,180538,41,,,1,15,,180543,41,,,1,55,,7068,41,,,1,15,,9746,41,,,1,15,,180551,41,,,1,15,,72114,41,,,1,55,,180575,41,,,1,15,,180558,41,,,1,15,,55368,41,,,1,15,,180547,41,,,1,55,,180572,41,,,1,15,,54516,41,,,1,15,,180561,41,,,1,15,,180570,41,,,1,55,,180549,41,,,1,15,,16515,41,,,1,15,,180563,41,,,1,15,,180554,41,,,1,57,,180569,41,,,1,29,,180555,41,,,1,70,,180542,41,,,1,30,,63665,41,,,1,67,,180548,41,,,1,30,,180559,41,,,1,70,,180546,41,,,1,30,,180544,41,,,1,70,,20845,41,,,1,30,,49651,41,,,1,70,,22807,41,,,1,28,,180564,41,,,1,30,,180573,41,,,1,70,,180565,41,,,1
8500,'8',441,,180595,41,,,1,76,,180628,41,,,1,30,,120318,41,,,1,58,,180625,41,,,1,15,,180610,41,,,1,17,,180622,41,,,1,16,,180632,41,,,1,55,,180580,41,,,1,16,,180605,41,,,1,33,,180592,41,,,1,57,,180626,41,,,1,16,,180629,41,,,1,15,,180609,41,,,1,57,,180599,41,,,1,10,,180606,41,,,1,15,,180603,41,,,1,15,,180613,41,,,1,15,,116855,41,,,1,55,,180582,41,,,1,15,,180616,41,,,1,15,,180579,41,,,1,15,,180588,41,,,1,55,,180615,41,,,1,15,,78947,41,,,1,15,,180633,41,,,1,15,,180600,41,,,1,55,,180612,41,,,1,15,,180614,41,,,1,15,,180590,41,,,1,15,,180618,41,,,1,55,,180602,41,,,1,15,,91232,41,,,1,15,,180589,41,,,1,15,,180583,41,,,1,55,,180631,41,,,1,18,,26485,41,,,1,15,,180593,41,,,1,14,,180608,41,,,1,59,,180604,14,0,51,1,13,,180607,41,,,1,16,,180619,41,,,1,56,,67378,41,,,1,13,,180611,41,,,1,18,,180627,41,,,1,12,,180601,41,,,1,55,,180620,41,,,1,15,,180591,41,,,1,16,,180598,41,,,1,14,,180587,41,,,1,67,,180621,41,,,1,15,,180584,41,,,1,13,,87651,41,,,1,14,,19596,41,,,1,72,,180586,41,,,1,29,,180624,41,,,1,70,,27545,41,,,1,30,,180617,41,,,1,69,,180581,41,,,1,29,,180596,41,,,1,69,,180630,41,,,1,27,,104745,41,,,1,70,,180597,41,,,1,29,,180594,41,,,1,70,,180585,41,,,1,39,,180623,41,,,1
8500,'9',540,,180676,41,,,1,72,,180662,41,,,1,30,,180639,41,,,1,70,,180642,41,,,1,32,,180660,41,,,1,70,,180666,41,,,1,31,,180673,41,,,1,70,,180661,41,,,1,21,,180649,41,,,1,20,,180648,41,,,1,60,,180671,41,,,1,22,,180664,41,,,1,20,,180644,41,,,1,60,,180640,41,,,1,21,,180657,41,,,1,20,,180659,41,,,1,60,,180667,41,,,1,20,,180679,41,,,1,20,,180646,41,,,1,60,,180670,41,,,1,20,,180651,41,,,1,15,,180641,41,,,1,55,,180634,41,,,1,15,,180681,41,,,1,15,,180650,41,,,1,15,,180678,41,,,1,55,,180674,41,,,1,15,,180637,41,,,1,15,,180655,41,,,1,15,,180647,41,,,1,55,,180675,41,,,1,15,,180635,41,,,1,15,,180643,41,,,1,15,,180653,41,,,1,58,,180680,41,,,1,18,,180677,41,,,1,29,,180656,41,,,1,69,,180645,41,,,1,29,,180658,41,,,1,70,,180668,41,,,1,27,,180663,41,,,1,70,,180638,41,,,1,30,,180669,41,,,1,70,,180672,41,,,1,30,,180654,41,,,1,70,,180665,41,,,1,30,,180652,41,,,1,68,,81364,41,,,1,79,,180636,41,,,1
