6300,'1',619,,92263,,,1,22,,184264,,,1,16,,184282,,,1,57,,113487,,,1,15,,184252,,,1,16,,184280,,,1,14,,184274,,,1,56,,184262,,,1,17,,105282,,,1,71,,184284,,,1,28,,184258,,,1,28,,184273,,,1,68,,184271,,,1,30,,184281,,,1,71,,92271,,,1,30,,184259,,,1,71,,184253,,,1,26,,184255,,,1,70,,184265,,,1,33,,184275,,,1,69,,184268,,,1,27,,184269,,,1,71,,184256,,,1,15,,184270,,,1,15,,184257,,,1,55,,184283,,,1,15,,184260,,,1,17,,184285,,,1,15,,3794,,,1,54,,20212,,,1,15,,184277,,,1,15,,184261,,,1,15,,109390,,,1,56,,184276,,,1,13,,184266,,,1,15,,70773,,,1,69,,184254,,,1,34,,84599,,,1,70,,184278,,,1,30,,87467,,,1,70,,184272,,,1,30,,184279,,,1,69,,184267,,,1,28,,184263,,,1,70,,99083,,,1,30,,116741,,,1,78,,57602,,,1
6300,'10',714,,184303,,,1,30,,184305,,,1,70,,184292,,,1,31,,19622,,,1,70,,184291,,,1,30,,184311,,,1,70,,55623,,,1,31,,184289,,,1,70,,184302,,,1,30,,184308,,,1,70,,184298,,,1,30,,184310,,,1,70,,184300,,,1,30,,184313,,,1,70,,184296,,,1,30,,52150,,,1,70,,184295,,,1,30,,77130,,,1,70,,184315,,,1,30,,184314,,,1,70,,184312,,,1,30,,184299,,,1,70,,184301,,,1,30,,184307,,,1,70,,184294,,,1,30,,184306,,,1,70,,184288,,,1,29,,184290,,,1,70,,184293,,,1,30,,184287,,,1,70,,184309,,,1,29,,184297,,,1,70,,80232,,,1,30,,184304,,,1
6300,'11',619,,184319,,,1,22,,184332,,,1,16,,51988,,,1,57,,184345,,,1,15,,184327,,,1,16,,73355,,,1,56,,184323,,,1,14,,184336,,,1,15,,184339,,,1,71,,184334,,,1,30,,184348,,,1,28,,39450,,,1,68,,184329,,,1,30,,184321,,,1,71,,18463,,,1,30,,104111,,,1,71,,36467,,,1,26,,184346,,,1,70,,184344,,,1,33,,184318,,,1,69,,95385,,,1,27,,184320,,,1,71,,184326,,,1,15,,184317,,,1,15,,184342,,,1,57,,184316,,,1,15,,184335,,,1,30,,184325,,,1,54,,184347,,,1,15,,184330,,,1,15,,95356,,,1,15,,184322,,,1,54,,184324,,,1,15,,184349,,,1,15,,27148,,,1,69,,184331,,,1,34,,94031,,,1,70,,95375,,,1,30,,184337,,,1,70,,363,,,1,30,,184341,,,1,69,,184328,,,1,28,,184340,,,1,70,,27190,,,1,30,,184338,,,1,78,,184333,,,1
6300,'12',619,,184355,,,1,22,,31484,,,1,16,,184361,,,1,57,,64967,,,1,15,,14390,,,1,16,,184362,,,1,56,,184358,,,1,14,,184372,,,1,15,,51500,,,1,71,,53825,,,1,30,,20126,,,1,28,,184382,,,1,68,,184366,,,1,30,,184356,,,1,71,,184381,,,1,30,,184350,,,1,71,,184363,,,1,26,,53844,,,1,70,,184379,,,1,33,,184353,,,1,69,,184380,,,1,27,,27818,,,1,71,,106757,,,1,15,,184352,,,1,15,,184377,,,1,57,,33652,,,1,15,,184371,,,1,30,,184360,,,1,54,,7466,,,1,15,,184367,,,1,15,,184369,,,1,15,,184357,,,1,54,,184359,,,1,15,,51514,,,1,15,,184351,,,1,69,,184368,,,1,34,,184365,,,1,70,,184375,,,1,30,,184373,,,1,70,,184354,,,1,30,,15838,,,1,69,,184364,,,1,28,,27852,,,1,70,,184376,,,1,30,,184374,,,1,78,,184370,,,1
6300,'13',714,,66748,,,1,30,,184398,,,1,70,,184387,,,1,31,,184403,,,1,70,,184386,,,1,30,,184404,,,1,70,,184408,,,1,31,,53042,,,1,70,,5048,,,1,30,,75775,,,1,70,,184393,,,1,30,,184402,,,1,70,,184395,,,1,30,,50373,,,1,70,,184391,,,1,30,,184401,,,1,70,,184390,,,1,30,,184405,,,1,70,,112063,,,1,30,,184407,,,1,70,,90294,,,1,30,,184394,,,1,70,,184396,,,1,30,,184400,,,1,70,,184389,,,1,30,,184399,,,1,70,,184384,,,1,29,,184385,,,1,70,,184388,,,1,30,,184383,,,1,70,,33101,,,1,29,,184392,,,1,70,,184406,,,1,30,,184397,,,1
6300,'14',619,,184412,,,1,22,,184425,,,1,16,,52527,,,1,57,,184438,,,1,15,,184420,,,1,16,,73717,,,1,56,,184416,,,1,14,,184429,,,1,15,,184432,,,1,71,,184427,,,1,30,,184441,,,1,28,,40177,,,1,68,,184422,,,1,30,,184414,,,1,71,,18910,,,1,30,,104535,,,1,71,,36754,,,1,26,,184439,,,1,70,,184437,,,1,33,,184411,,,1,69,,95819,,,1,27,,184413,,,1,71,,184419,,,1,15,,184410,,,1,15,,184435,,,1,57,,184409,,,1,15,,184428,,,1,30,,184418,,,1,54,,184440,,,1,15,,184423,,,1,15,,95790,,,1,15,,184415,,,1,54,,184417,,,1,15,,184442,,,1,15,,27616,,,1,69,,184424,,,1,34,,94657,,,1,70,,95809,,,1,30,,184430,,,1,70,,803,,,1,30,,184434,,,1,69,,184421,,,1,28,,184433,,,1,70,,27658,,,1,30,,184431,,,1,78,,184426,,,1
6300,'15',801,,184449,,,1,104,,184446,,,1,100,,184451,,,1,101,,184465,,,1,30,,184467,,,1,70,,184462,,,1,30,,184469,,,1,70,,184463,,,1,30,,184457,,,1,70,,184448,,,1,30,,184458,,,1,70,,184443,,,1,30,,184445,,,1,70,,184471,,,1,30,,184470,,,1,70,,184444,,,1,30,,184452,,,1,70,,184454,,,1,30,,184459,,,1,70,,184453,,,1,30,,184450,,,1,70,,184455,,,1,30,,184464,,,1,69,,184460,,,1,30,,184461,,,1,70,,184468,,,1,30,,184456,,,1,69,,184447,,,1,100,,184466,,,1
6300,'16',801,,4298,,,1,104,,184475,,,1,100,,68718,,,1,101,,83560,,,1,30,,184489,,,1,70,,184486,,,1,30,,184491,,,1,70,,184487,,,1,30,,184482,,,1,70,,184477,,,1,30,,184483,,,1,70,,184472,,,1,30,,184474,,,1,70,,184493,,,1,30,,184492,,,1,70,,184473,,,1,30,,184479,,,1,70,,184480,,,1,30,,111146,,,1,70,,60508,,,1,30,,184478,,,1,70,,56268,,,1,30,,184488,,,1,69,,184484,,,1,30,,184485,,,1,70,,184490,,,1,30,,184481,,,1,69,,184476,,,1,100,,45874,,,1
6300,'17',619,,184531,,,1,22,,184506,,,1,16,,184527,,,1,57,,184518,,,1,15,,184494,,,1,16,,184525,,,1,14,,184517,,,1,56,,80891,,,1,17,,184514,,,1,71,,184529,,,1,28,,184501,,,1,28,,184516,,,1,68,,184515,,,1,30,,184526,,,1,71,,184533,,,1,30,,184502,,,1,71,,184495,,,1,26,,184498,,,1,70,,184507,,,1,33,,184520,,,1,69,,184510,,,1,27,,184513,,,1,71,,184499,,,1,15,,108585,,,1,15,,184500,,,1,55,,184528,,,1,15,,184503,,,1,17,,184534,,,1,15,,184530,,,1,54,,184532,,,1,15,,184522,,,1,15,,184504,,,1,15,,184536,,,1,56,,184521,,,1,13,,184508,,,1,15,,184519,,,1,69,,184496,,,1,34,,184497,,,1,70,,184523,,,1,30,,184512,,,1,70,,40311,,,1,30,,184524,,,1,69,,19004,,,1,28,,46310,,,1,70,,184505,,,1,30,,184509,,,1,78,,184511,,,1
6300,'18',714,,184549,,,1,30,,184551,,,1,70,,184541,,,1,31,,184557,,,1,70,,184540,,,1,30,,36661,,,1,70,,184563,,,1,31,,184538,,,1,70,,184548,,,1,30,,184554,,,1,70,,18707,,,1,30,,184556,,,1,70,,184546,,,1,30,,184560,,,1,70,,184543,,,1,30,,184553,,,1,70,,64569,,,1,30,,184559,,,1,70,,184562,,,1,30,,84281,,,1,70,,184558,,,1,30,,184545,,,1,70,,184547,,,1,30,,184552,,,1,70,,184542,,,1,30,,121376,,,1,70,,5773,,,1,29,,184539,,,1,70,,10871,,,1,30,,184537,,,1,70,,184555,,,1,29,,184544,,,1,70,,184561,,,1,30,,184550,,,1
6300,'19',619,,184601,,,1,22,,184576,,,1,16,,184597,,,1,57,,184588,,,1,15,,184564,,,1,16,,184595,,,1,14,,184587,,,1,56,,79853,,,1,17,,184584,,,1,71,,184599,,,1,28,,184571,,,1,28,,184586,,,1,68,,184585,,,1,30,,184596,,,1,71,,184603,,,1,30,,184572,,,1,71,,184565,,,1,26,,184568,,,1,70,,184577,,,1,33,,184590,,,1,69,,184580,,,1,27,,184583,,,1,71,,184569,,,1,15,,108179,,,1,15,,184570,,,1,55,,184598,,,1,15,,184573,,,1,17,,184604,,,1,15,,184600,,,1,54,,184602,,,1,15,,184592,,,1,15,,184574,,,1,15,,184606,,,1,56,,184591,,,1,13,,184578,,,1,15,,184589,,,1,69,,184566,,,1,34,,184567,,,1,70,,184593,,,1,30,,184582,,,1,70,,39335,,,1,30,,184594,,,1,69,,18376,,,1,28,,45628,,,1,70,,184575,,,1,30,,184579,,,1,78,,184581,,,1
6300,'2',619,,184610,,,1,22,,184623,,,1,16,,52235,,,1,57,,184636,,,1,15,,184618,,,1,16,,73533,,,1,56,,184614,,,1,14,,184627,,,1,15,,184630,,,1,71,,184625,,,1,30,,184639,,,1,28,,39845,,,1,68,,184620,,,1,30,,184612,,,1,71,,18682,,,1,30,,104351,,,1,71,,36614,,,1,26,,184637,,,1,70,,184635,,,1,33,,184609,,,1,69,,95579,,,1,27,,184611,,,1,71,,184617,,,1,15,,184608,,,1,15,,184633,,,1,57,,184607,,,1,15,,184626,,,1,30,,184616,,,1,54,,184638,,,1,15,,184621,,,1,15,,95550,,,1,15,,184613,,,1,54,,184615,,,1,15,,184640,,,1,15,,27360,,,1,69,,184622,,,1,34,,94321,,,1,70,,95569,,,1,30,,184628,,,1,70,,563,,,1,30,,184632,,,1,69,,184619,,,1,28,,184631,,,1,70,,27402,,,1,30,,184629,,,1,78,,184624,,,1
6300,'20',801,,3823,,,1,104,,184644,,,1,100,,68462,,,1,101,,83350,,,1,30,,184658,,,1,70,,184655,,,1,30,,184660,,,1,70,,184656,,,1,30,,184651,,,1,70,,184646,,,1,30,,184652,,,1,70,,184641,,,1,30,,184643,,,1,70,,184662,,,1,30,,184661,,,1,70,,184642,,,1,30,,184648,,,1,70,,184649,,,1,30,,111108,,,1,70,,60285,,,1,30,,184647,,,1,70,,56057,,,1,30,,184657,,,1,69,,184653,,,1,30,,184654,,,1,70,,184659,,,1,30,,184650,,,1,69,,184645,,,1,100,,45565,,,1
6300,'21',619,,184700,,,1,22,,184675,,,1,16,,184696,,,1,57,,184687,,,1,15,,184663,,,1,16,,184694,,,1,14,,184686,,,1,56,,80798,,,1,17,,184683,,,1,71,,184698,,,1,28,,184670,,,1,28,,184685,,,1,68,,184684,,,1,30,,184695,,,1,71,,184702,,,1,30,,184671,,,1,71,,184664,,,1,26,,184667,,,1,70,,184676,,,1,33,,184689,,,1,69,,184679,,,1,27,,184682,,,1,71,,184668,,,1,15,,108550,,,1,15,,184669,,,1,55,,184697,,,1,15,,184672,,,1,17,,184703,,,1,15,,184699,,,1,54,,184701,,,1,15,,184691,,,1,15,,184673,,,1,15,,184705,,,1,56,,184690,,,1,13,,184677,,,1,15,,184688,,,1,69,,184665,,,1,34,,184666,,,1,70,,184692,,,1,30,,184681,,,1,70,,40228,,,1,30,,184693,,,1,69,,18942,,,1,28,,46241,,,1,70,,184674,,,1,30,,184678,,,1,78,,184680,,,1
6300,'22',714,,184722,,,1,30,,184724,,,1,70,,184711,,,1,31,,19575,,,1,70,,184710,,,1,30,,184730,,,1,70,,55592,,,1,31,,184708,,,1,70,,184721,,,1,30,,184727,,,1,70,,184717,,,1,30,,184729,,,1,70,,184719,,,1,30,,184732,,,1,70,,184715,,,1,30,,52106,,,1,70,,184714,,,1,30,,77096,,,1,70,,184734,,,1,30,,184733,,,1,70,,184731,,,1,30,,184718,,,1,70,,184720,,,1,30,,184726,,,1,70,,184713,,,1,30,,184725,,,1,70,,184707,,,1,29,,184709,,,1,70,,184712,,,1,30,,184706,,,1,70,,184728,,,1,29,,184716,,,1,70,,80149,,,1,30,,184723,,,1
6300,'3',801,,184740,,,1,104,,184737,,,1,100,,184742,,,1,101,,184750,,,1,30,,184752,,,1,70,,184747,,,1,30,,38265,,,1,70,,184748,,,1,30,,92144,,,1,70,,184739,,,1,30,,124054,,,1,70,,184735,,,1,30,,184736,,,1,70,,9660,,,1,30,,184753,,,1,70,,59301,,,1,30,,116040,,,1,70,,184744,,,1,30,,184746,,,1,70,,184743,,,1,30,,184741,,,1,70,,184745,,,1,30,,184749,,,1,69,,14632,,,1,30,,123642,,,1,70,,17764,,,1,30,,64025,,,1,69,,184738,,,1,100,,184751,,,1
6300,'4',619,,184757,,,1,22,,184770,,,1,16,,52381,,,1,57,,184783,,,1,15,,184765,,,1,16,,73625,,,1,56,,184761,,,1,14,,184774,,,1,15,,184777,,,1,71,,184772,,,1,30,,184786,,,1,28,,40011,,,1,68,,184767,,,1,30,,184759,,,1,71,,18796,,,1,30,,104443,,,1,71,,36684,,,1,26,,184784,,,1,70,,184782,,,1,33,,184756,,,1,69,,95699,,,1,27,,184758,,,1,71,,184764,,,1,15,,184755,,,1,15,,184780,,,1,57,,184754,,,1,15,,184773,,,1,30,,184763,,,1,54,,184785,,,1,15,,184768,,,1,15,,95670,,,1,15,,184760,,,1,54,,184762,,,1,15,,184787,,,1,15,,27488,,,1,69,,184769,,,1,34,,94489,,,1,70,,95689,,,1,30,,184775,,,1,70,,683,,,1,30,,184779,,,1,69,,184766,,,1,28,,184778,,,1,70,,27530,,,1,30,,184776,,,1,78,,184771,,,1
6300,'5',619,,184791,,,1,22,,184804,,,1,16,,52454,,,1,57,,184817,,,1,15,,184799,,,1,16,,73671,,,1,56,,184795,,,1,14,,184808,,,1,15,,184811,,,1,71,,184806,,,1,30,,184820,,,1,28,,40094,,,1,68,,184801,,,1,30,,184793,,,1,71,,18853,,,1,30,,104489,,,1,71,,36719,,,1,26,,184818,,,1,70,,184816,,,1,33,,184790,,,1,69,,95759,,,1,27,,184792,,,1,71,,184798,,,1,15,,184789,,,1,15,,184814,,,1,57,,184788,,,1,15,,184807,,,1,30,,184797,,,1,54,,184819,,,1,15,,184802,,,1,15,,95730,,,1,15,,184794,,,1,54,,184796,,,1,15,,184821,,,1,15,,27552,,,1,69,,184803,,,1,34,,94573,,,1,70,,95749,,,1,30,,184809,,,1,70,,743,,,1,30,,184813,,,1,69,,184800,,,1,28,,184812,,,1,70,,27594,,,1,30,,184810,,,1,78,,184805,,,1
6300,'6',619,,184825,,,1,22,,184838,,,1,16,,51541,,,1,57,,184851,,,1,15,,184833,,,1,16,,73053,,,1,56,,184829,,,1,14,,184842,,,1,15,,184845,,,1,71,,184840,,,1,30,,184854,,,1,28,,38883,,,1,68,,184835,,,1,30,,184827,,,1,71,,18103,,,1,30,,103777,,,1,71,,36240,,,1,26,,184852,,,1,70,,184850,,,1,33,,184824,,,1,69,,95016,,,1,27,,184826,,,1,71,,184832,,,1,15,,184823,,,1,15,,184848,,,1,57,,184822,,,1,15,,184841,,,1,30,,184831,,,1,54,,184853,,,1,15,,184836,,,1,15,,94987,,,1,15,,184828,,,1,54,,184830,,,1,15,,184855,,,1,15,,26759,,,1,69,,184837,,,1,34,,93521,,,1,70,,95006,,,1,30,,184843,,,1,70,,5,,,1,30,,184847,,,1,69,,184834,,,1,28,,184846,,,1,70,,26801,,,1,30,,184844,,,1,78,,184839,,,1
6300,'7',619,,184868,,,1,22,,184900,,,1,16,,184890,,,1,57,,184859,,,1,15,,184901,,,1,16,,184864,,,1,14,,184880,,,1,56,,184903,,,1,17,,184898,,,1,71,,184877,,,1,28,,184894,,,1,28,,184863,,,1,68,,184878,,,1,30,,184873,,,1,71,,184881,,,1,30,,184899,,,1,71,,184876,,,1,26,,184885,,,1,70,,184883,,,1,33,,184892,,,1,69,,184897,,,1,27,,184875,,,1,71,,184886,,,1,15,,184867,,,1,15,,184861,,,1,57,,184857,,,1,15,,184884,,,1,15,,184872,,,1,15,,184895,,,1,54,,184879,,,1,16,,184896,,,1,16,,184893,,,1,13,,184870,,,1,56,,184862,,,1,13,,184871,,,1,15,,184866,,,1,69,,184888,,,1,34,,184865,,,1,70,,184874,,,1,30,,184891,,,1,70,,184882,,,1,30,,184902,,,1,69,,184887,,,1,28,,184858,,,1,70,,184856,,,1,30,,184869,,,1,78,,184889,,,1
6300,'8',801,,4091,,,1,104,,184907,,,1,100,,68621,,,1,101,,83475,,,1,30,,184921,,,1,70,,184918,,,1,30,,184923,,,1,70,,184919,,,1,30,,184914,,,1,70,,184909,,,1,30,,184915,,,1,70,,184904,,,1,30,,184906,,,1,70,,184925,,,1,30,,184924,,,1,70,,184905,,,1,30,,184911,,,1,70,,184912,,,1,30,,111134,,,1,70,,60435,,,1,30,,184910,,,1,70,,56178,,,1,30,,184920,,,1,69,,184916,,,1,30,,184917,,,1,70,,184922,,,1,30,,184913,,,1,69,,184908,,,1,100,,45763,,,1
6300,'9',619,,184962,,,1,22,,184938,,,1,16,,58569,,,1,57,,184952,,,1,15,,184926,,,1,16,,184958,,,1,14,,184951,,,1,56,,184935,,,1,17,,184947,,,1,71,,184960,,,1,28,,12554,,,1,28,,184950,,,1,68,,184948,,,1,30,,184959,,,1,71,,184964,,,1,30,,184933,,,1,71,,184927,,,1,26,,184930,,,1,70,,184939,,,1,33,,184954,,,1,69,,184942,,,1,27,,184945,,,1,71,,184931,,,1,15,,184946,,,1,15,,184932,,,1,55,,96321,,,1,15,,65251,,,1,17,,40893,,,1,15,,184961,,,1,54,,184963,,,1,15,,184956,,,1,15,,184934,,,1,15,,184965,,,1,56,,184955,,,1,13,,66194,,,1,15,,184953,,,1,69,,184928,,,1,34,,184929,,,1,70,,99453,,,1,30,,184944,,,1,70,,184949,,,1,30,,184957,,,1,69,,184940,,,1,28,,184937,,,1,70,,184936,,,1,30,,184941,,,1,78,,184943,,,1
6301,'1',516,,184978,,,1,30,,184970,,,1,55,,184989,,,1,13,,184991,,,1,15,,185001,,,1,9,,184968,,,1,15,,184994,,,1,54,,185002,,,1,18,,184990,,,1,13,,184988,,,1,17,,184967,,,1,62,,184973,,,1,13,,184977,,,1,70,,184974,,,1,30,,184999,,,1,70,,185007,,,1,30,,68457,,,1,25,,184980,,,1,70,,184966,,,1,30,,184975,,,1,70,,103937,,,1,30,,184998,,,1,70,,184992,,,1,30,,185004,,,1,70,,184971,,,1,30,,185003,,,1,69,,184983,,,1,31,,57616,,,1,55,,185008,,,1,13,,185006,,,1,17,,185000,,,1,15,,184981,,,1,55,,184982,,,1,15,,54741,,,1,15,,184996,,,1,15,,184995,,,1,55,,184993,,,1,15,,185005,,,1,15,,184976,,,1,15,,40684,,,1,55,,184997,,,1,30,,184969,,,1,70,,98439,,,1,30,,184986,,,1,70,,90369,,,1,30,,184985,,,1,70,,184979,,,1,30,,51750,,,1,70,,184972,,,1,30,,184984,,,1
6301,'10',711,,185015,,,1,37,,185034,,,1,70,,185021,,,1,30,,185010,,,1,70,,185011,,,1,30,,185030,,,1,69,,185025,,,1,31,,185020,,,1,70,,185035,,,1,30,,104267,,,1,70,,185017,,,1,30,,185033,,,1,70,,185023,,,1,30,,185026,,,1,70,,52132,,,1,30,,185029,,,1,70,,185022,,,1,30,,185024,,,1,70,,185032,,,1,30,,185019,,,1,70,,185009,,,1,30,,185013,,,1,70,,185037,,,1,30,,80228,,,1,70,,185036,,,1,30,,80192,,,1,70,,185018,,,1,30,,92660,,,1,70,,185031,,,1,30,,185027,,,1,70,,185012,,,1,30,,185014,,,1,70,,185016,,,1,30,,185028,,,1
6301,'11',516,,185057,,,1,30,,185050,,,1,55,,50688,,,1,14,,185052,,,1,15,,185060,,,1,10,,4058,,,1,13,,9142,,,1,53,,64284,,,1,19,,185067,,,1,13,,104131,,,1,17,,11652,,,1,61,,185066,,,1,14,,185043,,,1,70,,121815,,,1,30,,185068,,,1,70,,185070,,,1,30,,32624,,,1,25,,185069,,,1,70,,185038,,,1,30,,185065,,,1,70,,43516,,,1,30,,65380,,,1,70,,185040,,,1,30,,60414,,,1,70,,185041,,,1,30,,185048,,,1,70,,73383,,,1,30,,185071,,,1,55,,185056,,,1,15,,185047,,,1,15,,185064,,,1,15,,117952,,,1,55,,185055,,,1,30,,185063,,,1,15,,112733,,,1,55,,185051,,,1,15,,185062,,,1,15,,185049,,,1,15,,185061,,,1,55,,46620,,,1,30,,185053,,,1,70,,185058,,,1,30,,185054,,,1,70,,185059,,,1,30,,185046,,,1,70,,185039,,,1,30,,185044,,,1,70,,185042,,,1,30,,185045,,,1
6301,'12',516,,79271,,,1,30,,185087,,,1,55,,185074,,,1,14,,185090,,,1,15,,67392,,,1,10,,185097,,,1,13,,185098,,,1,53,,185088,,,1,19,,185105,,,1,13,,185092,,,1,17,,185094,,,1,61,,71772,,,1,14,,185078,,,1,70,,185083,,,1,30,,185107,,,1,70,,106800,,,1,30,,185108,,,1,25,,185110,,,1,70,,185072,,,1,30,,185103,,,1,70,,185089,,,1,30,,185106,,,1,70,,185075,,,1,30,,185104,,,1,70,,54949,,,1,30,,185086,,,1,70,,185111,,,1,30,,185112,,,1,55,,112975,,,1,15,,185085,,,1,15,,185102,,,1,15,,185077,,,1,55,,185093,,,1,30,,185101,,,1,15,,185109,,,1,55,,3470,,,1,15,,185100,,,1,15,,33007,,,1,15,,185099,,,1,55,,185080,,,1,30,,185091,,,1,70,,185095,,,1,30,,95978,,,1,70,,185096,,,1,30,,185084,,,1,70,,185073,,,1,30,,185079,,,1,70,,185076,,,1,30,,185082,,,1
6301,'13',711,,23077,,,1,37,,185139,,,1,70,,185126,,,1,30,,185114,,,1,70,,185115,,,1,30,,185134,,,1,69,,185130,,,1,31,,22399,,,1,70,,185140,,,1,30,,185118,,,1,70,,185123,,,1,30,,185138,,,1,70,,185128,,,1,30,,185131,,,1,70,,185119,,,1,30,,185133,,,1,70,,185127,,,1,30,,185129,,,1,70,,185136,,,1,30,,185125,,,1,70,,112034,,,1,30,,185117,,,1,70,,185142,,,1,30,,185137,,,1,70,,185141,,,1,30,,185121,,,1,70,,185124,,,1,30,,185113,,,1,70,,185135,,,1,30,,185132,,,1,70,,185116,,,1,30,,185120,,,1,70,,185122,,,1,30,,75780,,,1
6301,'14',516,,185162,,,1,30,,185155,,,1,55,,51227,,,1,14,,185157,,,1,15,,185165,,,1,10,,4692,,,1,13,,9433,,,1,53,,64754,,,1,19,,185172,,,1,13,,104555,,,1,17,,12082,,,1,61,,185171,,,1,14,,185148,,,1,70,,121835,,,1,30,,185173,,,1,70,,185175,,,1,30,,32924,,,1,25,,185174,,,1,70,,185143,,,1,30,,185170,,,1,70,,43990,,,1,30,,65824,,,1,70,,185145,,,1,30,,60757,,,1,70,,185146,,,1,30,,185153,,,1,70,,73745,,,1,30,,185176,,,1,55,,185161,,,1,15,,185152,,,1,15,,185169,,,1,15,,117972,,,1,55,,185160,,,1,30,,185168,,,1,15,,112914,,,1,55,,185156,,,1,15,,185167,,,1,15,,185154,,,1,15,,185166,,,1,55,,46860,,,1,30,,185158,,,1,70,,185163,,,1,30,,185159,,,1,70,,185164,,,1,30,,185151,,,1,70,,185144,,,1,30,,185149,,,1,70,,185147,,,1,30,,185150,,,1
6301,'15',710,,185201,,,1,100,,185191,,,1,100,,185205,,,1,100,,185181,,,1,30,,185196,,,1,70,,185204,,,1,30,,185187,,,1,70,,185199,,,1,30,,185188,,,1,70,,185202,,,1,30,,185200,,,1,70,,185179,,,1,30,,185190,,,1,70,,185197,,,1,30,,185183,,,1,70,,185193,,,1,30,,185184,,,1,70,,185186,,,1,30,,185180,,,1,70,,185178,,,1,30,,185177,,,1,70,,185195,,,1,30,,185189,,,1,70,,185198,,,1,30,,185185,,,1,70,,185192,,,1,30,,185182,,,1,70,,185194,,,1,100,,185203,,,1
6301,'16',710,,185228,,,1,100,,185218,,,1,100,,39758,,,1,100,,185210,,,1,30,,185223,,,1,70,,185229,,,1,30,,185215,,,1,70,,185226,,,1,30,,185216,,,1,70,,57925,,,1,30,,185227,,,1,70,,185208,,,1,30,,185217,,,1,70,,185224,,,1,30,,185211,,,1,70,,185220,,,1,30,,185212,,,1,70,,185214,,,1,30,,185209,,,1,70,,185207,,,1,30,,185206,,,1,70,,185222,,,1,30,,117633,,,1,70,,185225,,,1,30,,185213,,,1,70,,185219,,,1,30,,103352,,,1,70,,185221,,,1,100,,16661,,,1
6301,'17',516,,185241,,,1,30,,185233,,,1,55,,185251,,,1,13,,185254,,,1,15,,185264,,,1,9,,3372,,,1,15,,185258,,,1,54,,3424,,,1,18,,185252,,,1,13,,185250,,,1,17,,185230,,,1,62,,185237,,,1,13,,185240,,,1,70,,49044,,,1,30,,185263,,,1,70,,79210,,,1,30,,185271,,,1,25,,185243,,,1,70,,75150,,,1,30,,185238,,,1,70,,185253,,,1,30,,185262,,,1,70,,185255,,,1,30,,185266,,,1,70,,185234,,,1,30,,185265,,,1,69,,185246,,,1,31,,185256,,,1,55,,185272,,,1,13,,185269,,,1,17,,27797,,,1,15,,30036,,,1,55,,185245,,,1,15,,185268,,,1,15,,185260,,,1,15,,185259,,,1,55,,185257,,,1,15,,185267,,,1,15,,185239,,,1,15,,185236,,,1,55,,185261,,,1,30,,185231,,,1,70,,185270,,,1,30,,185248,,,1,70,,185244,,,1,30,,185247,,,1,70,,185242,,,1,30,,185232,,,1,70,,185235,,,1,30,,110616,,,1
6301,'18',711,,185282,,,1,37,,185297,,,1,70,,185287,,,1,30,,185275,,,1,70,,185276,,,1,30,,7953,,,1,69,,185290,,,1,31,,185286,,,1,70,,185298,,,1,30,,185278,,,1,70,,65634,,,1,30,,185296,,,1,70,,185289,,,1,30,,185291,,,1,70,,185279,,,1,30,,185293,,,1,70,,185288,,,1,30,,26447,,,1,70,,185294,,,1,30,,185285,,,1,70,,185274,,,1,30,,185277,,,1,70,,185299,,,1,30,,185295,,,1,70,,78788,,,1,30,,185281,,,1,70,,185284,,,1,30,,185273,,,1,70,,96699,,,1,30,,88051,,,1,70,,58868,,,1,30,,185280,,,1,70,,185283,,,1,30,,185292,,,1
6301,'19',516,,185311,,,1,30,,185303,,,1,55,,185321,,,1,13,,185324,,,1,15,,185334,,,1,9,,2502,,,1,15,,185328,,,1,54,,2554,,,1,18,,185322,,,1,13,,185320,,,1,17,,185300,,,1,62,,185307,,,1,13,,185310,,,1,70,,48398,,,1,30,,185333,,,1,70,,78208,,,1,30,,185341,,,1,25,,185313,,,1,70,,74892,,,1,30,,185308,,,1,70,,185323,,,1,30,,185332,,,1,70,,185325,,,1,30,,185336,,,1,70,,185304,,,1,30,,185335,,,1,69,,185316,,,1,31,,185326,,,1,55,,185342,,,1,13,,185339,,,1,17,,27135,,,1,15,,29586,,,1,55,,185315,,,1,15,,185338,,,1,15,,185330,,,1,15,,185329,,,1,55,,185327,,,1,15,,185337,,,1,15,,185309,,,1,15,,185306,,,1,55,,185331,,,1,30,,185301,,,1,70,,185340,,,1,30,,185318,,,1,70,,185314,,,1,30,,185317,,,1,70,,185312,,,1,30,,185302,,,1,70,,185305,,,1,30,,110368,,,1
6301,'2',516,,185362,,,1,30,,185355,,,1,55,,50935,,,1,14,,185357,,,1,15,,185365,,,1,10,,4397,,,1,13,,9293,,,1,53,,64514,,,1,19,,185372,,,1,13,,104371,,,1,17,,11858,,,1,61,,185371,,,1,14,,185348,,,1,70,,121819,,,1,30,,185373,,,1,70,,185375,,,1,30,,32772,,,1,25,,185374,,,1,70,,185343,,,1,30,,185370,,,1,70,,43734,,,1,30,,65608,,,1,70,,185345,,,1,30,,60561,,,1,70,,185346,,,1,30,,185353,,,1,70,,73561,,,1,30,,185376,,,1,55,,185361,,,1,15,,185352,,,1,15,,185369,,,1,15,,117956,,,1,55,,185360,,,1,30,,185368,,,1,15,,112822,,,1,55,,185356,,,1,15,,185367,,,1,15,,185354,,,1,15,,185366,,,1,55,,46740,,,1,30,,185358,,,1,70,,185363,,,1,30,,185359,,,1,70,,185364,,,1,30,,185351,,,1,70,,185344,,,1,30,,185349,,,1,70,,185347,,,1,30,,185350,,,1
6301,'20',710,,185399,,,1,100,,185389,,,1,100,,39204,,,1,100,,185381,,,1,30,,185394,,,1,70,,185400,,,1,30,,185386,,,1,70,,185397,,,1,30,,185387,,,1,70,,57658,,,1,30,,185398,,,1,70,,185379,,,1,30,,185388,,,1,70,,185395,,,1,30,,185382,,,1,70,,185391,,,1,30,,185383,,,1,70,,185385,,,1,30,,185380,,,1,70,,185378,,,1,30,,185377,,,1,70,,185393,,,1,30,,117412,,,1,70,,185396,,,1,30,,185384,,,1,70,,185390,,,1,30,,103016,,,1,70,,185392,,,1,100,,16208,,,1
6301,'21',516,,185412,,,1,30,,185404,,,1,55,,185422,,,1,13,,185425,,,1,15,,185435,,,1,9,,3293,,,1,15,,185429,,,1,54,,3345,,,1,18,,185423,,,1,13,,185421,,,1,17,,185401,,,1,62,,185408,,,1,13,,185411,,,1,70,,48978,,,1,30,,185434,,,1,70,,79121,,,1,30,,185442,,,1,25,,185414,,,1,70,,75117,,,1,30,,185409,,,1,70,,185424,,,1,30,,185433,,,1,70,,185426,,,1,30,,185437,,,1,70,,185405,,,1,30,,185436,,,1,69,,185417,,,1,31,,185427,,,1,55,,185443,,,1,13,,185440,,,1,17,,27732,,,1,15,,29997,,,1,55,,185416,,,1,15,,185439,,,1,15,,185431,,,1,15,,185430,,,1,55,,185428,,,1,15,,185438,,,1,15,,185410,,,1,15,,185407,,,1,55,,185432,,,1,30,,185402,,,1,70,,185441,,,1,30,,185419,,,1,70,,185415,,,1,30,,185418,,,1,70,,185413,,,1,30,,185403,,,1,70,,185406,,,1,30,,110592,,,1
6301,'22',711,,185450,,,1,37,,185469,,,1,70,,185456,,,1,30,,185445,,,1,70,,185446,,,1,30,,185465,,,1,69,,185460,,,1,31,,185455,,,1,70,,185470,,,1,30,,104219,,,1,70,,185452,,,1,30,,185468,,,1,70,,185458,,,1,30,,185461,,,1,70,,52088,,,1,30,,185464,,,1,70,,185457,,,1,30,,185459,,,1,70,,185467,,,1,30,,185454,,,1,70,,185444,,,1,30,,185448,,,1,70,,185472,,,1,30,,80145,,,1,70,,185471,,,1,30,,80109,,,1,70,,185453,,,1,30,,92598,,,1,70,,185466,,,1,30,,185462,,,1,70,,185447,,,1,30,,185449,,,1,70,,185451,,,1,30,,185463,,,1
6301,'3',710,,185491,,,1,100,,185484,,,1,100,,185495,,,1,100,,185475,,,1,30,,185488,,,1,70,,185494,,,1,30,,185480,,,1,70,,75842,,,1,30,,185481,,,1,70,,185492,,,1,30,,185490,,,1,70,,28948,,,1,30,,185483,,,1,70,,185489,,,1,30,,185477,,,1,70,,185486,,,1,30,,63012,,,1,70,,185479,,,1,30,,185474,,,1,70,,122552,,,1,30,,185473,,,1,70,,48260,,,1,30,,185482,,,1,70,,13523,,,1,30,,185478,,,1,70,,185485,,,1,30,,185476,,,1,70,,185487,,,1,100,,185493,,,1
6301,'4',516,,185515,,,1,30,,185508,,,1,55,,51081,,,1,14,,185510,,,1,15,,185518,,,1,10,,4546,,,1,13,,9363,,,1,53,,64634,,,1,19,,185525,,,1,13,,104463,,,1,17,,11970,,,1,61,,185524,,,1,14,,185501,,,1,70,,121827,,,1,30,,185526,,,1,70,,185528,,,1,30,,32848,,,1,25,,185527,,,1,70,,185496,,,1,30,,185523,,,1,70,,43862,,,1,30,,65716,,,1,70,,185498,,,1,30,,60659,,,1,70,,185499,,,1,30,,185506,,,1,70,,73653,,,1,30,,185529,,,1,55,,185514,,,1,15,,185505,,,1,15,,185522,,,1,15,,117964,,,1,55,,185513,,,1,30,,185521,,,1,15,,112868,,,1,55,,185509,,,1,15,,185520,,,1,15,,185507,,,1,15,,185519,,,1,55,,46800,,,1,30,,185511,,,1,70,,185516,,,1,30,,185512,,,1,70,,185517,,,1,30,,185504,,,1,70,,185497,,,1,30,,185502,,,1,70,,185500,,,1,30,,185503,,,1
6301,'5',516,,185549,,,1,30,,185542,,,1,55,,51154,,,1,14,,185544,,,1,15,,185552,,,1,10,,4619,,,1,13,,9398,,,1,53,,64694,,,1,19,,185559,,,1,13,,104509,,,1,17,,12026,,,1,61,,185558,,,1,14,,185535,,,1,70,,121831,,,1,30,,185560,,,1,70,,185562,,,1,30,,32886,,,1,25,,185561,,,1,70,,185530,,,1,30,,185557,,,1,70,,43926,,,1,30,,65770,,,1,70,,185532,,,1,30,,60708,,,1,70,,185533,,,1,30,,185540,,,1,70,,73699,,,1,30,,185563,,,1,55,,185548,,,1,15,,185539,,,1,15,,185556,,,1,15,,117968,,,1,55,,185547,,,1,30,,185555,,,1,15,,112891,,,1,55,,185543,,,1,15,,185554,,,1,15,,185541,,,1,15,,185553,,,1,55,,46830,,,1,30,,185545,,,1,70,,185550,,,1,30,,185546,,,1,70,,185551,,,1,30,,185538,,,1,70,,185531,,,1,30,,185536,,,1,70,,185534,,,1,30,,185537,,,1
6301,'6',516,,185583,,,1,30,,185576,,,1,55,,50241,,,1,14,,185578,,,1,15,,185586,,,1,10,,3572,,,1,13,,8917,,,1,53,,63900,,,1,19,,185593,,,1,13,,103797,,,1,17,,11313,,,1,61,,185592,,,1,14,,185569,,,1,70,,121795,,,1,30,,185594,,,1,70,,185596,,,1,30,,32392,,,1,25,,185595,,,1,70,,185564,,,1,30,,185591,,,1,70,,43140,,,1,30,,65018,,,1,70,,185566,,,1,30,,60113,,,1,70,,185567,,,1,30,,185574,,,1,70,,73081,,,1,30,,185597,,,1,55,,185582,,,1,15,,185573,,,1,15,,185590,,,1,15,,117933,,,1,55,,185581,,,1,30,,185589,,,1,15,,112594,,,1,55,,185577,,,1,15,,185588,,,1,15,,185575,,,1,15,,185587,,,1,55,,46430,,,1,30,,185579,,,1,70,,185584,,,1,30,,185580,,,1,70,,185585,,,1,30,,185572,,,1,70,,185565,,,1,30,,185570,,,1,70,,185568,,,1,30,,185571,,,1
6301,'7',516,,185622,,,1,30,,185641,,,1,54,,185643,,,1,14,,185604,,,1,15,,185600,,,1,11,,185616,,,1,13,,185627,,,1,55,,185613,,,1,17,,185640,,,1,15,,185624,,,1,15,,185648,,,1,61,,185611,,,1,14,,185631,,,1,70,,185625,,,1,30,,185610,,,1,70,,185607,,,1,30,,185606,,,1,25,,185617,,,1,70,,185618,,,1,30,,185629,,,1,70,,185609,,,1,30,,185603,,,1,70,,185599,,,1,30,,185636,,,1,70,,185633,,,1,28,,185634,,,1,72,,185642,,,1,28,,185630,,,1,55,,185646,,,1,15,,185638,,,1,17,,185645,,,1,15,,185623,,,1,55,,185602,,,1,15,,185628,,,1,15,,185614,,,1,16,,185601,,,1,54,,185644,,,1,15,,185635,,,1,15,,185619,,,1,15,,185608,,,1,55,,185598,,,1,30,,185612,,,1,70,,185647,,,1,30,,185637,,,1,70,,185620,,,1,30,,185626,,,1,70,,185621,,,1,30,,185615,,,1,70,,185605,,,1,30,,185639,,,1
6301,'8',710,,185671,,,1,100,,185661,,,1,100,,39522,,,1,100,,185653,,,1,30,,185666,,,1,70,,185672,,,1,30,,185658,,,1,70,,185669,,,1,30,,185659,,,1,70,,57822,,,1,30,,185670,,,1,70,,185651,,,1,30,,185660,,,1,70,,185667,,,1,30,,185654,,,1,70,,185663,,,1,30,,185655,,,1,70,,185657,,,1,30,,185652,,,1,70,,185650,,,1,30,,185649,,,1,70,,185665,,,1,30,,117539,,,1,70,,185668,,,1,30,,185656,,,1,70,,185662,,,1,30,,103208,,,1,70,,185664,,,1,100,,16472,,,1
6301,'9',516,,185686,,,1,30,,40830,,,1,55,,185696,,,1,13,,185699,,,1,15,,185709,,,1,9,,185675,,,1,15,,185702,,,1,54,,185710,,,1,18,,185697,,,1,13,,185695,,,1,17,,185674,,,1,62,,185681,,,1,13,,185685,,,1,70,,185682,,,1,30,,185707,,,1,70,,185717,,,1,30,,185718,,,1,25,,104024,,,1,70,,185673,,,1,30,,185683,,,1,70,,185698,,,1,30,,185706,,,1,70,,9739,,,1,30,,185712,,,1,70,,185678,,,1,30,,185711,,,1,69,,185690,,,1,31,,185700,,,1,55,,185719,,,1,13,,185715,,,1,17,,185708,,,1,15,,185688,,,1,55,,49436,,,1,15,,185714,,,1,15,,185704,,,1,15,,185703,,,1,55,,185701,,,1,15,,185713,,,1,15,,185684,,,1,15,,185680,,,1,55,,185705,,,1,30,,185676,,,1,70,,185716,,,1,30,,185693,,,1,70,,185689,,,1,30,,185692,,,1,70,,185687,,,1,30,,185677,,,1,70,,185679,,,1,30,,185691,,,1
11000,'1',531,,216674,,,1,69,,216685,,,1,104,,216679,,,1,26,,216693,,,1,73,,216684,,,1,31,,216676,,,1,71,,216694,,,1,30,,216677,,,1,70,,216695,,,1,21,,216689,,,1,30,,109788,,,1,70,,216682,,,1,28,,81272,,,1,70,,13573,,,1,29,,216683,,,1,70,,216692,,,1,30,,216691,,,1,70,,216675,,,1,29,,216690,,,1,74,,216688,,,1,32,,216697,,,1,73,,216680,,,1,71,,216696,,,1,29,,40673,,,1,72,,216686,,,1,30,,97154,,,1,70,,79640,,,1,27,,216687,,,1,23,,216681,,,1,70,,65190,,,1,30,,216673,,,1,69,,216678,,,1
11000,'10',518,,216701,,,1,30,,216702,,,1,170,,216700,,,1,30,,216699,,,1,1071,,216698,,,1,30,,50876,,,1
11000,'11',531,,216711,,,1,69,,216715,,,1,104,,11663,,,1,26,,216703,,,1,74,,216717,,,1,30,,216713,,,1,101,,28239,,,1,70,,216723,,,1,21,,216706,,,1,30,,216722,,,1,70,,216712,,,1,28,,216708,,,1,70,,120784,,,1,29,,216709,,,1,100,,216714,,,1,70,,216719,,,1,29,,9129,,,1,74,,216724,,,1,32,,216720,,,1,73,,216721,,,1,101,,79987,,,1,71,,216705,,,1,30,,216704,,,1,70,,216716,,,1,50,,216718,,,1,70,,216707,,,1,30,,118921,,,1,69,,216710,,,1
11000,'12',531,,216733,,,1,69,,216738,,,1,104,,216742,,,1,26,,216725,,,1,74,,216740,,,1,30,,216736,,,1,101,,216726,,,1,70,,216748,,,1,21,,216729,,,1,30,,216746,,,1,70,,58277,,,1,28,,216731,,,1,70,,216734,,,1,29,,82076,,,1,100,,216737,,,1,70,,216741,,,1,29,,216735,,,1,74,,57429,,,1,32,,216743,,,1,73,,216745,,,1,101,,216744,,,1,71,,216728,,,1,30,,216727,,,1,70,,216739,,,1,50,,100262,,,1,70,,216730,,,1,30,,216747,,,1,69,,216732,,,1
11000,'13',518,,216752,,,1,30,,216753,,,1,170,,216751,,,1,30,,216750,,,1,1071,,216749,,,1,30,,216754,,,1
11000,'14',531,,216763,,,1,69,,216767,,,1,104,,12093,,,1,26,,216755,,,1,74,,216769,,,1,30,,216765,,,1,101,,28681,,,1,70,,216775,,,1,21,,216758,,,1,30,,216774,,,1,70,,216764,,,1,28,,216760,,,1,70,,120804,,,1,29,,216761,,,1,100,,216766,,,1,70,,216771,,,1,29,,9420,,,1,74,,216776,,,1,32,,216772,,,1,73,,216773,,,1,101,,80750,,,1,71,,216757,,,1,30,,216756,,,1,70,,216768,,,1,50,,216770,,,1,70,,216759,,,1,30,,119170,,,1,69,,216762,,,1
11000,'15',519,,216782,,,1,30,,216780,,,1,170,,216779,,,1,30,,216777,,,1,1071,,216781,,,1,30,,216778,,,1
11000,'16',519,,216787,,,1,30,,216786,,,1,170,,216785,,,1,30,,216783,,,1,1071,,58796,,,1,30,,216784,,,1
11000,'17',531,,216790,,,1,69,,216804,,,1,104,,216796,,,1,26,,121744,,,1,73,,216802,,,1,31,,216792,,,1,71,,216810,,,1,30,,216793,,,1,70,,216811,,,1,21,,25868,,,1,30,,216803,,,1,70,,216800,,,1,28,,216799,,,1,70,,216808,,,1,29,,216801,,,1,70,,216809,,,1,30,,67358,,,1,70,,216791,,,1,29,,216807,,,1,74,,33645,,,1,32,,84450,,,1,73,,216797,,,1,71,,20776,,,1,29,,216789,,,1,72,,40319,,,1,30,,216794,,,1,70,,216805,,,1,27,,216806,,,1,23,,216798,,,1,70,,216812,,,1,30,,216788,,,1,69,,216795,,,1
11000,'18',518,,216816,,,1,30,,216817,,,1,170,,216815,,,1,30,,216814,,,1,1071,,216813,,,1,30,,216818,,,1
11000,'19',531,,216821,,,1,69,,216835,,,1,104,,216827,,,1,26,,121688,,,1,73,,216833,,,1,31,,216823,,,1,71,,216841,,,1,30,,216824,,,1,70,,216842,,,1,21,,25390,,,1,30,,216834,,,1,70,,216831,,,1,28,,216830,,,1,70,,216839,,,1,29,,216832,,,1,70,,216840,,,1,30,,66930,,,1,70,,216822,,,1,29,,216838,,,1,74,,33253,,,1,32,,84068,,,1,73,,216828,,,1,71,,20570,,,1,29,,216820,,,1,72,,39343,,,1,30,,216825,,,1,70,,216836,,,1,27,,216837,,,1,23,,216829,,,1,70,,216843,,,1,30,,216819,,,1,69,,216826,,,1
11000,'2',531,,216852,,,1,69,,216856,,,1,104,,11869,,,1,26,,216844,,,1,74,,216858,,,1,30,,216854,,,1,101,,28441,,,1,70,,216864,,,1,21,,216847,,,1,30,,216863,,,1,70,,216853,,,1,28,,216849,,,1,70,,120788,,,1,29,,216850,,,1,100,,216855,,,1,70,,216860,,,1,29,,9280,,,1,74,,216865,,,1,32,,216861,,,1,73,,216862,,,1,101,,80394,,,1,71,,216846,,,1,30,,216845,,,1,70,,216857,,,1,50,,216859,,,1,70,,216848,,,1,30,,119014,,,1,69,,216851,,,1
11000,'20',519,,216870,,,1,30,,216869,,,1,170,,216868,,,1,30,,216866,,,1,1071,,58535,,,1,30,,216867,,,1
11000,'21',531,,216873,,,1,69,,216887,,,1,104,,216879,,,1,26,,121737,,,1,73,,216885,,,1,31,,216875,,,1,71,,216893,,,1,30,,216876,,,1,70,,216894,,,1,21,,25823,,,1,30,,216886,,,1,70,,216883,,,1,28,,216882,,,1,70,,216891,,,1,29,,216884,,,1,70,,216892,,,1,30,,67320,,,1,70,,216874,,,1,29,,216890,,,1,74,,33612,,,1,32,,84415,,,1,73,,216880,,,1,71,,20751,,,1,29,,216872,,,1,72,,40236,,,1,30,,216877,,,1,70,,216888,,,1,27,,216889,,,1,23,,216881,,,1,70,,216895,,,1,30,,216871,,,1,69,,216878,,,1
11000,'22',518,,216899,,,1,30,,216900,,,1,170,,216898,,,1,30,,216897,,,1,1071,,216896,,,1,30,,50832,,,1
11000,'3',519,,216905,,,1,30,,216903,,,1,170,,101503,,,1,30,,216901,,,1,1071,,216904,,,1,30,,216902,,,1
11000,'4',531,,216914,,,1,69,,216918,,,1,104,,11981,,,1,26,,216906,,,1,74,,216920,,,1,30,,216916,,,1,101,,28561,,,1,70,,216926,,,1,21,,216909,,,1,30,,216925,,,1,70,,216915,,,1,28,,216911,,,1,70,,120796,,,1,29,,216912,,,1,100,,216917,,,1,70,,216922,,,1,29,,9350,,,1,74,,216927,,,1,32,,216923,,,1,73,,216924,,,1,101,,80572,,,1,71,,216908,,,1,30,,216907,,,1,70,,216919,,,1,50,,216921,,,1,70,,216910,,,1,30,,119092,,,1,69,,216913,,,1
11000,'5',531,,216936,,,1,69,,216940,,,1,104,,12037,,,1,26,,216928,,,1,74,,216942,,,1,30,,216938,,,1,101,,28621,,,1,70,,216948,,,1,21,,216931,,,1,30,,216947,,,1,70,,216937,,,1,28,,216933,,,1,70,,120800,,,1,29,,216934,,,1,100,,216939,,,1,70,,216944,,,1,29,,9385,,,1,74,,216949,,,1,32,,216945,,,1,73,,216946,,,1,101,,80661,,,1,71,,216930,,,1,30,,216929,,,1,70,,216941,,,1,50,,216943,,,1,70,,216932,,,1,30,,119131,,,1,69,,216935,,,1
11000,'6',531,,216958,,,1,69,,216962,,,1,104,,11324,,,1,26,,216950,,,1,74,,216964,,,1,30,,216960,,,1,101,,27874,,,1,70,,216970,,,1,21,,216953,,,1,30,,216969,,,1,70,,216959,,,1,28,,216955,,,1,70,,120764,,,1,29,,216956,,,1,100,,216961,,,1,70,,216966,,,1,29,,8904,,,1,74,,216971,,,1,32,,216967,,,1,73,,216968,,,1,101,,79378,,,1,71,,216952,,,1,30,,216951,,,1,70,,216963,,,1,50,,216965,,,1,70,,216954,,,1,30,,118698,,,1,69,,216957,,,1
11000,'7',531,,216994,,,1,69,,216985,,,1,104,,216980,,,1,26,,217003,,,1,73,,216984,,,1,31,,217002,,,1,71,,216998,,,1,30,,216983,,,1,70,,216991,,,1,21,,216992,,,1,30,,216999,,,1,70,,216981,,,1,28,,216977,,,1,70,,216997,,,1,29,,216990,,,1,70,,216975,,,1,30,,216987,,,1,70,,217001,,,1,27,,216979,,,1,76,,216993,,,1,32,,216972,,,1,73,,216982,,,1,73,,216978,,,1,27,,216973,,,1,74,,216989,,,1,29,,217000,,,1,69,,216974,,,1,27,,216988,,,1,23,,216976,,,1,70,,216995,,,1,30,,216996,,,1,69,,216986,,,1
11000,'8',519,,217008,,,1,30,,217007,,,1,170,,217006,,,1,30,,217004,,,1,1071,,58698,,,1,30,,217005,,,1
11000,'9',531,,217011,,,1,69,,217024,,,1,104,,217017,,,1,26,,217034,,,1,73,,217022,,,1,31,,217013,,,1,71,,217035,,,1,30,,217014,,,1,70,,217036,,,1,21,,217029,,,1,30,,217023,,,1,70,,217020,,,1,28,,217019,,,1,70,,217032,,,1,29,,217021,,,1,70,,217033,,,1,30,,217031,,,1,70,,217012,,,1,29,,217030,,,1,74,,217028,,,1,32,,217038,,,1,73,,89573,,,1,71,,217037,,,1,29,,217010,,,1,72,,217025,,,1,30,,217015,,,1,70,,217026,,,1,27,,217027,,,1,23,,217018,,,1,70,,217039,,,1,30,,217009,,,1,69,,217016,,,1
11001,'11',1534,,217083,0,13,1
11001,'12',1534,,217107,0,13,1
11001,'14',1534,,217140,0,13,1
11001,'2',1534,,217238,0,13,1
11001,'4',1534,,217309,0,13,1
11001,'5',1534,,217335,0,13,1
11001,'6',1534,,217361,0,13,1
66000,'11',750,,232464,,,1
66000,'12',750,,232465,,,1
66000,'14',750,,232466,,,1
66000,'2',750,,232467,,,1
66000,'4',750,,232468,,,1
66000,'5',750,,232469,,,1
66000,'6',750,,232470,,,1
67400,'11',721,,232933,,,1,10,,232934,,,1
67400,'12',721,,97369,,,1,10,,3511,,,1
67400,'14',721,,232941,,,1,10,,232942,,,1
67400,'2',721,,232946,,,1,10,,232947,,,1
67400,'4',721,,232951,,,1,10,,232952,,,1
67400,'5',721,,232956,,,1,10,,232957,,,1
67400,'6',721,,232961,,,1,10,,232962,,,1
