8100,'1',625,,350800,74,,,0,30,,350805,74,,,0,70,,235170,74,,,0,28,,155000,74,,,0,72,,350795,74,,,0,32,,350809,74,,,0,69,,350810,74,,,0,29,,350811,74,,,0,70,,350806,74,,,0,30,,350813,74,,,0,70,,350799,74,,,0,30,,350798,74,,,0,70,,350817,74,,,0,32,,233888,74,,,0,70,,279520,74,,,0,30,,350803,74,,,0,72,,350807,74,,,0,30,,227655,74,,,0,70,,350797,74,,,0,76,,350814,74,,,0,32,,241705,74,,,0,70,,350792,74,,,0,29,,350818,74,,,0,68,,350794,74,,,0,27,,350796,74,,,0,70,,350808,74,,,0,26,,350793,74,,,0,28,,350815,74,,,0,70,,350819,74,,,0,30,,246669,74,,,0,66,,350812,74,,,0,30,,350801,74,,,0,70,,350816,74,,,0,30,,350802,74,,,0,100,,350804,74,,,0,85,,218496,74,,,0
8100,'10',811,,350833,74,,,0,30,,350836,74,,,0,70,,350827,74,,,0,30,,350821,74,,,0,70,,350838,74,,,0,30,,350822,74,,,0,73,,350825,74,,,0,30,,258919,74,,,0,70,,350839,74,,,0,30,,230200,74,,,0,71,,350831,74,,,0,30,,350837,74,,,0,70,,350832,74,,,0,30,,222998,74,,,0,70,,289658,74,,,0,30,,245165,74,,,0,70,,350830,74,,,0,30,,350834,74,,,0,70,,350820,74,,,0,30,,288032,74,,,0,70,,233933,74,,,0,30,,350826,74,,,0,69,,350824,74,,,0,30,,207555,74,,,0,70,,350835,74,,,0,100,,350823,74,,,0,97,,350829,74,,,0,100,,350828,74,,,0,100,,262301,74,,,0
8100,'11',625,,350857,74,,,0,30,,350840,74,,,0,70,,350842,74,,,0,28,,350845,74,,,0,67,,350861,74,,,0,35,,350848,74,,,0,72,,350854,74,,,0,28,,350852,74,,,0,70,,350864,74,,,0,30,,350849,74,,,0,70,,255045,74,,,0,30,,182098,74,,,0,70,,350859,74,,,0,32,,270985,74,,,0,70,,206920,74,,,0,30,,350862,74,,,0,72,,291576,74,,,0,30,,206073,74,,,0,70,,350860,74,,,0,76,,350865,74,,,0,34,,350847,74,,,0,97,,350850,74,,,0,68,,211573,74,,,0,27,,350846,74,,,0,70,,350855,74,,,0,26,,350841,74,,,0,28,,350856,74,,,0,70,,350858,74,,,0,30,,350843,74,,,0,66,,268478,74,,,0,30,,350863,74,,,0,70,,350851,74,,,0,30,,350844,74,,,0,100,,350853,74,,,0,85,,281410,74,,,0
8100,'12',808,,350867,74,,,0,30,,350886,74,,,0,70,,350889,74,,,0,30,,350876,74,,,0,70,,350890,74,,,0,30,,350879,74,,,0,73,,350881,74,,,0,30,,350885,74,,,0,70,,350883,74,,,0,30,,350877,74,,,0,71,,350868,74,,,0,30,,350882,74,,,0,70,,350887,74,,,0,30,,350880,74,,,0,70,,350874,74,,,0,30,,350884,74,,,0,70,,350869,74,,,0,30,,350888,74,,,0,70,,261314,74,,,0,30,,350866,74,,,0,70,,350870,74,,,0,30,,350871,74,,,0,69,,350891,74,,,0,100,,350873,74,,,0,100,,350872,74,,,0,97,,350875,74,,,0,100,,350878,74,,,0
8100,'13',625,,350909,74,,,0,30,,350892,74,,,0,70,,350894,74,,,0,28,,350897,74,,,0,67,,350913,74,,,0,35,,350900,74,,,0,72,,350906,74,,,0,28,,350904,74,,,0,70,,350916,74,,,0,30,,350901,74,,,0,70,,255073,74,,,0,30,,181558,74,,,0,70,,350911,74,,,0,32,,271022,74,,,0,70,,206967,74,,,0,30,,350914,74,,,0,72,,291603,74,,,0,30,,206063,74,,,0,70,,350912,74,,,0,76,,350917,74,,,0,34,,350899,74,,,0,97,,350902,74,,,0,68,,211620,74,,,0,27,,350898,74,,,0,70,,350907,74,,,0,26,,350893,74,,,0,28,,350908,74,,,0,70,,350910,74,,,0,30,,350895,74,,,0,66,,268508,74,,,0,30,,350915,74,,,0,70,,350903,74,,,0,30,,350896,74,,,0,100,,350905,74,,,0,85,,281445,74,,,0
8100,'14',625,,350935,74,,,0,30,,350918,74,,,0,70,,350920,74,,,0,28,,350923,74,,,0,67,,350939,74,,,0,35,,350926,74,,,0,72,,350932,74,,,0,28,,350930,74,,,0,70,,350942,74,,,0,30,,350927,74,,,0,70,,255200,74,,,0,30,,181843,74,,,0,70,,350937,74,,,0,32,,271182,74,,,0,70,,207142,74,,,0,30,,350940,74,,,0,72,,291706,74,,,0,30,,206065,74,,,0,70,,350938,74,,,0,76,,350943,74,,,0,34,,350925,74,,,0,97,,350928,74,,,0,68,,211844,74,,,0,27,,350924,74,,,0,70,,350933,74,,,0,26,,350919,74,,,0,28,,350934,74,,,0,70,,350936,74,,,0,30,,350921,74,,,0,66,,268631,74,,,0,30,,350941,74,,,0,70,,350929,74,,,0,30,,350922,74,,,0,100,,350931,74,,,0,85,,281611,74,,,0
8100,'15',808,,350945,74,,,0,30,,350964,74,,,0,70,,269528,74,,,0,30,,350954,74,,,0,70,,350967,74,,,0,30,,350957,74,,,0,73,,350959,74,,,0,30,,350963,74,,,0,70,,350960,74,,,0,30,,350955,74,,,0,71,,350946,74,,,0,30,,258283,74,,,0,70,,350965,74,,,0,30,,350958,74,,,0,70,,350952,74,,,0,30,,350961,74,,,0,70,,350947,74,,,0,30,,350966,74,,,0,70,,350962,74,,,0,30,,350944,74,,,0,70,,350948,74,,,0,30,,350949,74,,,0,69,,350968,74,,,0,100,,350951,74,,,0,100,,350950,74,,,0,97,,350953,74,,,0,100,,350956,74,,,0
8100,'16',811,,181424,74,,,0,30,,350989,74,,,0,70,,350981,74,,,0,30,,350971,74,,,0,70,,350991,74,,,0,30,,350972,74,,,0,73,,286218,74,,,0,30,,350985,74,,,0,70,,350993,74,,,0,30,,350973,74,,,0,71,,350986,74,,,0,30,,350990,74,,,0,70,,185951,74,,,0,30,,350980,74,,,0,70,,350978,74,,,0,30,,350992,74,,,0,70,,350984,74,,,0,30,,350987,74,,,0,70,,350970,74,,,0,30,,350974,74,,,0,70,,350994,74,,,0,30,,350979,74,,,0,69,,350976,74,,,0,30,,350977,74,,,0,70,,350988,74,,,0,100,,350975,74,,,0,97,,350983,74,,,0,100,,350982,74,,,0,100,,350969,74,,,0
8100,'2',625,,351013,74,,,0,30,,350995,74,,,0,70,,350998,74,,,0,28,,351000,74,,,0,67,,351017,74,,,0,35,,351002,74,,,0,72,,351009,74,,,0,28,,351008,74,,,0,70,,351021,74,,,0,30,,351003,74,,,0,70,,351011,74,,,0,30,,351018,74,,,0,70,,351015,74,,,0,32,,351024,74,,,0,70,,351006,74,,,0,30,,264471,74,,,0,72,,351004,74,,,0,30,,351019,74,,,0,70,,351016,74,,,0,76,,351022,74,,,0,34,,351001,74,,,0,97,,276360,74,,,0,68,,350997,74,,,0,27,,267404,74,,,0,70,,351010,74,,,0,26,,350996,74,,,0,28,,351012,74,,,0,70,,351014,74,,,0,30,,270808,74,,,0,66,,351005,74,,,0,30,,351020,74,,,0,70,,351007,74,,,0,30,,350999,74,,,0,100,,242406,74,,,0,85,,351023,74,,,0
8100,'3',625,,351042,74,,,0,30,,237744,74,,,0,70,,351027,74,,,0,28,,291823,74,,,0,67,,351044,74,,,0,35,,210071,74,,,0,72,,351038,74,,,0,28,,351036,74,,,0,70,,351049,74,,,0,30,,351031,74,,,0,70,,351040,74,,,0,30,,351045,74,,,0,70,,277254,74,,,0,32,,351052,74,,,0,70,,351035,74,,,0,30,,351047,74,,,0,72,,351032,74,,,0,30,,351046,74,,,0,70,,288495,74,,,0,76,,351050,74,,,0,34,,351030,74,,,0,97,,351033,74,,,0,68,,351026,74,,,0,27,,351029,74,,,0,70,,351039,74,,,0,26,,351025,74,,,0,28,,351041,74,,,0,70,,351043,74,,,0,30,,351028,74,,,0,66,,351034,74,,,0,30,,351048,74,,,0,70,,211018,74,,,0,30,,210062,74,,,0,100,,351037,74,,,0,85,,351051,74,,,0
8100,'4',625,,351057,74,,,0,30,,351060,74,,,0,70,,351076,74,,,0,29,,223021,74,,,0,69,,351078,74,,,0,34,,351070,74,,,0,70,,351082,74,,,0,28,,225077,74,,,0,70,,351079,74,,,0,30,,351071,74,,,0,70,,351066,74,,,0,30,,226375,74,,,0,70,,351064,74,,,0,32,,351067,74,,,0,70,,351056,74,,,0,30,,351075,74,,,0,72,,250261,74,,,0,30,,351058,74,,,0,70,,351055,74,,,0,76,,351069,74,,,0,32,,351062,74,,,0,70,,215892,74,,,0,29,,351077,74,,,0,68,,351074,74,,,0,27,,351081,74,,,0,70,,351061,74,,,0,26,,351068,74,,,0,28,,351072,74,,,0,70,,272777,74,,,0,30,,351080,74,,,0,66,,351053,74,,,0,30,,351073,74,,,0,70,,351065,74,,,0,30,,351059,74,,,0,100,,351063,74,,,0,85,,351054,74,,,0
8100,'5',625,,351100,74,,,0,30,,237854,74,,,0,70,,351085,74,,,0,28,,291873,74,,,0,67,,351102,74,,,0,35,,177633,74,,,0,72,,351096,74,,,0,28,,351094,74,,,0,70,,351107,74,,,0,30,,351089,74,,,0,70,,351098,74,,,0,30,,351103,74,,,0,70,,277338,74,,,0,32,,351110,74,,,0,70,,351093,74,,,0,30,,351105,74,,,0,72,,351090,74,,,0,30,,351104,74,,,0,70,,193815,74,,,0,76,,351108,74,,,0,34,,351088,74,,,0,97,,351091,74,,,0,68,,351084,74,,,0,27,,351087,74,,,0,70,,351097,74,,,0,26,,351083,74,,,0,28,,351099,74,,,0,70,,351101,74,,,0,30,,351086,74,,,0,66,,351092,74,,,0,30,,351106,74,,,0,70,,211173,74,,,0,30,,210211,74,,,0,100,,351095,74,,,0,85,,351109,74,,,0
8100,'6',625,,351128,74,,,0,30,,351111,74,,,0,70,,351113,74,,,0,28,,351116,74,,,0,67,,351132,74,,,0,35,,351119,74,,,0,72,,351125,74,,,0,28,,351123,74,,,0,70,,351135,74,,,0,30,,351120,74,,,0,70,,254867,74,,,0,30,,182030,74,,,0,70,,351130,74,,,0,32,,270773,74,,,0,70,,206648,74,,,0,30,,351133,74,,,0,72,,291412,74,,,0,30,,206071,74,,,0,70,,351131,74,,,0,76,,351136,74,,,0,34,,351118,74,,,0,97,,351121,74,,,0,68,,211269,74,,,0,27,,351117,74,,,0,70,,351126,74,,,0,26,,351112,74,,,0,28,,351127,74,,,0,70,,351129,74,,,0,30,,351114,74,,,0,66,,268310,74,,,0,30,,351134,74,,,0,70,,351122,74,,,0,30,,351115,74,,,0,100,,351124,74,,,0,85,,281189,74,,,0
8100,'7',625,,351155,74,,,0,30,,351137,74,,,0,70,,351140,74,,,0,28,,351142,74,,,0,67,,351159,74,,,0,35,,351144,74,,,0,72,,351151,74,,,0,28,,351150,74,,,0,70,,351163,74,,,0,30,,351145,74,,,0,70,,351153,74,,,0,30,,351160,74,,,0,70,,351157,74,,,0,32,,351166,74,,,0,70,,351148,74,,,0,30,,264268,74,,,0,72,,351146,74,,,0,30,,351161,74,,,0,70,,351158,74,,,0,76,,351164,74,,,0,34,,351143,74,,,0,97,,276245,74,,,0,68,,351139,74,,,0,27,,267331,74,,,0,70,,351152,74,,,0,26,,351138,74,,,0,28,,351154,74,,,0,70,,351156,74,,,0,30,,270709,74,,,0,66,,351147,74,,,0,30,,351162,74,,,0,70,,351149,74,,,0,30,,351141,74,,,0,100,,242271,74,,,0,85,,351165,74,,,0
8100,'8',808,,351168,74,,,0,30,,351187,74,,,0,70,,351190,74,,,0,30,,351177,74,,,0,70,,351191,74,,,0,30,,351180,74,,,0,73,,351182,74,,,0,30,,351186,74,,,0,70,,351184,74,,,0,30,,351178,74,,,0,71,,351169,74,,,0,30,,351183,74,,,0,70,,351188,74,,,0,30,,351181,74,,,0,70,,351175,74,,,0,30,,351185,74,,,0,70,,351170,74,,,0,30,,351189,74,,,0,70,,125287,74,,,0,30,,351167,74,,,0,70,,351171,74,,,0,30,,351172,74,,,0,69,,351192,74,,,0,100,,351174,74,,,0,100,,351173,74,,,0,97,,351176,74,,,0,100,,351179,74,,,0
8100,'9',625,,351210,74,,,0,30,,351193,74,,,0,70,,351195,74,,,0,28,,351198,74,,,0,67,,351214,74,,,0,35,,351201,74,,,0,72,,351207,74,,,0,28,,351205,74,,,0,70,,351217,74,,,0,30,,351202,74,,,0,70,,254782,74,,,0,30,,181882,74,,,0,70,,351212,74,,,0,32,,270676,74,,,0,70,,206528,74,,,0,30,,351215,74,,,0,72,,291333,74,,,0,30,,206067,74,,,0,70,,351213,74,,,0,76,,351218,74,,,0,34,,351200,74,,,0,97,,351203,74,,,0,68,,211110,74,,,0,27,,351199,74,,,0,70,,351208,74,,,0,26,,351194,74,,,0,28,,351209,74,,,0,70,,351211,74,,,0,30,,351196,74,,,0,66,,268225,74,,,0,30,,351216,74,,,0,70,,351204,74,,,0,30,,351197,74,,,0,100,,351206,74,,,0,85,,281081,74,,,0
