22800,'1',608,,203301,52,,,1,32,,110136,52,,,1,78,,203300,52,,,1
22800,'10',608,,203302,52,,,1,110,,203303,52,,,1
22800,'12',608,,41632,52,,,1,32,,203305,52,,,1,76,,203304,52,,,1
22800,'14',608,,203307,52,,,1,32,,203308,52,,,1,76,,203306,52,,,1
22800,'15',608,,203310,52,,,1,32,,203311,52,,,1,76,,203309,52,,,1
22800,'16',608,,203313,52,,,1,32,,203314,52,,,1,76,,203312,52,,,1
22800,'17',608,,203316,52,,,1,32,,110279,52,,,1,78,,203315,52,,,1
22800,'2',608,,203318,52,,,1,32,,110165,52,,,1,78,,203317,52,,,1
22800,'3',608,,203320,52,,,1,32,,203321,52,,,1,76,,203319,52,,,1
22800,'5',608,,203323,52,,,1,32,,203322,52,,,1,78,,95812,52,,,1
22800,'6',608,,203325,52,,,1,32,,110437,52,,,1,78,,203324,52,,,1
22800,'8',608,,203327,52,,,1,32,,110408,52,,,1,78,,203326,52,,,1
