27500,'1',539,,67618,1,,,1,65,,204103,1,,,1,30,,204099,1,,,1,25,,204100,1,,,1,72,,204101,1,,,1,85,,204102,1,,,1
27500,'10',539,,204107,1,,,1,65,,204106,1,,,1,30,,204109,1,,,1,25,,204108,1,,,1,72,,204105,1,,,1,85,,204104,1,,,1
27500,'12',539,,120177,1,,,1,65,,204111,1,,,1,30,,54642,1,,,1,25,,204110,1,,,1,72,,204113,1,,,1,85,,204112,1,,,1
27500,'14',539,,204116,1,,,1,65,,204115,1,,,1,30,,204118,1,,,1,25,,204114,1,,,1,72,,204119,1,,,1,85,,204117,1,,,1
27500,'15',539,,204122,1,,,1,65,,204121,1,,,1,30,,204124,1,,,1,25,,204120,1,,,1,72,,204125,1,,,1,85,,204123,1,,,1
27500,'16',539,,204128,1,,,1,65,,204127,1,,,1,30,,204130,1,,,1,25,,204126,1,,,1,72,,204131,1,,,1,85,,204129,1,,,1
27500,'17',539,,67761,1,,,1,65,,204136,1,,,1,30,,204132,1,,,1,25,,204133,1,,,1,72,,204134,1,,,1,85,,204135,1,,,1
27500,'2',539,,67648,1,,,1,65,,204141,1,,,1,30,,204137,1,,,1,25,,204138,1,,,1,72,,204139,1,,,1,85,,204140,1,,,1
27500,'3',539,,204144,1,,,1,65,,204143,1,,,1,30,,204146,1,,,1,25,,204142,1,,,1,72,,204147,1,,,1,85,,204145,1,,,1
27500,'5',539,,204151,1,,,1,65,,204152,1,,,1,30,,204148,1,,,1,25,,204149,1,,,1,72,,49733,1,,,1,85,,204150,1,,,1
27500,'6',539,,67928,1,,,1,65,,204157,1,,,1,30,,204153,1,,,1,25,,204154,1,,,1,72,,204155,1,,,1,85,,204156,1,,,1
27500,'8',539,,67898,1,,,1,65,,204162,1,,,1,30,,204158,1,,,1,25,,204159,1,,,1,72,,204160,1,,,1,85,,204161,1,,,1
67100,'1',810,,205565,1,,,1,2,,205564,1,,,1
67100,'17',810,,205569,1,,,1,2,,205568,1,,,1
67100,'2',810,,205573,1,,,1,2,,205572,1,,,1
67100,'5',810,,205577,1,,,1,2,,205576,1,,,1
67100,'6',810,,205582,1,,,1,2,,205581,1,,,1
67100,'8',810,,205586,1,,,1,2,,205585,1,,,1
68300,'1',824,,205894,1,,,1,5,,54682,1,,,1,5,,205898,1,,,1
68300,'17',824,,205900,1,,,1,5,,54913,1,,,1,5,,205904,1,,,1
68300,'2',824,,205906,1,,,1,5,,54731,1,,,1,5,,205910,1,,,1
68300,'5',824,,109161,1,,,1,5,,205915,1,,,1,5,,205916,1,,,1
68300,'6',824,,205918,1,,,1,5,,55190,1,,,1,5,,205922,1,,,1
68300,'8',824,,205924,1,,,1,5,,55141,1,,,1,5,,205928,1,,,1
