22800,'12',605,,293330,48,,,1,32,,293328,48,,,1,78,,293329,48,,,1
22800,'14',605,,203307,48,,,1,32,,201967,48,,,1,76,,144709,48,,,1
22800,'15',605,,293333,48,,,1,32,,293331,48,,,1,78,,293332,48,,,1
22800,'17',605,,41632,48,,,1,32,,201927,48,,,1,76,,144665,48,,,1
22800,'18',605,,203313,48,,,1,32,,202028,48,,,1,76,,66119,48,,,1
22800,'2',605,,293335,48,,,1,32,,293336,48,,,1,76,,293334,48,,,1
22800,'3',605,,174554,48,,,1,32,,293337,48,,,1,78,,130514,48,,,1
22800,'4',605,,293340,48,,,1,32,,293338,48,,,1,78,,293339,48,,,1
22800,'5',605,,293343,48,,,1,32,,293341,48,,,1,78,,293342,48,,,1
22800,'7',605,,293345,48,,,1,32,,293346,48,,,1,76,,293344,48,,,1
22800,'8',605,,293347,48,,,1,110,,293348,48,,,1
22800,'9',605,,293351,48,,,1,32,,293349,48,,,1,78,,293350,48,,,1
