5800,'1',903,,509792,4,,1,26,,611984,4,,1,74,,611988,4,,1,28,,502376,4,,1,72,,612002,4,,1,28,,611995,4,,1,72,,611996,4,,1,28,,611982,4,,1,72,,611999,4,,1,28,,611993,4,,1,72,,343330,4,,1,28,,468905,4,,1,72,,611987,4,,1,28,,611980,4,,1,72,,611998,4,,1,28,,486559,4,,1,72,,612000,4,,1,28,,611983,4,,1,72,,611986,4,,1,27,,611997,4,,1,71,,611981,4,,1,29,,612001,4,,1,71,,611994,4,,1,27,,611989,4,,1,73,,611992,4,,1,27,,611979,4,,1,79,,611991,4,,1,49,,611985,4,,1,149,,611990,4,,1
5800,'10',944,,612017,4,,1,70,,612013,4,,1,30,,504293,4,,1,68,,612016,4,,1,32,,612014,4,,1,68,,612005,4,,1,32,,612010,4,,1,68,,612012,4,,1,32,,493501,4,,1,68,,612007,4,,1,32,,480804,4,,1,68,,612004,4,,1,32,,612011,4,,1,68,,510756,4,,1,32,,612019,4,,1,68,,612015,4,,1,32,,612018,4,,1,70,,612006,4,,1,30,,612009,4,,1,69,,612003,4,,1,31,,612008,4,,1
5800,'11',623,,612041,4,,1,80,,612030,,,1,30,,612027,,,1,70,,612035,,,1,30,,612032,,,1,72,,612043,4,,1,13,,482995,4,,1,32,,475033,4,,1,70,,612037,4,,1,32,,612023,4,,1,70,,612029,4,,1,30,,612039,4,,1,70,,473947,4,,1,30,,612026,4,,1,70,,612036,4,,1,30,,612033,4,,1,70,,612040,4,,1,30,,612025,4,,1,69,,612042,4,,1,33,,409690,,,1,99,,612031,,,1,69,,514453,4,,1,30,,612028,4,,1,70,,612021,4,,1,15,,612022,4,,1,96,,612024,4,,1,100,,473124,4,,1,100,,478440,4,,1,69,,612034,4,,1,30,,612038,4,,1,97,,612020,4,,1
5800,'12',623,,612065,4,,1,80,,612054,,,1,30,,612050,,,1,70,,612059,,,1,30,,612056,,,1,72,,612067,4,,1,13,,612051,4,,1,32,,612060,4,,1,70,,612062,4,,1,32,,475064,4,,1,70,,612053,4,,1,30,,542040,4,,1,70,,612046,4,,1,30,,612049,4,,1,70,,612061,4,,1,30,,612057,4,,1,70,,612064,4,,1,30,,612048,4,,1,69,,612066,4,,1,33,,612063,,,1,99,,524859,,,1,69,,612045,4,,1,30,,612052,4,,1,70,,521068,4,,1,15,,477463,4,,1,96,,612047,4,,1,100,,612068,4,,1,100,,612055,4,,1,69,,612058,4,,1,30,,549972,4,,1,97,,612044,4,,1
5800,'13',623,,612090,4,,1,80,,612079,,,1,30,,612075,,,1,70,,612084,,,1,30,,612081,,,1,72,,612092,4,,1,13,,612076,4,,1,32,,612085,4,,1,70,,612087,4,,1,32,,474620,4,,1,70,,612078,4,,1,30,,396409,4,,1,70,,612071,4,,1,30,,612074,4,,1,70,,612086,4,,1,30,,612082,4,,1,70,,612089,4,,1,30,,612073,4,,1,69,,612091,4,,1,33,,612088,,,1,99,,524379,,,1,69,,612070,4,,1,30,,612077,4,,1,70,,349713,4,,1,15,,477074,4,,1,96,,612072,4,,1,100,,612093,4,,1,100,,612080,4,,1,69,,612083,4,,1,30,,549958,4,,1,97,,612069,4,,1
5800,'14',623,,612115,4,,1,80,,612104,,,1,30,,612100,,,1,70,,612109,,,1,30,,612106,,,1,72,,612117,4,,1,13,,612101,4,,1,32,,612110,4,,1,70,,612112,4,,1,32,,474947,4,,1,70,,612103,4,,1,30,,322380,4,,1,70,,612096,4,,1,30,,612099,4,,1,70,,612111,4,,1,30,,612107,4,,1,70,,612114,4,,1,30,,612098,4,,1,69,,612116,4,,1,33,,612113,,,1,99,,524739,,,1,69,,612095,4,,1,30,,612102,4,,1,70,,350075,4,,1,15,,477360,4,,1,96,,612097,4,,1,100,,612118,4,,1,100,,612105,4,,1,69,,612108,4,,1,30,,549970,4,,1,97,,612094,4,,1
5800,'15',623,,612140,4,,1,80,,612129,,,1,30,,612125,,,1,70,,612134,,,1,30,,612131,,,1,72,,612142,4,,1,13,,612126,4,,1,32,,612135,4,,1,70,,612137,4,,1,32,,474873,4,,1,70,,612128,4,,1,30,,396776,4,,1,70,,612121,4,,1,30,,612124,4,,1,70,,612136,4,,1,30,,612132,4,,1,70,,612139,4,,1,30,,612123,4,,1,69,,612141,4,,1,33,,612138,,,1,99,,524653,,,1,69,,612120,4,,1,30,,612127,4,,1,70,,350132,4,,1,15,,477300,4,,1,96,,612122,4,,1,100,,612143,4,,1,100,,612130,4,,1,69,,612133,4,,1,30,,549964,4,,1,97,,612119,4,,1
5800,'16',623,,612174,4,,1,78,,612144,,,1,32,,612148,,,1,70,,612160,,,1,30,,612159,,,1,72,,612146,4,,1,13,,612157,4,,1,32,,612167,4,,1,70,,612175,4,,1,32,,612164,4,,1,70,,612163,4,,1,30,,612158,4,,1,70,,612156,4,,1,30,,612153,4,,1,70,,612151,4,,1,30,,612149,4,,1,70,,612172,4,,1,30,,612165,4,,1,70,,612154,4,,1,32,,405952,,,1,70,,612155,,,1,28,,612168,,,1,70,,612171,4,,1,30,,354742,4,,1,70,,612145,4,,1,15,,542223,4,,1,69,,612170,4,,1,27,,612147,4,,1,70,,612169,4,,1,30,,612173,4,,1,70,,612161,4,,1,30,,612162,4,,1,69,,612166,4,,1,30,,612152,4,,1,97,,612150,4,,1
5800,'17',623,,612197,4,,1,80,,612186,,,1,30,,612182,,,1,70,,612191,,,1,30,,612188,,,1,72,,612199,4,,1,13,,612183,4,,1,32,,612192,4,,1,70,,612194,4,,1,32,,474836,4,,1,70,,612185,4,,1,30,,396617,4,,1,70,,612178,4,,1,30,,612181,4,,1,70,,612193,4,,1,30,,612189,4,,1,70,,612196,4,,1,30,,612180,4,,1,69,,612198,4,,1,33,,612195,,,1,99,,524610,,,1,69,,612177,4,,1,30,,612184,4,,1,70,,349952,4,,1,15,,477270,4,,1,96,,612179,4,,1,100,,612200,4,,1,100,,612187,4,,1,69,,612190,4,,1,30,,549961,4,,1,97,,612176,4,,1
5800,'18',623,,612222,4,,1,80,,612211,,,1,30,,612207,,,1,70,,612216,,,1,30,,612213,,,1,72,,612224,4,,1,13,,612208,4,,1,32,,612217,4,,1,70,,612219,4,,1,32,,475200,4,,1,70,,612210,4,,1,30,,396499,4,,1,70,,612203,4,,1,30,,612206,4,,1,70,,612218,4,,1,30,,612214,4,,1,70,,612221,4,,1,30,,612205,4,,1,69,,612223,4,,1,33,,612220,,,1,99,,525012,,,1,69,,612202,4,,1,30,,612209,4,,1,70,,349818,4,,1,15,,477578,4,,1,96,,612204,4,,1,100,,612225,4,,1,100,,612212,4,,1,69,,612215,4,,1,30,,549978,4,,1,97,,612201,4,,1
5800,'19',623,,480491,4,,1,80,,612239,,,1,30,,612235,,,1,70,,534264,,,1,30,,612242,,,1,72,,612249,4,,1,13,,612236,4,,1,32,,612244,4,,1,70,,519532,4,,1,32,,612229,4,,1,70,,612238,4,,1,30,,612248,4,,1,70,,612231,4,,1,30,,612234,4,,1,70,,612245,4,,1,30,,612243,4,,1,70,,501461,4,,1,30,,612233,4,,1,69,,470377,4,,1,33,,612247,,,1,99,,612241,,,1,69,,612230,4,,1,30,,612237,4,,1,70,,612227,4,,1,15,,612228,4,,1,96,,612232,4,,1,100,,612250,4,,1,100,,612240,4,,1,69,,459792,4,,1,30,,612246,4,,1,97,,612226,4,,1
5800,'2',944,,404367,4,,1,70,,612261,4,,1,30,,612262,4,,1,68,,612268,4,,1,32,,612263,4,,1,68,,612253,4,,1,32,,612258,4,,1,68,,612260,4,,1,32,,612265,4,,1,68,,612255,4,,1,32,,612267,4,,1,68,,612252,4,,1,32,,612259,4,,1,68,,612266,4,,1,32,,538686,4,,1,68,,612264,4,,1,32,,612269,4,,1,70,,612254,4,,1,30,,612257,4,,1,69,,612251,4,,1,31,,612256,4,,1
5800,'20',623,,612291,4,,1,80,,612280,,,1,30,,612276,,,1,70,,612285,,,1,30,,612282,,,1,72,,612293,4,,1,13,,612277,4,,1,32,,612286,4,,1,70,,612288,4,,1,32,,475105,4,,1,70,,612279,4,,1,30,,396540,4,,1,70,,612272,4,,1,30,,612275,4,,1,70,,612287,4,,1,30,,612283,4,,1,70,,612290,4,,1,30,,612274,4,,1,69,,612292,4,,1,33,,612289,,,1,99,,524906,,,1,69,,612271,4,,1,30,,612278,4,,1,70,,349867,4,,1,15,,477495,4,,1,96,,612273,4,,1,100,,612294,4,,1,100,,612281,4,,1,69,,612284,4,,1,30,,549975,4,,1,97,,612270,4,,1
5800,'21',623,,612323,4,,1,78,,612295,,,1,32,,612299,,,1,70,,612310,,,1,30,,468955,,,1,72,,612297,4,,1,13,,612308,4,,1,32,,516515,4,,1,70,,612324,4,,1,32,,612314,4,,1,70,,612313,4,,1,30,,612309,4,,1,70,,612307,4,,1,30,,545321,4,,1,70,,612302,4,,1,30,,612300,4,,1,70,,468439,4,,1,30,,612315,4,,1,70,,612305,4,,1,32,,612304,,,1,70,,612306,,,1,28,,612318,,,1,70,,612321,4,,1,30,,612296,4,,1,70,,536107,4,,1,15,,612317,4,,1,69,,612320,4,,1,27,,612298,4,,1,70,,612319,4,,1,30,,612322,4,,1,70,,612311,4,,1,30,,612312,4,,1,69,,612316,4,,1,30,,612303,4,,1,97,,612301,4,,1
5800,'22',623,,612352,4,,1,80,,612338,,,1,30,,612334,,,1,70,,612344,,,1,30,,612341,,,1,72,,475952,4,,1,13,,612335,4,,1,32,,612345,4,,1,70,,612347,4,,1,32,,612328,4,,1,70,,612337,4,,1,30,,612350,4,,1,70,,612330,4,,1,30,,612333,4,,1,70,,612346,4,,1,30,,612342,4,,1,70,,612351,4,,1,30,,612332,4,,1,69,,612353,4,,1,33,,612349,,,1,99,,612340,,,1,69,,612329,4,,1,30,,612336,4,,1,70,,612326,4,,1,15,,612327,4,,1,96,,612331,4,,1,100,,612354,4,,1,100,,612339,4,,1,69,,612343,4,,1,30,,612348,4,,1,97,,612325,4,,1
5800,'23',623,,612388,4,,1,78,,612355,,,1,32,,612360,,,1,70,,612373,,,1,30,,612372,,,1,72,,612358,4,,1,13,,612370,4,,1,32,,612381,4,,1,70,,612389,4,,1,32,,612377,4,,1,70,,612376,4,,1,30,,612371,4,,1,70,,612369,4,,1,30,,612366,4,,1,70,,612363,4,,1,30,,612361,4,,1,70,,612386,4,,1,30,,612378,4,,1,70,,612367,4,,1,32,,612365,,,1,70,,612368,,,1,28,,612382,,,1,70,,612385,4,,1,30,,612356,4,,1,70,,612357,4,,1,15,,612380,4,,1,69,,612384,4,,1,27,,612359,4,,1,70,,612383,4,,1,30,,612387,4,,1,70,,612374,4,,1,30,,612375,4,,1,69,,612379,4,,1,30,,612364,4,,1,97,,612362,4,,1
5800,'3',944,,612408,4,,1,70,,612400,4,,1,30,,612401,4,,1,68,,612407,4,,1,32,,612402,4,,1,68,,612392,4,,1,32,,612397,4,,1,68,,612399,4,,1,32,,612404,4,,1,68,,612394,4,,1,32,,612406,4,,1,68,,612391,4,,1,32,,612398,4,,1,68,,612405,4,,1,32,,612410,4,,1,68,,612403,4,,1,32,,612409,4,,1,70,,612393,4,,1,30,,612396,4,,1,69,,612390,4,,1,31,,612395,4,,1
5800,'4',903,,612416,4,,1,26,,612417,4,,1,74,,612420,4,,1,28,,612432,4,,1,72,,612434,4,,1,28,,612427,4,,1,72,,612428,4,,1,28,,240208,4,,1,72,,612431,4,,1,28,,612426,4,,1,72,,612424,4,,1,28,,612429,4,,1,72,,612419,4,,1,28,,612412,4,,1,72,,612430,4,,1,28,,612414,4,,1,72,,345310,4,,1,28,,612415,4,,1,72,,491657,4,,1,27,,531137,4,,1,71,,612413,4,,1,29,,612433,4,,1,71,,424951,4,,1,27,,612421,4,,1,73,,612425,4,,1,27,,612411,4,,1,79,,612423,4,,1,49,,612418,4,,1,149,,612422,4,,1
5800,'5',623,,612469,4,,1,80,,612459,,,1,30,,612462,,,1,70,,612442,,,1,30,,612467,,,1,72,,612449,4,,1,13,,612450,4,,1,32,,612454,4,,1,70,,612455,4,,1,32,,612438,4,,1,70,,612463,4,,1,30,,612456,4,,1,70,,612440,4,,1,30,,612453,4,,1,70,,612444,4,,1,30,,612452,4,,1,70,,612437,4,,1,30,,612435,4,,1,68,,612466,4,,1,29,,612465,,,1,77,,612445,,,1,26,,612468,,,1,71,,612446,4,,1,31,,612461,4,,1,68,,612436,4,,1,15,,612458,4,,1,69,,612443,4,,1,27,,612439,4,,1,70,,612448,4,,1,30,,612464,4,,1,70,,612447,4,,1,30,,612451,4,,1,69,,612457,4,,1,30,,612441,4,,1,97,,612460,4,,1
5800,'6',623,,612494,4,,1,78,,612470,,,1,32,,612474,,,1,70,,456183,,,1,30,,612483,,,1,72,,492590,4,,1,13,,453993,4,,1,32,,612488,4,,1,70,,471964,4,,1,32,,521547,4,,1,70,,474448,4,,1,30,,612482,4,,1,70,,612481,4,,1,30,,612479,4,,1,70,,612476,4,,1,30,,456172,4,,1,70,,612493,4,,1,30,,612485,4,,1,70,,466460,4,,1,32,,612478,,,1,70,,612480,,,1,28,,612489,,,1,70,,612492,4,,1,30,,612471,4,,1,70,,612472,4,,1,15,,612487,4,,1,69,,612491,4,,1,27,,612473,4,,1,70,,612490,4,,1,30,,458238,4,,1,70,,612484,4,,1,30,,451899,4,,1,69,,612486,4,,1,30,,612477,4,,1,97,,612475,4,,1
5800,'7',944,,404137,4,,1,70,,612505,4,,1,30,,612506,4,,1,68,,612512,4,,1,32,,612507,4,,1,68,,612497,4,,1,32,,612502,4,,1,68,,612504,4,,1,32,,612509,4,,1,68,,612499,4,,1,32,,612511,4,,1,68,,612496,4,,1,32,,612503,4,,1,68,,612510,4,,1,32,,538855,4,,1,68,,612508,4,,1,32,,612513,4,,1,70,,612498,4,,1,30,,612501,4,,1,69,,612495,4,,1,31,,612500,4,,1
5800,'8',623,,612535,4,,1,80,,612524,,,1,30,,612520,,,1,70,,612529,,,1,30,,612526,,,1,72,,612537,4,,1,13,,612521,4,,1,32,,612530,4,,1,70,,612532,4,,1,32,,474910,4,,1,70,,612523,4,,1,30,,396699,4,,1,70,,612516,4,,1,30,,612519,4,,1,70,,612531,4,,1,30,,612527,4,,1,70,,612534,4,,1,30,,612518,4,,1,69,,612536,4,,1,33,,612533,,,1,99,,524696,,,1,69,,612515,4,,1,30,,612522,4,,1,70,,350048,4,,1,15,,477330,4,,1,96,,612517,4,,1,100,,612538,4,,1,100,,612525,4,,1,69,,612528,4,,1,30,,549967,4,,1,97,,612514,4,,1
5800,'9',623,,612563,4,,1,78,,612539,,,1,32,,612543,,,1,70,,456821,,,1,30,,612552,,,1,72,,493240,4,,1,13,,454767,4,,1,32,,612557,4,,1,70,,472439,4,,1,32,,522177,4,,1,70,,474568,4,,1,30,,612551,4,,1,70,,612550,4,,1,30,,612548,4,,1,70,,612545,4,,1,30,,456810,4,,1,70,,612562,4,,1,30,,612554,4,,1,70,,466989,4,,1,32,,612547,,,1,70,,612549,,,1,28,,612558,,,1,70,,612561,4,,1,30,,612540,4,,1,70,,612541,4,,1,15,,612556,4,,1,69,,612560,4,,1,27,,612542,4,,1,70,,612559,4,,1,30,,458599,4,,1,70,,612553,4,,1,30,,452453,4,,1,69,,612555,4,,1,30,,612546,4,,1,97,,612544,4,,1
5801,'1',834,,612568,,,1,70,,474251,0,79,1,30,,612576,,,1,70,,534478,0,79,1,30,,612570,,,1,70,,534491,0,79,1,30,,544187,,,1,70,,612564,0,79,1,30,,525049,,,1,70,,372106,0,79,1,30,,466328,,,1,70,,612572,0,79,1,30,,461697,,,1,70,,489621,0,79,1,30,,612575,,,1,70,,612580,0,79,1,30,,612566,,,1,70,,612569,0,79,1,30,,612578,,,1,70,,612577,0,79,1,30,,476953,,,1,70,,612565,0,79,1,30,,486568,,,1,70,,612571,0,79,1,30,,612579,,,1,70,,612567,0,79,1,30,,612573,,,1,123,,612574,0,79,1
5801,'10',950,,612587,,,1,70,,378625,0,79,1,30,,460292,,,1,70,,612583,0,79,1,30,,378638,,,1,70,,538529,0,79,1,30,,543847,,,1,70,,612585,0,79,1,30,,612589,,,1,70,,612588,0,79,1,30,,445309,,,1,70,,466595,0,79,1,30,,612590,,,1,70,,495617,0,79,1,30,,612581,,,1,70,,612591,0,79,1,30,,464082,,,1,70,,612586,0,79,1,30,,612582,,,1,72,,612584,0,79,1
5801,'11',624,,612604,,,1,91,,612609,,,1,30,,612606,,,1,71,,612593,,,1,30,,430846,,,1,60,,612603,,,1,30,,520987,,,1,72,,612594,,,1,30,,612601,,,1,70,,612616,,,1,30,,612592,,,1,70,,612613,,,1,30,,612610,,,1,70,,612602,,,1,30,,612614,,,1,70,,612597,,,1,100,,612598,0,79,1,30,,612599,0,79,1,71,,612612,0,79,1,98,,612595,0,79,1,19,,612605,0,79,1,30,,612611,0,79,1,70,,612596,0,79,1,29,,379070,0,79,1,100,,612608,0,79,1,100,,488005,0,79,1,70,,612600,0,79,1,30,,612607,0,79,1,70,,509449,0,79,1,97,,612615,0,79,1
5801,'12',624,,612629,,,1,91,,612631,,,1,30,,612630,,,1,71,,612618,,,1,30,,612638,,,1,60,,612628,,,1,30,,612624,,,1,72,,544047,,,1,30,,612626,,,1,70,,486370,,,1,30,,612617,,,1,70,,612634,,,1,30,,325905,,,1,70,,612627,,,1,30,,612636,,,1,70,,612621,,,1,100,,526010,0,79,1,30,,612622,0,79,1,71,,612633,0,79,1,98,,612619,0,79,1,19,,473196,0,79,1,30,,612632,0,79,1,70,,612620,0,79,1,29,,612625,0,79,1,100,,532482,0,79,1,100,,612635,0,79,1,70,,529013,0,79,1,30,,497693,0,79,1,70,,612623,0,79,1,97,,612637,0,79,1
5801,'13',624,,612651,,,1,91,,612653,,,1,30,,612652,,,1,71,,612640,,,1,30,,612660,,,1,60,,612650,,,1,30,,612646,,,1,72,,543702,,,1,30,,612648,,,1,70,,485771,,,1,30,,612639,,,1,70,,612656,,,1,30,,501159,,,1,70,,612649,,,1,30,,612658,,,1,70,,612643,,,1,100,,525131,0,79,1,30,,612644,0,79,1,71,,612655,0,79,1,98,,612641,0,79,1,19,,366317,0,79,1,30,,612654,0,79,1,70,,612642,0,79,1,29,,612647,0,79,1,100,,531846,0,79,1,100,,612657,0,79,1,70,,528404,0,79,1,30,,497226,0,79,1,70,,612645,0,79,1,97,,612659,0,79,1
5801,'14',624,,612673,,,1,91,,612675,,,1,30,,612674,,,1,71,,612662,,,1,30,,612682,,,1,60,,612672,,,1,30,,612668,,,1,72,,543943,,,1,30,,612670,,,1,70,,486198,,,1,30,,612661,,,1,70,,612678,,,1,30,,501389,,,1,70,,612671,,,1,30,,612680,,,1,70,,612665,,,1,100,,525782,0,79,1,30,,612666,0,79,1,71,,612677,0,79,1,98,,612663,0,79,1,19,,366915,0,79,1,30,,612676,0,79,1,70,,612664,0,79,1,29,,612669,0,79,1,100,,532308,0,79,1,100,,612679,0,79,1,70,,528850,0,79,1,30,,497563,0,79,1,70,,612667,0,79,1,97,,612681,0,79,1
5801,'15',624,,612695,,,1,91,,612697,,,1,30,,612696,,,1,71,,612684,,,1,30,,612704,,,1,60,,612694,,,1,30,,612690,,,1,72,,543889,,,1,30,,612692,,,1,70,,486102,,,1,30,,612683,,,1,70,,612700,,,1,30,,501341,,,1,70,,612693,,,1,30,,612702,,,1,70,,612687,,,1,100,,525634,0,79,1,30,,612688,0,79,1,71,,612699,0,79,1,98,,612685,0,79,1,19,,367020,0,79,1,30,,612698,0,79,1,70,,612686,0,79,1,29,,612691,0,79,1,100,,532202,0,79,1,100,,612701,0,79,1,70,,528744,0,79,1,30,,497495,0,79,1,70,,612689,0,79,1,97,,612703,0,79,1
5801,'16',624,,612721,,,1,89,,612727,,,1,32,,612705,,,1,71,,612735,,,1,30,,612733,,,1,60,,612709,,,1,30,,612712,,,1,72,,612710,,,1,30,,612734,,,1,70,,612719,,,1,30,,612736,,,1,70,,612713,,,1,30,,612728,,,1,70,,612724,,,1,30,,612714,,,1,70,,612708,,,1,30,,612729,,,1,70,,438161,0,79,1,30,,612720,0,79,1,71,,612725,0,79,1,28,,612730,0,79,1,68,,612706,0,79,1,21,,612707,0,79,1,30,,612711,0,79,1,70,,612718,0,79,1,29,,612731,0,79,1,70,,612722,0,79,1,30,,612732,0,79,1,70,,612723,0,79,1,30,,612716,0,79,1,70,,483798,0,79,1,30,,612717,0,79,1,70,,612715,0,79,1,97,,612726,0,79,1
5801,'17',624,,612749,,,1,91,,612751,,,1,30,,612750,,,1,71,,612738,,,1,30,,612758,,,1,60,,612748,,,1,30,,612744,,,1,72,,543862,,,1,30,,612746,,,1,70,,486054,,,1,30,,612737,,,1,70,,612754,,,1,30,,501317,,,1,70,,612747,,,1,30,,612756,,,1,70,,612741,,,1,100,,525560,0,79,1,30,,612742,0,79,1,71,,612753,0,79,1,98,,612739,0,79,1,19,,312336,0,79,1,30,,612752,0,79,1,70,,612740,0,79,1,29,,612745,0,79,1,100,,532149,0,79,1,100,,612755,0,79,1,70,,528691,0,79,1,30,,497461,0,79,1,70,,612743,0,79,1,97,,612757,0,79,1
5801,'18',624,,612771,,,1,91,,612773,,,1,30,,612772,,,1,71,,612760,,,1,30,,612780,,,1,60,,612770,,,1,30,,612766,,,1,72,,544154,,,1,30,,612768,,,1,70,,486551,,,1,30,,612759,,,1,70,,612776,,,1,30,,501574,,,1,70,,612769,,,1,30,,612778,,,1,70,,612763,,,1,100,,526278,0,79,1,30,,612764,0,79,1,71,,612775,0,79,1,98,,612761,0,79,1,19,,366481,0,79,1,30,,612774,0,79,1,70,,612762,0,79,1,29,,612767,0,79,1,100,,532671,0,79,1,100,,612777,0,79,1,70,,529192,0,79,1,30,,497827,0,79,1,70,,612765,0,79,1,97,,612779,0,79,1
5801,'19',624,,470369,,,1,91,,356401,,,1,30,,612797,,,1,71,,612782,,,1,30,,612807,,,1,60,,612795,,,1,30,,612790,,,1,72,,612783,,,1,30,,612793,,,1,70,,612806,,,1,30,,612781,,,1,70,,612802,,,1,30,,612800,,,1,70,,612794,,,1,30,,612804,,,1,70,,612786,,,1,100,,612787,0,79,1,30,,612788,0,79,1,71,,460591,0,79,1,98,,612784,0,79,1,19,,612796,0,79,1,30,,612801,0,79,1,70,,612785,0,79,1,29,,612792,0,79,1,100,,612799,0,79,1,100,,612803,0,79,1,70,,612791,0,79,1,30,,612798,0,79,1,70,,612789,0,79,1,97,,612805,0,79,1
5801,'2',950,,612818,,,1,70,,612820,0,79,1,30,,612809,,,1,70,,612812,0,79,1,30,,612823,,,1,70,,612816,0,79,1,30,,612817,,,1,70,,612814,0,79,1,30,,612822,,,1,70,,612819,0,79,1,30,,612824,,,1,70,,612821,0,79,1,30,,612825,,,1,70,,612815,0,79,1,30,,612808,,,1,70,,612826,0,79,1,30,,612811,,,1,70,,490126,0,79,1,30,,612810,,,1,72,,612813,0,79,1
5801,'20',624,,612839,,,1,91,,612841,,,1,30,,612840,,,1,71,,612828,,,1,30,,612848,,,1,60,,612838,,,1,30,,612834,,,1,72,,544078,,,1,30,,612836,,,1,70,,486418,,,1,30,,612827,,,1,70,,612844,,,1,30,,501506,,,1,70,,612837,,,1,30,,612846,,,1,70,,612831,,,1,100,,526095,0,79,1,30,,612832,0,79,1,71,,612843,0,79,1,98,,612829,0,79,1,19,,366561,0,79,1,30,,612842,0,79,1,70,,612830,0,79,1,29,,612835,0,79,1,100,,532535,0,79,1,100,,612845,0,79,1,70,,529065,0,79,1,30,,497728,0,79,1,70,,612833,0,79,1,97,,612847,0,79,1
5801,'21',624,,612859,,,1,89,,612864,,,1,32,,612849,,,1,71,,548880,,,1,30,,526535,,,1,60,,612852,,,1,30,,612855,,,1,72,,612854,,,1,30,,363191,,,1,70,,502456,,,1,30,,612869,,,1,70,,500082,,,1,30,,612865,,,1,70,,612862,,,1,30,,612856,,,1,70,,612851,,,1,30,,612866,,,1,70,,612867,0,79,1,30,,512880,0,79,1,71,,483623,0,79,1,28,,499448,0,79,1,68,,495199,0,79,1,21,,612850,0,79,1,30,,513716,0,79,1,70,,612858,0,79,1,29,,612868,0,79,1,70,,612860,0,79,1,30,,504721,0,79,1,70,,612861,0,79,1,30,,430554,0,79,1,70,,612853,0,79,1,30,,489226,0,79,1,70,,612857,0,79,1,97,,612863,0,79,1
5801,'22',624,,612880,,,1,91,,612884,,,1,30,,479708,,,1,71,,612870,,,1,30,,612892,,,1,60,,612879,,,1,30,,612874,,,1,72,,612871,,,1,30,,612877,,,1,70,,612891,,,1,30,,499458,,,1,70,,612888,,,1,30,,612885,,,1,70,,612878,,,1,30,,612890,,,1,70,,534595,,,1,100,,612872,0,79,1,30,,544267,0,79,1,71,,612887,0,79,1,98,,452744,0,79,1,19,,612881,0,79,1,30,,612886,0,79,1,70,,518689,0,79,1,29,,612876,0,79,1,100,,612883,0,79,1,100,,612889,0,79,1,70,,612875,0,79,1,30,,612882,0,79,1,70,,612873,0,79,1,97,,523139,0,79,1
5801,'23',624,,612910,,,1,89,,612916,,,1,32,,612893,,,1,71,,612925,,,1,30,,612923,,,1,60,,612897,,,1,30,,612901,,,1,72,,612899,,,1,30,,612924,,,1,70,,612908,,,1,30,,612926,,,1,70,,612902,,,1,30,,612917,,,1,70,,612913,,,1,30,,612903,,,1,70,,612896,,,1,30,,612918,,,1,70,,612919,0,79,1,30,,612909,0,79,1,71,,612914,0,79,1,28,,612920,0,79,1,68,,612894,0,79,1,21,,612895,0,79,1,30,,612900,0,79,1,70,,612907,0,79,1,29,,612921,0,79,1,70,,612911,0,79,1,30,,612922,0,79,1,70,,612912,0,79,1,30,,612905,0,79,1,70,,612898,0,79,1,30,,612906,0,79,1,70,,612904,0,79,1,97,,612915,0,79,1
5801,'3',950,,612938,,,1,70,,612940,0,79,1,30,,612928,,,1,70,,612931,0,79,1,30,,612943,,,1,70,,612935,0,79,1,30,,612936,,,1,70,,612933,0,79,1,30,,612942,,,1,70,,612939,0,79,1,30,,612944,,,1,70,,612941,0,79,1,30,,612945,,,1,70,,612934,0,79,1,30,,612927,,,1,70,,612946,0,79,1,30,,612930,,,1,70,,612937,0,79,1,30,,612929,,,1,72,,612932,0,79,1
5801,'4',834,,612955,,,1,70,,612948,0,79,1,30,,612965,,,1,70,,612957,0,79,1,30,,509999,,,1,70,,612964,0,79,1,30,,612956,,,1,70,,612947,0,79,1,30,,612949,,,1,70,,612963,0,79,1,30,,612971,,,1,70,,612959,0,79,1,30,,612968,,,1,70,,612970,0,79,1,30,,612962,,,1,70,,612969,0,79,1,30,,612951,,,1,70,,496632,0,79,1,30,,612967,,,1,70,,612966,0,79,1,30,,612954,,,1,70,,612950,0,79,1,30,,612953,,,1,70,,612958,0,79,1,30,,526733,,,1,70,,612952,0,79,1,30,,612960,,,1,123,,612961,0,79,1
5801,'5',624,,612999,,,1,91,,612993,,,1,30,,613000,,,1,71,,613004,,,1,30,,612997,,,1,60,,612982,,,1,30,,612998,,,1,72,,612996,,,1,30,,613001,,,1,70,,612977,,,1,30,,612981,,,1,70,,612973,,,1,30,,612975,,,1,70,,612979,,,1,30,,612978,,,1,70,,612990,,,1,30,,612988,,,1,70,,613005,0,79,1,30,,612992,0,79,1,71,,612986,0,79,1,29,,612984,0,79,1,69,,612991,0,79,1,19,,612987,0,79,1,30,,612972,0,79,1,70,,612995,0,79,1,29,,612983,0,79,1,70,,612976,0,79,1,30,,612985,0,79,1,70,,613003,0,79,1,30,,612974,0,79,1,70,,612989,0,79,1,30,,612980,0,79,1,70,,612994,0,79,1,97,,613002,0,79,1
5801,'6',624,,487575,,,1,89,,613025,,,1,32,,613006,,,1,71,,613032,,,1,30,,613030,,,1,60,,613009,,,1,30,,613012,,,1,72,,371079,,,1,30,,613031,,,1,70,,613018,,,1,30,,474748,,,1,70,,613013,,,1,30,,512954,,,1,70,,613022,,,1,30,,613014,,,1,70,,613008,,,1,30,,613026,,,1,70,,613027,0,79,1,30,,613019,0,79,1,71,,613023,0,79,1,28,,613028,0,79,1,68,,613007,0,79,1,21,,539707,0,79,1,30,,613011,0,79,1,70,,613017,0,79,1,29,,444648,0,79,1,70,,613020,0,79,1,30,,613029,0,79,1,70,,613021,0,79,1,30,,613015,0,79,1,70,,613010,0,79,1,30,,613016,0,79,1,70,,475377,0,79,1,97,,613024,0,79,1
5801,'7',950,,613043,,,1,70,,613045,0,79,1,30,,613034,,,1,70,,613037,0,79,1,30,,613048,,,1,70,,613041,0,79,1,30,,613042,,,1,70,,613039,0,79,1,30,,613047,,,1,70,,613044,0,79,1,30,,613049,,,1,70,,613046,0,79,1,30,,613050,,,1,70,,613040,0,79,1,30,,613033,,,1,70,,613051,0,79,1,30,,613036,,,1,70,,490397,0,79,1,30,,613035,,,1,72,,613038,0,79,1
5801,'8',624,,613064,,,1,91,,613066,,,1,30,,613065,,,1,71,,613053,,,1,30,,613073,,,1,60,,613063,,,1,30,,613059,,,1,72,,543916,,,1,30,,613061,,,1,70,,486150,,,1,30,,613052,,,1,70,,613069,,,1,30,,501365,,,1,70,,613062,,,1,30,,613071,,,1,70,,613056,,,1,100,,525708,0,79,1,30,,613057,0,79,1,71,,613068,0,79,1,98,,613054,0,79,1,19,,366854,0,79,1,30,,613067,0,79,1,70,,613055,0,79,1,29,,613060,0,79,1,100,,532255,0,79,1,100,,613070,0,79,1,70,,528797,0,79,1,30,,497529,0,79,1,70,,613058,0,79,1,97,,613072,0,79,1
5801,'9',624,,488177,,,1,89,,613093,,,1,32,,613074,,,1,71,,613100,,,1,30,,613098,,,1,60,,613077,,,1,30,,613080,,,1,72,,370919,,,1,30,,613099,,,1,70,,613086,,,1,30,,475173,,,1,70,,613081,,,1,30,,513462,,,1,70,,613090,,,1,30,,613082,,,1,70,,613076,,,1,30,,613094,,,1,70,,613095,0,79,1,30,,613087,0,79,1,71,,613091,0,79,1,28,,613096,0,79,1,68,,613075,0,79,1,21,,539928,0,79,1,30,,613079,0,79,1,70,,613085,0,79,1,29,,444512,0,79,1,70,,613088,0,79,1,30,,613097,0,79,1,70,,613089,0,79,1,30,,613083,0,79,1,70,,613078,0,79,1,30,,613084,0,79,1,70,,475778,0,79,1,97,,613092,0,79,1
6600,'11',1421,,619113,,,1,32,,619112,,,1,68,,619116,,,1,32,,619115,,,1,72,,619114,,,1,27,,509471,,,1,70,,619111,,,1,94,,619110,,,1,27,,499088,,,1
6600,'12',1421,,517048,,,1,32,,511855,,,1,68,,501024,,,1,32,,619120,,,1,72,,619119,,,1,27,,619121,,,1,70,,619117,,,1,94,,530577,,,1,27,,619118,,,1
6600,'13',1421,,516452,,,1,32,,511598,,,1,68,,500690,,,1,32,,619125,,,1,72,,619124,,,1,27,,619126,,,1,70,,619122,,,1,94,,530195,,,1,27,,619123,,,1
6600,'14',1421,,516889,,,1,32,,511797,,,1,68,,500927,,,1,32,,619130,,,1,72,,619129,,,1,27,,619131,,,1,70,,619127,,,1,94,,530468,,,1,27,,619128,,,1
6600,'15',1421,,516789,,,1,32,,511739,,,1,68,,500881,,,1,32,,619135,,,1,72,,619134,,,1,27,,619136,,,1,70,,619132,,,1,94,,530412,,,1,27,,619133,,,1
6600,'16',1421,,619138,,,1,32,,619140,,,1,70,,619141,,,1,30,,619137,,,1,70,,619144,,,1,29,,619143,,,1,69,,619142,,,1,34,,619139,,,1,60,,460255,,,1,28,,456242,,,1
6600,'17',1421,,516739,,,1,32,,511710,,,1,68,,500859,,,1,32,,619148,,,1,72,,619147,,,1,27,,619149,,,1,70,,619145,,,1,94,,530384,,,1,27,,619146,,,1
6600,'18',1421,,517231,,,1,32,,511937,,,1,68,,501114,,,1,32,,619153,,,1,72,,619152,,,1,27,,619154,,,1,70,,619150,,,1,94,,530689,,,1,27,,619151,,,1
6600,'19',1421,,619159,,,1,32,,619157,,,1,68,,619162,,,1,32,,514574,,,1,72,,619160,,,1,27,,619161,,,1,70,,619156,,,1,94,,619155,,,1,27,,619158,,,1
6600,'20',1421,,517105,,,1,32,,511881,,,1,68,,501047,,,1,32,,619166,,,1,72,,619165,,,1,27,,619167,,,1,70,,619163,,,1,94,,530607,,,1,27,,619164,,,1
6600,'21',1421,,619169,,,1,32,,619171,,,1,70,,619172,,,1,30,,619168,,,1,70,,520497,,,1,29,,484897,,,1,69,,619173,,,1,34,,619170,,,1,60,,619175,,,1,28,,619174,,,1
6600,'22',1421,,619180,,,1,32,,619178,,,1,68,,619184,,,1,32,,619182,,,1,72,,619181,,,1,27,,619183,,,1,70,,619177,,,1,94,,619176,,,1,27,,619179,,,1
6600,'23',1421,,619186,,,1,32,,619188,,,1,70,,619189,,,1,30,,619185,,,1,70,,619194,,,1,29,,619193,,,1,69,,619190,,,1,34,,619187,,,1,60,,619192,,,1,28,,619191,,,1
6600,'5',1421,,619203,,,1,32,,619195,,,1,70,,619198,,,1,28,,619201,,,1,71,,619199,,,1,30,,619196,,,1,68,,619202,,,1,35,,619197,,,1,60,,619204,,,1,28,,619200,,,1
6600,'6',1421,,619206,,,1,32,,619208,,,1,70,,619209,,,1,30,,619205,,,1,70,,619214,,,1,29,,619213,,,1,69,,619210,,,1,34,,619207,,,1,60,,619212,,,1,28,,619211,,,1
6600,'8',1421,,516839,,,1,32,,511768,,,1,68,,500904,,,1,32,,619218,,,1,72,,619217,,,1,27,,619219,,,1,70,,619215,,,1,94,,530440,,,1,27,,619216,,,1
6600,'9',1421,,619221,,,1,32,,619223,,,1,70,,619224,,,1,30,,619220,,,1,70,,619229,,,1,29,,619228,,,1,69,,619225,,,1,34,,619222,,,1,60,,619227,,,1,28,,619226,,,1
6601,'11',605,,471609,,,1,25,,619230,,,1,70,,619234,,,1,30,,619236,,,1,70,,619235,,,1,17,,619232,,,1,29,,619231,,,1,69,,619233,,,1,21,,619237,,,1
6601,'12',605,,619241,,,1,25,,482016,,,1,70,,619239,,,1,30,,619240,,,1,70,,544069,,,1,17,,343529,,,1,29,,619238,,,1,69,,494075,,,1,21,,619242,,,1
6601,'13',605,,619246,,,1,25,,481661,,,1,70,,619244,,,1,30,,619245,,,1,70,,369771,,,1,17,,513634,,,1,29,,619243,,,1,69,,433202,,,1,21,,619247,,,1
6601,'14',605,,619251,,,1,25,,481919,,,1,70,,619249,,,1,30,,619250,,,1,70,,370101,,,1,17,,514325,,,1,29,,619248,,,1,69,,433447,,,1,21,,619252,,,1
6601,'15',605,,619256,,,1,25,,481863,,,1,70,,619254,,,1,30,,619255,,,1,70,,370156,,,1,17,,514189,,,1,29,,619253,,,1,69,,433494,,,1,21,,619257,,,1
6601,'16',605,,619261,,,1,25,,619263,,,1,70,,619262,,,1,30,,619259,,,1,70,,619258,,,1,17,,619266,,,1,28,,619265,,,1,70,,619260,,,1,21,,619264,,,1
6601,'17',605,,619270,,,1,25,,481835,,,1,70,,619268,,,1,30,,619269,,,1,70,,369980,,,1,17,,514121,,,1,29,,619267,,,1,69,,433345,,,1,21,,619271,,,1
6601,'18',605,,619275,,,1,25,,482115,,,1,70,,619273,,,1,30,,619274,,,1,70,,369862,,,1,17,,514874,,,1,29,,619272,,,1,69,,433261,,,1,21,,619276,,,1
6601,'19',605,,619284,,,1,25,,619277,,,1,70,,619281,,,1,30,,619283,,,1,70,,619282,,,1,17,,619279,,,1,29,,619278,,,1,69,,619280,,,1,21,,619285,,,1
6601,'20',605,,619289,,,1,25,,482046,,,1,70,,619287,,,1,30,,619288,,,1,70,,369907,,,1,17,,514667,,,1,29,,619286,,,1,69,,433291,,,1,21,,619290,,,1
6601,'21',605,,619293,,,1,25,,619295,,,1,70,,619294,,,1,30,,477672,,,1,70,,619291,,,1,17,,619297,,,1,28,,619296,,,1,70,,619292,,,1,21,,465577,,,1
6601,'22',605,,619303,,,1,25,,619298,,,1,70,,499466,,,1,30,,619302,,,1,70,,619301,,,1,17,,619299,,,1,29,,403295,,,1,69,,619300,,,1,21,,274338,,,1
6601,'23',605,,619307,,,1,25,,619309,,,1,70,,619308,,,1,30,,619305,,,1,70,,619304,,,1,17,,619312,,,1,28,,619311,,,1,70,,619306,,,1,21,,619310,,,1
6601,'5',605,,619319,,,1,25,,619317,,,1,70,,619315,,,1,30,,619321,,,1,29,,619314,,,1,59,,619313,,,1,28,,619316,,,1,69,,619318,,,1,21,,619320,,,1
6601,'6',605,,507994,,,1,25,,619326,,,1,70,,619325,,,1,30,,619323,,,1,70,,619322,,,1,17,,619329,,,1,28,,619328,,,1,70,,619324,,,1,21,,619327,,,1
6601,'8',605,,619333,,,1,25,,481891,,,1,70,,619331,,,1,30,,619332,,,1,70,,370072,,,1,17,,514257,,,1,29,,619330,,,1,69,,433423,,,1,21,,619334,,,1
6601,'9',605,,508655,,,1,25,,619339,,,1,70,,619338,,,1,30,,619336,,,1,70,,619335,,,1,17,,619342,,,1,28,,619341,,,1,70,,619337,,,1,21,,619340,,,1
