16801,'1',624,,335343,,,1,110,,335348,,,1,100,,195633,,,1,70,,335356,,,1,30,,335362,,,1,70,,335337,,,1,31,,335359,,,1,70,,335351,,,1,30,,335345,,,1,70,,195646,,,1,31,,335355,,,1,70,,127872,,,1,30,,335353,,,1,70,,335340,,,1,30,,191872,,,1,70,,335341,,,1,30,,335350,,,1,70,,335347,,,1,30,,335349,,,1,70,,335352,,,1,30,,3701,,,1,70,,335339,,,1,29,,335363,,,1,70,,335342,,,1,30,,335346,,,1,70,,335360,,,1,30,,335338,,,1,70,,335361,,,1,30,,335344,,,1,70,,335358,,,1,29,,335354,,,1,100,,335357,,,1
16801,'10',534,,335383,,,1,76,,335389,,,1,35,,335381,,,1,70,,212578,,,1,30,,335377,,,1,75,,144099,,,1,12,,335371,0,44,1,18,,335368,,,1,70,,335378,,,1,29,,335386,,,1,65,,185571,,,1,30,,36906,,,1,70,,335376,,,1,30,,335372,,,1,70,,335385,,,1,30,,335367,,,1,70,,335364,,,1,30,,154080,,,1,70,,335390,,,1,36,,335384,,,1,70,,335366,,,1,32,,335388,,,1,71,,335369,,,1,28,,335392,,,1,70,,335373,,,1,30,,335374,,,1,68,,335379,,,1,30,,335370,,,1,69,,335387,,,1,30,,335380,,,1,64,,335391,,,1,25,,198344,,,1,70,,335382,,,1,30,,335365,,,1,70,,335375,,,1,100,,198341,,,1,107,,85849,,,1
16801,'11',629,,335397,,,1,100,,178825,,,1,100,,335399,,,1,72,,335414,,,1,30,,335394,,,1,70,,166268,,,1,31,,225291,,,1,70,,335411,,,1,30,,335398,,,1,70,,335404,,,1,31,,335408,,,1,70,,335409,,,1,30,,335413,,,1,70,,335403,,,1,30,,335415,,,1,70,,335402,,,1,30,,335400,,,1,70,,161345,,,1,30,,335410,,,1,70,,335393,,,1,30,,335407,,,1,70,,335406,,,1,29,,335395,,,1,70,,177342,,,1,30,,335405,,,1,100,,335416,,,1,98,,335401,,,1,99,,335396,,,1,100,,335412,,,1
16801,'12',534,,335436,,,1,76,,335442,,,1,35,,335434,,,1,70,,211875,,,1,30,,335430,,,1,75,,143655,,,1,12,,335424,0,44,1,18,,335421,,,1,70,,335431,,,1,29,,335439,,,1,65,,185045,,,1,30,,37119,,,1,70,,335429,,,1,30,,335425,,,1,70,,335438,,,1,30,,335420,,,1,70,,335417,,,1,30,,153654,,,1,70,,335443,,,1,36,,335437,,,1,70,,335419,,,1,32,,335441,,,1,71,,335422,,,1,28,,335445,,,1,70,,335426,,,1,30,,335427,,,1,68,,335432,,,1,30,,335423,,,1,69,,335440,,,1,30,,335433,,,1,64,,335444,,,1,25,,197939,,,1,70,,335435,,,1,30,,335418,,,1,70,,335428,,,1,100,,197936,,,1,107,,85879,,,1
16801,'13',629,,335450,,,1,100,,178797,,,1,100,,335452,,,1,72,,335467,,,1,30,,335447,,,1,70,,166248,,,1,31,,225281,,,1,70,,335464,,,1,30,,335451,,,1,70,,335457,,,1,31,,335461,,,1,70,,335462,,,1,30,,335466,,,1,70,,335456,,,1,30,,335468,,,1,70,,335455,,,1,30,,335453,,,1,70,,161277,,,1,30,,335463,,,1,70,,335446,,,1,30,,335460,,,1,70,,335459,,,1,29,,335448,,,1,70,,177310,,,1,30,,335458,,,1,100,,335469,,,1,98,,335454,,,1,99,,335449,,,1,100,,335465,,,1
16801,'14',534,,335489,,,1,76,,335495,,,1,35,,335487,,,1,70,,212277,,,1,30,,335483,,,1,75,,143908,,,1,12,,335477,0,44,1,18,,335474,,,1,70,,335484,,,1,29,,335492,,,1,65,,185350,,,1,30,,37261,,,1,70,,335482,,,1,30,,335478,,,1,70,,335491,,,1,30,,335473,,,1,70,,335470,,,1,30,,153893,,,1,70,,335496,,,1,36,,335490,,,1,70,,335472,,,1,32,,335494,,,1,71,,335475,,,1,28,,335498,,,1,70,,335479,,,1,30,,335480,,,1,68,,335485,,,1,30,,335476,,,1,69,,335493,,,1,30,,335486,,,1,64,,335497,,,1,25,,198178,,,1,70,,335488,,,1,30,,335471,,,1,70,,335481,,,1,100,,198175,,,1,107,,85885,,,1
16801,'15',534,,335508,,,1,111,,335500,,,1,100,,335505,,,1,105,,335511,,,1,99,,335516,,,1,95,,335512,,,1,100,,335510,,,1,100,,335504,,,1,100,,203993,,,1,106,,335513,,,1,102,,149552,,,1,99,,335506,,,1,100,,335509,,,1,98,,335499,,,1,99,,335514,,,1,89,,335501,,,1,100,,335503,,,1,100,,335502,,,1,100,,335507,,,1,77,,335515,,,1
16801,'16',624,,126739,,,1,110,,335526,,,1,100,,335532,,,1,70,,335535,,,1,30,,180640,,,1,70,,335517,,,1,31,,335538,,,1,70,,335529,,,1,30,,335522,,,1,70,,335539,,,1,31,,335533,,,1,70,,335534,,,1,30,,335530,,,1,70,,335520,,,1,30,,335523,,,1,70,,335521,,,1,30,,335528,,,1,70,,335525,,,1,30,,335527,,,1,70,,85677,,,1,30,,335524,,,1,70,,335519,,,1,29,,335542,,,1,70,,218195,,,1,30,,166959,,,1,70,,335540,,,1,30,,335518,,,1,70,,335541,,,1,30,,3160,,,1,70,,335537,,,1,29,,335531,,,1,100,,335536,,,1
16801,'17',534,,335566,,,1,76,,222726,,,1,35,,202827,,,1,70,,335561,,,1,30,,145063,,,1,75,,208533,,,1,30,,335568,,,1,70,,161399,,,1,29,,164545,,,1,65,,157250,,,1,30,,335551,,,1,70,,335550,,,1,30,,335555,,,1,70,,335543,,,1,30,,72959,,,1,70,,335544,,,1,30,,335562,,,1,70,,335546,,,1,36,,335563,,,1,70,,28844,,,1,32,,335569,,,1,69,,335558,,,1,30,,335559,,,1,70,,335552,,,1,30,,335553,,,1,68,,335547,,,1,30,,335556,,,1,69,,335548,,,1,30,,335549,,,1,64,,335557,,,1,25,,335565,,,1,70,,335567,,,1,30,,335560,,,1,70,,335564,,,1,100,,335554,,,1,107,,335545,,,1
16801,'18',534,,335589,,,1,76,,335595,,,1,35,,335587,,,1,70,,212472,,,1,30,,335583,,,1,75,,144045,,,1,12,,335577,0,44,1,18,,335574,,,1,70,,335584,,,1,29,,335592,,,1,65,,185503,,,1,30,,37329,,,1,70,,335582,,,1,30,,335578,,,1,70,,335591,,,1,30,,335573,,,1,70,,335570,,,1,30,,154020,,,1,70,,335596,,,1,36,,335590,,,1,70,,335572,,,1,32,,335594,,,1,71,,335575,,,1,28,,335598,,,1,70,,335579,,,1,30,,335580,,,1,68,,335585,,,1,30,,335576,,,1,69,,335593,,,1,30,,335586,,,1,64,,335597,,,1,25,,198294,,,1,70,,335588,,,1,30,,335571,,,1,70,,335581,,,1,100,,198291,,,1,107,,85897,,,1
16801,'19',534,,335622,,,1,76,,222842,,,1,35,,203005,,,1,70,,335617,,,1,30,,145205,,,1,75,,208729,,,1,30,,335624,,,1,70,,161723,,,1,29,,164756,,,1,65,,157380,,,1,30,,335607,,,1,70,,335606,,,1,30,,335611,,,1,70,,335599,,,1,30,,72886,,,1,70,,335600,,,1,30,,335618,,,1,70,,335602,,,1,36,,335619,,,1,70,,28785,,,1,32,,335625,,,1,69,,335614,,,1,30,,335615,,,1,70,,335608,,,1,30,,335609,,,1,68,,335603,,,1,30,,335612,,,1,69,,335604,,,1,30,,335605,,,1,64,,335613,,,1,25,,335621,,,1,70,,335623,,,1,30,,335616,,,1,70,,335620,,,1,100,,335610,,,1,107,,335601,,,1
16801,'2',629,,335631,,,1,100,,335628,,,1,100,,335633,,,1,72,,335647,,,1,30,,335629,,,1,70,,335634,,,1,31,,335640,,,1,70,,335644,,,1,30,,335632,,,1,70,,335639,,,1,31,,335642,,,1,70,,167681,,,1,30,,335646,,,1,70,,335638,,,1,30,,335649,,,1,70,,335637,,,1,30,,335635,,,1,70,,335648,,,1,30,,335643,,,1,70,,335626,,,1,30,,335641,,,1,70,,81158,,,1,29,,147499,,,1,70,,335627,,,1,30,,129719,,,1,100,,335650,,,1,98,,335636,,,1,99,,335630,,,1,100,,335645,,,1
16801,'20',534,,335674,,,1,76,,222561,,,1,35,,107051,,,1,70,,335669,,,1,30,,13575,,,1,75,,208217,,,1,30,,335676,,,1,70,,160879,,,1,29,,164214,,,1,65,,157037,,,1,30,,335659,,,1,70,,335658,,,1,30,,335663,,,1,70,,335651,,,1,30,,194613,,,1,70,,335652,,,1,30,,335670,,,1,70,,335654,,,1,36,,335671,,,1,70,,217059,,,1,32,,335677,,,1,69,,335666,,,1,30,,335667,,,1,70,,335660,,,1,30,,335661,,,1,68,,335655,,,1,30,,335664,,,1,69,,335656,,,1,30,,335657,,,1,64,,335665,,,1,25,,335673,,,1,70,,335675,,,1,30,,335668,,,1,70,,335672,,,1,100,,335662,,,1,107,,335653,,,1
16801,'21',534,,335697,,,1,76,,335703,,,1,35,,335695,,,1,70,,212019,,,1,30,,335691,,,1,75,,143737,,,1,12,,335685,0,44,1,18,,335682,,,1,70,,335692,,,1,29,,335700,,,1,65,,185150,,,1,30,,37397,,,1,70,,335690,,,1,30,,335686,,,1,70,,335699,,,1,30,,335681,,,1,70,,335678,,,1,30,,153737,,,1,70,,335704,,,1,36,,335698,,,1,70,,335680,,,1,32,,335702,,,1,71,,335683,,,1,28,,335706,,,1,70,,335687,,,1,30,,335688,,,1,68,,335693,,,1,30,,335684,,,1,69,,335701,,,1,30,,335694,,,1,64,,335705,,,1,25,,198018,,,1,70,,335696,,,1,30,,335679,,,1,70,,335689,,,1,100,,198015,,,1,107,,85909,,,1
16801,'22',534,,335726,,,1,76,,335732,,,1,35,,335724,,,1,70,,211930,,,1,30,,335720,,,1,75,,143683,,,1,12,,335714,0,44,1,18,,335711,,,1,70,,335721,,,1,29,,335729,,,1,65,,185082,,,1,30,,194805,,,1,70,,335719,,,1,30,,335715,,,1,70,,335728,,,1,30,,335710,,,1,70,,335707,,,1,30,,153684,,,1,70,,335733,,,1,36,,335727,,,1,70,,335709,,,1,32,,335731,,,1,71,,335712,,,1,28,,335735,,,1,70,,335716,,,1,30,,335717,,,1,68,,335722,,,1,30,,335713,,,1,69,,335730,,,1,30,,335723,,,1,64,,335734,,,1,25,,197967,,,1,70,,335725,,,1,30,,335708,,,1,70,,335718,,,1,100,,197964,,,1,107,,130824,,,1
16801,'3',624,,335741,,,1,110,,152646,,,1,100,,335753,,,1,70,,335755,,,1,30,,335761,,,1,70,,335736,,,1,31,,335757,,,1,70,,335749,,,1,30,,335743,,,1,70,,335758,,,1,31,,130239,,,1,70,,335754,,,1,30,,335751,,,1,70,,335739,,,1,30,,335745,,,1,70,,157402,,,1,30,,335748,,,1,70,,174014,,,1,30,,335747,,,1,70,,335750,,,1,30,,335746,,,1,70,,335738,,,1,29,,335762,,,1,70,,335740,,,1,30,,335744,,,1,70,,335759,,,1,30,,335737,,,1,70,,335760,,,1,30,,335742,,,1,70,,335756,,,1,29,,335752,,,1,100,,171129,,,1
16801,'4',534,,335787,,,1,76,,335794,,,1,35,,335785,,,1,70,,335765,,,1,30,,204491,,,1,75,,335771,,,1,12,,335774,0,44,1,18,,335769,,,1,70,,335782,,,1,29,,335791,,,1,65,,335768,,,1,30,,335788,,,1,70,,335781,,,1,30,,335775,,,1,70,,335790,,,1,30,,335767,,,1,70,,335763,,,1,30,,335764,,,1,70,,335795,,,1,36,,335789,,,1,70,,335766,,,1,32,,335793,,,1,71,,335770,,,1,28,,335797,,,1,70,,335776,,,1,30,,335777,,,1,68,,335783,,,1,30,,335773,,,1,69,,335792,,,1,30,,335784,,,1,64,,335796,,,1,25,,335780,,,1,70,,335786,,,1,30,,171009,,,1,70,,335778,,,1,100,,335772,,,1,107,,335779,,,1
16801,'5',629,,335803,,,1,100,,335800,,,1,100,,335805,,,1,72,,335819,,,1,30,,335801,,,1,70,,335806,,,1,31,,335812,,,1,70,,335816,,,1,30,,335804,,,1,70,,335811,,,1,31,,335814,,,1,70,,167547,,,1,30,,335818,,,1,70,,335810,,,1,30,,335821,,,1,70,,335809,,,1,30,,335807,,,1,70,,335820,,,1,30,,335815,,,1,70,,335798,,,1,30,,335813,,,1,70,,225214,,,1,29,,10731,,,1,70,,335799,,,1,30,,129559,,,1,100,,335822,,,1,98,,335808,,,1,99,,335802,,,1,100,,335817,,,1
16801,'6',629,,335827,,,1,100,,179235,,,1,100,,335829,,,1,72,,335844,,,1,30,,335824,,,1,70,,166546,,,1,31,,225481,,,1,70,,335841,,,1,30,,335828,,,1,70,,335834,,,1,31,,335838,,,1,70,,335839,,,1,30,,335843,,,1,70,,335833,,,1,30,,335845,,,1,70,,335832,,,1,30,,335830,,,1,70,,162193,,,1,30,,335840,,,1,70,,335823,,,1,30,,335837,,,1,70,,335836,,,1,29,,335825,,,1,70,,177816,,,1,30,,335835,,,1,100,,335846,,,1,98,,335831,,,1,99,,335826,,,1,100,,335842,,,1
16801,'7',534,,335870,,,1,76,,223022,,,1,35,,203287,,,1,70,,335865,,,1,30,,145423,,,1,75,,209074,,,1,30,,335872,,,1,70,,162252,,,1,29,,165091,,,1,65,,157601,,,1,30,,335855,,,1,70,,335854,,,1,30,,335859,,,1,70,,335847,,,1,30,,196096,,,1,70,,335848,,,1,30,,335866,,,1,70,,335850,,,1,36,,335867,,,1,70,,217434,,,1,32,,335873,,,1,69,,335862,,,1,30,,335863,,,1,70,,335856,,,1,30,,335857,,,1,68,,335851,,,1,30,,335860,,,1,69,,335852,,,1,30,,335853,,,1,64,,335861,,,1,25,,335869,,,1,70,,335871,,,1,30,,335864,,,1,70,,335868,,,1,100,,335858,,,1,107,,335849,,,1
16801,'8',534,,335895,,,1,76,,335902,,,1,35,,169802,,,1,70,,335875,,,1,30,,335890,,,1,75,,335882,,,1,12,,335884,0,44,1,18,,335880,,,1,70,,335891,,,1,29,,335899,,,1,65,,335879,,,1,30,,335896,,,1,70,,157858,,,1,30,,335885,,,1,70,,335898,,,1,30,,335878,,,1,70,,154440,,,1,30,,335874,,,1,70,,80499,,,1,36,,335897,,,1,70,,335877,,,1,32,,335901,,,1,71,,335881,,,1,28,,335904,,,1,70,,335886,,,1,30,,335887,,,1,68,,335892,,,1,30,,72566,,,1,69,,335900,,,1,30,,335893,,,1,64,,335903,,,1,25,,335889,,,1,70,,335894,,,1,30,,335876,,,1,70,,133931,,,1,100,,335883,,,1,107,,335888,,,1
16801,'9',534,,335928,,,1,76,,222769,,,1,35,,202896,,,1,70,,335923,,,1,30,,145123,,,1,75,,208607,,,1,30,,335930,,,1,70,,161528,,,1,29,,164626,,,1,65,,157302,,,1,30,,335913,,,1,70,,335912,,,1,30,,335917,,,1,70,,335905,,,1,30,,72213,,,1,70,,335906,,,1,30,,335924,,,1,70,,335908,,,1,36,,335925,,,1,70,,28224,,,1,32,,335931,,,1,69,,335920,,,1,30,,335921,,,1,70,,335914,,,1,30,,335915,,,1,68,,335909,,,1,30,,335918,,,1,69,,335910,,,1,30,,335911,,,1,64,,335919,,,1,25,,335927,,,1,70,,335929,,,1,30,,335922,,,1,70,,335926,,,1,100,,335916,,,1,107,,335907,,,1
25600,'10',525,,143393,,,1,76,,339327,,,1,29,,187841,,,1,27,,339328,,,1,70,,339326,,,1,29,,152136,,,1,73,,339329,,,1
25600,'12',525,,143195,,,1,76,,339331,,,1,29,,187050,,,1,27,,339332,,,1,70,,339330,,,1,29,,151644,,,1,73,,339333,,,1
25600,'14',525,,143305,,,1,76,,339335,,,1,29,,187500,,,1,27,,339336,,,1,70,,339334,,,1,29,,151916,,,1,73,,339337,,,1
25600,'15',525,,155259,,,1,105,,339338,,,1,97,,339340,,,1,102,,339339,,,1
25600,'17',525,,339341,,,1,76,,186610,,,1,29,,339343,,,1,26,,339342,,,1,71,,339344,,,1,29,,339346,,,1,71,,339345,,,1
25600,'18',525,,143349,,,1,76,,339348,,,1,29,,187731,,,1,27,,339349,,,1,70,,339347,,,1,29,,152054,,,1,73,,339350,,,1
25600,'19',525,,339351,,,1,76,,186715,,,1,29,,339353,,,1,26,,339352,,,1,71,,339354,,,1,29,,339356,,,1,71,,339355,,,1
25600,'20',525,,339357,,,1,76,,58487,,,1,29,,339359,,,1,26,,339358,,,1,71,,339360,,,1,29,,339362,,,1,71,,339361,,,1
25600,'21',525,,143239,,,1,76,,339364,,,1,29,,187204,,,1,27,,339365,,,1,70,,339363,,,1,29,,151741,,,1,73,,339366,,,1
25600,'22',525,,143218,,,1,76,,339368,,,1,29,,34916,,,1,27,,339369,,,1,70,,339367,,,1,29,,27813,,,1,73,,339370,,,1
25600,'4',525,,339375,,,1,76,,339373,,,1,29,,339376,,,1,27,,339374,,,1,70,,339371,,,1,29,,339372,,,1,73,,339377,,,1
25600,'7',525,,339378,,,1,76,,186889,,,1,29,,339380,,,1,26,,339379,,,1,71,,339381,,,1,29,,339383,,,1,71,,339382,,,1
25600,'8',525,,339387,,,1,76,,339385,,,1,29,,339388,,,1,27,,339386,,,1,70,,217839,,,1,29,,339384,,,1,73,,146869,,,1
25600,'9',525,,339389,,,1,76,,186654,,,1,29,,339391,,,1,26,,339390,,,1,71,,339392,,,1,29,,339394,,,1,71,,339393,,,1
65601,'10',834,,341607,,,1
65601,'12',834,,341608,,,1
65601,'14',834,,341609,,,1
65601,'18',834,,341610,,,1
65601,'21',834,,341611,,,1
65601,'22',834,,341612,,,1
65601,'4',834,,341613,,,1
65601,'8',834,,341614,,,1
66800,'10',709,,203186,,,1,3,,341993,,,1,2,,341992,,,1
66800,'12',709,,202640,,,1,3,,341995,,,1,2,,341994,,,1
66800,'14',709,,202953,,,1,3,,341997,,,1,2,,341996,,,1
66800,'18',709,,203108,,,1,3,,341999,,,1,2,,341998,,,1
66800,'21',709,,202744,,,1,3,,342001,,,1,2,,342000,,,1
66800,'22',709,,202681,,,1,3,,342003,,,1,2,,342002,,,1
66800,'4',709,,342007,,,1,3,,163795,,,1,2,,342005,,,1
66800,'8',709,,342012,,,1,3,,342011,,,1,2,,342009,,,1
