22201,'12',1649,,293171,21,,,1,72,,293172,21,,,1,100,,122942,21,,,1
22201,'14',1648,,116852,21,,,1,73,,150740,21,,,1,101,,293173,21,,,1
22201,'15',1649,,293174,21,,,1,72,,293175,21,,,1,100,,123207,21,,,1
22201,'17',1648,,144260,21,,,1,73,,150661,21,,,1,101,,293176,21,,,1
22201,'18',1648,,144355,21,,,1,73,,150839,21,,,1,101,,293177,21,,,1
22201,'2',1648,,293180,21,,,1,73,,293179,21,,,1,101,,293178,21,,,1
22201,'3',1649,,144311,21,,,1,72,,293182,21,,,1,100,,293181,21,,,1
22201,'4',1649,,293183,21,,,1,72,,293184,21,,,1,100,,123330,21,,,1
22201,'5',1649,,293185,21,,,1,72,,293186,21,,,1,100,,122410,21,,,1
22201,'7',1648,,293189,21,,,1,73,,293188,21,,,1,101,,293187,21,,,1
22201,'8',1650,,293192,21,,,1,71,,293190,21,,,1,100,,293191,21,,,1
22201,'9',1649,,293193,21,,,1,72,,293194,21,,,1,100,,122881,21,,,1
