5601,'1',552,,398194,,,1,100,,609523,,,1,102,,609538,,,1,99,,609534,,,1,100,,609514,,,1,100,,609515,,,1,100,,609533,,,1,100,,609532,,,1,101,,609530,,,1,100,,609509,,,1,100,,609524,,,1,100,,609513,,,1,100,,609512,,,1,100,,609528,,,1,100,,609540,,,1,100,,609517,,,1,99,,609519,,,1
5601,'10',707,,485071,,,1,100,,463000,,,1,100,,609565,,,1,100,,609564,,,1,100,,466597,,,1,100,,609549,,,1,100,,609560,,,1,100,,377212,,,1,100,,609546,,,1,100,,609561,,,1,100,,609556,,,1,99,,609550,,,1,100,,609558,,,1,100,,609543,,,1,100,,528660,,,1,45,,609563,,,1
5601,'11',616,,609574,,,1,32,,463293,,,1,70,,609567,,,1,13,,428144,,,1,18,,609596,,,1,8,,609602,0,77 78,1,48,,609589,,,1,15,,609568,,,1,15,,609579,,,1,14,,609575,,,1,70,,496930,,,1,30,,461397,,,1,73,,467554,,,1,428,,609582,,,1,84,,609584,,,1,73,,466839,,,1,28,,609591,,,1,70,,609566,,,1,29,,609569,,,1,70,,609581,,,1,15,,609587,,,1,14,,609571,,,1
5601,'12',616,,609610,,,1,32,,609608,,,1,70,,609603,,,1,13,,609632,,,1,18,,609629,,,1,8,,609636,0,77 78,1,48,,303099,,,1,15,,609604,,,1,15,,550359,,,1,14,,609611,,,1,70,,609634,,,1,30,,609630,,,1,73,,609619,,,1,428,,609618,,,1,84,,383169,,,1,73,,609627,,,1,28,,609624,,,1,70,,463394,,,1,29,,609605,,,1,70,,435215,,,1,15,,609621,,,1,14,,499153,,,1
5601,'13',616,,609644,,,1,32,,609642,,,1,70,,609637,,,1,13,,609666,,,1,18,,609663,,,1,8,,609670,0,77 78,1,48,,461730,,,1,15,,609638,,,1,15,,550354,,,1,14,,609645,,,1,70,,609668,,,1,30,,609664,,,1,73,,609653,,,1,428,,609652,,,1,84,,480152,,,1,73,,609661,,,1,28,,609658,,,1,70,,462627,,,1,29,,609639,,,1,70,,540436,,,1,15,,609655,,,1,14,,498656,,,1
5601,'14',616,,609678,,,1,32,,609676,,,1,70,,609671,,,1,13,,609700,,,1,18,,609697,,,1,8,,609704,0,77 78,1,48,,462177,,,1,15,,609672,,,1,15,,550358,,,1,14,,609679,,,1,70,,609702,,,1,30,,609698,,,1,73,,609687,,,1,428,,609686,,,1,84,,480407,,,1,73,,609695,,,1,28,,609692,,,1,70,,463177,,,1,29,,609673,,,1,70,,540482,,,1,15,,609689,,,1,14,,499020,,,1
5601,'15',616,,609712,,,1,32,,609710,,,1,70,,609705,,,1,13,,609734,,,1,18,,609731,,,1,8,,609738,0,77 78,1,48,,462075,,,1,15,,609706,,,1,15,,550356,,,1,14,,609713,,,1,70,,609736,,,1,30,,609732,,,1,73,,609721,,,1,428,,609720,,,1,84,,480357,,,1,73,,609729,,,1,28,,609726,,,1,70,,463063,,,1,29,,609707,,,1,70,,540472,,,1,15,,609723,,,1,14,,498948,,,1
5601,'16',616,,609768,,,1,32,,609745,,,1,68,,609749,,,1,15,,609778,,,1,19,,394211,,,1,55,,609739,,,1,17,,609747,,,1,13,,609741,,,1,14,,609742,,,1,70,,609750,,,1,30,,609752,,,1,73,,609765,,,1,428,,609779,,,1,70,,609767,,,1,14,,609774,,,1,71,,534701,,,1,30,,609746,,,1,70,,609771,,,1,29,,609744,,,1,70,,609753,,,1,15,,609770,,,1,14,,609743,,,1
5601,'17',616,,609788,,,1,32,,609786,,,1,70,,609781,,,1,13,,609810,,,1,18,,609807,,,1,8,,609814,0,77 78,1,48,,462024,,,1,15,,609782,,,1,15,,550355,,,1,14,,609789,,,1,70,,609812,,,1,30,,609808,,,1,73,,609797,,,1,428,,609796,,,1,84,,480332,,,1,73,,609805,,,1,28,,609802,,,1,70,,463007,,,1,29,,609783,,,1,70,,540467,,,1,15,,609799,,,1,14,,498912,,,1
5601,'18',616,,609822,,,1,32,,609820,,,1,70,,609815,,,1,13,,609844,,,1,18,,609841,,,1,8,,609848,0,77 78,1,48,,462532,,,1,15,,609816,,,1,15,,550363,,,1,14,,609823,,,1,70,,609846,,,1,30,,609842,,,1,73,,609831,,,1,428,,609830,,,1,84,,480611,,,1,73,,609839,,,1,28,,609836,,,1,70,,463628,,,1,29,,609817,,,1,70,,540519,,,1,15,,609833,,,1,14,,499301,,,1
5601,'19',616,,609858,,,1,32,,609856,,,1,70,,609850,,,1,13,,609885,,,1,18,,609882,,,1,8,,511016,0,77 78,1,48,,609873,,,1,15,,609851,,,1,15,,609864,,,1,14,,609859,,,1,70,,609889,,,1,30,,609883,,,1,73,,609869,,,1,428,,502957,,,1,84,,609867,,,1,73,,609879,,,1,28,,609876,,,1,70,,609849,,,1,29,,515951,,,1,70,,609865,,,1,15,,609871,,,1,14,,609853,,,1
5601,'2',707,,609905,,,1,100,,609917,,,1,100,,609920,,,1,100,,609919,,,1,100,,609915,,,1,100,,609898,,,1,100,,458455,,,1,100,,609900,,,1,100,,609895,,,1,100,,609912,,,1,100,,609907,,,1,99,,609899,,,1,100,,609910,,,1,100,,609892,,,1,100,,609918,,,1,45,,609916,,,1
5601,'20',616,,609928,,,1,32,,609926,,,1,70,,609921,,,1,13,,609950,,,1,18,,609947,,,1,8,,609954,0,77 78,1,48,,462395,,,1,15,,609922,,,1,15,,550362,,,1,14,,609929,,,1,70,,609952,,,1,30,,609948,,,1,73,,609937,,,1,428,,609936,,,1,84,,480534,,,1,73,,609945,,,1,28,,609942,,,1,70,,463462,,,1,29,,609923,,,1,70,,540505,,,1,15,,609939,,,1,14,,499195,,,1
5601,'21',616,,609982,,,1,32,,609962,,,1,68,,609965,,,1,15,,456097,,,1,19,,609980,,,1,55,,609955,,,1,17,,533802,,,1,13,,609957,,,1,14,,609958,,,1,70,,293282,,,1,30,,609967,,,1,73,,609979,,,1,428,,609995,,,1,70,,609981,,,1,14,,499450,,,1,71,,609994,,,1,30,,609963,,,1,70,,609986,,,1,29,,609961,,,1,70,,509866,,,1,15,,609984,,,1,14,,609960,,,1
5601,'22',616,,610005,,,1,32,,610003,,,1,70,,609998,,,1,13,,610031,,,1,18,,610029,,,1,8,,610037,0,77 78,1,48,,610021,,,1,15,,470584,,,1,15,,610011,,,1,14,,504184,,,1,70,,610035,,,1,30,,610030,,,1,73,,610018,,,1,428,,610014,,,1,84,,610016,,,1,73,,610026,,,1,28,,610023,,,1,70,,609997,,,1,29,,609999,,,1,70,,610013,,,1,15,,610019,,,1,14,,610001,,,1
5601,'23',616,,610070,,,1,32,,610045,,,1,68,,610049,,,1,15,,610084,,,1,19,,610067,,,1,55,,610038,,,1,17,,610047,,,1,13,,610040,,,1,14,,610041,,,1,70,,610050,,,1,30,,610052,,,1,73,,610066,,,1,428,,610085,,,1,70,,610069,,,1,14,,610078,,,1,71,,610083,,,1,30,,610046,,,1,70,,610074,,,1,29,,610044,,,1,70,,610053,,,1,15,,610072,,,1,14,,610043,,,1
5601,'3',707,,610102,,,1,100,,610115,,,1,100,,610118,,,1,100,,610117,,,1,100,,610113,,,1,100,,610095,,,1,100,,610109,,,1,100,,610097,,,1,100,,610092,,,1,100,,610110,,,1,100,,610104,,,1,99,,610096,,,1,100,,610107,,,1,100,,610089,,,1,100,,610116,,,1,45,,610114,,,1
5601,'4',552,,610125,,,1,100,,610134,,,1,102,,498862,,,1,99,,610144,,,1,100,,610124,,,1,100,,610126,,,1,100,,610143,,,1,100,,610142,,,1,101,,610140,,,1,100,,610119,,,1,100,,503484,,,1,100,,610123,,,1,100,,610122,,,1,100,,610138,,,1,100,,610149,,,1,100,,610129,,,1,99,,610131,,,1
5601,'5',616,,610189,,,1,32,,610151,,,1,68,,610183,,,1,17,,610174,,,1,15,,610162,,,1,57,,610158,,,1,17,,610190,,,1,13,,610177,,,1,15,,610179,,,1,69,,610178,,,1,30,,610164,,,1,73,,610155,,,1,428,,610153,,,1,70,,610156,,,1,12,,610196,,,1,73,,610186,,,1,30,,610175,,,1,70,,610163,,,1,29,,610187,,,1,70,,610154,,,1,15,,610168,,,1,14,,610165,,,1
5601,'6',616,,610226,,,1,32,,610205,,,1,68,,344370,,,1,15,,610237,,,1,19,,610223,,,1,55,,610199,,,1,17,,610206,,,1,13,,452795,,,1,14,,610201,,,1,70,,610208,,,1,30,,610210,,,1,73,,610222,,,1,428,,495562,,,1,70,,610225,,,1,14,,610233,,,1,71,,610236,,,1,30,,464882,,,1,70,,511298,,,1,29,,610204,,,1,70,,610211,,,1,15,,610228,,,1,14,,610203,,,1
5601,'7',707,,610254,,,1,100,,610266,,,1,100,,610269,,,1,100,,610268,,,1,100,,610264,,,1,100,,610247,,,1,100,,458619,,,1,100,,610249,,,1,100,,610244,,,1,100,,610261,,,1,100,,610256,,,1,99,,610248,,,1,100,,610259,,,1,100,,610241,,,1,100,,610267,,,1,45,,610265,,,1
5601,'8',616,,610277,,,1,32,,610275,,,1,70,,610270,,,1,13,,610299,,,1,18,,610296,,,1,8,,610303,0,77 78,1,48,,462126,,,1,15,,610271,,,1,15,,550357,,,1,14,,610278,,,1,70,,610301,,,1,30,,610297,,,1,73,,610286,,,1,428,,610285,,,1,84,,480382,,,1,73,,610294,,,1,28,,610291,,,1,70,,463120,,,1,29,,610272,,,1,70,,540477,,,1,15,,610288,,,1,14,,498984,,,1
5601,'9',616,,610331,,,1,32,,610310,,,1,68,,344124,,,1,15,,610342,,,1,19,,610328,,,1,55,,610304,,,1,17,,610311,,,1,13,,453563,,,1,14,,610306,,,1,70,,610313,,,1,30,,610315,,,1,73,,610327,,,1,428,,495892,,,1,70,,610330,,,1,14,,610338,,,1,71,,610341,,,1,30,,465100,,,1,70,,511535,,,1,29,,610309,,,1,70,,610316,,,1,15,,610333,,,1,14,,610308,,,1
8500,'1',556,,635468,4,,1,72,,635463,4,,1,30,,635429,4,,1,70,,635456,4,,1,72,,635475,4,,1,30,,635471,4,,1,71,,635474,4,,1,30,,525050,4,,1,72,,635440,4,,1,19,,489602,4,,1,15,,635464,4,,1,15,,635454,4,,1,58,,635457,4,,1,15,,635434,4,,1,15,,635450,4,,1,15,,635445,4,,1,57,,635439,4,,1,15,,635432,4,,1,15,,635428,4,,1,15,,635473,4,,1,55,,477044,4,,1,15,,635465,4,,1,15,,546863,4,,1,15,,635431,4,,1,55,,635436,4,,1,15,,635447,4,,1,15,,635435,4,,1,15,,635446,4,,1,55,,545898,4,,1,15,,635472,4,,1,15,,635455,4,,1,15,,355634,4,,1,55,,635442,4,,1,15,,635469,4,,1,15,,635430,4,,1,15,,635458,4,,1,55,,635467,4,,1,15,,635444,4,,1,15,,635448,4,,1,15,,635459,4,,1,55,,635452,4,,1,17,,635466,4,,1,28,,635451,4,,1,70,,509794,4,,1,30,,635460,4,,1,66,,635443,4,,1,30,,635453,4,,1,70,,635441,4,,1,30,,635437,4,,1,70,,635433,4,,1,30,,635438,4,,1,70,,635449,4,,1,26,,635461,4,,1,70,,635470,4,,1,30,,635462,4,,1
8500,'10',602,,515491,4,,1,33,,635499,4,,1,70,,635479,4,,1,30,,635482,4,,1,72,,635497,4,,1,30,,541157,4,,1,71,,635505,4,,1,30,,635498,4,,1,62,,635488,4,,1,20,,516673,4,,1,20,,635508,4,,1,63,,635501,4,,1,20,,635484,4,,1,20,,635480,4,,1,62,,635495,4,,1,20,,519885,4,,1,20,,635502,4,,1,60,,635512,4,,1,20,,635486,4,,1,20,,635504,4,,1,60,,635490,4,,1,15,,635481,4,,1,15,,532054,4,,1,15,,635514,4,,1,55,,635489,4,,1,15,,359149,4,,1,15,,635506,4,,1,15,,635477,4,,1,55,,635493,4,,1,15,,635487,4,,1,15,,635509,4,,1,15,,635476,4,,1,55,,635483,4,,1,15,,635492,4,,1,18,,635513,4,,1,18,,635510,4,,1,69,,635494,4,,1,29,,635485,4,,1,68,,635496,4,,1,30,,500239,4,,1,66,,635500,4,,1,30,,635478,4,,1,70,,635503,4,,1,30,,635507,4,,1,70,,504292,4,,1,30,,467174,4,,1,70,,635491,4,,1,26,,635511,4,,1,79,,491680,4,,1
8500,'11',457,,635529,4,,1,78,,540201,4,,1,70,,635533,4,,1,21,,635562,4,,1,15,,635548,4,,1,18,,635561,4,,1,56,,456638,4,,1,15,,635517,4,,1,16,,635542,4,,1,76,,635527,4,,1,17,,635563,4,,1,16,,635565,4,,1,55,,635546,4,,1,17,,635535,4,,1,9,,635543,4,,1,15,,635538,4,,1,55,,535867,4,,1,15,,635557,4,,1,15,,635518,4,,1,15,,635553,4,,1,55,,635516,4,,1,15,,635522,4,,1,15,,635552,4,,1,15,,635540,4,,1,55,,635569,4,,1,15,,452270,4,,1,15,,635549,4,,1,15,,635550,4,,1,55,,635525,4,,1,15,,635554,4,,1,15,,635537,4,,1,15,,635524,4,,1,55,,635523,4,,1,15,,490148,4,,1,15,,635567,4,,1,18,,635515,4,,1,57,,547242,4,,1,14,,635545,4,,1,32,,635544,4,,1,58,,635555,4,,1,17,,635568,4,,1,13,,635547,4,,1,58,,635564,4,,1,12,,635536,4,,1,15,,635556,4,,1,15,,635526,4,,1,56,,635532,4,,1,13,,635521,4,,1,27,,635558,4,,1,15,,635519,4,,1,48,,635539,4,,1,14,,455610,4,,1,30,,493029,4,,1,69,,635560,4,,1,29,,455609,4,,1,68,,635551,4,,1,29,,510951,4,,1,69,,635530,4,,1,29,,635566,4,,1,65,,635534,4,,1,30,,635531,4,,1,68,,635528,4,,1,30,,635520,4,,1,79,,635559,4,,1
8500,'12',457,,348898,4,,1,78,,635614,4,,1,70,,635587,4,,1,21,,427260,4,,1,15,,635601,4,,1,18,,635611,4,,1,56,,635617,4,,1,15,,635571,4,,1,16,,635596,4,,1,76,,635581,4,,1,17,,635612,4,,1,16,,635615,4,,1,55,,635599,4,,1,17,,635588,4,,1,9,,635597,4,,1,15,,635593,4,,1,55,,635603,4,,1,15,,635607,4,,1,15,,512548,4,,1,15,,635605,4,,1,55,,635570,4,,1,15,,350383,4,,1,15,,499843,4,,1,15,,635595,4,,1,55,,635619,4,,1,15,,635589,4,,1,15,,635602,4,,1,15,,635604,4,,1,55,,635579,4,,1,15,,454667,4,,1,15,,635592,4,,1,15,,635578,4,,1,55,,635577,4,,1,15,,635573,4,,1,15,,542922,4,,1,18,,502225,4,,1,57,,635582,4,,1,14,,493147,4,,1,32,,635598,4,,1,58,,496311,4,,1,17,,635618,4,,1,13,,635600,4,,1,58,,635613,4,,1,12,,635590,4,,1,15,,635606,4,,1,15,,635580,4,,1,56,,635586,4,,1,13,,635576,4,,1,27,,635608,4,,1,15,,467278,4,,1,48,,466087,4,,1,14,,635594,4,,1,30,,635575,4,,1,69,,635610,4,,1,29,,635591,4,,1,68,,353121,4,,1,29,,635572,4,,1,69,,635584,4,,1,29,,635616,4,,1,65,,514612,4,,1,30,,635585,4,,1,68,,635583,4,,1,30,,635574,4,,1,79,,635609,4,,1
8500,'13',457,,520417,4,,1,78,,635664,4,,1,70,,635637,4,,1,21,,536088,4,,1,15,,635651,4,,1,18,,635661,4,,1,56,,635667,4,,1,15,,635621,4,,1,16,,635646,4,,1,76,,635631,4,,1,17,,635662,4,,1,16,,635665,4,,1,55,,635649,4,,1,17,,635638,4,,1,9,,635647,4,,1,15,,635643,4,,1,55,,635653,4,,1,15,,635657,4,,1,15,,512006,4,,1,15,,635655,4,,1,55,,635620,4,,1,15,,520411,4,,1,15,,499401,4,,1,15,,635645,4,,1,55,,635669,4,,1,15,,635639,4,,1,15,,635652,4,,1,15,,635654,4,,1,55,,635629,4,,1,15,,453833,4,,1,15,,635642,4,,1,15,,635628,4,,1,55,,635627,4,,1,15,,635623,4,,1,15,,441087,4,,1,18,,501971,4,,1,57,,635632,4,,1,14,,492460,4,,1,32,,635648,4,,1,58,,294852,4,,1,17,,635668,4,,1,13,,635650,4,,1,58,,635663,4,,1,12,,635640,4,,1,15,,635656,4,,1,15,,635630,4,,1,56,,635636,4,,1,13,,635626,4,,1,27,,635658,4,,1,15,,467114,4,,1,48,,465506,4,,1,14,,635644,4,,1,30,,635625,4,,1,69,,635660,4,,1,29,,635641,4,,1,68,,452651,4,,1,29,,635622,4,,1,69,,635634,4,,1,29,,635666,4,,1,65,,344327,4,,1,30,,635635,4,,1,68,,635633,4,,1,30,,635624,4,,1,79,,635659,4,,1
8500,'14',457,,520891,4,,1,78,,635714,4,,1,70,,635687,4,,1,21,,536516,4,,1,15,,635701,4,,1,18,,635711,4,,1,56,,635717,4,,1,15,,635671,4,,1,16,,635696,4,,1,76,,635681,4,,1,17,,635712,4,,1,16,,635715,4,,1,55,,635699,4,,1,17,,635688,4,,1,9,,635697,4,,1,15,,635693,4,,1,55,,635703,4,,1,15,,635707,4,,1,15,,512411,4,,1,15,,635705,4,,1,55,,635670,4,,1,15,,520885,4,,1,15,,499727,4,,1,15,,635695,4,,1,55,,635719,4,,1,15,,635689,4,,1,15,,635702,4,,1,15,,635704,4,,1,55,,635679,4,,1,15,,454416,4,,1,15,,635692,4,,1,15,,635678,4,,1,55,,635677,4,,1,15,,635673,4,,1,15,,441370,4,,1,18,,502167,4,,1,57,,635682,4,,1,14,,492959,4,,1,32,,635698,4,,1,58,,403214,4,,1,17,,635718,4,,1,13,,635700,4,,1,58,,635713,4,,1,12,,635690,4,,1,15,,635706,4,,1,15,,635680,4,,1,56,,635686,4,,1,13,,635676,4,,1,27,,635708,4,,1,15,,467240,4,,1,48,,465924,4,,1,14,,635694,4,,1,30,,635675,4,,1,69,,635710,4,,1,29,,635691,4,,1,68,,453230,4,,1,29,,635672,4,,1,69,,635684,4,,1,29,,635716,4,,1,65,,344874,4,,1,30,,635685,4,,1,68,,635683,4,,1,30,,635674,4,,1,79,,635709,4,,1
8500,'15',457,,520801,4,,1,78,,635764,4,,1,70,,635737,4,,1,21,,536412,4,,1,15,,635751,4,,1,18,,635761,4,,1,56,,635767,4,,1,15,,635721,4,,1,16,,635746,4,,1,76,,635731,4,,1,17,,635762,4,,1,16,,635765,4,,1,55,,635749,4,,1,17,,635738,4,,1,9,,635747,4,,1,15,,635743,4,,1,55,,635753,4,,1,15,,635757,4,,1,15,,512319,4,,1,15,,635755,4,,1,55,,635720,4,,1,15,,520795,4,,1,15,,499653,4,,1,15,,635745,4,,1,55,,635769,4,,1,15,,635739,4,,1,15,,635752,4,,1,15,,635754,4,,1,55,,635729,4,,1,15,,454302,4,,1,15,,635742,4,,1,15,,635728,4,,1,55,,635727,4,,1,15,,635723,4,,1,15,,441419,4,,1,18,,502113,4,,1,57,,635732,4,,1,14,,492853,4,,1,32,,635748,4,,1,58,,294761,4,,1,17,,635768,4,,1,13,,635750,4,,1,58,,635763,4,,1,12,,635740,4,,1,15,,635756,4,,1,15,,635730,4,,1,56,,635736,4,,1,13,,635726,4,,1,27,,635758,4,,1,15,,467204,4,,1,48,,465836,4,,1,14,,635744,4,,1,30,,635725,4,,1,69,,635760,4,,1,29,,635741,4,,1,68,,453114,4,,1,29,,635722,4,,1,69,,635734,4,,1,29,,635766,4,,1,65,,344968,4,,1,30,,635735,4,,1,68,,635733,4,,1,30,,635724,4,,1,79,,635759,4,,1
8500,'16',457,,635828,4,,1,78,,635786,4,,1,70,,635811,4,,1,21,,635782,4,,1,15,,397758,4,,1,18,,635820,4,,1,55,,635817,4,,1,16,,635781,4,,1,16,,635808,4,,1,60,,635792,4,,1,16,,539728,4,,1,17,,635789,4,,1,16,,635805,4,,1,55,,635815,4,,1,15,,635824,4,,1,11,,635787,4,,1,15,,635818,4,,1,55,,635809,4,,1,15,,635826,4,,1,15,,455187,4,,1,15,,635795,4,,1,55,,635776,4,,1,15,,635774,4,,1,15,,635803,4,,1,15,,635804,4,,1,55,,635775,4,,1,15,,635785,4,,1,15,,635772,4,,1,15,,486759,4,,1,55,,635813,4,,1,15,,388784,4,,1,15,,635773,4,,1,15,,635819,4,,1,55,,635800,4,,1,15,,469606,4,,1,15,,635821,4,,1,18,,635788,4,,1,57,,635799,4,,1,15,,635823,4,,1,16,,635797,4,,1,15,,521575,4,,1,58,,635806,4,,1,15,,635827,4,,1,15,,635798,4,,1,56,,635784,4,,1,14,,635816,4,,1,15,,635812,4,,1,15,,635770,4,,1,56,,635794,4,,1,13,,635780,4,,1,15,,635822,4,,1,12,,635783,4,,1,15,,635801,4,,1,48,,635807,4,,1,14,,635802,4,,1,30,,635771,4,,1,69,,635777,4,,1,29,,635810,4,,1,68,,635825,4,,1,29,,635779,4,,1,69,,635793,4,,1,29,,635790,4,,1,65,,635791,4,,1,30,,485009,4,,1,68,,635796,4,,1,30,,635814,4,,1,79,,635778,4,,1
8500,'17',457,,520756,4,,1,78,,635873,4,,1,70,,635846,4,,1,21,,536360,4,,1,15,,635860,4,,1,18,,635870,4,,1,56,,635876,4,,1,15,,635830,4,,1,16,,635855,4,,1,76,,635840,4,,1,17,,635871,4,,1,16,,635874,4,,1,55,,635858,4,,1,17,,635847,4,,1,9,,635856,4,,1,15,,635852,4,,1,55,,635862,4,,1,15,,635866,4,,1,15,,512273,4,,1,15,,635864,4,,1,55,,635829,4,,1,15,,520750,4,,1,15,,499616,4,,1,15,,635854,4,,1,55,,635878,4,,1,15,,635848,4,,1,15,,635861,4,,1,15,,635863,4,,1,55,,635838,4,,1,15,,454245,4,,1,15,,635851,4,,1,15,,635837,4,,1,55,,635836,4,,1,15,,635832,4,,1,15,,441280,4,,1,18,,502086,4,,1,57,,635841,4,,1,14,,492800,4,,1,32,,635857,4,,1,58,,403108,4,,1,17,,635877,4,,1,13,,635859,4,,1,58,,635872,4,,1,12,,635849,4,,1,15,,635865,4,,1,15,,635839,4,,1,56,,635845,4,,1,13,,635835,4,,1,27,,635867,4,,1,15,,467186,4,,1,48,,465792,4,,1,14,,635853,4,,1,30,,635834,4,,1,69,,635869,4,,1,29,,635850,4,,1,68,,453056,4,,1,29,,635831,4,,1,69,,635843,4,,1,29,,635875,4,,1,65,,344687,4,,1,30,,635844,4,,1,68,,635842,4,,1,30,,635833,4,,1,79,,635868,4,,1
8500,'18',457,,521281,4,,1,78,,635923,4,,1,70,,635896,4,,1,21,,536879,4,,1,15,,635910,4,,1,18,,635920,4,,1,56,,635926,4,,1,15,,635880,4,,1,16,,635905,4,,1,76,,635890,4,,1,17,,635921,4,,1,16,,635924,4,,1,55,,635908,4,,1,17,,635897,4,,1,9,,635906,4,,1,15,,635902,4,,1,55,,635912,4,,1,15,,635916,4,,1,15,,512715,4,,1,15,,635914,4,,1,55,,635879,4,,1,15,,521275,4,,1,15,,499983,4,,1,15,,635904,4,,1,55,,635928,4,,1,15,,635898,4,,1,15,,635911,4,,1,15,,635913,4,,1,55,,635888,4,,1,15,,454897,4,,1,15,,635901,4,,1,15,,635887,4,,1,55,,635886,4,,1,15,,635882,4,,1,15,,441170,4,,1,18,,502315,4,,1,57,,635891,4,,1,14,,493354,4,,1,32,,635907,4,,1,58,,294632,4,,1,17,,635927,4,,1,13,,635909,4,,1,58,,635922,4,,1,12,,635899,4,,1,15,,635915,4,,1,15,,635889,4,,1,56,,635895,4,,1,13,,635885,4,,1,27,,635917,4,,1,15,,467339,4,,1,48,,466255,4,,1,14,,635903,4,,1,30,,635884,4,,1,69,,635919,4,,1,29,,635900,4,,1,68,,453707,4,,1,29,,635881,4,,1,69,,635893,4,,1,29,,635925,4,,1,65,,344480,4,,1,30,,635894,4,,1,68,,635892,4,,1,30,,635883,4,,1,79,,635918,4,,1
8500,'19',457,,635944,4,,1,78,,635975,4,,1,70,,635946,4,,1,21,,635973,4,,1,15,,429986,4,,1,18,,383853,4,,1,56,,635978,4,,1,15,,635931,4,,1,16,,635956,4,,1,76,,635942,4,,1,17,,635974,4,,1,16,,635976,4,,1,55,,343856,4,,1,17,,468735,4,,1,9,,635957,4,,1,15,,635952,4,,1,55,,635961,4,,1,15,,635969,4,,1,15,,635933,4,,1,15,,635965,4,,1,55,,635930,4,,1,15,,635938,4,,1,15,,635964,4,,1,15,,439124,4,,1,55,,635980,4,,1,15,,635948,4,,1,15,,541680,4,,1,15,,635962,4,,1,55,,635940,4,,1,15,,635966,4,,1,15,,635951,4,,1,15,,635939,4,,1,55,,486287,4,,1,15,,635934,4,,1,15,,635977,4,,1,18,,635929,4,,1,57,,635943,4,,1,14,,635959,4,,1,32,,635958,4,,1,58,,635967,4,,1,17,,635979,4,,1,13,,635960,4,,1,58,,519533,4,,1,12,,635949,4,,1,15,,635968,4,,1,15,,635941,4,,1,56,,463361,4,,1,13,,635937,4,,1,27,,635970,4,,1,15,,635935,4,,1,48,,635954,4,,1,14,,635953,4,,1,30,,635936,4,,1,69,,635972,4,,1,29,,635950,4,,1,68,,635963,4,,1,29,,635932,4,,1,69,,635945,4,,1,29,,305727,4,,1,65,,635947,4,,1,30,,459781,4,,1,68,,455663,4,,1,30,,515954,4,,1,79,,635971,4,,1
8500,'2',602,,636016,4,,1,33,,636005,4,,1,70,,635986,4,,1,30,,635989,4,,1,72,,636003,4,,1,30,,636009,4,,1,71,,636013,4,,1,30,,636004,4,,1,62,,635995,4,,1,20,,635994,4,,1,20,,636015,4,,1,63,,636008,4,,1,20,,635990,4,,1,20,,635987,4,,1,62,,412140,4,,1,20,,636002,4,,1,20,,636010,4,,1,60,,636020,4,,1,20,,635992,4,,1,20,,530516,4,,1,60,,635997,4,,1,15,,635988,4,,1,15,,635981,4,,1,15,,636021,4,,1,55,,635996,4,,1,15,,636018,4,,1,15,,468154,4,,1,15,,635984,4,,1,55,,636000,4,,1,15,,635993,4,,1,15,,521936,4,,1,15,,635982,4,,1,55,,443607,4,,1,15,,635998,4,,1,18,,498346,4,,1,18,,636017,4,,1,69,,468690,4,,1,29,,635991,4,,1,68,,636001,4,,1,30,,636011,4,,1,66,,636006,4,,1,30,,635985,4,,1,70,,636012,4,,1,30,,636014,4,,1,70,,635999,4,,1,30,,636007,4,,1,70,,468144,4,,1,26,,636019,4,,1,79,,635983,4,,1
8500,'20',457,,521139,4,,1,78,,636066,4,,1,70,,636039,4,,1,21,,536744,4,,1,15,,636053,4,,1,18,,636063,4,,1,56,,636069,4,,1,15,,636023,4,,1,16,,636048,4,,1,76,,636033,4,,1,17,,636064,4,,1,16,,636067,4,,1,55,,636051,4,,1,17,,636040,4,,1,9,,636049,4,,1,15,,636045,4,,1,55,,636055,4,,1,15,,636059,4,,1,15,,512599,4,,1,15,,636057,4,,1,55,,636022,4,,1,15,,521133,4,,1,15,,499884,4,,1,15,,636047,4,,1,55,,636071,4,,1,15,,636041,4,,1,15,,636054,4,,1,15,,636056,4,,1,55,,636031,4,,1,15,,454721,4,,1,15,,636044,4,,1,15,,636030,4,,1,55,,636029,4,,1,15,,636025,4,,1,15,,441213,4,,1,18,,502257,4,,1,57,,636034,4,,1,14,,493208,4,,1,32,,636050,4,,1,58,,294671,4,,1,17,,636070,4,,1,13,,636052,4,,1,58,,636065,4,,1,12,,636042,4,,1,15,,636058,4,,1,15,,636032,4,,1,56,,636038,4,,1,13,,636028,4,,1,27,,636060,4,,1,15,,467301,4,,1,48,,466136,4,,1,14,,636046,4,,1,30,,636027,4,,1,69,,636062,4,,1,29,,636043,4,,1,68,,453533,4,,1,29,,636024,4,,1,69,,636036,4,,1,29,,636068,4,,1,65,,344550,4,,1,30,,636037,4,,1,68,,636035,4,,1,30,,636026,4,,1,79,,636061,4,,1
8500,'21',457,,636122,4,,1,78,,636089,4,,1,70,,636110,4,,1,21,,636085,4,,1,15,,636093,4,,1,18,,415417,4,,1,55,,548563,4,,1,16,,636084,4,,1,16,,482318,4,,1,60,,636092,4,,1,16,,636095,4,,1,17,,636090,4,,1,16,,636105,4,,1,55,,636114,4,,1,15,,509894,4,,1,11,,540440,4,,1,15,,516524,4,,1,55,,459307,4,,1,15,,636120,4,,1,15,,636074,4,,1,15,,636097,4,,1,55,,479668,4,,1,15,,636077,4,,1,15,,636104,4,,1,15,,527640,4,,1,55,,636078,4,,1,15,,636088,4,,1,15,,636075,4,,1,15,,636083,4,,1,55,,636112,4,,1,15,,636079,4,,1,15,,636076,4,,1,15,,541506,4,,1,55,,636101,4,,1,15,,636116,4,,1,15,,636117,4,,1,18,,547415,4,,1,57,,636100,4,,1,15,,490591,4,,1,16,,636098,4,,1,15,,636086,4,,1,58,,636107,4,,1,15,,636121,4,,1,15,,636099,4,,1,56,,636087,4,,1,14,,636115,4,,1,15,,636111,4,,1,15,,636072,4,,1,56,,636096,4,,1,13,,636082,4,,1,15,,636118,4,,1,12,,536116,4,,1,15,,636102,4,,1,48,,636108,4,,1,14,,636103,4,,1,30,,636073,4,,1,69,,547928,4,,1,29,,636109,4,,1,68,,636119,4,,1,29,,636081,4,,1,69,,636094,4,,1,29,,498705,4,,1,65,,636091,4,,1,30,,636106,4,,1,68,,479676,4,,1,30,,636113,4,,1,79,,636080,4,,1
8500,'22',457,,636141,4,,1,78,,636178,4,,1,70,,636145,4,,1,21,,636175,4,,1,15,,636163,4,,1,18,,636174,4,,1,56,,636182,4,,1,15,,636125,4,,1,16,,636157,4,,1,76,,636138,4,,1,17,,636176,4,,1,16,,636179,4,,1,55,,636161,4,,1,17,,636147,4,,1,9,,636158,4,,1,15,,636152,4,,1,55,,636165,4,,1,15,,636172,4,,1,15,,636127,4,,1,15,,636169,4,,1,55,,636124,4,,1,15,,636133,4,,1,15,,636168,4,,1,15,,636155,4,,1,55,,636184,4,,1,15,,636148,4,,1,15,,636164,4,,1,15,,636166,4,,1,55,,636136,4,,1,15,,636170,4,,1,15,,636151,4,,1,15,,636135,4,,1,55,,636134,4,,1,15,,636128,4,,1,15,,636181,4,,1,18,,636123,4,,1,57,,636139,4,,1,14,,636160,4,,1,32,,636159,4,,1,58,,636171,4,,1,17,,636183,4,,1,13,,636162,4,,1,58,,636177,4,,1,12,,636149,4,,1,15,,537050,4,,1,15,,636137,4,,1,56,,636144,4,,1,13,,636132,4,,1,27,,519781,4,,1,15,,636129,4,,1,48,,636154,4,,1,14,,636153,4,,1,30,,636131,4,,1,69,,636173,4,,1,29,,636150,4,,1,68,,636167,4,,1,29,,636126,4,,1,69,,636142,4,,1,29,,636180,4,,1,65,,636146,4,,1,30,,636143,4,,1,68,,636140,4,,1,30,,636130,4,,1,79,,531027,4,,1
8500,'23',457,,636251,4,,1,78,,636205,4,,1,70,,636233,4,,1,21,,636200,4,,1,15,,636212,4,,1,18,,636242,4,,1,55,,636239,4,,1,16,,636199,4,,1,16,,636230,4,,1,60,,636211,4,,1,16,,636214,4,,1,17,,636208,4,,1,16,,636226,4,,1,55,,636237,4,,1,15,,636247,4,,1,11,,636206,4,,1,15,,636240,4,,1,55,,636231,4,,1,15,,636249,4,,1,15,,636187,4,,1,15,,636216,4,,1,55,,636192,4,,1,15,,636190,4,,1,15,,636224,4,,1,15,,636225,4,,1,55,,636191,4,,1,15,,636204,4,,1,15,,636188,4,,1,15,,636198,4,,1,55,,636235,4,,1,15,,636194,4,,1,15,,636189,4,,1,15,,636241,4,,1,55,,636221,4,,1,15,,636243,4,,1,15,,636244,4,,1,18,,636207,4,,1,57,,636220,4,,1,15,,636246,4,,1,16,,636218,4,,1,15,,636201,4,,1,58,,636228,4,,1,15,,636250,4,,1,15,,636219,4,,1,56,,636203,4,,1,14,,636238,4,,1,15,,636234,4,,1,15,,636185,4,,1,56,,636215,4,,1,13,,636197,4,,1,15,,636245,4,,1,12,,636202,4,,1,15,,636222,4,,1,48,,636229,4,,1,14,,636223,4,,1,30,,636186,4,,1,69,,636193,4,,1,29,,636232,4,,1,68,,636248,4,,1,29,,636196,4,,1,69,,636213,4,,1,29,,636209,4,,1,65,,636210,4,,1,30,,636227,4,,1,68,,636217,4,,1,30,,636236,4,,1,79,,636195,4,,1
8500,'3',602,,636294,4,,1,33,,636280,4,,1,70,,636257,4,,1,30,,636260,4,,1,72,,636278,4,,1,30,,636284,4,,1,71,,636289,4,,1,30,,636279,4,,1,62,,636267,4,,1,20,,636266,4,,1,20,,636292,4,,1,63,,636283,4,,1,20,,636262,4,,1,20,,636258,4,,1,62,,636275,4,,1,20,,636277,4,,1,20,,636285,4,,1,60,,636298,4,,1,20,,636264,4,,1,20,,636288,4,,1,60,,636269,4,,1,15,,636259,4,,1,15,,636252,4,,1,15,,636300,4,,1,55,,636268,4,,1,15,,636296,4,,1,15,,636290,4,,1,15,,636255,4,,1,55,,636273,4,,1,15,,636265,4,,1,15,,636293,4,,1,15,,636253,4,,1,55,,636261,4,,1,15,,636271,4,,1,18,,636299,4,,1,18,,636295,4,,1,69,,636274,4,,1,29,,636263,4,,1,68,,636276,4,,1,30,,636286,4,,1,66,,636281,4,,1,30,,636256,4,,1,70,,636287,4,,1,30,,636291,4,,1,70,,636272,4,,1,30,,636282,4,,1,70,,636270,4,,1,26,,636297,4,,1,79,,636254,4,,1
8500,'4',556,,636341,4,,1,72,,520676,4,,1,30,,636302,4,,1,70,,636330,4,,1,72,,636345,4,,1,30,,636344,4,,1,71,,417295,4,,1,30,,636304,4,,1,72,,636313,4,,1,19,,636328,4,,1,15,,636337,4,,1,15,,636329,4,,1,58,,636331,4,,1,15,,636306,4,,1,15,,636325,4,,1,15,,636318,4,,1,57,,636312,4,,1,15,,471338,4,,1,15,,636301,4,,1,15,,517521,4,,1,55,,636303,4,,1,15,,636338,4,,1,15,,636321,4,,1,15,,483846,4,,1,55,,636309,4,,1,15,,636320,4,,1,15,,636307,4,,1,15,,636319,4,,1,55,,636316,4,,1,15,,520685,4,,1,15,,490716,4,,1,15,,636322,4,,1,55,,636314,4,,1,15,,636342,4,,1,15,,483844,4,,1,15,,636332,4,,1,55,,636340,4,,1,15,,636317,4,,1,15,,636323,4,,1,15,,636333,4,,1,55,,636327,4,,1,17,,636339,4,,1,28,,636326,4,,1,70,,636308,4,,1,30,,636334,4,,1,66,,636315,4,,1,30,,464066,4,,1,70,,537947,4,,1,30,,636310,4,,1,70,,636305,4,,1,30,,636311,4,,1,70,,636324,4,,1,26,,636335,4,,1,70,,636343,4,,1,30,,636336,4,,1
8500,'5',457,,636406,4,,1,78,,636349,4,,1,70,,636348,4,,1,21,,636376,4,,1,15,,636397,4,,1,18,,636377,4,,1,56,,636402,4,,1,15,,636409,4,,1,16,,636370,4,,1,12,,636361,4,,1,64,,636386,4,,1,18,,636347,4,,1,15,,636363,4,,1,55,,636357,4,,1,17,,636375,4,,1,9,,636354,4,,1,15,,636366,4,,1,55,,636374,4,,1,15,,636407,4,,1,15,,636360,4,,1,15,,636400,4,,1,55,,636378,4,,1,15,,636364,4,,1,15,,636346,4,,1,15,,636393,4,,1,55,,636382,4,,1,15,,636388,4,,1,15,,636391,4,,1,15,,636365,4,,1,55,,636358,4,,1,15,,636392,4,,1,15,,636411,4,,1,15,,636389,4,,1,55,,636412,4,,1,15,,636359,4,,1,15,,636362,4,,1,18,,636380,4,,1,57,,636352,4,,1,15,,636383,4,,1,16,,636395,4,,1,15,,636404,4,,1,59,,636369,4,,1,16,,636408,4,,1,13,,636351,4,,1,58,,636353,4,,1,12,,636368,4,,1,15,,636398,4,,1,15,,636396,4,,1,56,,636387,4,,1,13,,636385,4,,1,15,,636399,4,,1,12,,636367,4,,1,15,,636394,4,,1,48,,636379,4,,1,14,,636371,4,,1,30,,636410,4,,1,69,,636355,4,,1,29,,636405,4,,1,68,,636401,4,,1,29,,636372,4,,1,69,,636373,4,,1,29,,636356,4,,1,65,,636350,4,,1,30,,636403,4,,1,68,,636390,4,,1,30,,636381,4,,1,79,,636384,4,,1
8500,'6',457,,488851,4,,1,78,,636432,4,,1,70,,636457,4,,1,21,,540044,4,,1,15,,636439,4,,1,18,,636465,4,,1,55,,636462,4,,1,16,,636427,4,,1,16,,636454,4,,1,60,,636438,4,,1,16,,636440,4,,1,17,,636435,4,,1,16,,636450,4,,1,55,,636461,4,,1,15,,636470,4,,1,11,,636433,4,,1,15,,636463,4,,1,55,,636455,4,,1,15,,636472,4,,1,15,,636415,4,,1,15,,636441,4,,1,55,,636420,4,,1,15,,636418,4,,1,15,,636448,4,,1,15,,636449,4,,1,55,,636419,4,,1,15,,636431,4,,1,15,,636416,4,,1,15,,636426,4,,1,55,,636459,4,,1,15,,636422,4,,1,15,,636417,4,,1,15,,636464,4,,1,55,,636445,4,,1,15,,636466,4,,1,15,,636467,4,,1,18,,636434,4,,1,57,,636444,4,,1,15,,636469,4,,1,16,,636443,4,,1,15,,636428,4,,1,58,,636452,4,,1,15,,490673,4,,1,15,,498778,4,,1,56,,636430,4,,1,14,,445647,4,,1,15,,636458,4,,1,15,,636413,4,,1,56,,493696,4,,1,13,,636425,4,,1,15,,636468,4,,1,12,,636429,4,,1,15,,636446,4,,1,48,,636453,4,,1,14,,636447,4,,1,30,,636414,4,,1,69,,636421,4,,1,29,,636456,4,,1,68,,636471,4,,1,29,,636424,4,,1,69,,530296,4,,1,29,,636436,4,,1,65,,636437,4,,1,30,,636451,4,,1,68,,636442,4,,1,30,,636460,4,,1,79,,636423,4,,1
8500,'7',602,,636508,4,,1,33,,636497,4,,1,70,,636478,4,,1,30,,636481,4,,1,72,,636495,4,,1,30,,636501,4,,1,71,,636505,4,,1,30,,636496,4,,1,62,,636487,4,,1,20,,636486,4,,1,20,,636507,4,,1,63,,636500,4,,1,20,,636482,4,,1,20,,636479,4,,1,62,,411793,4,,1,20,,636494,4,,1,20,,636502,4,,1,60,,636512,4,,1,20,,636484,4,,1,20,,530680,4,,1,60,,636489,4,,1,15,,636480,4,,1,15,,636473,4,,1,15,,636513,4,,1,55,,636488,4,,1,15,,636510,4,,1,15,,468327,4,,1,15,,636476,4,,1,55,,636492,4,,1,15,,636485,4,,1,15,,522224,4,,1,15,,636474,4,,1,55,,443476,4,,1,15,,636490,4,,1,18,,498573,4,,1,18,,636509,4,,1,69,,468848,4,,1,29,,636483,4,,1,68,,636493,4,,1,30,,636503,4,,1,66,,636498,4,,1,30,,636477,4,,1,70,,636504,4,,1,30,,636506,4,,1,70,,636491,4,,1,30,,636499,4,,1,70,,468317,4,,1,26,,636511,4,,1,79,,636475,4,,1
8500,'8',457,,520846,4,,1,78,,636558,4,,1,70,,636531,4,,1,21,,536464,4,,1,15,,636545,4,,1,18,,636555,4,,1,56,,636561,4,,1,15,,636515,4,,1,16,,636540,4,,1,76,,636525,4,,1,17,,636556,4,,1,16,,636559,4,,1,55,,636543,4,,1,17,,636532,4,,1,9,,636541,4,,1,15,,636537,4,,1,55,,636547,4,,1,15,,636551,4,,1,15,,512365,4,,1,15,,636549,4,,1,55,,636514,4,,1,15,,520840,4,,1,15,,499690,4,,1,15,,636539,4,,1,55,,636563,4,,1,15,,636533,4,,1,15,,636546,4,,1,15,,636548,4,,1,55,,636523,4,,1,15,,454359,4,,1,15,,636536,4,,1,15,,636522,4,,1,55,,636521,4,,1,15,,636517,4,,1,15,,441342,4,,1,18,,502140,4,,1,57,,636526,4,,1,14,,492906,4,,1,32,,636542,4,,1,58,,294593,4,,1,17,,636562,4,,1,13,,636544,4,,1,58,,636557,4,,1,12,,636534,4,,1,15,,636550,4,,1,15,,636524,4,,1,56,,636530,4,,1,13,,636520,4,,1,27,,636552,4,,1,15,,467222,4,,1,48,,465880,4,,1,14,,636538,4,,1,30,,636519,4,,1,69,,636554,4,,1,29,,636535,4,,1,68,,453172,4,,1,29,,636516,4,,1,69,,636528,4,,1,29,,636560,4,,1,65,,344825,4,,1,30,,636529,4,,1,68,,636527,4,,1,30,,636518,4,,1,79,,636553,4,,1
8500,'9',457,,489155,4,,1,78,,636583,4,,1,70,,636608,4,,1,21,,540266,4,,1,15,,636590,4,,1,18,,636616,4,,1,55,,636613,4,,1,16,,636578,4,,1,16,,636605,4,,1,60,,636589,4,,1,16,,636591,4,,1,17,,636586,4,,1,16,,636601,4,,1,55,,636612,4,,1,15,,636621,4,,1,11,,636584,4,,1,15,,636614,4,,1,55,,636606,4,,1,15,,636623,4,,1,15,,636566,4,,1,15,,636592,4,,1,55,,636571,4,,1,15,,636569,4,,1,15,,636599,4,,1,15,,636600,4,,1,55,,636570,4,,1,15,,636582,4,,1,15,,636567,4,,1,15,,636577,4,,1,55,,636610,4,,1,15,,636573,4,,1,15,,636568,4,,1,15,,636615,4,,1,55,,636596,4,,1,15,,636617,4,,1,15,,636618,4,,1,18,,636585,4,,1,57,,636595,4,,1,15,,636620,4,,1,16,,636594,4,,1,15,,636579,4,,1,58,,636603,4,,1,15,,491253,4,,1,15,,499244,4,,1,56,,636581,4,,1,14,,445560,4,,1,15,,636609,4,,1,15,,636564,4,,1,56,,494161,4,,1,13,,636576,4,,1,15,,636619,4,,1,12,,636580,4,,1,15,,636597,4,,1,48,,636604,4,,1,14,,636598,4,,1,30,,636565,4,,1,69,,636572,4,,1,29,,636607,4,,1,68,,636622,4,,1,29,,636575,4,,1,69,,530647,4,,1,29,,636587,4,,1,65,,636588,4,,1,30,,636602,4,,1,68,,636593,4,,1,30,,636611,4,,1,79,,636574,4,,1
