5101,'1',701,,159334,24,,,1,30,,159331,24,,,1,105,,159328,24,,,1,11,,2199,24,,,1,59,,159343,24,,,1,25,,159339,24,,,1,70,,159324,24,,,1,30,,159327,24,,,1,70,,159337,24,,,1,31,,10943,24,,,1,70,,159344,24,,,1,30,,159332,24,,,1,70,,65990,24,,,1,30,,95062,24,,,1,70,,159322,24,,,1,30,,159335,24,,,1,68,,159340,24,,,1,11,,115764,3,0,56 57,1,22,,159345,24,,,1,70,,159341,24,,,1,31,,31297,24,,,1,70,,159347,24,,,1,30,,22923,24,,,1,70,,159336,24,,,1,29,,159330,24,,,1,68,,159338,24,,,1,29,,159323,24,,,1,70,,159329,24,,,1,29,,159342,24,,,1,30,,159325,24,,,1,70,,159326,24,,,1,29,,159333,24,,,1,100,,159346,24,,,1
5101,'10',701,,32164,24,,,1,30,,159360,24,,,1,74,,159356,24,,,1,31,,159361,24,,,1,70,,159362,24,,,1,25,,159357,24,,,1,70,,159359,24,,,1,30,,159370,24,,,1,70,,111177,24,,,1,31,,111679,24,,,1,70,,159348,24,,,1,30,,159368,24,,,1,70,,47900,24,,,1,30,,159366,24,,,1,70,,159363,24,,,1,30,,159349,24,,,1,68,,25391,24,,,1,33,,109785,24,,,1,70,,159353,24,,,1,32,,159352,24,,,1,69,,62181,24,,,1,30,,159350,24,,,1,70,,38117,24,,,1,29,,159355,24,,,1,68,,159365,24,,,1,29,,159354,24,,,1,70,,159367,24,,,1,29,,159358,24,,,1,30,,159364,24,,,1,70,,159369,24,,,1,29,,54246,24,,,1,100,,159351,24,,,1
5101,'11',856,,159381,24,,,1,70,,13183,24,,,1,31,,159390,24,,,1,70,,159385,24,,,1,30,,159387,24,,,1,70,,159377,24,,,1,30,,159371,24,,,1,70,,116471,24,,,1,30,,159389,24,,,1,70,,159373,24,,,1,30,,21133,24,,,1,70,,90755,24,,,1,30,,159383,24,,,1,70,,159386,24,,,1,30,,159374,24,,,1,70,,88226,24,,,1,30,,110259,24,,,1,70,,159375,24,,,1,30,,159382,24,,,1,70,,159384,24,,,1,30,,159372,24,,,1,70,,159388,24,,,1,29,,159378,24,,,1,70,,159379,24,0,79,1,30,,159380,24,,,1,100,,159376,24,,,1,99,,77114,24,0,79,1,100,,6380,24,,,1
5101,'12',701,,159414,24,,,1,30,,159410,24,,,1,75,,159401,24,,,1,30,,159416,24,,,1,70,,159394,24,,,1,25,,159405,24,,,1,70,,159413,24,,,1,30,,159403,24,,,1,70,,47492,24,,,1,31,,32528,24,,,1,70,,159404,24,,,1,30,,100335,24,,,1,70,,159395,24,,,1,30,,159415,24,,,1,70,,2077,24,,,1,30,,159406,24,,,1,68,,53996,24,,,1,33,,159402,24,,,1,70,,159412,24,,,1,31,,159396,24,,,1,70,,159392,24,,,1,30,,159397,24,,,1,70,,159393,24,,,1,29,,159399,24,,,1,68,,159411,24,,,1,29,,159408,24,,,1,70,,159391,24,,,1,29,,159398,24,,,1,30,,82287,24,,,1,70,,159400,24,,,1,29,,159409,24,,,1,100,,159407,24,,,1
5101,'13',856,,159429,24,,,1,70,,159436,24,,,1,31,,69611,24,,,1,70,,159434,24,,,1,30,,23005,24,,,1,70,,95648,24,,,1,30,,76936,24,,,1,70,,159428,24,,,1,30,,159439,24,,,1,70,,159419,24,,,1,30,,159440,24,,,1,70,,159420,24,,,1,30,,159431,24,,,1,70,,159435,24,,,1,30,,159421,24,,,1,70,,159437,24,,,1,30,,159425,24,,,1,70,,159422,24,,,1,30,,159430,24,,,1,70,,159433,24,,,1,30,,159418,24,,,1,70,,159438,24,,,1,29,,159424,24,,,1,70,,159426,24,0,79,1,30,,159427,24,,,1,100,,159423,24,,,1,99,,159417,24,0,79,1,100,,159432,24,,,1
5101,'14',701,,159467,24,,,1,30,,159463,24,,,1,75,,159452,24,,,1,30,,36568,24,,,1,70,,159446,24,,,1,25,,159456,24,,,1,70,,159466,24,,,1,30,,159454,24,,,1,70,,159451,24,,,1,31,,159445,24,,,1,70,,159455,24,,,1,30,,159457,24,,,1,70,,159447,24,,,1,30,,159468,24,,,1,70,,159444,24,,,1,30,,159458,24,,,1,68,,159441,24,,,1,33,,159453,24,,,1,70,,159465,24,,,1,31,,159448,24,,,1,70,,159442,24,,,1,30,,159449,24,,,1,70,,159443,24,,,1,29,,80699,24,,,1,68,,159464,24,,,1,29,,159460,24,,,1,70,,79881,24,,,1,29,,159450,24,,,1,30,,159462,24,,,1,70,,26406,24,,,1,29,,159461,24,,,1,100,,159459,24,,,1
5101,'15',701,,159495,24,,,1,30,,159491,24,,,1,75,,159480,24,,,1,30,,36775,24,,,1,70,,159474,24,,,1,25,,159484,24,,,1,70,,159494,24,,,1,30,,159482,24,,,1,70,,159479,24,,,1,31,,159473,24,,,1,70,,159483,24,,,1,30,,159485,24,,,1,70,,159475,24,,,1,30,,159496,24,,,1,70,,159472,24,,,1,30,,159486,24,,,1,68,,159469,24,,,1,33,,159481,24,,,1,70,,159493,24,,,1,31,,159476,24,,,1,70,,159470,24,,,1,30,,159477,24,,,1,70,,159471,24,,,1,29,,80903,24,,,1,68,,159492,24,,,1,29,,159488,24,,,1,70,,80223,24,,,1,29,,159478,24,,,1,30,,159490,24,,,1,70,,26761,24,,,1,29,,159489,24,,,1,100,,159487,24,,,1
5101,'16',701,,68445,24,,,1,30,,159519,24,,,1,75,,159509,24,,,1,30,,159522,24,,,1,70,,159502,24,,,1,25,,159513,24,,,1,70,,18682,24,,,1,30,,159511,24,,,1,70,,159507,24,,,1,31,,159501,24,,,1,70,,159512,24,,,1,30,,159514,24,,,1,70,,159503,24,,,1,30,,112229,24,,,1,70,,159500,24,,,1,30,,159515,24,,,1,68,,159497,24,,,1,33,,159510,24,,,1,70,,159521,24,,,1,31,,159504,24,,,1,70,,94514,24,,,1,30,,8028,24,,,1,70,,159499,24,,,1,29,,159506,24,,,1,68,,159520,24,,,1,29,,159517,24,,,1,70,,159498,24,,,1,29,,159505,24,,,1,30,,159518,24,,,1,70,,159508,24,,,1,29,,97243,24,,,1,100,,159516,24,,,1
5101,'17',701,,159535,24,,,1,30,,159532,24,,,1,105,,159529,24,,,1,11,,2574,24,,,1,59,,159544,24,,,1,25,,159540,24,,,1,70,,159525,24,,,1,30,,159528,24,,,1,70,,159538,24,,,1,31,,11209,24,,,1,70,,159545,24,,,1,30,,159533,24,,,1,70,,66225,24,,,1,30,,95230,24,,,1,70,,159523,24,,,1,30,,159536,24,,,1,68,,159541,24,,,1,11,,115780,3,0,56 57,1,22,,159546,24,,,1,70,,159542,24,,,1,31,,31478,24,,,1,70,,159548,24,,,1,30,,23093,24,,,1,70,,159537,24,,,1,29,,159531,24,,,1,68,,159539,24,,,1,29,,159524,24,,,1,70,,159530,24,,,1,29,,159543,24,,,1,30,,159526,24,,,1,70,,159527,24,,,1,29,,159534,24,,,1,100,,159547,24,,,1
5101,'2',701,,159561,24,,,1,30,,159558,24,,,1,105,,159555,24,,,1,11,,2273,24,,,1,59,,159570,24,,,1,25,,159566,24,,,1,70,,159551,24,,,1,30,,159554,24,,,1,70,,159564,24,,,1,31,,10999,24,,,1,70,,159571,24,,,1,30,,159559,24,,,1,70,,66040,24,,,1,30,,95095,24,,,1,70,,159549,24,,,1,30,,159562,24,,,1,68,,159567,24,,,1,11,,115768,3,0,56 57,1,22,,159572,24,,,1,70,,159568,24,,,1,31,,31335,24,,,1,70,,159574,24,,,1,30,,22958,24,,,1,70,,159563,24,,,1,29,,159557,24,,,1,68,,159565,24,,,1,29,,159550,24,,,1,70,,159556,24,,,1,29,,159569,24,,,1,30,,159552,24,,,1,70,,159553,24,,,1,29,,159560,24,,,1,100,,159573,24,,,1
5101,'3',701,,159601,24,,,1,30,,159597,24,,,1,75,,159586,24,,,1,30,,36702,24,,,1,70,,159580,24,,,1,25,,159590,24,,,1,70,,159600,24,,,1,30,,159588,24,,,1,70,,159585,24,,,1,31,,159579,24,,,1,70,,159589,24,,,1,30,,159591,24,,,1,70,,159581,24,,,1,30,,159602,24,,,1,70,,159578,24,,,1,30,,159592,24,,,1,68,,159575,24,,,1,33,,159587,24,,,1,70,,159599,24,,,1,31,,159582,24,,,1,70,,159576,24,,,1,30,,159583,24,,,1,70,,159577,24,,,1,29,,80832,24,,,1,68,,159598,24,,,1,29,,159594,24,,,1,70,,80095,24,,,1,29,,159584,24,,,1,30,,159596,24,,,1,70,,26632,24,,,1,29,,159595,24,,,1,100,,159593,24,,,1
5101,'4',731,,159617,24,,,1,101,,159610,24,,,1,70,,159626,24,,,1,30,,159616,24,,,1,71,,159621,24,,,1,30,,159614,24,,,1,70,,159603,24,,,1,30,,159619,24,,,1,70,,159611,24,,,1,30,,159623,24,,,1,70,,109095,24,,,1,30,,95528,24,,,1,70,,159615,24,,,1,30,,159627,24,,,1,70,,159609,24,,,1,30,,159604,24,,,1,70,,104195,24,,,1,30,,159605,24,,,1,70,,159625,24,,,1,30,,34843,24,,,1,71,,104156,24,,,1,30,,159612,24,0,56 57,1,70,,159622,24,,,1,30,,159620,24,0,56 57,1,69,,159613,24,,,1,30,,159618,24,0,56 57,1,70,,159624,24,,,1,30,,159608,24,0,56 57,1,70,,159606,24,,,1,99,,118844,24,,,1,100,,159607,24,,,1
5101,'5',701,,107649,24,,,1,30,,159637,24,,,1,105,,159635,24,,,1,11,,159649,24,,,1,59,,159650,24,,,1,25,,159645,24,,,1,70,,159630,24,,,1,30,,71346,24,,,1,70,,159643,24,,,1,31,,159642,24,,,1,70,,159651,24,,,1,30,,159638,24,,,1,70,,159646,24,,,1,30,,159632,24,,,1,70,,159628,24,,,1,30,,159640,24,,,1,68,,159647,24,,,1,11,,159634,3,0,56 57,1,22,,159652,24,,,1,70,,159648,24,,,1,31,,159631,24,,,1,70,,159654,24,,,1,30,,159636,24,,,1,70,,159641,24,,,1,29,,91756,24,,,1,68,,159644,24,,,1,29,,159629,24,,,1,70,,103212,24,,,1,29,,65082,24,,,1,30,,159633,24,,,1,70,,9,24,,,1,29,,159639,24,,,1,100,,159653,24,,,1
5101,'6',701,,159667,24,,,1,30,,159664,24,,,1,105,,159661,24,,,1,11,,3008,24,,,1,59,,159676,24,,,1,25,,159672,24,,,1,70,,159657,24,,,1,30,,159660,24,,,1,70,,159670,24,,,1,31,,11512,24,,,1,70,,159677,24,,,1,30,,159665,24,,,1,70,,66507,24,,,1,30,,95436,24,,,1,70,,159655,24,,,1,30,,159668,24,,,1,68,,159673,24,,,1,11,,115800,3,0,56 57,1,22,,159678,24,,,1,70,,159674,24,,,1,31,,31686,24,,,1,70,,159680,24,,,1,30,,23278,24,,,1,70,,159669,24,,,1,29,,159663,24,,,1,68,,159671,24,,,1,29,,159656,24,,,1,70,,159662,24,,,1,29,,159675,24,,,1,30,,159658,24,,,1,70,,159659,24,,,1,29,,159666,24,,,1,100,,159679,24,,,1
5101,'7',731,,159696,24,,,1,101,,159689,24,,,1,70,,159707,24,,,1,30,,159695,24,,,1,71,,159701,24,,,1,30,,159693,24,,,1,70,,159682,24,,,1,30,,159699,24,,,1,70,,159690,24,,,1,30,,159703,24,,,1,70,,159705,24,,,1,30,,159708,24,,,1,70,,159694,24,,,1,30,,159709,24,,,1,70,,159688,24,,,1,30,,159683,24,,,1,70,,159706,24,,,1,30,,159684,24,,,1,70,,159704,24,,,1,30,,159692,24,,,1,71,,159697,24,,,1,30,,159691,24,0,56 57,1,70,,159702,24,,,1,30,,159700,24,0,56 57,1,69,,78126,24,,,1,30,,159698,24,0,56 57,1,70,,40385,24,,,1,30,,159687,24,0,56 57,1,70,,159685,24,,,1,99,,159681,24,,,1,100,,159686,24,,,1
5101,'8',701,,159722,24,,,1,30,,159719,24,,,1,105,,159716,24,,,1,11,,2934,24,,,1,59,,159731,24,,,1,25,,159727,24,,,1,70,,159712,24,,,1,30,,159715,24,,,1,70,,159725,24,,,1,31,,11456,24,,,1,70,,159732,24,,,1,30,,159720,24,,,1,70,,66457,24,,,1,30,,95403,24,,,1,70,,159710,24,,,1,30,,159723,24,,,1,68,,159728,24,,,1,11,,115796,3,0,56 57,1,22,,159733,24,,,1,70,,159729,24,,,1,31,,31648,24,,,1,70,,159735,24,,,1,30,,23243,24,,,1,70,,159724,24,,,1,29,,159718,24,,,1,68,,159726,24,,,1,29,,159711,24,,,1,70,,159717,24,,,1,29,,159730,24,,,1,30,,159713,24,,,1,70,,159714,24,,,1,29,,159721,24,,,1,100,,159734,24,,,1
5101,'9',856,,159748,24,,,1,70,,159755,24,,,1,31,,159760,24,,,1,70,,159753,24,,,1,30,,159757,24,,,1,70,,159743,24,,,1,30,,159737,24,,,1,70,,159747,24,,,1,30,,159758,24,,,1,70,,159739,24,,,1,30,,159759,24,,,1,70,,159740,24,,,1,30,,159750,24,,,1,70,,159754,24,,,1,30,,159741,24,,,1,70,,159756,24,,,1,30,,159745,24,,,1,70,,159742,24,,,1,30,,159749,24,,,1,70,,159752,24,,,1,30,,159738,24,,,1,70,,35352,24,,,1,29,,159744,24,,,1,70,,52460,24,0,79,1,30,,159746,24,,,1,100,,97569,24,,,1,99,,159736,24,0,79,1,100,,159751,24,,,1
