8601,'1',642,,182152,35,0,11 2 12,1,71,,182167,35,0,11 2 12,1,31,,182165,35,0,11 2 12,1,73,,182162,35,0,11 2 12,1,31,,182146,35,0,11 2 12,1,69,,182170,35,0,11 2 12,1,617,,52090,35,0,11 2 12,1,70,,182175,35,0,11 2 12,1,33,,182142,35,0,11 2 12,1,97,,182139,35,0,11 2 12,1,70,,182164,35,0,11 2 12,1
8601,'12',642,,120415,35,0,11 2 12,1,71,,182251,35,0,11 2 12,1,31,,182264,35,0,11 2 12,1,73,,182272,35,0,11 2 12,1,31,,182242,35,0,11 2 12,1,69,,182244,35,0,11 2 12,1,617,,182271,35,0,11 2 12,1,70,,182265,35,0,11 2 12,1,31,,182259,35,0,11 2 12,1,70,,25037,35,0,11 2 12,1,29,,182267,35,0,11 2 12,1,71,,182266,35,0,11 2 12,1
8601,'14',642,,182331,35,0,11 2 12,1,71,,182315,35,0,11 2 12,1,31,,55060,35,0,11 2 12,1,73,,592,35,0,11 2 12,1,31,,182304,35,0,11 2 12,1,69,,182307,35,0,11 2 12,1,617,,77551,35,0,11 2 12,1,70,,182332,35,0,11 2 12,1,31,,182324,35,0,11 2 12,1,70,,182326,35,0,11 2 12,1,29,,182335,35,0,11 2 12,1,71,,182334,35,0,11 2 12,1
8601,'15',642,,182371,35,0,11 2 12,1,71,,182355,35,0,11 2 12,1,31,,55337,35,0,11 2 12,1,73,,936,35,0,11 2 12,1,31,,182344,35,0,11 2 12,1,69,,182347,35,0,11 2 12,1,617,,78080,35,0,11 2 12,1,70,,182372,35,0,11 2 12,1,31,,182364,35,0,11 2 12,1,70,,182366,35,0,11 2 12,1,29,,182375,35,0,11 2 12,1,71,,182374,35,0,11 2 12,1
8601,'16',642,,182414,35,0,11 2 12,1,71,,182396,35,0,11 2 12,1,31,,182412,35,0,11 2 12,1,73,,182423,35,0,11 2 12,1,31,,182384,35,0,11 2 12,1,69,,182387,35,0,11 2 12,1,617,,182422,35,0,11 2 12,1,70,,182415,35,0,11 2 12,1,31,,182405,35,0,11 2 12,1,70,,182407,35,0,11 2 12,1,29,,182418,35,0,11 2 12,1,71,,182417,35,0,11 2 12,1
8601,'17',642,,182440,35,0,11 2 12,1,71,,182455,35,0,11 2 12,1,31,,182453,35,0,11 2 12,1,73,,182450,35,0,11 2 12,1,31,,182434,35,0,11 2 12,1,69,,182458,35,0,11 2 12,1,617,,52312,35,0,11 2 12,1,70,,182463,35,0,11 2 12,1,33,,182430,35,0,11 2 12,1,97,,182427,35,0,11 2 12,1,70,,182452,35,0,11 2 12,1
8601,'2',642,,182478,35,0,11 2 12,1,71,,182493,35,0,11 2 12,1,31,,182491,35,0,11 2 12,1,73,,182488,35,0,11 2 12,1,31,,182472,35,0,11 2 12,1,69,,182496,35,0,11 2 12,1,617,,52136,35,0,11 2 12,1,70,,182501,35,0,11 2 12,1,33,,182468,35,0,11 2 12,1,97,,182465,35,0,11 2 12,1,70,,182490,35,0,11 2 12,1
8601,'3',642,,182535,35,0,11 2 12,1,71,,182519,35,0,11 2 12,1,31,,55239,35,0,11 2 12,1,73,,812,35,0,11 2 12,1,31,,182508,35,0,11 2 12,1,69,,182511,35,0,11 2 12,1,617,,77898,35,0,11 2 12,1,70,,182536,35,0,11 2 12,1,31,,182528,35,0,11 2 12,1,70,,182530,35,0,11 2 12,1,29,,182539,35,0,11 2 12,1,71,,182538,35,0,11 2 12,1
8601,'5',642,,87934,35,0,11 2 12,1,71,,182596,35,0,11 2 12,1,31,,58812,35,0,11 2 12,1,73,,182590,35,0,11 2 12,1,31,,182572,35,0,11 2 12,1,69,,24258,35,0,11 2 12,1,617,,182600,35,0,11 2 12,1,70,,182604,35,0,11 2 12,1,33,,182569,35,0,11 2 12,1,97,,55423,35,0,11 2 12,1,70,,182592,35,0,11 2 12,1
8601,'6',642,,182619,35,0,11 2 12,1,71,,182634,35,0,11 2 12,1,31,,182632,35,0,11 2 12,1,73,,182629,35,0,11 2 12,1,31,,182613,35,0,11 2 12,1,69,,182637,35,0,11 2 12,1,617,,52568,35,0,11 2 12,1,70,,182642,35,0,11 2 12,1,33,,182609,35,0,11 2 12,1,97,,182606,35,0,11 2 12,1,70,,182631,35,0,11 2 12,1
8601,'8',642,,182685,35,0,11 2 12,1,71,,182700,35,0,11 2 12,1,31,,182698,35,0,11 2 12,1,73,,182695,35,0,11 2 12,1,31,,182679,35,0,11 2 12,1,69,,182703,35,0,11 2 12,1,617,,52522,35,0,11 2 12,1,70,,182708,35,0,11 2 12,1,33,,182675,35,0,11 2 12,1,97,,182672,35,0,11 2 12,1,70,,182697,35,0,11 2 12,1
