5801,'1',634,,278294,17,,,0,89,,337192,22,,,0,33,,337211,22,,,0,71,,337209,22,,,0,30,,337189,22,,,0,60,,337191,17,,,0,28,,337204,17,,,0,72,,337203,17,,,0,30,,282416,17,,,0,70,,228533,17,,,0,30,,337210,17,,,0,71,,337194,17,,,0,30,,272065,17,,,0,70,,337200,17,,,0,30,,337205,17,,,0,70,,337184,17,,,0,30,,337195,17,,,0,70,,337208,17,0,76,0,30,,337198,17,0,76,0,71,,337201,22,0,76,0,28,,337186,22,0,76,0,68,,261047,22,0,76,0,21,,337185,17,0,76,0,70,,337193,17,0,76,0,29,,337197,17,0,76,0,69,,337187,17,0,76,0,30,,337199,17,0,76,0,70,,337188,17,0,76,0,30,,213190,17,0,76,0,70,,337207,17,0,76,0,30,,337190,17,0,76,0,70,,337196,17,0,76,0,29,,337206,17,0,76,0,97,,337202,17,0,76,0
5801,'10',845,,337219,17,,,0,70,,337231,17,0,76,0,30,,337223,17,,,0,70,,236410,17,0,76,0,30,,337227,17,,,0,70,,337222,17,0,76,0,30,,337220,17,,,0,70,,337230,17,0,76,0,30,,337232,17,,,0,70,,337221,17,0,76,0,30,,253886,17,,,0,70,,337228,17,0,76,0,30,,240357,17,,,0,70,,256502,17,0,76,0,30,,241752,17,,,0,70,,337217,17,0,76,0,30,,337213,17,,,0,70,,232064,17,0,76,0,30,,337225,17,,,0,70,,337224,17,0,76,0,30,,337215,17,,,0,70,,337212,17,0,76,0,30,,337218,17,,,0,70,,337229,17,0,76,0,30,,337216,17,,,0,70,,337214,17,0,76,0,30,,337226,17,,,0,163,,278784,17,0,76,0
5801,'11',634,,205173,17,,,0,91,,337244,22,,,0,31,,337242,22,,,0,71,,337233,22,,,0,30,,242644,22,,,0,60,,337245,17,,,0,28,,337246,17,,,0,72,,337236,17,,,0,30,,337250,17,,,0,70,,337254,17,,,0,30,,263532,17,,,0,71,,337238,17,,,0,30,,337251,17,,,0,70,,337249,17,,,0,30,,337252,17,,,0,70,,85012,17,,,0,100,,337239,17,0,76,0,30,,337240,17,0,76,0,71,,217635,22,0,76,0,98,,337234,22,0,76,0,19,,337241,17,0,76,0,70,,192970,17,0,76,0,29,,337235,17,0,76,0,69,,337247,17,0,76,0,100,,337243,17,0,76,0,100,,337237,17,0,76,0,30,,337248,17,0,76,0,70,,250280,17,0,76,0,29,,263504,17,0,76,0,97,,337253,17,0,76,0
5801,'12',1001,,337261,17,,,0,30,,337262,17,0,76,0,70,,337271,17,,,0,30,,337257,17,0,76,0,70,,337259,17,,,0,30,,337267,17,0,76,0,70,,337264,17,,,0,30,,337260,17,0,76,0,70,,337258,17,,,0,30,,219722,17,0,76,0,70,,337268,17,,,0,30,,337263,17,0,76,0,70,,337269,17,,,0,30,,337266,17,0,76,0,70,,337270,17,,,0,30,,231402,17,0,76,0,70,,337256,17,,,0,30,,337265,17,0,76,0,70,,337272,17,,,0,32,,337255,17,0,76,0
5801,'13',634,,205167,17,,,0,91,,337284,22,,,0,31,,337282,22,,,0,71,,337273,22,,,0,30,,242698,22,,,0,60,,337285,17,,,0,28,,337286,17,,,0,72,,337276,17,,,0,30,,337290,17,,,0,70,,337294,17,,,0,30,,263594,17,,,0,71,,337278,17,,,0,30,,337291,17,,,0,70,,337289,17,,,0,30,,337292,17,,,0,70,,84379,17,,,0,100,,337279,17,0,76,0,30,,337280,17,0,76,0,71,,217700,22,0,76,0,98,,337274,22,0,76,0,19,,337281,17,0,76,0,70,,192670,17,0,76,0,29,,337275,17,0,76,0,69,,337287,17,0,76,0,100,,337283,17,0,76,0,100,,337277,17,0,76,0,30,,337288,17,0,76,0,70,,250313,17,0,76,0,29,,263566,17,0,76,0,97,,337293,17,0,76,0
5801,'14',634,,205168,17,,,0,91,,337306,22,,,0,31,,337304,22,,,0,71,,337295,22,,,0,30,,242879,22,,,0,60,,337307,17,,,0,28,,337308,17,,,0,72,,337298,17,,,0,30,,337312,17,,,0,70,,337316,17,,,0,30,,263884,17,,,0,71,,337300,17,,,0,30,,337313,17,,,0,70,,337311,17,,,0,30,,337314,17,,,0,70,,84704,17,,,0,100,,337301,17,0,76,0,30,,337302,17,0,76,0,71,,217945,22,0,76,0,98,,337296,22,0,76,0,19,,337303,17,0,76,0,70,,192834,17,0,76,0,29,,337297,17,0,76,0,69,,337309,17,0,76,0,100,,337305,17,0,76,0,100,,337299,17,0,76,0,30,,337310,17,0,76,0,70,,250461,17,0,76,0,29,,263856,17,0,76,0,97,,337315,17,0,76,0
5801,'15',1001,,216053,17,,,0,30,,244512,17,0,76,0,70,,292609,17,,,0,30,,337318,17,0,76,0,70,,337320,17,,,0,30,,337325,17,0,76,0,70,,337323,17,,,0,30,,337321,17,0,76,0,70,,337319,17,,,0,30,,337322,17,0,76,0,70,,337326,17,,,0,30,,209839,17,0,76,0,70,,337327,17,,,0,30,,337324,17,0,76,0,70,,337329,17,,,0,30,,337328,17,0,76,0,70,,228187,17,,,0,30,,246195,17,0,76,0,70,,281527,17,,,0,32,,337317,17,0,76,0
5801,'16',845,,337338,17,,,0,70,,13818,17,0,76,0,30,,337343,17,,,0,70,,337340,17,0,76,0,30,,337350,17,,,0,70,,337342,17,0,76,0,30,,337339,17,,,0,70,,337353,17,0,76,0,30,,247394,17,,,0,70,,337341,17,0,76,0,30,,337354,17,,,0,70,,337351,17,0,76,0,30,,337337,17,,,0,70,,337336,17,0,76,0,30,,337348,17,,,0,70,,337335,17,0,76,0,30,,337331,17,,,0,70,,337349,17,0,76,0,30,,337345,17,,,0,70,,337344,17,0,76,0,30,,337333,17,,,0,70,,337330,17,0,76,0,30,,198261,17,,,0,70,,337352,17,0,76,0,30,,337334,17,,,0,70,,337332,17,0,76,0,30,,337346,17,,,0,163,,337347,17,0,76,0
5801,'2',634,,337362,17,,,0,91,,337365,22,,,0,31,,337363,22,,,0,71,,337355,22,,,0,30,,337376,22,,,0,60,,337366,17,,,0,28,,337367,17,,,0,72,,255457,17,,,0,30,,337371,17,,,0,70,,337375,17,,,0,30,,337378,17,,,0,71,,208363,17,,,0,30,,337372,17,,,0,70,,337370,17,,,0,30,,337373,17,,,0,70,,337359,17,,,0,100,,337358,17,0,76,0,30,,337360,17,0,76,0,71,,337357,22,0,76,0,98,,281232,22,0,76,0,19,,294349,17,0,76,0,70,,337377,17,0,76,0,29,,337356,17,0,76,0,69,,337368,17,0,76,0,100,,232936,17,0,76,0,100,,147307,17,0,76,0,30,,337369,17,0,76,0,70,,337364,17,0,76,0,29,,337361,17,0,76,0,97,,337374,17,0,76,0
5801,'3',634,,337390,17,,,0,91,,337394,22,,,0,31,,280454,22,,,0,71,,337379,22,,,0,30,,337402,22,,,0,60,,278366,17,,,0,28,,257109,17,,,0,72,,337383,17,,,0,30,,337398,17,,,0,70,,337401,17,,,0,30,,337404,17,,,0,71,,337385,17,,,0,30,,337399,17,,,0,70,,337397,17,,,0,30,,337400,17,,,0,70,,337387,17,,,0,100,,337386,17,0,76,0,30,,337388,17,0,76,0,71,,337382,22,0,76,0,98,,337380,22,0,76,0,19,,337391,17,0,76,0,70,,337403,17,0,76,0,29,,337381,17,0,76,0,69,,337395,17,0,76,0,100,,337393,17,0,76,0,100,,337384,17,0,76,0,30,,337396,17,0,76,0,70,,337392,17,0,76,0,29,,337389,17,0,76,0,97,,195841,17,0,76,0
5801,'4',634,,337424,17,,,0,91,,337410,22,,,0,31,,337425,22,,,0,71,,337407,22,,,0,30,,263440,22,,,0,60,,337422,17,,,0,28,,337413,17,,,0,72,,337412,17,,,0,30,,285365,17,,,0,70,,337406,17,,,0,30,,337409,17,,,0,71,,337428,17,,,0,30,,337429,17,,,0,70,,162917,17,,,0,30,,210577,17,,,0,70,,337419,17,,,0,30,,337417,17,,,0,70,,214391,17,0,76,0,30,,337421,17,0,76,0,71,,337416,22,0,76,0,29,,337414,22,0,76,0,69,,337420,22,0,76,0,19,,255024,17,0,76,0,70,,337427,17,0,76,0,29,,285374,17,0,76,0,69,,337423,17,0,76,0,30,,337405,17,0,76,0,70,,337415,17,0,76,0,30,,244774,17,0,76,0,70,,256200,17,0,76,0,30,,337418,17,0,76,0,70,,337408,17,0,76,0,29,,337411,17,0,76,0,97,,337426,17,0,76,0
5801,'5',634,,337441,17,,,0,91,,337445,22,,,0,31,,280535,22,,,0,71,,337430,22,,,0,30,,337453,22,,,0,60,,278475,17,,,0,28,,257168,17,,,0,72,,337434,17,,,0,30,,337449,17,,,0,70,,337452,17,,,0,30,,337455,17,,,0,71,,337436,17,,,0,30,,337450,17,,,0,70,,337448,17,,,0,30,,337451,17,,,0,70,,337438,17,,,0,100,,337437,17,0,76,0,30,,337439,17,0,76,0,71,,337433,22,0,76,0,98,,337431,22,0,76,0,19,,337442,17,0,76,0,70,,337454,17,0,76,0,29,,337432,17,0,76,0,69,,337446,17,0,76,0,100,,337444,17,0,76,0,100,,337435,17,0,76,0,30,,337447,17,0,76,0,70,,337443,17,0,76,0,29,,337440,17,0,76,0,97,,290898,17,0,76,0
5801,'6',634,,205172,17,,,0,91,,337467,22,,,0,31,,337465,22,,,0,71,,337456,22,,,0,30,,242348,22,,,0,60,,337468,17,,,0,28,,337469,17,,,0,72,,337459,17,,,0,30,,337473,17,,,0,70,,337477,17,,,0,30,,263114,17,,,0,71,,337461,17,,,0,30,,337474,17,,,0,70,,337472,17,,,0,30,,337475,17,,,0,70,,85079,17,,,0,100,,337462,17,0,76,0,30,,337463,17,0,76,0,71,,217270,22,0,76,0,98,,337457,22,0,76,0,19,,337464,17,0,76,0,70,,192941,17,0,76,0,29,,337458,17,0,76,0,69,,337470,17,0,76,0,100,,337466,17,0,76,0,100,,337460,17,0,76,0,30,,337471,17,0,76,0,70,,250062,17,0,76,0,29,,263086,17,0,76,0,97,,337476,17,0,76,0
5801,'7',634,,337485,17,,,0,91,,337488,22,,,0,31,,337486,22,,,0,71,,337478,22,,,0,30,,337499,22,,,0,60,,337489,17,,,0,28,,337490,17,,,0,72,,255357,17,,,0,30,,337494,17,,,0,70,,337498,17,,,0,30,,337501,17,,,0,71,,208190,17,,,0,30,,337495,17,,,0,70,,337493,17,,,0,30,,337496,17,,,0,70,,337482,17,,,0,100,,337481,17,0,76,0,30,,337483,17,0,76,0,71,,337480,22,0,76,0,98,,281127,22,0,76,0,19,,294336,17,0,76,0,70,,337500,17,0,76,0,29,,337479,17,0,76,0,69,,337491,17,0,76,0,100,,232851,17,0,76,0,100,,147347,17,0,76,0,30,,337492,17,0,76,0,70,,337487,17,0,76,0,29,,337484,17,0,76,0,97,,337497,17,0,76,0
5801,'8',1001,,337508,17,,,0,30,,337509,17,0,76,0,70,,337518,17,,,0,30,,337504,17,0,76,0,70,,337506,17,,,0,30,,337514,17,0,76,0,70,,337511,17,,,0,30,,337507,17,0,76,0,70,,337505,17,,,0,30,,220238,17,0,76,0,70,,337515,17,,,0,30,,337510,17,0,76,0,70,,337516,17,,,0,30,,337513,17,0,76,0,70,,337517,17,,,0,30,,231704,17,0,76,0,70,,337503,17,,,0,30,,337512,17,0,76,0,70,,337519,17,,,0,32,,337502,17,0,76,0
5801,'9',634,,205169,17,,,0,91,,337531,22,,,0,31,,337529,22,,,0,71,,337520,22,,,0,30,,242213,22,,,0,60,,337532,17,,,0,28,,337533,17,,,0,72,,337523,17,,,0,30,,337537,17,,,0,70,,337541,17,,,0,30,,262912,17,,,0,71,,337525,17,,,0,30,,337538,17,,,0,70,,337536,17,,,0,30,,337539,17,,,0,70,,84446,17,,,0,100,,337526,17,0,76,0,30,,337527,17,0,76,0,71,,217088,22,0,76,0,98,,337521,22,0,76,0,19,,337528,17,0,76,0,70,,192859,17,0,76,0,29,,337522,17,0,76,0,69,,337534,17,0,76,0,100,,337530,17,0,76,0,100,,337524,17,0,76,0,30,,337535,17,0,76,0,70,,249969,17,0,76,0,29,,262884,17,0,76,0,97,,337540,17,0,76,0
8800,'11',713,,356639,12,0,63,0
8800,'13',713,,356749,12,0,63,0
8800,'14',713,,356820,12,0,63,0
8800,'2',713,,356983,12,0,63,0
8800,'3',713,,281683,12,0,63,0
8800,'5',713,,281790,12,0,63,0
8800,'6',713,,357292,12,0,63,0
8800,'7',713,,357367,12,0,63,0
8800,'9',713,,357475,12,0,63,0
65801,'11',831,,376912,19,,,0,2,,376913,19,,,0
65801,'13',831,,376914,19,,,0,2,,376915,19,,,0
65801,'14',831,,376916,19,,,0,2,,376917,19,,,0
65801,'2',831,,376918,19,,,0,2,,376919,19,,,0
65801,'3',831,,376920,19,,,0,2,,266742,19,,,0
65801,'5',831,,376921,19,,,0,2,,266815,19,,,0
65801,'6',831,,376922,19,,,0,2,,376923,19,,,0
65801,'7',831,,376924,19,,,0,2,,376925,19,,,0
65801,'9',831,,376926,19,,,0,2,,376927,19,,,0
