11000,'1',544,,88924,65,,,1,71,,192662,65,,,1,104,,192667,90,,,1,26,,192653,90,,,1,74,,88955,90,,,1,30,,192669,90,,,1,102,,192654,90,,,1,70,,192651,90,,,1,19,,192657,90,,,1,70,,192673,90,,,1,30,,192658,90,,,1,68,,192664,90,,,1,30,,192659,90,,,1,69,,192665,90,,,1,100,,192661,90,,,1,30,,192666,90,,,1,69,,192660,90,,,1,34,,192652,90,,,1,72,,192671,90,,,1,35,,192674,90,,,1,101,,192672,90,,,1,71,,192656,90,,,1,30,,192655,90,,,1,70,,192663,90,,,1,88,,35036,90,,,1,30,,192670,90,,,1,70,,192675,90,,,1,28,,192668,90,,,1
11000,'10',544,,192691,65,,,1,71,,192686,65,,,1,104,,192681,90,,,1,26,,192676,90,,,1,73,,192685,90,,,1,31,,6463,90,,,1,72,,192694,90,,,1,30,,192684,90,,,1,70,,192690,90,,,1,19,,192699,90,,,1,70,,192701,90,,,1,30,,192682,90,,,1,68,,192695,90,,,1,30,,192693,90,,,1,69,,192698,90,,,1,30,,192680,90,,,1,70,,192687,90,,,1,30,,43090,90,,,1,67,,192696,90,,,1,36,,192692,90,,,1,72,,192677,90,,,1,35,,93217,90,,,1,73,,192697,90,,,1,27,,192678,90,,,1,74,,192689,90,,,1,29,,83619,90,,,1,69,,192679,90,,,1,27,,192688,90,,,1,61,,192683,90,,,1,30,,192700,90,,,1,70,,28004,90,,,1,28,,39647,90,,,1
11000,'11',530,,192704,65,,,1,70,,192702,65,,,1,129,,40837,90,,,1,30,,35186,90,,,1,1071,,192703,90,,,1,70,,192705,90,,,1
11000,'12',544,,41614,65,,,1,71,,112715,65,,,1,104,,192714,90,,,1,26,,192726,90,,,1,73,,192718,90,,,1,31,,192711,90,,,1,72,,192706,90,,,1,30,,192712,90,,,1,70,,192707,90,,,1,19,,192721,90,,,1,70,,98718,90,,,1,30,,192716,90,,,1,68,,192715,90,,,1,30,,192725,90,,,1,69,,192717,90,,,1,30,,80400,90,,,1,70,,192722,90,,,1,30,,192710,90,,,1,69,,36238,90,,,1,34,,68156,90,,,1,72,,192724,90,,,1,35,,81633,90,,,1,71,,192723,90,,,1,29,,192709,90,,,1,72,,192719,90,,,1,30,,92805,90,,,1,70,,192720,90,,,1,27,,64441,90,,,1,61,,117736,90,,,1,30,,46127,90,,,1,70,,192708,90,,,1,28,,192713,90,,,1
11000,'13',530,,76992,65,,,1,70,,192728,65,,,1,129,,192727,90,,,1,30,,192730,90,,,1,1071,,192729,90,,,1,70,,96105,90,,,1
11000,'14',544,,192734,65,,,1,71,,192748,65,,,1,104,,192740,90,,,1,26,,192759,90,,,1,73,,192746,90,,,1,31,,192736,90,,,1,72,,192731,90,,,1,30,,192737,90,,,1,70,,111726,90,,,1,19,,192752,90,,,1,70,,192747,90,,,1,30,,192744,90,,,1,68,,192743,90,,,1,30,,192758,90,,,1,69,,192745,90,,,1,30,,192755,90,,,1,70,,192754,90,,,1,30,,192735,90,,,1,69,,192753,90,,,1,34,,192751,90,,,1,72,,192756,90,,,1,35,,192741,90,,,1,71,,13418,90,,,1,29,,192733,90,,,1,72,,192749,90,,,1,30,,192738,90,,,1,70,,192750,90,,,1,27,,192757,90,,,1,61,,192742,90,,,1,30,,192732,90,,,1,70,,56741,90,,,1,28,,192739,90,,,1
11000,'15',544,,192763,65,,,1,71,,192777,65,,,1,104,,192769,90,,,1,26,,192788,90,,,1,73,,192775,90,,,1,31,,192765,90,,,1,72,,192760,90,,,1,30,,192766,90,,,1,70,,111929,90,,,1,19,,192781,90,,,1,70,,192776,90,,,1,30,,192773,90,,,1,68,,192772,90,,,1,30,,192787,90,,,1,69,,192774,90,,,1,30,,192784,90,,,1,70,,192783,90,,,1,30,,192764,90,,,1,69,,192782,90,,,1,34,,192780,90,,,1,72,,192785,90,,,1,35,,192770,90,,,1,71,,13766,90,,,1,29,,192762,90,,,1,72,,192778,90,,,1,30,,192767,90,,,1,70,,192779,90,,,1,27,,192786,90,,,1,61,,192771,90,,,1,30,,192761,90,,,1,70,,57019,90,,,1,28,,192768,90,,,1
11000,'16',544,,192794,65,,,1,71,,192805,65,,,1,104,,192799,90,,,1,26,,50095,90,,,1,73,,192803,90,,,1,31,,192796,90,,,1,72,,192789,90,,,1,30,,192797,90,,,1,70,,192790,90,,,1,19,,103545,90,,,1,70,,192804,90,,,1,30,,192802,90,,,1,68,,12077,90,,,1,30,,192814,90,,,1,69,,75448,90,,,1,30,,192810,90,,,1,70,,69660,90,,,1,30,,192795,90,,,1,69,,192809,90,,,1,34,,192808,90,,,1,72,,192812,90,,,1,35,,192800,90,,,1,71,,192811,90,,,1,29,,192793,90,,,1,72,,192806,90,,,1,30,,192798,90,,,1,70,,192807,90,,,1,27,,192813,90,,,1,61,,192801,90,,,1,30,,192791,90,,,1,70,,192792,90,,,1,28,,63006,90,,,1
11000,'17',544,,89349,65,,,1,71,,192826,65,,,1,104,,192831,90,,,1,26,,192817,90,,,1,74,,89380,90,,,1,30,,192833,90,,,1,102,,192818,90,,,1,70,,192815,90,,,1,19,,192821,90,,,1,70,,192837,90,,,1,30,,192822,90,,,1,68,,192828,90,,,1,30,,192823,90,,,1,69,,192829,90,,,1,100,,192825,90,,,1,30,,192830,90,,,1,69,,192824,90,,,1,34,,192816,90,,,1,72,,192835,90,,,1,35,,192838,90,,,1,101,,192836,90,,,1,71,,192820,90,,,1,30,,192819,90,,,1,70,,192827,90,,,1,88,,35206,90,,,1,30,,192834,90,,,1,70,,192839,90,,,1,28,,192832,90,,,1
11000,'2',544,,89014,65,,,1,71,,192851,65,,,1,104,,192856,90,,,1,26,,192842,90,,,1,74,,89045,90,,,1,30,,192858,90,,,1,102,,192843,90,,,1,70,,192840,90,,,1,19,,192846,90,,,1,70,,192862,90,,,1,30,,192847,90,,,1,68,,192853,90,,,1,30,,192848,90,,,1,69,,192854,90,,,1,100,,192850,90,,,1,30,,192855,90,,,1,69,,192849,90,,,1,34,,192841,90,,,1,72,,192860,90,,,1,35,,192863,90,,,1,101,,192861,90,,,1,71,,192845,90,,,1,30,,192844,90,,,1,70,,192852,90,,,1,88,,35071,90,,,1,30,,192859,90,,,1,70,,192864,90,,,1,28,,192857,90,,,1
11000,'3',544,,192868,65,,,1,71,,192882,65,,,1,104,,192874,90,,,1,26,,192893,90,,,1,73,,192880,90,,,1,31,,192870,90,,,1,72,,192865,90,,,1,30,,192871,90,,,1,70,,111859,90,,,1,19,,192886,90,,,1,70,,192881,90,,,1,30,,192878,90,,,1,68,,192877,90,,,1,30,,192892,90,,,1,69,,192879,90,,,1,30,,192889,90,,,1,70,,192888,90,,,1,30,,192869,90,,,1,69,,192887,90,,,1,34,,192885,90,,,1,72,,192890,90,,,1,35,,192875,90,,,1,71,,13640,90,,,1,29,,192867,90,,,1,72,,192883,90,,,1,30,,192872,90,,,1,70,,192884,90,,,1,27,,192891,90,,,1,61,,192876,90,,,1,30,,192866,90,,,1,70,,56920,90,,,1,28,,192873,90,,,1
11000,'4',529,,192896,65,,,1,30,,192897,65,,,1,169,,192895,90,,,1,30,,16339,90,,,1,1071,,192894,90,,,1,30,,192898,90,,,1
11000,'5',544,,192904,65,,,1,71,,192909,65,,,1,104,,192915,90,,,1,26,,192901,90,,,1,74,,192911,90,,,1,30,,192917,90,,,1,102,,192902,90,,,1,70,,192899,90,,,1,19,,12826,90,,,1,70,,76664,90,,,1,30,,192905,90,,,1,68,,59605,90,,,1,30,,192906,90,,,1,69,,192913,90,,,1,100,,192908,90,,,1,30,,192914,90,,,1,69,,192907,90,,,1,34,,192900,90,,,1,72,,192919,90,,,1,35,,192920,90,,,1,101,,81615,90,,,1,71,,100262,90,,,1,30,,192903,90,,,1,70,,192910,90,,,1,88,,192912,90,,,1,30,,192918,90,,,1,70,,192921,90,,,1,28,,192916,90,,,1
11000,'6',544,,89851,65,,,1,71,,192933,65,,,1,104,,192938,90,,,1,26,,192924,90,,,1,74,,89882,90,,,1,30,,192940,90,,,1,102,,192925,90,,,1,70,,192922,90,,,1,19,,192928,90,,,1,70,,192944,90,,,1,30,,192929,90,,,1,68,,192935,90,,,1,30,,192930,90,,,1,69,,192936,90,,,1,100,,192932,90,,,1,30,,192937,90,,,1,69,,192931,90,,,1,34,,192923,90,,,1,72,,192942,90,,,1,35,,192945,90,,,1,101,,192943,90,,,1,71,,192927,90,,,1,30,,192926,90,,,1,70,,192934,90,,,1,88,,35407,90,,,1,30,,192941,90,,,1,70,,192946,90,,,1,28,,192939,90,,,1
11000,'7',529,,192949,65,,,1,30,,192950,65,,,1,169,,192948,90,,,1,30,,192947,90,,,1,1071,,44709,90,,,1,30,,67528,90,,,1
11000,'8',544,,89761,65,,,1,71,,192962,65,,,1,104,,192967,90,,,1,26,,192953,90,,,1,74,,89792,90,,,1,30,,192969,90,,,1,102,,192954,90,,,1,70,,192951,90,,,1,19,,192957,90,,,1,70,,192973,90,,,1,30,,192958,90,,,1,68,,192964,90,,,1,30,,192959,90,,,1,69,,192965,90,,,1,100,,192961,90,,,1,30,,192966,90,,,1,69,,192960,90,,,1,34,,192952,90,,,1,72,,192971,90,,,1,35,,192974,90,,,1,101,,192972,90,,,1,71,,192956,90,,,1,30,,192955,90,,,1,70,,192963,90,,,1,88,,35372,90,,,1,30,,192970,90,,,1,70,,192975,90,,,1,28,,192968,90,,,1
11000,'9',530,,192979,65,,,1,70,,192977,65,,,1,129,,192976,90,,,1,30,,192980,90,,,1,1071,,192978,90,,,1,70,,192981,90,,,1
11001,'1',1546,,192992,39,0,13,1
11001,'17',1546,,193162,39,0,13,1
11001,'2',1546,,193186,39,0,13,1
11001,'5',1546,,67558,39,0,13,1
11001,'6',1546,,193270,39,0,13,1
11001,'8',1546,,193299,39,0,13,1
66000,'1',759,,205264,15,,,1
66000,'17',759,,205265,15,,,1
66000,'2',759,,205266,15,,,1
66000,'5',759,,205267,15,,,1
66000,'6',759,,205268,15,,,1
66000,'8',759,,205269,15,,,1
67400,'1',730,,205665,16,,,1,10,,205664,16,,,1
67400,'17',730,,205670,16,,,1,10,,205669,16,,,1
67400,'2',730,,205675,16,,,1,10,,205674,16,,,1
67400,'5',730,,205680,16,,,1,10,,205679,16,,,1
67400,'6',730,,205685,16,,,1,10,,205684,16,,,1
67400,'8',730,,205690,16,,,1,10,,205689,16,,,1
