4701,'1',1513,,157276,18,,,1,34,,157280,18,,,1,69,,157278,18,,,1,29,,157277,18,,,1,65,,120097,18,,,1,34,,157279,18,,,1,60,,114117,18,,,1
4701,'10',1515,,157285,18,,,1,32,,157281,18,,,1,69,,157287,18,,,1,30,,157282,18,,,1,64,,157286,18,,,1,34,,157283,18,,,1,60,,157284,18,,,1
4701,'12',1515,,157291,18,,,1,31,,72644,18,,,1,68,,157288,18,,,1,31,,157289,18,,,1,65,,157290,18,,,1,36,,157292,18,,,1,58,,157293,18,,,1
4701,'14',1515,,157297,18,,,1,31,,157296,18,,,1,68,,157294,18,,,1,31,,157295,18,,,1,65,,78875,18,,,1,36,,10379,18,,,1,58,,157298,18,,,1
4701,'15',1515,,157302,18,,,1,31,,157301,18,,,1,68,,157299,18,,,1,31,,157300,18,,,1,65,,79225,18,,,1,36,,10719,18,,,1,58,,157303,18,,,1
4701,'16',1515,,157308,18,,,1,31,,157307,18,,,1,68,,157304,18,,,1,31,,157305,18,,,1,65,,157306,18,,,1,36,,157309,18,,,1,58,,157310,18,,,1
4701,'17',1513,,157311,18,,,1,34,,157315,18,,,1,69,,157313,18,,,1,29,,157312,18,,,1,65,,120103,18,,,1,34,,157314,18,,,1,60,,114278,18,,,1
4701,'2',1513,,157316,18,,,1,34,,157320,18,,,1,69,,157318,18,,,1,29,,157317,18,,,1,65,,120099,18,,,1,34,,157319,18,,,1,60,,114154,18,,,1
4701,'3',1515,,157324,18,,,1,31,,157323,18,,,1,68,,157321,18,,,1,31,,157322,18,,,1,65,,79094,18,,,1,36,,10598,18,,,1,58,,157325,18,,,1
4701,'5',1513,,157326,18,,,1,34,,157331,18,,,1,69,,157329,18,,,1,29,,157328,18,,,1,65,,157332,18,,,1,34,,157330,18,,,1,60,,157327,18,,,1
4701,'6',1513,,157333,18,,,1,34,,157337,18,,,1,69,,157335,18,,,1,29,,157334,18,,,1,65,,120107,18,,,1,34,,157336,18,,,1,60,,114477,18,,,1
4701,'8',1513,,157338,18,,,1,34,,157342,18,,,1,69,,157340,18,,,1,29,,157339,18,,,1,65,,120105,18,,,1,34,,157341,18,,,1,60,,114440,18,,,1
